1.00000000
1.00000000
1.00000000
1.00000000
1.00000000
1.00000000
1.00000000
1.00000000
1.00000000
1.00000000
1.00000000
1.00000000
1.00000000
1.00000000
1.00000000
1.00000000
1.00000000
1.00000000
1.00000000
1.00000000
1.00000000
1.00000000
1.00000000
1.00000000
1.00000000
1.00000000
1.00000000
1.00000000
1.00000000
1.00000000
1.00000000
1.00000000
1.00000000
1.00000000
1.00000000
1.00000000
1.00000000
1.00000000
1.00000000
1.00000000
1.00000000
1.00000000
1.00000000
1.00000000
1.00000000
1.00000000
1.00000000
1.00000000
1.00000000
1.00000000
1.00000000
1.00000000
1.00000000
1.00000000
1.00000000
1.00000000
1.00000000
1.00000000
1.00000000
1.00000000
1.00000000
1.00000000
1.00000000
0.97602648
0.97748488
0.98203838
0.97716457
0.98040491
0.98205882
0.98166937
0.98285472
0.98597413
0.98295045
0.98321128
0.98308891
0.98235863
0.98231483
0.98410726
0.98638529
0.98659539
0.98800153
0.98559803
0.98734868
0.98827851
0.98922181
0.98793620
0.98653644
0.98602015
0.98545003
0.98771983
0.98746336
0.98828763
0.98892921
0.99189055
0.99353021
0.99021423
0.99044353
0.99091411
0.99033898
0.98695290
0.98563021
0.98686719
0.98708212
0.98841244
0.98919666
0.98793656
0.98824209
0.98346150
0.98590195
0.98194718
0.98402542
0.98567158
0.97970277
0.98238695
0.98346990
0.98508018
0.98469537
0.98480022
0.98199385
0.98166245
0.98433334
0.98980135
0.99139082
0.98986268
0.98767638
0.98773044
0.98624241
0.98987550
0.98802549
0.98747545
0.98652577
0.98966670
0.99125415
0.99095869
0.98917192
0.99116170
0.98802406
0.98435783
0.98580927
0.98519808
0.98480672
0.98493344
0.98696983
0.98860788
0.98666185
0.98827434
0.98466611
0.98305303
0.98425424
0.98399645
0.98592466
0.98866558
0.98609298
0.98888481
0.99163777
0.99348080
0.99373794
0.99501616
0.99518943
0.99557894
0.99560130
0.99552381
0.99468440
0.99358374
0.99298131
0.99494851
0.99584419
0.99568594
0.99481875
0.99163765
0.99321282
0.99390233
0.99388885
0.99323457
0.99176824
0.98835105
0.98676318
0.98733610
0.98674810
0.98291367
0.98458993
0.98296756
0.98497403
0.98402435
0.98344696
0.98472935
0.97613019
0.97408855
0.97176772
0.97050834
0.97075975
0.96849221
0.97281265
0.97670037
0.97049898
0.97650665
0.98088431
0.97993773
0.98084235
0.98462671
0.98284066
0.98584706
0.98582017
0.98561460
0.98121232
0.98721492
0.98936659
0.99049908
0.99040222
0.99207544
0.98750103
0.99109167
0.98986781
0.98314923
0.98168552
0.98226464
0.98645532
0.98607582
0.98499900
0.98455125
0.98209816
0.98577511
0.98580545
0.98863959
0.98628980
0.98988348
0.98710036
0.98772311
0.98412275
0.98735309
0.98731333
0.98340595
0.98083019
0.98484737
0.98663473
0.98627567
0.98698980
0.98570120
0.98190457
0.98239017
0.98129153
0.98165703
0.98335844
0.98251420
0.98014051
0.97923207
0.97939670
0.98200697
0.98486567
0.98607570
0.98381144
0.98155290
0.98857820
0.98385924
0.98639840
0.98718888
0.98629725
0.98003674
0.97988552
0.97384328
0.97125232
0.97077227
0.97480440
0.97631854
0.98584962
0.97889155
0.97846150
0.98507392
0.98687601
0.98030889
0.98245496
0.96688545
0.97123271
0.97669119
0.97778440
0.97110635
0.96203184
0.94770896
0.93300265
0.94884652
0.97245401
0.98789525
0.98049909
0.99244940
0.99257773
0.99231333
0.98610944
0.98039907
0.97844553
0.98831719
0.98485273
0.97648865
0.97859669
0.96172124
0.96292239
0.95366687
0.93366122
0.93842632
0.92123818
0.91953832
0.92190248
0.93089235
0.94312286
0.94726259
0.96210653
0.96660334
0.94974053
0.96124047
0.97638595
0.97482276
0.97985601
0.97217631
0.96779376
0.97471583
0.97560185
0.95580739
0.94375420
0.93407583
0.94151598
0.93105912
0.90462095
0.91010529
0.91617537
0.87294269
0.84286922
0.89801437
0.91786480
0.94113046
0.94227415
0.90250617
0.89711815
0.91456032
0.92799348
0.88204592
0.91973597
0.92930752
0.95025772
0.93071407
0.87296867
0.92577147
0.94039190
0.89522707
0.85215425
0.87003034
0.87579590
0.88767326
0.89931035
0.90293175
0.87863624
0.86641502
0.88153791
0.83863539
0.89813858
0.89916664
0.90996253
0.91521686
0.89352316
0.88897783
0.80406296
0.85781085
0.84917915
0.78504574
0.80681956
0.73221391
0.75393051
0.60682857
0.67465472
0.68605357
0.69489497
0.68205673
0.67844689
0.66294217
0.68496031
0.73139936
0.71886784
0.77328587
0.76779449
0.76496893
0.75242138
0.70771176
0.73080504
0.76260680
0.70630568
0.78040284
0.77842224
0.76907587
0.65450108
0.72671211
0.71180898
0.70086837
0.71390516
0.66336125
0.71378934
0.71782649
0.74017376
0.69767618
0.73193413
0.67856932
0.71133602
0.74522942
0.74561346
0.63627338
0.69590002
0.67399776
0.71359420
0.54598212
0.64121139
0.55622607
0.61828262
0.70581406
0.64004773
0.65273827
0.66480207
0.64758050
0.65449041
0.63437688
0.65907305
0.63512033
0.67038089
0.67051768
0.70894253
0.71235180
0.69357246
0.72351050
0.76979220
0.77975291
0.77365327
0.76368940
0.76470923
0.74920171
0.70489550
0.72919434
0.68573898
0.76763064
0.71803552
0.73556250
0.71999705
0.69016743
0.68199337
0.74679530
0.66758031
0.78605837
0.74591458
0.73059839
0.69698113
0.72142333
0.72514379
0.71931028
0.79623789
0.65790498
0.69592535
0.68545312
0.80566508
0.67197317
0.68280739
0.67760634
0.65951067
0.74134344
0.73291385
0.65510184
0.66111779
0.64222658
0.75898790
0.68887770
0.60552830
0.71958959
0.69582921
0.67813396
0.77093631
0.58534789
0.67982817
0.71313363
0.60576284
0.72137290
0.67611796
0.66866720
0.71651709
0.69422406
0.71786124
0.59551704
0.65836018
0.61500502
0.65451914
0.59735221
0.60510218
0.59225690
0.61044759
0.65038162
0.64916807
0.61384636
0.62082595
0.68229288
0.60164660
0.61356807
0.47618201
0.53693086
0.52554905
0.65471804
0.54207313
0.46611577
0.63903737
0.55563956
0.54294628
0.55776513
0.51087421
0.44103381
0.54243153
0.36622629
0.48484546
0.40997294
0.48368153
0.45279887
0.50920063
0.48136836
0.47615087
0.51186305
0.42066148
0.53973079
0.59347898
0.58104616
0.59373176
0.62896264
0.67779714
0.59483606
0.65978956
0.66809988
0.71027780
0.62578970
0.67333710
0.61902672
0.60181326
0.65978515
0.61128825
0.65675795
0.64602691
0.57656133
0.55270374
0.58605021
0.57439363
0.57019204
0.60074162
0.54995763
0.56768787
0.56511831
0.56130064
0.61236036
0.59659839
0.61152977
0.58330387
0.62575567
0.59445089
0.56717318
0.62918538
0.59559858
0.61248422
0.62649173
0.61220741
0.58400035
0.63521630
0.60748261
0.65365225
0.60644871
0.64455545
0.61484909
0.61661810
0.68048638
0.61775225
0.64790905
0.62645215
0.62792599
0.61721635
0.62104273
0.63156062
0.58032215
0.59897208
0.59574163
0.57742780
0.60299045
0.58892787
0.59670371
0.56223994
0.55057204
0.56737089
0.59171122
0.57359970
0.55114961
0.55443782
0.56914866
0.54463476
0.58729726
0.59737760
0.56574088
0.57329947
0.55188411
0.55051279
0.55877739
0.57341933
0.54183829
0.55203271
0.56040037
0.56683052
0.57400769
0.61132789
0.63522774
0.63573921
0.67590708
0.66063815
0.66635007
0.65473664
0.69054854
0.65134960
0.58541930
0.63942158
0.61610657
0.63272548
0.60896194
0.58248281
0.68802780
0.65419173
0.63042557
0.62290406
0.61017257
0.58155131
0.60230750
0.62164444
0.63534737
0.65555602
0.68706971
0.65143138
0.64682615
0.64380825
0.67288429
0.64541233
0.63432938
0.63834494
0.64224917
0.62398034
0.63562262
0.63862979
0.63462692
0.59637034
0.60922801
0.58634412
0.61899579
0.58157384
0.62227392
0.59605032
0.59160995
0.57777655
0.59777683
0.59652764
0.60692573
0.59333384
0.62720376
0.61861438
0.61803800
0.60154313
0.62292653
0.59115976
0.59598643
0.59610975
0.58596587
0.61427903
0.65212721
0.62156099
0.63217634
0.62631714
0.63538951
0.63811284
0.68267196
0.63401985
0.60866112
0.63769245
0.61768401
0.66207385
0.64441371
0.66898352
0.69100243
0.68217158
0.68383068
0.66328132
0.61446846
0.63085377
0.68189216
0.62714237
0.65546119
0.68302840
0.65136248
0.62729895
0.60394192
0.68487108
0.68365967
0.68101543
0.70325410
0.63980752
0.70081860
0.67294216
0.66356826
0.69426441
0.70423764
0.71332735
0.72601640
0.72535950
0.71532232
0.73288697
0.73657978
0.75056928
0.75237685
0.75281471
0.76475608
0.73530459
0.70558476
0.70727593
0.72215456
0.75591040
0.75885463
0.76503700
0.77229708
0.82109910
0.87258542
0.89990407
0.90353328
0.88162756
0.82311219
0.84297097
0.82553160
0.83452392
0.80371153
0.81791806
0.85298026
0.86197782
0.86117762
0.87459046
0.88333076
0.85686219
0.88307142
0.89703476
0.89155459
0.87508392
0.90011722
0.90086663
0.90067309
0.91019261
0.91199636
0.91246778
0.91006148
0.91133308
0.90250832
0.86429739
0.86105967
0.89514130
0.83496201
0.86416119
0.82773924
0.83682889
0.88733238
0.87934554
0.88963538
0.90556753
0.88781559
0.90612704
0.89546853
0.90211260
0.91728473
0.94427609
0.95645887
0.95964521
0.96511936
0.96543014
0.96454865
0.96695483
0.96728671
0.97458696
0.97939414
0.97880417
0.97558808
0.97700250
0.95407283
0.97205174
0.97415203
0.97982204
0.97946107
0.98310697
0.97892874
0.97672063
0.98179042
0.98071772
0.97455388
0.97987866
0.97289443
0.97378314
0.97775501
0.98231226
0.97976971
0.98045981
0.98019892
0.97900337
0.98074049
0.97414082
0.98468471
0.98483169
0.98429048
0.98645264
0.98337954
0.98459923
0.98325056
0.98505765
0.98285931
0.98200476
0.98520422
0.98292971
0.97818679
0.98381191
0.97668171
0.97814286
0.97625160
0.97034597
0.97568184
0.97619563
0.97851801
0.97570860
0.98279989
0.97946769
0.97495860
0.97956550
0.97994781
0.97364593
0.97402340
0.98011065
0.97202832
0.97171187
0.96638405
0.96136296
0.96459430
0.97374910
0.96696490
0.97281557
0.96563840
0.97355098
0.97476065
0.97422892
0.96827883
0.96795189
0.97143507
0.96793562
0.96921420
0.96372730
0.96296370
0.96682304
0.96674657
0.97244692
0.97745663
0.97800076
0.97807682
0.97833610
0.97883850
0.97974235
0.98251468
0.97872281
0.97856736
0.97302622
0.97905272
0.98240697
0.98411131
0.98042434
0.98026294
0.98201376
0.97999072
0.97553998
0.97571385
0.98233783
0.98428380
0.98656476
0.98307359
0.98023808
0.97690862
0.98039573
0.98190224
0.98277962
0.98332870
0.98623419
0.98919415
0.98417073
0.98461735
0.98591077
0.98802769
0.98689389
0.98725057
0.98407388
0.98256898
0.97586626
0.96930277
0.97934067
0.98576802
0.98537946
0.98727989
0.98679185
0.98825550
0.99064940
0.98902786
0.99093598
0.98774093
0.98358744
0.98847896
0.99051780
0.98828608
0.98621517
0.98711920
0.98487258
0.98560441
0.98983639
0.98800397
0.98812240
0.98560482
0.98743433
0.98862714
0.98904002
0.98681343
0.98973233
0.98626560
0.98716205
0.98471236
0.98678291
0.98899174
0.98655373
0.98588413
0.98594737
0.98970819
0.98711944
0.98953271
0.98831010
0.98710793
0.98737597
0.98755938
0.98742849
0.98814827
0.98748696
0.98443037
0.98437816
0.98527563
0.98430425
0.98677248
0.98483539
0.98227251
0.98619348
0.98461437
0.98217195
0.98578262
0.98334610
0.98359412
0.98469782
0.98522133
0.98711294
0.98847520
0.98805028
0.98984295
0.99029857
0.98889136
0.98995435
0.99132186
0.99179262
0.99244976
0.99370039
0.99440140
0.99521798
0.99663252
0.99677736
0.99728739
0.99721956
0.99764484
0.99794585
0.99782169
0.99746847
0.99758720
0.99750334
0.99785030
0.99794799
0.99794108
0.99771142
0.99777764
0.99762708
0.99755114
0.99714088
0.99717653
0.99611074
0.99554718
0.99518603
0.99523878
0.99556750
0.99529147
0.99354517
0.99309385
0.99172157
0.99046588
0.99179596
0.99267334
0.99208659
0.99202007
0.99158490
0.98852694
0.99088961
0.99177235
0.99071360
0.99143982
0.99220145
0.99212486
0.99265265
0.99220228
0.99289685
0.99269718
0.98986024
0.99078244
0.98950839
0.98928177
0.99000907
0.99074346
0.98932296
0.98744887
0.98823756
0.98896325
0.98931551
0.98965037
0.98940736
0.98875368
0.98856050
0.98969507
0.99311274
0.99089527
0.98686904
0.98809427
0.98971003
0.98855418
0.98801219
0.99018341
0.99275655
0.99355948
0.99110973
0.99231213
0.99379939
0.99158078
0.99304235
0.99256355
0.98855138
0.98808050
0.98652422
0.98346460
0.98409468
0.98082709
0.97801161
0.97584230
0.97078246
0.97465932
0.97640151
0.98160809
0.98358798
0.98014301
0.98255157
0.98170322
0.98156929
0.98730159
0.98723143
0.98873705
0.98794347
0.98368686
0.98506790
0.98533624
0.98638469
0.98791456
0.98241884
0.97713864
0.96796030
0.97956961
0.97823822
0.97639537
0.98146480
0.98576319
0.98636460
0.98570722
0.98940521
0.98987669
0.98847032
0.99074477
0.98855013
0.98798394
0.98529607
0.98138970
0.98116928
0.97751653
0.97908813
0.97746688
0.96917790
0.97770751
0.96549761
0.95591605
0.96717167
0.96983552
0.95223713
0.95394337
0.96466666
0.97634959
0.98024327
0.97818333
0.97708285
0.97661328
0.98221201
0.98221391
0.98246694
0.98161602
0.98371339
0.98607361
0.98136836
0.98115700
0.97824782
0.97564280
0.97711325
0.97518176
0.97698259
0.97285134
0.97957784
0.97981024
0.97814697
0.97904247
0.97942883
0.97711474
0.97441113
0.96843362
0.96482211
0.96119046
0.94796956
0.94989038
0.93690407
0.92993420
0.93418318
0.89233071
0.92551100
0.92923677
0.91044599
0.90486234
0.88267678
0.88154835
0.89476901
0.89140207
0.92291135
0.88768208
0.90893644
0.89001799
0.90526342
0.89815223
0.90807462
0.90895444
0.91762996
0.91379052
0.89959365
0.89079994
0.87677979
0.87637711
0.85320586
0.83829027
0.84714162
0.85569435
0.83595371
0.81983048
0.87005711
0.83806580
0.84967840
0.84226775
0.83750248
0.82478082
0.82104743
0.83377296
0.79772878
0.79504120
0.80157626
0.79601616
0.75871950
0.73543429
0.76186186
0.74103618
0.77610296
0.72488534
0.74500763
0.75271499
0.78332305
0.71422726
0.76633793
0.72193277
0.68594074
0.69519329
0.62310153
0.69586098
0.63904870
0.69443971
0.69068527
0.65040869
0.61018431
0.67636561
0.69439733
0.60635978
0.72840542
0.74874401
0.75511998
0.68527687
0.73452222
0.65715909
0.67018938
0.60531926
0.58170891
0.47938180
0.50722557
0.48609406
0.50527626
0.41805795
0.39181849
0.41499168
0.43601394
0.39396253
0.42352471
0.43458238
0.40789357
0.41274399
0.39385769
0.43078166
0.41775954
0.40853089
0.42925283
0.36555016
0.37865621
0.33949983
0.38823301
0.38945940
0.37222683
0.37565804
0.36455488
0.42723253
0.36375961
0.36351749
0.38455552
0.36805823
0.36840925
0.35086542
0.37658122
0.39733964
0.37817225
0.34373766
0.39249352
0.37175682
0.36680305
0.36714625
0.35300794
0.34092069
0.34665063
0.30158216
0.30751330
0.31954783
0.32429263
0.30330846
0.29896528
0.33006665
0.31534138
0.28626549
0.35083714
0.33063212
0.28543770
0.31743848
0.32292670
0.28551698
0.29245138
0.24624071
0.29165420
0.27807838
0.24510641
0.21569461
0.24680658
0.27413249
0.25579706
0.30225420
0.35157606
0.32994223
0.35328785
0.37655342
0.32861900
0.29141441
0.25369763
0.26997638
0.31952658
0.37242395
0.36641762
0.44855186
0.35508516
0.38268903
0.39592421
0.36064386
0.37131542
0.23012006
0.28802142
0.23054853
0.27760655
0.23747014
0.23467426
0.22731283
0.21967366
0.25646055
0.24538095
0.31398642
0.28485599
0.25135976
0.24489212
0.27932784
0.27797651
0.31909153
0.27562684
0.27196363
0.25452980
0.29565197
0.26695004
0.30354118
0.31451795
0.26874921
0.29723749
0.34178928
0.32998759
0.31783828
0.32586801
0.30838844
0.33549687
0.33120871
0.32810462
0.28580609
0.29441574
0.30543116
0.30456191
0.26587364
0.29149804
0.27732390
0.26670119
0.23954858
0.26474538
0.24492377
0.28530207
0.29641908
0.28030631
0.28279743
0.24985132
0.30631509
0.34358123
0.29454786
0.39230141
0.36525363
0.30109504
0.28187513
0.26589543
0.26221842
0.24469478
0.23759191
0.26364315
0.24704318
0.24418621
0.15392850
0.19596310
0.18540369
0.18097812
0.24013975
0.22027276
0.20715949
0.27065980
0.27419809
0.30546084
0.29789460
0.34444636
0.29757029
0.32918504
0.37054142
0.31175929
0.33535537
0.38216779
0.32482362
0.36219972
0.37141189
0.35979107
0.35846320
0.32592252
0.36976987
0.29539722
0.29448235
0.36870015
0.38055110
0.43534955
0.40051168
0.43217561
0.43912315
0.42037368
0.46826720
0.47216925
0.43711036
0.46041143
0.42294848
0.41729826
0.45100310
0.43018079
0.45338637
0.44437945
0.49381417
0.50382775
0.50910336
0.46649173
0.49476910
0.47942662
0.46594951
0.45619577
0.47338775
0.45633191
0.44621205
0.44566357
0.45737386
0.46691376
0.40799150
0.42550457
0.40343595
0.40104175
0.41117072
0.38059291
0.37379137
0.39314267
0.35781431
0.36637756
0.34605148
0.32604513
0.35105199
0.40196374
0.38369939
0.36178815
0.37665382
0.35710010
0.37153557
0.35150534
0.33184642
0.37314293
0.31873161
0.37142223
0.32756516
0.33376127
0.35139981
0.32066688
0.30255115
0.31164926
0.32618898
0.32582709
0.32264051
0.34250149
0.32403928
0.33786258
0.34202713
0.34464699
0.36946934
0.30847764
0.38581240
0.39848888
0.39082935
0.42830864
0.36437872
0.41837001
0.43871003
0.42658603
0.41884342
0.38573605
0.34059179
0.38004300
0.34134227
0.38498977
0.42683026
0.37865159
0.42326716
0.39540750
0.36710578
0.44155791
0.41628000
0.38726476
0.40215337
0.38001493
0.36076862
0.32416266
0.34618944
0.31871951
0.31194046
0.33903113
0.31149250
0.34991267
0.32172966
0.32358423
0.26712495
0.35458928
0.31344762
0.27100575
0.28739861
0.40295210
0.38308430
0.36405811
0.42724663
0.36885452
0.37073776
0.46436325
0.40652990
0.37941751
0.37291673
0.33695534
0.31202880
0.38036051
0.36428010
0.41949555
0.32913995
0.37483266
0.32813796
0.36815134
0.41296566
0.34336084
0.40236428
0.44096491
0.44459292
0.51584160
0.46453699
0.47419938
0.50596267
0.51951998
0.57121247
0.56986517
0.56857675
0.54771954
0.53141898
0.45208842
0.42821723
0.51319826
0.30795723
0.45945221
0.46851075
0.47473720
0.51978195
0.48466527
0.50961852
0.55205727
0.51683098
0.47013497
0.56945091
0.45093080
0.51042408
0.49922919
0.52892327
0.54841524
0.50577950
0.49346569
0.50803030
0.47403431
0.50358993
0.48559338
0.49607262
0.53887397
0.49739048
0.53893000
0.47960117
0.55823559
0.56116062
0.62573779
0.58057290
0.56607538
0.57987946
0.60219967
0.56783783
0.58477968
0.53825963
0.62097508
0.60172981
0.60390294
0.61659706
0.61359447
0.70592481
0.64515346
0.62677991
0.64027238
0.59106344
0.63090295
0.61094141
0.65841556
0.70092189
0.68757468
0.64767933
0.72208095
0.71500570
0.71377039
0.78069121
0.72074604
0.69631380
0.67981207
0.67932093
0.64557701
0.71632910
0.72378725
0.67976218
0.66321266
0.53926915
0.74539506
0.69101226
0.69066036
0.72266728
0.70085949
0.73234975
0.73015934
0.83580732
0.79626554
0.79272270
0.71053606
0.74842197
0.69149911
0.76408654
0.87791568
0.89434022
0.93944794
0.95680481
0.95988744
0.97068900
0.94115281
0.90755773
0.91449231
0.92310959
0.92985469
0.92164356
0.93037605
0.94434762
0.97765839
0.94706488
0.89489585
0.94859642
0.97213858
0.99133259
0.95939630
0.93825912
0.93962157
0.93631738
0.93369323
0.89363307
0.88765448
0.89748490
0.89792037
0.89890593
0.91910571
0.91477746
0.91178519
0.92806596
0.97340310
0.98436040
0.97997171
0.97336280
0.97534615
0.95971823
0.95898205
0.94532722
0.94620574
0.93378729
0.93577564
0.96579707
0.97730929
0.95187229
0.95523661
0.93725944
0.94797671
0.96358782
0.95599985
0.96631962
0.97390342
0.95867634
0.97608030
0.97466034
0.98231298
0.97852188
0.98625863
0.98835874
0.98225260
0.98981583
0.98489386
0.98935193
0.98089898
0.98148650
0.98817122
0.98643029
0.99103910
0.99252629
0.99270660
0.99140024
0.99181223
0.99321163
0.99219948
0.99053395
0.98607534
0.98908126
0.98881000
0.99247509
0.99054962
0.99046689
0.98807329
0.98805457
0.98769426
0.98864925
0.98031175
0.98754764
0.98846799
0.98985171
0.98695111
0.98454165
0.98610318
0.98014820
0.98109907
0.98441905
0.98400497
0.98192376
0.98080367
0.97787172
0.98003137
0.97793669
0.98057002
0.97888809
0.97961444
0.97975391
0.97996747
0.97887176
0.98050839
0.97592235
0.98067343
0.98516774
0.98523325
0.98406476
0.98515368
0.98469663
0.98778814
0.98694128
0.98758012
0.98855364
0.99154538
0.99037421
0.99009514
0.99156111
0.98997015
0.99178505
0.99093693
0.99215877
0.98983055
0.99102646
0.98771012
0.98551196
0.98699945
0.98656982
0.99169207
0.98593372
0.98534679
0.98875487
0.98361766
0.98870581
0.98795646
0.99076337
0.99208999
0.99337006
0.99325013
0.99335313
0.99248827
0.98987794
0.99161822
0.99337173
0.99441874
0.99552381
0.99539798
0.99531293
0.99490619
0.99604779
0.99531341
0.99671280
0.99638641
0.99549097
0.99506181
0.99615932
0.99680823
0.99608314
0.99456799
0.99337488
0.99272799
0.99273175
0.99505913
0.99568021
0.99510008
0.99492872
0.99508399
0.99470609
0.99419749
0.99474609
0.99453139
0.99557835
0.99484444
0.99262023
0.99218518
0.99302626
0.99392736
0.99360883
0.99211723
0.99240524
0.99382269
0.99037802
0.98768860
0.98929638
0.98987937
0.98852879
0.98831099
0.98745847
0.98779327
0.98678720
0.98660409
0.98518920
0.98360902
0.98327440
0.98188251
0.98091072
0.97896475
0.98171347
0.98207045
0.98355699
0.98468590
0.98478937
0.98824477
0.98810810
0.98582327
0.98513007
0.98612911
0.98323280
0.98639756
0.98503345
0.98319674
0.97746700
0.97964501
0.98071939
0.98124391
0.97910315
0.97943681
0.98310119
0.97807616
0.97904873
0.97899437
0.97428119
0.97067016
0.98383611
0.98553997
0.97541922
0.97218150
0.97978252
0.97359449
0.97405779
0.96844149
0.97396404
0.98456836
0.97948498
0.97513777
0.98032105
0.98665863
0.98914427
0.98140258
0.98122370
0.97985041
0.98118746
0.97560436
0.97480667
0.97305954
0.97529083
0.97307342
0.97188187
0.97596800
0.97808057
0.98001927
0.97859508
0.97592247
0.98415852
0.98458952
0.98690248
0.98826772
0.98780626
0.98409814
0.98016179
0.97627902
0.98799813
0.98868471
0.98855877
0.98620993
0.98792320
0.99021649
0.99240714
0.99229604
0.99382579
0.99365062
0.99138921
0.99162626
0.99497592
0.99348688
0.99300909
0.99096304
0.99025565
0.99291044
0.99337864
0.99367887
0.99252558
0.99132526
0.99134880
0.99276698
0.99289858
0.99443853
0.99537909
0.99395448
0.99176836
0.98833662
0.99414527
0.99589938
0.99407983
0.99393409
0.99409568
0.99208027
0.99270988
0.99113208
0.99173510
0.99188775
0.99092638
0.99170119
0.99238139
0.99206138
0.99268061
0.99184120
0.99293476
0.99238318
0.99343514
0.99285418
0.99513608
0.99508625
0.99451619
0.99335057
0.99408358
0.99291998
0.99267310
0.99071664
0.98771650
0.99173534
0.98884112
0.98884100
0.98931026
0.98770696
0.98995507
0.98509371
0.98623580
0.99084151
0.99165171
0.99143815
0.98966062
0.99120492
0.99209666
0.99340951
0.99477971
0.99408454
0.99428552
0.99508518
0.99390101
0.99572277
0.99527389
0.99491775
0.99502218
0.99545348
0.99387205
0.99345630
0.98747241
0.98727685
0.98684430
0.98369652
0.98257220
0.98473871
0.98486578
0.98318911
0.98194665
0.97355336
0.95998013
0.95145243
0.93051094
0.86521113
0.94027722
0.87089032
0.87756568
0.79904097
0.82326490
0.83808231
0.82856661
0.81874180
0.88801032
0.90841705
0.81082577
0.73834139
0.74912333
0.74969631
0.71980643
0.69354314
0.82950705
0.70206076
0.63259393
0.58326209
0.51574725
0.57050347
0.60595375
0.51490915
0.53843278
0.65716141
0.59375989
0.58581913
0.75054175
0.60758138
0.52795726
0.58624804
0.52707738
0.45631373
0.55552995
0.41131315
0.37482584
0.48804176
0.47232887
0.58503181
0.56189084
0.47646374
0.57219148
0.41543007
0.28424853
0.49564129
0.29816779
0.15610342
0.36030608
0.38373598
0.33627325
0.36495024
0.26815468
0.33038881
0.39863956
0.40413314
0.35766917
0.42672235
0.36400256
0.36757293
0.27678305
0.27862841
0.30775031
0.36277509
0.27889884
0.35308823
0.27698573
0.31101713
0.39995363
0.31433788
0.29131630
0.33571583
0.37990129
0.18359481
0.28342348
0.31038120
0.22811842
0.25012907
0.14507399
0.15846547
0.19803603
0.12737048
0.10813199
0.26903209
0.15189235
0.17005771
0.15563807
0.36214775
0.35435554
0.43424678
0.27403846
0.38632149
0.20297678
0.28254840
0.35639945
0.23603292
0.22113821
0.19026025
0.17021886
0.17469475
0.20205276
0.19366670
0.17832783
0.17347468
0.21359889
0.20718764
0.13372119
0.19718294
0.17640489
0.20316394
0.16927379
0.22303365
0.15737341
0.25012723
0.23204306
0.25944215
0.23764059
0.24447164
0.23733614
0.29659325
0.24828486
0.24206419
0.25942013
0.22678426
0.23827276
0.24081922
0.23299158
0.21629295
0.22408333
0.19424269
0.17638785
0.17746086
0.19836107
0.18636683
0.14250985
0.16559018
0.19759782
0.21163124
0.23807400
0.16411401
0.18752292
0.21303169
0.23649542
0.26108539
0.18485770
0.23296630
0.17048974
0.17957163
0.11636537
0.21280168
0.23656917
0.27294540
0.20670934
0.27217063
0.18826027
0.16436151
0.18814117
0.13771051
0.21234922
0.22833426
0.18465367
0.24593747
0.23409447
0.23095101
0.19244704
0.16711831
0.25455213
0.24163952
0.16174285
0.18681456
0.24717124
0.25234795
0.28352734
0.27358490
0.22256140
0.23725183
0.27932680
0.25221616
0.30982795
0.21075869
0.28556550
0.27874079
0.25242567
0.32986763
0.28634399
0.23938556
0.21456793
0.26008427
0.20198463
0.26698467
0.24792463
0.23800792
0.26423645
0.26784924
0.26018953
0.23419343
0.28761429
0.29171601
0.22272645
0.29637346
0.35389626
0.29073492
0.24802904
0.32610497
0.23237579
0.27176651
0.27983701
0.29492784
0.21069789
0.28866026
0.23095466
0.21899676
0.25638092
0.20426795
0.30239046
0.17238879
0.21912135
0.25621861
0.25227776
0.17555939
0.22920708
0.23356363
0.24881108
0.25682810
0.28306037
0.23584430
0.25379092
0.27471414
0.23402126
0.26947415
0.23156759
0.32501754
0.25954208
0.25690180
0.21776843
0.24842893
0.23751384
0.26456147
0.22728172
0.24864769
0.26276693
0.25069541
0.21851525
0.27308881
0.30495548
0.29873028
0.22993375
0.27293637
0.18772569
0.29106364
0.29601875
0.28943050
0.33407611
0.30854261
0.35456282
0.30536523
0.35117954
0.35777795
0.37364390
0.33753067
0.28747839
0.33232260
0.29918990
0.26367077
0.35723859
0.32417923
0.28837454
0.34954822
0.24774274
0.33946699
0.28416893
0.33720836
0.37301612
0.30118912
0.31619668
0.30459020
0.30557021
0.32311326
0.31936622
0.30901319
0.31968573
0.30851665
0.30041206
0.36110705
0.34970346
0.33348206
0.29727927
0.33406961
0.33788198
0.31884199
0.27585354
0.28132784
0.30234134
0.32894254
0.26639736
0.30127531
0.26570156
0.29242608
0.28469121
0.28008628
0.25324416
0.28573269
0.33578828
0.25906408
0.31520566
0.32054803
0.31552464
0.29292119
0.25907704
0.26840678
0.25299075
0.25138226
0.18198295
0.15057978
0.21255411
0.28369215
0.20867343
0.16089468
0.20300546
0.23304653
0.21015199
0.23551947
0.21071216
0.31579724
0.25815552
0.20436840
0.26398858
0.24594225
0.20928669
0.32905892
0.15566114
0.18717402
0.15394130
0.20235063
0.15044647
0.15988632
0.17460091
0.24613363
0.23397186
0.18417306
0.12091697
0.15455526
0.17098299
0.19348294
0.20658891
0.19635490
0.23271346
0.23272657
0.18473060
0.21971753
0.17930295
0.17003193
0.21533881
0.17434551
0.17260569
0.20950988
0.27745578
0.27325702
0.24722129
0.27153724
0.30232671
0.34577608
0.25962451
0.28734782
0.16380435
0.16621625
0.14152849
0.20500869
0.21376763
0.15093361
0.15434630
0.19967696
0.18324992
0.21691898
0.22306940
0.21519086
0.23964182
0.23422821
0.19909744
0.17261544
0.20274599
0.19454233
0.19422260
0.19724174
0.19118395
0.20118883
0.19727202
0.17392991
0.17460974
0.13090385
0.14984885
0.15953289
0.17138878
0.16873041
0.16003574
0.17039160
0.16714559
0.15990439
0.17871489
0.17153640
0.18511559
0.17875834
0.19410731
0.18158214
0.17512605
0.14968021
0.16553040
0.16417107
0.21328621
0.19369644
0.16460761
0.16052695
0.19737102
0.21172160
0.18050547
0.19536075
0.19805685
0.16975468
0.16376638
0.13765298
0.14884080
0.16263783
0.16741815
0.15623847
0.23467626
0.16230865
0.17557576
0.14871693
0.17490767
0.14679074
0.15761301
0.20032784
0.12271400
0.14693862
0.13756318
0.18809383
0.12979981
0.15550786
0.20329210
0.18273236
0.35888955
0.31175867
0.19001372
0.23478770
0.35690501
0.31745076
0.28257996
0.34190601
0.35113293
0.42282775
0.33365634
0.32761332
0.39908090
0.33037704
0.35300875
0.40606922
0.34576768
0.43230116
0.35561278
0.35034046
0.38153151
0.41562766
0.41247836
0.38611943
0.42569804
0.37648660
0.39159161
0.36591810
0.37621590
0.38986614
0.41920993
0.46865898
0.47686768
0.46392047
0.46185178
0.45932537
0.52867955
0.44551924
0.49438134
0.53940773
0.49954277
0.54865795
0.58403289
0.61309987
0.68834126
0.70449632
0.70723253
0.75031012
0.72988272
0.73138267
0.73840898
0.70779717
0.75688767
0.72265410
0.73014754
0.75738031
0.71941197
0.71764117
0.67606217
0.75263721
0.68494034
0.70674455
0.71705967
0.79357880
0.80646574
0.79182726
0.85129333
0.92069280
0.94317567
0.92462492
0.94362444
0.95935929
0.94794339
0.96367401
0.96368235
0.96878183
0.97901994
0.97489685
0.96811277
0.97475600
0.97160709
0.97424769
0.98383152
0.98875123
0.99137080
0.98950958
0.98323870
0.98334646
0.98537946
0.98843688
0.98865336
0.98986512
0.98818469
0.98861837
0.99030554
0.99015290
0.98898917
0.97931254
0.98008233
0.97617233
0.97899824
0.97754067
0.98447186
0.98712420
0.98336983
0.98934036
0.99077797
0.99047428
0.99144453
0.99042869
0.99179208
0.99211287
0.99117118
0.99143559
0.99241066
0.99257565
0.99470830
0.99376196
0.99338913
0.98940396
0.99195391
0.99268007
0.99071676
0.98738086
0.98964030
0.98655176
0.98863715
0.98691326
0.98720855
0.98751873
0.98683190
0.98124182
0.97973377
0.98065418
0.98169345
0.97958642
0.98048800
0.98166913
0.98394150
0.98411649
0.98304939
0.97623438
0.98387134
0.98750174
0.98386455
0.98443180
0.98423487
0.98563957
0.98728406
0.98646867
0.98218429
0.98400027
0.97985351
0.98742187
0.98625004
0.99014670
0.98701560
0.98263103
0.98954821
0.98713118
0.98851049
0.99040902
0.99006945
0.98800802
0.98987234
0.99059486
0.98888165
0.98844737
0.98817652
0.98585898
0.98962736
0.98867559
0.98761320
0.98438174
0.98457402
0.98764950
0.98869085
0.98617852
0.98629910
0.98410124
0.97978264
0.97719908
0.97789121
0.96913087
0.97337252
0.97794741
0.98247069
0.98066080
0.97358668
0.98042744
0.98105156
0.98365432
0.97832537
0.98090047
0.98484379
0.98513246
0.97981870
0.98329437
0.98747814
0.98858881
0.98705220
0.98691547
0.98732483
0.98956990
0.98871452
0.99062234
0.98797709
0.99001640
0.98921436
0.98370647
0.98681056
0.98678660
0.98784769
0.99083054
0.98939508
0.98717028
0.98783815
0.98581439
0.98810238
0.98445904
0.98616034
0.98516983
0.98556858
0.98697853
0.98675621
0.98450100
0.98717773
0.98718178
0.98720598
0.98934269
0.99019593
0.98989570
0.98972160
0.98768985
0.98910052
0.99085182
0.99177355
0.99442071
0.99409086
0.99389040
0.99155188
0.98993051
0.99146640
0.99141157
0.99300271
0.99365211
0.99033165
0.99327999
0.98929930
0.99277240
0.99281126
0.99231625
0.99244517
0.99278671
0.99255484
0.99164587
0.99001747
0.98309082
0.98884958
0.98061484
0.98669392
0.99132943
0.99223220
0.99188435
0.99471927
0.99680567
0.99443495
0.99356198
0.99264562
0.99110073
0.99233693
0.99159497
0.98946255
0.99013501
0.99403161
0.99375725
0.99292189
0.99532217
0.99562860
0.99494320
0.99365616
0.99401832
0.99265629
0.99054176
0.99221134
0.99226028
0.99200332
0.99490094
0.99393785
0.99200082
0.99122566
0.99127382
0.99050879
0.98844415
0.98916656
0.99333549
0.98832369
0.98709518
0.99153453
0.99114722
0.98959190
0.98999524
0.99034566
0.98761904
0.99397403
0.98544770
0.98177767
0.98527354
0.98541915
0.98437172
0.98517865
0.98238719
0.98744547
0.98656857
0.98797184
0.98478657
0.99116653
0.96512878
0.98239589
0.98879540
0.98930281
0.99303597
0.99176204
0.99128729
0.99061745
0.98805827
0.98556614
0.98322314
0.98838836
0.96128541
0.98003185
0.99067676
0.98405486
0.98897153
0.99300706
0.98145133
0.98483145
0.98669797
0.98785233
0.98739076
0.98795205
0.98161089
0.99662185
0.99459827
0.98680115
0.99224710
0.99436224
0.99676007
0.99546719
0.99703491
0.99411798
0.99625444
0.98738283
0.99724686
0.99676538
0.99833930
0.99636060
0.99587929
0.99667752
0.99351805
0.99588072
0.99637562
0.99368072
0.99422234
0.99691367
0.99462622
0.99553216
0.99737823
0.99704903
0.99614573
0.99544108
0.99164504
0.98566645
0.93437952
0.61996734
0.53026408
0.49389052
0.06601208
0.09335510
0.03611349
0.04084006
0.02798832
0.02750187
0.03216458
0.04066093
0.03485352
0.04414057
0.02744732
0.03632585
0.02344207
0.02976233
0.01368972
0.01713850
0.01480243
0.01708508
0.01565711
0.02067611
0.02783412
0.02832908
0.01962435
0.02214001
0.02984685
0.02939422
0.03784614
0.02618771
0.01669743
0.02676041
0.03712153
0.05979258
0.04506787
0.03722251
0.02667329
0.02698934
0.02426729
0.03618317
0.03101861
0.03009884
0.02763854
0.03795682
0.02757443
0.03721993
0.03995191
0.05810662
0.04227688
0.03983177
0.03390786
0.04786898
0.03627541
0.03002357
0.03096435
0.03294965
0.02499986
0.01977344
0.01531895
0.01430691
0.01276454
0.01361891
0.01456380
0.01742592
0.02271416
0.02909566
0.03647367
0.03606619
0.04410543
0.05666864
0.05911871
0.06750844
0.07691450
0.08956524
0.07927924
0.07290345
0.06729423
0.05423808
0.05963290
0.05021114
0.05067600
0.06173522
0.06000008
0.05201457
0.05061896
0.04553931
0.03330776
0.02654165
0.03635252
0.03400724
0.02934336
0.02937554
0.02597342
0.03295683
0.03152134
0.03440327
0.02770462
0.03124566
0.03796279
0.02961293
0.03903128
0.03326951
0.02998366
0.03176886
0.03487695
0.03428788
0.03069526
0.04427802
0.15654808
0.33956251
0.58765572
0.69973141
0.86542857
0.88469124
0.92974055
0.93423522
0.95101416
0.96494859
0.97418797
0.97701365
0.96873277
0.97509956
0.96741909
0.98267853
0.98840219
0.99033266
0.98466796
0.98510784
0.98563564
0.98088098
0.98105776
0.97899801
0.98147893
0.97833771
0.98035401
0.97593963
0.97319829
0.97163683
0.97617847
0.97682047
0.98120272
0.98083085
0.98076999
0.98396784
0.98891979
0.98589385
0.99052244
0.98959500
0.99078637
0.98981351
0.99171001
0.99152291
0.99136263
0.99134243
0.99278659
0.99255097
0.99145073
0.98822266
0.98771870
0.98823094
0.98468864
0.98313600
0.98117274
0.98041040
0.97887117
0.97680366
0.97902739
0.97876120
0.97894531
0.97464901
0.97151047
0.97589272
0.97572255
0.97977197
0.97814298
0.98074704
0.98160189
0.98331720
0.98445177
0.98349369
0.98514950
0.98510635
0.98168474
0.98256141
0.98235381
0.98170370
0.97966355
0.98552781
0.98285216
0.98310316
0.98305142
0.98765218
0.98838556
0.99089581
0.98775882
0.98777825
0.98585480
0.98601586
0.98638016
0.98629701
0.98897856
0.98899239
0.98882347
0.98954225
0.98994070
0.99038941
0.98485780
0.98236954
0.98754895
0.98714441
0.98418355
0.98259294
0.99047196
0.98997515
0.98983181
0.98421222
0.98706079
0.98484278
0.98353428
0.98218912
0.98330683
0.98240167
0.98660022
0.98698992
0.98652273
0.98376763
0.98725021
0.98454261
0.98622221
0.98414570
0.98478228
0.98723304
0.98484367
0.98614991
0.98289615
0.98267120
0.98317301
0.98375249
0.98392177
0.98594624
0.98237497
0.98433357
0.98372400
0.98452514
0.98639202
0.98373401
0.98300695
0.98578089
0.98733938
0.98401386
0.98625261
0.98599583
0.98213667
0.98252076
0.98465216
0.98445082
0.98333597
0.97925329
0.98340386
0.98375988
0.98998570
0.98970187
0.98881429
0.98869693
0.98920643
0.98993027
0.98491168
0.98885405
0.98408186
0.98264402
0.98214024
0.97990018
0.98326045
0.98513585
0.98485029
0.98589629
0.98390514
0.98368961
0.98697400
0.98549575
0.98507708
0.98674446
0.98709339
0.98734736
0.98788285
0.98781675
0.98792750
0.98882663
0.98903209
0.98923802
0.98518723
0.98492473
0.98780328
0.98851633
0.98989481
0.98803598
0.98590577
0.98355597
0.98263437
0.98503286
0.98528016
0.98501748
0.98443210
0.98783571
0.98462403
0.98727745
0.98555797
0.98536485
0.98723722
0.98687416
0.98698694
0.98629063
0.98655385
0.98564363
0.98408991
0.98621327
0.98268372
0.98799372
0.98570770
0.98408520
0.98405713
0.98868400
0.99188191
0.99250984
0.99244058
0.99394774
0.99515045
0.99479514
0.99542612
0.99394810
0.99344182
0.99229324
0.99280918
0.99304104
0.99385804
0.99471480
0.99396211
0.99377102
0.99355924
0.99211192
0.99172968
0.99109709
0.99058515
0.98885918
0.98626328
0.98946476
0.98619866
0.98738134
0.98930442
0.98859042
0.99021262
0.98888421
0.98999631
0.98719329
0.99031878
0.98783034
0.98899543
0.99093002
0.99121851
0.98895520
0.98959738
0.99195170
0.99206853
0.99428505
0.99588865
0.99512249
0.99221003
0.99208367
0.98630327
0.98314601
0.97892797
0.97877777
0.97829139
0.97824186
0.97314060
0.97592825
0.97824371
0.97068125
0.97211760
0.98040980
0.98153830
0.98249674
0.98064029
0.98339611
0.98298299
0.98455948
0.98440391
0.98254263
0.98745602
0.99255604
0.99295712
0.99430156
0.99393725
0.99347162
0.99268770
0.99406141
0.99381638
0.99322295
0.99418008
0.99409521
0.99327010
0.99522156
0.99559516
0.99573356
0.99493450
0.99381363
0.99294209
0.99366236
0.99482864
0.99388391
0.99413460
0.99295008
0.99230266
0.99232739
0.99373204
0.99132264
0.99164724
0.99227214
0.99449944
0.99384248
0.99419194
0.99316251
0.99161923
0.99200422
0.98941833
0.99071640
0.99396533
0.99522048
0.99425405
0.99418986
0.99471718
0.99446106
0.99518919
0.99492955
0.99481070
0.99481672
0.99522024
0.99451810
0.99196929
0.99326360
0.99247885
0.99285722
0.99323648
0.99321306
0.99111289
0.98132336
0.98686510
0.99191976
0.98953271
0.99055535
0.99128073
0.99199873
0.99505579
0.99368721
0.99159884
0.99351716
0.99453521
0.99290884
0.98787761
0.98833358
0.98197615
0.97977531
0.98038816
0.97035992
0.95215148
0.97912461
0.97527450
0.96080846
0.96982098
0.90969884
0.79747850
0.81689835
0.66858250
0.67540550
0.57892299
0.54876405
0.50622946
0.55401236
0.46447727
0.44497627
0.50698739
0.50134277
0.43272027
0.37546661
0.49724483
0.34575230
0.35143149
0.38451689
0.33518812
0.37265578
0.38296959
0.32839918
0.38466221
0.38001591
0.38791329
0.35004586
0.42900869
0.34783015
0.34505028
0.38410217
0.40050516
0.36956725
0.39993170
0.43607816
0.44582289
0.43545714
0.43822536
0.45558712
0.48793569
0.52371490
0.51176250
0.58096838
0.51219589
0.58198851
0.50515127
0.53226382
0.55219012
0.58458161
0.56161946
0.55730647
0.51270252
0.39153430
0.39318612
0.41379040
0.40186557
0.41331393
0.43871334
0.45328146
0.43879935
0.47029749
0.48709387
0.55573392
0.57882506
0.61497670
0.63908100
0.63520604
0.67399734
0.67483413
0.74027753
0.83380312
0.85665280
0.84985751
0.82016909
0.79933441
0.78892678
0.74067277
0.78800976
0.72266471
0.76515287
0.80416530
0.79126263
0.82767880
0.90477943
0.94705075
0.95237601
0.94990164
0.96197468
0.95352679
0.95744383
0.94385719
0.96430570
0.96634078
0.97209889
0.96907187
0.96792454
0.97624367
0.97917879
0.97568476
0.98295355
0.98338324
0.98233575
0.98194504
0.98254895
0.98596108
0.98779511
0.99032778
0.98724306
0.98166442
0.98313189
0.98439145
0.98440266
0.98722249
0.98814327
0.98580128
0.98624718
0.98504341
0.98354036
0.98632973
0.98531741
0.98434931
0.98320955
0.97344977
0.97448754
0.97754693
0.97874796
0.98006505
0.97880781
0.97878087
0.97911924
0.97937953
0.97790867
0.97683573
0.97613722
0.97525275
0.97201610
0.97034764
0.96723670
0.97088414
0.97260237
0.97689098
0.98214531
0.98616678
0.98537123
0.98749101
0.98949081
0.98778814
0.98721957
0.98185235
0.98284250
0.98430562
0.96712321
0.94382077
0.93766981
0.90250683
0.85247988
0.82467800
0.79246831
0.77942169
0.80649066
0.86179632
0.79978848
0.83730525
0.77268612
0.74954337
0.75739282
0.65129822
0.71828878
0.63828111
0.61703455
0.53963864
0.54576087
0.50796694
0.59672350
0.46528539
0.46518487
0.54373139
0.42555594
0.28128582
0.39973620
0.35756510
0.45565191
0.49481392
0.46397898
0.44828594
0.45012853
0.50409001
0.51442438
0.49575382
0.52442223
0.54986805
0.48851046
0.48951116
0.41343176
0.44900760
0.39985761
0.35760993
0.51488888
0.41618401
0.50986677
0.39581123
0.47633618
0.47139654
0.45550752
0.50410491
0.46416968
0.51248348
0.50139076
0.46165261
0.35373762
0.36249080
0.31940493
0.31593263
0.31524476
0.30273750
0.25980243
0.27207425
0.26533636
0.28608385
0.20473303
0.21219416
0.18114316
0.16982640
0.14978102
0.15980668
0.17697170
0.25413939
0.15620020
0.18153493
0.19449158
0.26615900
0.17049067
0.22561501
0.19249029
0.19694266
0.23553067
0.26287597
0.29967073
0.26144522
0.30594069
0.34533268
0.37501693
0.34518823
0.35108709
0.48714557
0.34315196
0.51283783
0.39268619
0.48501232
0.40097758
0.40833202
0.40886599
0.42278627
0.41751841
0.46258280
0.45677078
0.56643522
0.61330730
0.64809042
0.68075246
0.67750162
0.69743562
0.76074332
0.76232618
0.83598310
0.84865975
0.83982617
0.86212081
0.88649577
0.89031571
0.88372308
0.84013563
0.81405276
0.82100141
0.81103706
0.80631691
0.79880673
0.81069398
0.78777188
0.77250820
0.75681221
0.75942838
0.76041931
0.75944352
0.75136197
0.73864806
0.73693413
0.74095803
0.74163687
0.72334617
0.75880045
0.77811897
0.78263360
0.78998929
0.83020830
0.85107070
0.87567371
0.93356407
0.97050351
0.98149532
0.98699772
0.98808563
0.98498929
0.98257762
0.98337770
0.98270410
0.98775369
0.98703873
0.98146009
0.98194802
0.98055524
0.97023845
0.97510737
0.98701733
0.98917514
0.98459399
0.98151177
0.98188388
0.97797042
0.96271718
0.96579218
0.96265310
0.95568877
0.94245023
0.93163288
0.93671542
0.92598110
0.92765838
0.92565429
0.93248689
0.94373041
0.95209140
0.95715493
0.96330053
0.95774370
0.95591986
0.95903879
0.97718644
0.97441643
0.98020041
0.96380258
0.95926350
0.97148842
0.95773375
0.91268307
0.91403818
0.87215662
0.86960572
0.86836249
0.80213070
0.88678306
0.84771889
0.89848924
0.89730412
0.91779673
0.86361754
0.90280861
0.64787680
0.51766217
0.66018802
0.53164250
0.58202595
0.45205474
0.49755770
0.37124738
0.39528981
0.35759902
0.45954922
0.43470666
0.46079281
0.37628919
0.41727641
0.24432063
0.35735843
0.37412405
0.30743030
0.34142593
0.37037334
0.24826787
0.31162539
0.29851922
0.18005733
0.27674267
0.28771132
0.38527745
0.22988851
0.31460997
0.34701365
0.30393165
0.31652465
0.29112896
0.31206366
0.32510051
0.26283839
0.35296503
0.25875539
0.33418772
0.32680297
0.26098731
0.29826856
0.32329655
0.32981655
0.22462544
0.28209880
0.31843141
0.31764448
0.34188953
0.25513524
0.27459052
0.27894586
0.25513229
0.29834548
0.32285166
0.33492848
0.30582073
0.33705118
0.35775501
0.35802531
0.33076403
0.32551748
0.32526174
0.40168801
0.34810987
0.39558294
0.36812115
0.40472555
0.37276107
0.36821985
0.36387581
0.32556090
0.35184652
0.34015378
0.35850427
0.34279251
0.40825284
0.40859628
0.41238368
0.42823771
0.34529907
0.36292386
0.39541915
0.31985334
0.41464409
0.41681978
0.54788417
0.59232682
0.43682459
0.49307024
0.63781160
0.66505325
0.71102339
0.70493793
0.67910028
0.62717104
0.70870256
0.66220111
0.67620558
0.75832421
0.83938909
0.88637173
0.89665335
0.91821736
0.92742187
0.93423510
0.95141977
0.96673268
0.97026193
0.96213502
0.97052044
0.97620744
0.97471726
0.98181099
0.98208714
0.98697716
0.98481572
0.98330390
0.98630887
0.98728091
0.98496187
0.98777103
0.98692316
0.98624009
0.98540813
0.98547482
0.98445040
0.98778045
0.98938680
0.99239230
0.99564505
0.99386203
0.99536705
0.99602699
0.99502027
0.99546850
0.99547321
0.99367946
0.99105716
0.98586166
0.99080384
0.98501956
0.99358457
0.99244714
0.99368405
0.99199909
0.97510511
0.98479050
0.98651332
0.99650466
0.99610007
0.99565315
0.99469662
0.98931175
0.99222094
0.98437411
0.98913097
0.77595943
0.60124868
0.54129136
0.38451537
0.22467510
0.25663427
0.33750552
0.37262806
0.26345477
0.12564969
0.13247237
0.22920634
0.10309954
0.06566475
0.07047579
0.07608221
0.07711941
0.08213008
0.12769838
0.15754992
0.17585675
0.18324348
0.15288152
0.14994231
0.14482538
0.12834822
0.12464936
0.13603255
0.20149733
0.30279088
0.44753367
0.65479934
0.52757442
0.77717876
0.93349630
0.97755480
0.98079258
0.98227584
0.98666966
0.98490518
0.98129749
0.98659503
0.98851132
0.98949373
0.98946917
0.98905087
0.98795474
0.98860502
0.98699957
0.98511916
0.98262995
0.97980243
0.98280382
0.98821890
0.98431522
0.98441297
0.98632139
0.98854929
0.99234104
0.99221623
0.99037045
0.99186349
0.99346256
0.99173123
0.98891640
0.98482937
0.98313105
0.97876602
0.97836477
0.97906071
0.97664362
0.97842556
0.97750926
0.97419125
0.97149277
0.97900772
0.97924328
0.97973984
0.98303026
0.98309177
0.98048878
0.97922099
0.98290503
0.97820264
0.97681254
0.98193568
0.98109376
0.98450506
0.98786628
0.98935097
0.99405813
0.99144614
0.99374050
0.99119359
0.99310315
0.99277943
0.99243402
0.99195671
0.99289119
0.99477756
0.99245548
0.99106663
0.98808759
0.98475480
0.98766452
0.98560494
0.99307126
0.98909408
0.98907405
0.98277551
0.98880452
0.99211496
0.99095333
0.99163073
0.99369109
0.99468273
0.99502027
0.99433434
0.99432003
0.99495912
0.99564433
0.99507695
0.99477321
0.99501157
0.99299389
0.99486780
0.99485648
0.99457669
0.99469572
0.99542785
0.99679071
0.99683028
0.99585259
0.99589682
0.99552321
0.99536210
0.99516231
0.99485517
0.99378222
0.99218893
0.99239588
0.99069595
0.98811960
0.98857415
0.98877257
0.98882687
0.99094850
0.99138463
0.99265093
0.99186772
0.99124217
0.99307233
0.99381727
0.99406141
0.99377149
0.99195027
0.99316686
0.99228448
0.99387735
0.99349809
0.99291915
0.99349993
0.99242789
0.98970020
0.99339384
0.99001712
0.98538381
0.98071641
0.95635659
0.93605274
0.94092721
0.91195631
0.95479226
0.95819771
0.96342778
0.96420771
0.96783584
0.96915865
0.97820139
0.97733808
0.96560639
0.97894490
0.96812528
0.97673565
0.97896385
0.97419083
0.98360127
0.97994173
0.97658336
0.97285378
0.92788124
0.87134600
0.69332576
0.78148556
0.69612253
0.58073604
0.65413862
0.72372496
0.65594465
0.69333100
0.63401365
0.69655108
0.70459634
0.66284400
0.68546104
0.66069531
0.65249634
0.68755209
0.69742894
0.76811397
0.72872442
0.75518656
0.72717065
0.78421605
0.77192819
0.70908976
0.67107391
0.71423572
0.69887698
0.64178169
0.58044380
0.63857388
0.69160306
0.70482093
0.62389356
0.64317614
0.66490668
0.68510890
0.67754757
0.61984444
0.56180334
0.65207499
0.63352561
0.59532320
0.60744745
0.56854737
0.61678016
0.59026521
0.60483962
0.61493754
0.67824185
0.64455444
0.61867481
0.60580856
0.67185116
0.72625524
0.66680074
0.64972264
0.66307163
0.71785748
0.70706880
0.69815636
0.74198169
0.72944236
0.73933738
0.71790463
0.71709400
0.74388224
0.73927027
0.72584307
0.72475713
0.74627590
0.76583827
0.78946090
0.78924298
0.80095375
0.81413794
0.83943975
0.87591445
0.89007229
0.93823308
0.94459283
0.96533692
0.96462917
0.96521407
0.97538257
0.97783971
0.97662598
0.97847110
0.97840720
0.97989386
0.97422701
0.97969043
0.97686964
0.98412883
0.98390305
0.98520154
0.98761916
0.98811728
0.98498881
0.98541647
0.98675102
0.98578566
0.98602909
0.98781234
0.98914510
0.99099708
0.99112928
0.98982680
0.99054950
0.98998380
0.98773450
0.98511863
0.98414099
0.98362792
0.98608565
0.98128039
0.97247374
0.97680831
0.97309959
0.95677137
0.95466053
0.95511556
0.95600384
0.92103720
0.91081196
0.88677627
0.85627234
0.73637819
0.78608143
0.80246860
0.72698009
0.73576754
0.72066647
0.75033736
0.69388008
0.69683683
0.61452419
0.66811764
0.71458197
0.66516578
0.66446036
0.66010618
0.57791150
0.60942429
0.65655512
0.62294847
0.58693278
0.51179743
0.42308441
0.45935512
0.50213677
0.47543061
0.42350340
0.44298390
0.46458715
0.47148022
0.42102221
0.45859390
0.43167207
0.47737119
0.52927876
0.53435630
0.56798440
0.57270074
0.55371350
0.58159363
0.59482569
0.55114561
0.59364951
0.57839119
0.55922073
0.44071996
0.42227247
0.34503290
0.39448425
0.31454411
0.39946696
0.30912086
0.33004755
0.32951710
0.34891906
0.34330696
0.25132933
0.28210872
0.22282819
0.27930555
0.29222003
0.31634909
0.24808934
0.25065091
0.34379524
0.30755562
0.39800602
0.39060500
0.36131173
0.42852119
0.33177102
0.29520512
0.35257921
0.36419451
0.31845331
0.26028949
0.38569242
0.26979068
0.33981791
0.28740299
0.35834154
0.37058294
0.30669481
0.28302300
0.35361627
0.33328390
0.36017901
0.27629945
0.35800964
0.39725408
0.37175438
0.47609916
0.44436479
0.42320976
0.46013767
0.48481688
0.50082767
0.49267763
0.51848984
0.46521041
0.48701423
0.50143468
0.51821548
0.51969898
0.61139202
0.65764534
0.72387213
0.76563543
0.78720403
0.87728214
0.91471320
0.94441491
0.95460320
0.96656644
0.97919011
0.98329997
0.98583639
0.98911172
0.98973000
0.99300545
0.99456573
0.99501908
0.99539632
0.99382108
0.99177295
0.98930258
0.98911136
0.98773903
0.98789573
0.98574913
0.98381132
0.98234403
0.97737920
0.97829252
0.97887796
0.97545093
0.98168749
0.98682737
0.98810160
0.98595840
0.99000388
0.99002504
0.98789960
0.98568600
0.99132419
0.99131811
0.98597962
0.98872131
0.98907053
0.98904115
0.98397887
0.98566890
0.98490369
0.98407769
0.97983497
0.98160881
0.98055172
0.98626256
0.98786604
0.99092042
0.99176532
0.99217403
0.98779011
0.98813593
0.98447061
0.99242836
0.99280810
0.99342173
0.99365413
0.99389333
0.99164259
0.98954457
0.99144626
0.99044657
0.98816645
0.99074590
0.99313778
0.99013406
0.98658657
0.98748583
0.98744422
0.98381650
0.98411614
0.98772675
0.98741293
0.98773986
0.98449218
0.98472834
0.98787552
0.98914015
0.98971403
0.98789537
0.99017274
0.98971975
0.99110121
0.99344182
0.99508721
0.99195111
0.99006557
0.98446643
0.98391896
0.98344457
0.98687983
0.97583878
0.98222566
0.95715743
0.94324780
0.96519065
0.96112418
0.93020469
0.86510098
0.89711958
0.91968530
0.89756095
0.79382104
0.84318691
0.72617900
0.62654877
0.58654875
0.57272846
0.54220802
0.49689198
0.57703888
0.40804628
0.34869021
0.50280809
0.22962625
0.36350709
0.25136474
0.28307945
0.13087700
0.11400472
0.24906090
0.12296309
0.17459738
0.17861414
0.14462411
0.19914670
0.20637824
0.24654390
0.20497903
0.15709811
0.16378683
0.31055939
0.15410954
0.09088433
0.16312592
0.16002911
0.13133205
0.11738408
0.15962070
0.11554416
0.20460279
0.28215188
0.16111942
0.14039667
0.26628309
0.27015579
0.17153060
0.21765806
0.15807496
0.14190473
0.12671070
0.14110692
0.23063928
0.17491257
0.21859097
0.16921347
0.17484042
0.28493041
0.28967977
0.26203209
0.19479744
0.22085723
0.19646561
0.14699221
0.16509555
0.15121272
0.13554733
0.17910260
0.17389664
0.17863369
0.19780307
0.20430763
0.13757148
0.21844819
0.24490799
0.24478199
0.24910633
0.27482393
0.27740583
0.25637147
0.17274587
0.22353850
0.20547932
0.18839315
0.20494518
0.24550956
0.25201187
0.32661635
0.35905859
0.41045424
0.41783014
0.40296841
0.39708287
0.40305504
0.43597558
0.39914757
0.44400996
0.49831507
0.45823553
0.47764087
0.58636278
0.62507874
0.62752604
0.71633559
0.81950742
0.84086978
0.88957578
0.90432274
0.91962320
0.93648022
0.94404495
0.95215786
0.95021260
0.93748516
0.94913167
0.96878505
0.98161131
0.98625749
0.99041069
0.99108350
0.99372101
0.99374020
0.99236089
0.99107146
0.99009562
0.98858285
0.98764473
0.98423463
0.98083568
0.98274350
0.98387939
0.98241627
0.98399299
0.98619568
0.98806912
0.98782814
0.99070263
0.98368365
0.98536336
0.98474312
0.98354155
0.99420232
0.99414575
0.98917574
0.99105400
0.99665475
0.99665028
0.99631691
0.99712199
0.99772841
0.99860865
0.99777019
0.99793518
0.97531068
0.70138395
0.23182987
0.17651738
0.22021940
0.19878766
0.18777826
0.13519771
0.26199591
0.27981469
0.25407663
0.25608000
0.20648277
0.18865979
0.16840288
0.23195207
0.16551839
0.12391630
0.10150082
0.10251711
0.07314412
0.09250569
0.06813436
0.06571770
0.05628574
0.06777994
0.08192377
0.11400669
0.11586675
0.16872954
0.21270385
0.55415195
0.67496616
0.80314487
0.88088733
0.92871636
0.94393533
0.96804965
0.97691953
0.97227377
0.97676021
0.97994554
0.97886068
0.97485673
0.97547704
0.97805345
0.97602481
0.97777736
0.98096842
0.97971618
0.97822899
0.97643387
0.98046929
0.98054528
0.98034567
0.97869313
0.97909981
0.98731637
0.98875791
0.98845053
0.98812640
0.98614281
0.98569518
0.98168862
0.98498428
0.98176503
0.98627496
0.98608357
0.98838347
0.99061334
0.99045205
0.99154693
0.99324036
0.99344927
0.99347335
0.99381423
0.99174738
0.99112743
0.98855710
1.00000000
1.00000000
1.00000000
