1.00000000
1.00000000
1.00000000
1.00000000
1.00000000
1.00000000
1.00000000
1.00000000
1.00000000
1.00000000
1.00000000
1.00000000
1.00000000
1.00000000
1.00000000
1.00000000
1.00000000
1.00000000
1.00000000
1.00000000
1.00000000
1.00000000
1.00000000
1.00000000
1.00000000
1.00000000
1.00000000
1.00000000
1.00000000
1.00000000
1.00000000
1.00000000
1.00000000
1.00000000
1.00000000
1.00000000
1.00000000
1.00000000
1.00000000
1.00000000
1.00000000
1.00000000
1.00000000
1.00000000
1.00000000
1.00000000
1.00000000
1.00000000
1.00000000
1.00000000
1.00000000
1.00000000
1.00000000
1.00000000
1.00000000
1.00000000
1.00000000
1.00000000
1.00000000
1.00000000
1.00000000
1.00000000
1.00000000
0.98263299
0.98601508
0.98955077
0.98685521
0.98767686
0.98644197
0.98821938
0.98853499
0.99090379
0.98918545
0.98950011
0.98964572
0.99009037
0.99019533
0.99085206
0.99228400
0.99184275
0.99193066
0.98926544
0.99185538
0.99176812
0.99228692
0.99196291
0.98997176
0.99056083
0.99114108
0.99166542
0.99096090
0.99148434
0.99349409
0.99500978
0.99581403
0.99242651
0.99195951
0.99225771
0.99219632
0.98718065
0.98747838
0.98899764
0.99065065
0.99131519
0.99223822
0.99007285
0.99059379
0.98677284
0.98870611
0.98528349
0.98870695
0.98935831
0.98682201
0.98835981
0.98976839
0.99076897
0.99044997
0.99008197
0.98881799
0.98828030
0.99034566
0.99333388
0.99272072
0.99139494
0.98894602
0.98998052
0.98975909
0.99268883
0.99080253
0.99014550
0.98811567
0.99211323
0.99366933
0.99286497
0.99156988
0.99403632
0.99256879
0.99067503
0.99025446
0.98918545
0.98816842
0.98719937
0.98934960
0.99144030
0.98880029
0.99115515
0.98897797
0.98755860
0.98747557
0.98721677
0.98789829
0.99143702
0.99006104
0.99215299
0.99431002
0.99594456
0.99605632
0.99690044
0.99693942
0.99731988
0.99730253
0.99639565
0.99621671
0.99536633
0.99510205
0.99675411
0.99736708
0.99695420
0.99672651
0.99563640
0.99511623
0.99556726
0.99570787
0.99459708
0.99344146
0.98920876
0.98674369
0.98836553
0.98712373
0.98472542
0.98621309
0.98042381
0.98712212
0.98831695
0.98823339
0.98680323
0.97630095
0.97549462
0.97280419
0.97202569
0.97603238
0.97502804
0.98174596
0.98438913
0.98024565
0.98527819
0.98717713
0.98658633
0.98631752
0.98945743
0.98762858
0.99187452
0.99193889
0.99177468
0.98949999
0.99259007
0.99364674
0.99441612
0.99434102
0.99533725
0.99285734
0.99364084
0.99272209
0.98580509
0.98680460
0.98623198
0.99028379
0.98995554
0.99027997
0.98860091
0.98911053
0.98931646
0.98934501
0.99101251
0.98945832
0.99084389
0.98713148
0.98991358
0.98551524
0.98991281
0.98914462
0.98679280
0.98433673
0.98933429
0.99131787
0.99034661
0.99097472
0.99028289
0.98621756
0.98388112
0.98733586
0.98696738
0.98756009
0.98704785
0.98436302
0.98309684
0.98188102
0.98622417
0.98874938
0.98857415
0.98563635
0.98501343
0.99132162
0.98751450
0.99041325
0.99035358
0.98895884
0.98544043
0.98575401
0.98030478
0.98331451
0.98492497
0.98636705
0.98973387
0.99295723
0.98919922
0.98880357
0.99214751
0.98980695
0.98821288
0.99192375
0.98641646
0.98039323
0.97968984
0.97592068
0.97653151
0.96263927
0.95479673
0.94244260
0.96390378
0.97504389
0.99103642
0.98548406
0.99357164
0.98996150
0.98827094
0.97911799
0.97214013
0.97862512
0.99169499
0.98837262
0.97793931
0.98234528
0.96888936
0.97981560
0.96991682
0.94168496
0.96189487
0.95072114
0.95287097
0.95073050
0.96139163
0.96149862
0.97229296
0.98310411
0.98077995
0.97211522
0.97562772
0.98786968
0.98553479
0.98706996
0.97872674
0.96783406
0.97454053
0.97961432
0.93433237
0.94367146
0.94188333
0.96660858
0.92689484
0.91082716
0.91893840
0.93500942
0.91230249
0.94686604
0.95086443
0.94564706
0.93773073
0.93609923
0.89735538
0.92603636
0.95559603
0.95066458
0.90112203
0.89208025
0.92684138
0.95762444
0.95387059
0.90963840
0.95395714
0.94338036
0.88155061
0.83682925
0.88314515
0.87929434
0.90537208
0.91759807
0.91551703
0.87573987
0.86512220
0.89997941
0.81988490
0.91468906
0.89920509
0.90807343
0.93737876
0.90620607
0.89215350
0.82116687
0.87311202
0.85049266
0.79863983
0.81941718
0.79150850
0.76606643
0.58868533
0.66279972
0.70301509
0.70574123
0.71986026
0.71571743
0.77306265
0.79144150
0.77397728
0.80561340
0.84754252
0.83514833
0.84753507
0.81728005
0.75795037
0.79142338
0.83234489
0.81176430
0.85699987
0.81378853
0.75173783
0.58242357
0.80842334
0.74974704
0.75788867
0.74219048
0.62513632
0.73797929
0.75598842
0.80088401
0.83339095
0.80850452
0.70047766
0.73097950
0.75932568
0.78406370
0.51827085
0.72888905
0.69406646
0.71098113
0.50532013
0.67696613
0.55515230
0.62895024
0.71422565
0.70047510
0.65646869
0.69341588
0.62375230
0.66747415
0.64535308
0.66454935
0.69225019
0.67739415
0.70781589
0.72317201
0.74533606
0.70567477
0.76154083
0.85377610
0.78930032
0.76333958
0.79644006
0.74474102
0.73401129
0.73937118
0.72400010
0.72625899
0.75729322
0.74490523
0.73883563
0.77154768
0.75981003
0.77184725
0.81888044
0.77698934
0.82378942
0.79165924
0.84230888
0.69838136
0.71808451
0.69689095
0.75913000
0.75777972
0.60988790
0.67187512
0.73856753
0.83316559
0.74824274
0.73955131
0.69231981
0.77164513
0.78952563
0.80213583
0.61966276
0.73821384
0.72694749
0.81815630
0.72510451
0.61446917
0.79735017
0.71917218
0.79329205
0.82377696
0.58596170
0.76156276
0.79877812
0.59120363
0.80749327
0.73507798
0.68716824
0.80867821
0.73621106
0.74866521
0.45257813
0.55060667
0.52469355
0.60397929
0.51753294
0.59847695
0.57190192
0.58401734
0.70060837
0.69442666
0.56883514
0.64496338
0.68791318
0.55328584
0.64551878
0.39729360
0.53658992
0.52693623
0.66374379
0.60699636
0.43145078
0.63423830
0.74473494
0.56348872
0.46699619
0.52718788
0.36836338
0.56828588
0.28114992
0.41766804
0.42619413
0.56154162
0.56340206
0.53007197
0.49447069
0.50036007
0.66266066
0.38954231
0.52402395
0.72509664
0.58973277
0.63446236
0.61752057
0.69610924
0.57679623
0.70195127
0.71342254
0.74099338
0.69991046
0.65941072
0.60219043
0.59183717
0.63754624
0.52782750
0.61943072
0.59854406
0.50605673
0.45565066
0.55919361
0.56859559
0.50814223
0.51644355
0.44091022
0.52394837
0.50321400
0.51380360
0.56629753
0.54939240
0.54578161
0.52678084
0.63649660
0.55840945
0.48599893
0.59206444
0.55406505
0.58528870
0.58044857
0.59808820
0.54259342
0.57684064
0.56243515
0.62102908
0.59373677
0.59439653
0.60399801
0.58608377
0.67672074
0.59191829
0.64832127
0.55076617
0.57535231
0.57589149
0.62833387
0.61236197
0.53084177
0.54885757
0.55173302
0.53561622
0.56419152
0.53772300
0.53243160
0.49139789
0.45795006
0.49306247
0.52186346
0.53946745
0.52696341
0.52537858
0.45122328
0.50644302
0.55227584
0.57986820
0.53146780
0.63414222
0.47916093
0.50852197
0.49033260
0.57033509
0.47422093
0.51433992
0.56611401
0.51581115
0.55483437
0.48398086
0.58264339
0.58389038
0.65394998
0.63149381
0.61443055
0.60803163
0.67035127
0.53824598
0.42868122
0.54434496
0.64901227
0.64033413
0.54719937
0.45789975
0.68501014
0.63035613
0.68864661
0.63275295
0.62679285
0.51376903
0.55444795
0.58936816
0.59179467
0.67977130
0.61715108
0.61824876
0.65437639
0.61678350
0.63558203
0.54653078
0.61035663
0.59376943
0.67574644
0.64156759
0.64816093
0.57115400
0.65115064
0.56866300
0.56481528
0.63409960
0.70970035
0.57378787
0.65254354
0.58925921
0.63383561
0.52158731
0.61554945
0.63993812
0.58130467
0.59405720
0.60953075
0.66391116
0.62770379
0.61810112
0.62444496
0.59200794
0.65687752
0.57245648
0.53087556
0.60984820
0.72243142
0.65281075
0.68433130
0.69034940
0.69006002
0.65960068
0.74310064
0.69616872
0.56354761
0.64720821
0.62535876
0.70769924
0.69712675
0.73463708
0.77382356
0.71945649
0.74210984
0.74042004
0.50126523
0.70773637
0.72573006
0.59269816
0.70253205
0.76922047
0.64681339
0.64878476
0.54367584
0.76160437
0.70278633
0.68287075
0.75382400
0.62750912
0.71764278
0.64790905
0.59697914
0.64966285
0.68710655
0.71233964
0.75934851
0.72561419
0.74131519
0.74228966
0.72224784
0.75467074
0.82008487
0.75475085
0.76744521
0.75913960
0.71452296
0.68781340
0.72231174
0.78410053
0.80135405
0.82228750
0.81030244
0.87614143
0.91515380
0.95761710
0.95347208
0.91347730
0.88083023
0.87221080
0.86597216
0.85713512
0.84723395
0.85438073
0.88790756
0.90116936
0.87333208
0.90066552
0.90345317
0.88566715
0.90322810
0.91314882
0.90541846
0.90584964
0.92287904
0.91085261
0.92370558
0.91795188
0.91807485
0.92591923
0.91701716
0.91672271
0.90869296
0.88136399
0.86504394
0.89679521
0.84919310
0.87754112
0.83037174
0.85834503
0.89765841
0.88322157
0.89815927
0.90615493
0.90497178
0.91425055
0.91242737
0.90315282
0.92424035
0.94546169
0.95208406
0.95425242
0.96168709
0.96140414
0.96171534
0.96343219
0.96432334
0.97510862
0.98016572
0.97499758
0.96495152
0.96861959
0.94731575
0.96610916
0.97329581
0.98031825
0.97927123
0.98166519
0.98008895
0.97392535
0.98304754
0.97951597
0.97986001
0.98180974
0.97773629
0.97986811
0.98087424
0.98054034
0.98136592
0.98208493
0.97777724
0.97648913
0.98221880
0.97576833
0.98483932
0.98312527
0.98222524
0.98242295
0.98673326
0.97849965
0.97735220
0.97798550
0.97264773
0.97343677
0.97611260
0.98240155
0.98445237
0.98443943
0.97737646
0.97768968
0.97475940
0.97787493
0.97454143
0.97260743
0.97628409
0.97531885
0.97934282
0.97779763
0.97381467
0.97658783
0.97365236
0.97094250
0.97054368
0.97232741
0.97163635
0.96705538
0.96371090
0.96373999
0.95950162
0.97385865
0.96680689
0.97337079
0.96993715
0.97788107
0.97567958
0.97539955
0.96998018
0.96911120
0.97031099
0.96862340
0.96946645
0.96781546
0.96627265
0.97164279
0.97366738
0.97877115
0.98103470
0.98288763
0.98267740
0.98422539
0.98303705
0.98120809
0.98344707
0.98037726
0.97894853
0.97512621
0.97964627
0.98149490
0.98333794
0.98000413
0.98130828
0.97841930
0.97542715
0.97304517
0.97426516
0.98107898
0.98232991
0.97992539
0.97714132
0.97280067
0.97196782
0.98133767
0.98058724
0.97865766
0.98130792
0.98406363
0.98742270
0.98422778
0.98358780
0.98425388
0.98873889
0.98902458
0.98790979
0.98374683
0.98272103
0.98014498
0.97640049
0.98226488
0.98525846
0.98609936
0.98617095
0.98779106
0.98455876
0.98596591
0.98626220
0.98722363
0.98597568
0.98190504
0.98300135
0.98649788
0.98160642
0.97987831
0.98407596
0.98565722
0.97930568
0.98676646
0.98552370
0.98738146
0.98495573
0.98468024
0.98618931
0.98560899
0.98360139
0.98750675
0.98547655
0.98386419
0.98437226
0.98579931
0.98704547
0.98676169
0.98464566
0.98326552
0.98779118
0.98567897
0.98787946
0.98698807
0.98514408
0.98536843
0.98575979
0.98513538
0.98656285
0.98636568
0.98401362
0.98300165
0.98251015
0.98265624
0.98359758
0.98325735
0.98135448
0.98385036
0.98148489
0.97970325
0.98271966
0.98062688
0.98090464
0.98246378
0.98244965
0.98472518
0.98620450
0.98592293
0.98693383
0.98774403
0.98720896
0.98881286
0.98964649
0.98989397
0.99093795
0.99255896
0.99348724
0.99436957
0.99587941
0.99588484
0.99631590
0.99594396
0.99611133
0.99670202
0.99650002
0.99608624
0.99610692
0.99621958
0.99708790
0.99714869
0.99728572
0.99734747
0.99749410
0.99756503
0.99761391
0.99737608
0.99752623
0.99692422
0.99651837
0.99668485
0.99668390
0.99753463
0.99705482
0.99621779
0.99623162
0.99547642
0.99364823
0.99452400
0.99609238
0.99488103
0.99602085
0.99628687
0.99388796
0.99561751
0.99659002
0.99577099
0.99633610
0.99643612
0.99634105
0.99680281
0.99644691
0.99694037
0.99650818
0.99481237
0.99526864
0.99513382
0.99470609
0.99566525
0.99586320
0.99509662
0.99264222
0.99338478
0.99334008
0.99350452
0.99407661
0.99423355
0.99432313
0.99491596
0.99539268
0.99680269
0.99580234
0.99489427
0.99237943
0.99311721
0.99348795
0.99337339
0.99531591
0.99510252
0.99589086
0.99624038
0.99656373
0.99714810
0.99529004
0.99646974
0.99566948
0.99435812
0.99440998
0.99352878
0.99160165
0.99340808
0.98917681
0.98688412
0.98546761
0.98144895
0.98103380
0.99135828
0.99086970
0.99413550
0.99361271
0.99441707
0.99467409
0.99448544
0.99434018
0.99444169
0.99443984
0.99355763
0.99420810
0.99251622
0.99469876
0.99344915
0.99437654
0.98752218
0.99184024
0.98963761
0.99082083
0.99172747
0.98957461
0.99076605
0.99241662
0.99349374
0.99229759
0.99312335
0.99194860
0.99013418
0.99112165
0.98874247
0.98982251
0.98735762
0.98658746
0.98467350
0.98101002
0.97675699
0.97560877
0.97207153
0.97855765
0.96541339
0.96853608
0.97141922
0.97178024
0.96264911
0.96666336
0.97104669
0.97898990
0.97772139
0.97703254
0.97668594
0.97515863
0.97991860
0.97832781
0.97806203
0.97762579
0.98130935
0.98218173
0.97691488
0.97662443
0.97581339
0.97332937
0.97448277
0.97439653
0.97300446
0.96951687
0.97529334
0.97417021
0.97094554
0.97025001
0.96850765
0.96730554
0.96519732
0.95553756
0.94981557
0.94558471
0.92534781
0.93137556
0.91434568
0.91356719
0.92763132
0.87904364
0.91421378
0.92831880
0.91935152
0.88501626
0.86590993
0.87519586
0.88881338
0.86980158
0.91524392
0.88597792
0.90756667
0.89481598
0.90474206
0.87830108
0.89874506
0.88484973
0.90064299
0.90637022
0.89119792
0.88493848
0.86175770
0.86874694
0.82751590
0.81164080
0.81753808
0.83312339
0.82081252
0.78076464
0.84975398
0.81620747
0.81429654
0.81923258
0.82804126
0.80673409
0.79633886
0.80927986
0.75498557
0.77071112
0.77330410
0.76482177
0.72416610
0.68066359
0.75221139
0.69320673
0.74381614
0.70361102
0.70819300
0.74582076
0.77605075
0.68965161
0.75833881
0.69565028
0.62399638
0.70337182
0.54364300
0.68670052
0.57526445
0.65972078
0.68924713
0.66358268
0.53495568
0.68185073
0.71151322
0.55809307
0.71373141
0.74472636
0.78370273
0.64161962
0.71604359
0.63792741
0.69385976
0.62281805
0.57160860
0.35699084
0.47661418
0.37011179
0.48384625
0.28168562
0.25787723
0.27521896
0.37675494
0.29839966
0.33150956
0.43607849
0.33038843
0.37895882
0.36583355
0.44141990
0.37688625
0.36524650
0.41496938
0.27865654
0.32843703
0.21755199
0.31997359
0.29078409
0.28319275
0.26466152
0.24689566
0.42463353
0.23552862
0.30312353
0.29775560
0.21482658
0.31359166
0.23300545
0.33116120
0.38391304
0.36034432
0.27170774
0.43527362
0.35248473
0.29752839
0.33685067
0.27625239
0.28365555
0.27707636
0.21651666
0.23790407
0.27539647
0.28719190
0.27193385
0.23664291
0.20998262
0.25337920
0.17608911
0.26176599
0.26156878
0.18862900
0.23850968
0.24365050
0.22270250
0.17915201
0.20825361
0.27830154
0.20887505
0.16500430
0.12336869
0.16415559
0.18606731
0.21594240
0.26250929
0.32513011
0.29119527
0.34343538
0.36470008
0.24503911
0.24488083
0.21089795
0.22495355
0.27701452
0.36878386
0.35105500
0.49368021
0.35418183
0.47062990
0.42763907
0.42985398
0.41036507
0.13461766
0.25554571
0.17892753
0.21101029
0.17098105
0.22925507
0.19849156
0.19736648
0.25833419
0.24941397
0.36828041
0.26426116
0.18858622
0.19248761
0.16340864
0.24404797
0.23889095
0.24163218
0.23643360
0.19310929
0.33458814
0.23261313
0.24732555
0.28826162
0.19109452
0.21645419
0.29987621
0.32681322
0.31649426
0.23562340
0.30578575
0.28132889
0.35271505
0.36449414
0.29560205
0.22705749
0.19007428
0.31048760
0.21273504
0.19480108
0.12880503
0.31383681
0.18334125
0.23357417
0.26573035
0.18913323
0.20051950
0.21735343
0.12177981
0.15135525
0.19564766
0.30903155
0.17465165
0.34057683
0.25739184
0.34281418
0.14689280
0.31469947
0.15397736
0.36159128
0.17753623
0.14790265
0.18751986
0.25608161
0.12575927
0.14271492
0.12548429
0.16545160
0.17679062
0.11859062
0.17050537
0.17711109
0.20300566
0.23337260
0.25432095
0.34711984
0.25950775
0.27509835
0.32062879
0.32460240
0.30973384
0.37173903
0.33779320
0.28841791
0.26696560
0.25449494
0.25251356
0.23661806
0.29442602
0.22830994
0.20309867
0.25981244
0.37707493
0.33741999
0.43236032
0.43211195
0.33536056
0.35459188
0.37085301
0.41196939
0.37697703
0.38778415
0.28972253
0.31962323
0.35044533
0.36630070
0.33237830
0.36228934
0.52951229
0.61287880
0.52710974
0.47114792
0.44658267
0.54091084
0.44144341
0.30189356
0.52516907
0.35425344
0.41983789
0.40602705
0.47382134
0.38350654
0.29498348
0.39445004
0.24897261
0.32018322
0.32306194
0.34504068
0.29198760
0.29050881
0.32280722
0.38144484
0.38009495
0.29175735
0.24697173
0.28143474
0.30604291
0.30993965
0.25863039
0.19896518
0.32713771
0.22812398
0.25324622
0.23630142
0.21627058
0.20272614
0.20727283
0.17482628
0.27833286
0.22392777
0.33021241
0.20219590
0.30133864
0.25978997
0.30125442
0.26216644
0.27361777
0.29952809
0.31622547
0.31928325
0.25007412
0.15663871
0.25967607
0.36253023
0.40914577
0.51618630
0.28941494
0.35267639
0.33686277
0.44123900
0.34846351
0.27480289
0.19847555
0.31872129
0.17703794
0.37835568
0.39886692
0.33160862
0.37948945
0.31685832
0.28310189
0.34873006
0.47926494
0.34393057
0.38295892
0.27064377
0.19372451
0.23288681
0.25724712
0.16807199
0.35927948
0.49131423
0.31006876
0.28213093
0.35317716
0.24250139
0.22664949
0.42242062
0.32728153
0.14578952
0.15642534
0.41268376
0.30979052
0.26244804
0.47512412
0.27331761
0.23616095
0.47972667
0.21495342
0.19871268
0.38929546
0.19734412
0.35843006
0.48796242
0.38529623
0.31183606
0.21790783
0.27663949
0.18480627
0.35918576
0.42764080
0.26592243
0.23375329
0.45118663
0.48732400
0.67700106
0.50808465
0.54680926
0.49992669
0.68228751
0.67894793
0.65588266
0.60037917
0.66150415
0.45688117
0.41378668
0.38333958
0.73367971
0.13424359
0.40574747
0.30390564
0.61718309
0.46593738
0.56182969
0.41425589
0.62701428
0.51970416
0.44480342
0.66923600
0.29976931
0.57376158
0.34563327
0.49101764
0.41559491
0.33972144
0.32481363
0.41852474
0.29600185
0.46201101
0.33359709
0.35043770
0.43536267
0.33777639
0.42777318
0.34423134
0.63704872
0.54157305
0.69774616
0.68837535
0.52917033
0.58422226
0.64931768
0.51197535
0.57653654
0.51823074
0.68566221
0.59475529
0.62982756
0.64601916
0.65761739
0.83806378
0.71820879
0.62062985
0.64776158
0.57544303
0.64849788
0.63362479
0.73305845
0.74374378
0.78794301
0.74753195
0.80465841
0.76931077
0.79474860
0.86535805
0.81916928
0.69658083
0.72933495
0.75107688
0.67976671
0.81769878
0.78541064
0.75231534
0.74818665
0.38632011
0.84326857
0.77923006
0.84466857
0.84697175
0.83472919
0.80792147
0.82224691
0.94780213
0.86541414
0.86646873
0.77459711
0.86995590
0.79930884
0.84147292
0.94507653
0.96311992
0.97290301
0.98193753
0.98760277
0.98890603
0.96943957
0.95618957
0.94606531
0.96296990
0.96977973
0.95588124
0.96845418
0.97470075
0.99114424
0.97383839
0.95544976
0.96880698
0.98919839
0.99629176
0.97550482
0.96907365
0.97267014
0.96376657
0.97378290
0.92128515
0.93096000
0.93553591
0.93885255
0.93233836
0.95498866
0.94097912
0.91991699
0.94544750
0.98834819
0.99437678
0.99166334
0.98368305
0.98496717
0.97198659
0.97977382
0.96592337
0.97695643
0.97400248
0.97245526
0.98386014
0.98962188
0.97945011
0.98080623
0.96161479
0.96774697
0.98004109
0.98362571
0.98059791
0.98370552
0.97844648
0.98817563
0.98469329
0.99089116
0.98497587
0.98996782
0.99216837
0.99004585
0.99449795
0.99111080
0.99562293
0.98808342
0.99011922
0.99203306
0.99174929
0.99460816
0.99559277
0.99530220
0.99473745
0.99553752
0.99667490
0.99632072
0.99504846
0.99364167
0.99350476
0.99330395
0.99569559
0.99343348
0.99354148
0.99327517
0.99297649
0.99358290
0.99414390
0.98910761
0.99319482
0.99487489
0.99528259
0.99435353
0.99319458
0.99391478
0.99176359
0.99209481
0.99326175
0.99276954
0.99193668
0.99173963
0.99188846
0.99159312
0.99052459
0.99151200
0.99200577
0.98996735
0.99217063
0.99120319
0.99137676
0.99192059
0.99034202
0.99245375
0.99322379
0.99356693
0.99304152
0.99321097
0.99309903
0.99494392
0.99420869
0.99425149
0.99494678
0.99583119
0.99610186
0.99596691
0.99593383
0.99573874
0.99594575
0.99577481
0.99595922
0.99525768
0.99551421
0.99467468
0.99452126
0.99476337
0.99386758
0.99609596
0.99256551
0.99273455
0.99413234
0.99299169
0.99473059
0.99437582
0.99566853
0.99566442
0.99593794
0.99589771
0.99342269
0.99241138
0.98942989
0.99209166
0.99255329
0.99405068
0.99487162
0.99490780
0.99516255
0.99428117
0.99593687
0.99566674
0.99656266
0.99645966
0.99651694
0.99584669
0.99577087
0.99698704
0.99715459
0.99605197
0.99575752
0.99518424
0.99369228
0.99650621
0.99676681
0.99653912
0.99673069
0.99675190
0.99635410
0.99581063
0.99615896
0.99629176
0.99714261
0.99667156
0.99404126
0.99441284
0.99526262
0.99562520
0.99616611
0.99565363
0.99636096
0.99649566
0.99529713
0.99462610
0.99498296
0.99513102
0.99385756
0.99311984
0.99262106
0.99153203
0.99016774
0.99054378
0.98902285
0.98773092
0.98417825
0.98090577
0.98599458
0.98593462
0.98450631
0.98477805
0.98661637
0.98522770
0.98768705
0.98940629
0.98728728
0.98395824
0.98508149
0.98633248
0.98442680
0.98882014
0.98479873
0.98622394
0.98163098
0.98676282
0.98637170
0.98745126
0.98745805
0.98549277
0.98677570
0.97980875
0.98148865
0.98418045
0.97580159
0.97183979
0.98839277
0.98761553
0.97640193
0.97585434
0.98455989
0.97769725
0.98237795
0.97618741
0.98032242
0.99004459
0.98454833
0.98218518
0.98224556
0.99037981
0.99318331
0.98800629
0.98748338
0.98365664
0.98205179
0.97542757
0.97959650
0.98035061
0.98515421
0.98389751
0.97777098
0.98101109
0.97724402
0.98749465
0.98525512
0.98184401
0.99111909
0.98986632
0.99090451
0.99241781
0.99288905
0.98813730
0.98497969
0.98369813
0.99500221
0.99383354
0.99321282
0.99234843
0.99446601
0.99539447
0.99518943
0.99561667
0.99662352
0.99683172
0.99481994
0.99495476
0.99581867
0.99503350
0.99530905
0.99266887
0.98943663
0.99236989
0.99331164
0.99277812
0.99198616
0.99050003
0.99183041
0.99240243
0.99203801
0.99600726
0.99659580
0.99591666
0.99465525
0.99349654
0.99552226
0.99601728
0.99499124
0.99484706
0.99430144
0.99232668
0.99258864
0.99158609
0.99195564
0.99194312
0.99143898
0.99230582
0.99262333
0.99236298
0.99317473
0.99311173
0.99377561
0.99462199
0.99431944
0.99451524
0.99492341
0.99529183
0.99573320
0.99481958
0.99589610
0.99449509
0.99419552
0.99412149
0.99127054
0.99451524
0.99122590
0.99104893
0.99134642
0.99088025
0.99094218
0.98830229
0.98901296
0.99303836
0.99292374
0.99223292
0.99195850
0.99299192
0.98993486
0.99353433
0.99535972
0.99266499
0.99380469
0.99480963
0.99343276
0.99540812
0.99431026
0.99314910
0.99453133
0.99404508
0.99159157
0.99136108
0.98523432
0.98957819
0.98568463
0.98816341
0.98143655
0.98790598
0.98960072
0.98672235
0.98449761
0.97926956
0.94988376
0.96146089
0.94298875
0.90469694
0.92284626
0.86857098
0.88423216
0.76221186
0.84817064
0.86781251
0.77150714
0.83138061
0.89449000
0.92836678
0.89687002
0.74359548
0.80627596
0.70445573
0.63249481
0.49757773
0.86548227
0.68393451
0.52719241
0.48503238
0.24090226
0.65550482
0.55073929
0.34972668
0.62600690
0.81162512
0.56691545
0.52855194
0.82582110
0.55492908
0.45038593
0.49804384
0.43663746
0.44326839
0.40358147
0.22793138
0.28888014
0.57505959
0.65749496
0.71311933
0.68378168
0.33232048
0.56035614
0.19736248
0.21043938
0.34152034
0.29122677
0.38277972
0.24460103
0.28829947
0.18845384
0.36794919
0.42551407
0.58587933
0.64753002
0.35307604
0.33472896
0.52375317
0.54066318
0.38777715
0.20644335
0.17875928
0.16802321
0.27376178
0.48283798
0.40590650
0.14993788
0.18788674
0.20442449
0.26270416
0.22798325
0.21324158
0.31454876
0.17165247
0.18971740
0.20327175
0.12637588
0.17519347
0.06965366
0.05103948
0.14738789
0.10106596
0.05329205
0.16809307
0.11622916
0.21996689
0.15814994
0.44585061
0.48898706
0.52482402
0.14646313
0.39472511
0.11666028
0.12971234
0.50328225
0.14871529
0.15302545
0.07925054
0.18390697
0.13575193
0.14192683
0.18859626
0.09577210
0.13528931
0.17194493
0.24212213
0.14398989
0.21962720
0.18494017
0.12692322
0.13637677
0.25505838
0.13583542
0.17694695
0.32282969
0.30580786
0.18008383
0.15089983
0.17555195
0.21698138
0.19352268
0.17364620
0.15783015
0.15401730
0.14600654
0.19254248
0.10869706
0.12274679
0.13117205
0.09137462
0.07139710
0.09372564
0.14828590
0.09612297
0.05514908
0.07074103
0.08746503
0.12609334
0.21520685
0.06378757
0.09431377
0.13643926
0.22664838
0.19975682
0.11019887
0.16633102
0.09685913
0.10947455
0.05855694
0.17408065
0.30630359
0.30222467
0.14635035
0.27032489
0.17779227
0.11512369
0.20113279
0.11912563
0.24377231
0.28603429
0.12736832
0.22691259
0.33401266
0.28558674
0.21140645
0.15736516
0.16514347
0.22015573
0.11156011
0.30339563
0.27247202
0.40376264
0.30851370
0.24482667
0.19754463
0.12492073
0.34436226
0.13579603
0.40551233
0.25772476
0.13051686
0.22822033
0.24191618
0.42304218
0.21744312
0.14115423
0.06722558
0.24436219
0.09741582
0.28412947
0.15695824
0.19150141
0.17994802
0.30400449
0.22946927
0.14030340
0.40180564
0.30265856
0.10585214
0.25955123
0.29851732
0.27391833
0.15098114
0.40081242
0.16994071
0.17694680
0.29927692
0.26230672
0.08813441
0.24592996
0.20631698
0.09574022
0.13877228
0.17173244
0.41276807
0.09232253
0.17624538
0.22763440
0.18984026
0.13479812
0.13791695
0.13151278
0.19813441
0.28099081
0.26448083
0.20851399
0.21171677
0.24381267
0.28710705
0.27268374
0.19600275
0.38601887
0.22102843
0.21943244
0.17570987
0.20517856
0.24203406
0.30801460
0.13103706
0.23620138
0.36370710
0.31091774
0.20062627
0.30050525
0.28774303
0.24611513
0.20172152
0.44083062
0.08942693
0.45870027
0.47609267
0.36717173
0.50356078
0.34125528
0.44715923
0.35969484
0.46497703
0.51113176
0.47057605
0.40755403
0.29466888
0.31142527
0.40027827
0.23795746
0.44856632
0.25166696
0.24932532
0.31090122
0.13920136
0.28592429
0.29317644
0.33435747
0.42169482
0.30131060
0.24288121
0.26192465
0.21884054
0.34740344
0.27428734
0.32156640
0.32488364
0.29269400
0.30717221
0.35957947
0.39322472
0.30141625
0.24047719
0.34117424
0.30426592
0.20900689
0.16195312
0.19669372
0.26509044
0.31386152
0.18985865
0.20711975
0.21579972
0.29241052
0.22567426
0.21918321
0.18417814
0.24723867
0.41503572
0.20750020
0.36128351
0.18480693
0.33352527
0.25073653
0.23030403
0.25664458
0.19115548
0.21644059
0.18354112
0.12502187
0.17097315
0.21782827
0.13097224
0.14785711
0.15084776
0.17229547
0.14358196
0.23140135
0.19101539
0.35260630
0.30199081
0.11946876
0.25201321
0.21399109
0.18295641
0.34988701
0.08544729
0.15795292
0.16096796
0.20031154
0.09816004
0.13525090
0.16186190
0.26469487
0.23580834
0.12907748
0.04646283
0.10852238
0.14376314
0.23166704
0.21179616
0.18921101
0.22152321
0.25394091
0.21701956
0.19186725
0.17016506
0.17601053
0.20858540
0.17264754
0.14392325
0.20819135
0.29001471
0.23480916
0.16011810
0.25902462
0.37509805
0.37035739
0.23450346
0.27226126
0.12724254
0.09659603
0.17906202
0.20172773
0.18050867
0.09908686
0.08127556
0.10800916
0.14703077
0.21757139
0.22380193
0.18351062
0.20964265
0.21920548
0.12931332
0.08541685
0.13455987
0.13765667
0.13664412
0.15178472
0.15468897
0.17720781
0.13635811
0.12760916
0.12140720
0.06368540
0.08723038
0.09532499
0.13443820
0.13375080
0.15565167
0.11477215
0.13246146
0.09507568
0.11902943
0.12114258
0.15608630
0.11545949
0.16053261
0.13942820
0.15953359
0.11315430
0.12874658
0.13429527
0.17085804
0.19500278
0.12724751
0.11417924
0.20009205
0.20648137
0.20282523
0.16064525
0.18457045
0.15466529
0.13049342
0.09484500
0.15467985
0.16344352
0.13721849
0.12838745
0.19855578
0.11841939
0.14150383
0.12016702
0.15381370
0.11599757
0.13208735
0.21924618
0.10870887
0.13592243
0.08976417
0.21774159
0.13861412
0.17493498
0.23845938
0.15800758
0.53517807
0.35044315
0.21059392
0.22120410
0.42952839
0.39638999
0.18475188
0.26393521
0.35314059
0.49339157
0.32585037
0.19914138
0.48149070
0.32920218
0.30671114
0.47746840
0.37230620
0.50509691
0.33656174
0.39632276
0.39164063
0.44470540
0.43549702
0.42058191
0.46509939
0.42609063
0.45380837
0.40284580
0.41895360
0.41679800
0.49083382
0.57169724
0.56071538
0.52855641
0.46906891
0.52287936
0.58781517
0.50073123
0.51692700
0.58817458
0.54094863
0.64241344
0.68206936
0.74504435
0.76257688
0.74719840
0.73392326
0.77377248
0.78299415
0.79671746
0.78670877
0.80494756
0.79960197
0.75391304
0.79242140
0.78977829
0.77002454
0.75717509
0.74811810
0.80666631
0.74950546
0.74834400
0.80179876
0.83561212
0.84850746
0.86017722
0.92299289
0.94750035
0.95801264
0.92556411
0.96271813
0.96395820
0.96603197
0.98271412
0.97868079
0.98091608
0.99150628
0.98857003
0.98731661
0.98827308
0.99060082
0.98777777
0.99037057
0.99115247
0.99533671
0.99351454
0.98765010
0.99115151
0.99007964
0.99269331
0.99320930
0.99385214
0.99214798
0.99306375
0.99383968
0.99316072
0.99308491
0.98985845
0.98793936
0.98858261
0.98981410
0.99030578
0.99144650
0.99321556
0.99220079
0.99382460
0.99336314
0.99308217
0.99215978
0.98804784
0.99147427
0.99273586
0.99197340
0.99236089
0.99147582
0.99437040
0.99571925
0.99431807
0.99471813
0.99287039
0.99474478
0.99569452
0.99299216
0.99117976
0.99258035
0.99213880
0.99275863
0.99213940
0.99251044
0.98890454
0.98914218
0.97976911
0.97938538
0.98410082
0.98669505
0.98571962
0.98022926
0.98499161
0.98693323
0.98627740
0.98269272
0.97717422
0.98654759
0.98977613
0.98646367
0.98494440
0.98173887
0.98694301
0.99009842
0.98732668
0.98281407
0.98608357
0.98326486
0.99139601
0.98845893
0.99195951
0.98871839
0.98495722
0.99125308
0.99060750
0.99145550
0.99291575
0.99208152
0.98986721
0.99156743
0.99253321
0.99129748
0.99134225
0.98930579
0.98890835
0.99288177
0.99218845
0.99181080
0.98835051
0.98745930
0.99120063
0.99237049
0.99027014
0.99040461
0.98813373
0.98577154
0.98651081
0.98693478
0.98321319
0.98337424
0.98520029
0.98752427
0.98577303
0.98343915
0.98601091
0.98740083
0.98943722
0.98867995
0.98732728
0.99004376
0.98791367
0.98498154
0.99022663
0.99150789
0.99156767
0.98993009
0.98902190
0.98964697
0.99135345
0.98979962
0.99242318
0.98969334
0.99094349
0.98962897
0.98919404
0.98803872
0.98402137
0.98410839
0.99166769
0.98929590
0.98773241
0.98618269
0.98704588
0.99058658
0.98905224
0.98833382
0.98860174
0.98907334
0.99087662
0.98881274
0.98822403
0.98825002
0.98873317
0.98761159
0.99061549
0.99042690
0.99059755
0.99117017
0.98783827
0.99353576
0.99270248
0.99271542
0.99639386
0.99616551
0.99611855
0.99511707
0.99322176
0.99367791
0.99031466
0.99413705
0.99386990
0.99008173
0.99462682
0.99157494
0.99405539
0.99319553
0.99496424
0.99407840
0.99376488
0.99363261
0.99318236
0.99089128
0.98834550
0.99325693
0.98852062
0.99099356
0.99394739
0.99342841
0.99354458
0.99414188
0.99531108
0.99335301
0.99207664
0.99076700
0.98920679
0.99034053
0.99090815
0.99086994
0.98961091
0.99184293
0.99166322
0.99029809
0.99355948
0.99361914
0.99269766
0.99098045
0.99111474
0.98968750
0.98884881
0.99007052
0.98784071
0.98915452
0.99217939
0.99287957
0.98996490
0.99085969
0.99074346
0.98620254
0.98622793
0.98604465
0.98981780
0.98639232
0.98363924
0.98782271
0.99043524
0.98790658
0.98791367
0.98447305
0.98933965
0.99287391
0.98819458
0.98435289
0.98192787
0.98436838
0.98280311
0.98421878
0.98453897
0.98634607
0.98956925
0.98935497
0.98973441
0.99023974
0.97665089
0.98306090
0.98923737
0.98553282
0.99228865
0.98815769
0.98928690
0.98702174
0.99066436
0.98787713
0.98365372
0.98586547
0.96031278
0.96187907
0.97927696
0.98030943
0.98209262
0.98754972
0.96921766
0.96727419
0.96696121
0.96004945
0.96058929
0.93675792
0.92810762
0.98947233
0.98300511
0.94647801
0.96304572
0.94812155
0.98329574
0.96059024
0.92733026
0.97220808
0.96401477
0.93745309
0.97881132
0.93645430
0.99126446
0.97575086
0.96553940
0.98676169
0.96621722
0.96347040
0.98029757
0.97928876
0.97060364
0.95660597
0.89780146
0.97969431
0.98967427
0.98566484
0.98188043
0.95141661
0.92646831
0.85544819
0.42307538
0.06141586
0.04492183
0.03936232
0.00750766
0.01558588
0.00465040
0.00950234
0.00473170
0.00691551
0.01412941
0.00972395
0.01088258
0.01415142
0.00733376
0.01209593
0.00662706
0.00812811
0.00394943
0.00526189
0.00498578
0.00651790
0.00556145
0.00894858
0.00590302
0.00521868
0.00473265
0.00403271
0.00629105
0.00625871
0.00777337
0.00569013
0.00342547
0.00547964
0.00724220
0.01291974
0.00632506
0.00598162
0.00472688
0.00642240
0.00507167
0.00988532
0.00838171
0.00851926
0.00862443
0.01415577
0.00792703
0.00952069
0.01075109
0.02336858
0.01407135
0.01430559
0.01710759
0.02748813
0.01439799
0.00878506
0.02044706
0.02241608
0.01267877
0.00627329
0.00906630
0.00351770
0.00383358
0.00496095
0.00490003
0.00448063
0.00780387
0.01135183
0.01427727
0.01710197
0.01800221
0.02657212
0.02666177
0.03389282
0.03416555
0.06381584
0.03520382
0.03983923
0.03712392
0.02782556
0.03429529
0.03495390
0.02689479
0.05335199
0.04246036
0.03929303
0.03878656
0.03869717
0.02280415
0.01253549
0.03529089
0.03101141
0.02974084
0.02195176
0.01802457
0.02428029
0.02178617
0.02421427
0.01711248
0.01720400
0.02923441
0.01926352
0.02862902
0.01899803
0.01962069
0.02402066
0.02297916
0.02171600
0.02647214
0.04874769
0.32506341
0.66148931
0.88530058
0.93389666
0.97503370
0.97955781
0.98255193
0.97782111
0.98596442
0.98666674
0.98860323
0.98671943
0.98308682
0.98729205
0.98088109
0.98819321
0.99208128
0.99405575
0.99168640
0.99190086
0.99143410
0.98823881
0.98926920
0.98709005
0.99047297
0.98717701
0.98891723
0.98089695
0.98171920
0.97609180
0.98432249
0.98430920
0.98259163
0.98628241
0.98498398
0.99156976
0.99350959
0.99212426
0.99465126
0.99351150
0.99544758
0.99484873
0.99631256
0.99606401
0.99572939
0.99555176
0.99560308
0.99493366
0.99529725
0.99371886
0.99348527
0.99392736
0.99063265
0.98927993
0.98772460
0.98744011
0.98640001
0.98462623
0.98721653
0.98425692
0.98134208
0.98206848
0.98072469
0.98446953
0.98446804
0.98836017
0.98842478
0.99062961
0.99194700
0.99259758
0.99288404
0.99228609
0.99253768
0.99271953
0.98979914
0.99057519
0.99053687
0.98939461
0.98768252
0.98962224
0.98820114
0.98761904
0.98827118
0.99117064
0.99165654
0.99290717
0.99089843
0.99095893
0.98939741
0.98965120
0.98960227
0.98972297
0.99192977
0.99126631
0.99107742
0.99161869
0.99129409
0.99108046
0.98516500
0.98171806
0.98985660
0.98819810
0.98426408
0.98306215
0.99168831
0.99012250
0.98942906
0.98157215
0.98470193
0.98214644
0.98436272
0.98467362
0.98672915
0.98550224
0.98774093
0.98753542
0.98745662
0.98540580
0.98949510
0.98686802
0.98839265
0.98664248
0.98795193
0.99192882
0.99009842
0.98984808
0.98751664
0.98693526
0.98752314
0.98923862
0.98683214
0.99072427
0.98634005
0.98773581
0.98899674
0.98872745
0.99066800
0.98884380
0.98864728
0.99141592
0.99220324
0.99013537
0.99186724
0.99169266
0.98785454
0.98828018
0.99044728
0.99096000
0.98947608
0.98644602
0.98983139
0.98965722
0.99362743
0.99319708
0.99293834
0.99271691
0.99353164
0.99415153
0.98986661
0.99312121
0.98907918
0.98866385
0.98933524
0.98826075
0.98908663
0.98985040
0.98961228
0.99156332
0.98926163
0.98725003
0.99082959
0.98948705
0.98732102
0.98817551
0.98804897
0.98840439
0.98970443
0.98980647
0.99080241
0.99122226
0.99263036
0.99310476
0.99120367
0.99044842
0.99180424
0.99375892
0.99414319
0.99244726
0.99103326
0.98523557
0.98487222
0.99032366
0.99029070
0.99050552
0.98930991
0.99235207
0.98990262
0.99201828
0.99092156
0.99041498
0.99203742
0.99142188
0.99110425
0.99008584
0.98875344
0.98764861
0.98999184
0.99061954
0.98827773
0.99207908
0.99171597
0.99038565
0.98967689
0.99245077
0.99380070
0.99462128
0.99392974
0.99546522
0.99617922
0.99504942
0.99543387
0.99367803
0.99311054
0.99125099
0.99274653
0.99324667
0.99332231
0.99460018
0.99379188
0.99380541
0.99363708
0.99289072
0.99240232
0.99326575
0.99289674
0.99309784
0.99133623
0.99363744
0.99181765
0.99154037
0.99316967
0.99211371
0.99402797
0.99185783
0.99258012
0.99081028
0.99189067
0.98776054
0.98956817
0.99032730
0.99101841
0.98958641
0.98698169
0.99233514
0.99164069
0.99353057
0.99515706
0.99474204
0.99220908
0.99170470
0.98484635
0.98498869
0.97965425
0.98179483
0.98080301
0.98180079
0.97841853
0.98416418
0.98467153
0.97994667
0.98187476
0.98545766
0.98621887
0.98541254
0.98481965
0.98705554
0.98689771
0.98897576
0.98791760
0.98550630
0.99005300
0.99415451
0.99472445
0.99566346
0.99495441
0.99493223
0.99452001
0.99529642
0.99500269
0.99390125
0.99573117
0.99578768
0.99429816
0.99611264
0.99653178
0.99682295
0.99545550
0.99574560
0.99531305
0.99469936
0.99511659
0.99354279
0.99420351
0.99347031
0.99225020
0.99199378
0.99425477
0.99362755
0.99299860
0.99317473
0.99480057
0.99370617
0.99342304
0.99233717
0.99272561
0.99436015
0.99176943
0.99054396
0.99162966
0.99389535
0.99151176
0.99009854
0.99272364
0.99372971
0.99437696
0.99430484
0.99444854
0.99361986
0.99249470
0.98879480
0.98722887
0.99091738
0.99193829
0.99468058
0.99551988
0.99507952
0.99116981
0.97232246
0.98264414
0.99055344
0.98709351
0.99097353
0.99232483
0.99062496
0.99439299
0.99324977
0.98952055
0.99226576
0.99097353
0.98942018
0.98501217
0.98197478
0.98144031
0.96628100
0.98446852
0.96250796
0.95387852
0.98512846
0.96975148
0.97341377
0.97093236
0.90681851
0.83371592
0.82832175
0.67322099
0.70608181
0.60671043
0.53941172
0.56412536
0.63595897
0.52946430
0.39605132
0.63180047
0.49601653
0.49170378
0.25486192
0.55825275
0.31871814
0.23908103
0.38448802
0.22660747
0.33786690
0.33011666
0.24040444
0.35061634
0.30085286
0.34517452
0.30852002
0.38301823
0.31635252
0.32864672
0.40370202
0.42522812
0.34622157
0.44132942
0.45433339
0.43384790
0.46852461
0.42843327
0.49066076
0.43181762
0.54253685
0.51607013
0.59561419
0.58305711
0.60910285
0.50101697
0.48261026
0.52370405
0.63633287
0.51423055
0.59783226
0.46448791
0.33423987
0.25160801
0.29429930
0.30024028
0.36450922
0.39303562
0.42234483
0.32372054
0.36268079
0.41830161
0.52557892
0.55632025
0.58698982
0.59315515
0.58900750
0.65598923
0.62920815
0.72349918
0.86961049
0.92232025
0.89735591
0.84734333
0.86335433
0.79620373
0.72260118
0.82597321
0.77186036
0.81409663
0.83766210
0.81624961
0.87586999
0.94578713
0.95751339
0.95940965
0.95757699
0.96111304
0.95449662
0.96346486
0.94124216
0.97043502
0.96750087
0.97447681
0.96705931
0.97169465
0.97888124
0.97981310
0.97993511
0.98579860
0.98527515
0.98765939
0.98663890
0.98716378
0.99015826
0.99206346
0.99308676
0.99204540
0.98800570
0.99010372
0.99056256
0.99083298
0.99158341
0.99127102
0.99039453
0.98996818
0.99038446
0.98860651
0.99066859
0.99085754
0.98948282
0.98778045
0.97943920
0.97970003
0.98264229
0.98224282
0.98383409
0.98083580
0.98257416
0.98220879
0.98112893
0.98065335
0.97901869
0.97981697
0.97857147
0.97317713
0.97044533
0.96552604
0.97292328
0.97309995
0.97660476
0.97839582
0.98223406
0.98268086
0.98442078
0.98731029
0.98293984
0.98241502
0.97570372
0.97527361
0.97767615
0.95057935
0.91634709
0.94098043
0.91640067
0.83978063
0.85035503
0.82036459
0.81727093
0.85077012
0.89541769
0.79869759
0.86481959
0.79434043
0.79519355
0.76277256
0.57071316
0.71060139
0.63958222
0.58145988
0.43183464
0.45827353
0.43250218
0.63398492
0.48754060
0.53804088
0.70266622
0.48867440
0.33873048
0.39997962
0.41692409
0.46100727
0.54529059
0.53565478
0.42713806
0.44268060
0.48605570
0.46327186
0.45948622
0.53388911
0.42250064
0.49257532
0.35617501
0.33945021
0.31233931
0.13460357
0.23714410
0.44683993
0.36396447
0.76592875
0.49378994
0.59687227
0.72798312
0.54672784
0.60389590
0.52701420
0.73962188
0.53038740
0.73893726
0.39369538
0.41079387
0.43449831
0.27599049
0.43883911
0.25487870
0.25012261
0.32401809
0.13906467
0.33826593
0.16756810
0.16810423
0.14130135
0.19747527
0.13827476
0.17387281
0.17225577
0.23296809
0.07556820
0.21716316
0.14250913
0.44903818
0.15430260
0.20173675
0.26940742
0.14369227
0.41947243
0.34363520
0.29199982
0.41091737
0.32494396
0.35663614
0.44893423
0.44635516
0.32183617
0.56677771
0.48908877
0.59305471
0.52384859
0.53630245
0.47368440
0.54298007
0.43478209
0.48122963
0.40314996
0.43181765
0.51467758
0.69251490
0.71600854
0.72530377
0.79610562
0.75031513
0.81709296
0.86516708
0.85793161
0.91605300
0.93055791
0.90828490
0.93227708
0.95414913
0.94817120
0.94671345
0.93159431
0.91861475
0.91624534
0.91610551
0.91367328
0.90070248
0.89997339
0.88285923
0.86523527
0.85357195
0.85370511
0.85601902
0.83754450
0.83820099
0.81493068
0.81949449
0.83042914
0.81843400
0.77358389
0.83502167
0.85704815
0.85698342
0.86553854
0.90071398
0.91829187
0.93441129
0.96863192
0.98109978
0.98747766
0.99102849
0.99244916
0.98996347
0.98724687
0.98917025
0.98909670
0.99307382
0.99242860
0.98703372
0.98784411
0.98794299
0.98496050
0.98607939
0.99144238
0.99260300
0.98832393
0.98745549
0.98931378
0.98597395
0.97317141
0.98164684
0.97807431
0.96681333
0.95714694
0.95253152
0.95938182
0.95502865
0.95545650
0.95504183
0.96527272
0.97523105
0.97811723
0.97847635
0.97721797
0.97680616
0.97420484
0.97895515
0.98478347
0.98361236
0.98903966
0.97404748
0.96802729
0.98136866
0.96856773
0.91459680
0.92089736
0.91584861
0.90480089
0.92783386
0.80039740
0.92473084
0.90436798
0.94687253
0.92666131
0.92713171
0.91957968
0.93037099
0.49613899
0.63933975
0.81158364
0.64834690
0.59740287
0.48820928
0.48252675
0.26037231
0.40055531
0.40822101
0.48315629
0.39802170
0.39815634
0.43619993
0.44070935
0.18147412
0.41926539
0.34307814
0.26838234
0.29530919
0.23298274
0.11850288
0.20740576
0.45640993
0.09224854
0.32582164
0.36208785
0.42217079
0.13060488
0.38717407
0.47586009
0.29947275
0.38976505
0.31321269
0.34864381
0.38915637
0.21966644
0.40677544
0.21006164
0.38413599
0.35273978
0.18695275
0.44656178
0.43651718
0.42253980
0.13275041
0.20100902
0.26880825
0.33138475
0.32590884
0.15289895
0.13438931
0.17687109
0.12910004
0.19831097
0.24213409
0.21996781
0.19205678
0.24957028
0.22069871
0.22033893
0.16304435
0.19711757
0.17726088
0.28616071
0.22634670
0.35236701
0.26697567
0.35044083
0.35375625
0.25567949
0.21626987
0.24051155
0.20885390
0.18511605
0.26519844
0.19580564
0.32467815
0.39115793
0.40909109
0.32442543
0.21071708
0.26477417
0.38331786
0.20591502
0.43870246
0.39381957
0.57661891
0.54804832
0.39473572
0.59883082
0.67131555
0.69568622
0.78495091
0.77651942
0.73894846
0.66305923
0.80533481
0.72609597
0.71662050
0.86173308
0.89866602
0.93943363
0.94190049
0.94216168
0.94928914
0.94516164
0.96708673
0.97875619
0.98084843
0.97187841
0.98124033
0.98153704
0.97909343
0.98766255
0.98660409
0.99008954
0.98780602
0.98588622
0.98793113
0.99004036
0.98852330
0.98959535
0.98967427
0.98910493
0.98951763
0.99033207
0.99239314
0.99252397
0.99409229
0.99520963
0.99648017
0.99545503
0.99570197
0.99621189
0.99539196
0.99613863
0.99670768
0.99402505
0.99323410
0.98969471
0.99061805
0.98292899
0.99312931
0.99216014
0.99163997
0.98813450
0.97002912
0.98346877
0.98529911
0.98957777
0.99242026
0.98888910
0.98595864
0.97109187
0.98125720
0.97487825
0.97444791
0.59783781
0.43452674
0.43794122
0.29527351
0.17413245
0.17487328
0.40205079
0.36652130
0.28830624
0.15519412
0.15845215
0.37666801
0.06631073
0.04234864
0.07076719
0.04202536
0.07491361
0.06913507
0.11514933
0.12565890
0.09414286
0.10484752
0.08462746
0.06536557
0.05600340
0.03316253
0.03289184
0.03110793
0.05658653
0.09282812
0.22262685
0.41019008
0.31259319
0.66923678
0.95065963
0.98653865
0.98493934
0.98560196
0.98964757
0.98748338
0.98585272
0.98989481
0.99249518
0.99163109
0.99083430
0.99098736
0.98622340
0.98916024
0.99002403
0.98585135
0.98530722
0.97778165
0.98642600
0.98915148
0.98795766
0.98975104
0.99075001
0.99177003
0.99519229
0.99577254
0.99446362
0.99410158
0.99604082
0.99459559
0.99232799
0.99076426
0.99054164
0.98623520
0.98672974
0.98702300
0.98485476
0.98522097
0.98444659
0.98395270
0.98538148
0.99219090
0.99128914
0.99195474
0.99259698
0.99224198
0.99124134
0.98916841
0.99118412
0.98897386
0.98842537
0.99172360
0.99114203
0.99183571
0.99342752
0.99439889
0.99684334
0.99421692
0.99632204
0.99352551
0.99518037
0.99521649
0.99537575
0.99515271
0.99630654
0.99677783
0.99581617
0.99533796
0.99358290
0.99150193
0.99340522
0.99052072
0.99588662
0.98987156
0.99077058
0.98858684
0.99128973
0.99452257
0.99304259
0.99200529
0.99356985
0.99492657
0.99480033
0.99367493
0.99141240
0.99204397
0.99424607
0.99284267
0.99252641
0.99284852
0.99072903
0.99045008
0.99154121
0.98825186
0.98980623
0.99245667
0.99542660
0.99515235
0.99516869
0.99583519
0.99643612
0.99621660
0.99653661
0.99660695
0.99551231
0.99571484
0.99625254
0.99563426
0.99534142
0.99523228
0.99558407
0.99501193
0.99577659
0.99650675
0.99671763
0.99603015
0.99603808
0.99579787
0.99689388
0.99639767
0.99615639
0.99485248
0.99522984
0.99359846
0.99554908
0.99465585
0.99547100
0.99601114
0.99499476
0.99319422
0.99517512
0.99384981
0.99165654
0.99064797
0.97943854
0.97529024
0.97566199
0.96509713
0.98125196
0.98127675
0.98114419
0.97899950
0.97925228
0.97967339
0.98294479
0.97769088
0.97093517
0.98436153
0.97667205
0.98255092
0.97954327
0.97543156
0.98264128
0.98032802
0.97811514
0.97418821
0.94586694
0.88338703
0.69564122
0.81791097
0.75959617
0.52732885
0.71440727
0.75234938
0.73683745
0.72409707
0.67695516
0.75590187
0.71045804
0.68606365
0.68121314
0.70626044
0.66664612
0.75073528
0.77105337
0.84817857
0.74450350
0.82322836
0.79773396
0.83536303
0.81583947
0.76903713
0.71183300
0.83787680
0.79283994
0.77550745
0.64076138
0.66023254
0.70936078
0.81408834
0.75552136
0.77131534
0.68336695
0.68873221
0.68842041
0.73643279
0.62686574
0.64746165
0.68195927
0.66370064
0.65466851
0.52612215
0.60747373
0.59864300
0.50590640
0.60736787
0.75213087
0.63586795
0.61935341
0.59822637
0.62508804
0.67926842
0.66847736
0.57766730
0.66873002
0.77655315
0.65760553
0.68259901
0.68103468
0.70525032
0.72445250
0.67781043
0.72001135
0.72518885
0.73075914
0.70729935
0.69345653
0.74826431
0.80516064
0.88268393
0.80541396
0.87878716
0.90730780
0.91570371
0.94447809
0.94419408
0.97675145
0.97848940
0.98833102
0.98180699
0.98043138
0.98318636
0.98806840
0.98832011
0.98543048
0.98673546
0.98506391
0.98450273
0.98861736
0.98580265
0.98755604
0.98621351
0.98631465
0.98763019
0.98924994
0.99001187
0.98779511
0.98929751
0.98986208
0.98805851
0.98974633
0.99113423
0.99291372
0.99364775
0.99432796
0.99456018
0.99306244
0.99157846
0.99222362
0.98794788
0.99043137
0.99285054
0.98786759
0.98649734
0.98732263
0.98331058
0.97269070
0.97033274
0.97066993
0.97423947
0.93761039
0.94319940
0.91928256
0.89233041
0.72451109
0.85604703
0.90325493
0.81548268
0.79930794
0.80416101
0.77049595
0.79963976
0.75885421
0.70832253
0.77478981
0.74612719
0.76169866
0.77046674
0.68261707
0.55754513
0.74993318
0.70732123
0.69636101
0.73044717
0.52910340
0.35675606
0.41562024
0.52238029
0.50676239
0.49234977
0.45718521
0.44843009
0.42775685
0.49504015
0.44099000
0.48339564
0.50671703
0.43163034
0.55206829
0.52352279
0.56086046
0.52726179
0.64088237
0.59120995
0.60568237
0.67631495
0.73684269
0.56657004
0.47345439
0.39331609
0.35292047
0.46021971
0.25801569
0.36071539
0.23248532
0.39668608
0.28781509
0.48225841
0.36233565
0.17732391
0.20001364
0.24434568
0.27704179
0.28635642
0.21320139
0.17092092
0.41646448
0.29276955
0.32709995
0.23232374
0.41848972
0.40579379
0.36269104
0.31846300
0.23646390
0.32218465
0.40757525
0.35832375
0.23591885
0.51546103
0.35509983
0.26271540
0.30802223
0.48622757
0.42455035
0.17702137
0.28460741
0.36209545
0.37388274
0.28753716
0.40472269
0.23745672
0.36759889
0.41672879
0.39090431
0.38405165
0.40281153
0.39374432
0.43140677
0.54843909
0.56629050
0.68922359
0.45284429
0.49268243
0.58775496
0.55556405
0.52880585
0.75913715
0.77077955
0.82963544
0.83151257
0.86025864
0.91612804
0.94952315
0.97055727
0.97580612
0.99021834
0.99291307
0.99393529
0.99410254
0.99434114
0.99478167
0.99519676
0.99575019
0.99581701
0.99589682
0.99435127
0.99350786
0.99110717
0.99180812
0.99104530
0.98881555
0.98636162
0.98406118
0.98175263
0.97870767
0.98236257
0.98124576
0.97880858
0.98414260
0.98794556
0.98843539
0.98498178
0.99021590
0.98934132
0.98663992
0.98502272
0.99154401
0.99079108
0.98782957
0.98850793
0.98998696
0.99025631
0.98843551
0.98955077
0.98971027
0.98904818
0.98655999
0.98733306
0.98568732
0.98964721
0.99162966
0.99365991
0.99421990
0.99462730
0.99180651
0.99113268
0.99038869
0.99488127
0.99545032
0.99569559
0.99563271
0.99547511
0.99447083
0.99231780
0.99435776
0.99476492
0.99283773
0.99351633
0.99506348
0.99361861
0.99119109
0.99190921
0.99234349
0.99061090
0.99230534
0.99327445
0.99267608
0.99270248
0.99185342
0.99159968
0.99329585
0.99423283
0.99415308
0.99391383
0.99412537
0.99370319
0.99434918
0.99420953
0.99602157
0.99337548
0.99219280
0.99044949
0.99092883
0.99097341
0.99238998
0.98464102
0.99329644
0.97567999
0.96823812
0.96123385
0.97892445
0.94624132
0.83579308
0.87021357
0.94639248
0.93396473
0.82524300
0.88100147
0.69826615
0.58010876
0.49893808
0.48950773
0.46848181
0.36644405
0.55741256
0.23455279
0.28334430
0.45137760
0.08192180
0.20838732
0.18799172
0.12175027
0.05894746
0.05184426
0.18837121
0.03262876
0.05830073
0.12011361
0.08642112
0.05672560
0.10274166
0.10719331
0.05870755
0.23481153
0.08385270
0.21782233
0.06142753
0.05221601
0.31844649
0.11897679
0.17532976
0.08130672
0.07520444
0.04672056
0.31952325
0.32140756
0.26550096
0.11794286
0.27578512
0.14821655
0.11633159
0.32791317
0.07615307
0.10271054
0.10068591
0.06176973
0.17501481
0.09841369
0.09029745
0.06746984
0.07959019
0.22900134
0.18866540
0.23779035
0.09623105
0.14973779
0.12076682
0.04281417
0.07632568
0.08542962
0.07028654
0.08095334
0.15279064
0.17217654
0.17493637
0.13591872
0.07418985
0.11675685
0.14109556
0.15105544
0.13552098
0.18636434
0.14588426
0.16626285
0.14838193
0.12425879
0.14638601
0.13026318
0.13268015
0.11340436
0.17554100
0.25838009
0.25971061
0.48881045
0.37636849
0.48984179
0.35769847
0.38576102
0.48526391
0.33556375
0.42566752
0.50859624
0.37053663
0.37053737
0.54919493
0.64947015
0.57895350
0.67658120
0.80472797
0.81672311
0.88726354
0.88819104
0.90572965
0.92167270
0.93446100
0.94021314
0.93967992
0.92413104
0.94273120
0.95990884
0.97559947
0.98321795
0.98944622
0.99092203
0.99385142
0.99444604
0.99511224
0.99349493
0.99224067
0.99065244
0.98919630
0.98758185
0.98605961
0.98708725
0.98803806
0.98605865
0.98743224
0.98881799
0.98821950
0.98702037
0.98960471
0.98528999
0.98449141
0.98429871
0.98243481
0.99163657
0.99524647
0.99075705
0.98916417
0.99393892
0.99385804
0.99334139
0.99329501
0.99341279
0.99131620
0.99272972
0.98894185
0.88145280
0.33588099
0.04378603
0.04899381
0.06153907
0.08954115
0.04566899
0.03719060
0.17093635
0.17629284
0.13504998
0.12490044
0.08950408
0.07674245
0.05249725
0.11573651
0.06671280
0.06806676
0.04469652
0.03936949
0.03660513
0.05535640
0.02840678
0.04481595
0.03880858
0.06128604
0.05901479
0.10861433
0.10819700
0.16297650
0.27390358
0.60704577
0.69645911
0.87440509
0.93660355
0.96106833
0.97006297
0.98155701
0.98501486
0.98229516
0.98460174
0.98700559
0.98512578
0.98313671
0.98250210
0.98549438
0.98464048
0.98592412
0.98658723
0.98799485
0.98497564
0.98337030
0.98679578
0.98799700
0.98795158
0.98643470
0.98722965
0.99281800
0.99324542
0.99242896
0.99182957
0.99032825
0.99025983
0.98471481
0.98945856
0.98533773
0.99001992
0.98976398
0.99090600
0.99319118
0.99340361
0.99359035
0.99440199
0.99368733
0.99353349
0.99404126
0.99288964
0.99343300
0.99183249
1.00000000
1.00000000
1.00000000
