1.00000000
1.00000000
1.00000000
1.00000000
1.00000000
1.00000000
1.00000000
1.00000000
1.00000000
1.00000000
1.00000000
1.00000000
1.00000000
1.00000000
1.00000000
1.00000000
1.00000000
1.00000000
1.00000000
1.00000000
1.00000000
1.00000000
1.00000000
1.00000000
1.00000000
1.00000000
1.00000000
1.00000000
1.00000000
1.00000000
1.00000000
1.00000000
1.00000000
1.00000000
1.00000000
1.00000000
1.00000000
1.00000000
1.00000000
1.00000000
1.00000000
1.00000000
1.00000000
1.00000000
1.00000000
1.00000000
1.00000000
1.00000000
1.00000000
1.00000000
1.00000000
1.00000000
1.00000000
1.00000000
1.00000000
1.00000000
1.00000000
1.00000000
1.00000000
1.00000000
1.00000000
1.00000000
1.00000000
0.98384941
0.98415852
0.98301572
0.98177576
0.98263079
0.98473954
0.98489481
0.98514831
0.98422259
0.98331386
0.98410416
0.98388600
0.98244882
0.98372340
0.98427594
0.98356265
0.98238719
0.98410529
0.98382241
0.98238659
0.98322046
0.98330265
0.98372424
0.98320317
0.98180115
0.98195523
0.98424453
0.98495829
0.98481745
0.98384732
0.98116297
0.98072135
0.98282027
0.98385805
0.98425597
0.98423922
0.98438996
0.98472863
0.98534966
0.98529410
0.98529935
0.98474020
0.98575252
0.98570639
0.98502100
0.98542374
0.98516625
0.98485512
0.98117894
0.97737020
0.98175240
0.98211962
0.97258872
0.97538066
0.97669685
0.97705847
0.97290266
0.97711802
0.97269440
0.97808468
0.98086929
0.98008406
0.97924852
0.98050356
0.98301017
0.98319572
0.98447591
0.98368847
0.98525411
0.98452944
0.98471743
0.98518348
0.98515677
0.98635161
0.98660791
0.98724604
0.98736006
0.98737234
0.98738378
0.98638386
0.98503947
0.98537594
0.98360533
0.98270732
0.98361647
0.98410970
0.98460507
0.98445940
0.98277789
0.98265314
0.98113245
0.97683936
0.97315425
0.97282785
0.97152168
0.96998245
0.96690446
0.96560782
0.96835786
0.97129244
0.97371125
0.97659814
0.97581530
0.97533119
0.97590077
0.97602683
0.97885603
0.98288363
0.98170716
0.97993499
0.98223341
0.98349297
0.98347151
0.98464948
0.98476934
0.98296010
0.98147810
0.98329997
0.98358226
0.98221302
0.97998023
0.98128062
0.98392475
0.98571658
0.98466772
0.98631650
0.98445189
0.98703915
0.98857403
0.98802608
0.98852742
0.98791003
0.98735261
0.98669505
0.98580766
0.98599041
0.98619694
0.98628634
0.98571116
0.98610735
0.98653746
0.98616576
0.98527145
0.98283064
0.98165590
0.97948176
0.97627580
0.97832710
0.97654837
0.97548622
0.97924942
0.98289466
0.98064911
0.98048073
0.98065317
0.98141611
0.98249006
0.98130393
0.98475224
0.98494267
0.98503369
0.98409903
0.98444670
0.98488915
0.98422921
0.98418564
0.98311979
0.98288399
0.98301446
0.98456407
0.98392212
0.98299140
0.98275638
0.98038703
0.97853410
0.97939026
0.98211229
0.98102587
0.98117322
0.98239422
0.98271531
0.98212779
0.98253858
0.98158699
0.97831798
0.97994572
0.98034072
0.98287177
0.98042977
0.98071814
0.98097587
0.98040730
0.98159331
0.98426801
0.98313081
0.98348916
0.98432678
0.98149979
0.97949445
0.98066872
0.97858882
0.97901583
0.97982156
0.97798902
0.97522414
0.97717780
0.97654617
0.97922486
0.97570181
0.97945315
0.97904474
0.97934133
0.97677726
0.97501409
0.97876316
0.98278826
0.98148417
0.98071504
0.97355258
0.97153711
0.96650445
0.96146226
0.95954114
0.96924311
0.97616303
0.97464138
0.96275383
0.97096550
0.96828073
0.97967505
0.97942996
0.98229367
0.98162466
0.98421085
0.98286879
0.98461193
0.98489732
0.98645252
0.98631161
0.98471695
0.98378754
0.98128957
0.98256159
0.98392433
0.98168027
0.98329079
0.98246336
0.98121554
0.97759116
0.97940445
0.98682237
0.98548734
0.98300111
0.98572505
0.98024166
0.98200363
0.98515236
0.98341149
0.98594451
0.98289376
0.98495609
0.98043025
0.97520185
0.98282546
0.98570871
0.98450512
0.98449671
0.98489851
0.98084533
0.98367822
0.98435891
0.98510391
0.98472810
0.98444623
0.98316193
0.98065716
0.98277575
0.98488367
0.98491454
0.98675913
0.98652250
0.98404402
0.98396444
0.98348606
0.98332292
0.98218244
0.98134845
0.98486853
0.98154390
0.97964662
0.98677236
0.98139542
0.98317277
0.98041224
0.98039311
0.98377836
0.98057109
0.98138094
0.98599422
0.97827053
0.98639584
0.97929311
0.98843026
0.98745358
0.98443192
0.98330510
0.98437196
0.98167312
0.98549378
0.98254251
0.97998410
0.98382968
0.98227066
0.98525733
0.98402542
0.98383242
0.98572356
0.98706388
0.98053646
0.98568696
0.98639655
0.98666722
0.98558700
0.98934186
0.98851669
0.98923969
0.98528743
0.98629320
0.98509616
0.98802698
0.98820519
0.98762262
0.98560035
0.98591799
0.98404801
0.98426986
0.98529553
0.98467362
0.98681319
0.98699808
0.98817396
0.98227501
0.98723942
0.98365593
0.98648292
0.98379982
0.98209780
0.98608184
0.98246920
0.98496729
0.98434466
0.98567998
0.98637915
0.98659444
0.98890162
0.98812240
0.98807538
0.98718357
0.98748952
0.98724967
0.98751640
0.98711675
0.98504966
0.98582584
0.98736560
0.98505092
0.98622918
0.98611814
0.98288685
0.98789608
0.98521787
0.98763603
0.98393667
0.98499817
0.99096972
0.98962057
0.98872536
0.98849303
0.98795450
0.98781091
0.98886138
0.98797882
0.98855388
0.98507732
0.98617446
0.98672909
0.98859626
0.98634470
0.98995435
0.99038905
0.99023294
0.98875529
0.98742127
0.98985696
0.98660719
0.98448205
0.98766512
0.98750383
0.98812884
0.98495561
0.98335475
0.98955780
0.98712593
0.98886222
0.98783362
0.98528427
0.98912829
0.98914808
0.98422539
0.99022967
0.98908979
0.99237776
0.98904067
0.98928541
0.99145526
0.98847520
0.98950046
0.99048340
0.99185342
0.98734015
0.99005449
0.99182326
0.98632181
0.99094969
0.98915219
0.98821765
0.98751217
0.99070388
0.99001557
0.99034709
0.98961824
0.99064821
0.98943758
0.99067491
0.98618978
0.98941958
0.99179262
0.98689044
0.98882687
0.98858750
0.98787385
0.99049675
0.98944283
0.98845702
0.99224299
0.98865044
0.99081451
0.98905200
0.99074018
0.98911524
0.98993051
0.98930222
0.99018586
0.98654222
0.98948061
0.99071163
0.98577672
0.98823929
0.98669225
0.98169231
0.98916978
0.98647577
0.98736769
0.98343796
0.98790354
0.98264635
0.98616761
0.98392266
0.98219299
0.97563553
0.97859973
0.97710210
0.96999043
0.96919495
0.97386229
0.97410667
0.96162295
0.96330726
0.96485263
0.96686661
0.96565419
0.96599382
0.95958579
0.97113299
0.95512968
0.96773428
0.96282953
0.96420515
0.96133935
0.96772945
0.96813780
0.96891040
0.94728428
0.96697593
0.96697760
0.96533215
0.96699464
0.96216416
0.96437597
0.96791905
0.96999210
0.96674371
0.96138763
0.96978050
0.95513815
0.96612829
0.97166181
0.96527237
0.97326702
0.96303767
0.97102833
0.96870774
0.97262031
0.97202456
0.97235900
0.97250122
0.97282934
0.96868259
0.97079921
0.97212505
0.97356898
0.97042948
0.97122532
0.97343957
0.96745849
0.97217721
0.97347838
0.96522361
0.96812773
0.96566498
0.96112341
0.96329415
0.96603137
0.95779282
0.95963323
0.96475685
0.96325409
0.96827459
0.96688199
0.96847486
0.96916962
0.97055089
0.96232915
0.97111636
0.96586901
0.96985471
0.97032601
0.96602440
0.97398531
0.96963781
0.96587378
0.96395683
0.95389760
0.96013629
0.95388842
0.95747817
0.96191615
0.96193188
0.96057659
0.95356935
0.96388519
0.96932316
0.95756406
0.95496070
0.95737231
0.96190822
0.95287365
0.95182687
0.96344227
0.96539414
0.96786231
0.96579492
0.96826494
0.96846426
0.96935892
0.97028154
0.95786041
0.97576809
0.96454883
0.96164423
0.97225124
0.96153212
0.95948595
0.96929818
0.95964551
0.97292441
0.96019089
0.96715528
0.97099924
0.97236753
0.96451211
0.96488923
0.96372586
0.96432954
0.97385019
0.96145356
0.96879488
0.97017014
0.97148031
0.96968263
0.96950465
0.96566731
0.96676129
0.96753258
0.96578747
0.96441221
0.96652961
0.96089977
0.97313416
0.97055131
0.97347552
0.97407508
0.97262198
0.96749765
0.95927888
0.96256626
0.96424586
0.95736784
0.96900481
0.96423364
0.96321517
0.96445978
0.96252286
0.96633798
0.95662498
0.95969075
0.96481234
0.96078181
0.95604378
0.96223325
0.95727038
0.95191056
0.95529252
0.94933349
0.92678374
0.91729641
0.89341229
0.85284483
0.79397863
0.76125956
0.76201856
0.74674881
0.71772420
0.74927974
0.71179765
0.67384821
0.68833548
0.65388751
0.65267330
0.62543464
0.60395175
0.54623848
0.55155629
0.53261590
0.52517897
0.44739681
0.39454728
0.40597844
0.40891808
0.33197194
0.37900004
0.33886015
0.36867329
0.36854285
0.35581610
0.38212872
0.33055127
0.30599445
0.31575730
0.30309951
0.24079986
0.23623499
0.22414345
0.20758083
0.21143053
0.19905622
0.19068076
0.19014257
0.18845633
0.17680871
0.17160994
0.18752487
0.17146292
0.17055632
0.18006910
0.18234833
0.17951486
0.16824833
0.18363625
0.17116417
0.16465817
0.17855965
0.17097352
0.18432179
0.17538892
0.15814868
0.19033672
0.16923192
0.17815386
0.17904311
0.16591437
0.16300806
0.15614873
0.16872755
0.18327945
0.16653134
0.18383387
0.19975770
0.19753626
0.18847035
0.18557264
0.19760498
0.17491308
0.21378404
0.19510743
0.19093195
0.19161831
0.20981804
0.20078939
0.20090669
0.19670834
0.18299916
0.18099919
0.18106531
0.19798772
0.17565259
0.18702435
0.18955904
0.17949037
0.17342135
0.17759760
0.19038571
0.16427517
0.16303070
0.17521513
0.18530056
0.17693628
0.18354176
0.15497498
0.15664870
0.18211439
0.15042335
0.17083678
0.16353674
0.16492712
0.17420053
0.17216478
0.17865013
0.19289900
0.18411827
0.16665466
0.16017340
0.15940638
0.17871346
0.16658603
0.17305385
0.18197948
0.19209102
0.17340255
0.19084173
0.18396570
0.18546432
0.17473584
0.17418265
0.18283930
0.16788685
0.19079150
0.17725511
0.18109278
0.19473529
0.17275001
0.18316391
0.19600220
0.16969006
0.17595434
0.17149866
0.17319223
0.18873690
0.18074867
0.17704803
0.16305150
0.16967501
0.17959557
0.17289129
0.17123015
0.17034552
0.17558011
0.18039283
0.16923554
0.17624272
0.16908650
0.17624366
0.16684023
0.15131974
0.16431046
0.17108552
0.15882204
0.17142564
0.18777096
0.17743500
0.18378551
0.16032414
0.17170873
0.19229423
0.21461764
0.23584417
0.22861633
0.19323242
0.26059946
0.23391627
0.23042852
0.20033930
0.17328629
0.18513094
0.16172166
0.14687401
0.16474465
0.16024336
0.17263103
0.18396276
0.17185389
0.16731831
0.15462950
0.17186201
0.17539573
0.17729808
0.17764173
0.17533922
0.15801433
0.15889400
0.15359087
0.16358310
0.16334240
0.16961075
0.14387700
0.14615355
0.15185279
0.14026049
0.15832832
0.17395261
0.15799257
0.16421609
0.14380732
0.14775732
0.16604264
0.18928163
0.15098436
0.18658005
0.19205269
0.20438620
0.20385598
0.18007663
0.17245363
0.16222551
0.16454881
0.15476005
0.16126855
0.15338793
0.16959338
0.16413881
0.16055086
0.16571057
0.16559272
0.16298458
0.16495940
0.17116001
0.16560425
0.16513798
0.16617765
0.16499850
0.17192830
0.17299671
0.16107081
0.16073108
0.15855248
0.15656698
0.17382812
0.17456281
0.17041138
0.16838852
0.16824320
0.16853207
0.16817197
0.17051309
0.16905344
0.16919324
0.16704558
0.16594914
0.16397385
0.16750975
0.17430177
0.17648365
0.17347668
0.17742364
0.17971842
0.18235011
0.20989075
0.21737909
0.24387936
0.27878052
0.28735363
0.29754660
0.31022063
0.30724278
0.30679759
0.33260524
0.34836227
0.37431714
0.40779483
0.42915919
0.44427103
0.45754269
0.49350223
0.53438640
0.55172265
0.53782773
0.56017619
0.59707701
0.61904848
0.64914858
0.67261040
0.73290616
0.80463129
0.84829694
0.89193904
0.91570520
0.94583160
0.95836818
0.96224493
0.96914142
0.97533423
0.97525430
0.97258085
0.97501945
0.97043836
0.96765167
0.97128177
0.97186691
0.96519142
0.96207434
0.95656151
0.94928342
0.95285535
0.95370555
0.95824456
0.95852637
0.96477669
0.96996349
0.96889859
0.96885508
0.96940672
0.96799469
0.96759337
0.96605098
0.96914947
0.96618563
0.96941221
0.97403663
0.97373992
0.97327101
0.97475773
0.97312927
0.97274119
0.96940929
0.97191429
0.97338212
0.97815907
0.98036826
0.98091239
0.98000747
0.97244555
0.97831035
0.97808081
0.97190338
0.96096087
0.96423894
0.97415835
0.97567040
0.97690922
0.97646403
0.97572130
0.97678953
0.97813159
0.97655839
0.97861105
0.98147708
0.98110884
0.98207742
0.98290515
0.98344570
0.98164016
0.97656041
0.97736520
0.97790194
0.97535580
0.97597289
0.97620797
0.97779226
0.97486240
0.97521544
0.97265393
0.97771680
0.97545797
0.97887462
0.97805583
0.98169315
0.97900647
0.97927356
0.98116457
0.97734261
0.97520643
0.96813947
0.96349627
0.95624572
0.94591010
0.94062686
0.93024498
0.91160959
0.88531357
0.83214974
0.79708219
0.77925998
0.75826550
0.75354683
0.74367839
0.68368214
0.65628052
0.64662284
0.64853042
0.62488061
0.59478992
0.57131755
0.53297746
0.55501002
0.56379426
0.55180746
0.52640843
0.47526780
0.44445896
0.42798305
0.39789340
0.35568890
0.32893640
0.29692844
0.30039677
0.28085247
0.27434924
0.24949206
0.23386838
0.22417565
0.20405757
0.20078163
0.19253661
0.16721366
0.16125821
0.14046277
0.12990893
0.12042954
0.10727774
0.09928058
0.08990277
0.08469182
0.06900904
0.06518967
0.06333202
0.05862621
0.05972511
0.05400843
0.05564959
0.05235097
0.04740334
0.05083002
0.04810269
0.04881371
0.04878655
0.04488323
0.04704822
0.05154014
0.04697972
0.04766880
0.05019912
0.05063772
0.04465355
0.04710923
0.04403836
0.04460143
0.04414186
0.04480358
0.04994232
0.04930843
0.04954591
0.04574877
0.05430305
0.04825692
0.05082805
0.04534281
0.04330886
0.04284810
0.03971522
0.04240814
0.04495927
0.04475585
0.04626276
0.05155414
0.04099149
0.04539892
0.04561739
0.05129946
0.05743469
0.04977791
0.05099135
0.05094038
0.05214366
0.05004167
0.05088078
0.04166792
0.05731577
0.04996456
0.05877420
0.04582419
0.05537049
0.05193239
0.05943023
0.05867057
0.05118283
0.04652324
0.04518817
0.05518212
0.05073803
0.05426560
0.05508010
0.05251785
0.05118200
0.04342062
0.05575860
0.04779825
0.04807776
0.05374941
0.04692633
0.05371151
0.04662880
0.05033746
0.05064973
0.03865447
0.03497849
0.04114889
0.04038664
0.03650349
0.03217950
0.03497138
0.03453007
0.02687491
0.02787529
0.02714111
0.02932475
0.02628258
0.02664364
0.02945531
0.02360040
0.02431804
0.02938311
0.02740466
0.02626235
0.02611008
0.03016065
0.02674494
0.02577104
0.02844908
0.03419234
0.03281053
0.03061305
0.03174583
0.03242673
0.03017591
0.02706996
0.03500962
0.03616980
0.04009536
0.03543826
0.03922005
0.05449060
0.04648942
0.07391065
0.05808886
0.06937007
0.08114590
0.12436420
0.16416347
0.18212709
0.19743076
0.18392496
0.25025657
0.26901725
0.25041687
0.25025555
0.27698147
0.33643287
0.34213576
0.40639180
0.43690002
0.44764808
0.34658629
0.39706057
0.34804672
0.39354366
0.39720669
0.44806698
0.44620720
0.43906778
0.45739505
0.48851991
0.47915289
0.47696909
0.43911055
0.56987321
0.46825457
0.54272479
0.54617840
0.55442005
0.56987041
0.56095141
0.56460387
0.55078804
0.60705990
0.57204503
0.54396665
0.56818819
0.49450111
0.55554765
0.49887565
0.54769433
0.59753132
0.52809495
0.47318631
0.46087110
0.44303262
0.47376773
0.50443971
0.50604975
0.54060298
0.54476058
0.56678426
0.52191782
0.54384035
0.55083525
0.58665818
0.59534806
0.63025653
0.64318520
0.61569041
0.63417244
0.64341807
0.69434232
0.67704940
0.64434868
0.63889194
0.68301898
0.69881064
0.70015854
0.69127953
0.70722783
0.70821679
0.69320220
0.72104508
0.73654962
0.71047312
0.69047397
0.71551430
0.70459855
0.74785131
0.75047326
0.75542098
0.73770636
0.75039721
0.70394528
0.74599421
0.77999294
0.82017815
0.83050478
0.76057267
0.80524874
0.78920734
0.83769387
0.87039322
0.83976108
0.75696200
0.79845703
0.70335257
0.74857384
0.72073424
0.74963832
0.75193810
0.72390741
0.73233086
0.77385199
0.81109160
0.81449765
0.77277380
0.79300469
0.80927747
0.81680942
0.82369506
0.77720433
0.76307094
0.77380526
0.78123873
0.77786297
0.76403183
0.84213418
0.76081365
0.75631940
0.76419890
0.71793866
0.74684435
0.78828174
0.77526402
0.80087239
0.78439999
0.76982474
0.75311852
0.74805540
0.72354668
0.76885152
0.76566064
0.78112799
0.79224318
0.75629312
0.81285971
0.85967553
0.81349206
0.80014277
0.77474248
0.78156424
0.73826039
0.70943105
0.71376395
0.75431210
0.72511691
0.76539922
0.76622182
0.73605162
0.73614603
0.79310340
0.72275907
0.69905657
0.73965943
0.76603103
0.74142998
0.76523018
0.78811967
0.77845025
0.80329829
0.83860999
0.85268164
0.86449754
0.88337767
0.86875266
0.87404978
0.90235251
0.90986544
0.91471779
0.92270881
0.90430546
0.92117053
0.91798759
0.91393667
0.92834759
0.94776797
0.92270404
0.93615389
0.93847191
0.93321294
0.94532514
0.93785810
0.93665636
0.93688828
0.93733299
0.93652499
0.91254091
0.91122055
0.92119539
0.92801011
0.92674577
0.90671909
0.90564460
0.92478395
0.91010892
0.92497462
0.91416144
0.92690539
0.92416108
0.95602155
0.93640131
0.93029749
0.94048828
0.93556499
0.93621814
0.93388414
0.92939824
0.92458725
0.92871487
0.93370473
0.93768513
0.93915874
0.94821000
0.93673259
0.93701816
0.94788855
0.94563735
0.93975908
0.94659740
0.94340956
0.94763732
0.94006956
0.93367910
0.94666791
0.94292277
0.95508957
0.94832027
0.96253425
0.92112702
0.95798534
0.94510275
0.95965815
0.94463062
0.95439160
0.96972042
0.95974982
0.95657128
0.97591227
0.96946746
0.95482016
0.95312506
0.94649518
0.94566751
0.93034887
0.93767172
0.93929565
0.93958014
0.94050133
0.92908889
0.95558286
0.94471723
0.94596624
0.95238000
0.94890618
0.94636106
0.95224756
0.95152020
0.95661885
0.96214575
0.95488662
0.95385182
0.94090348
0.95369416
0.94890243
0.96507961
0.96425879
0.95795602
0.96973723
0.96879447
0.96848631
0.94352126
0.95578015
0.94346821
0.94217128
0.94251204
0.94603288
0.94794083
0.93694413
0.90974456
0.92547262
0.92189813
0.91301435
0.93712813
0.93982351
0.94500405
0.95682937
0.95880520
0.94684702
0.94706166
0.94002193
0.96303791
0.95964873
0.95401150
0.95693666
0.96487093
0.95484388
0.95396239
0.95365131
0.96652514
0.95309222
0.95556378
0.95604777
0.95346838
0.96416789
0.97218835
0.96474129
0.97445107
0.97038132
0.97295862
0.97399455
0.96632016
0.96992683
0.96615958
0.96979463
0.97045904
0.96640575
0.97255707
0.96616793
0.97230941
0.97157919
0.96518898
0.96332264
0.96591806
0.96126777
0.97061241
0.96472532
0.97322243
0.96408921
0.96794242
0.96163595
0.98225236
0.97502691
0.98112547
0.96974093
0.97620058
0.97105509
0.97794944
0.97430891
0.96521276
0.96905333
0.97834069
0.96835983
0.97904199
0.97451597
0.97369540
0.97245771
0.96872419
0.97786570
0.97671390
0.97625285
0.97252166
0.97386205
0.96604699
0.98128176
0.97058028
0.97479069
0.97632730
0.97938293
0.98119020
0.97501343
0.97143948
0.97068864
0.97273862
0.96232456
0.96471471
0.96691775
0.96563184
0.95523638
0.97288853
0.96526152
0.96629715
0.96656680
0.96938050
0.96473265
0.97482806
0.97314519
0.96832186
0.96507406
0.97473359
0.97455174
0.96913648
0.97161722
0.95979464
0.96749485
0.96259421
0.96360874
0.96132749
0.97020257
0.96620041
0.97730821
0.97891623
0.97279155
0.97483778
0.97052461
0.97147769
0.97390229
0.96839976
0.97160643
0.96864229
0.96595150
0.96110797
0.96431178
0.97275025
0.96744353
0.96215600
0.96069521
0.96712744
0.96994668
0.97228491
0.96812850
0.96904975
0.97247732
0.96679258
0.97072405
0.96932012
0.96020651
0.96191710
0.96626508
0.96533096
0.96233356
0.96260267
0.95664823
0.95172697
0.96352392
0.95703793
0.95558274
0.96065307
0.96182317
0.96558684
0.97276568
0.97028726
0.97157210
0.97027177
0.97343880
0.97363764
0.97040516
0.97864485
0.98076159
0.97649175
0.98120409
0.98020238
0.97999197
0.98027050
0.98014897
0.98007005
0.98339635
0.97637969
0.97600788
0.97060275
0.96918017
0.96871835
0.96926737
0.97298253
0.97156006
0.96978754
0.96919787
0.97055751
0.97070104
0.97142237
0.97139728
0.97310436
0.97303706
0.97425193
0.97439384
0.97223222
0.97100431
0.97289902
0.97125083
0.97316509
0.96786302
0.96996856
0.96840566
0.96981311
0.97471976
0.97158885
0.97025943
0.97127277
0.97356510
0.97519696
0.97496027
0.97554612
0.97483385
0.97383410
0.97504020
0.97803408
0.97229922
0.97557712
0.97698194
0.97181195
0.96823835
0.96298516
0.96466345
0.96977007
0.97282964
0.97111410
0.96936738
0.97076160
0.96521610
0.96754628
0.97082019
0.97224784
0.97040123
0.96554559
0.96557927
0.97135454
0.97133732
0.97189540
0.97199786
0.97447431
0.97318202
0.97381443
0.96977162
0.97029269
0.96684432
0.96916056
0.96928442
0.97043890
0.96926606
0.96942210
0.96832442
0.96331626
0.96679336
0.96848094
0.97001499
0.97169852
0.97419173
0.97371137
0.97175366
0.96984392
0.96945119
0.96872610
0.96751863
0.96811765
0.96847612
0.96804965
0.96756393
0.96207333
0.96417189
0.96987218
0.97024107
0.97025281
0.97214758
0.96949917
0.97117370
0.96865571
0.96829861
0.96705306
0.97026676
0.97353280
0.97458172
0.97557110
0.97643173
0.97587341
0.97635198
0.98056257
0.98090875
0.98466116
0.98488623
0.98543173
0.98279691
0.98225832
0.98243046
0.98425484
0.98480982
0.98473179
0.98638320
0.98497403
0.98318589
0.98315227
0.98376149
0.98372287
0.98310089
0.98312831
0.98223728
0.98340708
0.97947228
0.98254436
0.97367471
0.97460699
0.97597313
0.97055256
0.97070247
0.97721571
0.97776401
0.97842455
0.98116714
0.98327118
0.98269999
0.98214066
0.98273695
0.98204237
0.98205918
0.98098642
0.98176789
0.98201144
0.98283803
0.98451829
0.98418933
0.98299801
0.98082983
0.98130333
0.98198974
0.98087239
0.98017037
0.97883862
0.97963381
0.98015940
0.98074508
0.97974283
0.98001891
0.97905779
0.97785074
0.97876221
0.97962999
0.98244530
0.97942412
0.97926003
0.98042852
0.97829449
0.97958964
0.97956961
0.98295259
0.97985691
0.98402518
0.98253423
0.98171347
0.97919101
0.98201090
0.98097312
0.97925025
0.97795266
0.97662556
0.97749776
0.97628695
0.97209710
0.96984518
0.97287118
0.97165167
0.97346479
0.97406119
0.97020257
0.97279072
0.97300637
0.97371846
0.97149324
0.97357732
0.97269845
0.97063524
0.96884847
0.96909964
0.96708727
0.96572143
0.96639764
0.96206141
0.96344936
0.95212168
0.95814651
0.95738071
0.96022940
0.95893228
0.96699786
0.96292692
0.96783137
0.96631181
0.96663886
0.96708304
0.96593416
0.96555102
0.96683151
0.96848643
0.96661389
0.96585023
0.96320796
0.95350629
0.95776176
0.95446831
0.96182317
0.96856689
0.96406776
0.96270037
0.96609759
0.95946538
0.96057880
0.95874143
0.96777648
0.95797938
0.95778573
0.95856845
0.96679807
0.95883173
0.95648426
0.94635874
0.94988745
0.94750065
0.94680029
0.93918061
0.92848760
0.92070395
0.91079563
0.89008301
0.87708145
0.87668532
0.87131292
0.85410655
0.86096311
0.83997536
0.86582029
0.85227937
0.85552400
0.85749567
0.87429249
0.88133806
0.84979665
0.86989939
0.86987352
0.88424605
0.90698892
0.87251627
0.88801444
0.81481612
0.86549848
0.88916713
0.88375288
0.91765106
0.82846308
0.85657930
0.83485723
0.82911998
0.84053558
0.87005603
0.83605748
0.85559362
0.87765765
0.88053226
0.84061527
0.82532257
0.78204316
0.75212115
0.69542652
0.73573196
0.78894353
0.75736839
0.76267809
0.76535207
0.71857864
0.74174464
0.74884582
0.68612123
0.72517860
0.60123199
0.63382488
0.61435562
0.50101680
0.48836628
0.47011447
0.46913439
0.42829254
0.44789597
0.45587316
0.50498235
0.62421894
0.52874494
0.45793375
0.45912898
0.50339550
0.50811756
0.43726054
0.37602502
0.44480780
0.41930792
0.43256328
0.34710911
0.53905237
0.59415591
0.64833003
0.39819399
0.63380688
0.40260220
0.27999416
0.35287511
0.40684631
0.25350684
0.31649527
0.46788317
0.35886976
0.34800485
0.56561559
0.35459605
0.37959296
0.53599900
0.27246997
0.43923074
0.45585981
0.50389767
0.43506259
0.49625847
0.60311675
0.50680274
0.32717124
0.39683735
0.57169521
0.32127801
0.38918248
0.30590421
0.26074374
0.13425086
0.14638993
0.33217707
0.20462543
0.25089812
0.43515986
0.26116478
0.43959156
0.38427556
0.26492438
0.34266254
0.34144124
0.26045826
0.27002794
0.25921959
0.21303011
0.16966151
0.21914959
0.24932484
0.24216650
0.21932562
0.10663019
0.12905604
0.19294141
0.19251633
0.14085078
0.20763992
0.22942220
0.15101360
0.13312542
0.15155448
0.14220759
0.09715318
0.15103373
0.13667712
0.07667219
0.09920268
0.05839476
0.08781752
0.07543249
0.05271764
0.06321307
0.06100763
0.05288978
0.05191470
0.05432814
0.05311280
0.04445595
0.04186409
0.05416305
0.03418901
0.03478871
0.03243481
0.03709598
0.02487959
0.02683792
0.03131258
0.03708962
0.03118839
0.02730686
0.02499260
0.02449517
0.03213679
0.03055309
0.03096120
0.02179673
0.02320132
0.02250152
0.02951967
0.02749065
0.02153264
0.01994911
0.03455319
0.04362512
0.03314938
0.05266423
0.04799310
0.03773406
0.06200673
0.05219227
0.05782083
0.06061140
0.05792631
0.06723800
0.06484669
0.06658974
0.08102355
0.03437437
0.04048112
0.08463256
0.04193412
0.05646440
0.06804495
0.07223963
0.08329523
0.02789430
0.03182910
0.04374161
0.03343939
0.05129774
0.05074339
0.04425555
0.04673464
0.04321437
0.05138054
0.03792021
0.03581741
0.03967134
0.05083857
0.03963571
0.03749930
0.04201748
0.03678676
0.03881663
0.02282801
0.03342342
0.03320635
0.03521775
0.03714240
0.03541274
0.04596370
0.04882671
0.02924959
0.04268492
0.03952730
0.02756456
0.03933493
0.03684491
0.04361742
0.02906556
0.03241783
0.04234779
0.03728218
0.03661297
0.02839221
0.04539403
0.03503666
0.03483273
0.04736357
0.04320399
0.04548078
0.03686148
0.04900364
0.06797221
0.04635084
0.03128098
0.02666411
0.04797944
0.04715253
0.04350664
0.02668128
0.02550814
0.04071183
0.03688313
0.02595930
0.03975858
0.04298261
0.02362326
0.03910792
0.03846661
0.04174872
0.02724433
0.03472922
0.05904473
0.04263135
0.03794826
0.04332496
0.04029892
0.02572844
0.05042876
0.03586384
0.03195765
0.04055321
0.03605401
0.04494531
0.04101295
0.04108716
0.03886931
0.04457357
0.06078418
0.03937813
0.06249665
0.05754441
0.04030924
0.04592612
0.03654910
0.06250153
0.04608362
0.04626993
0.03135992
0.04145085
0.03495293
0.04069941
0.03679622
0.03215910
0.04992003
0.03493048
0.04008976
0.04115364
0.04198195
0.03099309
0.03332275
0.05337885
0.03402662
0.04269166
0.05066967
0.04374011
0.06088354
0.03967719
0.04467930
0.05647093
0.03962778
0.04094553
0.04211881
0.03941512
0.03566411
0.04453940
0.03775186
0.03042892
0.04161027
0.02940850
0.03711472
0.03506800
0.03851057
0.03659665
0.03195886
0.05083252
0.03935499
0.03179548
0.03110346
0.04723624
0.03830700
0.04539467
0.05604566
0.05584374
0.03237036
0.03269421
0.03256970
0.03453977
0.03669667
0.02496609
0.02964889
0.04267017
0.02614347
0.03478086
0.02262828
0.02186288
0.03025718
0.02371608
0.02141603
0.02741323
0.02391068
0.01756150
0.02033286
0.01694672
0.02591010
0.01607111
0.02516727
0.01990414
0.01602297
0.02163529
0.02107568
0.02950443
0.01929976
0.01969290
0.02096948
0.01728353
0.02306950
0.02149898
0.02922782
0.01856421
0.03278992
0.02838932
0.02050690
0.01783998
0.02709809
0.01682828
0.02143042
0.02235055
0.02739442
0.02439924
0.01905273
0.02379098
0.03360596
0.02342366
0.02411193
0.02561365
0.03424024
0.03554846
0.03793857
0.03149223
0.02188634
0.04275364
0.02588561
0.02808812
0.02994993
0.02686621
0.03396348
0.03203964
0.02158837
0.02607966
0.02470578
0.02524041
0.02515767
0.02809429
0.02040700
0.02269903
0.02398006
0.02356326
0.02290069
0.02749933
0.02251596
0.01866763
0.02089289
0.02059556
0.02348421
0.02000298
0.02366386
0.02149211
0.02176902
0.02277930
0.02190598
0.02193709
0.02294599
0.02771829
0.01710209
0.01733820
0.01980139
0.01969535
0.01904864
0.02539127
0.02616074
0.03096792
0.02067943
0.02343039
0.02803902
0.02176291
0.02598646
0.02518513
0.02434164
0.02456534
0.02553438
0.02476377
0.02361531
0.02215978
0.03053087
0.02527965
0.02546217
0.02457401
0.02614305
0.02639451
0.03257466
0.02454219
0.02582706
0.02690194
0.03163011
0.02563581
0.02455531
0.02299367
0.02156530
0.02980420
0.03599993
0.02490537
0.02653369
0.03069364
0.02882320
0.02878045
0.03013682
0.02701959
0.04696270
0.03308995
0.03124914
0.02903064
0.03159311
0.03364589
0.02802537
0.04067414
0.03879614
0.03478560
0.03138473
0.04140116
0.03749172
0.03958745
0.04973027
0.04881770
0.04732537
0.05071645
0.05759276
0.06710436
0.07729470
0.08680322
0.11621185
0.12287128
0.12642767
0.11277825
0.14193536
0.13850136
0.15086025
0.16331580
0.18309020
0.20853241
0.19282116
0.21307018
0.24714158
0.28379667
0.31455070
0.36828110
0.41399089
0.44143209
0.48786849
0.49730816
0.51284701
0.50992382
0.47351480
0.52680302
0.58545011
0.67955506
0.77358210
0.79529911
0.87774068
0.90132427
0.92885238
0.90853339
0.94743925
0.96487480
0.96928388
0.98017108
0.98244780
0.98454803
0.98235309
0.97749692
0.98034507
0.97832924
0.97762090
0.98483711
0.98247093
0.98024303
0.98014498
0.97874033
0.98023623
0.97718394
0.97984397
0.97882652
0.97724974
0.98303300
0.97799540
0.97795343
0.97807229
0.97783798
0.98028713
0.97884125
0.97881532
0.97999543
0.97967029
0.97894007
0.97910368
0.98037523
0.97877502
0.98107153
0.98299199
0.98251581
0.97879922
0.97778475
0.97711039
0.97792578
0.97997755
0.97833747
0.97726804
0.97959489
0.98053509
0.98283386
0.98486900
0.98501080
0.98331577
0.98152804
0.98382020
0.98337126
0.98027247
0.97509104
0.97474176
0.98046666
0.97771764
0.97566175
0.97753388
0.98082465
0.98089278
0.98063397
0.97556031
0.97656804
0.97717935
0.98260456
0.98029190
0.98345101
0.98473984
0.98391354
0.98344350
0.98222864
0.98410308
0.98265833
0.98236775
0.98089921
0.98427260
0.98585594
0.98537725
0.98266751
0.98177743
0.98261988
0.98607844
0.98539782
0.98391253
0.98475444
0.98350453
0.98631001
0.98450202
0.98212123
0.98550767
0.98374259
0.98700058
0.98683339
0.98334968
0.98775476
0.98617524
0.98665547
0.98423302
0.98744792
0.98683852
0.98662055
0.98469985
0.98474944
0.98493016
0.98490703
0.98416764
0.98493791
0.98447466
0.98465931
0.98662335
0.98662680
0.98485088
0.98421258
0.98254758
0.98342484
0.98380613
0.98461783
0.98407400
0.98644817
0.98624682
0.98511499
0.98320794
0.98351997
0.98263675
0.98241663
0.98187029
0.98325342
0.98095381
0.98277414
0.97903091
0.98260176
0.98295355
0.98234463
0.98257357
0.98224682
0.98366642
0.98321205
0.98438835
0.98374790
0.98331970
0.98248369
0.98407596
0.98444831
0.98646241
0.98342460
0.98519510
0.98640943
0.98739594
0.98680729
0.98656845
0.98553711
0.98553443
0.98722059
0.98745269
0.98777103
0.98626560
0.98513621
0.98766476
0.98671108
0.98548603
0.98490173
0.98744512
0.98763925
0.98780525
0.98749989
0.98654628
0.98598009
0.98359019
0.98495877
0.98160088
0.98369896
0.98399866
0.97638696
0.97067922
0.96847290
0.95519429
0.96504140
0.96814585
0.97215176
0.97010058
0.97263688
0.97509921
0.97118616
0.97134972
0.96340168
0.96583343
0.95544517
0.96030587
0.96405089
0.96990865
0.96459889
0.96767920
0.96402431
0.95288438
0.94454139
0.92573357
0.90294516
0.89594322
0.88012999
0.90096569
0.89257205
0.91429639
0.89234281
0.91023356
0.90232199
0.94550210
0.92494345
0.92398089
0.94288856
0.95904374
0.96627074
0.96535891
0.93732542
0.92677820
0.80986792
0.61016995
0.54793888
0.52652609
0.56128299
0.51674777
0.55622303
0.57789862
0.51047283
0.52057898
0.51560289
0.54353684
0.57172537
0.51524603
0.52676278
0.51707017
0.41246733
0.38336509
0.38417354
0.39004397
0.30451769
0.27511394
0.36115241
0.28061664
0.28789687
0.24291621
0.34994054
0.33117294
0.26125732
0.35809210
0.28433433
0.33805019
0.35811281
0.27979732
0.31019482
0.25455460
0.26677173
0.23650433
0.36869475
0.35979545
0.40635219
0.40020540
0.35237688
0.44138563
0.38103086
0.50501329
0.47930849
0.42799434
0.41814968
0.45232895
0.30174214
0.36483917
0.40256888
0.28299364
0.33538949
0.34328160
0.29977852
0.29681543
0.26441547
0.30901757
0.27169731
0.28314552
0.28613660
0.30078560
0.31847218
0.30367047
0.26071090
0.28333026
0.29486904
0.26400274
0.39325953
0.37749338
0.45338964
0.38146251
0.37036836
0.56505299
0.63967174
0.63513529
0.58554834
0.44735873
0.41482437
0.41218153
0.36716223
0.36668307
0.36076361
0.32022077
0.29929367
0.38188526
0.35474896
0.34952864
0.33839419
0.28621337
0.30014691
0.22300078
0.24349599
0.27520010
0.35750580
0.45533264
0.52584827
0.43260616
0.46290505
0.36103767
0.40590295
0.35115817
0.24576235
0.34202921
0.31901538
0.30376652
0.20447046
0.34210077
0.21054728
0.41156676
0.38182887
0.69459468
0.91042107
0.95133883
0.95088398
0.96061844
0.96464533
0.97393680
0.96254826
0.95838022
0.96982241
0.95372367
0.95851326
0.95609355
0.95379370
0.95592403
0.96091914
0.95171034
0.95229495
0.94631207
0.94904715
0.94829905
0.94623744
0.95864886
0.95148546
0.96330827
0.95491689
0.96935642
0.97073841
0.96723539
0.97109061
0.94826829
0.96179646
0.95601499
0.95231891
0.92865199
0.93407613
0.95024955
0.93513763
0.94746494
0.92376363
0.95618129
0.91625941
0.95544738
0.94386983
0.96719509
0.97487170
0.98043126
0.98140335
0.98102367
0.97712678
0.97599608
0.97192782
0.97492820
0.97073609
0.97113985
0.96499443
0.96797246
0.95719618
0.97075069
0.96804124
0.97055727
0.97178447
0.97127622
0.96843666
0.97229046
0.96433353
0.96712154
0.97158045
0.97750801
0.97267401
0.97552037
0.98095232
0.97950166
0.98102665
0.98368490
0.98064315
0.98416418
0.98441917
0.98533869
0.98590350
0.98682213
0.98740703
0.98580039
0.98692930
0.98538697
0.98818099
0.98375148
0.98181814
0.98335880
0.98468059
0.98573917
0.98101634
0.98785979
0.98411983
0.98428923
0.98417860
0.97993326
0.98075759
0.97908247
0.97689819
0.97323674
0.96946228
0.96799433
0.96856815
0.96885139
0.96637750
0.97279829
0.97494000
0.97816020
0.97784960
0.97954363
0.98118156
0.98187250
0.98253042
0.98255652
0.97966343
0.98113281
0.98170471
0.98307621
0.98137718
0.98339635
0.98199707
0.98352885
0.98517042
0.98392236
0.98353070
0.98149776
0.98102355
0.97968435
0.97954035
0.98101121
0.97919786
0.97732830
0.97770554
0.97658187
0.97529966
0.97589171
0.97753727
0.97872949
0.98063493
0.98089600
0.97974902
0.97953314
0.98211503
0.98111558
0.98032528
0.98132825
0.98189247
0.98003012
0.98082030
0.97912669
0.98164088
0.98332614
0.98280430
0.98195040
0.98269010
0.98176008
0.98207664
0.98245162
0.98213655
0.98182184
0.98421335
0.98191261
0.98376781
0.98274189
0.98459446
0.98423856
0.98394608
0.98432529
0.98226732
0.98395330
0.98184925
0.98216438
0.98201364
0.98202229
0.98139143
0.98063993
0.97934330
0.97717535
0.97854060
0.97713768
0.97923470
0.97937840
0.97906554
0.97836155
0.98073661
0.98000079
0.98124766
0.98069108
0.98202741
0.98104757
0.97953826
0.98283273
0.98180115
0.98029649
0.97877091
0.97744912
0.97584629
0.97868961
0.97743541
0.97880805
0.97488695
0.97384733
0.97418231
0.97953016
0.97864497
0.97797388
0.98099905
0.98286462
0.98359227
0.98446989
0.98282373
0.98411578
0.98374581
0.98092151
0.98182857
0.98084426
0.98309165
0.98114246
0.98269147
0.98229593
0.98255599
0.98310918
0.98108917
0.98231643
0.98239511
0.98280323
0.98280209
0.98295581
0.98251319
0.98369449
0.98037374
0.97975051
0.97956043
0.97860783
0.98201364
0.98373216
0.98310465
0.97996062
0.98343349
0.98405129
0.98392558
0.98407561
0.98216808
0.98241007
0.98419106
0.98467129
0.98361361
0.98354834
0.98408127
0.98420215
0.98432750
0.98562384
0.98438329
0.98386961
0.98506516
0.98366433
0.98541093
0.98211008
0.98164612
0.98293740
0.98109001
0.97809488
0.98045039
0.98263007
0.98579609
0.98561537
0.98510808
0.98526287
0.98423129
0.98371536
0.98356634
0.98320144
0.98287797
0.98186857
0.98176563
0.98069155
0.98189592
0.98284364
0.98301458
0.98469722
0.98655915
0.98651195
0.98655951
0.98519599
0.98506969
0.98445064
0.98317438
0.98468876
0.98468089
0.98432249
0.98389971
0.98356056
0.98424244
0.98368973
0.98247683
0.98273337
0.98278093
0.98270023
0.98353678
0.98252296
0.98299432
0.98306733
0.98442996
0.98527306
0.98381746
0.98368192
0.98299891
0.98190904
0.98148948
0.98278618
0.98267025
0.98401570
0.98492301
0.98406434
0.98456490
0.98367810
0.98209113
0.97973228
0.97985935
0.97940820
0.98025757
0.97954798
0.97989780
0.97722423
0.97702801
0.97433168
0.97489727
0.97554803
0.97573084
0.97655416
0.97659290
0.97886974
0.97794831
0.98031104
0.98184603
0.98157215
0.98414850
0.98345459
0.98370022
0.98527628
0.98270619
0.98121822
0.98389328
0.98092389
0.98012584
0.97905982
0.97612482
0.97428858
0.97758669
0.98028743
0.98167014
0.98388010
0.97990513
0.97744662
0.97869623
0.97848046
0.98145735
0.97944778
0.97813147
0.97945261
0.97972256
0.98151302
0.98230976
0.98035514
0.98027176
0.98009801
0.98064572
0.97892249
0.97917730
0.97958517
0.97768331
0.97668391
0.97383583
0.97166878
0.96856993
0.96817458
0.96393114
0.95764935
0.95573550
0.95931023
0.95644367
0.95493680
0.95498008
0.95327097
0.95440280
0.95173442
0.95263785
0.94641405
0.94502747
0.96051240
0.96856123
0.97182703
0.97105765
0.96994060
0.97218138
0.97090125
0.96897173
0.96424639
0.96458513
0.96316659
0.96594632
0.96800441
0.97158504
0.97098809
0.97363937
0.96876997
0.97159970
0.97007108
0.97143418
0.96662450
0.96662116
0.96562284
0.96323031
0.95086777
0.95701391
0.95851290
0.95988590
0.96152604
0.95772260
0.96231449
0.96730375
0.96508807
0.95861918
0.96063352
0.96713179
0.96261996
0.97415572
0.98206788
0.98452872
0.98339069
0.98202974
0.97358739
0.96877003
0.95795918
0.94762313
0.92546010
0.87461340
0.85864300
0.83541042
0.85946959
0.91349053
0.91408110
0.90536845
0.87406206
0.89022106
0.89692879
0.93551940
0.93392450
0.92120653
0.95499456
0.94636536
0.96457726
0.98452747
0.97590178
0.97931629
0.97190642
0.96230906
0.96145022
0.94874352
0.90052533
0.82900852
0.76505667
0.61659205
0.61681229
0.47922042
0.41533339
0.27354288
0.25225598
0.19376869
0.15201506
0.19532984
0.21442741
0.19376346
0.27812195
0.25899151
0.48834780
0.57978809
0.59830493
0.66083503
0.76730233
0.78358006
0.81879205
0.81891745
0.84704751
0.86038488
0.83983439
0.89264756
0.88610959
0.86544389
0.88881373
0.88276690
0.88206422
0.88961416
0.84828609
0.88634288
0.84044915
0.84272993
0.65570915
0.71493441
0.62432212
0.54401231
0.47528514
0.25679615
0.12493009
0.10293098
0.07062259
0.06790398
0.08673014
0.06639046
0.07374468
0.06511775
0.08903919
0.11407026
0.16379774
0.19358414
0.18111482
0.24008505
0.24866945
0.26527271
0.31498465
0.30861768
0.25448292
0.21854132
0.23499379
0.21516733
0.23014544
0.22786489
0.25668570
0.24937299
0.24057630
0.23494090
0.22779606
0.24136706
0.23689644
0.19736914
0.18208082
0.19170260
0.19594756
0.17464064
0.20154524
0.19898492
0.19352916
0.18769039
0.17232859
0.17854629
0.18371429
0.18676932
0.17858587
0.17158054
0.17085145
0.16438545
0.16691960
0.18146668
0.17377192
0.17096981
0.17930686
0.20087259
0.20480224
0.22885975
0.24175954
0.25155053
0.25108814
0.25318563
0.24776068
0.24187009
0.25612149
0.26750058
0.27510560
0.26207104
0.27240402
0.27887100
0.27573195
0.26906282
0.24538541
0.24571334
0.26094502
0.26643899
0.26301685
0.25394481
0.25919241
0.25477970
0.25748742
0.26206288
0.26174667
0.27693528
0.29401255
0.31400228
0.31221962
0.30811366
0.29893935
0.31009036
0.34260482
0.40533727
0.48479626
0.55204988
0.63059163
0.64807743
0.67826796
0.72802871
0.76016241
0.80321652
0.87535578
0.91348761
0.93822712
0.96971154
0.98003298
0.98226225
0.98597819
0.98841560
0.98719656
0.98727661
0.98518294
0.98587406
0.98603177
0.98667997
0.98845404
0.98667753
0.98559976
0.98625422
0.98092216
0.97686529
0.92116982
0.85048187
0.75399113
0.62159920
0.85503715
0.88108701
0.88584203
0.96320122
0.95318091
0.95054615
0.92573214
0.81574327
0.78007746
0.79602766
0.72378266
0.65687788
0.58835441
0.59899825
0.62303209
0.60708690
0.59691018
0.55935633
0.57726067
0.59419996
0.58215994
0.65112859
0.72984463
0.72050214
0.91894966
0.89735258
0.89273304
0.90851098
0.89601010
0.90588272
0.91743541
0.90514290
0.91218972
0.92577559
0.92906606
0.93019241
0.93781406
0.92480844
0.93051523
0.91465437
0.95227945
0.95080972
0.96326435
0.94580472
0.94904912
0.96078628
0.92981327
0.96361035
0.92176974
0.93324077
0.93427515
0.92531061
0.88828075
0.96749151
0.96624112
0.98315787
0.96935803
0.97655255
0.97043771
0.97374117
0.97833323
0.97246379
0.96135896
0.95985919
0.94041753
0.95242262
0.94977516
0.92926198
0.93290508
0.92525786
0.93886936
0.93684757
0.94394821
0.94088393
0.95598471
0.93173283
0.93037623
0.92229378
0.92670751
0.92727757
0.93991894
0.94744545
0.95935941
0.95665300
0.96514732
0.96064591
0.96336734
0.96556771
0.96039766
0.96598476
0.96661633
0.96575814
0.97321320
0.97512245
0.97246438
0.97557861
0.97851014
0.98176897
0.97939360
0.97636819
0.97032624
0.96395463
0.95950472
0.95247614
0.95119566
0.95385164
0.95535779
0.95691580
0.95857394
0.95977587
0.95992905
0.96196204
0.96044654
0.95903540
0.96101338
0.96446800
0.96412259
0.96466357
0.96689689
0.96881056
0.97721547
0.97674179
0.97859234
0.97770542
0.97908610
0.98194283
0.98406166
0.98396999
0.98458254
0.98396355
0.98438501
0.98442692
0.98341364
0.98348916
0.98515004
0.98556441
0.98444599
0.98476702
0.98369205
0.98172849
0.98030132
0.98083889
0.98323661
0.98330241
0.98519230
0.98317897
0.97963941
0.98025125
0.98293567
0.98480958
0.98540109
0.98587322
0.98274130
0.98085952
0.98160297
0.98201132
0.98231781
0.98188591
0.98038024
0.97930086
0.97430092
0.97258198
0.96737647
0.97314870
0.97900945
0.97441036
0.98057026
0.98211044
0.97809130
0.97647399
0.97802472
0.97973078
0.97583586
0.98146743
0.97193456
0.96584386
0.94593388
0.91243309
0.88033485
0.86199504
0.74959403
0.80506760
0.79954958
0.69158959
0.71383917
0.69105113
0.65503687
0.62755150
0.70081288
0.70377475
0.56204700
0.47116107
0.47216010
0.44535670
0.48362270
0.45052364
0.45809054
0.50681412
0.39510453
0.38344619
0.28906372
0.30365598
0.30071503
0.27564484
0.34470776
0.22986670
0.11341514
0.13951227
0.11600722
0.04313631
0.05337644
0.05164521
0.04845657
0.03747024
0.04576077
0.03122618
0.04160033
0.05207670
0.06155635
0.04996879
0.05455191
0.04756067
0.04858826
0.03262569
0.03710525
0.03082270
0.03984801
0.04345101
0.02705783
0.02639392
0.03514709
0.03846028
0.03538504
0.02945222
0.05032546
0.02748450
0.04471961
0.04719996
0.04242079
0.03614377
0.03625908
0.04426109
0.06052939
0.04866584
0.03319866
0.03110639
0.02590638
0.03970973
0.03198758
0.03775952
0.02672457
0.03294368
0.02721561
0.03350611
0.03345434
0.03060028
0.03342636
0.04268548
0.05094711
0.06136639
0.06598398
0.06413264
0.05679369
0.05712638
0.10297362
0.08807752
0.08465970
0.10547083
0.11759613
0.09428773
0.17085926
0.22827213
0.38199267
0.88419497
0.96993196
0.97504401
0.97826445
0.98636520
0.98910707
0.98920131
0.98605961
0.98968714
0.98833090
0.98687971
0.98429388
0.98615426
0.98367834
0.98251480
0.98487896
0.98403752
0.98499960
0.98443097
0.98450708
0.98737901
0.98689276
0.98667115
0.98634505
0.98378032
0.98466510
0.98455310
0.98512059
0.98311460
0.98087227
0.98050147
0.98180377
0.98271668
0.98262399
0.98390263
0.98311377
0.98193729
0.97021657
0.97471547
0.96621108
0.95669872
0.94850385
0.91773760
0.93784267
0.91854173
0.91706210
0.89971000
0.90315282
0.88655227
0.82284218
0.82392937
0.75639480
0.60360980
0.59788245
0.57370061
0.59992898
0.55831808
0.58146739
0.54285485
0.51085734
0.50424963
0.44163179
0.43444526
0.41459629
0.42112443
0.41345972
0.36505738
0.39105079
0.53128397
0.42347005
0.41118762
0.50419885
0.43104070
0.28363505
0.23587772
0.21998101
0.23314427
0.27078387
0.43176943
0.25818592
0.55562639
0.77243948
0.85767150
0.93691874
0.95494866
0.95552081
0.95672470
0.95713109
0.95127290
0.90285093
0.88677144
0.86004263
0.67120510
0.62479043
0.60535759
0.60487038
0.54807431
0.60256886
0.47101423
0.58769053
0.80605167
0.95278716
0.98313868
0.98400450
0.98583305
0.98838300
0.98788053
0.98873758
0.98807472
0.98494929
0.98401064
0.98249185
0.98354316
0.98259652
0.98739779
0.98801404
0.98715729
0.98438984
0.98282284
0.98368007
0.98187327
0.98469007
0.98339957
0.98245239
0.98213840
0.98096770
0.97931755
0.97663850
0.97676736
0.97888893
0.97689545
0.98111629
0.98113829
0.98273635
0.98326194
0.98497701
0.98457181
0.98426086
0.98416442
0.98236889
0.98248196
0.98245066
0.98290837
0.98304927
0.98231483
0.98324341
0.98193580
0.98353291
0.98268396
0.98217279
0.98227561
0.98068893
0.98110217
0.97997415
0.98023361
0.97905385
0.97635686
0.97529209
0.96901572
0.97529447
0.96700680
0.98015147
0.97799426
0.98086023
0.98119903
0.98162121
0.97663945
0.97597814
0.97583157
0.97768366
0.97767168
0.98103207
0.98131770
0.98496532
0.97564381
0.98005724
0.97408980
0.98317164
0.98530132
0.98330462
0.98134506
0.98344123
0.98326254
0.98259830
0.98206884
0.98182148
0.98446298
0.98504829
0.98347569
0.98360956
0.98152792
0.98044282
0.97988266
0.97791517
0.97676259
0.97375429
0.97375464
0.97172970
0.96848351
0.97064316
0.97241861
0.97591931
0.97510105
0.97684765
0.97610533
0.97609872
0.97925562
0.97821462
0.97736996
0.97674996
0.97361857
0.97527009
0.97631216
0.97886980
0.97599810
0.97450656
0.97512031
0.97364491
0.97970563
0.97687340
0.97621018
0.97456586
0.97480667
0.97664309
0.97715890
0.96799648
0.97259158
0.97993416
0.97963881
0.97831410
0.97621346
0.97028053
0.95917118
0.95687234
0.95967627
0.95429510
0.94235134
0.94150639
0.91263413
0.94006312
0.94606936
0.96188039
0.95872414
0.97129381
0.97427207
0.97505909
0.97750354
0.97461230
0.97537577
0.97766328
0.97667193
0.97939247
0.97620857
0.97984076
0.98195964
0.97886604
0.98059756
0.97897720
0.98786551
0.98216981
0.98949838
0.98318535
0.98448402
0.99020362
0.98868424
0.98623520
0.98895466
0.98971879
0.98639303
0.98908967
0.98811942
0.98952568
0.99130815
0.98827094
0.98508227
0.98716277
0.98616773
0.98863971
0.98457253
0.98495901
0.97910756
0.98713022
0.97773725
0.98616356
0.98856932
0.98595518
0.97962809
0.97281218
0.98848492
0.98501021
0.98207206
0.98376936
0.98411971
0.98178369
0.98685080
0.97656709
0.97239053
0.96067739
0.96364790
0.95748788
0.95718408
0.94438028
0.93137252
0.91128361
0.90047681
0.89041853
0.86527413
0.82987285
0.75673759
0.65840882
0.66122824
0.56809759
0.64238787
0.66056371
0.56250638
0.48416087
0.53437293
0.52365083
0.60186744
0.71308243
0.72219735
0.74411821
0.77650219
0.76746535
0.78547710
0.79640532
0.76819253
0.78617293
0.74766827
0.78129178
0.76486206
0.72606665
0.69004726
0.67937714
0.61660451
0.62880212
0.61256754
0.60808194
0.62243944
0.55037034
0.51719475
0.43496487
0.43142372
0.42639443
0.41911739
0.39614299
0.33524516
0.33240268
0.30902603
0.31574184
0.28782982
0.26993418
0.26107845
0.25706294
0.27310491
0.32323477
0.39814222
0.39862269
0.39079380
0.38064614
0.36734945
0.36800125
0.42488843
0.50826180
0.56452483
0.69903183
0.67017567
0.74132681
0.87259549
0.93845868
0.95132911
0.95787847
0.96208352
0.96259886
0.96439695
0.96984643
0.96803135
0.96802318
0.96897864
0.97151136
0.97397500
0.97516167
0.97718209
0.97634888
0.98028553
0.97499108
0.98637670
0.97857201
0.98065406
0.98459029
0.98087448
0.98163950
0.97956026
0.98484403
0.97938800
0.98418760
0.98438901
0.98112923
0.98033637
0.98567355
0.97337073
0.98678881
0.98383647
0.97751075
0.98481649
0.97445995
0.95029354
0.98013717
0.96537101
0.96080577
0.94801068
0.95190656
0.91663700
0.92265725
0.91685182
0.94852424
0.92594969
0.93125010
0.89423817
0.93616033
0.93320453
0.92134553
0.94926870
0.94256628
0.95286876
0.96260226
0.96001267
0.97059053
0.94610107
0.94401032
0.93232727
0.93057758
0.91527849
0.94097322
0.93828136
0.92502052
0.92020309
0.92979842
0.91675031
0.94369256
0.90564358
0.89075416
0.89955610
0.88343018
0.86703396
0.83855110
0.81458694
0.76173943
0.75385988
0.85721761
0.81140167
0.81173873
0.84937125
0.82711983
0.82166535
0.86190236
0.80580586
0.81146491
0.84621638
0.76534200
0.72773927
0.81971568
0.81101829
0.82297832
0.80525094
0.79873329
0.83111364
0.85462600
0.81543517
0.86086971
0.81806469
0.88058668
0.85088122
0.93865263
0.92324919
0.95189846
0.93721652
0.95534998
0.94854665
0.94222116
0.94640678
0.93839502
0.93814987
0.91429549
0.92801028
0.95406878
0.95093334
0.95603722
0.95728314
0.95907104
0.95978034
0.96005332
0.96852666
0.96416140
0.96203882
0.95385349
0.94598490
0.94277537
0.87305832
0.73647940
0.60581338
0.53363520
0.49780586
0.46907935
0.50353855
0.61266786
0.77307284
0.86667430
0.92945617
0.94924575
0.96609706
0.96772611
0.96967614
0.97105837
0.97445673
0.97749680
0.97958243
0.97960120
0.97867799
0.97790706
0.97751176
0.98152828
0.98157251
0.98013443
0.98088479
0.97932762
0.97825634
0.97941601
0.98023605
0.97841084
0.97869134
0.98022169
0.97854620
0.97653913
0.97642183
0.97724652
0.97698694
0.97793293
0.98054755
0.98112041
0.98139679
0.98154348
0.98143047
0.98118424
0.97805393
0.97771966
0.97602731
0.97968584
0.98010224
0.98109585
0.97899538
0.97892684
0.97694689
0.97677839
0.97635365
0.97486782
0.97840583
0.97922921
0.97957569
0.97952777
0.97819877
0.97748739
0.97311866
0.97539526
0.97682673
0.97585267
0.97490656
0.97484243
0.97547877
0.97400576
0.97134328
0.96744239
0.96772879
0.96601146
0.96417767
0.96347737
0.95340258
0.94466805
0.94753760
0.95421338
0.95945156
0.95598668
0.96457881
0.96571076
0.97952372
0.96808094
0.98143381
0.98287427
0.98427504
0.97825044
0.93518567
0.92617011
0.90138638
0.85163981
0.80105621
0.71992463
0.73696762
0.69162840
0.60614055
0.72863716
0.71299678
0.61534017
0.64427245
0.57532936
0.71338958
0.62660444
0.60740978
0.46774802
0.50826454
0.53191090
0.55337858
0.52826279
0.43112293
0.46912819
0.53050542
0.47523656
0.39321882
0.29917210
0.28820848
0.23745723
0.30670398
0.21458060
0.34591484
0.33135456
0.33281806
0.31204548
0.24345928
0.21426013
0.34634155
0.22836465
0.26820534
0.18702164
0.17454122
0.34653994
0.34848979
0.24834916
0.21093750
0.24450931
0.31326345
0.33319938
0.34031418
0.29209772
0.32020572
0.32026893
0.27445418
0.16764338
0.18920164
0.22968838
0.30661908
0.14064652
0.12184170
0.08491828
0.04933782
0.05281828
0.03757237
0.03454845
0.02898151
0.03256176
0.02749145
0.03164372
0.03797370
0.01813059
0.02519966
0.02495988
0.01994915
0.03378658
0.02881116
0.01719399
0.02256047
0.02336651
0.03043365
0.04156416
0.03469033
0.03163689
0.04109820
0.03570581
0.03302757
0.03247068
0.03620025
0.02235481
0.03802166
0.03898759
0.03125484
0.04795794
0.04981467
0.06401370
0.09329399
0.05736159
0.06367365
0.05415575
0.06412739
0.06380164
0.05407291
0.04866646
0.05370703
0.04748772
0.04456339
0.05047742
0.04734119
0.05367491
0.05992519
0.05997857
0.05946210
0.06272209
0.06368302
0.06308527
0.06512505
0.06951731
0.07208257
0.07746835
0.08209532
0.08066003
0.07732968
0.09751102
0.12129204
0.18270402
0.26384470
0.37386480
0.49826109
0.57973146
0.70859927
0.66057444
0.50347251
0.49435261
0.38801286
0.31360102
0.35248858
0.31170368
0.34519947
0.29780060
0.26259109
0.28446814
0.29742944
0.27202320
0.26415616
0.26427978
0.26277313
0.26989499
0.21705541
0.27334562
0.24448700
0.30292073
0.29121384
0.25247908
0.23397462
0.30401605
0.32470539
0.34572998
0.34025642
0.32369226
0.29667860
0.39238599
0.35456625
0.17797059
0.16655532
0.11152691
0.09328497
0.08930875
0.08001067
0.05721680
0.05341315
0.06747718
0.07688768
0.08644463
0.08556422
0.10169634
0.10806195
0.15702903
0.22170807
0.23331332
0.24510372
0.28046018
0.28277311
0.31260267
0.45420182
0.44534409
0.39103019
0.44884348
0.42449617
0.39645231
0.54240161
0.88222963
0.96273470
0.98486656
0.98810858
0.98744267
0.98598772
0.98532504
0.98299211
0.98413002
0.98478150
0.98374742
0.98451632
0.98408246
0.98389685
0.98408246
0.98371029
0.98297578
0.98319399
0.98157400
0.98527563
0.98517168
0.98471874
0.98435533
0.98333102
0.98491168
0.98473674
0.98370117
0.98080999
0.97781873
0.98435253
0.98413450
0.98029870
0.98574299
0.98577219
0.98542506
0.98523289
0.98432064
0.98096555
0.97794294
0.97307873
0.97568047
0.97834671
0.98029041
0.98063904
0.97970229
0.97986364
0.97847170
0.97866440
1.00000000
1.00000000
1.00000000
