1.00000000
0.12543343
0.12334541
0.14952262
0.15910805
0.17570474
0.20852980
0.21506313
0.25761424
0.28090636
0.31850041
0.34750070
0.38071985
0.40973064
0.44288747
0.47624062
0.51330921
0.55818318
0.56208199
0.62727057
0.61964636
0.65438619
0.68202246
0.71402728
0.74887149
0.76989571
0.81149377
0.83189561
0.82161892
0.84931490
0.84937725
0.89574385
0.89036042
0.88568978
0.90264884
0.92512202
0.94095262
0.93407127
0.95790831
0.94187788
0.97550202
0.97254628
0.97144154
0.97928023
0.98596869
0.97997120
0.98004882
0.98961625
0.99137937
0.98725165
0.99502059
0.99445874
0.99236193
0.99875584
0.99365206
0.99742848
0.99867888
0.99727646
0.99937688
0.99719935
0.99648649
0.99690726
0.99885536
0.99671742
0.99166609
0.99101639
0.99837339
0.98175307
0.99833531
0.99935679
0.99783295
0.99902052
0.99950289
0.99971760
0.99970935
0.99432327
0.99802485
0.99773806
0.98901686
0.99129980
0.99767186
0.99420280
0.99420493
0.99834052
0.98526972
0.99116140
0.99427756
0.97436024
0.99161455
0.98873414
0.99846340
0.99598612
0.97671756
0.98934710
0.99538429
0.98642677
0.99313178
0.98990665
0.99064087
0.99438627
0.98512680
0.98786065
0.99172442
0.98247149
0.99729346
0.98615986
0.98964982
0.99868068
0.99239408
0.99631726
0.99528209
0.99816041
0.98986927
0.99896576
0.97955227
0.99654400
0.99618424
0.96505732
0.98560830
0.97350416
0.96792673
0.98248947
0.98969373
0.97841572
0.98899026
0.99041000
0.97714862
0.97212925
0.99296937
0.99121122
0.99781673
0.99384221
0.99808552
0.99768428
0.99640563
0.99918722
0.99836823
0.99732951
0.99849238
0.99947427
0.99782731
0.99425698
0.99941226
0.99533920
0.99891192
0.99599455
0.99756024
0.99869121
0.99584077
0.99806748
0.99652600
0.99679525
0.99477245
0.99722792
0.99698309
0.99751271
0.99282353
0.99916556
0.99942565
0.99984148
0.99658287
0.99939703
0.99879982
0.99940491
0.99958683
0.99700844
0.99742665
0.99850182
0.99862591
0.99855329
0.99596245
0.99811389
0.99846628
0.99975574
0.99794229
0.99778179
0.99940712
0.99925475
0.99966302
0.99854520
0.99670767
0.99953193
0.99696216
0.99853620
0.99899070
0.99939203
0.99680150
0.99780457
0.99910978
0.99511164
0.99549509
0.99830305
0.99206925
0.99274769
0.99530580
0.98643377
0.98380733
0.99700185
0.98754120
0.98594438
0.99552855
0.97981965
0.98055732
0.99899000
0.99131625
0.99071492
0.99665379
0.99385929
0.99185597
0.99121953
0.99528398
0.99169978
0.99950638
0.99390602
0.95983284
0.98567292
0.97102786
0.99176573
0.97062185
0.96456350
0.98342067
0.98998091
0.99560736
0.99107185
0.99104973
0.99463966
0.99671844
0.98896964
0.98092356
0.99717089
0.99031602
0.99776318
0.99963057
0.98743230
0.99471044
0.99642424
0.99510002
0.98700424
0.97409517
0.99390285
0.99658748
0.98751869
0.99200485
0.99736641
0.99548325
0.99016611
0.99917105
0.99870725
0.99950595
0.99762574
0.99067861
0.99462298
0.99964434
0.99442741
0.99528463
0.98811685
0.99236205
0.99295287
0.98998844
0.99989872
0.99261640
0.99545414
0.99403217
0.99876068
0.94781410
0.97294482
0.99099745
0.89560740
0.93991398
0.98493020
0.87519299
0.97506989
0.97781373
0.98121777
0.99767896
0.99333205
0.99964837
0.99276492
0.99918783
0.99580052
0.99135966
0.99377303
0.99536397
0.99597341
0.99161336
0.99050839
0.99722445
0.99878304
0.98026790
0.97688740
0.97677296
0.98934306
0.97669971
0.98036868
0.98872676
0.99102152
0.99230569
0.98941375
0.99118395
0.99835834
0.99395728
0.99806945
0.99106063
0.99370407
0.99874041
0.98925549
0.97724194
0.99760884
0.99707471
0.95449708
0.97913164
0.98468248
0.96296056
0.98844385
0.99894617
0.99442761
0.98950920
0.98508793
0.99545294
0.98968759
0.87800552
0.97087801
0.99161100
0.95416022
0.97728336
0.98600930
0.96403522
0.97396462
0.98372077
0.98919227
0.98316204
0.98154485
0.99500896
0.98156743
0.91253333
0.98485839
0.98746316
0.97275040
0.99591533
0.97480504
0.98802040
0.99646509
0.99972151
0.99778340
0.98989420
0.99469694
0.99088879
0.96309855
0.95107125
0.97728852
0.98948590
0.99798589
0.99811116
0.98780976
0.99144978
0.99413697
0.97361325
0.95678252
0.98029479
0.99634729
0.98638633
0.99373808
0.99834801
0.98565280
0.98474489
0.99562938
0.99632864
0.97654943
0.99617076
0.99519071
0.99733545
0.99753517
0.97374877
0.98285492
0.98548313
0.98026239
0.92964602
0.98521271
0.95770933
0.98627575
0.96258873
0.98455013
0.97989347
0.98545347
0.95079143
0.99925646
0.98525875
0.96976830
0.99747483
0.99445949
0.97897122
0.99605977
0.99845727
0.99105263
0.98689800
0.99587619
0.98146521
0.98672099
0.98664619
0.99735466
0.98897636
0.99888559
0.99620482
0.99075958
0.99569766
0.99725491
0.99125830
0.98136323
0.99621740
0.98941108
0.98902331
0.99274918
0.97713228
0.98743552
0.97907674
0.99453493
0.99065394
0.98843250
0.98623499
0.99633239
0.99278067
0.98008475
0.97190159
0.99157317
0.97661698
0.97570085
0.98954519
0.98600767
0.98749615
0.99086203
0.98976752
0.99541148
0.99292131
0.97994275
0.99838247
0.99877027
0.97438968
0.98718896
0.97504999
0.99114529
0.98903487
0.98446841
0.99197054
0.99543126
0.99578833
0.99553968
0.99263012
0.98528552
0.98551146
0.99573281
0.98680254
0.99902491
0.99714692
0.98270120
0.97885333
0.99535981
0.98496716
0.99054512
0.99569829
0.99782574
0.99864510
0.96939115
0.99626175
0.99644962
0.99744743
0.99399062
0.99573381
0.98877114
0.97807366
0.99940369
0.99415968
0.99761303
0.98340035
0.98885350
0.99425390
0.97518140
0.98651802
0.99733447
0.99715482
0.99302536
0.99590337
0.96817487
0.99627360
0.98016496
0.99633247
0.98432191
0.99211696
0.98873798
0.99719016
0.99471198
0.98700700
0.99163074
0.98013067
0.99543793
0.98666530
0.99907156
0.98589768
0.97072354
0.98657920
0.99828598
0.96814152
0.98931186
0.97486915
0.99480243
0.99155848
0.98639977
0.97685141
0.99452822
0.98802776
0.99509623
0.98666091
0.98926025
0.98678564
0.97952239
0.99680675
0.99730859
0.99925870
0.99419298
0.98095145
0.98762710
0.98914822
0.99605548
0.98746956
0.96726737
0.99490688
0.99318373
0.99184123
0.98823002
0.99525119
0.94005338
0.99567936
0.99194926
0.98397742
0.98726466
0.99165896
0.99641432
0.99900483
0.98218034
0.98408774
0.99891913
0.98942701
0.99053618
0.98261091
0.99265335
0.99827237
0.99323716
0.99219020
0.98791003
0.99595967
0.98007958
0.99216570
0.98527763
0.99168584
0.98207736
0.99586346
0.99913988
0.99450179
0.99709662
0.99934040
0.98897348
0.99683646
0.99558313
0.99412908
0.99832895
0.99303693
0.99804022
0.99955450
0.98254349
0.99782873
0.99699020
0.98653023
0.97909574
0.98127061
0.99225387
0.98801635
0.96443859
0.99266326
0.97668127
0.99279024
0.98235204
0.99527654
0.97060390
0.96868061
0.98465868
0.98670532
0.98947582
0.99283340
0.99180451
0.99267456
0.93469533
0.98228359
0.99389272
0.96915160
0.99507233
0.95485022
0.99230785
0.98778822
0.99911976
0.98958094
0.98736734
0.97993665
0.99039760
0.99594884
0.99913812
0.98679857
0.98972221
0.99392922
0.99879942
0.99267741
0.98600450
0.99574649
0.98918286
0.98738050
0.97370063
0.98555099
0.98834658
0.95461309
0.99816692
0.97464181
0.94489285
0.98449782
0.97333045
0.99284254
0.98228526
0.99436207
0.99251245
0.99756065
0.98515736
0.96687035
0.99597798
0.98844362
0.98807742
0.99870327
0.99107738
0.99102884
0.99553378
0.99863190
0.98873382
0.97259323
0.99299910
0.99945778
0.97410025
0.97515033
0.99432269
0.98565766
0.99393435
0.98690178
0.99494406
0.99546118
0.99742035
0.99834888
0.98672032
0.98918556
0.99123654
0.98269113
0.99353727
0.95661972
0.97836423
0.98882744
0.99327152
0.98872471
0.98345242
0.99644170
0.99022640
0.98072245
0.98854180
0.99714975
0.99038672
0.99628128
0.95575294
0.99072905
0.99832086
0.99531435
0.99375861
0.96588711
0.99400670
0.99368082
0.97220660
0.99288355
0.98404628
0.99569219
0.99235780
0.98945433
0.96236796
0.98475994
0.97183230
0.98628727
0.99465464
0.97806393
0.95914301
0.97792064
0.98094697
0.96071176
0.94287457
0.97017129
0.97323389
0.94655860
0.91972109
0.94807384
0.95668158
0.92678620
0.94397334
0.96092302
0.89785217
0.88264707
0.86738997
0.90858438
0.90181395
0.85207097
0.86762500
0.86924496
0.87804057
0.78662082
0.88954112
0.89254151
0.80595976
0.79113342
0.68563597
0.76487307
0.80706407
0.84155161
0.84501360
0.78426154
0.79653075
0.70560421
0.74122578
0.80317056
0.73899896
0.72201972
0.68382541
0.73104125
0.79576878
0.73772228
0.70482039
0.68336020
0.73603142
0.72114135
0.62372376
0.66012896
0.59592067
0.60680110
0.58728004
0.55088172
0.69188594
0.64504539
0.63025736
0.79076738
0.67499037
0.61830528
0.48824691
0.69780221
0.75793842
0.65882181
0.64498914
0.50648033
0.58009883
0.58327367
0.54668266
0.61264608
0.63795554
0.54505895
0.47333696
0.63041976
0.68481863
0.73357401
0.65811582
0.63727738
0.66574128
0.63897139
0.53109584
0.63513284
0.62301217
0.56633906
0.61317903
0.55600043
0.60959201
0.70254947
0.68317352
0.64365954
0.64965529
0.68788785
0.68259344
0.62925527
0.56122035
0.65423069
0.63566081
0.67589091
0.75453991
0.64037967
0.61826744
0.67192571
0.68914667
0.60225616
0.60693482
0.62128069
0.63873776
0.54246295
0.66773569
0.65911798
0.63971027
0.61228160
0.67052322
0.65351320
0.63379501
0.66878902
0.73358082
0.65067833
0.55489929
0.66101184
0.67386268
0.63436733
0.56932010
0.61261236
0.61493959
0.66714067
0.57839456
0.65453210
0.65291817
0.66378809
0.62823180
0.63293469
0.64466940
0.67587909
0.64075301
0.68198728
0.66917117
0.70922041
0.70601732
0.61276566
0.65830123
0.66015193
0.67572740
0.65348038
0.61120516
0.68980184
0.73424962
0.59771121
0.66281260
0.65834196
0.67712497
0.58718170
0.63991725
0.67888801
0.68137881
0.61221653
0.57233497
0.63511676
0.64342843
0.71754887
0.58684685
0.64221115
0.59788916
0.70104345
0.63501393
0.69273942
0.63030001
0.69655410
0.60435819
0.64436326
0.59388301
0.64796679
0.58761188
0.68784615
0.52792737
0.56201198
0.65205155
0.71851402
0.65380361
0.66035918
0.60749368
0.53189321
0.53793586
0.61216242
0.65277761
0.69833688
0.59933541
0.64247357
0.66873864
0.62529150
0.63551227
0.67957830
0.71709885
0.64606502
0.56703452
0.67955517
0.58832121
0.60599087
0.67982458
0.66838139
0.68392920
0.69854555
0.67402180
0.67902845
0.59051591
0.61414702
0.62701516
0.62042460
0.69772009
0.61621633
0.70814461
0.63965685
0.67756624
0.61814404
0.72784536
0.62186496
0.65634174
0.67262543
0.68577332
0.66416548
0.67390921
0.63415211
0.64438640
0.64387468
0.65133300
0.64895657
0.65814021
0.63989760
0.69908267
0.59358211
0.67357497
0.66760981
0.62563172
0.58837080
0.56448544
0.66217315
0.68300927
0.61985342
0.61200235
0.70280918
0.62868177
0.65698795
0.63529441
0.67738647
0.61811306
0.64479346
0.58665138
0.61305463
0.60755450
0.63067857
0.64475511
0.65445968
0.66622892
0.67440595
0.62152162
0.62412435
0.63281297
0.66496358
0.66418672
0.65825962
0.72028765
0.66166356
0.65292040
0.64499924
0.66682596
0.69225776
0.66947846
0.66425267
0.67975106
0.63702586
0.68595748
0.67660430
0.65280812
0.71374278
0.65397694
0.74702617
0.70846008
0.66689781
0.69963480
0.71412178
0.78985754
0.84076529
0.85573872
0.81631227
0.78799325
0.82756619
0.82950202
0.83904299
0.87995407
0.87348690
0.89909490
0.85341242
0.87729709
0.87691437
0.89510877
0.90969907
0.93409208
0.94916509
0.94730371
0.93838469
0.93090158
0.95036357
0.95300450
0.96327674
0.97537819
0.98366795
0.94756692
0.93132132
0.96395463
0.99400839
0.98610986
0.98066927
0.97588825
0.98970938
0.98512887
0.98337384
0.99612955
0.99964782
0.99300622
0.99390167
0.98098808
0.98853915
0.96843778
0.98621315
0.99757266
0.97502120
0.96118767
0.99259954
0.99259031
0.99333759
0.99607743
0.99744870
0.99643192
0.99563023
0.99889121
0.99823050
0.99449115
0.99429330
0.99991432
0.97380117
0.99849651
0.99493453
0.99083970
0.99921214
0.99602105
0.99707576
0.99733763
0.96966675
0.99885445
0.98888874
0.99790896
0.99902538
0.96947634
0.99717547
0.97550755
0.95920238
0.99771746
0.99394985
0.99678827
0.99703666
0.99618422
0.99340279
0.99520840
0.98699047
0.98898510
0.99250702
0.99554129
0.99332593
0.99169052
0.99837308
0.99642519
0.97688035
0.98697026
0.99592796
0.98845713
0.99910205
0.99237376
0.96794547
0.97691776
0.96933404
0.99811145
0.98737064
0.98044180
0.98973742
0.95950208
0.94662190
0.95289190
0.98420142
0.98356662
0.96748296
0.98835406
0.98183284
0.97711444
0.94607809
0.93570426
0.95144986
0.96214914
0.95529149
0.92495264
0.93948097
0.90618034
0.84332535
0.88394711
0.92028199
0.79809078
0.82789533
0.83848166
0.92607999
0.86948020
0.79561814
0.80207642
0.80666208
0.79983677
0.78398296
0.77348277
0.76522528
0.75967264
0.72184148
0.72075160
0.71505602
0.69998226
0.69025767
0.69414635
0.67132854
0.65987570
0.64828875
0.62315220
0.62655364
0.63278761
0.63554522
0.63412516
0.62269677
0.60213370
0.58402506
0.54956941
0.57226925
0.59041946
0.58450882
0.58227547
0.56923225
0.57106061
0.54828644
0.50973422
0.47075237
0.53677380
0.52271999
0.48520987
0.50934662
0.52391186
0.50035656
0.46208096
0.44569737
0.52212805
0.53337759
0.44398271
0.43018080
0.41675399
0.48490149
0.48635934
0.46678809
0.48119882
0.46318990
0.49537919
0.45263718
0.43038144
0.50597757
0.48535478
0.45252400
0.52080280
0.47770251
0.45431018
0.49051268
0.47424710
0.42511223
0.50815814
0.49564176
0.49585319
0.52637770
0.48345892
0.55989408
0.46436221
0.43178322
0.48115952
0.53064108
0.49801271
0.44769103
0.51057323
0.46369422
0.41972694
0.51108696
0.47519250
0.45618750
0.48408695
0.50805360
0.49178149
0.48081520
0.48479478
0.47915387
0.53307905
0.46998557
0.47156874
0.50901013
0.50404794
0.40023008
0.50162764
0.45913346
0.50362944
0.51681598
0.48566630
0.47984893
0.46044935
0.48243527
0.46590775
0.43011449
0.42259026
0.47001464
0.42902835
0.47305458
0.44087831
0.45798411
0.48020807
0.47486741
0.46636505
0.37867389
0.40661545
0.49581380
0.47388667
0.38405080
0.45580273
0.35376246
0.43427496
0.42444122
0.41264188
0.43974951
0.49915626
0.38520306
0.38596913
0.52563597
0.53774376
0.47504628
0.45534909
0.52201151
0.49905758
0.42377602
0.50711965
0.57892246
0.44793802
0.43224477
0.49079436
0.37392531
0.60151838
0.57703429
0.50066907
0.49713880
0.44879081
0.50554348
0.59948233
0.55920730
0.50420977
0.75175493
0.63557545
0.69566943
0.71374412
0.72940939
0.71690131
0.86315241
0.82564307
0.68439590
0.80599345
0.75906737
0.76163949
0.89399510
0.97299706
0.82481578
0.71004647
0.68096564
0.80653333
0.92465396
0.98216409
0.89536651
0.87858446
0.81437428
0.87728862
0.88705923
0.67956540
0.85742420
0.79275941
0.88534770
0.83450160
0.89242115
0.79184404
0.77535657
0.83779690
0.82867220
0.86197281
0.89688076
0.86196442
0.79120083
0.83889600
0.92207230
0.88301722
0.83017116
0.85821209
0.81171236
0.79826594
0.81365164
0.88520378
0.84766325
0.90659844
0.82041753
0.88434572
0.91919086
0.78642672
0.86306678
0.87022773
0.86849309
0.86417795
0.87426183
0.82446489
0.84120760
0.95629116
0.84920890
0.87691389
0.80566533
0.94705528
0.95132807
0.89922720
0.83140104
0.92852664
0.88816809
0.95978869
0.90227382
0.88466056
0.92393876
0.90140169
0.87254948
0.90755654
0.94580753
0.97881345
0.84943863
0.83077722
0.92176888
0.90731026
0.87816826
0.94422105
0.87860779
0.93434095
0.93088395
0.89904056
0.83780461
0.92330001
0.93873966
0.87408992
0.87092051
0.93949289
0.96690209
0.96792553
0.86490263
0.91496951
0.91799297
0.90644046
0.92648775
0.95014973
0.87133053
0.94655367
0.92768320
0.93050102
0.94539895
0.98473587
0.93399360
0.90441187
0.95727923
0.94522748
0.96378425
0.91009134
0.76877358
0.84567372
0.92010551
0.97446796
0.90934575
0.93091703
0.96481967
0.99010943
0.89885479
0.98627681
0.90676728
0.98749545
0.94889578
0.92233419
0.94212601
0.94751836
0.90234941
0.87466400
0.82454942
0.94754739
0.86825640
0.94362025
0.97177887
0.94688438
0.94072105
0.93439135
0.95459605
0.94934039
0.89241642
0.88052152
0.89154113
0.91987260
0.95631618
0.90050942
0.95214340
0.97826991
0.93347527
0.94327371
0.84402798
0.91231469
0.92079071
0.93423116
0.83655013
0.92643606
0.89987721
0.94976686
0.87374591
0.95773280
0.95064207
0.86689727
0.92238176
0.92494586
0.90012911
0.96289780
0.88983669
0.97918915
0.86403709
0.87387116
0.90922281
0.86091608
0.87301848
0.93613497
0.96097055
0.96929083
0.95553175
0.97968329
0.97289255
0.96892388
0.94628709
0.88169354
0.95287943
0.93773501
0.98586894
0.97794299
0.97885160
0.97612496
0.97697924
0.95509818
0.94610172
0.89241513
0.92919779
0.98650722
0.98913563
0.97289234
0.98746894
0.98982085
0.96506397
0.97788425
0.99447159
0.95625270
0.97353165
0.97875398
0.94566407
0.99643881
0.97805313
0.99636946
0.99898480
0.98292916
0.98425620
0.98957196
0.98861165
0.98237251
0.97584546
0.98918161
0.99064186
0.97602048
0.96981045
0.98961859
0.95606060
0.97387946
0.98868352
0.96999186
0.99467893
0.97795072
0.97797024
0.98464445
0.92294499
0.98613161
0.98176373
0.98895837
0.96080484
0.96975198
0.98213548
0.98309959
0.90522447
0.98823589
0.97248664
0.97522803
0.98686293
0.95803113
0.96844282
0.99606545
0.96243142
0.99563713
0.96595374
0.93310005
0.98989585
0.96524110
0.98143157
0.99599489
0.99306921
0.99624899
0.94695762
0.99488310
0.99534835
0.95943015
0.95544307
0.98546536
0.98565903
0.97771166
0.99035762
0.95657114
0.98297803
0.99095405
0.95828867
0.96958670
0.98873525
0.96506176
0.97097333
0.99647538
0.98514025
0.97276010
0.94742649
0.97904340
0.98689019
0.95106113
0.96897140
0.92557980
0.95907038
0.98696259
0.99650145
0.98517647
0.98250478
0.98882282
0.95780111
0.98734124
0.96021360
0.97441155
0.96988365
0.98147076
0.96811835
0.97181983
0.98077740
0.99514277
0.97476082
0.99539900
0.98605260
0.98461495
0.96667956
0.98204522
0.98310499
0.97187581
0.97969408
0.94231685
0.98244136
0.99507664
0.99509122
0.99392470
0.98621783
0.94257498
0.97569106
0.90973501
0.97477056
0.96688027
0.95496446
0.98861347
0.94664216
0.96482118
0.98010245
0.95753532
0.99065585
0.91581008
0.98270942
0.99221246
0.98046028
0.99271796
0.92636308
0.99378894
0.99231379
0.98148832
0.99559220
0.99418858
0.96483062
0.99552849
0.97612571
0.99373464
0.98643106
0.99981720
0.98420038
0.98194074
0.98557183
0.98008214
0.98652050
0.95569122
0.95838016
0.97991102
0.94921576
0.96951197
0.99620819
0.96934717
0.94958947
0.97814765
0.98737042
0.99550329
0.95469594
0.99326326
0.99109823
0.99479646
0.97896957
0.98626859
0.99354480
0.98619947
0.99119223
0.99537888
0.98637233
0.99346482
0.99410481
0.96648317
0.98514141
0.99777389
0.99950289
0.99992351
0.99963857
0.98348054
0.99194700
0.97249051
0.99926157
0.99469999
0.99307394
0.97237931
0.99010518
0.99194198
0.99155038
0.98461780
0.99793121
0.99819487
0.99404565
0.99838290
0.99954795
0.99855307
0.99211015
0.96692641
0.95456685
0.93731111
0.99208502
0.97082242
0.98563418
0.98642013
0.99513627
0.99894344
0.99204248
0.99088722
0.98792032
0.99465631
0.99728189
0.99865703
0.97444284
0.99023159
0.98208426
0.98674318
0.99112337
0.99516430
0.99942329
0.99942887
0.99967578
0.99618447
0.99736541
0.99609798
0.99597964
0.99567843
0.99695119
0.99699524
0.99934596
0.99819214
0.99230956
0.99556196
0.99564696
0.99651275
0.99643977
0.99899444
0.99794277
0.99520302
0.99766216
0.99781946
0.99655202
0.99369186
0.99915901
0.99759517
0.99817713
0.99551759
0.99704816
0.99636253
0.99933409
0.99946432
0.99877201
0.99237567
0.99709845
0.99795287
0.99821336
0.99981960
0.99066981
0.98767838
0.99487651
0.99961702
0.98759554
0.98905911
0.99967686
0.99772352
0.99558638
0.99937280
0.99909659
0.99394825
0.99077079
0.99344022
0.99598535
0.99258471
0.99234161
0.99576475
0.99597043
0.99578055
0.98555525
0.99807259
0.99850478
0.96828102
0.99627169
0.99735000
0.99635603
0.99315396
0.99885230
0.99240446
0.99723032
0.99847706
0.98990099
0.99765011
0.99153622
0.99820091
0.98803463
0.99736976
0.99503073
0.97913501
0.99601611
0.99864133
0.98521666
0.99608915
0.99866494
0.99008334
0.99694385
0.99909917
0.95902143
0.99552442
0.99616949
0.99469912
0.99605935
0.99916356
0.99326909
0.95178864
0.99825934
0.99925988
0.97469483
0.98430271
0.99331250
0.98162762
0.98580506
0.99956675
0.99371957
0.98898053
0.98812035
0.99674116
0.97019211
0.99803263
0.96007132
0.95607364
0.99640853
0.98085394
0.95604617
0.98846406
0.99880501
0.98539666
0.98461786
0.99113970
0.98241766
0.96819847
0.98330367
0.98046194
0.97802859
0.97708002
0.99510367
0.98529754
0.99703524
0.99903262
0.98890711
0.99438398
0.99711979
0.98066423
0.99465023
0.98893545
0.97700821
0.97455676
0.98134382
0.97529152
0.99109078
0.97896951
0.99598382
0.99532933
0.99818786
0.99480908
0.98641201
0.99982263
0.99170139
0.96850397
0.99386254
0.99811416
0.99310467
0.98977755
0.98550307
0.99551834
0.98861923
0.96956490
0.99761543
0.98499871
0.99721807
0.98768201
0.99866024
0.98298375
0.99661813
0.98127478
0.99377845
0.99385553
0.99314223
0.98067742
0.99765059
0.99253512
0.99074837
0.99714025
0.99632567
0.99630714
0.99546264
0.98353632
0.99630186
0.99381961
0.99860205
0.99820120
0.99729540
0.99933364
0.98422089
0.98800860
0.99776668
0.98779393
0.98680569
0.98804184
0.96135367
0.95715311
0.99545807
0.97155980
0.98298392
0.99171353
0.98170315
0.97921601
0.99898047
0.99365609
0.98312759
0.99667224
0.99809321
0.98543502
0.99898998
0.99667959
0.98244490
0.99774877
0.99202366
0.99479497
0.99807145
0.99424228
0.99764697
0.98073771
0.98297474
0.98648406
0.97517197
0.99956005
0.98254927
0.98040271
0.98978117
0.98104428
0.99961211
0.98498854
0.99889713
0.98194385
0.97673067
0.99959739
0.98114193
0.99702309
0.95820390
0.96091566
0.99957073
0.98676517
0.99265964
0.98305298
0.97923376
0.98809956
0.98908885
0.99721380
0.99756595
0.99580892
0.98356202
0.96054289
0.98102976
0.99770146
0.99900264
0.99235895
0.98807511
0.98259940
0.96892371
0.97454871
0.96356950
0.95701877
0.97367897
0.97271897
0.98604778
0.98362490
0.95936325
0.96370885
0.95202976
0.95857427
0.98510306
0.98301191
0.97928383
0.98337931
0.97723949
0.97891465
0.97818058
0.97471147
0.97610976
0.97534432
0.96631459
0.98412122
0.99131238
0.96123877
0.96026224
0.98495199
0.98253781
0.97060053
0.97672871
0.96435023
0.95089013
0.95432415
0.95325828
0.98228250
0.95764062
0.97072665
0.94921203
0.89701258
0.93952956
0.95539750
0.95509324
0.95911769
0.95916322
0.96826254
0.96076456
0.92332800
0.94201679
0.95547842
0.94304311
0.93646898
0.95008680
0.95673939
0.94700248
0.93155430
0.94724087
0.96507338
0.95452557
0.91893240
0.94996259
0.95882779
0.87962460
0.98876586
0.97757808
0.91031873
0.95912736
0.95913305
0.95653291
0.97013807
0.96305364
0.93675276
0.94513247
0.90688463
0.90958990
0.93246984
0.97801295
0.91377200
0.95925718
0.96833389
0.91141738
0.95051137
0.97639756
0.90160621
0.94101671
0.96389668
0.95035144
0.89637994
0.94889133
0.97404217
0.94636070
0.97951729
0.91453542
0.99706264
0.93369939
0.96867356
0.85793470
0.94899214
0.85499927
0.97446562
0.90651789
0.92406923
0.95590815
0.92228834
0.93082080
0.89593831
0.98997701
0.99147222
0.95871992
0.99844966
0.80311728
0.79619296
0.96287770
0.98427984
0.94436496
0.92799181
0.96664445
0.89566794
0.78365472
0.97034179
0.92251110
0.95299861
0.95118971
0.92904030
0.96003794
0.89960551
0.97990824
0.99224995
0.79534164
0.87003486
0.94873671
0.93836425
0.98229789
0.88800850
0.62624659
0.94263841
0.94232747
0.85193311
0.88824473
0.94955787
0.98893861
0.98129749
0.97139609
0.95215723
0.99577223
0.90181836
0.97710607
0.86087265
0.88757194
0.91806710
0.98511086
0.87613597
0.83135135
0.91092225
0.99000948
0.91679036
0.89232421
0.89233392
0.96133262
0.79616846
0.91641022
0.94041890
0.88820120
0.91578278
0.92089772
0.66747363
0.84878226
0.96768660
0.78200063
0.84140409
0.80723126
0.84963911
0.61774871
0.82388479
0.90302976
0.71377697
0.69672355
0.90783824
0.53699754
0.68961953
0.58224393
0.84399876
0.75958771
0.71620518
0.61159894
0.43762715
0.61096714
0.73689766
0.60036444
0.39133608
0.60965064
0.56354976
0.50666015
0.54641925
0.50012182
0.47216924
0.42685280
0.43309251
0.66298774
0.76147488
0.54593414
0.33934966
0.48476742
0.43074893
0.44368324
0.52052582
0.48219590
0.56276135
0.67938832
0.66544040
0.59103314
0.60051652
0.80025911
0.54583767
0.42108137
0.42539254
0.38434505
0.48555247
0.31333958
0.22777086
0.38629418
0.41178793
0.49537144
0.38836540
0.31162085
0.67128138
0.50012284
0.42094405
0.48797775
0.59034938
0.53388766
0.42421814
0.48546717
0.44813030
0.58963420
0.46613589
0.37997745
0.43870133
0.47519592
0.62558392
0.42682037
0.50203149
0.46503014
0.42763358
0.47226018
0.37095792
0.44855599
0.42843947
0.61124166
0.59883265
0.48616024
0.61152685
0.50436737
0.57853638
0.48089116
0.54891385
0.61790253
0.50477080
0.50589279
0.58558303
0.53650012
0.50092042
0.48647466
0.49432389
0.66379246
0.52444020
0.38211899
0.36826053
0.71434208
0.31679338
0.42619721
0.33078857
0.49675690
0.59444576
0.40681563
0.51655125
0.31889144
0.47503277
0.35464101
0.52896254
0.63911130
0.64351901
0.63957237
0.34364409
0.44027838
0.50524375
0.50685600
0.50137236
0.53915547
0.67092889
0.47405092
0.50187536
0.42104792
0.45183589
0.57964154
0.45892103
0.48049776
0.54652328
0.55151726
0.49526889
0.51481866
0.60622437
0.48251271
0.37545773
0.48566437
0.62056048
0.41497990
0.39326127
0.50929403
0.65507743
0.54348198
0.59401464
0.37569375
0.57823593
0.31338487
0.39406999
0.44825537
0.48486444
0.56142831
0.50739754
0.48534408
0.65697817
0.59723393
0.52378514
0.59011317
0.46853678
0.46599749
0.31461226
0.60732853
0.60274064
0.71021026
0.65864063
0.40380850
0.46490874
0.61111678
0.60443997
0.35295626
0.58929021
0.75089519
0.57581682
0.56946828
0.57899639
0.53044362
0.50035704
0.46965973
0.53732976
0.57933522
0.45086201
0.62262708
0.75037851
0.67749141
0.49273514
0.62180708
0.39146918
0.59365836
0.41479696
0.66059224
0.50809281
0.38174373
0.62641796
0.55677815
0.39811141
0.56066228
0.65198521
0.52553279
0.47872474
0.47282404
0.64539716
0.61288958
0.57393843
0.42600831
0.45052405
0.52460440
0.45578564
0.49086869
0.68639214
0.67583418
0.51010137
0.57856346
0.48642692
0.64789976
0.46955187
0.43273211
0.37581048
0.44764655
0.56484708
0.38911133
0.46443191
0.46691646
0.40933055
0.67972299
0.50263040
0.31932370
0.43245551
0.48942371
0.47746461
0.39047471
0.41064767
0.38659761
0.53375731
0.32551175
0.39972067
0.35765441
0.32506543
0.34228038
0.36701821
0.31488119
0.33767671
0.45597603
0.42840458
0.37836279
0.28569540
0.33206804
0.52816124
0.52978280
0.30280939
0.34661650
0.34879352
0.45447379
0.37112506
0.55511540
0.24050385
0.47635298
0.51951793
0.57664729
0.37681493
0.38528583
0.53598166
0.49691669
0.51417200
0.40406664
0.41773074
0.34781976
0.26999413
0.49026623
0.35336060
0.46533478
0.41952985
0.35957755
0.35287587
0.38408583
0.63871809
0.41943158
0.38764659
0.41268625
0.32983618
0.23400008
0.33613621
0.55445953
0.44984013
0.43846882
0.34974148
0.26318069
0.20573481
0.49007244
0.40925525
0.41761798
0.41601283
0.30412515
0.32965951
0.14423953
0.32519827
0.35249905
0.35817900
0.37332506
0.33344159
0.55708520
0.35655837
0.35001649
0.37765028
0.47693524
0.48276051
0.42347958
0.37204969
0.47138431
0.25454533
0.41343881
0.51484833
0.33584700
0.35527608
0.45791836
0.32656757
0.34674571
0.37734784
0.36162810
0.34012721
0.38780318
0.33995579
0.36899217
0.33205951
0.33139607
0.40142432
0.31303845
0.33708658
0.38734879
0.38770719
0.34312326
0.36205082
0.46857811
0.41143585
0.35566642
0.38141704
0.31138418
0.34109620
0.36703519
0.37829681
0.33885132
0.31381218
0.42486774
0.33746195
0.38812826
0.28743679
0.27162139
0.35282142
0.34688376
0.36161960
0.39714376
0.53613034
0.38273187
0.38862461
0.40414463
0.35605983
0.28491800
0.31280359
0.32149468
0.46073417
0.53091638
0.47796680
0.41288334
0.34262323
0.43608698
0.44590086
0.46178809
0.40946558
0.43700647
0.50202988
0.56684164
0.66313474
0.66358702
0.55295023
0.51697314
0.51853491
0.51939082
0.64884882
0.70397014
0.71821187
0.75806983
0.66037044
0.68091140
0.73829339
0.79514089
0.82629899
0.83417599
0.85158223
0.87106593
0.86450735
0.78914346
0.87151431
0.86396234
0.81271194
0.84074118
0.93547336
0.97513992
0.95940331
0.92943712
0.92898616
0.93388567
0.90065096
0.90197448
0.91176653
0.98679490
0.97494796
0.97681408
0.88975570
0.93574216
0.98922332
0.97850027
0.99346131
0.98805333
0.98624861
0.99697280
0.98592462
0.98880964
0.98605363
0.98566523
0.99351869
0.99705918
0.98674696
0.98681005
0.97277242
0.99863340
0.97968173
0.98174789
0.99638988
0.99023788
0.99446964
0.99677686
0.99506335
0.99499668
0.99701663
0.99098900
0.98606665
0.99184147
0.99567724
0.99329389
0.99469692
0.99273472
0.98143151
0.98909315
0.99293235
0.95381714
0.97448819
0.99043992
0.99559580
0.99687625
0.99301996
0.96349397
0.99009766
0.98265738
0.99574405
0.97782479
0.98618931
0.99226672
0.99519517
0.99074229
0.97099338
0.99722954
0.99499048
0.99499462
0.99537479
0.99461474
0.99090041
0.99973864
0.99045950
0.99500695
0.98567966
0.98478684
0.99586875
0.99054359
0.96982567
0.99628190
0.99330528
0.97589090
0.97141528
0.99808910
0.99133029
0.99680238
0.99132533
0.99115421
0.98447702
0.97577687
0.99676605
0.98897464
0.98294273
0.99901404
0.98656592
0.98604132
0.99012125
0.99847094
0.98647984
0.99803637
0.99889922
0.99072496
0.99664713
0.97716930
0.99971279
0.99382748
0.98868886
0.99868098
0.99523670
0.98837144
0.99881049
0.98728717
0.96731589
0.99777287
0.99936692
0.99952369
0.98445222
0.99199459
0.99506709
0.98935236
0.99431784
0.98953197
0.98144625
0.99148932
0.99471490
0.99909959
0.99078398
0.98159449
0.99263791
0.99618168
0.99691742
0.98151740
0.98071364
0.99661251
0.98151018
0.97478843
0.98550974
0.99322227
0.97269539
0.98570129
0.96837421
0.99139251
0.99606759
0.99288968
0.97886169
0.99358564
0.99559329
0.98143405
0.98485797
0.99831771
0.99297156
0.98584726
0.99662648
0.99319687
0.99017753
0.99471891
0.99659190
0.99887259
0.99634066
0.99207439
0.99032239
0.99550160
0.96062900
0.98308959
0.99081263
0.98235235
0.99630059
0.99379851
0.99819228
0.99282872
0.99794835
0.99414828
0.98282700
0.99143029
0.99249157
0.98326803
0.98483348
0.99579367
0.99553671
0.99455268
0.99909292
0.99579342
0.98224945
0.99852397
0.97754584
0.98921169
0.98343645
0.99557415
0.99925613
0.99639100
0.99964027
0.99878538
0.98535746
0.99724048
0.99150179
0.99517223
0.99525750
0.99564242
0.99607620
0.99667744
0.99696842
0.99541236
0.99622007
0.98935334
0.98360425
0.97954406
0.98162882
0.97802298
0.98380822
0.96621273
0.97136659
0.98135083
0.97350048
0.93534990
0.91363281
0.86426753
0.85228320
0.81717252
0.82681930
0.82085282
0.85994022
0.88248346
0.92759915
0.93735973
0.95943771
0.98597884
0.98575764
0.99685402
0.97747800
0.98965586
0.98386091
0.96182676
0.99816904
0.97647627
0.96023698
0.99413597
0.99208068
0.96800986
0.98866415
0.99019626
0.97171950
0.99249917
0.99516598
0.99812762
0.99367500
0.99186863
0.99842047
0.99892931
0.99439426
0.98846704
0.99229696
0.99311838
0.98984292
0.99692440
0.99604873
0.98490650
0.99347692
0.99846153
0.99617335
0.99880720
0.98840318
0.98180123
0.99800903
0.99157843
0.98286451
0.99670610
0.99539715
0.99244668
0.99647480
0.99737932
0.98677855
0.98279855
0.99965683
0.99800747
0.99989217
0.99119401
0.20930793
0.42657481
0.09341086
0.01000000
0.87827418
0.13206646
0.04896606
0.45655073
0.52167402
0.01043711
0.27430369
0.06451057
0.74014816
0.37486315
0.05567532
0.80195784
0.19827668
0.64304856
0.51248044
0.55860467
0.90029726
0.66198574
0.35393557
0.01000000
0.22725509
0.19584136
0.29595353
0.57491087
0.92696985
0.19644288
0.44878560
0.58109800
0.17178244
0.51415422
0.09835245
0.37265534
0.50678314
0.14024021
0.11780999
0.52058201
0.13973086
0.45515458
0.38641422
0.32524788
0.20063578
0.15378221
0.13892472
0.24298038
0.41421609
0.22755791
0.63916853
0.06464032
0.20268205
0.23010631
0.13486805
0.03727950
0.10234115
0.79340246
0.04340109
0.51342010
0.05936545
0.08958683
0.24914859
0.29578447
0.43237577
0.46221563
0.77213529
0.30172972
0.85993785
0.03750797
0.17934938
0.55383224
0.12787106
0.33594034
0.68657662
0.11744008
0.26568432
0.03888555
0.05169946
0.01163890
0.96564701
0.48478495
0.29555189
0.28332964
0.47701509
0.20593981
0.19314540
0.66065486
0.16436153
0.12310331
0.21530189
0.48255519
0.02554944
0.45469583
0.49887465
0.51285580
0.79661420
0.16692962
0.01000000
0.01522058
0.05950688
0.04033046
0.22641563
0.38214834
0.36381567
0.71627010
0.07191200
0.22623925
0.07673282
0.17467013
0.73540365
0.99843044
0.99652790
0.98861463
0.99304424
0.99503610
0.99177804
0.99715190
0.99715225
0.98789279
0.99431794
0.99598267
0.99524301
0.99437899
0.99814653
0.99807192
0.99705215
0.99491875
0.99799159
0.99174574
0.96534931
0.98327456
0.97895123
0.97039919
0.99249819
0.99400895
0.99225846
0.99865848
0.99900835
0.99202808
0.99504907
0.99319815
0.99414013
0.99625503
0.99741083
0.99447009
0.99498954
0.99688610
0.99783766
0.99606052
0.99750155
0.99856316
0.99753178
0.99913026
0.99784760
0.99877629
0.99909049
0.99937545
0.99943371
0.99991923
0.99977855
0.99818286
0.99874409
0.99844043
0.99706516
0.99984619
0.99786587
0.99573507
0.99962197
0.99963295
0.99933970
0.99961913
0.99988073
0.99856169
0.99819188
0.99860421
0.99755726
0.99664197
0.99889346
0.99686794
0.99881984
0.99713073
0.99450165
0.99656131
0.99968685
0.99361840
0.99645520
0.99383322
0.99761990
0.99335343
0.99951260
0.99883507
0.99582645
0.99656007
0.99001042
0.99103232
0.99433955
0.99204382
0.99291560
0.98917122
0.99058896
0.99376682
0.99220350
0.98947355
0.98937249
0.99481083
0.99610739
0.99964195
0.99950285
0.99933382
0.99859699
0.99940773
0.99860548
0.99825669
0.99882672
0.99850982
0.99546799
0.99075905
0.98795906
0.97871441
0.96574408
0.96219633
0.96228489
0.95791987
0.97566986
0.98144763
0.99116388
0.99083995
0.99763931
0.99955181
0.96601170
0.99829169
0.99077513
0.99164414
0.99479430
0.99930615
0.98592337
0.99975043
0.99864538
0.97894533
0.99749153
0.99364444
0.96701987
0.99262883
0.99463715
0.96886932
0.98898050
0.96843082
0.99599006
0.99897700
0.99640656
0.99866945
0.99928840
0.99190681
0.99336007
0.99852796
0.99275497
0.99976751
0.99698290
0.99193575
0.99889173
0.98765624
0.99878724
0.99115338
0.98822650
0.99774690
0.99548379
0.99524702
0.99189593
0.99187305
0.98741535
0.99203968
0.99871398
0.98599996
0.99202574
0.99897524
0.99933503
0.99441890
0.99938690
0.99906904
0.99891167
0.99727984
0.99870116
0.99973390
0.99736405
0.99942291
0.99881867
0.99945723
0.99908603
0.99982834
0.99704918
0.99842438
0.99783435
0.99880290
0.99835437
0.99727921
0.99958611
0.99822089
0.99768561
0.99881033
0.99885558
0.99884230
0.99954056
0.99929142
0.99891510
0.99782859
0.99945739
0.99976327
0.99989679
0.99783555
0.99952428
0.99982844
0.99899209
0.99980617
0.99967401
0.99921450
0.99972937
0.99965887
0.99974439
0.99978643
0.99932146
0.99860479
0.99876917
0.99992681
0.99676948
0.99762334
0.99861935
0.99948279
0.99943675
0.99954577
0.99817556
0.99897443
0.99887622
0.99590767
0.99771570
0.99647131
0.99627846
0.99694893
0.99729470
0.99636341
0.99833857
0.99726880
0.99794497
0.99710024
0.99385731
0.98253019
0.98038932
0.98990564
0.97646650
0.97826212
0.99602103
0.98028140
0.98357737
0.99808826
0.99576523
0.99479346
0.98837567
0.99701981
0.99797111
0.98489787
0.99777306
0.99092614
0.96552432
0.99104792
0.97568650
0.98458171
0.98069320
0.96047219
0.99120648
0.98585670
0.99684431
0.99305363
0.99255242
0.98767721
0.99059363
0.99430349
0.99249143
0.99454247
0.99726087
0.99815523
0.99853357
0.98942301
0.99783083
0.99947420
0.99987895
0.99802742
0.99735517
0.99665113
0.99232459
0.99934272
0.99542915
0.98453312
0.99794950
0.99975642
0.99418607
0.98681436
0.99961654
0.98946447
0.99934185
0.98948583
0.99768344
0.99729708
0.99792064
0.99547819
0.99951846
0.99737026
0.99856168
0.98603712
0.99963203
0.99139613
0.99949946
0.99667409
0.98804481
0.99915286
0.98892676
0.99248260
0.99804717
0.99465019
0.98817545
0.99936407
0.98537338
0.99541797
0.99624080
0.99128675
0.99645984
0.99348427
0.99702999
0.99888749
0.99979756
0.99749498
0.99821110
0.99949914
0.99782751
0.99799161
0.99151449
0.99960074
0.99663639
0.99957605
0.99536997
0.99340314
0.99336996
0.99873670
0.99417589
0.99946181
0.99551051
0.99480039
0.99891081
0.99982285
0.98917065
0.98254922
0.99790321
0.97383228
0.98871569
0.99906570
0.99737094
0.99399796
0.99247129
0.99940532
0.99934529
0.98865467
0.99512774
0.98180053
0.97678048
0.99663561
0.99377171
0.99100382
0.98431788
0.94212928
0.99278465
0.96612915
0.93247338
0.99161249
0.99663977
0.99419088
0.99851489
0.98734160
0.98789972
0.99539240
0.99713637
0.99935662
0.99335337
0.98746387
0.99433497
0.99743568
0.98069504
0.98636829
0.99135958
0.98838023
0.99525316
0.98467982
0.98940024
0.99883666
0.98538655
0.98784544
0.99443994
0.97691085
0.99857406
0.99821690
0.98886898
0.99478542
0.98970369
0.99488290
0.98802276
0.99725766
0.99989090
0.98279748
0.99322939
0.99325219
0.99484342
0.99612242
0.98751374
0.99672830
0.99423975
0.98403360
0.98249856
0.97268845
0.99538593
0.97413612
0.98259364
0.99547329
0.98503311
0.99339885
0.99635029
0.98524792
0.99394486
0.98005722
0.98354275
0.98779939
0.99678638
0.99974585
0.99421036
0.99540341
0.99750225
0.99931091
0.99448923
0.97742582
0.98506631
0.99349731
0.99128343
0.98642074
0.99678204
0.98572262
0.99859368
0.97760930
0.98969477
0.97151119
0.98329249
0.98991735
0.99083880
0.99009240
0.98780213
0.99737431
0.98237944
0.98524659
0.99565661
0.96282214
0.98838802
0.97323116
0.99037778
0.95129713
0.97972504
0.98919220
0.99365354
0.98972993
0.97795519
0.99999276
0.99231193
0.98540400
0.99667685
0.98890685
0.99693333
0.98116143
0.98776249
0.99703640
0.96495961
0.95739230
0.99148724
0.99113046
0.97281495
0.98581153
0.99803574
0.99446165
0.99349082
0.90440378
0.98122837
0.99439826
0.98092793
0.99596046
0.99214950
0.99218102
0.99729012
0.98244713
0.99385351
0.98244740
0.99789039
0.98663651
0.99313423
0.99054896
0.98260818
0.99445302
0.97316012
0.99137734
0.98786802
0.99513206
0.98492837
0.97971114
0.98894873
0.99663817
0.99291818
0.99284335
0.98944646
0.99676175
0.99849307
0.99796091
0.98915706
0.98982087
0.99130570
0.99593443
0.98570364
0.99015110
0.99390995
0.98751843
0.99534079
0.99832349
0.99803844
0.98975227
0.99001200
0.99657704
0.97874969
0.99409724
0.99649361
0.99210958
0.99864278
0.99769758
0.99388358
0.99473600
0.99663672
0.99241610
0.97585540
0.98239036
0.99121919
0.98552233
0.97538936
0.99702499
0.99299355
0.99075153
0.98872401
0.99548507
0.98790335
0.98853266
0.99609395
0.98526952
0.99023817
0.98028964
0.98297178
0.99462446
0.98880367
0.99487960
0.97454115
0.98938733
0.97279234
0.98722665
0.99829379
0.99164371
0.99101173
0.98703954
0.99253304
0.98542488
0.98254986
0.99515543
0.98946816
0.99640936
0.98677588
0.99560603
0.98645914
0.97220091
0.97981094
0.99382302
0.99748108
0.98856029
0.96559833
0.96060470
0.98983296
0.98751588
0.96925377
0.97174789
0.98665485
0.98953709
0.97567610
0.99564383
0.98879249
0.92760780
0.99447959
0.95813604
0.99357924
0.99445433
0.92641218
0.98919722
0.98349949
0.99869709
0.98980164
0.99313886
0.94168685
0.99138022
0.94385842
0.97246467
0.96831874
0.96229732
0.98865842
0.98206655
0.96153267
0.97830751
0.98746547
0.97020276
0.99456203
0.99302122
0.98951635
0.97863634
0.94082317
0.98615499
0.98240319
0.98121911
0.97003640
0.97903500
0.97967783
0.97821958
0.98683338
0.97483373
0.95260546
0.96547306
0.97552379
0.99125739
0.97507626
0.97746539
0.97939718
0.98297133
0.92809966
0.97107964
0.98248066
0.97805853
0.99363077
0.98829105
0.95856514
0.96510901
0.90866289
0.94360886
0.93568979
0.96681091
0.99206409
0.97171442
0.98593870
0.98864552
0.98921276
0.99794564
0.95907367
0.95653061
0.98416818
0.97222907
0.99428605
0.98950281
0.96404040
0.99536532
0.96469171
0.98861279
0.99625728
0.98936390
0.99953384
0.99452171
0.99580049
0.99051753
0.99724557
0.97945760
0.99015804
0.99160463
0.99253635
0.99548342
0.98838911
0.99889037
0.99589089
0.99687933
0.99840599
0.99610474
0.99032824
0.99299381
0.99039865
0.99580701
0.98498316
0.98699502
0.99603511
0.99272262
0.99026145
0.99868652
0.98877595
0.99753408
0.98680851
0.98869222
0.99796434
0.99571905
0.99168318
0.98662867
0.99981315
0.98043812
0.99604341
0.99919642
0.97701338
0.99537778
0.98301821
0.95656442
0.98920917
0.98031117
0.96859979
0.99316387
0.99709896
0.99940355
0.99950235
0.99888848
0.99889670
0.99834324
0.99751723
0.99666589
0.99572748
0.99793046
0.98929279
0.98045658
0.99219141
0.97704812
0.97749347
0.99549361
0.99780480
0.98800855
0.98718592
0.99787537
0.99015666
0.97740787
0.99364893
0.99984617
0.99864504
0.99567067
0.99948756
0.98514840
0.99544433
0.99744898
0.99764317
0.99797336
0.99738457
0.99918908
0.98780507
0.99131516
0.99632013
0.99862810
0.99873728
0.99414356
0.99739948
0.99615013
0.99680965
0.99512941
0.99550808
0.98550950
0.99826429
0.99532413
0.99670477
0.98490910
0.99468807
0.93318968
0.99622514
0.99247711
0.98653291
0.99420607
0.98578348
0.98384304
0.96960319
0.97148166
0.98364611
0.95725845
0.98067106
0.95608507
0.97776242
0.93606800
0.97456066
0.87499580
0.89406892
0.94526005
0.97093919
0.94713842
0.98977366
0.95316468
0.97165697
0.96806844
0.89221165
0.88937285
0.96019176
0.99879993
0.92212176
0.90774838
0.96777958
0.97400192
0.96386956
0.94621393
0.85566480
0.91404751
0.96339679
0.91112495
0.88466616
0.83164897
0.80546757
0.86179873
0.92279189
0.83300013
0.80846567
0.88591648
0.90370469
0.95176730
0.94259011
0.73882512
0.68567923
0.82948738
0.80370459
0.79704271
0.75714022
0.82808022
0.92229767
0.74628656
0.69735126
0.77074313
0.65063590
0.88486760
0.80757334
0.83173517
0.68739606
0.86030350
0.76851886
0.85439300
0.88304355
0.58159557
0.82833389
0.80347831
0.91507136
0.90066256
0.63113497
0.74791765
0.69386591
0.68911025
0.66250201
0.76377082
0.68727968
0.70584611
0.74409150
0.65092907
0.58804654
0.59627888
0.84337145
0.77380558
0.81638086
0.86218362
0.83269927
0.79771652
0.77642565
0.74648437
0.84991448
0.78521782
0.75380974
0.69728366
0.69860542
0.73223462
0.83384075
0.75664402
0.77987750
0.78532075
0.79066981
0.73780215
0.76099143
0.76718589
0.75077577
0.78116129
0.77954362
0.77400317
0.75454176
0.78283184
0.74549400
0.81119363
0.77392930
0.80794451
0.79247235
0.74598567
0.73262609
0.80774918
0.74414847
0.76614114
0.77097818
0.80010602
0.78526133
0.74255990
0.74407210
0.74044677
0.77660943
0.76918700
0.79662429
0.77608731
0.77799520
0.76985431
0.77160056
0.75827012
0.76913271
0.77312687
0.77613519
0.78633339
0.76898753
0.79115053
0.80376937
0.77654649
0.77244005
0.76698984
0.78733384
0.77849119
0.82940186
0.77854452
0.78486435
0.79649405
0.80115101
0.65582857
0.02091760
0.78247687
0.12239886
0.29125663
0.06331359
0.40232535
0.49432559
0.30781422
0.16622068
0.18895950
0.20492584
0.08344999
0.32853511
0.67368946
0.04408362
0.11622789
0.33412523
0.56747247
0.69190743
0.01000000
0.06935824
0.44567925
0.80435727
0.78423528
0.77838548
0.74971407
0.75323919
0.80519638
0.81156373
0.76669804
0.71781063
0.70323227
0.77409452
0.81814677
0.83364515
0.82269355
0.78705179
0.74713710
0.71567749
0.71245969
0.71461151
0.78665620
0.82715653
0.80413008
0.77713259
0.75053028
0.79098162
0.75235201
0.83445910
0.82263671
0.82821739
0.79784723
0.78056165
0.70331735
0.79416760
0.74683883
0.79448214
0.83359003
0.73743221
0.80928175
0.78899617
0.74068328
0.69985076
0.80235545
0.76120621
0.79485336
0.81357236
0.78633717
0.83275211
0.73456780
0.71491752
0.67461849
0.70172754
0.75857251
0.73823049
0.79217876
0.77916903
0.78930339
0.76792132
0.81531129
0.77199739
0.80844703
0.78434676
0.78693149
0.74202223
0.76685535
0.74461712
0.71533496
0.73122358
0.75117920
0.74127702
0.76943705
0.79381281
0.75574397
0.77779581
0.75489682
0.73597648
0.74511429
0.76940062
0.74821333
0.74545422
0.78870851
0.73938016
0.80374607
0.81196931
0.76277927
0.75785258
0.77910812
0.74759290
0.75877199
0.77020218
0.80826505
0.80549166
0.72082714
0.76278675
0.76043552
0.79182316
0.83031675
0.75761442
0.75034220
0.73263320
0.75266888
0.75799765
0.73496026
0.75516822
0.76903939
0.75089353
0.75143115
0.76156376
0.78504817
0.81052139
0.81648442
0.81954925
0.78804991
0.78078071
0.79436924
0.78671902
0.78204840
0.75992883
0.74894294
0.75412560
0.76534709
0.79867400
0.80225982
0.78782900
0.75974887
0.71631884
0.73786031
0.73285729
0.73515361
0.73234066
0.72037087
0.73314064
0.71073848
0.69560480
0.70940705
0.71776015
0.70207834
0.73118671
0.70874503
0.67923852
0.68314075
0.69103493
0.71573977
0.71693893
0.70039247
0.66924570
0.62416084
0.69096098
0.71848710
0.73324596
0.68943907
0.65990792
0.65699034
0.69052643
0.73851898
0.74901499
0.71891498
0.72648824
0.68146569
0.69751148
0.65233447
0.66061605
0.73310413
0.74550949
0.67627064
0.62753643
0.64567644
0.65682781
0.70753214
0.60330898
0.62018637
0.65171063
0.59053739
0.68843841
0.68267287
0.64044096
0.65772262
0.64625981
0.57685722
0.62706933
0.63387481
0.58535913
0.61522418
0.56941105
0.61177860
0.63360878
0.59634275
0.55465197
0.62073385
0.54419586
0.70138576
0.65794846
0.65159865
0.59142266
0.60015316
0.59151737
0.58027453
0.71838624
0.73657085
0.74761443
0.71219030
0.76066363
0.71238016
0.80432872
0.69843104
0.76715605
0.78563576
0.77560027
0.83529010
0.84943248
0.73412147
0.82593770
0.83991420
0.83130793
0.80498412
0.72363907
0.72589598
0.82213257
0.87571580
0.87032417
0.83450120
0.71149405
0.80055634
0.77514300
0.85274027
0.85351349
0.90546495
0.85303498
0.80338143
0.88932896
0.89385865
0.84779654
0.81798523
0.88605493
0.78515907
0.88220018
0.91424214
0.84131565
0.86764013
0.88998675
0.84688413
0.86324164
0.83757288
0.84386940
0.87423556
0.86020921
0.78871921
0.86983218
0.85467263
0.86360112
0.81188479
0.87154781
0.92510683
0.88760577
0.85147069
0.89854732
0.85097141
0.86843270
0.80361460
0.89246796
0.88427855
0.87694036
0.92657596
0.85453702
0.87394063
0.84073476
0.87408347
0.88101126
0.87180298
0.85516677
0.84388781
0.85386907
0.83024263
0.87735642
0.81845942
0.87022586
0.82643599
0.82856234
0.84413896
0.82694931
0.86531320
0.87824343
0.83920489
0.83273679
0.84507298
0.81787277
0.82985459
0.82909723
0.84558454
0.83810419
0.82416778
0.83955109
0.85626161
0.83102568
0.84336633
0.84776945
0.82158022
0.86807251
0.82568213
0.86604042
0.85547657
0.79067234
0.84333393
0.86629251
0.84286000
0.82414796
0.85610394
0.77934883
0.83795542
0.86452160
0.87783547
0.86643970
0.87373467
0.85804066
0.83090175
0.80149570
0.87038255
0.89657887
0.87808809
0.86680539
0.88191159
0.84107513
0.77407144
0.82602541
0.69310701
0.81455164
0.84741987
0.83743941
0.92894809
0.92720525
0.87061745
0.85294941
0.85221773
0.79411392
0.81114434
0.74019498
0.92424598
0.86294569
0.86271007
0.77825241
0.86984465
0.90215115
0.89062634
0.81323330
0.83587485
0.82280934
0.92880980
0.72845412
0.76606365
0.85593511
0.84460166
0.91239942
0.77509089
0.90819604
0.76793089
0.71776743
0.81124697
0.77779078
0.81920013
0.83404428
0.77696486
0.91590063
0.85442175
0.65332615
0.67209386
0.80926154
0.81596420
0.86588206
0.73810913
0.78470172
0.68733910
0.80995743
0.87460567
0.82813131
0.85644190
0.75352412
0.78440225
0.67268546
0.91137987
0.70768544
0.83084390
0.79410905
0.86049973
0.66035014
0.77402492
0.75969322
0.84626500
0.77352000
0.72624748
0.68773822
0.82573332
0.87336329
0.78848871
0.87334713
0.82759016
0.80151339
0.79280421
0.86820127
0.83069753
0.85107659
0.82856344
0.84527418
0.77381586
0.82882914
0.86165180
0.86625608
0.84906966
0.86177468
0.83029017
0.87220107
0.84102070
0.88607399
0.83557075
0.86835123
0.84960699
0.83396928
0.82250058
0.84978553
0.86056870
0.86058403
0.86471937
0.89277100
0.88994561
0.87926096
0.86178308
0.84632008
0.86421494
0.88154709
0.87374872
0.87336355
0.88988076
0.85888581
0.87581628
0.90012329
0.93319043
0.88923756
0.89284836
0.84726857
0.82739447
0.85857660
0.82766431
0.88800392
0.86614777
0.86654004
0.86992581
0.93609214
0.85001515
0.89088408
0.89613774
0.85945433
0.88912872
0.86754606
0.84926431
0.86247270
0.86774716
0.88400217
0.88774514
0.86491958
0.90800567
0.87775569
0.88150845
0.86736824
0.84978911
0.89166945
0.87242381
0.87366340
0.90037454
0.86483916
0.89135581
0.87504831
0.87081257
0.86774202
0.88586889
0.87579757
0.89066936
0.88340820
0.88409775
0.90893641
0.89729470
0.86451007
0.91206409
0.89093628
0.89278112
0.90276484
0.90089925
0.86351544
0.86482974
0.85867689
0.90269314
0.89038657
0.89117174
0.88538848
0.88144597
0.90134169
0.89332390
0.87862769
0.84473325
0.89214908
0.81344733
0.91024476
0.91274179
0.93518799
0.89037887
0.84844743
0.82047673
0.86380012
0.82061728
0.88149763
0.82181722
0.85966454
0.86779274
0.87913986
0.84054891
0.90411757
0.87447026
0.88269456
0.88773285
0.72636479
0.82437531
0.84894165
0.83740525
0.91925088
0.86843590
0.77961363
0.80231340
0.79347944
0.79370049
0.77965960
0.90169432
0.83932585
0.85907780
0.68221531
0.88814884
0.91852895
0.80398743
0.81488488
0.67202992
0.86411165
0.95314137
0.75046069
0.84696215
0.94159578
0.85899306
0.87000301
0.75933334
0.76950009
0.79388484
0.90568091
0.80254273
0.89011146
0.72532483
0.88404686
0.88654711
0.77294075
0.77155885
0.88063947
0.79890012
0.68180380
0.85847071
0.79240258
0.72105333
0.77387390
0.85038130
0.91698217
0.74032580
0.82850388
0.84960517
0.82667533
0.77592390
0.84675666
0.87290065
0.81701737
0.84953797
0.85402404
0.94273634
0.76971031
0.61967131
0.75779781
0.82734191
0.86644454
0.92942407
0.86161891
0.79314107
0.90370924
0.95808923
0.88829843
0.93072704
0.93664138
0.86372132
0.75772514
0.86121243
0.81785804
0.84510133
0.92075746
0.90212332
0.90278020
0.91597201
0.90411793
0.93890525
0.97140239
0.94258454
0.91612915
0.93404231
0.97448249
0.92378827
0.95403143
0.96167569
0.95515375
0.95482875
0.95654057
0.97520798
0.97136641
0.97823782
0.97657176
0.97901858
0.97181565
0.96271252
0.97965173
0.98614486
0.98351681
0.98222266
0.98331276
0.97979755
0.98313411
0.98352106
0.98579433
0.99076600
0.97741407
0.97405809
0.97473546
0.98507137
0.99259544
0.98537662
0.98228810
0.97661878
0.98369949
0.99162667
0.98712943
0.98992806
0.96585225
0.96179217
0.96684338
0.99064790
0.99729081
0.99249891
0.98983858
0.97814538
0.99079178
0.99796171
0.99480327
0.97325623
0.97567388
0.97420616
0.99507208
0.98977081
0.99364760
0.99532732
0.99292316
0.98212960
0.98804619
0.63993680
0.28462515
0.07564646
0.62212780
0.23875710
0.01254435
0.23341007
0.38031051
0.02975798
0.04899397
0.94568281
0.15506716
0.06679254
0.27681684
0.17044080
0.49907725
0.58966082
0.02977813
0.08929425
0.20599023
0.37595429
0.27529468
0.13199923
0.99703142
0.99842209
0.99946439
0.99948187
0.99561288
0.99942888
0.99522725
0.98864546
0.99904261
0.98597277
0.99599500
0.99568920
0.99305897
0.99163544
0.99933776
0.99536886
0.99929033
0.99445554
0.98860423
0.99342046
0.99947914
0.99365988
0.99744430
0.99947561
0.99301207
0.99731896
0.99052947
0.99802270
0.99939967
0.99786503
0.99084945
0.99626876
0.99692852
0.99682878
0.97775109
0.99909684
0.99498276
0.99515827
0.99740716
0.99788263
0.99851984
0.99935474
0.99850671
0.99914151
0.98555023
0.98747780
0.98457804
0.99179369
0.99508186
0.98095805
0.98417022
0.98730044
0.99052197
0.99741314
0.99859750
0.99716249
0.98978139
0.99969222
0.97979558
0.99034295
0.99663204
0.99480672
0.99551703
0.99731019
0.99925917
0.99922201
0.99810843
0.99530494
0.99604859
