0.99500000
0.99500000
0.99500000
0.99500000
0.99500000
0.99500000
0.99500000
0.99500000
0.99500000
0.99500000
0.99500000
0.99500000
0.99500000
0.99500000
0.99500000
0.99500000
0.99500000
0.99500000
0.99500000
0.99500000
0.99500000
0.99500000
0.99500000
0.99500000
0.99500000
0.99500000
0.99500000
0.99500000
0.99500000
0.99500000
0.99500000
0.99500000
0.99500000
0.99500000
0.99500000
0.99500000
0.99500000
0.99500000
0.99500000
0.99500000
0.99500000
0.99500000
0.99500000
0.99500000
0.99500000
0.99500000
0.99500000
0.99500000
0.99500000
0.99500000
0.99500000
0.99500000
0.99500000
0.99500000
0.99500000
0.99500000
0.99500000
0.99500000
0.99500000
0.99500000
0.99500000
0.99500000
0.99500000
0.99500000
0.99500000
0.99500000
0.99500000
0.99500000
0.99500000
0.99500000
0.99500000
0.99500000
0.99500000
0.99500000
0.99500000
0.99500000
0.99500000
0.99500000
0.99500000
0.99500000
0.99500000
0.99500000
0.99500000
0.99500000
0.99500000
0.99500000
0.99500000
0.99500000
0.99500000
0.99500000
0.99500000
0.99500000
0.99500000
0.99500000
0.99500000
0.99500000
0.99500000
0.99500000
0.99500000
0.99500000
0.99500000
0.99500000
0.99500000
0.99500000
0.99500000
0.99500000
0.99500000
0.99500000
0.99500000
0.99500000
0.99500000
0.99500000
0.99500000
0.99500000
0.99500000
0.99500000
0.99500000
0.99500000
0.99500000
0.99500000
0.99500000
0.99500000
0.99500000
0.99500000
0.99500000
0.99500000
0.99500000
0.99500000
0.99500000
0.99500000
0.99500000
0.99500000
0.99500000
0.99500000
0.99500000
0.99500000
0.99500000
0.99500000
0.99500000
0.99500000
0.99500000
0.99500000
0.99500000
0.99500000
0.99500000
0.99500000
0.99500000
0.99500000
0.99500000
0.99500000
0.99500000
0.99500000
0.99500000
0.99500000
0.99500000
0.99500000
0.99500000
0.99500000
0.99500000
0.99500000
0.99500000
0.99500000
0.99500000
0.99500000
0.99500000
0.99500000
0.99500000
0.99500000
0.99500000
0.99500000
0.99500000
0.99500000
0.99500000
0.99500000
0.99500000
0.99500000
0.99500000
0.99500000
0.99500000
0.99500000
0.99500000
0.99500000
0.99500000
0.99500000
0.99500000
0.99500000
0.99500000
0.99500000
0.99500000
0.99500000
0.99500000
0.99500000
0.99500000
0.99500000
0.99500000
0.99500000
0.99500000
0.99500000
0.99500000
0.99500000
0.99500000
0.99500000
0.99500000
0.99500000
0.99500000
0.99500000
0.99500000
0.99500000
0.99500000
0.99500000
0.99500000
0.99500000
0.99500000
0.99500000
0.99500000
0.99500000
0.99500000
0.99500000
0.99500000
0.99500000
0.99500000
0.99500000
0.99500000
0.99500000
0.99500000
0.99500000
0.99500000
0.99500000
0.99500000
0.99500000
0.99500000
0.99500000
0.99500000
0.99500000
0.99500000
0.99500000
0.99500000
0.99500000
0.99500000
0.99500000
0.99500000
0.99500000
0.99500000
0.99500000
0.99500000
0.99500000
0.99500000
0.99500000
0.99500000
0.99500000
0.99500000
0.99500000
0.99500000
0.99500000
0.99500000
0.99500000
0.99500000
0.99500000
0.99500000
0.99500000
0.99500000
0.99500000
0.99500000
0.99500000
0.99500000
0.99500000
0.99500000
0.99500000
0.99500000
0.99500000
0.99500000
0.99500000
0.99500000
0.99500000
0.99500000
0.99500000
0.99500000
0.99500000
0.99500000
0.99500000
0.99500000
0.99500000
0.99500000
0.99500000
0.99500000
0.99500000
0.99500000
0.99500000
0.99500000
0.99500000
0.99500000
0.99500000
0.99500000
0.99500000
0.99500000
0.99500000
0.99500000
0.99500000
0.99500000
0.99500000
0.99500000
0.99500000
0.99500000
0.99500000
0.99500000
0.99500000
0.99500000
0.99500000
0.99500000
0.99500000
0.99500000
0.99500000
0.99500000
0.99500000
0.99500000
0.99500000
0.99500000
0.99500000
0.99500000
0.99500000
0.99500000
0.99500000
0.99500000
0.99500000
0.99500000
0.99500000
0.99500000
0.99500000
0.99500000
0.99500000
0.99500000
0.99500000
0.99500000
0.99500000
0.99500000
0.99500000
0.99500000
0.99500000
0.99500000
0.99500000
0.99500000
0.99500000
0.99500000
0.99500000
0.99500000
0.99500000
0.99500000
0.99500000
0.99500000
0.99500000
0.99500000
0.99500000
0.99500000
0.99500000
0.99500000
0.99500000
0.99500000
0.99500000
0.99500000
0.99500000
0.99500000
0.99500000
0.99500000
0.99500000
0.99500000
0.99500000
0.99500000
0.99500000
0.99500000
0.99500000
0.99500000
0.99500000
0.99500000
0.99500000
0.99500000
0.99500000
0.99500000
0.99500000
0.99500000
0.99500000
0.99500000
0.99500000
0.99500000
0.99500000
0.99500000
0.99500000
0.99500000
0.99500000
0.99500000
0.99500000
0.99500000
0.99500000
0.99500000
0.99500000
0.99500000
0.99500000
0.99500000
0.99500000
0.99500000
0.99500000
0.99500000
0.99500000
0.99500000
0.99500000
0.99500000
0.99500000
0.99500000
0.99500000
0.99500000
0.99500000
0.99500000
0.99500000
0.99500000
0.99500000
0.99500000
0.99500000
0.99500000
0.99500000
0.99500000
0.99500000
0.99500000
0.99500000
0.99500000
0.99500000
0.99500000
0.99500000
0.99500000
0.99500000
0.99500000
0.99500000
0.99500000
0.99500000
0.99500000
0.99500000
0.99500000
0.99500000
0.99500000
0.99500000
0.99500000
0.99500000
0.99500000
0.99500000
0.99500000
0.99500000
0.99500000
0.99500000
0.99500000
0.99500000
0.99500000
0.99500000
0.99500000
0.99500000
0.99500000
0.99500000
0.99500000
0.99500000
0.99500000
0.99500000
0.99500000
0.99500000
0.99500000
0.99500000
0.99500000
0.99500000
0.99500000
0.99500000
0.99500000
0.99500000
0.99500000
0.99500000
0.99500000
0.99500000
0.99500000
0.99500000
0.99500000
0.99500000
0.99500000
0.99500000
0.99500000
0.99500000
0.99500000
0.99500000
0.99500000
0.99500000
0.99500000
0.99500000
0.99500000
0.99500000
0.99500000
0.99500000
0.99500000
0.99500000
0.99500000
0.99500000
0.99500000
0.99500000
0.99500000
0.99500000
0.99500000
0.99500000
0.99500000
0.99500000
0.99500000
0.99500000
0.99500000
0.99500000
0.99500000
0.99500000
0.99500000
0.99500000
0.99500000
0.99500000
0.99500000
0.99500000
0.99500000
0.99500000
0.99500000
0.99500000
0.99500000
0.99500000
0.99500000
0.99500000
0.99500000
0.99500000
0.99500000
0.99500000
0.99500000
0.99500000
0.99500000
0.99500000
0.99500000
0.99500000
0.99500000
0.99500000
0.99500000
0.99500000
0.99500000
0.99500000
0.99500000
0.99500000
0.99500000
0.99500000
0.99500000
0.99500000
0.99500000
0.99500000
0.99500000
0.99500000
0.99500000
0.99500000
0.99500000
0.99500000
0.99500000
0.99500000
0.99500000
0.99500000
0.99500000
0.99500000
0.99500000
0.99500000
0.99500000
0.99500000
0.99500000
0.99500000
0.99500000
0.99500000
0.99500000
0.99500000
0.99500000
0.99500000
0.99500000
0.99500000
0.99500000
0.99500000
0.99500000
0.99500000
0.99500000
0.99500000
0.99500000
0.99500000
0.99500000
0.99500000
0.99500000
0.99500000
0.99500000
0.99500000
0.99500000
0.99500000
0.99500000
0.99500000
0.99500000
0.99500000
0.99500000
0.99500000
0.99500000
0.99500000
0.99500000
0.99500000
0.99500000
0.99500000
0.99500000
0.99500000
0.99500000
0.99500000
0.99500000
0.99500000
0.99500000
0.99500000
0.99500000
0.99500000
0.99500000
0.99500000
0.99500000
0.99500000
0.99500000
0.99500000
0.99500000
0.99500000
0.99500000
0.99500000
0.99500000
0.99500000
0.99500000
0.99500000
0.99500000
0.99500000
0.99500000
0.99500000
0.99500000
0.99500000
0.99500000
0.99500000
0.99500000
0.99500000
0.99500000
0.99500000
0.99500000
0.99500000
0.99500000
0.99500000
0.99500000
0.99500000
0.99500000
0.99500000
0.99500000
0.99500000
0.99500000
0.99500000
0.99500000
0.99500000
0.99500000
0.99500000
0.99500000
0.99500000
0.99500000
0.99500000
0.99500000
0.99500000
0.99500000
0.99500000
0.99500000
0.99500000
0.99500000
0.99500000
0.99500000
0.99500000
0.99500000
0.99500000
0.99500000
0.99500000
0.99500000
0.99500000
0.99500000
0.99500000
0.99500000
0.99500000
0.99500000
0.99500000
0.99500000
0.99500000
0.99500000
0.99500000
0.99500000
0.99500000
0.99500000
0.99500000
0.99500000
0.99500000
0.99500000
0.99500000
0.99500000
0.99500000
0.99500000
0.99500000
0.99500000
0.99500000
0.99500000
0.99500000
0.99500000
0.99500000
0.99500000
0.99500000
0.99500000
0.99500000
0.99500000
0.99500000
0.99500000
0.99500000
0.99500000
0.99500000
0.99500000
0.99500000
0.99500000
0.99500000
0.99500000
0.99500000
0.99500000
0.99500000
0.99500000
0.99500000
0.99500000
0.99500000
0.99500000
0.99500000
0.99500000
0.99500000
0.99500000
0.99500000
0.99500000
0.99500000
0.99500000
0.99500000
0.99500000
0.99500000
0.99500000
0.99500000
0.99500000
0.99500000
0.99500000
0.99500000
0.99500000
0.99500000
0.99500000
0.99500000
0.99500000
0.99500000
0.99500000
0.99500000
0.99500000
0.99500000
0.99500000
0.99500000
0.99500000
0.99500000
0.99500000
0.99500000
0.99500000
0.99500000
0.99500000
0.99500000
0.99500000
0.99500000
0.99500000
0.99500000
0.99500000
0.99500000
0.99500000
0.99500000
0.99500000
0.99500000
0.99500000
0.99500000
0.99500000
0.99500000
0.99500000
0.99500000
0.99500000
0.99500000
0.99500000
0.99500000
0.99500000
0.99500000
0.99500000
0.99500000
0.99500000
0.99500000
0.99500000
0.99500000
0.99500000
0.99500000
0.99500000
0.99500000
0.99500000
0.99500000
0.99500000
0.99500000
0.99500000
0.99500000
0.99500000
0.99500000
0.99500000
0.99500000
0.99500000
0.99500000
0.99500000
0.99500000
0.99500000
0.99500000
0.99500000
0.99500000
0.99500000
0.99500000
0.99500000
0.99500000
0.98211272
0.98917173
0.94299803
0.96139127
0.92825108
0.91606064
0.92308900
0.96124745
0.93582659
0.94152809
0.96158101
0.95046844
0.91411479
0.93461522
0.90915600
0.88670729
0.85355981
0.84941055
0.86600330
0.91885672
0.89904639
0.94832924
0.93193245
0.90642361
0.93191880
0.89507477
0.86989922
0.86974319
0.81975664
0.82056896
0.86444645
0.81077032
0.84104333
0.85089813
0.80936521
0.79616671
0.75146719
0.71714560
0.69133951
0.78923998
0.87421312
0.93726370
0.94530036
0.95392028
0.93575242
0.93730063
0.91738107
0.89769199
0.85505598
0.85709587
0.84498698
0.73036892
0.71262758
0.64001744
0.62763892
0.71662666
0.67134640
0.64155299
0.68542194
0.65816243
0.69527642
0.75555332
0.65245811
0.62986032
0.58902507
0.49057549
0.60616135
0.57783450
0.40012673
0.56948530
0.46513732
0.51733018
0.45573262
0.55763498
0.57777866
0.55232284
0.49291622
0.50617656
0.67262202
0.65892062
0.48768411
0.54378129
0.58251727
0.44467910
0.32288849
0.32304483
0.23475914
0.48546729
0.55522710
0.47750249
0.52297494
0.46162803
0.47165809
0.59630764
0.51653855
0.43249874
0.40280243
0.32664069
0.32546833
0.39512243
0.48939901
0.58363042
0.41540308
0.38968598
0.38420822
0.31050115
0.47499726
0.51534922
0.51377548
0.67576386
0.63629108
0.71011163
0.76023808
0.74879296
0.85307738
0.78293019
0.78618290
0.80966168
0.71943140
0.84540762
0.90544870
0.90934213
0.91628430
0.89794512
0.86727593
0.84806426
0.82157438
0.78745435
0.66635352
0.55591154
0.42945449
0.44551096
0.36346130
0.31226426
0.43335089
0.43753373
0.47034591
0.53657533
0.57488529
0.61372870
0.51951378
0.45817856
0.51872288
0.53810211
0.43398986
0.39901312
0.46883551
0.46429601
0.38889468
0.40484271
0.52916520
0.40032612
0.44165944
0.52499458
0.39715757
0.38704664
0.47346579
0.43632818
0.46288670
0.39638867
0.50073608
0.59219089
0.60239884
0.57253825
0.47529748
0.56177536
0.49373513
0.44444115
0.42264728
0.45546402
0.50609165
0.48794041
0.43127281
0.42773916
0.46581523
0.42039918
0.41301305
0.45448171
0.48569603
0.52306576
0.47030364
0.44287771
0.47377917
0.45522745
0.57808893
0.56238540
0.61050680
0.57244028
0.64086772
0.60306769
0.61807478
0.56275147
0.48009789
0.36583981
0.33706011
0.41119155
0.43268293
0.46442173
0.61265991
0.73551376
0.75060292
0.75473087
0.75058918
0.80700115
0.81629466
0.80838794
0.74514975
0.75906458
0.77600506
0.79504282
0.79045812
0.75734024
0.65661402
0.55980564
0.54364877
0.48942495
0.52449707
0.54889881
0.51494785
0.55680769
0.56830580
0.57260338
0.60607349
0.65809750
0.61185871
0.65040528
0.63181610
0.71068748
0.69579563
0.64890348
0.69076294
0.72224101
0.68544739
0.80804925
0.73297474
0.76195191
0.69246091
0.65744635
0.68463339
0.69954149
0.67458448
0.66965519
0.72554104
0.67588804
0.64430551
0.72655357
0.77344149
0.70116796
0.56268277
0.49017916
0.49530796
0.54779825
0.55435229
0.48496046
0.43824238
0.48184312
0.50552953
0.40494762
0.54204631
0.48054877
0.63152478
0.55743229
0.56208736
0.57781890
0.60388625
0.58296116
0.52716305
0.48642850
0.50653855
0.55552617
0.54088962
0.55603625
0.54807699
0.68072708
0.64701407
0.65987427
0.64612724
0.63591637
0.71341591
0.69028257
0.64230821
0.74569331
0.75338763
0.73710958
0.82333350
0.80022453
0.77615485
0.76771346
0.77868056
0.81931381
0.78176897
0.67552323
0.56247230
0.62142327
0.65428019
0.62584896
0.58837988
0.55304584
0.52463698
0.55487255
0.53377214
0.60868749
0.61032388
0.60660539
0.51249943
0.47708804
0.49065927
0.42247350
0.44530551
0.47553833
0.45140065
0.52617741
0.53872001
0.52105992
0.64994010
0.60819995
0.58896013
0.54542532
0.50479987
0.48584102
0.48775168
0.52336907
0.47558152
0.51252092
0.46433802
0.39591769
0.33897028
0.34862281
0.36513130
0.32472186
0.48969159
0.38271848
0.53457936
0.57464134
0.45393175
0.59508792
0.61809062
0.65276742
0.75274734
0.71736467
0.73981896
0.71875289
0.75840371
0.77343408
0.70511084
0.73560374
0.62067070
0.47026264
0.46507416
0.50289296
0.46368232
0.30761980
0.26187868
0.21979948
0.23191349
0.38975119
0.55988578
0.56829375
0.58283818
0.52892468
0.56735693
0.51031969
0.50471088
0.47550068
0.39240105
0.49579662
0.54173868
0.62716450
0.60570426
0.55264731
0.54529100
0.60901376
0.73097445
0.68571978
0.73407849
0.62852457
0.47147039
0.40851021
0.33173287
0.33227275
0.26564980
0.23544022
0.14488032
0.28068262
0.21033311
0.29284800
0.40199231
0.37981646
0.42258685
0.45268146
0.47449905
0.46557674
0.51693488
0.31120482
0.36960205
0.34291119
0.29499323
0.21000410
0.36572611
0.30462735
0.23404939
0.25598648
0.25726604
0.30735330
0.30614870
0.31849989
0.33740687
0.29482052
0.33759234
0.33882944
0.34666121
0.35625552
0.40842840
0.37919992
0.45311726
0.39900400
0.43572273
0.43272907
0.42189448
0.49104101
0.44637886
0.46679795
0.47797760
0.47188352
0.50270609
0.47011194
0.47542864
0.47176327
0.49625991
0.37721238
0.36384544
0.21783100
0.30011412
0.35475217
0.46686890
0.16435131
0.25791176
0.24908666
0.30901464
0.46932608
0.43712652
0.36485270
0.50697977
0.51171904
0.42975707
0.47938188
0.54121986
0.56681863
0.57781560
0.65286279
0.76408834
0.81825381
0.80603792
0.74213886
0.70834067
0.64054040
0.64269491
0.57982017
0.44806343
0.47999323
0.40288799
0.35397296
0.30476754
0.41870106
0.49474226
0.46729666
0.38993860
0.49741008
0.47967407
0.50751138
0.59327797
0.49812216
0.48128697
0.55639773
0.53654432
0.53410938
0.50905280
0.57771556
0.53614108
0.69299062
0.66487427
0.62916098
0.59938247
0.36151311
0.20959741
0.22674052
0.26904433
0.20618466
0.20911149
0.30750983
0.35993624
0.34760733
0.40959639
0.35352386
0.31511182
0.30218550
0.29650773
0.24853790
0.28383135
0.35716107
0.42154126
0.32078713
0.33114327
0.28484344
0.31383399
0.37529447
0.39693144
0.34671769
0.33556485
0.37478531
0.33834454
0.32682151
0.26305392
0.36496794
0.38134760
0.39159916
0.34698578
0.30229645
0.36854319
0.45849962
0.42887310
0.40630631
0.37217786
0.29139070
0.31217890
0.27686286
0.25343202
0.18426399
0.24896068
0.18731434
0.20317103
0.20437120
0.35195582
0.39708371
0.44808957
0.45117060
0.46208353
0.39392251
0.32033074
0.31469850
0.29012000
0.24391464
0.31042574
0.43320578
0.40083310
0.40875231
0.47948776
0.44436447
0.46115743
0.53719407
0.51480455
0.45873975
0.50896960
0.43351471
0.39490976
0.38554246
0.41002758
0.48483951
0.41527890
0.43847780
0.39926473
0.47675766
0.44794563
0.51370942
0.51805442
0.52700009
0.48917591
0.47841312
0.52278920
0.49509298
0.56170569
0.53808056
0.50377267
0.43506446
0.34078322
0.32899685
0.43723289
0.43121898
0.47193417
0.34539789
0.36364489
0.30428712
0.23680484
0.19432462
0.14699163
0.23419341
0.23221838
0.11063437
0.12184626
0.09302698
0.16883814
0.11831670
0.11966563
0.16375344
0.12080362
0.12792820
0.08029394
0.09237762
0.07605808
0.05958408
0.07718360
0.09916891
0.13857709
0.33887662
0.41146076
0.39049233
0.48764757
0.51512832
0.56387024
0.47505477
0.48065135
0.40973298
0.32831606
0.37849970
0.34589493
0.40145570
0.35769846
0.39464155
0.41136974
0.37713872
0.36719712
0.32195602
0.44445418
0.41989961
0.45158693
0.49608724
0.49721981
0.58709026
0.62172432
0.56258550
0.48278784
0.44880606
0.44033845
0.35617130
0.35260883
0.41712186
0.37831521
0.40031863
0.52725878
0.46952797
0.46174891
0.42987424
0.42699259
0.53316316
0.59728915
0.59456322
0.66251285
0.62150444
0.62491397
0.64997737
0.66231746
0.58221166
0.56090656
0.58707431
0.56401291
0.51625653
0.43981440
0.49171943
0.40178404
0.44385537
0.42445239
0.46850435
0.47387339
0.40675420
0.40604493
0.42374282
0.44881846
0.47303834
0.45261781
0.43541404
0.46748861
0.53174454
0.44945940
0.48652722
0.54186331
0.44331227
0.44690670
0.41460662
0.51136987
0.51371850
0.38501160
0.41074855
0.42943547
0.45984484
0.52560001
0.54846459
0.61861957
0.69919822
0.64245241
0.68865303
0.66385888
0.62709293
0.62190407
0.57179981
0.66457512
0.65096582
0.57673440
0.53578393
0.58662420
0.66634711
0.64899272
0.56359875
0.67543894
0.59395373
0.50832658
0.49804567
0.47695663
0.50149303
0.54114786
0.54124169
0.64623651
0.68278174
0.73236003
0.76029802
0.73331846
0.75283287
0.80041250
0.76265169
0.77159055
0.72338697
0.73074649
0.70749225
0.70416781
0.76060595
0.73939165
0.74774034
0.73753114
0.68747792
0.62738020
0.59371246
0.64096924
0.69728149
0.68832608
0.72115549
0.83340308
0.84239966
0.91006674
0.83124581
0.86284493
0.80248655
0.73968262
0.81382422
0.77431714
0.82024206
0.79822506
0.82914779
0.83950618
0.75246837
0.72596840
0.66864407
0.65337714
0.67986950
0.61751649
0.57712213
0.64067986
0.61356218
0.65626090
0.82150561
0.85802711
0.87640633
0.91546935
0.91584710
0.98449268
0.99500000
0.99500000
0.98539634
0.99500000
0.99500000
0.98360646
0.99500000
0.99500000
0.99500000
0.99500000
0.98648013
0.96066707
0.92873660
0.92421683
0.88592262
0.90299779
0.93857549
0.89097097
0.95919982
0.99500000
0.99500000
0.99500000
0.99500000
0.99500000
0.99500000
0.99500000
0.99500000
0.99500000
0.99500000
0.99500000
0.99500000
0.99500000
0.99500000
0.99500000
0.99500000
0.99500000
0.99500000
0.99500000
0.99500000
0.99500000
0.99500000
0.99500000
0.99500000
0.99500000
0.99500000
0.99500000
0.99500000
0.99500000
0.99500000
0.99500000
0.99500000
0.99500000
0.99500000
0.99500000
0.99500000
0.99500000
0.99500000
0.99500000
0.99500000
0.99500000
0.99500000
0.99500000
0.99500000
0.99500000
0.99500000
0.99500000
0.99500000
0.99500000
0.99500000
0.99500000
0.99500000
0.99500000
0.99500000
0.99500000
0.99500000
0.99500000
0.99500000
0.99500000
0.99500000
0.99500000
0.99500000
0.99500000
0.99500000
0.99500000
0.99500000
0.99500000
0.99500000
0.99500000
0.99500000
0.99500000
0.99500000
0.99500000
0.99500000
0.99500000
0.99500000
0.99500000
0.99500000
0.99500000
0.99500000
0.99500000
0.99500000
0.99500000
0.99500000
0.99500000
0.99500000
0.99500000
0.99500000
0.99500000
0.99500000
0.99500000
0.99500000
0.99500000
0.99500000
0.99500000
0.99500000
0.99500000
0.99500000
0.99500000
0.99500000
0.99500000
0.99500000
0.99500000
0.99500000
0.99500000
0.99500000
0.99500000
0.99500000
0.99500000
0.99500000
0.99500000
0.99500000
0.99500000
0.99500000
0.99500000
0.99500000
0.99500000
0.99500000
0.99500000
0.99500000
0.99500000
0.99500000
0.99500000
0.99500000
0.99500000
0.99500000
0.99500000
0.99500000
0.99500000
0.99500000
0.99500000
0.99500000
0.99500000
0.99500000
0.99500000
0.99500000
0.99500000
0.99500000
0.99500000
0.99500000
0.99500000
0.99500000
0.99500000
0.99500000
0.99500000
0.99500000
0.99500000
0.99500000
0.99500000
0.99500000
0.99500000
0.99500000
0.99500000
0.99500000
0.99500000
0.99500000
0.99500000
0.99500000
0.99500000
0.99500000
0.99500000
0.99500000
0.99500000
0.99500000
0.99500000
0.99500000
0.99500000
0.99500000
0.99500000
0.99500000
0.99500000
0.99500000
0.99500000
0.99500000
0.99500000
0.99500000
0.99500000
0.99500000
0.99500000
0.99500000
0.99500000
0.99500000
0.99500000
0.99500000
0.99500000
0.99500000
0.99500000
0.99500000
0.99500000
0.99500000
0.99500000
0.99500000
0.99500000
0.99500000
0.99500000
0.99500000
0.99500000
0.99500000
0.99500000
0.99500000
0.99500000
0.99500000
0.99500000
0.99500000
0.99500000
0.99500000
0.99500000
0.99500000
0.99500000
0.99500000
0.99500000
0.99500000
0.99500000
0.99500000
0.99500000
0.99500000
0.99500000
0.99500000
0.99500000
0.99500000
0.99500000
0.99500000
0.99500000
0.99500000
0.99500000
0.99500000
0.99500000
0.99500000
0.99500000
0.99500000
0.99500000
0.99500000
0.99500000
0.99500000
0.99500000
0.99500000
0.99500000
0.99500000
0.99500000
0.99500000
0.99500000
0.99500000
0.99500000
0.99500000
0.99500000
0.99500000
0.99500000
0.99500000
0.99500000
0.99500000
0.99500000
0.99500000
0.99500000
0.99500000
0.99500000
0.99500000
0.99500000
0.99500000
0.99500000
0.99500000
0.99500000
0.99500000
0.99500000
0.99500000
0.99500000
0.99500000
0.99500000
0.99500000
0.99500000
0.99500000
0.99500000
0.99500000
0.99500000
0.99500000
0.99500000
0.99500000
0.99500000
0.99500000
0.99500000
0.99500000
0.99500000
0.99500000
0.99500000
0.99500000
0.99500000
0.99500000
0.99500000
0.99500000
0.99500000
0.99500000
0.99500000
0.99500000
0.99500000
0.99500000
0.99500000
0.99500000
0.99500000
0.99500000
0.99500000
0.99500000
0.99500000
0.99500000
0.99500000
0.99500000
0.99500000
0.99500000
0.99500000
0.99500000
0.99500000
0.99500000
0.99500000
0.99500000
0.99500000
0.99500000
0.99500000
0.99500000
0.99500000
0.99500000
0.99500000
0.99500000
0.99500000
0.99500000
0.99500000
0.99500000
0.99500000
0.99500000
0.99500000
0.99500000
0.99500000
0.99500000
0.99500000
0.99500000
0.99500000
0.99500000
0.99500000
0.99500000
0.99500000
0.99500000
0.99500000
0.99500000
0.99500000
0.99500000
0.99500000
0.99500000
0.99500000
0.99500000
0.99500000
0.99500000
0.99500000
0.99500000
0.99500000
0.99500000
0.99500000
0.99500000
0.99500000
0.99500000
0.99500000
0.99500000
0.99500000
0.99500000
0.99500000
0.99500000
0.99500000
0.99500000
0.99500000
0.99500000
0.99500000
0.99500000
0.99500000
0.99500000
0.99500000
0.99500000
0.99500000
0.99500000
0.99500000
0.99500000
0.99500000
0.99500000
0.99500000
0.99500000
0.99500000
0.99500000
0.99500000
0.99500000
0.99500000
0.99500000
0.99500000
0.99500000
0.99500000
0.99500000
0.99500000
0.99500000
0.99500000
0.99500000
0.99500000
0.99500000
0.99500000
0.99500000
0.99500000
0.99500000
0.99500000
0.99500000
0.99500000
0.99500000
0.99500000
0.99500000
0.99500000
0.99500000
0.99500000
0.99500000
0.99500000
0.99500000
0.99500000
0.99500000
0.99500000
0.99500000
0.94744833
0.92826355
0.98381460
0.99500000
0.99014122
0.97775497
0.97161814
0.97754597
0.99500000
0.99500000
0.99393410
0.94248872
0.98212362
0.99500000
0.99500000
0.99500000
0.99500000
0.99500000
0.99500000
0.99500000
0.99284542
0.99500000
0.99500000
0.98083745
0.97874438
0.98266770
0.99500000
0.97990286
0.91846971
0.93281454
0.96344169
0.99500000
0.98860502
0.92700282
0.89679357
0.90264029
0.94787907
0.97498528
0.96856039
0.96308599
0.94314760
0.90376168
0.92662943
0.95288160
0.94837387
0.97898040
0.94477091
0.98300562
0.91660964
0.90586254
0.92206707
0.89041410
0.95790832
0.95460247
0.95109095
0.91704868
0.91814912
0.85891962
0.78328598
0.75954626
0.67946347
0.70646709
0.57042360
0.50173273
0.46005632
0.46363345
0.57634617
0.68850105
0.77505706
0.81000699
0.84476880
0.89793707
0.89872093
0.94733869
0.96121182
0.86758136
0.90660039
0.84042174
0.84612246
0.80705834
0.74374122
0.52038148
0.42211906
0.25053439
0.21337389
0.33152975
0.34949273
0.38446444
0.44786244
0.48834846
0.62156830
0.68132892
0.55463280
0.54790277
0.32781392
0.18118009
0.08712038
0.10383308
0.12258176
0.15163576
0.37508954
0.35909426
0.40626300
0.43729825
0.40624425
0.37362588
0.43142850
0.40876694
0.39662230
0.46353740
0.54326277
0.56422757
0.66021201
0.58729564
0.61814597
0.54967920
0.51465549
0.51088401
0.39165881
0.36397151
0.35055890
0.31147786
0.33685793
0.38980405
0.21476070
0.17382101
0.24603953
0.20534248
0.22772939
0.17831230
0.12807531
0.24243621
0.20537797
0.17300519
0.21474944
0.11138847
0.11809619
0.06756831
0.11773157
0.13910884
0.31305333
0.52571447
0.35316145
0.32238656
0.45310589
0.52934215
0.31464236
0.29369008
0.24560980
0.21792079
0.23613308
0.14632541
0.20786460
0.07720961
0.14834957
0.04583753
0.04419042
0.05290844
0.15482683
0.10667972
0.10575149
0.21564068
0.27294770
0.30566735
0.27858384
0.31143791
0.21377233
0.08879398
0.16086004
0.23381642
0.20993085
0.07302839
0.02000000
0.02000000
0.02000000
0.02000000
0.02000000
0.02000000
0.02000000
0.03589359
0.02000000
0.02000000
0.02000000
0.02000000
0.02000000
0.02000000
0.02000000
0.02000000
0.02000000
0.02000000
0.02604683
0.02000000
0.02000000
0.02000000
0.02000000
0.02000000
0.02000000
0.07460042
0.08843498
0.08125117
0.05362113
0.02000000
0.02000000
0.02000000
0.02000000
0.14994420
0.16081173
0.09657489
0.03441765
0.13331194
0.13989466
0.15517839
0.08092215
0.07477174
0.02000000
0.02000000
0.02000000
0.02000000
0.02000000
0.02000000
0.05096947
0.03193531
0.02000000
0.02914606
0.02999024
0.02000000
0.04804443
0.08646963
0.06857619
0.03042935
0.05715324
0.07433923
0.08354946
0.09157034
0.13666380
0.08098686
0.04010219
0.07655553
0.02206633
0.03689922
0.02000000
0.02000000
0.02000000
0.05588747
0.08309511
0.10868217
0.08023324
0.05525405
0.06407507
0.05775174
0.07491620
0.05166022
0.08869556
0.04684871
0.06492033
0.07863356
0.10397237
0.05885062
0.03907195
0.03155412
0.05784077
0.06651335
0.03885539
0.02000000
0.02000000
0.02000000
0.02000000
0.02000000
0.02581656
0.02000000
0.02000000
0.02000000
0.02000000
0.14199223
0.02000000
0.02296165
0.02000000
0.02000000
0.02000000
0.02000000
0.02000000
0.02000000
0.02000000
0.03781412
0.11492479
0.07013529
0.12950624
0.07658010
0.02000000
0.02000000
0.02000000
0.02000000
0.02000000
0.02000000
0.02000000
0.02000000
0.05077044
0.07162470
0.09721948
0.10823356
0.02664529
0.02000000
0.02609248
0.04169527
0.05586898
0.02099707
0.08661946
0.03049874
0.02124593
0.02000000
0.02000000
0.02000000
0.02000000
0.02195490
0.11412893
0.06119588
0.21046026
0.07938645
0.13803130
0.09365760
0.08980228
0.08159554
0.04588710
0.02000000
0.02000000
0.02000000
0.02000000
0.02000000
0.02000000
0.02000000
0.02000000
0.02000000
0.02000000
0.08824104
0.06255934
0.11627999
0.09696626
0.09418569
0.16635650
0.10375430
0.15035748
0.04695134
0.14058065
0.09477631
0.11815430
0.06900980
0.08727396
0.10922365
0.10901021
0.15836478
0.08022065
0.05297396
0.04870237
0.05792914
0.02852686
0.12225260
0.17570813
0.19705894
0.17222179
0.16438127
0.38665756
0.28364859
0.16193432
0.13488538
0.14122949
0.08450308
0.06711393
0.06558230
0.06608703
0.09874513
0.08087889
0.14634094
0.07544081
0.17743713
0.13293194
0.19450282
0.10960714
0.17260766
0.26177747
0.18460112
0.26600823
0.19883717
0.18599885
0.07669634
0.07879958
0.09312875
0.13068098
0.20508437
0.05723728
0.08964181
0.07370519
0.02624922
0.02000000
0.07786536
0.08265133
0.13827838
0.06984745
0.07181208
0.11456696
0.13045873
0.21951695
0.32585634
0.25236984
0.27811420
0.19239070
0.19808913
0.30646796
0.27157757
0.30324869
0.34808177
0.43394116
0.47557731
0.51061851
0.63253028
0.51454769
0.47823344
0.47125627
0.36165670
0.33557545
0.26692594
0.22411245
0.23413745
0.16860246
0.15930835
0.10957336
0.09608425
0.06667800
0.14373509
0.06119639
0.09261874
0.16184722
0.13827270
0.17556497
0.16378653
0.18886140
0.15937431
0.15924893
0.13401517
0.20231478
0.26815160
0.12083620
0.20103552
0.13487010
0.13104544
0.19505463
0.24919816
0.25169584
0.18644519
0.28359503
0.15445782
0.13382552
0.04786131
0.05558070
0.10630284
0.14703010
0.16234644
0.18925709
0.34818386
0.33053557
0.40898556
0.36750716
0.37447714
0.26700472
0.27409645
0.23444244
0.28366962
0.31137754
0.23973705
0.11694348
0.12280995
0.11184163
0.12399715
0.13265669
0.31830547
0.15332544
0.19584758
0.13732938
0.15398161
0.17231162
0.19821807
0.14180332
0.12030808
0.13710666
0.10882416
0.02954108
0.02000000
0.03456218
0.11538820
0.04576429
0.09090498
0.09237655
0.12998388
0.12785273
0.03352313
0.03414105
0.02111432
0.09527363
0.05387236
0.03769985
0.02000000
0.02000000
0.04458267
0.07268497
0.08841651
0.04978893
0.05623683
0.02000000
0.02007980
0.04112272
0.02775438
0.08153974
0.05644773
0.06882729
0.03745351
0.02000000
0.02000000
0.03305331
0.03607734
0.13697594
0.03706955
0.05058567
0.02816445
0.08534670
0.10227249
0.03543352
0.08972838
0.02781944
0.03474537
0.05491652
0.06347177
0.04274269
0.07707029
0.02000000
0.05185077
0.02000000
0.02617216
0.02000000
0.02360771
0.02359987
0.02000000
0.02000000
0.06955515
0.16268496
0.06760588
0.07322559
0.15692138
0.07310824
0.06679088
0.05634305
0.11572486
0.12252693
0.18613145
0.12685325
0.04337199
0.15349524
0.16161808
0.08430938
0.18415079
0.06095420
0.16152933
0.06287859
0.08760270
0.05703247
0.07688400
0.05512291
0.02037189
0.10704522
0.19435333
0.09501254
0.06577097
0.06651709
0.03101937
0.05534446
0.08935619
0.02000000
0.02000000
0.02000000
0.02000000
0.08422833
0.02847980
0.02000000
0.06021822
0.05524967
0.13201869
0.13574549
0.25356296
0.16316497
0.21957775
0.15975872
0.15098595
0.13876682
0.18025670
0.13666445
0.09037031
0.12401355
0.06110786
0.03410663
0.02000000
0.02000000
0.05124622
0.02000000
0.03417020
0.02000000
0.06975827
0.10219771
0.08962082
0.07151815
0.02491750
0.07804548
0.07983318
0.11381967
0.12777843
0.16251678
0.21000567
0.15583361
0.07577542
0.09375676
0.15530148
0.17075610
0.06833182
0.10254975
0.06834091
0.03647894
0.02000000
0.02367568
0.05900350
0.02000000
0.06190975
0.03984116
0.02497720
0.08128275
0.08200613
0.05957668
0.02385392
0.05350450
0.05521678
0.08114126
0.02944778
0.02000000
0.02000000
0.02000000
0.05578151
0.03941154
0.05148351
0.08434522
0.11539538
0.13709907
0.21542681
0.18635441
0.25561647
0.35829854
0.19223154
0.17269019
0.13261860
0.16397684
0.17356877
0.17633770
0.16909755
0.12896866
0.12072675
0.13078511
0.18062990
0.14821549
0.18961090
0.21512855
0.10653732
0.09193230
0.03649708
0.09722299
0.08070270
0.06641427
0.09192584
0.02000000
0.07580970
0.09975563
0.08536629
0.07246783
0.07978766
0.12188081
0.12870873
0.16129249
0.18425511
0.25436837
0.44146832
0.52885072
0.51870206
0.54782469
0.58383367
0.54977540
0.43996912
0.41454718
0.30448387
0.25099613
0.11866499
0.14228116
0.25290845
0.34056953
0.25914714
0.25030765
0.39298361
0.37023167
0.35026135
0.14698719
0.13853014
0.25096921
0.20400220
0.13452138
0.23915273
0.10691533
0.13670281
0.09524595
0.07643904
0.02000000
0.08184089
0.03976438
0.05041882
0.03861047
0.05774211
0.02000000
0.05010180
0.05978290
0.02711431
0.08676012
0.06504942
0.03944930
0.05894920
0.18437860
0.10980855
0.18659641
0.20404538
0.21710772
0.18566224
0.14281781
0.23435521
0.21331681
0.21515082
0.10955241
0.07731109
0.08698456
0.04585560
0.04265525
0.03602222
0.05082808
0.04150411
0.13219425
0.17142598
0.16470656
0.23361334
0.23743425
0.17348357
0.16021704
0.22050867
0.10048897
0.09047034
0.02000000
0.02000000
0.03741027
0.02000000
0.10090178
0.09706292
0.15485471
0.10105531
0.11860105
0.17467268
0.10470048
0.14933770
0.06194180
0.13297697
0.09444099
0.15959524
0.20455911
0.27002326
0.25652765
0.30742062
0.29370935
0.24205409
0.32009324
0.36395950
0.33581739
0.36175470
0.32396570
0.27400126
0.24885446
0.20472826
0.36478826
0.38732022
0.43581687
0.33680643
0.18428624
0.18390697
0.17352575
0.12006301
0.12213574
0.18068121
0.21646329
0.21969071
0.27642781
0.24626008
0.17995616
0.21714519
0.21405554
0.09703522
0.07252578
0.22630105
0.18772352
0.14717221
0.15808464
0.17670378
0.06738467
0.16570728
0.17062063
0.18710841
0.14819717
0.10447465
0.12048209
0.05194969
0.14496088
0.06764371
0.09732203
0.05208813
0.06339164
0.17686632
0.14283957
0.07591739
0.06998904
0.10225489
0.12888260
0.10961440
0.11553552
0.13825742
0.15706531
0.16337231
0.13329420
0.04330031
0.07725537
0.09282604
0.17409439
0.34073550
0.44701736
0.38415928
0.36655836
0.32481298
0.42237998
0.39457583
0.22663354
0.24770584
0.25848909
0.27146275
0.37551826
0.37173628
0.34395311
0.18844207
0.17796917
0.14651614
0.21334186
0.17215844
0.25385685
0.25665203
0.19334023
0.16304732
0.08517792
0.13831663
0.10411027
0.11698199
0.08359619
0.09713725
0.04787425
0.03818465
0.02000000
0.02000000
0.02000000
0.02000000
0.03083690
0.06293251
0.05135744
0.11229398
0.08530303
0.12818327
0.14502427
0.17910423
0.18382297
0.19864861
0.15560571
0.15674189
0.25188174
0.19704749
0.16110528
0.19630391
0.27234967
0.27246241
0.45385275
0.56699099
0.53228513
0.56302010
0.58314216
0.50137782
0.45791241
0.47235834
0.26724799
0.25554679
0.26718911
0.34847049
0.42025400
0.45046309
0.48687221
0.46064620
0.36000525
0.23737746
0.19780843
0.22064674
0.10957484
0.06118155
0.11419009
0.11182317
0.07584756
0.06798775
0.08510840
0.08683447
0.04150524
0.04599177
0.02037900
0.02515445
0.06679382
0.06040590
0.02655769
0.10437893
0.14368964
0.24816254
0.28635660
0.14386026
0.17774845
0.17243205
0.11803675
0.08850685
0.03676132
0.07052417
0.10767932
0.09312833
0.07472177
0.13613882
0.04987779
0.06962270
0.06070034
0.02000000
0.11989670
0.08230061
0.10871199
0.04367831
0.10333584
0.03522115
0.11640151
0.22157311
0.14968952
0.22141323
0.25483034
0.26599495
0.26091611
0.40070709
0.49480455
0.52912499
0.50268515
0.60295956
0.66401075
0.55812220
0.62544691
0.59467578
0.48262440
0.53460441
0.46631163
0.46366667
0.38409821
0.34884119
0.33278668
0.31297810
0.30298498
0.18844099
0.29248221
0.36916829
0.31253722
0.37443901
0.24796025
0.21600839
0.25089217
0.14658771
0.13911285
0.30664921
0.33907335
0.30063322
0.36652274
0.32798123
0.42585748
0.33877433
0.40158548
0.41746300
0.45907331
0.55985175
0.49134808
0.55582286
0.55628406
0.63000231
0.59187780
0.64641091
0.61671902
0.63899636
0.61484512
0.66422611
0.57731208
0.68674629
0.70083263
0.69576450
0.70450643
0.67690822
0.73677905
0.69204201
0.76072875
0.75561976
0.81188555
0.77424424
0.77501964
0.79882616
0.78402718
0.63835119
0.65520365
0.64668901
0.60693865
0.50762895
0.25555463
0.14180049
0.21532117
0.24406731
0.19199177
0.46469352
0.48654103
0.40832637
0.35847783
0.38864903
0.30891584
0.43739241
0.35414432
0.30227073
0.29207150
0.39453856
0.49542658
0.48944672
0.58081941
0.59014391
0.66641201
0.67856118
0.66606922
0.63840804
0.60770394
0.57367791
0.40727596
0.54818651
0.55337018
0.51701703
0.60120176
0.63715342
0.66156945
0.69416064
0.64406629
0.67462597
0.70114224
0.73650637
0.74902169
0.78024764
0.78115062
0.80179988
0.72083200
0.74434184
0.69618237
0.74551900
0.71645109
0.67454867
0.68482949
0.69834757
0.61420380
0.56301303
0.50680227
0.53626452
0.57288956
0.55504426
0.58580830
0.55434067
0.54428034
0.59537606
0.60617650
0.68460484
0.76331779
0.78106615
0.74528910
0.75029604
0.77688629
0.75790916
0.69519841
0.74348482
0.77580436
0.86639656
0.85385109
0.82731130
0.83704731
0.89750175
0.89498290
0.85006803
0.92156368
0.94196005
0.91823427
0.91310153
0.96939170
0.99500000
0.99500000
0.99500000
0.99500000
0.99500000
0.99500000
0.99500000
0.99500000
0.99500000
0.98600221
0.97343772
0.94153524
0.97040551
0.94606653
0.94954456
0.96019840
0.96542652
0.93158752
0.95652381
0.93538714
0.94634331
0.96143299
0.96221248
0.99500000
0.99160934
0.99500000
0.99500000
0.99500000
0.99500000
0.99500000
0.99500000
0.99500000
0.99500000
0.99500000
0.99500000
0.99500000
0.99500000
0.99500000
0.99500000
0.99500000
0.99500000
0.99500000
0.99500000
0.99500000
0.99500000
0.99500000
0.99500000
0.99500000
0.99500000
0.99500000
0.99500000
0.99500000
0.99500000
0.99500000
0.99500000
0.99500000
0.99500000
0.99500000
0.99500000
0.99500000
0.99500000
0.99500000
0.99500000
0.99500000
0.99500000
0.99500000
0.99500000
0.99500000
0.99500000
0.99500000
0.99500000
0.99500000
0.99500000
0.99500000
0.99500000
0.99500000
0.99500000
0.99500000
0.99500000
0.99500000
0.99500000
0.99500000
0.99500000
0.99500000
0.99500000
0.99500000
0.99500000
0.99500000
0.99500000
0.99500000
0.99500000
0.99500000
0.99500000
0.99500000
0.99500000
0.99500000
0.99500000
0.99500000
0.99500000
0.99500000
0.99500000
0.99500000
0.99500000
0.99500000
0.99500000
0.99500000
0.99500000
0.99500000
0.99500000
0.99500000
0.99500000
0.99500000
0.99500000
0.99500000
0.99500000
0.99500000
0.99500000
0.99500000
0.99500000
0.99500000
0.99500000
0.99500000
0.99500000
0.99500000
0.99500000
0.99500000
0.99500000
0.99500000
0.99500000
0.99500000
0.99500000
0.99500000
0.99500000
0.99500000
0.99500000
0.99500000
0.99500000
0.99500000
0.99500000
0.99500000
0.99500000
0.99500000
0.99500000
0.99500000
0.99500000
0.99500000
0.99500000
0.99500000
0.99500000
0.99500000
0.99500000
0.99500000
0.99500000
0.99500000
0.99500000
0.99500000
0.99500000
0.99500000
0.99500000
0.99500000
0.99500000
0.99500000
0.99500000
0.99500000
0.99500000
0.99500000
0.99500000
0.99500000
0.99500000
0.99500000
0.99500000
0.99500000
0.99500000
0.99500000
0.99500000
0.99500000
0.99500000
0.99500000
0.99500000
0.99500000
0.99500000
0.99500000
0.99500000
0.99500000
0.99500000
0.99500000
0.99500000
0.99500000
0.99500000
0.99500000
0.99500000
0.99500000
0.99500000
0.99500000
0.99500000
0.99500000
0.99500000
0.99500000
0.99500000
0.99500000
0.99500000
0.99500000
0.99500000
0.99500000
0.99500000
0.99500000
0.99500000
0.99500000
0.99500000
0.99500000
0.99500000
0.99500000
0.99500000
0.99500000
0.99500000
0.99500000
0.99500000
0.99500000
0.99500000
0.99500000
0.99500000
0.99500000
0.99500000
0.99500000
0.99500000
0.99500000
0.99500000
0.99500000
0.99500000
0.99500000
0.99500000
0.99500000
0.99500000
0.99500000
0.99500000
0.99500000
0.99500000
0.99500000
0.99500000
0.99500000
0.99500000
0.99500000
0.99500000
0.99500000
0.99500000
0.99500000
0.99500000
0.99500000
0.99500000
0.99500000
0.99500000
0.99500000
0.99500000
0.99500000
0.99500000
0.99500000
0.99500000
0.99500000
0.99500000
0.99500000
0.99500000
0.99500000
0.99500000
0.99500000
0.99500000
0.99500000
0.99500000
0.99500000
0.99500000
0.99500000
0.99500000
0.99500000
0.99500000
0.99500000
0.99500000
0.99500000
0.99500000
0.99500000
0.99500000
0.99500000
0.99500000
0.99500000
0.99500000
0.99500000
0.99500000
0.99500000
0.99500000
0.99500000
0.99500000
0.99500000
0.99500000
0.99500000
0.99500000
0.99500000
0.99500000
0.99500000
0.99500000
0.99500000
0.99500000
0.99500000
0.99500000
0.99500000
0.99500000
0.99500000
0.99500000
0.99500000
0.99500000
0.99500000
0.99500000
0.99500000
0.99500000
0.99500000
0.99500000
0.99500000
0.99500000
0.99500000
0.99500000
0.99500000
0.99500000
0.99500000
0.99500000
0.99500000
0.99500000
0.99500000
0.99500000
0.99500000
0.99500000
0.99500000
0.99500000
0.99500000
0.99500000
0.99500000
0.99500000
0.99500000
0.99500000
0.99500000
0.99500000
0.99500000
0.99500000
0.99500000
0.99500000
0.99500000
0.99500000
0.99500000
0.99500000
0.99500000
0.99500000
0.99500000
0.99500000
0.99500000
0.99500000
0.99500000
0.99500000
0.99500000
0.99500000
0.99500000
0.99500000
0.99500000
0.99500000
0.99500000
0.99500000
0.99500000
0.99500000
0.99500000
0.99500000
0.99500000
0.99500000
0.99500000
0.99500000
0.99500000
0.99500000
0.99500000
0.99500000
0.99500000
0.99500000
0.99500000
0.99500000
0.99500000
0.99500000
0.99500000
0.99500000
0.99500000
0.99500000
0.99500000
0.99500000
0.99500000
0.99500000
0.99500000
0.99500000
0.99500000
0.99500000
0.99500000
0.99500000
0.99500000
0.99500000
0.99500000
0.99500000
0.99500000
0.99500000
0.99500000
0.99500000
0.99500000
0.99500000
0.99500000
0.99500000
0.99500000
0.99500000
0.99500000
0.99500000
0.99500000
0.99500000
0.99500000
0.99500000
0.99500000
0.99500000
0.99500000
0.99500000
0.99500000
0.99500000
0.99500000
0.99500000
0.99500000
0.99500000
0.99500000
0.99500000
0.99500000
0.99500000
0.99500000
0.99500000
0.99500000
0.99500000
0.99500000
0.99500000
0.99500000
0.99500000
0.99500000
0.99500000
0.99500000
0.99500000
0.99500000
0.99500000
0.99500000
0.99500000
0.99500000
0.99500000
0.99500000
0.99500000
0.99500000
0.99500000
0.99500000
0.99500000
0.99500000
0.99500000
0.99500000
0.99500000
0.99500000
0.99500000
0.99500000
0.99500000
0.99500000
0.99500000
0.99500000
0.99500000
0.99500000
0.99500000
0.99500000
0.99500000
0.99500000
0.99500000
0.99500000
0.99500000
0.99500000
0.99500000
0.99500000
0.99500000
0.99500000
0.99500000
0.99500000
0.99500000
0.99500000
0.99500000
0.99500000
0.99500000
0.99500000
0.99500000
0.99500000
0.99500000
0.95721029
0.73202984
0.74204204
0.53605770
0.59127471
0.68278202
0.51455138
0.55717130
0.52222200
0.62113922
0.57306967
0.55954153
0.71374094
0.64903333
0.66791362
0.48910729
0.60833177
0.61923637
0.50064663
0.43704335
0.47312630
0.43048066
0.45341692
0.45042555
0.50235970
0.53714842
0.56635649
0.59646652
0.65516655
0.64090242
0.70578877
0.71571923
0.71188619
0.67038595
0.59575000
0.58552871
0.59217972
0.55343387
0.50026815
0.61963960
0.63624344
0.58198843
0.58721838
0.66770298
0.67220192
0.67933046
0.74598059
0.64955539
0.67941069
0.55065747
0.59465694
0.54438000
0.56244026
0.53328050
0.52941649
0.46194612
0.29937262
0.30673277
0.30340113
0.35095017
0.42869817
0.45713960
0.52179690
0.51190418
0.58499227
0.46186610
0.53220656
0.46625093
0.43030421
0.45970357
0.42126999
0.39484512
0.33859668
0.30004614
0.33803807
0.36667180
0.36154894
0.45397722
0.44064184
0.44321445
0.46167954
0.45900262
0.49486711
0.59018867
0.64913068
0.71909132
0.73777263
0.60074666
0.64246897
0.54774668
0.37728102
0.38729853
0.22220115
0.40185375
0.33759964
0.29285193
0.33359304
0.27808025
0.36250616
0.15707134
0.18461608
0.20572669
0.13094015
0.05818584
0.02000000
0.02000000
0.03783551
0.11968407
0.18872287
0.23913235
0.16077763
0.10893704
0.06101134
0.19597912
0.15648066
0.05012622
0.13971830
0.13544011
0.03712032
0.03260181
0.02000000
0.02000000
0.03596888
0.18365293
0.17493023
0.11503969
0.22280097
0.26528127
0.15395615
0.20625017
0.03672214
0.02000000
0.03825153
0.06217936
0.12765014
0.05915296
0.04402452
0.06071740
0.02000000
0.02000000
0.02000000
0.02000000
0.10285006
0.17742606
0.28583616
0.48355620
0.52700425
0.56936338
0.65745104
0.72922736
0.62307195
0.67403990
0.45916113
0.42553407
0.38911691
0.40086142
0.41408510
0.37391188
0.32064781
0.26101732
0.28889425
0.23606635
0.20084521
0.28883170
0.32719777
0.23322803
0.31125770
0.24010888
0.16355058
0.16293980
0.16015143
0.31620676
0.29116913
0.39881894
0.31759263
0.42259616
0.33547742
0.46710519
0.32132237
0.35214211
0.40421970
0.46622352
0.35435204
0.33078358
0.31406792
0.32121690
0.36722769
0.39063652
0.35286413
0.24151005
0.16180434
0.12490428
0.17449203
0.08909291
0.11231248
0.13377339
0.17951804
0.14409870
0.13618753
0.16384012
0.17490989
0.17363669
0.14080885
0.10745176
0.15967061
0.08074907
0.03130125
0.02840660
0.07684394
0.09840546
0.02857642
0.04323706
0.07738390
0.08063263
0.10161236
0.17381110
0.16103674
0.10990561
0.09573561
0.14358669
0.03611918
0.05840813
0.05642057
0.16195185
0.19859137
0.13401623
0.16869044
0.30774987
0.41445079
0.31900589
0.17349828
0.07829934
0.18743273
0.12877039
0.09610039
0.05936702
0.04564807
0.07400500
0.06315700
0.07877076
0.07682387
0.13695333
0.04250493
0.05889175
0.10570767
0.02337381
0.12060396
0.07375789
0.11411316
0.05063708
0.02000000
0.02288908
0.05523840
0.02000000
0.05981605
0.05960594
0.06428466
0.10931541
0.02000000
0.02000000
0.02000000
0.02000000
0.02000000
0.02000000
0.02000000
0.02000000
0.07115615
0.02309297
0.02000000
0.03154952
0.02000000
0.07197169
0.11643964
0.11766112
0.06532486
0.13500545
0.24496535
0.20049498
0.22535579
0.24753357
0.45939287
0.46322505
0.38814059
0.35201099
0.18592945
0.22606040
0.20532620
0.14513226
0.22643683
0.30483278
0.28859498
0.20911929
0.21473787
0.16905692
0.07311844
0.10487301
0.07234738
0.08285883
0.14551765
0.14544052
0.20295542
0.19300993
0.33278471
0.42198785
0.44591905
0.54373511
0.35377135
0.52163557
0.39683243
0.54625511
0.49888478
0.48780839
0.42016429
0.34593356
0.44387759
0.31190004
0.19630069
0.24457466
0.08372825
0.16366903
0.13016579
0.10250135
0.25590174
0.28495651
0.33610704
0.32435851
0.28563048
0.30650673
0.33167955
0.41321801
0.45040865
0.44688675
0.39210472
0.56202684
0.41438436
0.31905809
0.49724565
0.56086198
0.48020245
0.35847390
0.44532702
0.26313649
0.17672298
0.14901197
0.08254412
0.07416680
0.10760861
0.16975445
0.11687022
0.19617148
0.11990196
0.27689759
0.32490546
0.34030116
0.30923149
0.30237460
0.40115096
0.41072964
0.39918383
0.44558894
0.44081756
0.38306617
0.42064611
0.46040086
0.37031804
0.28217886
0.36699001
0.42983088
0.35707031
0.33993651
0.28059457
0.31202095
0.28897140
0.32961668
0.36990219
0.39925682
0.41445567
0.45930877
0.41342475
0.43791124
0.61293631
0.57412070
0.47475754
0.55406790
0.33612581
0.36427204
0.26708794
0.34287406
0.39756665
0.40299721
0.26621145
0.37866020
0.52552594
0.49611772
0.53959031
0.46928881
0.54892355
0.46586992
0.58873176
0.47948946
0.66836645
0.62906837
0.52746159
0.50441175
0.61467286
0.59323570
0.56406361
0.67830188
0.57082181
0.56397522
0.58737503
0.52985728
0.59481466
0.43912253
0.40612956
0.20292517
0.35464230
0.36525958
0.46828516
0.51571577
0.51777629
0.46497302
0.52012043
0.50885876
0.44090591
0.40643861
0.38250636
0.30137876
0.24947562
0.23785344
0.28360818
0.22015970
0.13810572
0.43713571
0.32488605
0.35661402
0.35701126
0.20017867
0.18619128
0.14962147
0.13606120
0.02000000
0.08464160
0.06378762
0.04571208
0.03516739
0.03901373
0.15475204
0.12693167
0.06790838
0.09064714
0.17461678
0.25383699
0.30525720
0.33648821
0.23318539
0.22667984
0.19595922
0.25107452
0.31536184
0.37377918
0.35341029
0.28823397
0.48954241
0.42856182
0.39581474
0.41074019
0.34199574
0.36394383
0.10282071
0.04155800
0.02000000
0.02000000
0.02000000
0.02000000
0.08715517
0.12126599
0.28078215
0.20703865
0.45954221
0.33864678
0.25564233
0.37553002
0.28290554
0.32509902
0.42626912
0.35607387
0.34514258
0.40972500
0.29513773
0.36984050
0.40742390
0.47974362
0.42559536
0.41017067
0.27410704
0.25007433
0.25472005
0.27464660
0.26745634
0.23548554
0.31835680
0.21418830
0.20705225
0.19049165
0.18602858
0.25803823
0.22266197
0.22839928
0.19863940
0.25000283
0.20752729
0.23364070
0.24124075
0.16802038
0.17892846
0.12949511
0.26617894
0.27736168
0.26966024
0.27582537
0.35025494
0.28118573
0.43521843
0.40027533
0.45154898
0.44658562
0.53443735
0.53677261
0.45672577
0.47687710
0.49974901
0.50496269
0.53629232
0.37175742
0.27602705
0.24497282
0.28441795
0.35271580
0.38747312
0.39104440
0.38351315
0.39734121
0.39987994
0.50658616
0.43266700
0.49240922
0.44733151
0.38437316
0.46980402
0.46489100
0.52955050
0.44089149
0.42652045
0.52192822
0.50260300
0.47732079
0.58576549
0.71875370
0.69344772
0.67222277
0.67786938
0.58134293
0.59592062
0.52347580
0.51804778
0.59011944
0.53425063
0.48333105
0.56774611
0.57150832
0.54705442
0.50009577
0.51940961
0.52984102
0.54670785
0.56487057
0.56002278
0.54103788
0.59014102
0.57674454
0.57756615
0.63994931
0.71581816
0.71998621
0.69461233
0.76991931
0.82666867
0.87121776
0.85495094
0.89254027
0.94123642
0.95700080
0.95877364
0.95134227
0.99312755
0.99500000
0.99159770
0.97502574
0.98258702
0.98541467
0.98957072
0.99500000
0.99138660
0.99500000
0.99500000
0.99500000
0.99500000
0.99500000
0.99500000
0.99500000
0.99500000
0.99500000
0.99500000
0.99500000
0.99500000
0.99500000
0.99500000
0.99500000
0.99500000
0.99500000
0.99500000
0.99500000
0.99500000
0.99500000
0.99500000
0.99500000
0.99500000
0.99500000
0.99500000
0.99500000
0.99500000
0.99500000
0.99500000
0.99500000
0.99500000
0.99500000
0.99500000
0.99500000
0.99500000
0.99500000
0.99500000
0.99500000
0.99500000
0.99500000
0.99500000
0.99500000
0.99500000
0.99500000
0.99500000
0.99500000
0.99500000
0.99500000
0.99500000
0.99500000
0.99500000
0.99500000
0.99500000
0.99500000
0.99500000
0.99500000
0.99500000
0.99500000
0.99500000
0.99500000
0.99500000
0.99500000
0.99500000
0.99500000
0.99500000
0.99500000
0.99500000
0.99500000
0.99500000
0.99500000
0.99500000
0.99500000
0.99500000
0.99500000
0.99500000
0.99500000
0.99500000
0.99500000
0.99500000
0.99500000
0.99500000
0.99500000
0.99500000
0.99500000
0.99500000
0.99500000
0.99500000
0.99500000
0.99500000
0.99500000
0.99500000
0.99500000
0.99500000
0.99500000
0.99500000
0.99500000
0.99500000
0.99500000
0.99500000
0.99500000
0.99500000
0.99500000
0.99500000
0.99500000
0.99500000
0.99500000
0.99500000
0.99500000
0.99500000
0.99500000
0.99500000
0.99500000
0.99500000
0.99500000
0.99500000
0.99500000
0.99500000
0.99500000
0.99500000
0.99500000
0.99500000
0.99500000
0.99500000
0.99500000
0.99500000
0.99500000
0.99500000
0.99500000
0.99500000
0.99500000
0.99500000
0.99500000
0.99500000
0.99500000
0.99500000
0.99500000
0.99500000
0.99500000
0.99500000
0.99500000
0.99500000
0.99500000
0.99500000
0.99500000
0.99500000
0.99500000
0.99500000
0.99500000
0.99500000
0.99500000
0.99500000
0.99500000
0.99500000
0.99500000
0.99500000
0.99500000
0.99500000
0.99500000
0.99500000
0.99500000
0.99500000
0.99500000
0.99500000
0.99500000
0.99500000
0.99500000
0.99500000
0.99500000
0.99500000
0.99500000
0.99500000
0.99500000
0.99500000
0.99500000
0.99500000
0.99500000
0.99500000
0.99500000
0.99500000
0.99500000
0.99500000
0.99500000
0.99500000
0.99500000
0.99500000
0.99500000
0.99500000
0.99500000
0.99500000
0.99500000
0.99500000
0.99500000
0.99500000
0.99500000
0.99500000
0.99500000
0.99500000
0.99500000
0.99500000
0.99500000
0.99500000
0.99500000
0.99500000
0.99500000
0.99500000
0.99500000
0.99500000
0.99500000
0.99500000
0.99500000
0.99500000
0.99500000
0.99500000
0.99500000
0.99500000
0.99500000
0.99500000
0.99500000
0.99500000
0.99500000
0.99500000
0.99500000
0.99500000
0.99500000
0.99500000
0.99500000
0.99500000
0.99500000
0.99500000
0.99500000
0.99500000
0.99500000
0.99500000
0.99500000
0.99500000
0.99500000
0.99500000
0.99500000
0.99500000
0.99500000
0.99500000
0.99500000
0.99500000
0.99500000
0.99500000
0.99500000
0.99500000
0.99500000
0.99500000
0.99500000
0.99500000
0.99500000
0.99500000
0.99500000
0.99500000
0.99500000
0.99500000
0.99500000
0.99500000
0.99500000
0.99500000
0.99500000
0.99500000
0.99500000
0.99500000
0.99500000
0.99500000
0.99500000
0.99500000
0.99500000
0.99500000
0.99500000
0.99500000
0.99500000
0.99500000
0.99500000
0.99500000
0.99500000
0.99500000
0.99500000
0.99500000
0.99500000
0.99500000
0.99500000
0.99500000
0.99500000
0.99500000
0.99500000
0.99500000
0.99500000
0.99500000
0.99500000
0.99500000
0.99500000
0.99500000
0.99500000
0.99500000
0.99500000
0.99500000
0.99500000
0.99500000
0.99500000
0.99500000
0.99500000
0.99500000
0.99500000
0.99500000
0.99500000
0.99500000
0.99500000
0.99500000
0.99500000
0.99500000
0.99500000
0.99500000
0.99500000
0.99500000
0.99500000
0.99500000
0.99500000
0.99500000
0.99500000
0.99500000
0.99500000
0.99500000
0.99500000
0.99500000
0.99500000
0.99500000
0.99500000
0.99500000
