3.00000212
3.00000212
3.00000212
3.00000212
3.00000212
3.00000212
3.00000212
3.00000212
3.00000212
3.00000212
3.00000212
3.00000212
3.00000212
3.00000212
3.00000212
3.00000212
3.00000212
3.00000212
3.00000212
3.00000212
3.00000212
3.00000212
3.00000212
3.00000212
3.00000212
3.00000212
3.00000212
3.00000212
3.00000212
3.00000212
3.00000212
3.00000212
3.00000212
3.00000212
3.00000212
3.00000212
3.00000212
3.00000212
3.00000212
3.00000212
3.00000212
3.00000212
3.00000212
3.00000212
3.00000212
3.00000212
3.00000212
3.00000212
3.00000212
3.00000212
3.00000212
3.00000212
3.00000212
3.00000212
3.00000212
3.00000212
3.00000212
3.00000212
3.00000212
3.00000212
3.00000212
3.00000212
3.00000212
3.00000212
3.00000212
3.00000212
3.00000212
3.00000212
3.00000212
3.00000212
3.00000212
3.00000212
3.00000212
3.00000212
3.00000212
3.00000212
3.00000212
3.00000212
3.00000212
3.00000212
3.00000212
3.00000212
3.00000212
3.00000212
3.00000212
3.00000212
3.00000212
3.00000212
3.00000212
3.00000212
3.00000212
3.00000212
3.00000212
3.00000212
3.00000212
3.00000212
3.00000212
3.00000212
3.00000212
3.00000212
3.00000212
3.00000212
3.00000212
3.00000212
3.00000212
3.00000212
3.00000212
3.00000212
3.00000212
3.00000212
3.00000212
3.00000212
3.00000212
3.00000212
3.00000212
3.00000212
3.00000212
3.00000212
3.00000212
3.00000212
3.00000212
3.00000212
3.00000212
3.00000212
3.00000212
3.00000212
3.00000212
3.00000212
3.00000212
3.00000212
3.00000212
3.00000212
3.00000212
3.00000212
3.00000212
3.00000212
3.00000212
3.00000212
3.00000212
3.00000212
3.00000212
3.00000212
3.00000212
3.00000212
3.00000212
3.00000212
3.00000212
3.00000212
3.00000212
3.00000212
3.00000212
3.00000212
3.00000212
3.00000212
3.00000212
3.00000212
3.00000212
3.00000212
3.00000212
3.00000212
3.00000212
3.00000212
3.00000212
3.00000212
3.00000212
3.00000212
3.00000212
3.00000212
3.00000212
3.00000212
3.00000212
3.00000212
3.00000212
3.00000212
3.00000212
3.00000212
3.00000212
3.00000212
3.00000212
3.00000212
3.00000212
3.00000212
3.00000212
3.00000212
3.00000212
3.00000212
3.00000212
3.00000212
3.00000212
3.00000212
3.00000212
3.00000212
3.00000212
3.00000212
3.00000212
3.00000212
3.00000212
3.00000212
3.00000212
3.00000212
3.00000212
3.00000212
3.00000212
3.00000212
3.00000212
3.00000212
3.00000212
3.00000212
3.00000212
3.00000212
3.00000212
3.00000212
3.00000212
3.00000212
3.00000212
3.00000212
3.00000212
3.00000212
3.00000212
3.00000212
3.00000212
3.00000212
3.00000212
3.00000212
3.00000212
3.00000212
3.00000212
3.00000212
3.00000212
3.00000212
3.00000212
3.00000212
3.00000212
3.00000212
3.00000212
3.00000212
3.00000212
3.00000212
3.00000212
3.00000212
3.00000212
3.00000212
3.00000212
3.00000212
3.00000212
3.00000212
3.00000212
3.00000212
3.00000212
3.00000212
3.00000212
3.00000212
3.00000212
3.00000212
3.00000212
3.00000212
3.00000212
3.00000212
3.00000212
3.00000212
3.00000212
3.00000212
3.00000212
3.00000212
3.00000212
3.00000212
3.00000212
3.00000212
3.00000212
3.00000212
3.00000212
3.00000212
3.00000212
3.00000212
3.00000212
3.00000212
3.00000212
3.00000212
3.00000212
3.00000212
3.00000212
3.00000212
3.00000212
3.00000212
3.00000212
3.00000212
3.00000212
3.00000212
3.00000212
3.00000212
3.00000212
3.00000212
3.00000212
3.00000212
3.00000212
3.00000212
3.00000212
3.00000212
3.00000212
3.00000212
3.00000212
3.00000212
3.00000212
3.00000212
3.00000212
3.00000212
3.00000212
3.00000212
3.00000212
3.00000212
3.00000212
3.00000212
3.00000212
3.00000212
3.00000212
3.00000212
3.00000212
3.00000212
3.00000212
3.00000212
3.00000212
3.00000212
3.00000212
3.00000212
3.00000212
3.00000212
3.00000212
3.00000212
3.00000212
3.00000212
3.00000212
3.00000212
3.00000212
3.00000212
3.00000212
3.00000212
3.00000212
3.00000212
3.00000212
3.00000212
3.00000212
3.00000212
3.00000212
3.00000212
3.00000212
3.00000212
3.00000212
3.00000212
3.00000212
3.00000212
3.00000212
3.00000212
3.00000212
3.00000212
3.00000212
3.00000212
3.00000212
3.00000212
3.00000212
3.00000212
3.00000212
3.00000212
3.00000212
3.00000212
3.00000212
3.00000212
3.00000212
3.00000212
3.00000212
3.00000212
3.00000212
3.00000212
3.00000212
3.00000212
3.00000212
3.00000212
3.00000212
3.00000212
3.00000212
3.00000212
3.00000212
3.00000212
3.00000212
3.00000212
3.00000212
3.00000212
3.00000212
3.00000212
3.00000212
3.00000212
3.00000212
3.00000212
3.00000212
3.00000212
3.00000212
3.00000212
3.00000212
3.00000212
3.00000212
3.00000212
3.00000212
3.00000212
3.00000212
3.00000212
3.00000212
3.00000212
3.00000212
3.00000212
3.00000212
3.00000212
3.00000212
3.00000212
3.00000212
3.00000212
3.00000212
3.00000212
3.00000212
3.00000212
3.00000212
3.00000212
3.00000212
3.00000212
3.00000212
3.00000212
3.00000212
3.00000212
3.00000212
3.00000212
3.00000212
3.00000212
3.00000212
3.00000212
3.00000212
3.00000212
3.00000212
3.00000212
3.00000212
3.00000212
3.00000212
3.00000212
3.00000212
3.00000212
3.00000212
3.00000212
3.00000212
3.00000212
3.00000212
3.00000212
3.00000212
3.00000212
3.00000212
3.00000212
3.00000212
3.00000212
3.00000212
3.00000212
3.00000212
3.00000212
3.00000212
3.00000212
3.00000212
3.00000212
3.00000212
3.00000212
3.00000212
3.00000212
3.00000212
3.00000212
3.00000212
3.00000212
3.00000212
3.00000212
3.00000212
3.00000212
3.00000212
3.00000212
3.00000212
3.00000212
3.00000212
3.00000212
3.00000212
3.00000212
3.00000212
3.00000212
3.00000212
3.00000212
3.00000212
3.00000212
3.00000212
3.00000212
3.00000212
3.00000212
3.00000212
3.00000212
3.00000212
3.00000212
3.00000212
3.00000212
3.00000212
3.00000212
3.00000212
3.00000212
3.00000212
3.00000212
3.00000212
3.00000212
3.00000212
3.00000212
3.00000212
3.00000212
3.00000212
3.00000212
3.00000212
3.00000212
3.00000212
3.00000212
3.00000212
3.00000212
3.00000212
3.00000212
3.00000212
3.00000212
3.00000212
3.00000212
3.00000212
3.00000212
3.00000212
3.00000212
3.00000212
3.00000212
3.00000212
3.00000212
3.00000212
3.00000212
3.00000212
3.00000212
3.00000212
3.00000212
3.00000212
3.00000212
3.00000212
3.00000212
3.00000212
3.00000212
3.00000212
3.00000212
3.00000212
3.00000212
3.00000212
3.00000212
3.00000212
3.00000212
3.00000212
3.00000212
3.00000212
3.00000212
3.00000212
3.00000212
3.00000212
3.00000212
3.00000212
3.00000212
3.00000212
3.00000212
3.00000212
3.00000212
3.00000212
3.00000212
3.00000212
3.00000212
3.00000212
3.00000212
3.00000212
3.00000212
3.00000212
3.00000212
3.00000212
3.00000212
3.00000212
3.00000212
3.00000212
3.00000212
3.00000212
3.00000212
3.00000212
3.00000212
3.00000212
3.00000212
3.00000212
3.00000212
3.00000212
3.00000212
3.00000212
3.00000212
3.00000212
3.00000212
3.00000212
3.00000212
3.00000212
3.00000212
3.00000212
3.00000212
3.00000212
3.00000212
3.00000212
3.00000212
3.00000212
3.00000212
3.00000212
3.00000212
3.00000212
3.00000212
3.00000212
3.00000212
3.00000212
3.00000212
3.00000212
3.00000212
3.00000212
3.00000212
3.00000212
3.00000212
3.00000212
3.00000212
3.00000212
3.00000212
3.00000212
3.00000212
3.00000212
3.00000212
3.00000212
3.00000212
3.00000212
3.00000212
3.00000212
3.00000212
3.00000212
3.00000212
3.00000212
3.00000212
3.00000212
3.00000212
3.00000212
3.00000212
3.00000212
3.00000212
3.00000212
3.00000212
3.00000212
3.00000212
3.00000212
3.00000212
3.00000212
3.00000212
3.00000212
3.00000212
3.00000212
3.00000212
3.00000212
3.00000212
3.00000212
3.00000212
3.00000212
3.00000212
3.00000212
3.00000212
3.00000212
3.00000212
3.00000212
3.00000212
3.00000212
3.00000212
3.00000212
3.00000212
3.00000212
3.00000212
3.00000212
3.00000212
3.00000212
3.00000212
3.00000212
3.00000212
3.00000212
3.00000212
3.00000212
3.00000212
3.00000212
3.00000212
3.00000212
3.00000212
3.00000212
3.00000212
3.00000212
3.00000212
3.00000212
3.00000212
3.00000212
3.00000212
3.00000212
3.00000212
3.00000212
3.00000212
3.00000212
3.00000212
3.00000212
3.00000212
3.00000212
3.00000212
3.00000212
3.00000212
3.00000212
3.00000212
3.00000212
3.00000212
3.00000212
3.00000212
3.00000212
3.00000212
3.00000212
3.00000212
3.00000212
3.00000212
3.00000212
3.00000212
3.00000212
3.00000212
3.00000212
3.00000212
3.00000212
3.00000212
3.00000212
3.00000212
3.00000212
3.00000212
3.00000212
3.00000212
3.00000212
3.00000212
3.00000212
3.00000212
3.00000212
3.00000212
3.00000212
3.00000212
3.00000212
3.00000212
3.00000212
3.00000212
3.00000212
3.00000212
3.00000212
3.00000212
3.00000212
3.00000212
3.00000212
3.00000212
3.00000212
3.00000212
3.00000212
3.00000212
3.00000212
3.00000212
3.00000212
3.00000212
3.00000212
3.00000212
3.00000212
3.00000212
3.00000212
3.00000212
3.00000212
3.00000212
3.00000212
3.00000212
3.00000212
3.00000212
3.00000212
3.00000212
3.00000212
3.00000212
3.00000212
3.00000212
3.00000212
3.00000212
3.00000212
3.00000212
3.00000212
3.00000212
3.00000212
3.00000212
3.00000212
3.00000212
3.00000212
3.00000212
3.00000212
3.00000212
3.00000212
3.00000212
3.00000212
3.00000212
3.00000212
3.00000212
3.00000212
3.00000212
3.00000212
3.00000212
3.00000212
3.00000212
3.00000212
3.00000212
3.00000212
3.00000212
3.00000212
3.00000212
3.00009729
3.00002158
3.00314861
3.00097838
3.00627906
3.01005416
3.00773418
3.00098935
3.00449277
3.00339853
3.00096402
3.00206583
3.01076971
3.00475203
3.01274494
3.02472036
3.05338629
3.05805406
3.04090075
3.00908252
3.01749100
3.00234522
3.00536129
3.01392989
3.00536452
3.01963761
3.03743593
3.03757078
3.09954668
3.09820682
3.04234299
3.11519051
3.06827870
3.05635055
3.11777562
3.14397076
3.26097574
3.38471377
3.49991023
3.15915255
3.03383412
3.00419764
3.00278229
3.00166333
3.00450837
3.00419024
3.00958711
3.01820446
3.05176662
3.04961160
3.06332183
3.33324126
3.40344485
3.79303673
3.87769124
3.38683511
3.60348172
3.78293159
3.52921751
3.67906023
3.48102438
3.24831407
3.71362554
3.86207661
4.18003507
5.24744162
4.03849384
4.27907831
6.66967369
4.35647834
5.60121238
4.91161028
5.74085363
4.47160501
4.27958596
4.52525945
5.21660388
5.04721774
3.59648194
3.67455183
5.28592719
4.61424030
4.23698508
5.91125996
8.27751539
8.27386075
10.61804214
5.31572988
4.49576679
5.42494334
4.84532353
5.65274945
5.50722955
4.11840863
4.92103141
6.10705834
6.62078738
8.19026486
8.21742189
6.76228214
5.26304855
4.22711677
6.39639732
6.86463935
6.96963504
8.57249325
5.45999171
4.93524372
4.95415722
3.57947297
3.81791988
3.41413439
3.23430931
3.26949104
3.05391566
3.17387903
3.16617904
3.11722700
3.37546211
3.06280774
3.01436983
3.01266676
3.00997401
3.01806967
3.03974642
3.05962505
3.09656518
3.16323212
3.63140579
4.48887212
6.15732868
5.89819645
7.38453311
8.52985449
6.09308293
6.02509043
5.52595671
4.69194553
4.30607262
3.97977479
4.88578305
5.70406714
4.89511068
4.67527789
6.08263110
6.69014888
5.54762798
5.61350645
6.87969082
6.58380361
4.77441253
6.66601561
5.95901018
4.82198427
6.72443465
6.91499509
5.48158246
6.04458346
5.63418724
6.73870395
5.11562881
4.15297444
4.06854262
4.32782457
5.45577386
4.43066948
5.20588207
5.91500379
6.27169327
5.74491352
5.04827386
5.28249813
6.12723781
6.18589165
5.59133417
6.31006022
6.43822471
5.75979532
5.31264271
4.84426968
5.52656151
5.93968311
5.47715407
5.74849254
4.27676710
4.42470295
4.00449679
4.32873777
3.78743051
4.06315917
3.94707405
4.42113057
5.38898626
7.33556641
7.95303471
6.47033205
6.10403406
5.61166683
3.98793018
3.31452717
3.26370781
3.25082892
3.26375140
3.12221178
3.10539360
3.11959621
3.28138705
3.23776662
3.19105726
3.14636538
3.15640889
3.24290822
3.68832987
4.45004791
4.61564746
5.26270375
4.82771518
4.56052543
4.94005582
4.47987680
4.36765812
4.32721772
4.03918905
3.67944725
3.99407341
3.72634592
3.84848329
3.41167129
3.47856977
3.73574700
3.50271693
3.36429509
3.52908910
3.12023153
3.32367262
3.22932058
3.49448135
3.68333667
3.53320726
3.46110776
3.58581933
3.61284602
3.35146425
3.57880740
3.76503331
3.34758873
3.19769244
3.45365993
4.42180059
5.25269127
5.18538669
4.57197502
4.50461004
5.32257976
6.01367100
5.36500859
5.05527526
6.58190877
4.63272714
5.38277616
3.85049897
4.47362876
4.42761587
4.27922012
4.05659527
4.23304360
4.79714505
5.30277589
5.04271898
4.49275149
4.64513012
4.48761809
4.56906993
3.55326751
3.74768919
3.66890952
3.75333878
3.82045051
3.40013372
3.50506335
3.77799329
3.27959042
3.25497259
3.30886819
3.09373710
3.13554248
3.19067421
3.21306939
3.18429247
3.10028220
3.17668449
3.58076410
4.42385443
3.92238166
3.70246017
3.89040954
4.18560145
4.51788153
4.82610233
4.49934667
4.72283459
4.01863858
4.00591268
4.03498517
4.96958307
5.43071839
5.24633307
6.27464832
5.90141922
5.45239361
5.80682151
4.80840709
4.66856357
4.86763699
3.72924928
4.02245075
4.18059450
4.59685198
5.06438725
5.31068737
5.28502285
4.84075324
5.45178782
4.96932267
5.61289160
6.74746225
7.91034350
7.69836298
7.35011422
8.23476253
5.25916051
6.99851521
4.71390141
4.30832233
5.76815052
4.12857680
3.94695625
3.71172192
3.25696374
3.38382058
3.29941660
3.37819269
3.23972853
3.19771185
3.43593864
3.31420625
3.92789338
5.52714824
5.60213396
5.08832780
5.62249854
8.64264636
9.83647401
11.07360734
10.70334473
6.86340062
4.44925609
4.36777270
4.23413473
4.77713322
4.37669639
4.99612095
5.06550035
5.45292177
6.81329121
5.17904497
4.63601967
3.88105028
4.04211389
4.52194546
4.59826784
4.01609273
3.33100117
3.52771576
3.31967549
3.87144341
5.50990273
6.51795818
8.07340144
8.06111520
9.73222416
10.59771964
13.62991104
9.32718582
11.37106494
9.01156071
6.63554260
7.05517529
6.27272057
5.78720806
5.46700170
5.59480654
4.91631081
8.55544963
7.25885936
7.82304309
8.95701619
11.38153244
7.33789894
8.71612515
10.63925872
10.00150499
9.96544333
8.64916455
8.67868964
8.38079829
7.94526654
8.96139523
7.94111500
7.91348280
7.74093783
7.53512721
6.51941818
7.06728126
5.78055549
6.69031692
6.05440483
6.10327673
6.28450756
5.24128606
5.88460872
5.57705895
5.41833427
5.50402168
5.09068379
5.52930565
5.45393266
5.50573254
5.17304372
7.10647163
7.37659991
11.13487199
8.82814863
7.56697449
5.57603027
12.92019339
9.94729234
10.19810833
8.60861273
5.54057585
6.03166548
7.35584379
5.03724448
4.97905700
6.15230808
5.39887027
4.64158261
4.38184152
4.27925009
3.71113559
3.22320150
3.10205749
3.12405076
3.29147856
3.42177082
3.78958556
3.77547276
4.26111455
5.85835682
5.39042939
6.61923127
7.58353979
8.71266883
6.33923900
5.19274358
5.56983470
6.85984229
5.15819279
5.39483348
5.03066141
4.14377870
5.14903245
5.37263200
4.48398737
4.69228514
4.71909870
5.01165393
4.28015974
4.69670630
3.49193064
3.63984128
3.86697224
4.09304681
7.42491437
11.39448353
10.86003876
9.63929607
11.50368933
11.40997542
8.64533545
7.45778006
7.72037101
6.49861319
7.59310561
8.46144963
8.77655480
8.91870784
10.21390074
9.24445930
7.51601558
6.29053169
8.32680298
8.08684164
9.21802277
8.49207585
7.14452696
6.72862736
7.73970832
7.98662516
7.15466919
7.92430132
8.18608471
9.80387070
7.35347317
7.02521455
6.82840902
7.73387556
8.77379970
7.28035592
5.69926304
6.16699053
6.55742887
7.20686726
9.04880322
8.53191385
9.42851899
10.07386867
12.22779275
10.20173171
12.12466039
11.60090721
11.56210231
7.62660859
6.72580367
5.85795067
5.81035404
5.64602193
6.78471684
8.33754813
8.47134331
9.08140232
10.34786917
8.57432183
6.09545977
6.65672559
6.51364022
5.39740689
5.91621105
5.65971207
4.68517754
4.94177583
5.69567367
5.01267684
6.09040099
6.76625189
6.94388776
6.49095345
5.32421636
6.39856220
6.00988364
6.68551602
5.43532855
5.86018729
4.95495378
4.90301818
4.79900385
5.26601630
5.41228654
4.84747982
5.18818053
4.43135189
4.67551238
5.07726049
6.06510676
7.87005297
8.13597131
6.02994705
6.12812580
5.50330126
7.76849266
7.38074044
8.72451974
10.55710997
11.89056157
13.55136858
10.63495031
10.69417498
14.95886445
14.51225981
15.68329321
12.76125689
14.65163204
14.59823484
12.94150101
14.55331464
14.27471711
16.22501160
15.71055498
16.40858472
17.13867933
16.35964256
15.42736407
13.86671227
7.91243108
6.46557411
6.84934151
5.28641633
4.93789111
4.41024991
5.45918327
5.38136490
6.49618564
8.15161990
7.08105965
7.75763888
6.64533817
7.50469941
6.77126243
6.46718235
7.10792887
7.30778738
8.29934889
5.91479875
6.31862663
5.80396315
5.17527909
5.16064485
4.19677994
3.92018292
4.42274949
5.35209629
5.84683458
5.98006222
7.53690743
7.61263655
6.36652803
7.08469515
6.66615301
4.79605380
5.53767730
5.65096309
6.15036536
6.19837695
4.72959444
4.11027083
4.13296988
3.65346247
3.92178849
3.89710155
3.72901640
3.65459812
4.23970359
4.43919539
4.19691865
4.40886637
4.92439516
5.98844132
5.23233537
6.63934233
5.92423424
6.24110186
5.55239608
5.47582368
6.54938365
6.56212951
6.25310418
5.84664246
5.48763116
5.78818068
6.05942024
5.56705773
4.74541001
5.83672337
5.30144821
4.63468529
5.93280959
5.87636576
6.41029815
4.98330570
4.95484424
6.95411865
6.47817080
6.15764439
5.67919615
4.81502634
4.56503614
3.94302702
3.46269000
3.77705271
3.51307735
3.64567484
3.88155777
3.91887178
4.33471789
3.64155626
3.72285769
4.28910371
4.70062837
4.20083698
3.63144220
3.73518611
4.41288525
3.58121680
4.13808713
5.02059423
5.15001517
5.43255144
5.10602065
4.64235563
4.64134830
3.75264112
3.54265456
3.32591313
3.23413361
3.32242433
3.25669715
3.13516023
3.22730414
3.20257746
3.35980468
3.33184331
3.42546228
3.44013428
3.23323245
3.30089426
3.27289298
3.30738470
3.51890881
3.87952199
4.14011703
3.78676293
3.47159138
3.51469544
3.36858294
3.07860494
3.06654576
3.01236545
3.08169823
3.04386161
3.13099024
3.29988752
3.10970299
3.19540904
3.09874455
3.13965311
3.08478338
3.07027872
3.25783449
3.34982501
3.61849067
3.70797927
3.55773779
3.95123334
4.28556432
3.78866689
3.98104246
3.69045555
3.09667689
3.04864802
3.03209502
3.01026814
3.01013109
3.00006340
3.00000212
3.00000212
3.00005295
3.00000212
3.00000212
3.00007490
3.00000212
3.00000212
3.00000212
3.00000212
3.00004201
3.00103447
3.00615246
3.00739890
3.02523757
3.01551650
3.00393980
3.02203309
3.00115461
3.00000212
3.00000212
3.00000212
3.00000212
3.00000212
3.00000212
3.00000212
3.00000212
3.00000212
3.00000212
3.00000212
3.00000212
3.00000212
3.00000212
3.00000212
3.00000212
3.00000212
3.00000212
3.00000212
3.00000212
3.00000212
3.00000212
3.00000212
3.00000212
3.00000212
3.00000212
3.00000212
3.00000212
3.00000212
3.00000212
3.00000212
3.00000212
3.00000212
3.00000212
3.00000212
3.00000212
3.00000212
3.00000212
3.00000212
3.00000212
3.00000212
3.00000212
3.00000212
3.00000212
3.00000212
3.00000212
3.00000212
3.00000212
3.00000212
3.00000212
3.00000212
3.00000212
3.00000212
3.00000212
3.00000212
3.00000212
3.00000212
3.00000212
3.00000212
3.00000212
3.00000212
3.00000212
3.00000212
3.00000212
3.00000212
3.00000212
3.00000212
3.00000212
3.00000212
3.00000212
3.00000212
3.00000212
3.00000212
3.00000212
3.00000212
3.00000212
3.00000212
3.00000212
3.00000212
3.00000212
3.00000212
3.00000212
3.00000212
3.00000212
3.00000212
3.00000212
3.00000212
3.00000212
3.00000212
3.00000212
3.00000212
3.00000212
3.00000212
3.00000212
3.00000212
3.00000212
3.00000212
3.00000212
3.00000212
3.00000212
3.00000212
3.00000212
3.00000212
3.00000212
3.00000212
3.00000212
3.00000212
3.00000212
3.00000212
3.00000212
3.00000212
3.00000212
3.00000212
3.00000212
3.00000212
3.00000212
3.00000212
3.00000212
3.00000212
3.00000212
3.00000212
3.00000212
3.00000212
3.00000212
3.00000212
3.00000212
3.00000212
3.00000212
3.00000212
3.00000212
3.00000212
3.00000212
3.00000212
3.00000212
3.00000212
3.00000212
3.00000212
3.00000212
3.00000212
3.00000212
3.00000212
3.00000212
3.00000212
3.00000212
3.00000212
3.00000212
3.00000212
3.00000212
3.00000212
3.00000212
3.00000212
3.00000212
3.00000212
3.00000212
3.00000212
3.00000212
3.00000212
3.00000212
3.00000212
3.00000212
3.00000212
3.00000212
3.00000212
3.00000212
3.00000212
3.00000212
3.00000212
3.00000212
3.00000212
3.00000212
3.00000212
3.00000212
3.00000212
3.00000212
3.00000212
3.00000212
3.00000212
3.00000212
3.00000212
3.00000212
3.00000212
3.00000212
3.00000212
3.00000212
3.00000212
3.00000212
3.00000212
3.00000212
3.00000212
3.00000212
3.00000212
3.00000212
3.00000212
3.00000212
3.00000212
3.00000212
3.00000212
3.00000212
3.00000212
3.00000212
3.00000212
3.00000212
3.00000212
3.00000212
3.00000212
3.00000212
3.00000212
3.00000212
3.00000212
3.00000212
3.00000212
3.00000212
3.00000212
3.00000212
3.00000212
3.00000212
3.00000212
3.00000212
3.00000212
3.00000212
3.00000212
3.00000212
3.00000212
3.00000212
3.00000212
3.00000212
3.00000212
3.00000212
3.00000212
3.00000212
3.00000212
3.00000212
3.00000212
3.00000212
3.00000212
3.00000212
3.00000212
3.00000212
3.00000212
3.00000212
3.00000212
3.00000212
3.00000212
3.00000212
3.00000212
3.00000212
3.00000212
3.00000212
3.00000212
3.00000212
3.00000212
3.00000212
3.00000212
3.00000212
3.00000212
3.00000212
3.00000212
3.00000212
3.00000212
3.00000212
3.00000212
3.00000212
3.00000212
3.00000212
3.00000212
3.00000212
3.00000212
3.00000212
3.00000212
3.00000212
3.00000212
3.00000212
3.00000212
3.00000212
3.00000212
3.00000212
3.00000212
3.00000212
3.00000212
3.00000212
3.00000212
3.00000212
3.00000212
3.00000212
3.00000212
3.00000212
3.00000212
3.00000212
3.00000212
3.00000212
3.00000212
3.00000212
3.00000212
3.00000212
3.00000212
3.00000212
3.00000212
3.00000212
3.00000212
3.00000212
3.00000212
3.00000212
3.00000212
3.00000212
3.00000212
3.00000212
3.00000212
3.00000212
3.00000212
3.00000212
3.00000212
3.00000212
3.00000212
3.00000212
3.00000212
3.00000212
3.00000212
3.00000212
3.00000212
3.00000212
3.00000212
3.00000212
3.00000212
3.00000212
3.00000212
3.00000212
3.00000212
3.00000212
3.00000212
3.00000212
3.00000212
3.00000212
3.00000212
3.00000212
3.00000212
3.00000212
3.00000212
3.00000212
3.00000212
3.00000212
3.00000212
3.00000212
3.00000212
3.00000212
3.00000212
3.00000212
3.00000212
3.00000212
3.00000212
3.00000212
3.00000212
3.00000212
3.00000212
3.00000212
3.00000212
3.00000212
3.00000212
3.00000212
3.00000212
3.00000212
3.00000212
3.00000212
3.00000212
3.00000212
3.00000212
3.00000212
3.00000212
3.00000212
3.00000212
3.00000212
3.00000212
3.00000212
3.00000212
3.00000212
3.00000212
3.00000212
3.00000212
3.00000212
3.00000212
3.00000212
3.00000212
3.00000212
3.00000212
3.00000212
3.00000212
3.00000212
3.00000212
3.00000212
3.00000212
3.00000212
3.00000212
3.00000212
3.00000212
3.00000212
3.00000212
3.00000212
3.00000212
3.00000212
3.00000212
3.00000212
3.00000212
3.00000212
3.00000212
3.00000212
3.00000212
3.00000212
3.00000212
3.00000212
3.00000212
3.00000212
3.00000212
3.00000212
3.00000212
3.00000212
3.00000212
3.00000212
3.00246722
3.00627579
3.00007208
3.00000212
3.00001629
3.00018713
3.00038866
3.00019246
3.00000212
3.00000212
3.00000379
3.00323376
3.00009712
3.00000212
3.00000212
3.00000212
3.00000212
3.00000212
3.00000212
3.00000212
3.00000623
3.00000212
3.00000212
3.00011962
3.00016326
3.00008852
3.00000212
3.00013799
3.00921310
3.00515555
3.00083063
3.00000212
3.00002515
3.00661252
3.01868827
3.01568869
3.00240705
3.00026609
3.00052830
3.00085511
3.00312389
3.01515280
3.00671452
3.00177836
3.00233915
3.00015788
3.00286387
3.00008344
3.00985817
3.01418196
3.00804659
3.02237242
3.00126776
3.00159054
3.00198892
3.00970329
3.00932221
3.04773630
3.17302543
3.23634341
3.55986266
3.42995136
4.34762844
5.10298421
5.67605057
5.62321561
4.29265415
3.51382910
3.19349334
3.11659013
3.06358958
3.01807395
3.01766071
3.00248270
3.00099208
3.03947265
3.01385110
3.06908283
3.06194049
3.12210318
3.28607849
4.87558502
6.28068117
10.15655547
11.27473309
8.07802901
7.67956388
6.96468197
5.86148056
5.27704586
3.92132198
3.55014461
4.50177068
4.57088520
8.16318242
12.33284621
15.93270759
15.23532901
14.48335791
13.37996713
7.14860716
7.47539530
6.55820747
6.02889157
6.55854450
7.17782586
6.12467012
6.51337934
6.73436437
5.62462500
4.61975069
4.40678639
3.66691887
4.19499503
3.94654453
4.55244044
4.94356591
4.98922770
6.82728306
7.37399859
7.65659253
8.54884569
7.95756783
6.86239684
11.23104562
12.58674910
10.28609205
11.53078334
10.82992213
12.43125054
14.26901222
10.39105680
11.52964038
12.61517692
11.23139975
14.92847027
14.66037673
16.78161141
14.67484538
13.84660087
8.51084249
4.81371291
7.60083454
8.28926040
5.78072901
4.77241268
8.47268803
8.99011056
10.29855748
11.13207056
10.57708284
13.57611056
11.44981465
16.35851289
13.50105740
17.76780379
17.84441425
17.44191606
13.26327633
15.11910363
15.15692098
11.20340409
9.53349972
8.69051647
9.38273079
8.54981172
11.26216560
15.86170850
13.04505056
10.64623139
11.38386431
16.54092164
19.00026400
19.00026400
19.00026400
19.00026400
19.00026400
19.00026400
19.00026400
18.23434676
19.00026400
19.00026400
19.00026400
19.00026400
19.00026400
19.00026400
19.00026400
19.00026400
19.00026400
19.00026400
18.70591132
19.00026400
19.00026400
19.00026400
19.00026400
19.00026400
19.00026400
16.47214695
15.87691625
16.18376071
17.40933773
19.00026400
19.00026400
19.00026400
19.00026400
13.44218129
13.04678550
15.53503057
18.30442017
14.06718975
13.81692578
13.25047450
16.19792997
16.46466620
19.00026400
19.00026400
19.00026400
19.00026400
19.00026400
19.00026400
17.53079810
18.42275880
19.00026400
18.55645408
18.51590930
19.00026400
17.66557064
15.96038450
16.73696940
18.49484736
17.24860226
16.48355746
16.08506897
15.74450103
13.93928110
16.19514268
18.03570929
16.38693874
18.89926736
18.18672496
19.00026400
19.00026400
19.00026400
17.30606556
16.10454025
15.03778820
16.22763026
17.33487931
16.93708571
17.22148514
16.45836035
17.49909258
15.86587634
17.72090281
16.89935883
16.29676815
15.22962462
17.17178670
18.08417424
18.44098436
17.21745451
16.82844204
18.09437466
19.00026400
19.00026400
19.00026400
19.00026400
19.00026400
18.71705426
19.00026400
19.00026400
19.00026400
19.00026400
13.73797971
19.00026400
18.85563920
19.00026400
19.00026400
19.00026400
19.00026400
19.00026400
19.00026400
19.00026400
18.14348600
14.78662446
16.66810242
14.21362181
16.38587041
19.00026400
19.00026400
19.00026400
19.00026400
19.00026400
19.00026400
19.00026400
19.00026400
17.53994238
16.60252899
15.50821835
15.05597383
18.67697718
19.00026400
18.70370323
17.96097241
17.30690585
18.95147694
15.95400890
18.49152060
18.93931562
19.00026400
19.00026400
19.00026400
19.00026400
18.90470291
14.81844879
17.06610596
11.36702185
16.26419836
13.88738063
15.65685520
15.81905907
16.16894151
17.76550250
19.00026400
19.00026400
19.00026400
19.00026400
19.00026400
19.00026400
19.00026400
19.00026400
19.00026400
19.00026400
15.88513709
17.00490861
14.73256541
15.51874659
15.63474422
12.84895210
15.23855584
13.42695825
17.71614781
13.79106501
15.61004555
14.65807166
16.71779304
15.92618123
15.01586277
15.02450231
13.13492697
16.22817345
17.43891901
17.63518323
17.21345409
18.58623849
14.49628645
12.52120621
11.80034947
12.64252754
12.91912637
6.92245500
9.24924118
13.00652062
14.00702298
13.76664233
16.04426395
16.80176885
16.86986049
16.84739677
15.44491117
16.19979374
13.57553343
16.43547689
12.46141810
14.08175343
11.88466369
15.00035049
12.62904937
9.83928679
12.21635635
9.72237120
11.74200997
12.16904215
16.38081567
16.28958130
15.67902405
14.16828431
11.53909862
17.24479220
15.82584039
16.51128373
18.69612231
19.00026400
16.33005450
16.12357716
13.87802084
16.68079899
16.59429382
14.80092599
14.17685259
11.08238162
8.20842345
10.10410489
9.39520429
11.95473743
11.76651983
8.67085453
9.57050659
8.75019135
7.71008013
6.08342680
5.45184682
4.99246885
3.84355536
4.94486126
5.41478038
5.51295444
7.42192973
7.98638638
9.69718791
10.94045275
10.63662414
12.76956271
13.10087783
15.00171633
15.55546435
16.82112592
13.67267673
17.06608278
15.70042735
13.00964080
13.87823593
12.52616792
12.94032078
12.07264924
13.09850062
13.10301986
14.04027203
11.62866388
9.66365181
14.55203028
11.67024446
14.00760627
14.15424366
11.86641668
10.19490238
10.12333543
12.15396765
9.25064299
13.27672542
14.04752705
17.67403548
17.32001537
15.13444902
13.54994105
12.99176546
12.05937829
7.70786764
8.10071940
6.50948338
7.30145868
7.16081566
9.69502889
9.50257955
10.62750450
9.24869064
8.55127146
10.47034044
14.70615927
14.47440059
14.91023035
14.42787511
14.09231044
8.38540475
13.31806967
11.84023979
13.91399976
13.29409870
12.63938875
11.76229184
13.74507420
14.57286085
13.92245530
15.03203641
18.53747314
19.00026400
18.29754852
14.76812034
17.77120456
15.77252499
15.71059987
14.19517337
14.27764437
18.34699353
18.31757619
18.94574636
15.58927367
17.39786547
18.14888215
19.00026400
19.00026400
17.82614559
16.55597697
15.87769931
17.58509206
17.29019001
19.00026400
18.99635554
17.98780412
18.62344882
16.17134231
17.28061171
16.72586231
18.16051905
19.00026400
19.00026400
18.36938570
18.22563745
13.92741996
18.17866887
17.54843472
18.60368823
16.00823694
15.29936028
18.25616660
15.82218165
18.62031241
18.28884236
17.35024902
16.96405472
17.91196901
16.36456432
19.00026400
17.49035433
19.00026400
18.69984927
19.00026400
18.82420641
18.82458801
19.00026400
19.00026400
16.69370075
12.97965660
16.77994542
16.53228150
13.18716046
16.53742269
16.81611182
17.28536510
14.75468977
14.48551087
12.16456227
14.31646153
17.88257916
13.31186308
13.01785255
16.05254545
12.23163473
17.07697202
13.02103416
16.99060513
15.91221930
17.25407842
16.37265871
17.34084962
18.98205571
15.10423419
11.88961126
15.60017600
16.86146052
16.82827603
18.46657712
17.33076409
15.83791649
19.00026400
19.00026400
19.00026400
19.00026400
16.05601169
18.58850354
19.00026400
17.11009628
17.33507846
14.11680635
13.97422567
10.07014747
12.96250336
11.08049290
13.08465316
13.40383733
13.85953392
12.36445587
13.93925617
15.79507385
14.42723303
17.07006259
18.31921364
19.00026400
19.00026400
17.51808966
19.00026400
18.31618918
19.00026400
16.68473444
15.30243392
15.82672753
16.60721294
18.76060925
16.32224508
16.24489838
14.83083081
14.28052710
12.98567134
11.38148255
13.22664288
16.42089470
15.65270158
13.24599459
12.69383853
16.74778424
15.28796801
16.74738185
18.20661541
19.00026400
18.82090223
17.16488156
19.00026400
17.03404271
18.04797887
18.75771471
16.18240137
16.15128743
17.13901279
18.81223880
17.41466577
17.33657600
16.18849309
18.54195497
19.00026400
19.00026400
19.00026400
17.31088268
18.06818748
17.50719921
16.05101299
14.76783378
13.92274340
11.21011644
12.15703230
10.01195614
7.49208541
11.96003279
12.62616809
14.09377189
12.93353550
12.59553241
12.49940679
12.75212002
14.23440978
14.55634522
14.16427157
12.35167192
13.50601797
12.04752289
11.21948328
15.12490009
15.72927334
18.20575647
15.50807256
16.20738623
16.83284576
15.72954472
19.00026400
16.41940131
15.40309755
16.00740099
16.56550181
16.24686405
14.51090117
14.24447046
13.02952851
12.22809378
10.04728591
5.96204973
4.77797038
4.89535657
4.57169929
4.22532064
4.55144569
5.98596583
6.41133701
8.71966426
10.14333640
14.63782940
13.72713547
10.08876195
7.87479048
9.91265366
10.16305278
6.80233331
7.24611120
7.66299592
13.55153351
13.86848938
10.14410677
11.57402048
14.02092261
10.48757845
15.10951694
13.93779822
15.59042916
16.39200543
19.00026400
16.15839043
18.05158929
17.55610627
18.10591650
17.22192130
19.00026400
17.57068983
17.12971370
18.65432598
15.94802498
16.89360289
18.06641047
17.16733385
12.22390374
14.99220873
12.14886424
11.57262546
11.15745986
12.18042191
13.70701327
10.63011195
11.27653455
11.21878359
15.00256325
16.35410612
15.93848098
17.76696461
17.91605589
18.22824988
17.53729366
17.96992720
14.11006205
12.67036487
12.90754674
10.65231312
10.53842826
12.59850041
13.06815953
11.05161112
15.37281148
15.79085350
19.00026400
19.00026400
18.16256233
19.00026400
15.35578481
15.51472701
13.26226066
15.34945606
14.64036269
12.55713211
15.19983538
13.46454812
17.03260436
14.08002726
15.62406407
13.09054055
11.55603695
9.61265690
9.98623820
8.64751759
8.98962042
10.40224691
8.34314559
7.37424627
7.98094132
7.41989339
8.25236769
9.50513806
10.20478781
11.55058002
7.35716974
6.90975510
6.05287628
7.95872290
12.22703736
12.23991392
12.59703097
14.58253552
14.50087879
12.34991494
11.17762086
11.07698464
9.44012828
10.27969987
12.37475944
11.15628882
11.25324037
15.51587910
16.56295952
10.87344773
12.11088488
13.54466889
13.14505052
12.48674625
16.78975580
12.87198039
12.69859017
12.13159866
13.50669561
15.20906966
14.56599462
17.48581966
13.62690702
16.77826825
15.50395632
17.47947465
16.96763921
12.48112854
13.70619765
16.41471088
16.67455245
15.30008375
14.23774020
15.00005702
14.76224207
13.87881451
13.18194382
12.95510005
14.06786932
17.88592476
16.35652538
15.69172503
12.57723573
7.87111069
5.87463973
6.97058170
7.32084561
8.23264384
6.27623936
6.77249078
10.86330142
10.23789031
9.93109032
9.57361410
7.14007457
7.21575018
7.80013617
12.08672750
12.44307072
13.56902350
11.27574385
12.64474147
10.06179969
9.98273242
11.92318961
12.96670561
16.01543957
13.87657243
15.22397901
14.70462758
16.08306756
15.51163680
17.67343695
18.12599785
19.00026400
19.00026400
19.00026400
19.00026400
18.47531610
16.98819053
17.51298453
14.89204160
16.01010009
14.26482672
13.62454346
12.40400754
12.24276729
11.74818384
13.23492766
13.19366853
10.11802793
11.80072590
13.03624605
11.82519861
9.54963535
9.54659133
5.76935214
4.38019265
4.73937187
4.41851299
4.23143880
5.10748116
5.70805405
5.49727377
9.68836504
10.01392534
9.68997764
7.70165976
6.31254812
5.82123672
5.29681243
5.66728943
7.45633824
10.54011276
11.77572891
11.04733344
15.00165641
17.06674980
14.81600130
14.91097292
16.41775220
16.76302122
16.01840688
15.94486287
17.96987399
17.76064342
18.98170782
18.74912231
16.81598121
17.10164465
18.68121025
15.21298521
13.67437644
10.22471630
9.17863701
13.66799710
12.45067919
12.63518156
14.66273446
15.87387073
18.19324933
16.65096114
15.07846635
15.67904139
16.46684808
13.95924908
17.58100067
16.69071836
17.08839186
19.00026400
14.58910412
16.13863509
15.03658031
17.86828692
15.25570664
18.26624538
14.72772634
11.01867122
13.45156971
11.02361326
10.03419520
9.72273619
9.86325504
6.65903306
5.19193271
4.77486716
5.09094781
4.06402824
3.64480004
4.46674785
3.89328304
4.13202650
5.35432678
4.71362474
5.58411673
5.62272816
6.97176301
7.69363898
8.04943812
8.51265313
8.75672308
12.08676362
9.02089434
7.26765658
8.52327273
7.16157653
10.23054949
11.19187202
10.14631119
13.56636472
13.84644961
8.66640956
7.90804696
8.81519007
7.32157463
8.15932789
6.21742222
7.91471163
6.64296750
6.36062043
5.69069309
4.44959226
5.23723175
4.48976424
4.48512839
3.86108486
4.15563206
3.75152855
3.95719564
3.79980414
3.97130393
3.64356098
4.28383273
3.52256170
3.45518883
3.47871671
3.43862464
3.57335903
3.31003470
3.49650468
3.23287372
3.24811168
3.11316585
3.19559847
3.19358992
3.13840872
3.17125617
3.80410000
3.69684614
3.74975671
4.03235707
5.02920745
10.01370384
13.74518041
11.21343329
10.34341887
11.96801388
5.60769273
5.30126245
6.52123950
7.48832121
6.88437137
8.61101894
6.02737121
7.57989350
8.77443824
9.03138588
6.77318745
5.18384609
5.26241431
4.25213863
4.17042365
3.63107377
3.56460394
3.63302121
3.80372082
4.02633883
4.31723246
6.54002672
4.56792937
4.51457949
4.91533332
4.07822308
3.81211590
3.65895781
3.48632776
3.76657785
3.58559527
3.45377708
3.31099921
3.26875558
3.18040541
3.17819063
3.13236119
3.36986722
3.28407164
3.47674683
3.28016574
3.38755458
3.58601273
3.53221322
3.46662649
3.97616397
4.41858183
5.03944556
4.69535201
4.32455340
4.49761218
4.20796148
4.50472773
4.60894882
4.12616923
4.03837401
3.53335210
3.22539578
3.17839705
3.28092571
3.26468249
3.18881119
3.24120371
3.48139392
3.28693804
3.19157129
3.04054169
3.05306836
3.08754689
3.07355861
3.01830620
3.01968924
3.05729697
3.00820353
3.00332376
3.00929315
3.01115540
3.00048749
3.00000212
3.00000212
3.00000212
3.00000212
3.00000212
3.00000212
3.00000212
3.00000212
3.00000212
3.00004663
3.00031860
3.00339728
3.00044064
3.00266701
3.00218360
3.00107189
3.00070255
3.00544321
3.00139702
3.00458570
3.00262616
3.00097521
3.00091726
3.00000212
3.00001004
3.00000212
3.00000212
3.00000212
3.00000212
3.00000212
3.00000212
3.00000212
3.00000212
3.00000212
3.00000212
3.00000212
3.00000212
3.00000212
3.00000212
3.00000212
3.00000212
3.00000212
3.00000212
3.00000212
3.00000212
3.00000212
3.00000212
3.00000212
3.00000212
3.00000212
3.00000212
3.00000212
3.00000212
3.00000212
3.00000212
3.00000212
3.00000212
3.00000212
3.00000212
3.00000212
3.00000212
3.00000212
3.00000212
3.00000212
3.00000212
3.00000212
3.00000212
3.00000212
3.00000212
3.00000212
3.00000212
3.00000212
3.00000212
3.00000212
3.00000212
3.00000212
3.00000212
3.00000212
3.00000212
3.00000212
3.00000212
3.00000212
3.00000212
3.00000212
3.00000212
3.00000212
3.00000212
3.00000212
3.00000212
3.00000212
3.00000212
3.00000212
3.00000212
3.00000212
3.00000212
3.00000212
3.00000212
3.00000212
3.00000212
3.00000212
3.00000212
3.00000212
3.00000212
3.00000212
3.00000212
3.00000212
3.00000212
3.00000212
3.00000212
3.00000212
3.00000212
3.00000212
3.00000212
3.00000212
3.00000212
3.00000212
3.00000212
3.00000212
3.00000212
3.00000212
3.00000212
3.00000212
3.00000212
3.00000212
3.00000212
3.00000212
3.00000212
3.00000212
3.00000212
3.00000212
3.00000212
3.00000212
3.00000212
3.00000212
3.00000212
3.00000212
3.00000212
3.00000212
3.00000212
3.00000212
3.00000212
3.00000212
3.00000212
3.00000212
3.00000212
3.00000212
3.00000212
3.00000212
3.00000212
3.00000212
3.00000212
3.00000212
3.00000212
3.00000212
3.00000212
3.00000212
3.00000212
3.00000212
3.00000212
3.00000212
3.00000212
3.00000212
3.00000212
3.00000212
3.00000212
3.00000212
3.00000212
3.00000212
3.00000212
3.00000212
3.00000212
3.00000212
3.00000212
3.00000212
3.00000212
3.00000212
3.00000212
3.00000212
3.00000212
3.00000212
3.00000212
3.00000212
3.00000212
3.00000212
3.00000212
3.00000212
3.00000212
3.00000212
3.00000212
3.00000212
3.00000212
3.00000212
3.00000212
3.00000212
3.00000212
3.00000212
3.00000212
3.00000212
3.00000212
3.00000212
3.00000212
3.00000212
3.00000212
3.00000212
3.00000212
3.00000212
3.00000212
3.00000212
3.00000212
3.00000212
3.00000212
3.00000212
3.00000212
3.00000212
3.00000212
3.00000212
3.00000212
3.00000212
3.00000212
3.00000212
3.00000212
3.00000212
3.00000212
3.00000212
3.00000212
3.00000212
3.00000212
3.00000212
3.00000212
3.00000212
3.00000212
3.00000212
3.00000212
3.00000212
3.00000212
3.00000212
3.00000212
3.00000212
3.00000212
3.00000212
3.00000212
3.00000212
3.00000212
3.00000212
3.00000212
3.00000212
3.00000212
3.00000212
3.00000212
3.00000212
3.00000212
3.00000212
3.00000212
3.00000212
3.00000212
3.00000212
3.00000212
3.00000212
3.00000212
3.00000212
3.00000212
3.00000212
3.00000212
3.00000212
3.00000212
3.00000212
3.00000212
3.00000212
3.00000212
3.00000212
3.00000212
3.00000212
3.00000212
3.00000212
3.00000212
3.00000212
3.00000212
3.00000212
3.00000212
3.00000212
3.00000212
3.00000212
3.00000212
3.00000212
3.00000212
3.00000212
3.00000212
3.00000212
3.00000212
3.00000212
3.00000212
3.00000212
3.00000212
3.00000212
3.00000212
3.00000212
3.00000212
3.00000212
3.00000212
3.00000212
3.00000212
3.00000212
3.00000212
3.00000212
3.00000212
3.00000212
3.00000212
3.00000212
3.00000212
3.00000212
3.00000212
3.00000212
3.00000212
3.00000212
3.00000212
3.00000212
3.00000212
3.00000212
3.00000212
3.00000212
3.00000212
3.00000212
3.00000212
3.00000212
3.00000212
3.00000212
3.00000212
3.00000212
3.00000212
3.00000212
3.00000212
3.00000212
3.00000212
3.00000212
3.00000212
3.00000212
3.00000212
3.00000212
3.00000212
3.00000212
3.00000212
3.00000212
3.00000212
3.00000212
3.00000212
3.00000212
3.00000212
3.00000212
3.00000212
3.00000212
3.00000212
3.00000212
3.00000212
3.00000212
3.00000212
3.00000212
3.00000212
3.00000212
3.00000212
3.00000212
3.00000212
3.00000212
3.00000212
3.00000212
3.00000212
3.00000212
3.00000212
3.00000212
3.00000212
3.00000212
3.00000212
3.00000212
3.00000212
3.00000212
3.00000212
3.00000212
3.00000212
3.00000212
3.00000212
3.00000212
3.00000212
3.00000212
3.00000212
3.00000212
3.00000212
3.00000212
3.00000212
3.00000212
3.00000212
3.00000212
3.00000212
3.00000212
3.00000212
3.00000212
3.00000212
3.00000212
3.00000212
3.00000212
3.00000212
3.00000212
3.00000212
3.00000212
3.00000212
3.00000212
3.00000212
3.00000212
3.00000212
3.00000212
3.00000212
3.00000212
3.00000212
3.00000212
3.00000212
3.00000212
3.00000212
3.00000212
3.00000212
3.00000212
3.00000212
3.00000212
3.00000212
3.00000212
3.00000212
3.00000212
3.00000212
3.00000212
3.00000212
3.00000212
3.00000212
3.00000212
3.00000212
3.00000212
3.00000212
3.00000212
3.00000212
3.00000212
3.00000212
3.00000212
3.00000212
3.00000212
3.00000212
3.00000212
3.00000212
3.00000212
3.00000212
3.00000212
3.00000212
3.00000212
3.00000212
3.00000212
3.00000212
3.00000212
3.00000212
3.00000212
3.00000212
3.00000212
3.00000212
3.00000212
3.00000212
3.00000212
3.00000212
3.00000212
3.00000212
3.00000212
3.00000212
3.00000212
3.00000212
3.00000212
3.00000212
3.00000212
3.00000212
3.00000212
3.00000212
3.00000212
3.00000212
3.00000212
3.00000212
3.00000212
3.00000212
3.00000212
3.00000212
3.00000212
3.00000212
3.00000212
3.00000212
3.00000212
3.00000212
3.00133189
3.32712086
3.29180701
4.69762135
4.16076272
3.54265315
4.94481698
4.47623737
4.85407530
3.92445944
4.32287845
4.45265944
3.39877382
3.73493097
3.62258996
5.26692960
4.02141903
3.93845897
5.11676613
6.03300959
5.48638560
6.14032323
5.77598735
5.82181491
5.09505565
4.68567631
4.38626886
4.11708862
3.69707113
3.78720229
3.43293897
3.39056324
3.40657544
3.60878797
4.12304976
4.21040942
4.15306918
4.51393162
5.12158288
3.93548063
3.81824134
4.24169184
4.19566624
3.62377540
3.59878116
3.56055993
3.27864395
3.73165620
3.56013930
4.54234487
4.13218433
4.60789342
4.42416724
4.72829059
4.77157299
5.64805030
8.84669224
8.66436121
8.74641801
7.64818105
6.16990152
5.71965247
4.85902867
4.97680663
4.21511523
5.64923184
4.74024864
5.58499863
6.14324292
5.68129886
6.29516329
6.76745903
7.91867390
8.82984715
7.93114717
7.31852464
7.42416947
5.76745901
5.97521841
5.93435586
5.65198822
5.69174808
5.19111852
4.17004024
3.73431959
3.37682906
3.30653704
4.08191866
3.77694477
4.57251285
7.10511414
6.91017052
10.99927846
6.63807023
7.94095160
9.01146064
8.03115268
9.39610655
7.40429999
13.18172546
12.21584890
11.51841578
14.15829866
17.20183855
19.00026400
19.00026400
18.14247582
14.59750609
12.07729853
10.48818018
13.04801028
15.02746478
17.07440220
11.83590215
13.20314493
17.56956607
13.82358111
13.98586288
18.17626802
18.39092515
19.00026400
19.00026400
18.23077771
12.24854541
12.54818760
14.78203496
10.98078613
9.74236500
13.29502809
11.50158410
18.19510345
19.00026400
18.12284251
17.02194564
14.28550546
17.15813311
17.85214479
17.08762395
19.00026400
19.00026400
19.00026400
19.00026400
15.27563650
12.46180010
9.19216459
5.34162927
4.79895641
4.35763112
3.68330859
3.33749182
3.91038334
3.58876533
5.68938273
6.22286231
6.87545968
6.65620710
6.41942086
7.17210571
8.33008162
9.86043561
9.11295906
10.57906864
11.67644138
9.11457243
8.17739377
10.66386063
8.55417020
10.45938499
12.94873754
12.97054748
13.07051981
8.43529754
9.05447930
6.69372696
8.40231667
6.27256231
7.98859387
5.57260674
8.31421993
7.62261981
6.59506993
5.58539690
7.57547579
8.09505284
8.48646051
8.31669780
7.30716306
6.84661039
7.60718165
10.41819774
13.01117696
14.39240990
12.56340890
15.84905443
14.89129819
14.04952194
12.38979315
13.65908622
13.95739539
12.93840973
12.54889395
12.59316696
13.78247108
15.08770964
13.08782612
16.20538749
18.45308312
18.59202762
16.37439959
15.45898726
18.58385305
17.88887728
16.35094502
16.21040622
15.32651264
12.58709418
13.03870648
14.98828636
15.56999776
13.67822694
18.22365499
17.19178477
17.28184496
13.00589254
11.75005867
14.04023155
12.76646141
8.63946705
6.41302223
8.36882172
12.59798808
16.31124309
12.12067324
14.24208357
15.55479185
17.14847172
17.77660230
16.49816874
16.97813928
16.29082871
16.37527205
13.92827886
17.92308329
17.16992873
15.15870850
18.83558191
14.56118740
16.50897780
14.81908005
17.54607158
19.00026400
18.85917245
17.33559182
19.00026400
17.12821907
17.13769302
16.92772459
15.01214962
19.00026400
19.00026400
19.00026400
19.00026400
19.00026400
19.00026400
19.00026400
19.00026400
16.62313449
18.84924689
19.00026400
18.44120477
19.00026400
16.58728240
14.72620784
14.67764251
16.88132717
14.00244082
10.31727832
11.68785381
10.90234075
10.24286364
5.68592714
5.62921220
6.89407084
7.62542713
12.17138761
10.88079679
11.53130754
13.62051828
10.86930303
8.71106067
9.12068039
11.40972651
11.23176333
12.75355065
16.53697547
15.19278411
16.57078734
16.11467378
13.60616103
13.60903333
11.60789112
11.93415509
8.04948280
6.28291640
5.89180219
4.61473058
7.58783239
4.86091080
6.73046406
4.58812306
5.13925073
5.28426407
6.31408615
7.75679592
5.92388374
8.53864485
11.82530477
10.32864302
16.07741203
12.94451165
14.18815245
15.28995600
10.00389747
9.21507392
7.97442749
8.24321723
9.19751620
8.66990366
8.07461578
6.43462430
5.82207524
5.87667700
6.81887317
4.42820785
6.41418393
8.36758722
5.16031173
4.43963386
5.38754523
7.48840364
5.90108167
9.80158407
12.48608259
13.47657380
16.12817887
16.49109422
15.08133799
12.72900852
14.70907301
11.82956192
14.58889658
9.42759280
8.23049393
7.88074462
8.60333397
8.77185985
6.65090888
6.47850558
6.68700537
5.89697389
5.97241541
6.99176231
6.30583140
5.67093092
7.24436457
9.28778470
7.31201852
6.15108417
7.51792871
7.88884263
9.32950959
8.53572563
9.11096965
8.12175169
7.25277907
6.68566167
6.41293684
5.68718087
6.43099530
6.01900356
3.98581683
4.31313243
5.46336298
4.50749241
7.97400564
7.36780114
9.69274885
7.82386061
6.71685771
6.61724566
9.71678904
7.07789877
4.81587663
5.17488442
4.65913714
5.54111116
4.56026867
5.59053833
4.18256339
5.39738342
3.62004656
3.86762195
4.79374325
5.06924508
3.97260775
4.14413540
4.40837491
3.56597142
4.34388419
4.40923179
4.19430549
4.76659933
4.13086328
5.99952790
6.56060699
11.60887106
7.56930769
7.34747791
5.55555518
4.93085611
4.90631474
5.60361028
4.87864926
5.01404022
5.97100661
6.55505105
7.00263871
8.79661271
10.18692859
10.52600317
9.25029871
11.06242974
13.88456092
6.03151703
8.23094525
7.52755462
7.51917365
11.69816937
12.16254121
13.45407923
13.96220338
19.00026400
16.03834403
16.94993088
17.77362943
18.26879774
18.08691591
13.26600127
14.31341249
16.76653795
15.78339586
12.55907409
10.06236351
8.70060681
7.96586439
10.66513936
10.86188927
11.83655840
10.14109371
8.45547067
7.17475915
7.59552667
9.13000307
5.26114238
6.17217168
6.74937858
6.47831882
7.84322942
7.37456967
15.27684140
17.96740230
19.00026400
19.00026400
19.00026400
19.00026400
15.93122879
14.53509642
9.32455955
11.47627398
5.68370186
7.91755622
10.01122543
7.13984056
9.26870778
8.22599626
6.21050689
7.53896749
7.77407433
6.49632742
8.95335403
7.25402835
6.53737671
5.39387330
6.22183088
6.48841389
9.50229504
10.16974277
10.03731903
9.48780631
9.68266147
10.59636862
8.38418838
11.24905883
11.47583781
12.01805581
12.16803776
9.94374079
10.98506904
10.80956406
11.74848545
10.17179377
11.46061380
10.65149365
10.42610214
12.79009667
12.41004986
14.21405216
9.71768196
9.41522474
9.62252717
9.45622783
7.66313389
9.31391882
6.06260133
6.66694720
5.80454536
5.88137796
4.71547070
4.68978566
5.72587694
5.43366115
5.12820177
5.06235161
4.69504712
7.21532470
9.45083499
10.31706108
9.22912772
7.61035052
6.90682875
6.83889123
6.98309233
6.72103205
6.67420477
5.04212775
6.10429552
5.22325921
5.86974312
6.96644606
5.53371758
5.60480780
4.77005989
5.97123663
6.20628946
4.85749750
5.09198429
5.42747409
4.20833610
3.37818943
3.48973661
3.59866690
3.56825721
4.24745309
4.12162841
4.83951696
4.90309679
4.17063332
4.71753558
5.34469310
4.37298459
4.33744554
4.57974501
5.12377922
4.88700991
4.76678267
4.58337407
4.40056827
4.44790307
4.64353691
4.17044846
4.28901101
4.28151903
3.79348708
3.39015566
3.37323913
3.48417617
3.20705676
3.08852790
3.03630922
3.05187925
3.02109532
3.00344964
3.00135154
3.00119117
3.00195841
3.00000552
3.00000212
3.00001008
3.00026481
3.00008976
3.00005275
3.00001928
3.00000212
3.00001086
3.00000212
3.00000212
3.00000212
3.00000212
3.00000212
3.00000212
3.00000212
3.00000212
3.00000212
3.00000212
3.00000212
3.00000212
3.00000212
3.00000212
3.00000212
3.00000212
3.00000212
3.00000212
3.00000212
3.00000212
3.00000212
3.00000212
3.00000212
3.00000212
3.00000212
3.00000212
3.00000212
3.00000212
3.00000212
3.00000212
3.00000212
3.00000212
3.00000212
3.00000212
3.00000212
3.00000212
3.00000212
3.00000212
3.00000212
3.00000212
3.00000212
3.00000212
3.00000212
3.00000212
3.00000212
3.00000212
3.00000212
3.00000212
3.00000212
3.00000212
3.00000212
3.00000212
3.00000212
3.00000212
3.00000212
3.00000212
3.00000212
3.00000212
3.00000212
3.00000212
3.00000212
3.00000212
3.00000212
3.00000212
3.00000212
3.00000212
3.00000212
3.00000212
3.00000212
3.00000212
3.00000212
3.00000212
3.00000212
3.00000212
3.00000212
3.00000212
3.00000212
3.00000212
3.00000212
3.00000212
3.00000212
3.00000212
3.00000212
3.00000212
3.00000212
3.00000212
3.00000212
3.00000212
3.00000212
3.00000212
3.00000212
3.00000212
3.00000212
3.00000212
3.00000212
3.00000212
3.00000212
3.00000212
3.00000212
3.00000212
3.00000212
3.00000212
3.00000212
3.00000212
3.00000212
3.00000212
3.00000212
3.00000212
3.00000212
3.00000212
3.00000212
3.00000212
3.00000212
3.00000212
3.00000212
3.00000212
3.00000212
3.00000212
3.00000212
3.00000212
3.00000212
3.00000212
3.00000212
3.00000212
3.00000212
3.00000212
3.00000212
3.00000212
3.00000212
3.00000212
3.00000212
3.00000212
3.00000212
3.00000212
3.00000212
3.00000212
3.00000212
3.00000212
3.00000212
3.00000212
3.00000212
3.00000212
3.00000212
3.00000212
3.00000212
3.00000212
3.00000212
3.00000212
3.00000212
3.00000212
3.00000212
3.00000212
3.00000212
3.00000212
3.00000212
3.00000212
3.00000212
3.00000212
3.00000212
3.00000212
3.00000212
3.00000212
3.00000212
3.00000212
3.00000212
3.00000212
3.00000212
3.00000212
3.00000212
3.00000212
3.00000212
3.00000212
3.00000212
3.00000212
3.00000212
3.00000212
3.00000212
3.00000212
3.00000212
3.00000212
3.00000212
3.00000212
3.00000212
3.00000212
3.00000212
3.00000212
3.00000212
3.00000212
3.00000212
3.00000212
3.00000212
3.00000212
3.00000212
3.00000212
3.00000212
3.00000212
3.00000212
3.00000212
3.00000212
3.00000212
3.00000212
3.00000212
3.00000212
3.00000212
3.00000212
3.00000212
3.00000212
3.00000212
3.00000212
3.00000212
3.00000212
3.00000212
3.00000212
3.00000212
3.00000212
3.00000212
3.00000212
3.00000212
3.00000212
3.00000212
3.00000212
3.00000212
3.00000212
3.00000212
3.00000212
3.00000212
3.00000212
3.00000212
3.00000212
3.00000212
3.00000212
3.00000212
3.00000212
3.00000212
3.00000212
3.00000212
3.00000212
3.00000212
3.00000212
3.00000212
3.00000212
3.00000212
3.00000212
3.00000212
3.00000212
3.00000212
3.00000212
3.00000212
3.00000212
3.00000212
3.00000212
3.00000212
3.00000212
3.00000212
3.00000212
3.00000212
3.00000212
3.00000212
3.00000212
3.00000212
3.00000212
3.00000212
3.00000212
3.00000212
3.00000212
3.00000212
3.00000212
3.00000212
3.00000212
3.00000212
3.00000212
3.00000212
3.00000212
3.00000212
3.00000212
3.00000212
3.00000212
3.00000212
3.00000212
3.00000212
3.00000212
3.00000212
3.00000212
3.00000212
3.00000212
3.00000212
3.00000212
3.00000212
3.00000212
3.00000212
3.00000212
3.00000212
3.00000212
3.00000212
3.00000212
3.00000212
3.00000212
3.00000212
3.00000212
3.00000212
3.00000212
3.00000212
3.00000212
3.00000212
3.00000212
3.00000212
3.00000212
3.00000212
3.00000212
3.00000212
3.00000212
3.00000212
3.00000212
3.00000212
3.00000212
3.00000212
3.00000212
3.00000212
3.00000212
3.00000212
3.00000212
3.00000212
3.00000212
3.00000212
3.00000212
3.00000212
3.00000212
3.00000212
3.00000212
3.00000212
3.00000212
3.00000212
