1.0000000000
1.0000000000
1.0000000000
1.0000000000
1.0000000000
1.0000000000
1.0000000000
1.0000000000
1.0000000000
1.0000000000
1.0000000000
1.0000000000
1.0000000000
1.0000000000
1.0000000000
1.0000000000
1.0000000000
1.0000000000
1.0000000000
1.0000000000
1.0000000000
1.0000000000
1.0000000000
1.0000000000
1.0000000000
1.0000000000
1.0000000000
1.0000000000
1.0000000000
1.0000000000
1.0000000000
1.0000000000
1.0000000000
1.0000000000
1.0000000000
1.0000000000
1.0000000000
1.0000000000
1.0000000000
1.0000000000
1.0000000000
1.0000000000
1.0000000000
1.0000000000
1.0000000000
1.0000000000
1.0000000000
1.0000000000
1.0000000000
1.0000000000
1.0000000000
1.0000000000
1.0000000000
1.0000000000
1.0000000000
1.0000000000
1.0000000000
1.0000000000
1.0000000000
1.0000000000
1.0000000000
1.0000000000
1.0000000000
0.9932427852
0.9913309184
0.9913896432
0.9951709721
0.9926412788
0.9907603794
0.9905007920
0.9898273880
0.9909108028
0.9870523990
0.9881237117
0.9842012806
0.9774033452
0.9839084778
0.9855478902
0.9775036573
0.9833983013
0.9818951687
0.9819554335
0.9872443408
0.9912611132
0.9913184676
0.9884681135
0.9924094743
0.9928699907
0.9927383705
0.9935428198
0.9922662400
0.9920503785
0.9931266933
0.9940255474
0.9946265798
0.9933927680
0.9916752128
0.9913863854
0.9934860521
0.9953634343
0.9956197403
0.9962756880
0.9962349364
0.9960337165
0.9956176399
0.9950419077
0.9952883122
0.9958383930
0.9960944416
0.9959913590
0.9960332651
0.9961104557
0.9961884047
0.9953834325
0.9957209915
0.9947977866
0.9945440180
0.9937946714
0.9924009081
0.9939907627
0.9948325018
0.9932506069
0.9918686060
0.9915949506
0.9936328623
0.9957074030
0.9961292891
0.9960543884
0.9956648491
0.9948950398
0.9958803131
0.9957999706
0.9955259232
0.9967241136
0.9962935573
0.9958177598
0.9966241909
0.9963904574
0.9958882908
0.9948857956
0.9944233972
0.9950109844
0.9949340204
0.9953955667
0.9956314548
0.9957635993
0.9960327666
0.9963950390
0.9964858973
0.9964663658
0.9965601301
0.9966584367
0.9966387566
0.9967033937
0.9959735068
0.9961257705
0.9959929664
0.9948390947
0.9917894570
0.9919388039
0.9904372170
0.9894474186
0.9876363241
0.9870310449
0.9891499369
0.9867231020
0.9888422882
0.9885156314
0.9867179873
0.9844408032
0.9921295045
0.9927226144
0.9845750931
0.9935618258
0.9937371185
0.9946971472
0.9959059963
0.9965627549
0.9970249947
0.9971727163
0.9971077164
0.9969510293
0.9965672706
0.9964307829
0.9965098058
0.9956732021
0.9949023728
0.9939298093
0.9943144876
0.9948458056
0.9951511908
0.9943140357
0.9948819015
0.9924853918
0.9935336010
0.9940966245
0.9945471404
0.9950027262
0.9953531369
0.9957702946
0.9958337043
0.9961675101
0.9961371671
0.9961924829
0.9954159691
0.9953118654
0.9953780484
0.9945906288
0.9956941670
0.9958941203
0.9952778759
0.9950782811
0.9951589793
0.9943980368
0.9966225768
0.9967097026
0.9962796313
0.9921811502
0.9952363855
0.9949125391
0.9955105806
0.9940175809
0.9959452415
0.9929876772
0.9956411899
0.9958617466
0.9957267329
0.9959576643
0.9960325035
0.9967118124
0.9958511135
0.9966241522
0.9965390866
0.9969458091
0.9965909662
0.9963866131
0.9961878616
0.9959668351
0.9957193430
0.9962061638
0.9958640229
0.9959506874
0.9962573573
0.9947618808
0.9951894451
0.9947336970
0.9939480095
0.9942790784
0.9945903104
0.9946182203
0.9945862145
0.9947842390
0.9949619909
0.9952811000
0.9944794491
0.9944472091
0.9947499146
0.9941392717
0.9941758955
0.9939115388
0.9937138265
0.9943508936
0.9941528562
0.9929241760
0.9919604216
0.9938540024
0.9903609370
0.9884886847
0.9859986589
0.9920679683
0.9900356520
0.9951421799
0.9906243405
0.9865141415
0.9783329352
0.9901129726
0.9935188916
0.9954930849
0.9931637991
0.9941714994
0.9910121575
0.9900005695
0.9919903012
0.9937231429
0.9930961272
0.9921538987
0.9934752444
0.9937644363
0.9940035658
0.9943392433
0.9945986933
0.9943326185
0.9927641389
0.9922404173
0.9936583642
0.9924187202
0.9937389616
0.9928607124
0.9926012432
0.9919895376
0.9913659521
0.9901015174
0.9901538438
0.9888278278
0.9885254313
0.9908728995
0.9874336161
0.9774720160
0.9834769552
0.9853168565
0.9886060408
0.9917087283
0.9870884205
0.9902570866
0.9919797946
0.9929123884
0.9927943246
0.9919282381
0.9941766339
0.9919521659
0.9894114162
0.9874426399
0.9904756507
0.9880293720
0.9852833909
0.9852560723
0.9783489552
0.9663002884
0.9669971973
0.9853324197
0.9902354091
0.9904862724
0.9879205778
0.9868421941
0.9815273976
0.9801922136
0.9832154839
0.9875593320
0.9871576020
0.9875278474
0.9780417777
0.9774185481
0.9873768896
0.9886060866
0.9874953808
0.9855710768
0.9852398338
0.9842604705
0.9838503023
0.9834490574
0.9815026100
0.9846744090
0.9845427099
0.9835791853
0.9832786635
0.9842234825
0.9819713020
0.9851481702
0.9840456559
0.9828640973
0.9839776611
0.9832625374
0.9830345278
0.9825221297
0.9786291205
0.9807042363
0.9795988725
0.9780422549
0.9710982454
0.9714494788
0.9693281701
0.9691681124
0.9688345649
0.9680946773
0.9666072092
0.9689669266
0.9698109407
0.9696388659
0.9708261998
0.9702384044
0.9697200411
0.9732129651
0.9703756880
0.9703072266
0.9723034812
0.9738621024
0.9742805743
0.9740039633
0.9745500957
0.9668573878
0.9678175842
0.9635177054
0.9581818699
0.9684404813
0.9617387126
0.9638505352
0.9658785101
0.9659376145
0.9670763399
0.9637254271
0.9692039311
0.9671890473
0.9679122387
0.9668799659
0.9640973924
0.9631869203
0.9592198299
0.9627521923
0.9502647154
0.9544299439
0.9460926807
0.9523471579
0.9569011044
0.9533047931
0.9548020621
0.9565154159
0.9563559263
0.9567491534
0.9543383883
0.9572423748
0.9530830925
0.9599390045
0.9604774974
0.9615944744
0.9630141143
0.9629913543
0.9627999702
0.9663748337
0.9682648021
0.9683272182
0.9636988495
0.9678550407
0.9663464387
0.9674334161
0.9679178831
0.9643420832
0.9680501658
0.9666558278
0.9643348238
0.9664645746
0.9676448319
0.9685472139
0.9709994590
0.9714587192
0.9731759482
0.9739671017
0.9751948391
0.9736719147
0.9726094152
0.9713346626
0.9712017212
0.9716518448
0.9686363996
0.9674125251
0.9674857470
0.9700195218
0.9700409165
0.9701621488
0.9686743954
0.9695778305
0.9704137157
0.9708305006
0.9676797474
0.9681621397
0.9675273451
0.9677564697
0.9686845624
0.9650077298
0.9653552641
0.9665365442
0.9685766333
0.9707886274
0.9597930656
0.9682883819
0.9691742105
0.9647291477
0.9654303345
0.9668525261
0.9633395398
0.9682184357
0.9686060840
0.9698120715
0.9617078520
0.9592780158
0.9558360450
0.9556059894
0.9523762665
0.9536876012
0.9522017804
0.9522741613
0.9481169314
0.9563873146
0.9546237423
0.9558530864
0.9565968755
0.9532759934
0.9552067748
0.9454508587
0.9500499496
0.9476966360
0.9487028907
0.9470980497
0.9464443367
0.9492945940
0.9470437016
0.9504977464
0.9485438831
0.9465793970
0.9442707029
0.9442887960
0.9357138122
0.9373243834
0.9370251297
0.9376213472
0.9402959201
0.9379466832
0.9406622014
0.9376099809
0.9427354194
0.9394274834
0.9415638762
0.9433057627
0.9448988082
0.9486507865
0.9486136409
0.9517087368
0.9507289970
0.9549757773
0.9540281569
0.9588363371
0.9586599087
0.9588303187
0.9581991966
0.9546953843
0.9551753176
0.9534407991
0.9514961130
0.9529887250
0.9463786893
0.9326717462
0.9332352380
0.9421748533
0.9407197703
0.9425659189
0.9368727245
0.9383121577
0.9370008826
0.9346928647
0.9367535164
0.9409715333
0.9417726934
0.9401903064
0.9393354769
0.9393233202
0.9354401983
0.9416380775
0.9415179692
0.9435447897
0.9406302767
0.9405010679
0.9409397503
0.9431876471
0.9441896757
0.9465412201
0.9444778401
0.9451037280
0.9470752393
0.9467796913
0.9488766544
0.9483350624
0.9489841957
0.9497306796
0.9504151785
0.9485082457
0.9475083693
0.9491114041
0.9477949442
0.9477022350
0.9468932103
0.9456895925
0.9457502110
0.9444008563
0.9450162478
0.9443351370
0.9418821007
0.9417295957
0.9413462373
0.9409096785
0.9402343654
0.9412277005
0.9413226577
0.9396634372
0.9408699217
0.9424409939
0.9417343513
0.9435124603
0.9432247108
0.9421048140
0.9403274715
0.9425642060
0.9402974493
0.9400851558
0.9416460854
0.9406113597
0.9428671411
0.9410487919
0.9415353436
0.9432583364
0.9451275013
0.9442568716
0.9443122308
0.9471910775
0.9502535370
0.9483142532
0.9455893064
0.9451319869
0.9451469111
0.9467182939
0.9471152048
0.9431568059
0.9449552290
0.9469871595
0.9462646438
0.9495060743
0.9498210738
0.9491700428
0.9476639259
0.9433570230
0.9431972271
0.9396309674
0.9470031889
0.9468485550
0.9473284492
0.9478085124
0.9492059959
0.9431009747
0.9442185916
0.9452819644
0.9417823102
0.9393214693
0.9381646299
0.9377761414
0.9443243835
0.9361405721
0.9496488084
0.9440272277
0.9411497031
0.9395541673
0.9508292834
0.9467010689
0.9399463651
0.9430826682
0.9499904506
0.9421417027
0.9484094712
0.9445409744
0.9473607144
0.9463846136
0.9480693095
0.9458476494
0.9430738128
0.9432979414
0.9467568678
0.9479151400
0.9432848746
0.9468162010
0.9483361154
0.9462632760
0.9487277445
0.9492956221
0.9480986488
0.9528994575
0.9535960379
0.9518869578
0.9462965063
0.9468697650
0.9475625368
0.9517721431
0.9483960827
0.9486744729
0.9557453527
0.9521238603
0.9545472246
0.9560252277
0.9454244521
0.9484852370
0.9500946598
0.9514780876
0.9515133884
0.9543461474
0.9542535437
0.9526463305
0.9411957398
0.9529405652
0.9497850988
0.9469892373
0.9517533632
0.9515298221
0.9531361030
0.9396176664
0.9300036942
0.9239654482
0.9076631014
0.8706512319
0.8241929553
0.8171288205
0.8121652633
0.8215504585
0.8101194857
0.8129401519
0.7734541277
0.7638404208
0.8006980598
0.7582690804
0.8023139488
0.7996559745
0.7946017350
0.7521862828
0.7365382903
0.7118172743
0.7150783368
0.6536407446
0.6405181793
0.6275650352
0.6210924875
0.5916451980
0.6501719062
0.6135580993
0.6192212840
0.6330198015
0.6047474407
0.6265184420
0.5661740194
0.5774142582
0.5982673488
0.5726941401
0.5458346818
0.5431112445
0.5294484993
0.5278405161
0.5254899484
0.5101636762
0.4940492277
0.5268212141
0.5029746114
0.4944034243
0.5090548378
0.5017043575
0.4916340325
0.5059405249
0.4967499602
0.4956306335
0.4971798223
0.5128665436
0.5065381159
0.4764783176
0.5043566823
0.5040191914
0.4903756039
0.5030016056
0.5016391064
0.5041003236
0.5124071525
0.4847354180
0.4803202077
0.4891250067
0.4762499649
0.4832131384
0.4749278926
0.4834975346
0.4942753359
0.4847515433
0.4938149121
0.4988247446
0.5042706283
0.4877473960
0.4926314678
0.5153511619
0.5331857208
0.5624417557
0.5300502615
0.5368878560
0.5214749244
0.5034791001
0.5067001985
0.5010245287
0.5013062791
0.4741984951
0.4786717751
0.4805178014
0.4774523777
0.4635477796
0.4825831552
0.4812468702
0.4771280127
0.4642847167
0.4876567053
0.4909787366
0.4646479630
0.4737124196
0.4854025182
0.4967026318
0.4994501951
0.5021279929
0.4831495463
0.4900926908
0.4927968298
0.4669651859
0.5065064736
0.4797528986
0.5007500802
0.5071288733
0.5064293385
0.5003536282
0.5140986092
0.5061233741
0.5012891844
0.4880409531
0.5027926500
0.4994000836
0.4999088201
0.4989936923
0.5004485651
0.5096049504
0.4962878198
0.4945619102
0.4989276814
0.4954284490
0.4842537399
0.4867140895
0.4865874464
0.4776291629
0.4981455964
0.4844474092
0.4842675006
0.4895337700
0.4850526450
0.4960451955
0.4933317104
0.4885221527
0.4912617644
0.4901323644
0.4913063547
0.4975975426
0.4913861666
0.4927495524
0.4848530727
0.4887086170
0.4997907808
0.4938926723
0.4965156329
0.4857874875
0.4971003134
0.5064894331
0.5048927742
0.5151014548
0.5106148856
0.5128226406
0.5061209518
0.4981004807
0.5054928159
0.4979011696
0.4965271702
0.5171369084
0.5118825559
0.5041745653
0.5048908548
0.4886934093
0.5018260179
0.5126468286
0.5060679089
0.5209607010
0.5141054085
0.4977565799
0.5911696079
0.5206776909
0.4911216832
0.4754510642
0.4685892442
0.4814688941
0.4651684477
0.4434917840
0.4625446893
0.4518998410
0.4699750252
0.4933653530
0.4850559371
0.4880873901
0.4420617983
0.4590491142
0.4766775978
0.4765612832
0.4788774547
0.4823363864
0.4675182389
0.4857914326
0.4850753778
0.4880939050
0.4911946171
0.4955547409
0.4910847594
0.4988800502
0.5029119878
0.5018569565
0.5001706579
0.5053304689
0.4839315433
0.4874458650
0.4878423579
0.4895399849
0.4937253179
0.5148341699
0.4869395459
0.5348122881
0.5419060120
0.5423903228
0.5354127567
0.5120070680
0.4958110730
0.4898928020
0.4965116673
0.5002041274
0.5067010313
0.4850938408
0.4953480639
0.4964802594
0.4881513719
0.4868399344
0.4886843267
0.4883413929
0.4855089105
0.4904230611
0.4865062392
0.4847888911
0.4915435140
0.4900575358
0.4961645654
0.4980105140
0.4939241939
0.4949182844
0.4949276168
0.4938488493
0.4995406652
0.4992273777
0.4998772598
0.4975010299
0.4971508275
0.4945446502
0.5027360928
0.5037653758
0.5045841707
0.5034097217
0.5048273334
0.5041059107
0.5034787427
0.5042399834
0.5062536654
0.5171169900
0.5111782610
0.5277030970
0.5200511845
0.5205500364
0.5244029258
0.5293401844
0.5445739610
0.5668456922
0.5875633301
0.6190602189
0.6407323276
0.6504071986
0.6608759411
0.6571376644
0.6810112393
0.7113849543
0.7320850502
0.7532422874
0.7647637660
0.7744698305
0.8021577736
0.8370804071
0.8420946364
0.8433059010
0.8244492081
0.8235305781
0.8368483280
0.8011025984
0.8455188624
0.8263786667
0.8663434048
0.9093303164
0.9301623271
0.9246892417
0.9509285247
0.9587250944
0.9645110879
0.9677063509
0.9838905738
0.9837362985
0.9799093321
0.9648683968
0.9642605581
0.9728558186
0.9596511027
0.9606435774
0.9685672786
0.9626240484
0.9570248212
0.9525785414
0.9547496788
0.9512529553
0.9524216124
0.9578796125
0.9614106745
0.9692888465
0.9725612047
0.9703750937
0.9708295174
0.9600709786
0.9620873523
0.9651738407
0.9792361147
0.9783235580
0.9771918952
0.9792566719
0.9753323234
0.9787375949
0.9806263282
0.9792741178
0.9809535101
0.9788539134
0.9863433343
0.9849950039
0.9861556004
0.9862462956
0.9921341505
0.9937206923
0.9933145216
0.9876186723
0.9851836925
0.9881918644
0.9846084021
0.9784782902
0.9766469664
0.9731555310
0.9804423604
0.9835642036
0.9882151372
0.9887359950
0.9928130188
0.9929534157
0.9939860031
0.9952360923
0.9953113145
0.9960093507
0.9961088254
0.9920572529
0.9934120619
0.9914438719
0.9878503855
0.9838606071
0.9784235374
0.9742085042
0.9756999965
0.9786298535
0.9781048630
0.9887432463
0.9866526734
0.9901494445
0.9845712315
0.9899544116
0.9925720598
0.9957008539
0.9936310745
0.9941475108
0.9916333742
0.9855869558
0.9820468544
0.9778791106
0.9788100390
0.9799036556
0.9739706092
0.9714753361
0.9697275887
0.9608767269
0.9529414980
0.9371913287
0.9117262945
0.8999250205
0.8761452293
0.8722273438
0.8386329645
0.8336163080
0.7927780352
0.7621537604
0.8092688499
0.7648844243
0.7025484343
0.7098861067
0.7228568045
0.6620757425
0.6690962343
0.6803824961
0.6619524971
0.6684603074
0.6242382534
0.6103190835
0.5734632311
0.5569361362
0.5361621175
0.5331819462
0.5283884307
0.5040395444
0.5142255183
0.4997602273
0.4733641728
0.4658615567
0.4437357485
0.4785479496
0.4376821487
0.4218479039
0.4152829010
0.4088793475
0.4042824863
0.4070093806
0.3953477735
0.3924024943
0.3889830816
0.3787289960
0.3552452517
0.3479344196
0.3508157656
0.3369608876
0.3272147548
0.3163207532
0.3200248356
0.3136783421
0.3082794846
0.3182548326
0.3079165302
0.3124786741
0.3198843329
0.2991670336
0.3030532284
0.3177709398
0.3124147983
0.3185366753
0.3088110322
0.3108020875
0.2984755616
0.3151955762
0.3077602278
0.3038977228
0.3164037681
0.3145715231
0.3157857036
0.3139782851
0.3113769806
0.3023160170
0.3112782844
0.3038944995
0.3065848320
0.3027903588
0.2967788763
0.2938339874
0.2986540287
0.3116609274
0.3124953408
0.3164285133
0.3014733461
0.3095424960
0.3042998692
0.3161239655
0.3209251956
0.3116555006
0.3113702834
0.3075706286
0.3125523094
0.2926416843
0.2932640231
0.2862434765
0.2938781120
0.2969694887
0.2981529411
0.2894459034
0.3025909501
0.2964529647
0.3004973758
0.2952192427
0.3005345211
0.3083924785
0.2993431162
0.3022368009
0.2968593232
0.2906296765
0.2942551914
0.2865031207
0.2865526593
0.2840839102
0.2840343209
0.2858761169
0.2851757312
0.3112622011
0.2985347775
0.2957600458
0.2899643209
0.2835526331
0.2831360138
0.2741243577
0.2710700922
0.2423145012
0.2350666503
0.2384122072
0.2356254592
0.2232521271
0.2120342231
0.2097015664
0.2055072103
0.2023607842
0.2154054182
0.2144780885
0.2254388721
0.2157998655
0.2134229432
0.2231356248
0.2190503363
0.2175086155
0.2271571104
0.2261929956
0.2312316552
0.2349740188
0.2246971841
0.2192250615
0.2306289513
0.2337828858
0.2409167335
0.2412613843
0.2356622813
0.2434381070
0.2375939464
0.2639672059
0.2535448116
0.2705327586
0.2876788959
0.2873034444
0.3321757698
0.3271871975
0.3486063047
0.3329563166
0.3763355206
0.3814564669
0.3867626921
0.4031703346
0.4266036384
0.4498658428
0.5367998474
0.5173751119
0.5642152688
0.6022900025
0.5950003677
0.5779099556
0.5696761113
0.5352719371
0.6680715747
0.6876483105
0.6791767128
0.7059513559
0.6961872534
0.6501399679
0.6258710006
0.5976439804
0.6688295861
0.7222267990
0.7412301265
0.7106441453
0.7224506073
0.7706782059
0.7436675773
0.7599048946
0.7483727541
0.7615604058
0.8014453924
0.7647892846
0.8178797306
0.7916127133
0.7875586007
0.7760778154
0.7512331553
0.7760970458
0.7838223081
0.7867190987
0.7611196536
0.8065534076
0.8286519934
0.8153186360
0.8088167586
0.7983804702
0.8087654060
0.8443948188
0.6931776976
0.6917644089
0.7579811593
0.7623919443
0.7875930406
0.8058214980
0.7739635802
0.8254344730
0.8000294605
0.8369953326
0.7537374580
0.8408508439
0.8023963560
0.8498541905
0.6961451978
0.8288794781
0.7982995558
0.7237283474
0.8163176773
0.7754571550
0.8372143090
0.8790034862
0.7881787777
0.8440997664
0.8603452400
0.8138242176
0.8705822847
0.8810904370
0.8687298769
0.8489875961
0.8732891420
0.8619476230
0.8270540981
0.8047901836
0.8618930182
0.8711242221
0.8559487152
0.8423185452
0.8556537248
0.8477049086
0.7895506649
0.8574979223
0.8558398803
0.8690203250
0.8762777433
0.8804911467
0.8420115743
0.8481027730
0.8843015736
0.8965648292
0.8926107895
0.9029638936
0.8985060682
0.8961979034
0.9001470438
0.8783533674
0.8814893527
0.8800075661
0.8194177779
0.8970002403
0.8190737962
0.8655028626
0.8628249152
0.8761870137
0.8617089721
0.8862221176
0.8787504905
0.8379580600
0.8815021747
0.8693400311
0.8304410949
0.8216816445
0.8219681341
0.8755762193
0.8303014461
0.8758858856
0.8841699983
0.8335084342
0.8473203306
0.8853905990
0.8148864349
0.8755286774
0.8782257463
0.8506039898
0.8766322283
0.8675444019
0.8657511804
0.7922583037
0.8501818973
0.8480227094
0.8489991611
0.8681504235
0.8471378302
0.8774805280
0.8638239151
0.8884933323
0.8902179334
0.8868651885
0.8877112022
0.8590847837
0.8366859573
0.7947349231
0.8481042259
0.8094887355
0.8961314544
0.8556862978
0.8902780083
0.8932521684
0.9024914368
0.9088350852
0.8984972223
0.8600364048
0.9012931684
0.8734250431
0.9094636174
0.8572777503
0.9044776518
0.9130417498
0.9098469413
0.9106771253
0.9098989592
0.9198147339
0.9092972060
0.9149185811
0.9166548486
0.9160420874
0.9173277996
0.9158464796
0.9161000774
0.9179202895
0.9185900795
0.9184823088
0.9161620215
0.9148593828
0.9160953577
0.9170238305
0.9153608592
0.9136033478
0.9150672067
0.9142512366
0.9136234601
0.9121597069
0.9119742273
0.9110946126
0.9105666100
0.9067539320
0.9078698444
0.9095885868
0.9107240301
0.9085763738
0.9112698845
0.9074867082
0.9105042420
0.9115604746
0.9102374494
0.9115704338
0.9121705445
0.9140183738
0.9125677700
0.9081654474
0.9118702572
0.9126416276
0.9169972324
0.9205024244
0.9196574726
0.9192355879
0.9210082101
0.9212615794
0.9228843423
0.9203824842
0.9144877344
0.9185974002
0.9127624486
0.9172247614
0.9198326903
0.9196402464
0.9213142261
0.9214205778
0.9193586724
0.9200311824
0.9238696088
0.9238165480
0.9226364511
0.9215170583
0.9187161378
0.9178819667
0.9168373253
0.9126874768
0.9077656100
0.9204824890
0.9203826616
0.9190160793
0.9186445512
0.9188917153
0.9131985872
0.9210032727
0.9187172731
0.9154319212
0.9139374086
0.9190334391
0.9190078790
0.9182548754
0.9210911147
0.9174030023
0.9180621099
0.9212461206
0.9189461736
0.9157407084
0.9158492146
0.9147684927
0.9185233055
0.9215854961
0.9231612125
0.9219064158
0.9197463425
0.9187893566
0.9164776524
0.9156223049
0.9196547031
0.9112434707
0.9148070387
0.9148352872
0.9081039223
0.9126531543
0.9309833261
0.9344558916
0.9303447345
0.9329060790
0.9413901233
0.9452385951
0.9464188169
0.9483277432
0.9440497790
0.9407739444
0.9368084354
0.9436973919
0.9371188201
0.9348448021
0.9296703144
0.9302115098
0.9330884155
0.9271752768
0.9348268608
0.9341216944
0.9345874546
0.9387199208
0.9421533960
0.9330937383
0.9355332653
0.9330848422
0.9321420394
0.9331882222
0.9298296570
0.9292438830
0.9247801161
0.9264780476
0.9257222070
0.9226841920
0.9222498555
0.9241798974
0.9209453108
0.9247632153
0.9167189958
0.9274795725
0.9298967941
0.9360385407
0.9413803080
0.9421778561
0.9437024729
0.9410217524
0.9435227336
0.9443875393
0.9420145206
0.9464075481
0.9484163451
0.9428840415
0.9487381058
0.9512510025
0.9490472465
0.9520192054
0.9538143564
0.9551957534
0.9532926475
0.9552525872
0.9530632876
0.9550494403
0.9595562644
0.9607205579
0.9629623691
0.9636300650
0.9603785734
0.9677924899
0.9688700810
0.9706799720
0.9706687813
0.9682284191
0.9697160555
0.9664123515
0.9691815899
0.9696740316
0.9701267871
0.9683787919
0.9607862004
0.9572340016
0.9659737508
0.9663284388
0.9662462806
0.9638109405
0.9717661230
0.9722216708
0.9718591879
0.9764195613
0.9772889707
0.9768347592
0.9760900863
0.9764335996
0.9759673209
0.9784068681
0.9720687435
0.9835707191
0.9834162092
0.9851877822
0.9884558830
0.9888026024
0.9896644013
0.9897352051
0.9904523008
0.9834942665
0.9910496979
0.9891895081
0.9854108948
0.9789154502
0.9892938204
0.9921659797
0.9890548292
0.9934504847
0.9880231811
0.9935246270
0.9934141074
0.9928968874
0.9929860987
0.9906458213
0.9925761077
0.9901916657
0.9898687988
0.9891659530
0.9867627389
0.9905941283
0.9902995489
0.9868520412
0.9879357791
0.9912360381
0.9873892507
0.9901082108
0.9938257586
0.9927974432
0.9936536880
0.9940843910
0.9942792266
0.9945651798
0.9930833130
0.9935970238
0.9917907258
0.9910721927
0.9929117034
0.9915915726
0.9930912008
0.9921868135
0.9881631709
0.9900814096
0.9904384357
0.9896596690
0.9935560960
0.9910169177
0.9930344815
0.9922336189
0.9929015158
0.9918078709
0.9943381984
0.9930679097
0.9917548974
0.9935514925
0.9910290377
0.9943465540
0.9906149315
0.9907247783
0.9946131646
0.9944304014
0.9930491720
0.9897996156
0.9938279491
0.9918660608
0.9902865299
0.9899568858
0.9910862187
0.9857705456
0.9870625563
0.9890164306
0.9866650793
0.9836491422
0.9885402628
0.9904336054
0.9866353071
0.9812305965
0.9903419754
0.9911230411
0.9907604181
0.9840376890
0.9776283644
0.9734549013
0.9670587770
0.9592963347
0.9498388665
0.9493071828
0.9738614937
0.9788245634
0.9755706468
0.9759499158
0.9767070213
0.9830502959
0.9836168206
0.9805400622
0.9687208239
0.9772690171
0.9698758911
0.9812407427
0.9775838790
0.9802021507
0.9769777827
0.9762288481
0.9738443848
0.9814974783
0.9863859126
0.9787053075
0.9799955139
0.9815250571
0.9827145780
0.9773208889
0.9837062614
0.9880605238
0.9792909953
0.9813801760
0.9862009508
0.9825628580
0.9785010109
0.9760001474
0.9714778772
0.9593972420
0.9723401478
0.9630543205
0.9640293466
0.9775536269
0.9739825234
0.9613151157
0.9693133795
0.9701004285
0.9684798344
0.9633046732
0.9531090945
0.9573118471
0.9626186566
0.9719973810
0.9712547882
0.9731027351
0.9876052401
0.9881969923
0.9897432733
0.9921587883
0.9914405591
0.9906138854
0.9892834614
0.9828260069
0.9836220270
0.9868418126
0.9847908913
0.9866554302
0.9834297377
0.9823095467
0.9785144354
0.9825283560
0.9853175871
0.9815002362
0.9783406157
0.9794667214
0.9804275136
0.9824417523
0.9875644307
0.9831838538
0.9835550004
0.9827949714
0.9839999628
0.9856726459
0.9881165521
0.9884051935
0.9875475506
0.9859873528
0.9873595150
0.9848479018
0.9925585228
0.9924919854
0.9921448512
0.9906850091
0.9876653036
0.9863913957
0.9843106746
0.9840980423
0.9782237211
0.9759536004
0.9826774005
0.9830671563
0.9868293818
0.9917268130
0.9936309773
0.9958581550
0.9961995258
0.9963261275
0.9965384918
0.9967200205
0.9973044388
0.9971250649
0.9961601540
0.9954331170
0.9966031667
0.9965697049
0.9966003414
0.9964892293
0.9965344703
0.9964910764
0.9965733657
0.9964196846
0.9962877261
0.9959145432
0.9959273987
0.9954503058
0.9962416540
0.9954328329
0.9953111063
0.9926170058
0.9939190196
0.9937012923
0.9920503238
0.9928067022
0.9950397096
0.9947312260
0.9957344321
0.9951228014
0.9956847931
0.9957143563
0.9941470084
0.9953639244
0.9953799377
0.9951032439
0.9945999334
0.9948533268
0.9940378159
0.9940786514
0.9939052993
0.9908154696
0.9923577729
0.9931322006
0.9950596581
0.9943465523
0.9934369892
0.9928790813
0.9922541456
0.9948601140
0.9957007542
0.9957154324
0.9953234730
0.9939276412
0.9924225260
0.9929675417
0.9942341032
0.9945364005
0.9955586168
0.9945481538
0.9942391768
0.9942482287
0.9924272409
0.9937016835
0.9932629851
0.9907272055
0.9924752542
0.9942807797
0.9944093803
0.9938890889
0.9862796266
0.9902322603
0.9906052271
0.9871318465
0.9824812284
0.9807688684
0.9856374335
0.9802986993
0.9686599927
0.9620769821
0.9782077127
0.9784793884
0.9845557230
0.9849146786
0.9783850217
0.9866689966
0.9913002564
0.9923220717
0.9916965089
0.9912504838
0.9906931314
0.9885118212
0.9864449798
0.9854791185
0.9854807407
0.9743123193
0.9710268075
0.9675150430
0.9597218630
0.9697003935
0.9503920864
0.9707883653
0.9659725457
0.9707365738
0.9758419218
0.9738732724
0.9801219983
0.9775428145
0.9783877108
0.9778099517
0.9812102643
0.9781787660
0.9823840240
0.9769959608
0.9765351449
0.9716453298
0.9772577277
0.9704595729
0.9676259354
0.9714648349
0.9795656669
0.9870994705
0.9855300793
0.9819616492
0.9898193324
0.9818996020
0.9792471667
0.9807496015
0.9865146655
0.9867577832
0.9816175294
0.9746629132
0.9855531724
0.9791080288
0.9838481375
0.9710947264
0.9733278500
0.9518487148
0.9708616485
0.9660442111
0.9720629875
0.9578180262
0.9343444335
0.9675854258
0.9604108138
0.9565520638
0.9713946435
0.9496966587
0.8904500343
0.9599189964
0.9605258066
0.9670327336
0.9745505561
0.9534387402
0.9465710631
0.9770178379
0.9820006652
0.9789185998
0.9831534124
0.9829222974
0.9793168382
0.9801279542
0.9849661904
0.9783240591
0.9896751673
0.9896342864
0.9026898929
0.9523526441
0.9475860315
0.8696627220
0.9797307677
0.9798189701
0.9538727301
0.9656019765
0.9630460144
0.9685388886
0.9659386269
0.9437785062
0.9484739461
0.6571685588
0.6452289143
0.2230293600
0.1740365700
0.4058720449
0.7104657358
0.1800212100
0.2076422357
0.5648755122
0.6517047021
0.7470217416
0.6120922983
0.8247954363
0.9008000362
0.9117655545
0.8980632214
0.7687310575
0.2256522616
0.5992983019
0.1959102106
0.4930951760
0.8650062919
0.8852429755
0.9037925558
0.9021261264
0.8703214868
0.8895905191
0.8076390865
0.7518011906
0.5350104305
0.8246701726
0.2045756872
0.1895190159
0.1499215349
0.1397186290
0.8351707651
0.8559193082
0.1633435645
0.2342302890
0.8487557158
0.8437505568
0.8845023204
0.7623991411
0.2939476374
0.1407662544
0.2004948131
0.8783561491
0.8070783512
0.7788199143
0.2557294702
0.8761216602
0.6804940930
0.6989046006
0.8347637498
0.8674659220
0.2149262553
0.6688320174
0.8709219410
0.8645201554
0.8704703503
0.8054833587
0.8339514934
0.8630926205
0.7676811849
0.3831074390
0.8148608809
0.8083400433
0.2482545590
0.4723967605
0.1868335909
0.1662680918
0.1778865368
0.2045613692
0.1126462191
0.6937508439
0.6621560354
0.6725474883
0.7791284956
0.7605363650
0.6607350794
0.8173004265
0.8042962054
0.7700615957
0.2113515477
0.7014406717
0.6397674514
0.2980327650
0.7186262359
0.7271349373
0.2204467815
0.3340279335
0.5207474130
0.2809262844
0.2153555517
0.3589653979
0.4965110124
0.2903191023
0.4853554092
0.2613996128
0.5175886073
0.4343136236
0.3466354856
0.3292516388
0.2973582928
0.3598759117
0.2675394776
0.3426280733
0.2813557742
0.2452724128
0.2957454476
0.2200972077
0.2858864125
0.2415863182
0.2183825471
0.2459994317
0.2278973424
0.2443795680
0.2200512538
0.2056350633
0.2192940125
0.2030578497
0.1546781970
0.1869276744
0.1925287535
0.1635779543
0.1606994798
0.1461995994
0.1690772040
0.1858117899
0.1862675607
0.1435205186
0.1564445612
0.1695616286
0.1766148492
0.1800465364
0.1547791804
0.1782159041
0.1663311808
0.1867002192
0.1600982809
0.1816019333
0.1962922783
0.2063914488
0.1807631013
0.1785072404
0.1763047031
0.1857340189
0.1913696146
0.2427931465
0.2293511335
0.2511824749
0.2385111761
0.2391399866
0.2612167613
0.2695224058
0.2521718584
0.2270748586
0.1971730663
0.2139617528
0.2082424371
0.2334028546
0.2223376777
0.2514432587
0.2628007167
0.2831205835
0.1893855021
0.1997742297
0.3046646889
0.2067224417
0.3301174977
0.2687900113
0.2510930130
0.2088627311
0.2274595923
0.2578808808
0.2649565910
0.1941860146
0.1780430456
0.2361650913
0.1870771176
0.2623778876
0.2168227296
0.2031224889
0.2124864761
0.2504937075
0.2081235160
0.1877298921
0.2713114975
0.2321130733
0.1782869368
0.2174951997
0.2105344554
0.2314958866
0.2324529385
0.2463250869
0.2346297732
0.2139251457
0.2551824587
0.2301490587
0.1907683423
0.2282766064
0.2260475526
0.2159744482
0.2027499878
0.2352502827
0.2793522426
0.2017657113
0.2387804647
0.2484105259
0.2448928333
0.2225290193
0.2339029858
0.2629558119
0.2182944896
0.2436068272
0.2501047267
0.2463496611
0.2451416813
0.2369938081
0.2477658659
0.2381009840
0.1966012899
0.2383364714
0.2202274780
0.2342119763
0.2204484973
0.2520586660
0.2448346154
0.2204707799
0.2303083783
0.2631330081
0.2478486528
0.2675767104
0.2805867105
0.2854266763
0.2524395955
0.2598954685
0.2514000058
0.2671174412
0.2545186996
0.3184723681
0.2760154077
0.2863007647
0.2824663166
0.2779652450
0.2845952706
0.2863857758
0.2613862370
0.3007489015
0.3132885820
0.2587650737
0.3045331162
0.2733856245
0.3031994649
0.2810463158
0.2571853247
0.2702163308
0.2696360932
0.2416938072
0.2351028372
0.2716567657
0.2999077400
0.2408288291
0.2500181253
0.2452837847
0.2770254404
0.2359242379
0.2393824689
0.2485947785
0.2625517674
0.2420040288
0.2360432613
0.2642854596
0.3062126219
0.2494850654
0.2628232976
0.2282711072
0.2608933171
0.2492706557
0.2334689229
0.2281127157
0.2225877577
0.2213168285
0.2284340279
0.2243084400
0.2625088983
0.2286583295
0.2506116984
0.2385693182
0.2242398704
0.2134809512
0.2159812283
0.2422751222
0.2391094268
0.2558990648
0.2628726957
0.1904434615
0.2642700144
0.2278235032
0.2434396700
0.2301016579
0.2279719444
0.2262808562
0.2722582347
0.2606470446
0.2477952410
0.2110546869
0.1854019164
0.2192813681
0.2032223260
0.1968138506
0.2150068395
0.2115982646
0.1754664563
0.2092017294
0.1878662294
0.1818059077
0.2161865853
0.1910497958
0.1942252962
0.1958958287
0.1558949863
0.1462454561
0.1689808998
0.1520629288
0.1595839164
0.1522589544
0.1960970679
0.1698701603
0.1594633080
0.1410889956
0.1432674645
0.1556909537
0.1558948646
0.1615447870
0.1523931872
0.1641762074
0.1511327419
0.1695755230
0.1734036680
0.1465388840
0.1754478013
0.1648835021
0.1428162872
0.1593806277
0.1700235268
0.1419571713
0.1600054468
0.1724752363
0.1562069949
0.1634033641
0.1791346383
0.1740922424
0.1555052236
0.1510553305
0.1316212328
0.1366963445
0.1747923284
0.1820297806
0.1638631881
0.1333067194
0.1365816345
0.1558307265
0.1753059800
0.1771266024
0.1585019574
0.1585580141
0.1546096999
0.1647039668
0.1423312954
0.1350947975
0.1526527359
0.1495053206
0.1542140539
0.1604857820
0.1461656449
0.1564262206
0.1587796521
0.1532102851
0.1611413834
0.1642675674
0.1609110341
0.1702027493
0.1481142282
0.1565001498
0.1670926494
0.1692113909
0.1567235515
0.1608495958
0.1526143385
0.1561760068
0.1504326470
0.1646419261
0.1600562081
0.1597963491
0.1659516055
0.1737118308
0.1608949738
0.1453549868
0.1634698849
0.1565649057
0.1643112765
0.1407963546
0.1410676233
0.1491224679
0.1613815290
0.1673944840
0.1591316710
0.1594016057
0.1442987178
0.1562102184
0.1785049726
0.1596692758
0.1585756139
0.1633206340
0.1615293289
0.1542461270
0.1623681549
0.1692740337
0.1497885710
0.1681519392
0.1578851845
0.1504921809
0.1543214453
0.1476585581
0.1562733033
0.1497529826
0.1383673426
0.1364588068
0.1349474969
0.1411238259
0.1604392338
0.1528219924
0.1480409287
0.1470448105
0.1562375154
0.1661504403
0.1686878143
0.1782017736
0.1897908651
0.1909974108
0.1868847530
0.1803238738
0.1947551760
0.1895443182
0.1981203701
0.2019784317
0.1916091096
0.1972830857
0.1935951302
0.2000160320
0.2086452702
0.2200673286
0.2359393470
0.2293855661
0.2367593711
0.2446156917
0.2831552463
0.3014243035
0.3033948811
0.3544494478
0.4056199023
0.3922659503
0.3873907380
0.3894318595
0.4160010648
0.3948916853
0.4970077869
0.4788822070
0.5150034278
0.5723495299
0.5008071628
0.5720133998
0.5853715595
0.6015417169
0.6978894369
0.7149740924
0.7431298664
0.7821603288
0.7693829673
0.7922545000
0.8494552622
0.7919629551
0.8359708751
0.8642386161
0.8876273474
0.9165796798
0.9085629482
0.9139219882
0.9125049993
0.9306150842
0.9216137211
0.9368846775
0.9456941851
0.9581211583
0.9655508691
0.9647864210
0.9660123434
0.9706213443
0.9769956419
0.9796701145
0.9832313616
0.9847933572
0.9863306868
0.9859036225
0.9869600739
0.9868074835
0.9877958917
0.9895267974
0.9873021228
0.9913892792
0.9776247248
0.9890149211
0.9925781081
0.9920512647
0.9920397561
0.9937177726
0.9947421313
0.9936716799
0.9924144312
0.9942642710
0.9903011076
0.9926274954
0.9917802257
0.9927852091
0.9926630665
0.9915741357
0.9951473670
0.9930869881
0.9932141813
0.9931576863
0.9924824988
0.9933238785
0.9945639977
0.9867601724
0.9912682032
0.9940679855
0.9946351983
0.9931686601
0.9942757635
0.9957186721
0.9931047949
0.9943364951
0.9937050016
0.9918034172
0.9956412613
0.9935301320
0.9943703412
0.9960536849
0.9949188797
0.9805161155
0.9849715108
0.9921863568
0.9943990498
0.9854473194
0.9943490558
0.9918475330
0.9948470304
0.9916097807
0.9900553828
0.9945557997
0.9943737427
0.9961134788
0.9962967793
0.9944685524
0.9937872288
0.9931367504
0.9957030320
0.9942254669
0.9943215339
0.9948229381
0.9958166063
0.9953091871
0.9945186316
0.9927648646
0.9939404262
0.9946848338
0.9951670514
0.9942612965
0.9929869700
0.9948406365
0.9950333909
0.9932614487
0.9920598617
0.9927238773
0.9917882579
0.9936950734
0.9916292115
0.9897820371
0.9909705779
0.9909610853
0.9840782283
0.9896053576
0.9910201121
0.9894049549
0.9909467650
0.9920467644
0.9912865609
0.9917050404
0.9937767290
0.9932967413
0.9939255334
0.9937576069
0.9928560036
0.9933910353
0.9940516629
0.9943241759
0.9941812366
0.9936387916
0.9937407403
0.9939483794
0.9931079628
0.9937426063
0.9936871228
0.9933786810
0.9948134779
0.9949844401
0.9949555591
0.9946901948
0.9947861603
0.9952964463
0.9945721073
0.9946057588
0.9907789639
0.9929910195
0.9939113077
0.9953623708
0.9948838753
0.9941294259
0.9945460151
0.9933980269
0.9950212931
0.9954888146
0.9937332866
0.9944221774
0.9952165181
0.9947150615
0.9956304342
0.9954466553
0.9953140245
0.9943068269
0.9956193266
0.9963709554
0.9955667479
0.9950604836
0.9947401238
0.9937294593
0.9943243813
0.9940385171
0.9941181741
0.9933601904
0.9919994602
0.9886545834
0.9903931613
0.9931494490
0.9940511232
0.9920176617
0.9940776048
0.9949765813
0.9945524097
0.9946531084
0.9951790482
0.9944853017
0.9932058294
0.9953847668
0.9760938742
0.9667215029
0.9665088329
0.9076743925
0.8648079981
0.8462270310
0.7407911842
0.7188353277
0.7269958585
0.7979848589
0.8233927940
0.8191547445
0.7949136572
0.8310836124
0.7582741443
0.7154815134
0.7375883565
0.7613952830
0.8066961997
0.8454810352
0.8146743344
0.7793203555
0.8488468508
0.6092530266
0.6884608245
0.4369677574
0.4460962841
0.4584385233
0.4740773785
0.3599661745
0.5833001879
0.8427100618
0.8190407241
0.8884206599
0.9011863679
0.9062202527
0.9146163311
0.9340675752
0.8766250039
0.9241654944
0.9577151497
0.9682757228
0.9704920596
0.9781303078
0.9741317620
0.9517254397
0.8946279628
0.8970337552
0.9015713179
0.9010047696
0.8585410748
0.9375275942
0.9467433753
0.9550082415
0.8956558210
0.9014881046
0.9327293759
0.9246630216
0.9477663155
0.9155086434
0.8446658201
0.9063815755
0.8088029693
0.6763111895
0.8322289340
0.6230243549
0.3258179629
0.6338747380
0.5931749512
0.4513205940
0.4791781310
0.4610011822
0.5317891977
0.3760487260
0.4309423970
0.3014493746
0.5806841441
0.4839705675
0.4053660854
0.4445301371
0.2709594009
0.2358309960
0.3111535307
0.2811496982
0.5109152856
0.3407179345
0.4616889690
0.7864975699
0.8323316467
0.8646571541
0.8790028965
0.7475134529
0.6724927647
0.7069318952
0.7777983132
0.2066614094
0.4050024141
0.4140452449
0.1610635403
0.1851920688
0.2697128937
0.2640817971
0.3094370274
0.1652952529
0.6722816731
0.2269180517
0.5128422077
0.1600310825
0.4325631441
0.6568696858
0.5179368129
0.7872963550
0.8887858081
0.8820661853
0.8210997485
0.8982634673
0.8943834154
0.8928774161
0.8817307374
0.8923670961
0.9050353925
0.9097213618
0.9130110037
0.9127501338
0.9033247756
0.8934325712
0.8832836247
0.8827067541
0.8197720730
0.8593895329
0.7821879311
0.8014017064
0.8604296183
0.8175566979
0.8590127853
0.8153240652
0.8487055665
0.8638146325
0.7918816934
0.7941703141
0.8621167600
0.8598312800
0.8750291500
0.8741393100
0.8670720500
0.8630736500
0.8162254100
0.8433469000
0.8518564200
0.7955808100
0.8338803700
0.8339743100
0.8313286900
0.7883527900
0.8484698600
0.8539692200
0.8690503900
0.8410817400
0.8749235300
0.8753432100
0.8772195600
0.8788063600
0.8777371700
0.8786208700
0.8778137000
0.8788560700
0.8783244500
0.8791262600
0.8792682300
0.8789732500
0.8786779100
0.8780239900
0.8785425500
0.8784046800
0.8786640200
0.8791748900
0.8793919100
0.8790401900
0.8789247900
0.8791932500
0.8793165700
0.8788920100
0.8787875800
0.8773676800
0.8782143600
0.8766191100
0.8787175500
0.8741040900
0.8777591000
0.8784116600
0.8783720200
0.8776041900
0.8757352900
0.8762987300
0.8777115400
0.8768185400
0.8782654500
0.8753305700
0.8782221700
0.8624664600
0.8768456600
0.8703633000
0.8762286900
0.8772810700
0.8769068200
0.8642671800
0.8666286500
0.8712546900
0.8546663000
0.8547095700
0.8638025600
0.8494663501
0.8561099409
0.8691675602
0.8734089287
0.8627828345
0.8775293670
0.8801506019
0.8739148761
0.8762370796
0.8811566376
0.8717362904
0.8827879300
0.8785996501
0.8783725649
0.8794630971
0.8842530870
0.8868169957
0.8835232592
0.8883806616
0.8852439653
0.8879174976
0.8880267913
0.8890426917
0.8869701420
0.8850535372
0.8864441957
0.8875230246
0.8877014179
0.8866602231
0.8868394917
0.8880771892
0.8891068606
0.8881717027
0.8865153071
0.8862194108
0.8839103709
0.8815501484
0.8845411154
0.8734059233
0.8996503727
0.9089542951
0.9226377249
0.9390646406
0.9416367087
0.9557462170
0.9651714928
0.9666117996
0.9732187992
0.9765658511
0.9815918000
0.9832194010
0.9846036629
0.9868192804
0.9871903151
0.9853494443
0.9851446232
0.9870636636
0.9890496320
0.9901199527
0.9920273144
0.9910661628
0.9930856521
0.9921242795
0.9924101060
0.9923287248
0.9948129459
0.9943119762
0.9948096866
0.9944541981
0.9947769754
0.9958363665
0.9956432968
0.9961043664
0.9951292553
0.9949074737
0.9952400890
0.9949387102
0.9954058150
0.9946350210
0.9943129664
0.9925439711
0.9925238611
0.9932719301
0.9930752867
0.9941271082
0.9946249953
0.9913222108
0.9912888933
0.9884840829
0.9865835618
0.9884555891
0.9878253963
0.9891408968
0.9893025151
0.9902315882
0.9906396963
0.9879774581
0.9894707712
0.9916095848
0.9885206621
0.9876453361
0.9826426095
0.9879907369
0.9808872611
0.9811659058
0.9813895338
0.9851774505
0.9833463049
0.9906359654
0.9892256733
0.9910897197
0.9924798102
0.9946033254
0.9943668974
0.9945257527
0.9952530427
0.9957186795
0.9961777486
0.9959021757
0.9959208192
0.9960844984
0.9965494401
0.9967149046
0.9967528791
0.9969836802
0.9970123532
0.9969945751
0.9968822396
0.9969916467
0.9970024475
0.9967834765
0.9969507550
0.9967669836
0.9967298146
0.9969264847
0.9969232442
0.9969317608
0.9967963232
0.9964067840
0.9967628281
0.9966987017
0.9965224036
0.9963599238
0.9964390082
0.9965135295
0.9963257648
0.9963856580
0.9963345714
0.9960292188
0.9956038039
0.9950827832
0.9953560826
0.9954665333
0.9956663132
0.9957661379
0.9959703374
0.9957758634
0.9963668597
0.9964201673
0.9965384611
0.9964471378
0.9951508954
0.9956553944
0.9964364968
0.9962203561
0.9960411497
0.9960942622
0.9954383258
0.9963772540
0.9953917990
0.9960787598
0.9962087478
0.9954337203
0.9958611474
0.9955237873
0.9953352511
0.9948269429
0.9925817219
0.9923585548
0.9930886757
0.9920604729
0.9925637958
0.9942287165
0.9938088541
0.9929624457
0.9923136886
0.9931802395
0.9933032306
0.9914588928
0.9922456912
0.9932269904
0.9933088727
0.9915524119
0.9921328407
0.9917332634
0.9895255857
0.9931134270
0.9917912288
0.9940659100
0.9937696832
0.9925329785
0.9930316733
0.9928906977
0.9949330277
0.9941761633
0.9929125944
0.9943471858
0.9955640279
0.9942500384
0.9945537092
0.9947066989
0.9952483210
0.9955882009
0.9950230191
0.9942850191
0.9936964016
0.9939151742
0.9938028217
0.9926682782
0.9924961286
0.9932357872
0.9943935707
0.9952729879
0.9944031995
0.9950068380
0.9956128826
0.9954080556
0.9962499691
0.9951024222
0.9941657642
0.9945678977
0.9940538988
0.9948643871
0.9953473207
0.9960131053
0.9958945037
0.9956243126
0.9960606484
0.9959023551
0.9960131451
0.9956882549
0.9961635371
0.9966638743
0.9967134312
0.9938125779
0.9960077835
0.9940388896
0.9951544263
0.9895788133
0.9908749006
0.9927751962
0.9952009178
0.9970463257
0.9965605921
0.9971183971
0.9968721277
0.9964313721
0.9969072078
0.9967159145
0.9970765987
0.9970312619
0.9973966319
0.9970521855
0.9968578759
0.9970273795
0.9965361655
0.9962571180
0.9962078234
0.9965917942
0.9965205569
0.9968836272
0.9966833008
0.9967942382
0.9961607089
0.9964159560
0.9964166769
0.9962513213
0.9965437706
0.9962713644
0.9959970265
0.9957628495
0.9964826113
0.9961197089
0.9960562865
0.9963285559
0.9962747407
0.9958547049
0.9961371273
0.9964903858
0.9959555813
0.9957395142
0.9958243398
0.9951575270
0.9951205902
0.9954978569
0.9951741158
0.9957503320
0.9960384744
0.9950831309
0.9955203189
0.9925858101
0.9904693999
0.9923914558
0.9917117507
0.9925440471
0.9927368803
0.9928241744
0.9931980451
0.9933861154
0.9942706794
0.9951407658
0.9944756141
0.9949197137
0.9950126527
0.9951901970
0.9946932077
0.9945005273
0.9941272408
0.9929033480
0.9926622731
0.9905359098
0.9890225056
0.9842308510
0.9833188557
0.9829869156
0.9809566994
0.9802566237
0.9801700709
0.9790018467
0.9819572100
0.9778644384
0.9763226472
0.9792498545
0.9744384429
0.9707058336
0.9579618525
0.9513191777
0.9807064419
0.9886449735
0.9910653883
0.9917672551
0.9917473252
0.9921878515
0.9910118475
0.9901674998
0.9852899467
0.9871979889
0.9910080714
0.9914379951
0.9920060341
0.9936259451
0.9933971807
0.9925373044
0.9860111581
0.9898235268
0.9942261150
0.9954232255
0.9950393041
0.9942647980
0.9935061210
0.9906354441
0.9831639322
0.9820254046
0.9822559720
0.9803408785
0.9854370642
0.9874981803
0.9881071076
0.9812351193
0.9846859583
0.9765727286
0.9618021020
0.9619044934
0.9593771539
0.9888223722
0.9940447020
0.9934690703
0.9946470275
0.9942020617
0.9886872626
0.9877090200
0.9849896731
0.9759787966
0.9506243288
0.9066084989
0.8903291038
0.8753681326
0.9092247705
0.9329735784
0.9626572363
0.9365609100
0.9226704403
0.8516666248
0.9488916150
0.9530659638
0.9449318502
0.9618950308
0.9629465511
0.9691171073
0.9868436704
0.9855486634
0.9847961452
0.9798515280
0.9769004726
0.9703686199
0.9654663934
0.9555383955
0.9487584036
0.9165251022
0.8409913177
0.7938579309
0.7883803150
0.7457423040
0.5926060092
0.6518216997
0.5455607878
0.4920871552
0.5267802976
0.5881854896
0.5861075021
0.5411585273
0.6661064225
0.7221526417
0.8099826012
0.8647223378
0.8480711453
0.8730756420
0.8841043250
0.8846237678
0.8935609144
0.8980743038
0.8961926043
0.9035308936
0.9052062559
0.9087229269
0.9143158347
0.9124476166
0.9167195845
0.9093829223
0.9154005562
0.9070743933
0.9030214927
0.8844871697
0.9030657593
0.8090240236
0.8214108092
0.8045978443
0.7308144682
0.7231886141
0.6631738195
0.4762903925
0.3980833066
0.2994856203
0.2969127177
0.2522433367
0.2646068130
0.2595379936
0.2899253781
0.2675046082
0.3224137441
0.3385484511
0.4773218580
0.4462016167
0.5108398495
0.6436167070
0.5939965531
0.6144075841
0.6544478801
0.6401519007
0.5559865493
0.4386483921
0.5352126264
0.5778016393
0.5130277510
0.5772069173
0.6399473626
0.5399670419
0.5562078156
0.5279918229
0.5370198432
0.5211106474
0.5214484105
0.4699523299
0.4688547146
0.4493544337
0.5015867506
0.4615100384
0.4796237197
0.4730444996
0.4744707189
0.4707369577
0.4737276987
0.4880965537
0.4881305144
0.4862907939
0.4916889496
0.4757284534
0.4896732160
0.4838128943
0.4796120814
0.4798352066
0.4825074282
0.4849599452
0.4803500871
0.4670409770
0.4849569647
0.4771505292
0.5020033745
0.4949340184
0.5187501112
0.5115465289
0.5606442670
0.5454093249
0.5801900343
0.6058192365
0.6000191771
0.5763793522
0.6053747175
0.5908382365
0.5556484544
0.5559327647
0.4969304866
0.5076347094
0.5192929050
0.5234585796
0.5209951111
0.5269973451
0.5194483489
0.5103108769
0.5303377968
0.5276736094
0.5304560854
0.5343947169
0.5644475503
0.6053320095
0.6149007834
0.6418105057
0.6186204753
0.6624576428
0.7162859150
0.7736875777
0.8471602066
0.8781235719
0.9077636961
0.9057998152
0.9077765324
0.9182018782
0.9186741484
0.9347081687
0.9550031065
0.9526130444
0.9712203993
0.9781624826
0.9764109047
0.9818473200
0.9817876154
0.9785173359
0.9807873562
0.9814707713
0.9818959838
0.9801354021
0.9813191979
0.9796961714
0.9787936064
0.9780062186
0.9724803320
0.9710991969
0.9643566244
0.9603495901
0.9324006508
0.8970734323
0.8196052073
0.8307781929
0.8736410448
0.8950875386
0.9166540471
0.9350890169
0.9307091723
0.9360770672
0.9295780954
0.9140251919
0.9183846286
0.9181528490
0.9018359590
0.8693663162
0.8684403880
0.8859485563
0.8819242391
0.8609649583
0.8619179372
0.8682906992
0.8372416748
0.8569954417
0.7056629925
0.8907102653
0.8969406781
0.9054363296
0.9108167891
0.8964235331
0.9088846230
0.8658415010
0.9270164059
0.9382779040
0.9391090657
0.9374134215
0.9439333726
0.9437506393
0.9456800207
0.9382819414
0.9430462143
0.9360774848
0.9369087629
0.9310514122
0.9098459189
0.9283064232
0.9131792812
0.9109194023
0.9191504130
0.9048725125
0.9148237222
0.9020289635
0.8942171923
0.8883339806
0.8883372727
0.9064307109
0.8919822793
0.8543038015
0.8882867804
0.8911322354
0.8979631443
0.9061781763
0.9078544251
0.8967195063
0.8931924218
0.9121383099
0.9123682817
0.9133608347
0.8909128839
0.9165527973
0.9165579371
0.9179685537
0.9146226644
0.9189918923
0.9231454721
0.9239138596
0.9242036650
0.9329718140
0.9341353643
0.9345665530
0.9332252321
0.9348152615
0.9329787795
0.9340819955
0.9334191414
0.9337293071
0.9391630214
0.9420948604
0.9474174363
0.9497048391
0.9552378247
0.9556756189
0.9596555107
0.9647160425
0.9684040926
0.9700874560
0.9745637966
0.9767182290
0.9729042638
0.9810528802
0.9812323167
0.9797427855
0.9800169122
0.9789774111
0.9757969301
0.9725012705
0.9683003448
0.9755433054
0.9720531574
0.9697702703
0.9679064172
0.9709435209
0.9723057571
0.9724750496
0.9721077786
0.9711328665
0.9724905041
0.9711369839
0.9724190360
0.9711502421
0.9704903340
0.9722545974
0.9713970325
0.9737096456
0.9783478065
0.9799179292
0.9817107070
0.9829358866
0.9868041216
0.9883837868
0.9897708624
0.9902708296
0.9914108024
0.9922500856
0.9923181322
0.9922975587
0.9925367804
0.9938233001
0.9948690530
0.9948040393
0.9951721495
0.9894802961
0.9941828144
0.9956417562
0.9955819247
0.9956652552
0.9954087190
0.9940807245
0.9949539921
0.9950308103
0.9933621336
0.9938841922
0.9932704604
0.9919039858
0.9894076469
0.9839371532
0.9754472702
0.9738238748
0.9728648557
0.9715222970
0.9702146368
0.9697109128
0.9734699615
0.9763224872
0.9617703649
0.9552260218
0.9488863358
0.9891593526
0.9903800343
0.9947332789
0.9927286150
0.9949046091
0.9957736553
0.9954600910
0.9930662573
0.9928403040
0.9917295885
0.9879594654
0.9891399800
0.9792703930
0.9794458268
0.9596019258
0.8874384006
0.8550331950
0.8050913685
0.7185239180
0.7790419792
0.9396518340
0.9325085474
0.9135829469
0.7226936956
0.9445454745
0.9072704661
0.8968696753
0.8074766134
0.3376034295
0.3864981853
0.8399608446
0.6974545494
0.8297806398
0.4084502799
0.4279761491
0.4491252445
0.5320892912
0.8081559282
0.5998303488
0.5851805958
0.6149818993
0.4488520118
0.5453994498
0.3573641831
0.3452913385
0.3785438077
0.2808799498
0.3009940123
0.2178875953
0.3079206659
0.2809714813
0.2751609769
0.2386993697
0.2805441628
0.2568209985
0.3106766008
0.2595223235
0.2961334731
0.2581573221
0.2842156191
0.2727436431
0.2545513416
0.2621802692
0.2728082417
0.3054003388
0.2296768154
0.2229281975
0.1913441464
0.2226633316
0.2092348778
0.1962048939
0.2137468007
0.1917243709
0.2019181919
0.2129376124
0.2572499770
0.2176687618
0.2245091449
0.2575605618
0.2856724099
0.2807343986
0.2215127058
0.2200592225
0.1993500684
0.2140411098
0.1933056157
0.2296827869
0.2074938886
0.2185829985
0.2033030362
0.2020044963
0.2081674908
0.2108030103
0.2148178029
0.2169092600
0.2424565179
0.3052687416
0.3081118320
0.2960576537
0.2916541277
0.3260038163
0.3670218430
0.3243136969
0.3952373589
0.3972503893
0.4465350063
0.4308680186
0.6230414111
0.6854639447
0.7899353203
0.8986798498
0.9158970123
0.9259635693
0.9333181231
0.9403478800
0.9438845735
0.9457320068
0.9521529257
0.9554755628
0.9576108289
0.9611941038
0.9657373981
0.9706535128
0.9737916408
0.9770147189
0.9798626063
0.9818689947
0.9836203311
0.9850951295
0.9862080778
0.9867587233
0.9866742551
0.9894112886
0.9905201156
0.9912104589
0.9905686263
0.9927291307
0.9917037997
0.9912703829
0.9934236926
0.9930656116
0.9935129779
0.9942411104
0.9937533738
0.9936606452
0.9931991919
0.9922385711
0.9456356548
0.9795739236
0.9482724809
0.8938785209
0.8949142181
0.8213214203
0.8606702755
0.7599260671
0.7172729865
0.6812108420
0.8489762113
0.9306710797
0.9317780930
0.9074676909
0.9136852048
0.6750901820
0.7435726093
0.7924491593
0.8901943635
0.6090796683
0.6821757852
0.6125099614
0.4340478943
0.9015977449
0.7007649643
0.7888896451
0.7774246143
0.7111546232
0.6841208290
0.5376207530
0.7007725573
0.9073014380
0.8268071183
0.7753538904
0.8721493414
0.7549356316
0.5801382795
0.5609187189
0.5313273991
0.5598390540
0.4920828043
0.6904415759
0.4899533892
0.6015637182
0.7695699713
0.7846425800
0.8364458700
0.8586457400
0.8482364500
0.8673094000
0.8658865700
0.8629515800
0.8545172900
0.8527632400
0.8528261800
0.8200138300
0.8296868800
0.8178726500
0.8315531700
0.8397872500
0.8242889700
0.7886072400
0.8200584700
0.8629679100
0.8673986200
0.8648655599
0.8732761850
0.9163829676
0.9281548969
0.9399800315
0.9468134781
0.9526806636
0.9587310491
0.9603845940
0.9758651751
0.9804348031
0.9832518273
0.9859859262
0.9871667999
0.9864311596
0.9897545401
0.9900136573
0.9917495134
0.9921580012
0.9929888028
0.9925972965
0.9926809816
0.9924212741
0.9934074343
0.9924467402
0.9906821282
0.9921315333
0.9939047403
0.9925930695
0.9936630315
0.9939549744
0.9943745662
0.9942792206
0.9947913431
0.9948733240
0.9926216198
0.9908816423
0.9937483443
0.9943558758
0.9941430996
0.9933709316
0.9909617965
0.9931419722
0.9919047945
0.9931876161
0.9903035264
0.9861237101
0.9905693070
0.9871870637
0.9891081408
0.9895698809
0.9902647543
0.9914386780
0.9932915447
0.9938767578
0.9938294900
0.9933701955
0.9957999632
0.9950095537
0.9958006047
0.9962894574
0.9946699448
0.9928069106
0.9925035602
0.9912651414
0.9864486392
0.9917898606
0.9884055460
0.9896283309
0.9919726056
0.9905512909
0.9904662342
0.9905197489
0.9951347351
0.9904971708
0.9935087215
0.9909765229
0.9849985153
0.9811342726
0.9904401906
0.9923873111
0.9928270201
0.9946774489
0.9952046217
0.9965422576
0.9966288489
0.9966121974
0.9966360392
0.9964582205
0.9959214935
0.9962179645
0.9958837883
0.9959408251
0.9947501672
0.9949819783
0.9940984730
0.9921963198
0.9929389743
0.9916716334
0.9908396610
0.9913526122
0.9919595735
0.9915457334
0.9896199801
0.9923285022
0.9899311625
0.9880233064
0.9890575313
0.9906362515
0.9917680924
0.9921432761
0.9948978187
0.9940799183
0.9935503886
0.9943567639
0.9958260163
0.9960400843
0.9970678646
0.9960897143
0.9970581753
0.9973128631
0.9972938842
0.9968866951
0.9970722054
0.9968837392
0.9971935443
0.9968682977
0.9962084077
0.9947954939
0.9926822167
0.9931378205
0.9891741952
0.9864339833
0.9784662925
0.9470486070
0.9567935127
0.9493077152
0.9161386357
0.9258745656
0.9501289317
0.9438938731
0.9693255100
0.9616580535
0.9784806176
0.9842277397
0.9897497780
0.9869763473
0.9881478648
0.9876855170
0.9872030555
0.9916964087
0.9919841591
0.9941321218
0.9929172898
0.9948314538
0.9947314878
0.9945919209
0.9931524524
0.9873656970
0.9857828588
0.9831643123
0.9766161823
0.9738058846
0.9735669095
0.9714879761
0.9696492589
0.9691372119
0.9695337442
0.9689667484
0.9670564317
0.9661026952
0.9637192628
0.9639254377
0.9621420064
0.9647071741
0.9679002104
0.9688008978
0.9711727525
0.9712503473
0.9730305646
0.9735522305
0.9716197513
0.9708142575
0.9731578093
0.9730127890
0.9716547421
0.9694465873
0.9689248971
0.9680128569
0.9683711809
0.9636293622
0.9676050849
0.9605072309
0.9674850796
0.9653248662
0.9627922440
0.9559928454
0.9600558584
0.9578282409
0.9552708792
0.9538413127
0.9441789501
0.9328701043
0.8964744399
0.9002036518
0.8888575842
0.8134390229
0.8574339882
0.8644515740
0.8201240819
0.7295735091
0.8031323549
0.7745953450
0.7777811652
0.7220656961
0.6589458833
0.8134211970
0.8563763125
0.8610374646
0.8658624930
0.8651808685
0.8965938060
0.8245301667
0.8565923944
0.8422994109
0.8790645116
0.8727861790
0.8730674882
0.8457825816
0.8022942059
0.8088502969
0.8048317807
0.7668467064
0.7804900536
0.7496013046
0.7331136061
0.7300314464
0.6995894740
0.6646256446
0.6304394631
0.6145934824
0.6254322201
0.5733441279
0.5872935684
0.5354396734
0.5445139642
0.5223732600
0.5470121583
0.5091594245
0.5057434539
0.5073688091
0.5211707682
0.5292854101
0.5537654725
0.5840672936
0.6125624005
0.5849735629
0.6002507471
0.6060470309
0.6039264932
0.6361366776
0.6589917738
0.7074905400
0.7492346676
0.7743862530
0.7995061475
0.8497244351
0.9048243479
0.9249543686
0.9222305117
0.9320573854
0.9411719531
0.9502138644
0.9636994096
0.9624263611
0.9686444582
0.9766572351
0.9711082785
0.9692960045
0.9752897592
0.9684458366
0.9833036755
0.9819769350
0.9845334098
0.9790395740
0.9823194074
0.9810741880
0.9807877794
0.9815479921
0.9789541885
0.9782873824
0.9782315166
0.9772805764
0.9749444928
0.9738363218
0.9729533169
0.9729520733
0.9721911444
0.9708736624
0.9671185081
0.9669026995
0.9665305234
0.9661348198
0.9669052109
0.9615753824
0.9525481659
0.9504119987
0.9455982723
0.9402199993
0.9449222522
0.9394717854
0.9364204908
0.9322906921
0.9290317746
0.9276741318
0.9242773779
0.9288962783
0.9299263878
0.9257706613
0.9290675933
0.9387217518
0.9385480502
0.9408777005
0.9418187150
0.9445418277
0.9463235199
0.9508687187
0.9500099478
0.9486286277
0.9429542018
0.9398373175
0.9359186673
0.9349535831
0.9280159952
0.9237399342
0.9152259441
0.9197796600
0.9243997791
0.9204777377
0.9169748380
0.9191966124
0.8217298796
0.9148316921
0.8906900572
0.9067418128
0.8659979862
0.8298835465
0.9088843219
0.8878260606
0.8967636930
0.9091959599
0.8918438563
0.8996264672
0.8944304766
0.8326238718
0.9031125081
0.8957860156
0.8777870757
0.8453312858
0.8986154564
0.9080466649
0.8987039520
0.9075571253
0.9125009548
0.9062326231
0.9165932689
0.9127350407
0.9180819041
0.9114066312
0.9048477748
0.9007835197
0.9131786505
0.9198418284
0.9227299402
0.9196189891
0.9226832487
0.9237287144
0.9230198650
0.9251049315
0.9293120704
0.9302473064
0.9337103792
0.9307721791
0.9366938538
0.9400454101
0.9391489989
0.9403232662
0.9467061735
0.9507060913
0.9553453761
0.9581219208
0.9631924225
0.9660952136
0.9667891637
0.9657535685
0.9622169263
0.8728783670
0.7985248942
0.7202692070
0.6785284868
0.6696199760
0.6539029455
0.6727760999
0.6969097847
0.7976579203
0.8739685778
0.9342868524
0.9595508717
0.9720105040
0.9712998367
0.9756073113
0.9818075861
0.9858166666
0.9875826697
0.9900365464
0.9914186396
0.9913580699
0.9921074819
0.9922395141
0.9934790244
0.9945090822
0.9949558859
0.9949204150
0.9947850973
0.9940252155
0.9945997211
0.9942194076
0.9944961793
0.9947146392
0.9931697169
0.9950195499
0.9946030378
0.9945917068
0.9924247753
0.9919917387
0.9929552861
0.9885375336
0.9896683337
0.9908617489
0.9916968436
0.9943793617
0.9910391518
0.9937534234
0.9937120261
0.9925058210
0.9809783194
0.9905173729
0.9815885276
0.9916893180
0.9917520741
0.9907223156
0.9911980852
0.9913233077
0.9794497743
0.9873666694
0.9853085786
0.9792287833
0.9826211444
0.9882928638
0.9883288094
0.9778856611
0.9821878333
0.9836578366
0.9817446710
0.9834200856
0.9725966211
0.9742283535
0.9780321850
0.9732827067
0.9726928686
0.9587670520
0.9567684650
0.9548950691
0.9426784070
0.9493251317
0.9341689322
0.9156269471
0.9406668205
0.9741729664
0.9881181884
0.9893625921
0.9863297047
0.9849701073
0.9943787216
0.9883930179
0.9862548311
0.9853900395
0.9888452984
0.9915752071
0.9793349988
0.9688104170
0.9194442121
0.9323002315
0.6085062951
0.3263879200
0.7693034340
0.3299485591
0.7680250158
0.8254794369
0.8016226132
0.9284458865
0.6036278494
0.9289580996
0.9024769247
0.7914805378
0.4417543954
0.6894496703
0.1786617984
0.8856438409
0.2845954822
0.8129085163
0.3187643504
0.6992819982
0.2792553318
0.3607627022
0.6575349632
0.5228979079
0.3753628032
0.5943701356
0.4287748968
0.6534805708
0.6905490505
0.7518552743
0.6961094999
0.2929432701
0.2103043949
0.7557743932
0.2405841092
0.1575633104
0.1869934058
0.1928893011
0.1370789934
0.2068661822
0.3815918028
0.1551592051
0.1571446366
0.2605023728
0.1083780112
0.1374420810
0.4303706695
0.5842422334
0.3427841630
0.1199597851
0.1890475013
0.2124895629
0.1636987704
0.3346581126
0.2733320590
0.1989375247
0.2333587133
0.1596262184
0.1940985324
0.2225135239
0.2340495875
0.1961090753
0.2048392282
0.1948163803
0.1885018779
0.1707427419
0.1480059298
0.1495849665
0.1525829171
0.1424332301
0.1555658949
0.1475645468
0.1524025858
0.1273327773
0.1605488450
0.1512845190
0.1686552058
0.1933697378
0.1901216296
0.2129416922
0.2062463023
0.1905619188
0.1929133067
0.2040318396
0.2001195017
0.1989094576
0.2213267322
0.2207076294
0.2646686564
0.3281073835
0.3701785636
0.3708878226
0.3525998568
0.3423974216
0.3274936459
0.3301906100
0.3077250642
0.3108895355
0.3116107635
0.2917249180
0.2484583809
0.2716802438
0.2853902236
0.2725841574
0.2826635853
0.2975045374
0.3098235125
0.3040395059
0.3183059046
0.3218542104
0.3192703583
0.3405625653
0.3346607554
0.3385860585
0.3433466493
0.3502709237
0.3501594813
0.3667321464
0.4059504924
0.4208160559
0.4693785829
0.5454466414
0.6277380312
0.7203928086
0.6744933637
0.7076276389
0.7607916612
0.7317187939
0.7078242581
0.6343153948
0.5542962070
0.6147698914
0.5868587894
0.6460163207
0.6256212787
0.4493032080
0.6013141795
0.6359308537
0.5502964918
0.4706953714
0.4671354023
0.4059455459
0.4761918693
0.5253046386
0.4049565631
0.2729490013
0.2975586299
0.7618284508
0.5483798491
0.4303884764
0.7144946665
0.8238087216
0.8760477436
0.8182398142
0.8244687258
0.7524078913
0.9056975496
0.7619873687
0.4036938828
0.4492067219
0.3570928487
0.3600437347
0.4752762713
0.3929709723
0.2750954957
0.2862296569
0.3310125891
0.3680792355
0.4216392380
0.4550694149
0.4864148383
0.4491767511
0.5299973769
0.5566933263
0.5152560865
0.5194423589
0.4499966202
0.5301521524
0.4289466233
0.5907589901
0.5603095090
0.4756390877
0.6042191375
0.4773612224
0.5120286307
0.6404873699
0.8459572970
0.8793731024
0.8980186075
0.9123972156
0.9304407069
0.9414284471
0.9514024714
0.9604476375
0.9648525492
0.9711066806
0.9749418384
0.9793864218
0.9820705861
0.9837390295
0.9859828388
0.9877903584
0.9884590671
0.9887612254
0.9841823101
0.9896483721
0.9897420036
0.9907075394
0.9889631030
0.9865495016
0.9905255617
0.9904689416
0.9892039230
0.9916732713
0.9921844900
0.9935825559
0.9947398147
0.9948944195
0.9953586313
0.9948947610
0.9950785581
0.9945675300
0.9937422727
0.9926119259
0.9899578294
0.9866021826
0.9882163451
0.9899591146
0.9917293237
0.9933421593
0.9930583309
0.9933524405
0.9932174664
0.9931157923
