1.00000000
1.00000000
1.00000000
1.00000000
1.00000000
1.00000000
1.00000000
1.00000000
1.00000000
1.00000000
1.00000000
1.00000000
1.00000000
1.00000000
1.00000000
1.00000000
1.00000000
1.00000000
1.00000000
1.00000000
1.00000000
1.00000000
1.00000000
1.00000000
1.00000000
1.00000000
1.00000000
1.00000000
1.00000000
1.00000000
1.00000000
1.00000000
1.00000000
1.00000000
1.00000000
1.00000000
1.00000000
1.00000000
1.00000000
1.00000000
1.00000000
1.00000000
1.00000000
1.00000000
1.00000000
1.00000000
1.00000000
1.00000000
1.00000000
1.00000000
1.00000000
1.00000000
1.00000000
1.00000000
1.00000000
1.00000000
1.00000000
1.00000000
1.00000000
1.00000000
1.00000000
1.00000000
1.00000000
0.99104816
0.99028230
0.98847908
0.99214280
0.99351597
0.99498981
0.99539113
0.99520504
0.99494910
0.99472249
0.99546272
0.99506974
0.99477464
0.99442989
0.99482828
0.99427480
0.99274409
0.99276888
0.99389291
0.99463177
0.99547869
0.99528259
0.99393094
0.99369782
0.99381542
0.99258703
0.99387276
0.99530292
0.99458045
0.99358219
0.99277240
0.99152583
0.99405092
0.99350548
0.99238682
0.99128598
0.99070346
0.99268806
0.99305820
0.99214232
0.99215573
0.99179626
0.99311805
0.99271905
0.99141252
0.99114567
0.98953199
0.98815697
0.98887247
0.99151260
0.99254930
0.99267209
0.99186909
0.99234480
0.99422258
0.99412066
0.99324918
0.99128342
0.98828715
0.99104893
0.99095517
0.98254955
0.98020798
0.97941613
0.97667658
0.96994781
0.96838111
0.96563941
0.97363281
0.97631329
0.97614700
0.97680306
0.98099273
0.98344755
0.98706645
0.98870289
0.98967159
0.99327433
0.99452496
0.99377370
0.99371016
0.99269098
0.99217987
0.99131811
0.98959303
0.98858964
0.98773640
0.98858005
0.99243152
0.99370992
0.99515718
0.99563342
0.99502146
0.99607313
0.99533087
0.99583530
0.99557173
0.99541086
0.99450994
0.99477440
0.99446589
0.99449641
0.99336535
0.99265432
0.99220121
0.99196094
0.99042058
0.98995554
0.98843575
0.99016505
0.98976445
0.99060702
0.98992795
0.98936266
0.98800802
0.98767430
0.98867130
0.98784208
0.98602468
0.98572820
0.98574638
0.98718798
0.98715252
0.98825407
0.98781371
0.98854059
0.98746997
0.98870558
0.98870635
0.98802245
0.98864716
0.98777741
0.98608077
0.98422295
0.98337460
0.98043913
0.97203833
0.96735406
0.96429414
0.96528751
0.96848673
0.97121495
0.97295815
0.97471946
0.97808939
0.98168933
0.98426384
0.98536497
0.98451924
0.98497403
0.98338521
0.98515344
0.98482543
0.98683792
0.98824304
0.98930955
0.99010056
0.98487616
0.98164088
0.98245203
0.98011029
0.98018920
0.98105639
0.97696507
0.97610122
0.98122299
0.97686607
0.97373474
0.98065817
0.98432052
0.98737621
0.98970431
0.99312806
0.99354529
0.99463552
0.99530667
0.99462646
0.99353516
0.99273795
0.99243176
0.99408495
0.99491787
0.99464071
0.99417675
0.99419737
0.99498051
0.99432737
0.99490213
0.99450231
0.99498570
0.99592078
0.99537188
0.99572986
0.99470216
0.99431711
0.99528474
0.99559361
0.99481946
0.99410796
0.99318826
0.99518412
0.99483335
0.99447638
0.99428385
0.99441862
0.99222881
0.99178493
0.98961592
0.98509467
0.97543132
0.95870203
0.94946867
0.96036965
0.96408558
0.96368456
0.95239204
0.94111902
0.93071634
0.91998810
0.93788034
0.96283084
0.97067577
0.97871017
0.98639917
0.98999876
0.99138498
0.99114603
0.99221218
0.99244225
0.99497980
0.99416029
0.99323237
0.99339104
0.99188930
0.99112064
0.99083459
0.98973012
0.98831123
0.98687953
0.98717588
0.98926139
0.99022466
0.99394292
0.99427515
0.99399215
0.99421978
0.99438596
0.99316883
0.99321234
0.99313968
0.98917645
0.99151039
0.98760593
0.98741686
0.98028493
0.97888732
0.98466265
0.98431015
0.97573912
0.96853495
0.98129153
0.97816443
0.97524810
0.96745235
0.96648681
0.97133732
0.98036730
0.98086071
0.97929561
0.97887427
0.98653293
0.98794764
0.98527306
0.98185056
0.98943090
0.99056214
0.99150461
0.98714870
0.98788559
0.98892105
0.98988932
0.98914766
0.99052924
0.99139762
0.99179900
0.99137384
0.99198723
0.99277437
0.99222893
0.99185282
0.99140781
0.98996186
0.99057823
0.98873353
0.98922718
0.98801142
0.98633748
0.98647213
0.98553759
0.98535246
0.98527598
0.98364657
0.98435092
0.98459911
0.98312700
0.98524737
0.98786563
0.99061781
0.99227071
0.99375618
0.99396646
0.99281973
0.99047220
0.99150026
0.99295866
0.99137199
0.99362904
0.99019778
0.98937958
0.98197109
0.97779715
0.97598517
0.97479445
0.98158801
0.98305285
0.98696893
0.98801619
0.98735607
0.98684180
0.98678643
0.99180883
0.99379313
0.99477023
0.99383026
0.99426138
0.99434078
0.99535000
0.99565166
0.99486828
0.99453706
0.99439597
0.99461102
0.99406022
0.99338561
0.99392736
0.99488813
0.99489599
0.99478662
0.99113292
0.99106556
0.98877084
0.98756814
0.98878646
0.99095094
0.99072790
0.98988378
0.98726660
0.98498625
0.98303926
0.98434365
0.98726976
0.98726583
0.98520780
0.98530871
0.98676550
0.98906648
0.99092484
0.99008346
0.99070638
0.99002832
0.98872399
0.98864019
0.98916769
0.98979270
0.99090272
0.99095017
0.99169803
0.99247026
0.99113995
0.98797065
0.98568588
0.98387456
0.98091561
0.97627980
0.97429478
0.97570169
0.97660655
0.97745389
0.97872865
0.98044592
0.98073727
0.98272115
0.98298186
0.98445398
0.98610353
0.98612761
0.98669827
0.98799884
0.98919642
0.98907965
0.98823696
0.98723221
0.98802990
0.98933583
0.98918182
0.98889136
0.98743397
0.98583317
0.98939055
0.99119592
0.99453837
0.99502832
0.99549991
0.99560612
0.99603444
0.99601388
0.99509299
0.99393505
0.99124289
0.98996979
0.98749894
0.98303705
0.98404425
0.99055535
0.99006534
0.98578566
0.98647040
0.98711652
0.98879427
0.99073702
0.99271107
0.99334598
0.99193054
0.99323833
0.99367744
0.99257350
0.99129570
0.99131000
0.99224150
0.99284500
0.99312580
0.99260700
0.99148977
0.99075693
0.98869157
0.98723340
0.98167360
0.97935438
0.97714502
0.97801346
0.97462034
0.97007084
0.97036856
0.97212237
0.96936911
0.97268188
0.97010034
0.97007018
0.97004759
0.96761137
0.96110469
0.96147281
0.95947999
0.95908862
0.95918554
0.95870048
0.96114916
0.96354485
0.96669877
0.96883619
0.97008789
0.97079563
0.97026867
0.97256833
0.97370082
0.97568011
0.97614825
0.97478628
0.97879547
0.98133391
0.98178679
0.98348665
0.98514199
0.98555630
0.98416823
0.98479384
0.98390365
0.98574299
0.98608321
0.98658085
0.98525190
0.98643225
0.98664838
0.98763847
0.98765290
0.98766488
0.98822194
0.98690343
0.98679101
0.98583734
0.98544389
0.98367786
0.98494351
0.98500699
0.98479533
0.98613131
0.98711580
0.98910391
0.99058050
0.98975861
0.99107414
0.99263084
0.99342221
0.99348891
0.99350947
0.99309617
0.99256492
0.99301368
0.99252629
0.99294019
0.99215382
0.99036425
0.98975730
0.98935390
0.98897356
0.98777932
0.98582226
0.98501915
0.98486447
0.98485631
0.98496175
0.98661077
0.98527193
0.98407412
0.98118478
0.98460048
0.98628938
0.98872644
0.99134189
0.99111557
0.98994923
0.98753536
0.98693919
0.98254091
0.97949243
0.97837824
0.97869569
0.97933733
0.98265314
0.98539954
0.98629409
0.98750311
0.98717332
0.98940778
0.99075621
0.99160075
0.99002099
0.99052924
0.99171937
0.99275124
0.99240714
0.99066973
0.98973244
0.99117029
0.98980296
0.98824918
0.98809308
0.98821217
0.99027270
0.99068964
0.99000311
0.99154496
0.99135613
0.99198532
0.99219173
0.99094766
0.99057186
0.99052215
0.99159509
0.99270284
0.99149621
0.99184614
0.99241650
0.99234080
0.99317968
0.99397004
0.99364835
0.99335748
0.99351221
0.99343830
0.99359024
0.99250644
0.99283206
0.99225581
0.99224734
0.99193370
0.99273282
0.99253792
0.99246478
0.99286944
0.99287486
0.99310255
0.99316144
0.99315006
0.99296302
0.99257785
0.99199283
0.99101490
0.99094754
0.99018139
0.98899698
0.98942274
0.99057311
0.98772764
0.98693627
0.99034774
0.99141723
0.99229723
0.99270928
0.99308854
0.99352819
0.99395645
0.99328375
0.99311841
0.99237764
0.99116814
0.99147660
0.99213976
0.99197465
0.99231029
0.99319118
0.99318612
0.99279118
0.99213117
0.99236310
0.99289411
0.99265504
0.99334091
0.99374372
0.99319273
0.99295479
0.99260086
0.99365658
0.99310368
0.99263221
0.99276924
0.99193609
0.99162626
0.99106216
0.99137783
0.99025917
0.99011713
0.99112415
0.99004209
0.99073231
0.99200660
0.99255425
0.99231368
0.98921949
0.98906112
0.98843902
0.98982424
0.99179274
0.99195486
0.99142468
0.99120998
0.99009597
0.98733288
0.98471510
0.98055398
0.97885466
0.97769725
0.97768301
0.97761893
0.97636503
0.97512543
0.97444296
0.97810775
0.97913033
0.97896498
0.98006183
0.97693789
0.97184235
0.96926057
0.96824872
0.96974844
0.97436845
0.97798139
0.97685677
0.96494883
0.96138972
0.95945191
0.96410495
0.96686935
0.96740592
0.96576089
0.96537495
0.96420884
0.96368676
0.96075571
0.95558131
0.94305170
0.94512510
0.94454736
0.95582676
0.96100944
0.97528732
0.97640568
0.97854507
0.98059213
0.97841978
0.98387086
0.98681462
0.98644406
0.98689193
0.98903030
0.98574185
0.98753452
0.99000227
0.99057204
0.99089360
0.99230123
0.99230582
0.99397248
0.99333572
0.99422669
0.99368423
0.99251562
0.99093390
0.98757541
0.98435771
0.98432469
0.98267478
0.98080015
0.97904944
0.97737873
0.97640890
0.97441971
0.97775936
0.97790980
0.97293210
0.97448695
0.96071059
0.96716088
0.97503370
0.96865571
0.96174300
0.95536715
0.93493074
0.92987823
0.92611378
0.93226177
0.93882269
0.94420052
0.95319718
0.92485666
0.93961078
0.93319124
0.91164768
0.91410267
0.93337584
0.94754004
0.94523489
0.94136381
0.90784806
0.88724589
0.89216214
0.89010090
0.87321663
0.84953338
0.85951549
0.86083776
0.83212590
0.85188907
0.87063879
0.88319582
0.84695542
0.84603751
0.88272583
0.87112892
0.86268914
0.84456998
0.84788948
0.89269429
0.91282701
0.85733378
0.87736666
0.88080525
0.88980913
0.89553893
0.87281215
0.80193979
0.83057255
0.84175694
0.82355583
0.85581660
0.86369514
0.82953626
0.86299908
0.89846659
0.93168545
0.89028394
0.88362378
0.86418414
0.83644980
0.78261840
0.77582765
0.75349486
0.68880332
0.66354334
0.69873238
0.68798184
0.69243157
0.72909296
0.66290808
0.66285348
0.72983271
0.67104858
0.65726525
0.63131362
0.56716138
0.59229356
0.59219921
0.57325852
0.60004777
0.60943091
0.63252693
0.81131834
0.71986949
0.70957589
0.54737163
0.56341451
0.67374718
0.67486680
0.70616871
0.67501354
0.61555177
0.60031933
0.51460373
0.51798093
0.58182168
0.66537470
0.61257041
0.55251735
0.48476511
0.52573204
0.47403881
0.46555027
0.58587724
0.61082095
0.58847362
0.59066737
0.59683967
0.58663476
0.62101662
0.61087680
0.65807360
0.64181203
0.63591635
0.60925829
0.63742977
0.64277834
0.65481341
0.65647888
0.68571883
0.59740782
0.60309875
0.55999738
0.58990562
0.59973216
0.59490848
0.65766925
0.66264093
0.57822710
0.54009718
0.50752378
0.53432012
0.53555745
0.56551117
0.50138551
0.52703136
0.58629411
0.55800861
0.57280123
0.58197439
0.57387322
0.54491878
0.55861324
0.52525800
0.56712085
0.58832037
0.60186583
0.62724054
0.63440388
0.69563699
0.75223643
0.73425126
0.76418281
0.69766140
0.68141210
0.60161334
0.65272707
0.58749676
0.55419707
0.51934069
0.49556094
0.53532249
0.53885472
0.52415019
0.52167928
0.57787478
0.56072158
0.55683506
0.54422021
0.63975418
0.63044971
0.67768335
0.63880670
0.59139585
0.63633317
0.50295353
0.42378673
0.39857134
0.44807288
0.45838186
0.49899751
0.54294014
0.58235121
0.65271926
0.64936060
0.69361490
0.71026093
0.73688793
0.76386392
0.78340423
0.74710500
0.73892498
0.70727599
0.64672929
0.62331992
0.60054284
0.59164566
0.60374665
0.63666153
0.62595981
0.62930602
0.67603797
0.71212530
0.60164165
0.67513752
0.67436475
0.72321934
0.72554410
0.74268228
0.75083214
0.71319723
0.73308569
0.75257868
0.81178457
0.71704835
0.69278008
0.69358569
0.72893059
0.69211966
0.69334757
0.66657078
0.60698920
0.61853290
0.68277675
0.55750370
0.58763742
0.56818867
0.52899170
0.53266841
0.50718063
0.50622636
0.47391477
0.46562377
0.52253401
0.54886919
0.48596638
0.56004840
0.62619245
0.70663583
0.70120627
0.66307867
0.63698274
0.59022790
0.59953761
0.64703506
0.61912698
0.63459897
0.64657837
0.66785562
0.68701118
0.66922426
0.70177555
0.69449627
0.67843264
0.58282268
0.61540234
0.55850577
0.52252877
0.57916188
0.56038356
0.55595028
0.53032494
0.58010751
0.69185311
0.78605598
0.77424389
0.77084816
0.61855489
0.65244144
0.61635303
0.62397397
0.62537748
0.65916377
0.66769612
0.59237558
0.54769385
0.62445515
0.59921592
0.65613288
0.68655998
0.69316107
0.71233273
0.67058909
0.66278732
0.71651781
0.68587512
0.62993520
0.55716747
0.62456316
0.55472398
0.59672457
0.54503107
0.71698546
0.74529010
0.73931009
0.68660545
0.66313791
0.62053591
0.65183580
0.71438241
0.61446035
0.57681316
0.54088402
0.54282558
0.54287589
0.54030186
0.56951421
0.56255525
0.60300493
0.53624785
0.62054199
0.63092637
0.64427161
0.60970145
0.65012938
0.67084390
0.64475614
0.53107107
0.48710927
0.50476551
0.55761206
0.65031528
0.66447109
0.67966676
0.70546925
0.71952170
0.60484463
0.62067795
0.54707086
0.62073088
0.59478229
0.60353386
0.60245705
0.59361035
0.52762097
0.55975223
0.52615863
0.53137243
0.55492139
0.65018737
0.70716411
0.61186004
0.67551386
0.60810453
0.69406831
0.66026235
0.76690364
0.83868915
0.84602666
0.77374262
0.86853147
0.85883254
0.82183307
0.84529382
0.92212206
0.84190267
0.85673469
0.88197249
0.79105788
0.76243055
0.66336364
0.70217240
0.61411721
0.55835754
0.56931531
0.58933049
0.59244537
0.58839524
0.67375302
0.75263810
0.78601480
0.86260283
0.82278734
0.80131513
0.78501433
0.76974553
0.79756784
0.76108360
0.68151516
0.69400793
0.67313683
0.68397868
0.67173731
0.57637703
0.58374321
0.41650108
0.38092035
0.34892622
0.38558790
0.32953602
0.37951496
0.32614669
0.31475109
0.33765644
0.34932545
0.37672094
0.34689668
0.47803676
0.53967398
0.54306757
0.57603955
0.56418908
0.60465920
0.60445094
0.58344203
0.51422703
0.52029479
0.48787010
0.59501719
0.53537029
0.56005073
0.72373241
0.80976015
0.76058078
0.75910664
0.67918676
0.58691055
0.53637117
0.53853559
0.54527259
0.53501654
0.53587425
0.53819484
0.54088378
0.57123286
0.54485559
0.60457355
0.69248277
0.58076596
0.57896632
0.57856500
0.59077877
0.56062388
0.58143920
0.59934199
0.57359755
0.60796732
0.63483059
0.70666277
0.69684517
0.69408387
0.69531929
0.63194364
0.50181860
0.55790657
0.59595221
0.59259897
0.62850779
0.74334198
0.69937873
0.78164339
0.79760396
0.85913485
0.89252627
0.85838395
0.83501804
0.78247213
0.79097176
0.71644932
0.70637125
0.71985024
0.68994838
0.61566430
0.57845438
0.48963484
0.43343708
0.36445218
0.23967303
0.22502872
0.22717275
0.17104924
0.17132680
0.22037838
0.24738047
0.35792506
0.40970939
0.49685043
0.49967059
0.41534457
0.47877875
0.61900973
0.68906295
0.81580716
0.80947787
0.85760647
0.78829509
0.88761425
0.91518921
0.92405456
0.92399514
0.92819184
0.90117621
0.94563413
0.92872870
0.92043138
0.85613877
0.82120860
0.83054626
0.69615835
0.76415014
0.66125393
0.69528860
0.68966854
0.63441861
0.56272388
0.69163948
0.59874928
0.52428365
0.53124452
0.46662298
0.46729317
0.51824301
0.50595409
0.55693173
0.56959963
0.65803576
0.62423682
0.61858034
0.73021126
0.84700298
0.77730888
0.78690773
0.67818487
0.80691594
0.72792298
0.70321429
0.74177963
0.70734239
0.58849883
0.60055369
0.61086345
0.64070350
0.61543781
0.62105292
0.64670837
0.64734393
0.59355825
0.61655700
0.53230041
0.43681547
0.36529213
0.44981059
0.45639646
0.46421781
0.51979142
0.55404085
0.56098962
0.47036833
0.49779487
0.53448302
0.51546597
0.56411463
0.54457504
0.51422805
0.55128783
0.57024670
0.57418340
0.57706922
0.59080511
0.58866739
0.56322163
0.60684109
0.57945025
0.56768733
0.53637624
0.55845118
0.63851768
0.60031348
0.63073021
0.62806058
0.65410936
0.62406880
0.64783561
0.68016034
0.63729233
0.64269966
0.65789598
0.66428572
0.69973820
0.70953405
0.67567652
0.64191568
0.60783118
0.51299763
0.50352359
0.49147561
0.46559137
0.44625723
0.47791484
0.39454153
0.43232003
0.26829249
0.28226590
0.30804905
0.52632862
0.50788713
0.59960830
0.67490160
0.73634976
0.75649697
0.76867658
0.76757342
0.76833975
0.69956338
0.73709947
0.69475436
0.55006146
0.67045635
0.65281272
0.55993909
0.66097850
0.57110196
0.56861484
0.58068329
0.61272782
0.60350507
0.70013881
0.65956366
0.58517456
0.63426274
0.66511506
0.71788722
0.66693664
0.71852511
0.73577589
0.62786710
0.67166281
0.69907749
0.70369267
0.74995089
0.71643561
0.73510355
0.70987177
0.79123986
0.71958405
0.66616255
0.66940612
0.62405396
0.62615079
0.63247710
0.67944175
0.67115396
0.61348093
0.61340290
0.62609512
0.63861740
0.61375284
0.56923741
0.55487037
0.52751213
0.51672184
0.50860727
0.53291011
0.55036324
0.56164032
0.55135739
0.59210825
0.56927007
0.53983337
0.52597594
0.52825719
0.50105190
0.51718515
0.54691416
0.52183467
0.56496507
0.56657743
0.55622941
0.59055269
0.55666763
0.51892823
0.55133420
0.58159691
0.55196595
0.61559772
0.55488300
0.53117400
0.52272886
0.52689481
0.53437197
0.54875660
0.54776603
0.51741356
0.52885175
0.49496999
0.52948135
0.51683486
0.57020652
0.56412095
0.55273181
0.56222397
0.54530799
0.60662758
0.57532310
0.57811463
0.56139952
0.58085996
0.57413131
0.58427030
0.56779730
0.58921945
0.61663383
0.58601040
0.57856888
0.59467000
0.57213831
0.59071368
0.57255286
0.61270249
0.66702086
0.63763589
0.68360281
0.66927421
0.66919261
0.66297406
0.68410325
0.58603829
0.56916481
0.56508946
0.58910108
0.57995015
0.61973357
0.60230827
0.68111557
0.72965175
0.67022204
0.74643260
0.75500947
0.73111176
0.73053950
0.71962845
0.65430534
0.72276258
0.67697763
0.67767292
0.68249112
0.68387628
0.65046191
0.61129338
0.58844233
0.57450616
0.59349775
0.55406761
0.59274149
0.63025004
0.67177939
0.71256095
0.77260464
0.76196492
0.83095878
0.85904551
0.88944536
0.91218644
0.92158747
0.93261653
0.95429552
0.94931978
0.95377958
0.93650293
0.94279099
0.94883043
0.96153772
0.97228175
0.96512026
0.95619732
0.90496504
0.93054599
0.94515342
0.95103675
0.94206113
0.94029766
0.93009937
0.93501419
0.88674599
0.89302719
0.92481995
0.91918409
0.93668759
0.94335258
0.94988650
0.95541984
0.95781684
0.95849520
0.95759380
0.95087534
0.95232964
0.96244133
0.96236968
0.97757542
0.97895598
0.98588181
0.98870635
0.99257785
0.99286556
0.99305177
0.99222070
0.99290365
0.99005532
0.98939252
0.98729324
0.98626572
0.97509903
0.98507917
0.98242700
0.98583490
0.98564315
0.98667693
0.98485631
0.98927593
0.98745060
0.98631918
0.98733240
0.98608047
0.98153198
0.98288625
0.98302817
0.98402888
0.98262149
0.98455483
0.98607081
0.98814523
0.99051219
0.99098712
0.99259961
0.99345374
0.99365211
0.99350280
0.99139005
0.98722178
0.97882050
0.98096013
0.98454422
0.98558652
0.98603362
0.98997062
0.98928201
0.98894984
0.99093378
0.98582989
0.98630655
0.98140109
0.98476070
0.98779082
0.98201597
0.97110319
0.96999007
0.97844553
0.98102343
0.98261511
0.98508042
0.98787105
0.98855245
0.98735690
0.98434478
0.98516375
0.98048061
0.97455513
0.98081470
0.98413152
0.98876590
0.98784667
0.98736084
0.98247659
0.98434639
0.98513007
0.98589629
0.98736471
0.99022597
0.98875988
0.98540026
0.98610979
0.98708296
0.98567629
0.98623252
0.98636127
0.98746735
0.98545420
0.98725116
0.98710269
0.98797333
0.98965305
0.98969412
0.99032098
0.99144554
0.99107271
0.99124724
0.98871362
0.98804361
0.98205793
0.97494614
0.96922171
0.96574545
0.96452612
0.96443826
0.96634144
0.97524536
0.98041552
0.98199159
0.98422247
0.98502314
0.98201317
0.97863024
0.98051935
0.98424399
0.98647541
0.99120468
0.99324119
0.99261814
0.99398106
0.99336362
0.99331516
0.99239254
0.99248111
0.99222577
0.98923254
0.98916072
0.99149758
0.98880428
0.98937780
0.98642427
0.98268443
0.98056740
0.98517978
0.98654568
0.98761779
0.98947400
0.98886579
0.98912853
0.99041170
0.99119908
0.99276912
0.99338806
0.99352682
0.99420655
0.99334115
0.99322528
0.99319953
0.99179018
0.99263304
0.99329185
0.99220335
0.99311501
0.99169171
0.99197781
0.99335206
0.98641717
0.98808134
0.98986059
0.98838145
0.98615199
0.97992903
0.97776824
0.97848916
0.97041130
0.97171062
0.97725552
0.96362364
0.95904553
0.97023922
0.97348672
0.97851986
0.98327231
0.98258924
0.97871071
0.97973037
0.97300142
0.98149925
0.98640490
0.98659539
0.97771662
0.96615690
0.96794713
0.96390581
0.96829301
0.97205532
0.97731644
0.97676951
0.97773874
0.97476834
0.97555804
0.97519469
0.97338110
0.96629810
0.95910275
0.95505512
0.95800906
0.96605664
0.97881395
0.98125529
0.98770708
0.99040937
0.98994094
0.98753268
0.98676527
0.98924506
0.98603004
0.98189628
0.97248751
0.97153759
0.96254128
0.96422696
0.96916491
0.96762329
0.97007430
0.97273076
0.97996497
0.98034567
0.98124278
0.98556525
0.98545349
0.99055368
0.99273235
0.99387830
0.99378210
0.99180335
0.99450386
0.99398828
0.99341112
0.99409652
0.99224257
0.99275488
0.99304503
0.99164331
0.99181753
0.99253184
0.99183488
0.99408686
0.99228811
0.99327528
0.99394387
0.99549735
0.99300236
0.99415755
0.99178433
0.99071938
0.99256766
0.99310899
0.99054903
0.99444783
0.99384117
0.99479479
0.99416780
0.99329090
0.99456918
0.99453133
0.99396259
0.99378550
0.99386865
0.99317789
0.99159336
0.99099582
0.98880380
0.98079473
0.97830921
0.96730208
0.96892226
0.97765607
0.98032928
0.97982496
0.98188895
0.98584771
0.98746026
0.98952812
0.99341679
0.99379033
0.99035138
0.99118751
0.99275655
0.99120927
0.99058151
0.99002749
0.99026710
0.99190640
0.99180299
0.99451882
0.99384683
0.98867351
0.98695695
0.98702443
0.98567122
0.98708063
0.98844051
0.98915893
0.99026477
0.98808527
0.98352492
0.98077011
0.98161811
0.98836446
0.98657387
0.98378927
0.98132688
0.98239547
0.98336303
0.97808057
0.98021245
0.98483479
0.98892587
0.98989761
0.98945040
0.98810428
0.98398674
0.98513848
0.98501158
0.98726881
0.99026603
0.99087018
0.99097532
0.99064565
0.98989910
0.98925191
0.98906380
0.98777407
0.98745906
0.98625493
0.98460972
0.98431915
0.98380023
0.98201859
0.98245656
0.98119915
0.98220038
0.97928578
0.97873759
0.97786134
0.97682774
0.97646546
0.97509593
0.97846597
0.97868776
0.98231608
0.98302507
0.98148662
0.98366630
0.98271012
0.98048061
0.97811800
0.97458196
0.97073990
0.97316521
0.97093070
0.97218293
0.97829330
0.98054022
0.97986239
0.97979349
0.97538632
0.97544360
0.97897571
0.97669536
0.97430557
0.97583145
0.97606236
0.97773474
0.98051411
0.98518407
0.98721993
0.98632371
0.98785329
0.98757440
0.98835188
0.98814952
0.98536325
0.98561597
0.98357844
0.98376542
0.98327339
0.98385888
0.98632485
0.98463285
0.98086137
0.96097243
0.97444350
0.97704828
0.97061026
0.95977420
0.95100856
0.93383479
0.94125652
0.93667078
0.92614251
0.95250893
0.93202084
0.95920736
0.98075151
0.98553813
0.98705173
0.98807085
0.98749930
0.98516810
0.98328453
0.97966284
0.98417562
0.98948216
0.98919243
0.98323882
0.98574615
0.98085266
0.97494972
0.97416401
0.97220862
0.97572440
0.98016721
0.97075874
0.97436541
0.96385199
0.96437311
0.93826216
0.86657023
0.90869254
0.89736879
0.89782435
0.87828732
0.90340608
0.93594217
0.93612933
0.94421935
0.93109185
0.94286048
0.96402645
0.96593106
0.95608765
0.95849061
0.96141738
0.96908814
0.96038282
0.95888329
0.96565199
0.95289326
0.94469380
0.94407630
0.94845659
0.92506421
0.89594138
0.83416164
0.89354819
0.91530818
0.88550150
0.88030225
0.85364604
0.85802424
0.84938037
0.83627784
0.83232230
0.81442672
0.84436184
0.86111432
0.88238031
0.89020169
0.89349812
0.87352514
0.91561377
0.93300182
0.88625991
0.90739202
0.90253460
0.88000268
0.90406346
0.87524527
0.84169471
0.85109943
0.89103007
0.84782231
0.88620180
0.84058380
0.89578438
0.89481807
0.88635939
0.91953450
0.91447771
0.89859575
0.87855917
0.87533575
0.81329399
0.85908765
0.89307541
0.90251911
0.87091517
0.86509782
0.82736146
0.73439461
0.70177072
0.75245696
0.69400501
0.73828638
0.79430759
0.80122703
0.80133212
0.86288792
0.88030344
0.80778664
0.75239635
0.63969320
0.58423448
0.60456693
0.57825106
0.59447050
0.66351658
0.64162499
0.68208402
0.67568684
0.67525673
0.70370704
0.63870054
0.62929970
0.64387041
0.64236957
0.73268902
0.78086936
0.75001323
0.75535023
0.67482835
0.64201027
0.70700961
0.70223981
0.69534051
0.61259180
0.75612187
0.71099383
0.66785502
0.80654728
0.75562978
0.76385140
0.78589666
0.79372549
0.65756381
0.55729324
0.55841339
0.56374317
0.41894990
0.42281342
0.42530778
0.47649419
0.47365794
0.46532854
0.54001999
0.42593133
0.53427684
0.53199303
0.53210187
0.58137465
0.64874089
0.53497326
0.41419342
0.39271861
0.31900439
0.40540251
0.31871501
0.28409734
0.30490670
0.28563476
0.31389812
0.37999237
0.44672474
0.37742108
0.38342714
0.46671748
0.49969709
0.56125498
0.53960955
0.58454329
0.51987362
0.44090298
0.52257335
0.54190701
0.53438246
0.50986117
0.60550410
0.50558972
0.54241824
0.57068050
0.51389658
0.56527781
0.50885016
0.51806086
0.50944626
0.47421923
0.55681318
0.45948443
0.41675201
0.51972902
0.37226686
0.43561348
0.63893938
0.52893203
0.49809813
0.59216726
0.57730490
0.51597506
0.46188575
0.34474710
0.29540828
0.22835003
0.19256197
0.25549829
0.24151602
0.20484284
0.20904088
0.17002033
0.15197997
0.19356920
0.16753566
0.18471311
0.15012105
0.14286749
0.18115702
0.24350899
0.26530853
0.32408109
0.40692762
0.37891868
0.40762737
0.49398148
0.44115046
0.37377092
0.31445608
0.24039981
0.22182438
0.26867095
0.23015597
0.27170905
0.26846358
0.32016587
0.36854944
0.47350964
0.52109349
0.40567321
0.45519361
0.54134345
0.56976193
0.46586740
0.53746527
0.50038993
0.52702695
0.56926984
0.54879010
0.59198827
0.58093846
0.54503679
0.47552705
0.44733220
0.49253696
0.46131596
0.43232688
0.37697366
0.37874380
0.33846176
0.14310862
0.09328217
0.10510986
0.12852448
0.14513464
0.17663781
0.24688247
0.28379163
0.30010855
0.25109088
0.27105182
0.32820332
0.28802872
0.29910010
0.35057989
0.34256899
0.33261329
0.32298800
0.30437961
0.40557036
0.31192347
0.28850612
0.31418866
0.18676920
0.27164009
0.21707974
0.20618291
0.15203935
0.12578018
0.12455873
0.12840813
0.20224106
0.17002104
0.23472247
0.28853363
0.22381778
0.21935833
0.25238284
0.31446388
0.22607976
0.27846986
0.38559547
0.48575330
0.44297516
0.44574443
0.38529503
0.37800947
0.33997846
0.23530099
0.16515622
0.16966324
0.10837128
0.19736983
0.15668376
0.23256040
0.24365722
0.32547110
0.36921728
0.24223310
0.28416106
0.18576297
0.15944745
0.16735442
0.23659788
0.23525806
0.27860606
0.15117557
0.17468621
0.18826498
0.17595808
0.19899322
0.35902175
0.43700618
0.40729082
0.37128994
0.38456935
0.26932791
0.39442021
0.33398741
0.33117837
0.30496392
0.31330153
0.33939081
0.30433562
0.22408421
0.21274839
0.18681970
0.23743346
0.20719492
0.25926512
0.26183072
0.21398178
0.29543740
0.39895007
0.39117840
0.41094473
0.45670503
0.43701991
0.53243917
0.56531554
0.58771676
0.68350226
0.67373228
0.66885400
0.66839206
0.58515626
0.63997430
0.59727025
0.66783571
0.62320060
0.52560776
0.39844146
0.33608586
0.22756429
0.25613692
0.31050235
0.41270512
0.38858449
0.47364697
0.44527346
0.51416564
0.56341511
0.65696663
0.55025476
0.58501369
0.57430279
0.58985895
0.46012214
0.48593357
0.38398162
0.40485969
0.27018854
0.26171821
0.27973354
0.18613639
0.18279830
0.20337814
0.27555770
0.26987252
0.26146680
0.41298875
0.35180622
0.38170364
0.39555106
0.33125940
0.43143055
0.44821629
0.51354164
0.50021189
0.52891856
0.50961471
0.52313966
0.41192949
0.39115489
0.30749276
0.25556576
0.25185880
0.17738999
0.17293836
0.13275197
0.14629082
0.09702305
0.09510557
0.11322487
0.13601276
0.14487627
0.12839241
0.18261752
0.20092402
0.30643183
0.42743021
0.57794261
0.57218605
0.50432283
0.48638245
0.45920405
0.36934799
0.36115992
0.39845484
0.41517824
0.44171932
0.35681063
0.27474734
0.24111165
0.21940905
0.23109052
0.30901802
0.32546052
0.29584411
0.31511420
0.25932389
0.30523732
0.26767704
0.30560267
0.29533127
0.32916564
0.29076973
0.42116860
0.24066308
0.43858820
0.34739989
0.51808715
0.39715603
0.42284152
0.47285336
0.45571333
0.46915576
0.41586819
0.39909962
0.35187018
0.46008483
0.23629828
0.19619347
0.21282159
0.30788857
0.32875109
0.35365602
0.54279876
0.55746251
0.62783509
0.61856037
0.56664073
0.53050107
0.41218919
0.39657843
0.43294987
0.40271604
0.42597234
0.40591049
0.36977825
0.27584082
0.21582508
0.32409048
0.37919140
0.31637833
0.34440133
0.34729829
0.47609785
0.46929747
0.46872467
0.43796921
0.33503047
0.35288665
0.33726946
0.33700514
0.25688446
0.27562609
0.34297842
0.32979643
0.39103988
0.37474954
0.43491432
0.50749213
0.40108246
0.40549326
0.40629354
0.39038315
0.37599769
0.30926248
0.31873474
0.30896795
0.29999670
0.34439665
0.32334986
0.41661844
0.38664865
0.42306197
0.41978160
0.46510944
0.44599530
0.36813053
0.26348168
0.40835261
0.49802232
0.36760476
0.26337638
0.22410554
0.20290156
0.27416760
0.26620200
0.27541804
0.27349451
0.30852839
0.25654930
0.30666193
0.29669333
0.29961202
0.35853025
0.33993885
0.38685417
0.37630394
0.35330060
0.30458924
0.24854846
0.26645660
0.15359649
0.19089243
0.18588637
0.17661881
0.12025487
0.17803524
0.31176296
0.28946957
0.46569660
0.46526855
0.48177034
0.49979553
0.48348790
0.30998746
0.29354316
0.45023638
0.43844634
0.42287609
0.35443223
0.33967483
0.35542598
0.35897517
0.47244242
0.42929289
0.47167093
0.44761035
0.46683207
0.36153486
0.38440412
0.34476459
0.42243871
0.33827156
0.31910840
0.32143533
0.30006298
0.30245161
0.26709986
0.32580706
0.26631469
0.28335661
0.26359922
0.29015976
0.19840902
0.21717620
0.21062180
0.20306717
0.24373427
0.31122723
0.25910977
0.28679195
0.25659150
0.26554412
0.19588928
0.27147153
0.30695862
0.32403204
0.27990866
0.29952931
0.25606373
0.30115411
0.29530767
0.39810443
0.23055568
0.34075785
0.40327296
0.30684635
0.31707984
0.22629842
0.30681029
0.41082457
0.32382584
0.50181460
0.41789746
0.45900348
0.32195890
0.44227561
0.46852905
0.48342282
0.52880520
0.48408276
0.57450855
0.43345237
0.55056632
0.42826456
0.50542456
0.40277117
0.48016667
0.37239850
0.36065835
0.43120337
0.37891451
0.39425918
0.33586472
0.26223892
0.28701943
0.21247211
0.28523552
0.36440369
0.38499948
0.42529798
0.31298909
0.43406337
0.51778626
0.52481425
0.57386684
0.50658661
0.57161033
0.48571292
0.33653989
0.27822623
0.38255629
0.36548537
0.30015644
0.29958975
0.25581554
0.27923197
0.21265501
0.26948577
0.19451140
0.18232709
0.26849383
0.32623813
0.33672020
0.34322357
0.31440425
0.22406112
0.23379043
0.23456056
0.30492461
0.44675121
0.48835862
0.52272028
0.51797295
0.50156558
0.47891045
0.48035651
0.29965642
0.29178607
0.24217811
0.32704067
0.35149175
0.34712428
0.40827549
0.29518086
0.28182626
0.23849483
0.26563478
0.42876837
0.45370746
0.50081223
0.56252688
0.59484631
0.58828998
0.61619031
0.55693173
0.61653847
0.62967366
0.70916981
0.55024874
0.43229178
0.39229608
0.36426273
0.32170376
0.28858817
0.36336979
0.38593674
0.30777383
0.37999338
0.30469003
0.31091577
0.39354324
0.30014718
0.35926345
0.41926202
0.47163391
0.47016624
0.57943195
0.53519720
0.44775087
0.46434563
0.44345117
0.51581359
0.56939816
0.50752538
0.40910196
0.43169904
0.39098966
0.41328067
0.34524363
0.29184195
0.38059595
0.39737785
0.43564585
0.48121482
0.46647605
0.50935030
0.61598557
0.63791013
0.58336592
0.54478210
0.59312826
0.50887543
0.42441383
0.45601529
0.35745838
0.18421039
0.20998386
0.15052065
0.26664948
0.34767789
0.42455554
0.41596913
0.43778393
0.43465379
0.37803078
0.38699704
0.35564908
0.40976962
0.48677379
0.51320207
0.42935038
0.46159253
0.30202666
0.40670934
0.47297058
0.48764661
0.48492405
0.43443519
0.36048698
0.39973003
0.39626694
0.32740960
0.36557984
0.37635630
0.31972522
0.33889669
0.31989551
0.34737825
0.41551694
0.44241390
0.37584829
0.30460978
0.32169345
0.33748931
0.34645218
0.41741681
0.25983816
0.21220969
0.26373568
0.34107339
0.36595738
0.46464568
0.43575191
0.41596565
0.46295881
0.44289765
0.44256797
0.51985461
0.54398578
0.53182387
0.58851475
0.54261774
0.56573462
0.60450804
0.60339987
0.59406340
0.54064900
0.49190706
0.48275635
0.38176730
0.34411561
0.32261896
0.27393538
0.24484582
0.26265818
0.36678770
0.31892332
0.27889225
0.32293856
0.29314730
0.29895410
0.32186484
0.40464824
0.22236902
0.34781018
0.40777206
0.52138478
0.52846605
0.53979987
0.55424142
0.54551578
0.55552572
0.52098173
0.54463100
0.53791386
0.59886700
0.60782850
0.46585488
0.42026308
0.39699021
0.42637771
0.37470075
0.42571685
0.54691505
0.56922156
0.61695206
0.57754081
0.55141026
0.43892601
0.51656950
0.50471318
0.49863604
0.47249234
0.46769431
0.48181736
0.51454085
0.42982024
0.48094335
0.38251963
0.33941072
0.26855978
0.22006425
0.24151433
0.28245482
0.27562308
0.23907183
0.28436118
0.19541444
0.26224372
0.19567002
0.20444633
0.24199075
0.17827630
0.18028711
0.19417155
0.19074865
0.19557486
0.22650523
0.25046712
0.36177102
0.49197382
0.68253046
0.57121003
0.64837998
0.65822756
0.63838089
0.65874934
0.57436925
0.62773132
0.59082550
0.67633110
0.66013658
0.64459842
0.69423705
0.65795958
0.67006773
0.70460933
0.68162501
0.66737854
0.62174952
0.60949624
0.62824196
0.63201916
0.45309657
0.42561013
0.43020207
0.43972212
0.39067894
0.33384597
0.29354271
0.33794394
0.28537530
0.32957789
0.29883650
0.33468372
0.33804876
0.29586068
0.30344757
0.34840786
0.40228701
0.38439342
0.42870983
0.39138675
0.33882868
0.36635444
0.33725852
0.36201340
0.39284560
0.43449897
0.38709918
0.35971165
0.41588634
0.53017509
0.47222590
0.50223845
0.45059818
0.39839634
0.51366979
0.43461886
0.35234126
0.37105566
0.27673194
0.33791131
0.38191006
0.32059646
0.23029231
0.22663762
0.20925705
0.24856372
0.35884774
0.26783437
0.32741836
0.34397081
0.39201194
0.43520221
0.53391200
0.59358746
0.58108819
0.56126660
0.58277822
0.62082964
0.58816963
0.58024615
0.55205661
0.53605509
0.46661326
0.42406535
0.48826838
0.55082315
0.64433718
0.68192482
0.58191907
0.62916499
0.54178476
0.63105625
0.59796113
0.49528241
0.49056727
0.43891415
0.48691022
0.43746525
0.41979146
0.48356557
0.44892496
0.43635371
0.48331854
0.50298464
0.51161784
0.46589997
0.48373789
0.40023237
0.44258061
0.44399285
0.49442068
0.51028693
0.55232853
0.52090102
0.56488162
0.53603536
0.57131654
0.61242872
0.67112142
0.64678907
0.68959928
0.66834652
0.70982420
0.66270649
0.61890668
0.55190068
0.47311312
0.45152751
0.49979529
0.51682365
0.46880817
0.56790072
0.70929885
0.76628739
0.73414379
0.72348189
0.70865321
0.67830408
0.70011592
0.72536713
0.67014366
0.65662020
0.66288781
0.61485285
0.64946920
0.64887822
0.56734139
0.39927459
0.29969513
0.34561762
0.24007197
0.31200579
0.35217386
0.47395328
0.50381482
0.52688497
0.51649666
0.52113831
0.45548812
0.48770455
0.49911690
0.45110258
0.46873546
0.50132525
0.60266763
0.54519624
0.56678092
0.63299298
0.63097644
0.61804587
0.62732756
0.66199434
0.68086392
0.65610152
0.66714138
0.67564845
0.65734661
0.68515748
0.70850772
0.72555983
0.72346038
0.73369145
0.73862439
0.77763796
0.72625214
0.72566265
0.72964787
0.72014368
0.76152211
0.76946139
0.78160232
0.75981760
0.77599949
0.74276805
0.72513300
0.74307829
0.72638690
0.70130783
0.65116394
0.61304498
0.57493931
0.56752801
0.55673558
0.53201413
0.61027324
0.57802027
0.64721662
0.63971007
0.65013587
0.61247528
0.64958239
0.61319256
0.67221385
0.69757897
0.70807266
0.70125914
0.73694384
0.77027220
0.76279283
0.75880909
0.79949570
0.80177987
0.85511613
0.87018311
0.85621405
0.92007428
0.93657821
0.90348482
0.89496845
0.83074838
0.86853582
0.85741353
0.85924757
0.87889308
0.88556254
0.90673536
0.92048097
0.90666127
0.91138130
0.91895783
0.90168345
0.89556044
0.92460346
0.92161644
0.89420587
0.90397042
0.90744025
0.87374437
0.89989203
0.90206796
0.92353094
0.91901124
0.93873149
0.93893933
0.93631601
0.94417524
0.95022905
0.94238365
0.92677271
0.94288993
0.94358474
0.94146144
0.94848502
0.94941741
0.95026255
0.92955077
0.95641851
0.95285386
0.93629807
0.94341391
0.94853258
0.94779623
0.93716741
0.96017593
0.94719422
0.95406455
0.96122402
0.95685697
0.95870870
0.95016426
0.95130926
0.95883918
0.96312147
0.96294314
0.96567911
0.96570224
0.97028899
0.97397703
0.97145462
0.97389734
0.96906036
0.97015083
0.96987861
0.97386837
0.97179216
0.97418278
0.97072530
0.96797872
0.96712941
0.96905208
0.96207190
0.96182084
0.96635312
0.96064711
0.95759696
0.95684361
0.95656413
0.94506854
0.94206667
0.94209492
0.95026374
0.94994414
0.94832319
0.96076047
0.94783348
0.94078678
0.93599206
0.93620425
0.93623430
0.94630545
0.94650739
0.95217764
0.96438086
0.96631014
0.96032774
0.95578974
0.94572008
0.95479715
0.96235234
0.96629053
0.96550572
0.97215503
0.96911418
0.95466727
0.94428259
0.93324476
0.93238103
0.94643974
0.95715547
0.95747721
0.96125478
0.96364117
0.96802330
0.96753436
0.95676976
0.95524597
0.96051854
0.97054356
0.97486055
0.97960037
0.98042023
0.97726738
0.97749400
0.97581011
0.97733009
0.97648811
0.97264558
0.97779948
0.97749263
0.97556031
0.97227705
0.96675503
0.96567875
0.97114819
0.97912258
0.97795153
0.97600377
0.97490025
0.96813703
0.96429902
0.96097785
0.96111941
0.96163571
0.96651936
0.96079159
0.96139306
0.96028399
0.95941693
0.95674610
0.95040369
0.94516724
0.94150054
0.94048554
0.94684547
0.94773436
0.95670950
0.95832998
0.96967727
0.96978259
0.96144593
0.96972454
0.97186095
0.97226858
0.97536576
0.97261286
0.97654676
0.97610646
0.97737247
0.97952706
0.98017544
0.98227030
0.98327762
0.98782581
0.98669666
0.98745012
0.98608136
0.98551154
0.98151600
0.97321540
0.97209364
0.96707660
0.96446121
0.95227093
0.95340562
0.96123904
0.95691282
0.96613985
0.96929127
0.96608967
0.97204089
0.97593904
0.98050445
0.98125839
0.98453391
0.99069279
0.99227566
0.98965341
0.99254954
0.99465865
0.99392736
0.99359578
0.99355435
0.98997647
0.99209714
0.99315757
0.99381375
0.99518812
0.99518329
0.99305481
0.99209011
0.99392152
0.99320978
0.99536288
0.99421096
0.99505806
0.99481839
0.98966950
0.99304765
0.99222541
0.99293524
0.99307340
0.99219805
0.99029362
0.98824805
0.98897064
0.98960334
0.99121571
0.99226540
0.99472958
0.99482524
0.99388111
0.99329269
0.99178809
0.99017906
0.98923945
0.98742640
0.98346406
0.97831845
0.97240168
0.96970415
0.97236437
0.97436792
0.97537553
0.97825146
0.97991687
0.98508102
0.98188305
0.97758365
0.97337306
0.97140366
0.97077203
0.97224563
0.97366536
0.97484922
0.97240585
0.97200429
0.97718245
0.98444498
0.98502606
0.98328906
0.98284054
0.98448122
0.98678070
0.98871905
0.98990726
0.99069428
0.99120015
0.99140972
0.98934352
0.98891884
0.98136580
0.98567790
0.98597008
0.98492199
0.98370337
0.98211563
0.97942734
0.98310757
0.98378259
0.98387086
0.98721701
0.98874551
0.99199533
0.99328762
0.99160403
0.99277461
0.99322975
0.99291331
0.99190289
0.98805666
0.98777533
0.98688346
0.98477954
0.98319155
0.98414838
0.97711128
0.97341597
0.97006577
0.97525805
0.98107946
0.98217142
0.98045188
0.97753817
0.97414637
0.97467017
0.97941393
0.98123026
0.98264366
0.98222256
0.98204052
0.98229319
0.98467237
0.98520327
0.98399389
0.98513687
0.98652995
0.98824549
0.99023414
0.99032158
0.99052751
0.99003196
0.98953587
0.98863590
0.98550665
0.98010534
0.97944427
0.97769517
0.97183299
0.96799141
0.95873880
0.96632195
0.96973741
0.97486579
0.97375047
0.97621047
0.97930187
0.98188502
0.98491663
0.98537028
0.98596799
0.98379219
0.98140097
0.97822273
0.98039776
0.98369229
0.98589247
0.98500025
0.98200595
0.98150259
0.98252571
0.98531681
0.98860520
0.99104601
0.99215102
0.99410087
0.99505544
0.99568152
0.99513900
0.99499893
0.99421149
0.99315006
0.99291021
0.99464607
0.99253958
0.99022502
0.99032587
0.98988509
0.99077237
0.99224502
0.99269485
0.99314606
0.99300212
0.99254918
0.99197477
0.99182206
0.99168360
0.99120754
0.98996383
0.98802841
0.98436767
0.97948635
0.97469568
0.97550970
0.97487688
0.97418481
0.97375619
0.97368854
0.97439754
0.97202039
0.96752912
0.96595162
0.96448517
0.96111912
0.95828438
0.95709932
0.96015584
0.96188295
0.96544904
0.96509057
0.96877700
0.96362120
0.96869051
0.97367531
0.97491664
0.97295344
0.97258502
0.97327888
0.97404116
0.97600299
0.97965300
0.98105079
0.98148394
0.98559409
0.98753047
0.98878038
0.98924273
0.98397171
0.98207915
0.97883636
0.97553444
0.97047180
0.96477240
0.95415652
0.95114231
0.93927133
0.92828673
0.92131037
0.90934366
0.90590245
0.87211043
0.87904114
0.89378798
0.90344834
0.88917899
0.86267912
0.88831574
0.90931875
0.93744832
0.95097136
0.96468037
0.96895915
0.96227252
0.95286989
0.94054782
0.93346608
0.93076694
0.93926096
0.93440598
0.96106964
0.96934241
0.97569829
0.97497684
0.97195894
0.97751629
0.98421371
0.98906028
0.98615348
0.98712605
0.98185986
0.97643411
0.97906792
0.97164965
0.96930885
0.95576161
0.95944202
0.95699364
0.93606997
0.93128282
0.93654060
0.94740862
0.93860072
0.94436890
0.94407666
0.96059287
0.96188462
0.95723385
0.95461416
0.96038616
0.95898247
0.96279395
0.95976287
0.96178073
0.95707887
0.96744275
0.96876717
0.96172494
0.95037174
0.95697552
0.95845085
0.94277710
0.94754583
0.91426277
0.88488686
0.89355630
0.91679549
0.91550863
0.91758287
0.91694582
0.91156447
0.88259637
0.90865493
0.90589976
0.89563900
0.91794729
0.92307019
0.92929155
0.84123552
0.78609121
0.64947301
0.65751839
0.69754755
0.60809982
0.68040907
0.65968251
0.67142922
0.76484448
0.75539112
0.84201270
0.87980431
0.84275532
0.88975465
0.87626815
0.88065827
0.90725738
0.88546538
0.90938032
0.90585387
0.89580959
0.89758426
0.91754955
0.89845657
0.92399514
0.89817405
0.90906864
0.92032188
0.89382565
0.90269047
0.90380889
0.93511778
0.90390021
0.90641695
0.89063078
0.91150033
0.89140761
0.92992759
0.91511273
0.92209691
0.84414542
0.87978882
0.84081960
0.82804775
0.81561106
0.75935614
0.71792519
0.69919258
0.64925247
0.66000861
0.64697355
0.70837355
0.64801657
0.66697955
0.77693951
0.73408681
0.71493065
0.69745290
0.62644547
0.64834303
0.66902220
0.59022015
0.62636608
0.61402941
0.60297185
0.59173757
0.57924211
0.52567828
0.51420039
0.54096782
0.57003236
0.57230091
0.53555226
0.56219345
0.55912888
0.62538153
0.54852098
0.54441053
0.50733334
0.59796560
0.59261966
0.52347332
0.58437115
0.61454880
0.53584677
0.45687178
0.41047117
0.33742163
0.40039545
0.37200281
0.35486823
0.40969673
0.39042240
0.42973995
0.46368229
0.54227108
0.56225228
0.59231442
0.63753152
0.66402751
0.71379894
0.63454378
0.64774042
0.63687229
0.63802427
0.55891341
0.43405789
0.44149908
0.45219198
0.42356166
0.50331515
0.46918955
0.45019531
0.50372368
0.47067949
0.49663004
0.43841490
0.39567202
0.35391870
0.46482050
0.40449390
0.36994061
0.44939896
0.41870496
0.44267648
0.48134881
0.54244787
0.61268747
0.61570066
0.68797702
0.62508440
0.57803684
0.58090723
0.52939796
0.62307471
0.57498360
0.65086728
0.59559923
0.62547362
0.53834546
0.48721603
0.42823413
0.44379416
0.52045327
0.42664194
0.41677120
0.41425842
0.32753706
0.29087871
0.37480354
0.49349013
0.51793534
0.52828074
0.56221688
0.49616030
0.63745302
0.53168768
0.55702108
0.61703962
0.65549171
0.61597031
0.61116296
0.60758865
0.57967079
0.57914281
0.60964149
0.57373387
0.61749399
0.62495667
0.57044810
0.54522783
0.52188218
0.54556489
0.53984034
0.46990570
0.59301585
0.59435695
0.51163960
0.54704970
0.53624266
0.53701758
0.57141501
0.58820826
0.53741246
0.53141564
0.60229045
0.51751882
0.52533329
0.51921338
0.58541423
0.64677328
0.67265332
0.58217180
0.54719645
0.55221862
0.49568838
0.41902825
0.47075963
0.44508755
0.42012689
0.29117236
0.36428061
0.28908104
0.26839375
0.24520057
0.35188186
0.27882743
0.48301831
0.44437778
0.50018334
0.51155591
0.53715831
0.57896113
0.55468935
0.60421222
0.40986246
0.32652366
0.30043054
0.31631124
0.31947348
0.35844830
0.34474590
0.39858857
0.48041528
0.53472102
0.45969743
0.55185646
0.51829636
0.54263741
0.50416911
0.58611792
0.57777351
0.56291234
0.47529486
0.47513849
0.46256858
0.45775697
0.57899654
0.69186550
0.57883060
0.44469032
0.45154732
0.38995507
0.43138999
0.43507987
0.56650585
0.60425240
0.60753870
0.61129826
0.63102937
0.62580097
0.62599158
0.68232101
0.66583872
0.62844354
0.49355727
0.38126382
0.38714641
0.30665424
0.43735725
0.32952675
0.38803655
0.32192957
0.40537295
0.27157223
0.25887856
0.23138246
0.25430226
0.29367206
0.28632882
0.41737753
0.41153643
0.41767940
0.45674232
0.50972432
0.48622215
0.44935372
0.37975940
0.41745168
0.37638423
0.48680782
0.40626788
0.40310451
0.39899465
0.42348468
0.56024373
0.57329726
0.62494117
0.59211028
0.56885558
0.59572303
0.60681295
0.58916831
0.47885692
0.54279685
0.46528333
0.57357800
0.64929628
0.68853194
0.68899876
0.71819043
0.68838018
0.68463051
0.69703102
0.70208633
0.69837117
0.70906466
0.67050922
0.62198627
0.66514599
0.66856676
0.66685987
0.64889872
0.66650546
0.60099149
0.55617577
0.50360173
0.43747455
0.41196096
0.43057117
0.44502419
0.43930408
0.48613498
0.51651061
0.51800662
0.42830047
0.54448622
0.60276967
0.60167742
0.61745512
0.62855697
0.67216921
0.63141924
0.56883401
0.55843091
0.53174627
0.55498672
0.58528471
0.53898615
0.51701862
0.57198113
0.49946985
0.47088981
0.44651824
0.46529618
0.45566130
0.48513988
0.45257875
0.43581861
0.47204906
0.44693753
0.49038890
0.49564749
0.55815399
0.53774315
0.55759972
0.60639107
0.61572391
0.62686515
0.65247780
0.66214520
0.62549263
0.61439550
0.63694304
0.58618981
0.55017626
0.42205533
0.48237082
0.42835242
0.53350836
0.56220853
0.57751143
0.61508548
0.61492801
0.58730817
0.50641781
0.42790243
0.36526898
0.42403230
0.54314852
0.57155669
0.62866306
0.67897540
0.71589887
0.60048425
0.58966476
0.60959554
0.57065099
0.51155090
0.53681439
0.51951212
0.54181170
0.50166249
0.48633519
0.49847463
0.47502881
0.50917542
0.51411963
0.52168089
0.45903894
0.61247921
0.61478603
0.60224444
0.53685850
0.56135350
0.52756923
0.48687834
0.53229845
0.52691567
0.59049976
0.58275276
0.54444003
0.52072191
0.60805839
0.61692941
0.51711255
0.52458054
0.47981140
0.42992657
0.40699670
0.41077414
0.43317989
0.48464793
0.47736889
0.46063012
0.44830409
0.48008770
0.51358968
0.49513823
0.52449203
0.52177143
0.58892906
0.51436245
0.55688739
0.56361115
0.58219033
0.57914841
0.56113255
0.56220293
0.60433960
0.55369622
0.58207518
0.53970528
0.50762427
0.53904122
0.54087514
0.50831831
0.58627039
0.61320537
0.57438487
0.58345306
0.61031264
0.65399486
0.63493025
0.62990171
0.61368859
0.58426982
0.55917662
0.62719667
0.62021852
0.58705795
0.55675900
0.58554900
0.53457481
0.46459842
0.50066942
0.51005536
0.50258541
0.49108109
0.47742668
0.47391692
0.50730067
0.55799407
0.57743400
0.51598668
0.52523565
0.45759770
0.46504834
0.47272676
0.49394426
0.51651204
0.54159188
0.55314136
0.52830482
0.57151085
0.54755932
0.55953193
0.58794677
0.54434669
0.57901704
0.52509868
0.41818008
0.35580438
0.35455656
0.35207790
0.37382120
0.46594250
0.47850958
0.45905945
0.40441003
0.44703186
0.43109307
0.43787003
0.44003958
0.49423471
0.49934912
0.54688752
0.61374485
0.57852316
0.62155402
0.67890728
0.62852973
0.70280707
0.67367870
0.69975591
0.75842863
0.72201943
0.65440595
0.61965919
0.56233197
0.55889481
0.54229766
0.55101663
0.52052814
0.46380529
0.44012919
0.44698983
0.49333453
0.49055016
0.59045190
0.65236652
0.60752982
0.58213937
0.53240710
0.48044202
0.51004922
0.50803292
0.39273927
0.31832439
0.33591193
0.36104718
0.43695828
0.49425682
0.56753916
0.61611265
0.59568483
0.67262876
0.63472778
0.67584461
0.68914914
0.73167074
0.71808594
0.78548193
0.83849180
0.87734008
0.87883866
0.87703902
0.90423101
0.92178607
0.94365078
0.95997554
0.94820666
0.95505381
0.95006710
0.96024007
0.95080519
0.95093215
0.95194882
0.94331807
0.93233556
0.87080902
0.89801657
0.90559930
0.90305007
0.86162239
0.88386637
0.89852542
0.89294153
0.90310943
0.89407867
0.91128516
0.91197979
0.92630994
0.92281723
0.91820168
0.90944046
0.88297576
0.89625651
0.89314461
0.90403086
0.91705638
0.92179626
0.91101432
0.93231171
0.92219383
0.91151530
0.92938370
0.93191659
0.92550910
0.91751122
0.93289471
0.93698287
0.95848882
0.97641003
0.97276163
0.96653384
0.96469706
0.96734202
0.96266866
0.96556282
0.96712250
0.96654183
0.96457976
0.96542728
0.97326559
0.98109657
0.97903216
0.98199952
0.98033935
0.97837299
0.97835767
0.97815973
0.98005682
0.97771400
0.97495985
0.97377521
0.97278869
0.97145748
0.97155815
0.96943307
0.96787369
0.95635515
0.96367073
0.96137518
0.96627986
0.96543127
0.96581441
0.97131628
0.97453022
0.97141898
0.97408348
0.97352040
0.97201228
0.97323543
0.97225416
0.97375464
0.97427171
0.97009754
0.97052580
0.96974170
0.97476393
0.97237861
0.97679907
0.98065913
0.98334521
0.98145264
0.98104203
0.98490310
0.98381412
0.98527551
0.98700923
0.98736620
0.98672616
0.98754162
0.98948997
0.98973113
0.99015826
0.98990965
0.98953444
0.99066812
0.98955029
0.98963720
0.98939639
0.98955989
0.98926723
0.98708379
0.98721838
0.98758984
0.98575610
0.98707181
0.98692364
0.98690873
0.98608994
0.98757088
0.98660618
0.98555982
0.98295420
0.98114878
0.97961867
0.97674847
0.97594833
0.97490364
0.97559035
0.97574866
0.97750854
0.97633457
0.97650915
0.98343498
0.98203468
0.98216921
0.98231828
0.97541136
0.97564811
0.98179424
0.98437816
0.98568892
0.98412144
0.98598623
0.98646331
0.98675936
0.98542571
0.98365617
0.98105097
0.98013949
0.98074591
0.98059458
0.97828752
0.98013580
0.98056567
0.98251361
0.98260766
0.98510891
0.98554754
0.98664981
0.98448229
0.98342013
0.98203272
0.98239177
0.98362756
0.98419106
0.98217452
0.98218495
0.97892570
0.97777128
0.97785950
0.97557247
0.97280109
0.96824425
0.96894449
0.97143292
0.97452569
0.97533572
0.97463453
0.97539878
0.97904986
0.98005795
0.98074347
0.98230720
0.98375851
0.98538983
0.98584157
0.98736632
0.98772162
0.98759753
0.98760521
0.98813641
0.98902088
0.98944598
0.98978591
0.98977906
0.98881894
0.98439294
0.97415167
0.97043037
0.97054130
0.97323710
0.97829139
0.98282766
0.98740721
0.99169308
0.99308407
0.99251163
0.99247205
0.99316907
0.99328774
0.99208564
0.99106967
0.98868680
0.98645067
0.98690444
0.98746979
0.98913467
0.98948014
0.98891556
0.98842430
0.98854047
0.98911011
0.98979121
0.99009717
0.99038810
0.99040633
0.98936683
0.98837090
0.98739874
0.98598844
0.98697287
0.98699653
0.98843378
0.99052072
0.99197000
0.99228829
0.99100834
0.98859882
0.98808008
0.98953116
0.98929101
0.98864657
0.98904359
0.98823071
0.98893905
0.99081588
0.99238938
0.99299568
0.99292082
0.99217296
0.99179816
0.99083555
0.99052727
0.99063289
0.98871619
0.98732448
0.97968721
0.97041941
0.95940924
0.94666523
0.94152504
0.93425715
0.93571007
0.94787687
0.95836115
0.96434712
0.97222477
0.98103702
0.99066061
0.99232942
0.99006504
0.98641801
0.98592132
0.98856676
0.98804420
0.99163085
0.99236250
0.99438804
0.99460560
0.99454677
0.99447566
0.99343878
0.99290127
0.99341500
0.99275911
0.99244773
0.99139798
0.99315780
0.99267685
0.99250233
0.99272150
0.99165076
0.99066752
0.99343890
0.99385428
0.99418563
0.99364942
0.99387687
0.99425077
0.99442601
0.99386954
0.99494910
0.99532664
0.99565589
0.99544960
0.99506313
0.99518508
0.99482405
0.99385428
0.99258411
0.99248946
0.99184251
0.99127495
0.99186218
0.99005020
0.98981792
0.99117368
0.99255872
0.99063116
0.99068648
0.99055946
0.99093997
0.99111873
0.99067348
0.99175221
0.99149758
0.99274421
0.99237436
0.99100518
0.98731494
0.98971176
0.98715067
0.98898542
0.98299778
0.98298109
0.98286003
0.98354429
0.98310143
0.98335671
0.98559487
0.98350972
0.98506999
0.98517412
0.98377848
0.98392361
0.98468173
0.98595953
0.98756325
0.98778433
