0.00000000
0.00000000
0.00000000
0.00000000
0.00000000
0.00000000
0.00000000
0.00000000
0.00000000
0.00000000
0.00000000
0.00000000
0.00000000
0.00000000
0.00000000
0.00000000
0.00000000
0.00000000
0.00000000
0.00000000
0.00000000
0.00000000
0.00000000
0.00000000
0.00000000
0.00000000
0.00000000
0.00000000
0.00000000
0.00000000
0.00000000
0.00000000
0.00000000
0.00000000
0.00000000
0.00000000
0.00000000
0.00000000
0.00000000
0.00000000
0.00000000
0.00000000
0.00000000
0.00000000
0.00000000
0.00000000
0.00000000
0.00000000
0.00000000
0.00000000
0.00000000
0.00000000
0.00000000
0.00000000
0.00000000
0.00000000
0.00000000
0.00000000
0.00000000
0.00000000
0.00000000
0.00000000
0.00000000
0.00000000
0.00000000
0.00000000
0.00000000
0.00000000
0.00000000
0.00000000
0.00000000
0.00000000
0.00000000
0.00000000
0.00000000
0.00000000
0.00000000
0.00000000
0.00000000
0.00000000
0.00000000
0.00000000
0.00000000
0.00000000
0.00000000
0.00000000
0.00000000
0.00000000
0.00000000
0.00000000
0.00000000
0.00000000
0.00000000
0.00000000
0.00000000
0.00000000
0.00000000
0.00000000
0.00000000
0.00000000
0.00000000
0.00000000
0.00000000
0.00000000
0.00000000
0.00000000
0.00000000
0.00000000
0.00000000
0.00000000
0.00000000
0.00000000
0.00000000
0.00000000
0.00000000
0.00000000
0.00000000
0.00000000
0.00000000
0.00000000
0.00000000
0.00000000
0.00000000
0.00000000
0.00000000
0.00000000
0.00000000
0.00000000
0.00000000
0.00000000
0.00000000
0.00000000
0.00000000
0.00000000
0.00000000
0.00000000
0.00000000
0.00000000
0.00000000
0.00000000
0.00000000
0.00000000
0.00000000
0.00000000
0.00000000
0.00000000
0.00000000
0.00000000
0.00000000
0.00000000
0.00000000
0.00000000
0.00000000
0.00000000
0.00000000
0.00000000
0.00000000
0.00000000
0.00000000
0.00000000
0.00000000
0.00000000
0.00000000
0.00000000
0.00000000
0.00000000
0.00000000
0.00000000
0.00000000
0.00000000
0.00000000
0.00000000
0.00000000
0.00000000
0.00000000
0.00000000
0.00000000
0.00000000
0.00000000
0.00000000
0.00000000
0.00000000
0.00000000
0.00000000
0.00000000
0.00000000
0.00000000
0.00000000
0.00000000
0.00000000
0.00000000
0.00000000
0.00000000
0.00000000
0.00000000
0.00000000
0.00000000
0.00000000
0.00000000
0.00000000
0.00000000
0.00000000
0.00000000
0.00000000
0.00000000
0.00000000
0.00000000
0.00000000
0.00000000
0.00000000
0.00000000
0.00000000
0.00000000
0.00000000
0.00000000
0.00000000
0.00000000
0.00000000
0.00000000
0.00000000
0.00000000
0.00000000
0.00000000
0.00000000
0.00000000
0.00000000
0.00000000
0.00000000
0.00000000
0.00000000
0.00000000
0.00000000
0.00000000
0.00000000
0.00000000
0.00000000
0.00000000
0.00000000
0.00000000
0.00000000
0.00000000
0.00000000
0.00000000
0.00000000
0.00000000
0.00000000
0.00000000
0.00000000
0.00000000
0.00000000
0.00000000
0.00000000
0.00000000
0.00000000
0.00000000
0.00000000
0.00000000
0.00000000
0.00000000
0.00000000
0.00000000
0.00000000
0.00000000
0.00000000
0.00000000
0.00000000
0.00000000
0.00000000
0.00000000
0.00000000
0.00000000
0.00000000
0.00000000
0.00000000
0.00000000
0.00000000
0.00000000
0.00000000
0.00000000
0.00000000
0.00000000
0.00000000
0.00000000
0.00000000
0.00000000
0.00000000
0.00000000
0.00000000
0.00000000
0.00000000
0.00000000
0.00000000
0.00000000
0.00000000
0.00000000
0.00000000
0.00000000
0.00000000
0.00000000
0.00000000
0.00000000
0.00000000
0.00000000
0.00000000
0.00000000
0.00000000
0.00000000
0.00000000
0.00000000
0.00000000
0.00000000
0.00000000
0.00000000
0.00000000
0.00000000
0.00000000
0.00000000
0.00000000
0.00000000
0.00000000
0.00000000
0.00000000
0.00000000
0.00000000
0.00000000
0.00000000
0.00000000
0.00000000
0.00000000
0.00000000
0.00000000
0.00000000
0.00000000
0.00000000
0.00000000
0.00000000
0.00000000
0.00000000
0.00000000
0.00000000
0.00000000
0.00000000
0.00000000
0.00000000
0.00000000
0.00000000
0.00000000
0.00000000
0.00000000
0.00000000
0.00000000
0.00000000
0.00000000
0.00000000
0.00000000
0.00000000
0.00000000
0.00000000
0.00000000
0.00000000
0.00000000
0.00000000
0.00000000
0.00000000
0.00000000
0.00000000
0.00000000
0.00000000
0.00000000
0.00000000
0.00000000
0.00000000
0.00000000
0.00000000
0.00000000
0.00000000
0.00000000
0.00000000
0.00000000
0.00000000
0.00000000
0.00000000
0.00000000
0.00000000
0.00000000
0.00000000
0.00000000
0.00000000
0.00000000
0.00000000
0.00000000
0.00000000
0.00000000
0.00000000
0.00000000
0.00000000
0.00000000
0.00000000
0.00000000
0.00000000
0.00000000
0.00000000
0.00000000
0.00000000
0.00000000
0.00000000
0.00000000
0.00000000
0.00000000
0.00000000
0.00000000
0.00000000
0.00000000
0.00000000
0.00000000
0.00000000
0.00000000
0.00000000
0.00000000
0.00000000
0.00000000
0.00000000
0.00000000
0.00000000
0.00000000
0.00000000
0.00000000
0.00000000
0.00000000
0.00000000
0.00000000
0.00000000
0.00000000
0.00000000
0.00000000
0.00000000
0.00000000
0.00000000
0.00000000
0.00000000
0.00000000
0.00000000
0.00000000
0.00000000
0.00000000
0.00000000
0.00000000
0.00000000
0.00000000
0.00000000
0.00000000
0.00000000
0.00000000
0.00000000
0.00000000
0.00000000
0.00000000
0.00000000
0.00000000
0.00000000
0.00000000
0.00000000
0.00000000
0.00000000
0.00000000
0.00000000
0.00000000
0.00000000
0.00000000
0.00000000
0.00000000
0.00000000
0.00000000
0.00000000
0.00000000
0.00000000
0.00000000
0.00000000
0.00000000
0.00000000
0.00000000
0.00000000
0.00000000
0.00000000
0.00000000
0.00000000
0.00000000
0.00000000
0.00000000
0.00000000
0.00000000
0.00000000
0.00000000
0.00000000
0.00000000
0.00000000
0.00000000
0.00000000
0.00000000
0.00000000
0.00000000
0.00000000
0.00000000
0.00000000
0.00000000
0.00000000
0.00000000
0.00000000
0.00000000
0.00000000
0.00000000
0.00000000
0.00000000
0.00000000
0.00000000
0.00000000
0.00000000
0.00000000
0.00000000
0.00000000
0.00000000
0.00000000
0.00000000
0.00000000
0.00000000
0.00000000
0.00000000
0.00000000
0.00000000
0.00000000
0.00000000
0.00000000
0.00000000
0.00000000
0.00000000
0.00000000
0.00000000
0.00000000
0.00000000
0.00000000
0.00000000
0.00000000
0.00000000
0.00000000
0.00000000
0.00000000
0.00000000
0.00000000
0.00000000
0.00000000
0.00000000
0.00000000
0.00000000
0.00000000
0.00000000
0.00000000
0.00000000
0.00000000
0.00000000
0.00000000
0.00000000
0.00000000
0.00000000
0.00000000
0.00000000
0.00000000
0.00000000
0.00000000
0.00000000
0.00000000
0.00000000
0.00000000
0.00000000
0.00000000
0.00000000
0.00000000
0.00000000
0.00000000
0.00000000
0.00000000
0.00000000
0.00000000
0.00000000
0.00000000
0.00000000
0.00000000
0.00000000
0.00000000
0.00000000
0.00000000
0.00000000
0.00000000
0.00000000
0.00000000
0.00000000
0.00000000
0.00000000
0.00000000
0.00000000
0.00000000
0.00000000
0.00000000
0.00000000
0.00000000
0.00000000
0.00000000
0.00000000
0.00000000
0.00000000
0.00000000
0.00000000
0.00000000
0.00000000
0.00000000
0.00000000
0.00000000
0.00000000
0.00000000
0.00000000
0.00000000
0.00000000
0.00000000
0.00000000
0.00000000
0.00000000
0.00000000
0.00000000
0.00000000
0.00000000
0.00000000
0.00000000
0.00000000
0.00000000
0.00000000
0.00000000
0.00000000
0.00000000
0.00000000
0.00000000
0.00000000
0.00000000
0.00000000
0.00000000
0.00000000
0.00000000
0.00000000
0.00000000
0.00000000
0.00000000
0.00000000
0.00000000
0.00000000
0.00000000
0.00000000
0.00000000
0.00000000
0.00000000
0.00000000
0.00000000
0.00000000
0.00000000
0.00000000
0.00000000
0.00000000
0.00000000
0.00000000
0.00000000
0.00000000
0.00000000
0.00000000
0.00000000
0.00000000
0.00000000
0.00000000
0.00000000
0.00000000
0.00000000
0.00000000
0.00000000
0.00000000
0.00000000
0.00000000
0.00000000
0.00000000
0.00000000
0.00000000
0.00000000
0.00000000
0.00000000
0.00000000
0.00000000
0.00000000
0.00000000
0.00000000
0.00000000
0.00000000
0.00000000
0.00000000
0.00000000
0.00000000
0.00000000
0.00001621
0.00006471
0.00014528
0.00025769
0.00040174
0.00057720
0.00078386
0.00102151
0.00128992
0.00158889
0.00191819
0.00227760
0.00266691
0.00308591
0.00353438
0.00401209
0.00451884
0.00505440
0.00561856
0.00621111
0.00683183
0.00748049
0.00815689
0.00886080
0.00959201
0.01035031
0.01113547
0.01194729
0.01278554
0.01365000
0.01454046
0.01545671
0.01639852
0.01736569
0.01835799
0.01937520
0.02041711
0.02148351
0.02257418
0.02368889
0.02482744
0.02598960
0.02717516
0.02838391
0.02961562
0.03087009
0.03214709
0.03344640
0.03476781
0.03611111
0.03747608
0.03886249
0.04027014
0.04169880
0.04314826
0.04461831
0.04610873
0.04761929
0.04914979
0.05070000
0.05226971
0.05385871
0.05546677
0.05709369
0.05873924
0.06040320
0.06208536
0.06378551
0.06550343
0.06723889
0.06899169
0.07076160
0.07254841
0.07435191
0.07617188
0.07800809
0.07986034
0.08172840
0.08361206
0.08551111
0.08742533
0.08935449
0.09129839
0.09325680
0.09522951
0.09721631
0.09921697
0.10123129
0.10325904
0.10530000
0.10735396
0.10942071
0.11150003
0.11359169
0.11569549
0.11781120
0.11993861
0.12207751
0.12422768
0.12638889
0.12856094
0.13074360
0.13293666
0.13513991
0.13735312
0.13957609
0.14180859
0.14405040
0.14630131
0.14856111
0.15082957
0.15310649
0.15539164
0.15768480
0.15998576
0.16229431
0.16461022
0.16693329
0.16926329
0.17160000
0.17394321
0.17629271
0.17864827
0.18100969
0.18337674
0.18574920
0.18812686
0.19050951
0.19289692
0.19528889
0.19768519
0.20008560
0.20248991
0.20489791
0.20730938
0.20972409
0.21214184
0.21456240
0.21698556
0.21941111
0.22183882
0.22426849
0.22669989
0.22913280
0.23156701
0.23400231
0.23643848
0.23887529
0.24131254
0.24375000
0.24618746
0.24862471
0.25106153
0.25349769
0.25593299
0.25836720
0.26080011
0.26323151
0.26566118
0.26808889
0.27051444
0.27293760
0.27535816
0.27777591
0.28019063
0.28260209
0.28501009
0.28741440
0.28981481
0.29221111
0.29460308
0.29699049
0.29937314
0.30175080
0.30412326
0.30649031
0.30885172
0.31120729
0.31355679
0.31590000
0.31823671
0.32056671
0.32288977
0.32520569
0.32751424
0.32981520
0.33210836
0.33439351
0.33667043
0.33893889
0.34119869
0.34344960
0.34569141
0.34792391
0.35014688
0.35236009
0.35456334
0.35675640
0.35893906
0.36111111
0.36327233
0.36542249
0.36756139
0.36968880
0.37180451
0.37390831
0.37599997
0.37807929
0.38014604
0.38220000
0.38424096
0.38626871
0.38828303
0.39028369
0.39227049
0.39424320
0.39620161
0.39814551
0.40007467
0.40198889
0.40388794
0.40577160
0.40763966
0.40949191
0.41132813
0.41314809
0.41495159
0.41673840
0.41850831
0.42026111
0.42199657
0.42371449
0.42541464
0.42709680
0.42876076
0.43040631
0.43203323
0.43364129
0.43523029
0.43680000
0.43835021
0.43988071
0.44139128
0.44288169
0.44435174
0.44580120
0.44722986
0.44863751
0.45002393
0.45138889
0.45273219
0.45405360
0.45535291
0.45662991
0.45788438
0.45911609
0.46032484
0.46151040
0.46267256
0.46381111
0.46492583
0.46601649
0.46708289
0.46812480
0.46914201
0.47013431
0.47110148
0.47204329
0.47295954
0.47385000
0.47471446
0.47555271
0.47636453
0.47714969
0.47790799
0.47863920
0.47934311
0.48001951
0.48066818
0.48128889
0.48188144
0.48244560
0.48298116
0.48348791
0.48396563
0.48441409
0.48483309
0.48522240
0.48558181
0.48591111
0.48621008
0.48647849
0.48671614
0.48692280
0.48709826
0.48724231
0.48735473
0.48743529
0.48748379
0.48750000
0.48750000
0.48750000
0.48750000
0.48750000
0.48750000
0.48750000
0.48750000
0.48750000
0.48750000
0.48750000
0.48750000
0.48750000
0.48750000
0.48750000
0.48750000
0.48750000
0.48750000
0.48750000
0.48750000
0.48750000
0.48750000
0.48750000
0.48750000
0.48750000
0.48750000
0.48750000
0.48750000
0.48750000
0.48750000
0.48750000
0.48750000
0.48750000
0.48750000
0.48750000
0.48750000
0.48750000
0.48750000
0.48750000
0.48750000
0.48750000
0.48750000
0.48750000
0.48750000
0.48750000
0.48750000
0.48750000
0.48750000
0.48750000
0.48750000
0.48750000
0.48750000
0.48750000
0.48750000
0.48750000
0.48750000
0.48750000
0.48750000
0.48750000
0.48750000
0.48750000
0.48750000
0.48750000
0.48750000
0.48750000
0.48750000
0.48750000
0.48750000
0.48750000
0.48750000
0.48750000
0.48750000
0.48750000
0.48750000
0.48750000
0.48750000
0.48750000
0.48750000
0.48750000
0.48750000
0.48750000
0.48750000
0.48750000
0.48750000
0.48750000
0.48750000
0.48750000
0.48750000
0.48750000
0.48750000
0.48750000
0.48750000
0.48750000
0.48750000
0.48750000
0.48750000
0.48750000
0.48750000
0.48750000
0.48750000
0.48750000
0.48750000
0.48750000
0.48750000
0.48750000
0.48750000
0.48750000
0.48750000
0.48750000
0.48750000
0.48750000
0.48750000
0.48750000
0.48750000
0.48750000
0.48750000
0.48750000
0.48750000
0.48750000
0.48750000
0.48750000
0.48750000
0.48750000
0.48750000
0.48750000
0.48750000
0.48750000
0.48750000
0.48750000
0.48750000
0.48750000
0.48750000
0.48750000
0.48750000
0.48750000
0.48750000
0.48750000
0.48750000
0.48750000
0.48750000
0.48750000
0.48750000
0.48750000
0.48750000
0.48750000
0.48750000
0.48750000
0.48750000
0.48750000
0.48750000
0.48750000
0.48750000
0.48750000
0.48750000
0.48750000
0.48750000
0.48750000
0.48750000
0.48750000
0.48750000
0.48750000
0.48750000
0.48750000
0.48750000
0.48750000
0.48750000
0.48750000
0.48750000
0.48750000
0.48750000
0.48750000
0.48750000
0.48750000
0.48750000
0.48750000
0.48750000
0.48750000
0.48750000
0.48750000
0.48750000
0.48750000
0.48750000
0.48750000
0.48750000
0.48750000
0.48750000
0.48750000
0.48750000
0.48750000
0.48750000
0.48750000
0.48750000
0.48750000
0.48750000
0.48750000
0.48750000
0.48750000
0.48750000
0.48750000
0.48750000
0.48750000
0.48750000
0.48750000
0.48750000
0.48750000
0.48750000
0.48750000
0.48750000
0.48750000
0.48750000
0.48750000
0.48750000
0.48750000
0.48750000
0.48750000
0.48750000
0.48750000
0.48750000
0.48750000
0.48750000
0.48750000
0.48750000
0.48750000
0.48750000
0.48750000
0.48750000
0.48750000
0.48750000
0.48750000
0.48750000
0.48750000
0.48750000
0.48750000
0.48750000
0.48750000
0.48750000
0.48750000
0.48750000
0.48750000
0.48750000
0.48750000
0.48750000
0.48750000
0.48750000
0.48750000
0.48750000
0.48750000
0.48750000
0.48750000
0.48750000
0.48750000
0.48750000
0.48750000
0.48750000
0.48750000
0.48750000
0.48750000
0.48750000
0.48750000
0.48750000
0.48750000
0.48750000
0.48750000
0.48750000
0.48750000
0.48750000
0.48750000
0.48750000
0.48750000
0.48750000
0.48750000
0.48750000
0.48750000
0.48750000
0.48750000
0.48750000
0.48750000
0.48750000
0.48750000
0.48750000
0.48750000
0.48750000
0.48750000
0.48750000
0.48750000
0.48750000
0.48750000
0.48750000
0.48750000
0.48750000
0.48750000
0.48750000
0.48750000
0.48750000
0.48750000
0.48750000
0.48750000
0.48750000
0.48750000
0.48750000
0.48750000
0.48750000
0.48750000
0.48750000
0.48750000
0.48750000
0.48750000
0.48750000
0.48750000
0.48750000
0.48750000
0.48750000
0.48750000
0.48750000
0.48750000
0.48750000
0.48750000
0.48750000
0.48750000
0.48750000
0.48750000
0.48750000
0.48750000
0.48750000
0.48750000
0.48750000
0.48750000
0.48750000
0.48750000
0.48750000
0.48750000
0.48750000
0.48750000
0.48750000
0.48750000
0.48750000
0.48750000
0.48750000
0.48750000
0.48750000
0.48750000
0.48750000
0.48750000
0.48750000
0.48750000
0.48750000
0.48750000
0.48750000
0.48750000
0.48750000
0.48750000
0.48750000
0.48750000
0.48750000
0.48750000
0.48750000
0.48750000
0.48750000
0.48750000
0.48750000
0.48750000
0.48750000
0.48750000
0.48750000
0.48750000
0.48750000
0.48750000
0.48750000
0.48750000
0.48750000
0.48750000
0.48750000
0.48750000
0.48750000
0.48750000
0.48750000
0.48750000
0.48750000
0.48750000
0.48750000
0.48750000
0.48750000
0.48750000
0.48750000
0.48750000
0.48750000
0.48750000
0.48750000
0.48750000
0.48750000
0.48750000
0.48750000
0.48750000
0.48750000
0.48750000
0.48750000
0.48750000
0.48750000
0.48750000
0.48750000
0.48750000
0.48750000
0.48750000
0.48750000
0.48750000
0.48750000
0.48750000
0.48750000
0.48750000
0.48750000
0.48750000
0.48750000
0.48750000
0.48750000
0.48750000
0.48750000
0.48750000
0.48750000
0.48750000
0.48750000
0.48750000
0.48750000
0.48750000
0.48750000
0.48750000
0.48750000
0.48750000
0.48750000
0.48750000
0.48750000
0.48750000
0.48750000
0.48750000
0.48750000
0.48750000
0.48750000
0.48750000
0.48750000
0.48750000
0.48750000
0.48750000
0.48750000
0.48750000
0.48750000
0.48750000
0.48750000
0.48750000
0.48750000
0.48750000
0.48750000
0.48750000
0.48747666
0.48740690
0.48729108
0.48712959
0.48692280
0.48667108
0.48637480
0.48603435
0.48565009
0.48522240
0.48475165
0.48423823
0.48368249
0.48308483
0.48244560
0.48176519
0.48104397
0.48028232
0.47948060
0.47863920
0.47775849
0.47683884
0.47588062
0.47488422
0.47385000
0.47277834
0.47166962
0.47052420
0.46934247
0.46812480
0.46687156
0.46558312
0.46425987
0.46290217
0.46151040
0.46008493
0.45862615
0.45713441
0.45561011
0.45405360
0.45246527
0.45084549
0.44919464
0.44751308
0.44580120
0.44405937
0.44228796
0.44048734
0.43865790
0.43680000
0.43491402
0.43300034
0.43105932
0.42909135
0.42709680
0.42507604
0.42302944
0.42095739
0.41886025
0.41673840
0.41459221
0.41242207
0.41022833
0.40801139
0.40577160
0.40350935
0.40122501
0.39891896
0.39659156
0.39424320
0.39187425
0.38948508
0.38707606
0.38464758
0.38220000
0.37973370
0.37724906
0.37474644
0.37222623
0.36968880
0.36713452
0.36456376
0.36197691
0.35937433
0.35675640
0.35412349
0.35147599
0.34881425
0.34613867
0.34344960
0.34074743
0.33803253
0.33530528
0.33256604
0.32981520
0.32705313
0.32428020
0.32149678
0.31870326
0.31590000
0.31308738
0.31026578
0.30743556
0.30459711
0.30175080
0.29889700
0.29603608
0.29316843
0.29029441
0.28741440
0.28452877
0.28163791
0.27874217
0.27584195
0.27293760
0.27002951
0.26711805
0.26420360
0.26128652
0.25836720
0.25544601
0.25252332
0.24959950
0.24667494
0.24375000
0.24082506
0.23790050
0.23497668
0.23205399
0.22913280
0.22621348
0.22329640
0.22038195
0.21747049
0.21456240
0.21165805
0.20875783
0.20586209
0.20297123
0.20008560
0.19720559
0.19433157
0.19146392
0.18860300
0.18574920
0.18290289
0.18006444
0.17723422
0.17441262
0.17160000
0.16879674
0.16600322
0.16321980
0.16044687
0.15768480
0.15493396
0.15219472
0.14946747
0.14675257
0.14405040
0.14136133
0.13868575
0.13602401
0.13337651
0.13074360
0.12812567
0.12552309
0.12293624
0.12036548
0.11781120
0.11527377
0.11275356
0.11025094
0.10776630
0.10530000
0.10285242
0.10042394
0.09801492
0.09562575
0.09325680
0.09090844
0.08858104
0.08627499
0.08399065
0.08172840
0.07948861
0.07727167
0.07507793
0.07290779
0.07076160
0.06863975
0.06654261
0.06447056
0.06242396
0.06040320
0.05840865
0.05644068
0.05449966
0.05258598
0.05070000
0.04884210
0.04701266
0.04521204
0.04344063
0.04169880
0.03998692
0.03830536
0.03665451
0.03503473
0.03344640
0.03188989
0.03036559
0.02887385
0.02741507
0.02598960
0.02459783
0.02324013
0.02191688
0.02062844
0.01937520
0.01815753
0.01697580
0.01583038
0.01472166
0.01365000
0.01261578
0.01161938
0.01066116
0.00974151
0.00886080
0.00801940
0.00721768
0.00645603
0.00573481
0.00505440
0.00441517
0.00381751
0.00326177
0.00274835
0.00227760
0.00184991
0.00146565
0.00112520
0.00082892
0.00057720
0.00037041
0.00020892
0.00009310
0.00002334
0.00000000
0.00000000
0.00000000
0.00000000
0.00000000
0.00000000
0.00000000
0.00000000
0.00000000
0.00000000
0.00000000
0.00000000
0.00000000
0.00000000
0.00000000
0.00000000
0.00000000
0.00000000
0.00000000
0.00000000
0.00000000
0.00000000
0.00000000
0.00000000
0.00000000
0.00000000
0.00000000
0.00000000
0.00000000
0.00000000
0.00000000
0.00000000
0.00000000
0.00000000
0.00000000
0.00000000
0.00000000
0.00000000
0.00000000
0.00000000
0.00000000
0.00000000
0.00000000
0.00000000
0.00000000
0.00000000
0.00000000
0.00000000
0.00000000
0.00000000
0.00000000
0.00000000
0.00000000
0.00000000
0.00000000
0.00000000
0.00000000
0.00000000
0.00000000
0.00000000
0.00000000
0.00000000
0.00000000
0.00000000
0.00000000
0.00000000
0.00000000
0.00000000
0.00000000
0.00000000
0.00000000
0.00000000
0.00000000
0.00000000
0.00000000
0.00000000
0.00000000
0.00000000
0.00000000
0.00000000
0.00000000
0.00000000
0.00000000
0.00000000
0.00000000
0.00000000
0.00000000
0.00000000
0.00000000
0.00000000
0.00000000
0.00000000
0.00000000
0.00000000
0.00000000
0.00000000
0.00000000
0.00000000
0.00000000
0.00000000
0.00000000
0.00000000
0.00000000
0.00000000
0.00000000
0.00000000
0.00000000
0.00000000
0.00000000
0.00000000
0.00000000
0.00000000
0.00000000
0.00000000
0.00000000
0.00000000
0.00000000
0.00000000
0.00000000
0.00000000
0.00000000
0.00000000
0.00000000
0.00000000
0.00000000
0.00000000
0.00000000
0.00000000
0.00000000
0.00000000
0.00000000
0.00000000
0.00000000
0.00000000
0.00000000
0.00000000
0.00000000
0.00000000
0.00000000
0.00000000
0.00000000
0.00000000
0.00000000
0.00000000
0.00000000
0.00000000
0.00000000
0.00000000
0.00000000
0.00000000
0.00000000
0.00000000
0.00000000
0.00000000
0.00000000
0.00000000
0.00000000
0.00000000
0.00000000
0.00000000
0.00000000
0.00000000
0.00000000
0.00000000
0.00000000
0.00000000
0.00000000
0.00000000
0.00000000
0.00000000
0.00000000
0.00000000
0.00000000
0.00000000
0.00000000
0.00000000
0.00000000
0.00000000
0.00000000
0.00000000
0.00000000
0.00000000
0.00000000
0.00000000
0.00000000
0.00000000
0.00000000
0.00000000
0.00000000
0.00000000
0.00000000
0.00000000
0.00000000
0.00000000
0.00000000
0.00000000
0.00000000
0.00000000
0.00000000
0.00000000
0.00000000
0.00001833
0.00007319
0.00016436
0.00029164
0.00045481
0.00065367
0.00088800
0.00115760
0.00146225
0.00180175
0.00217588
0.00258444
0.00302722
0.00350400
0.00401458
0.00455874
0.00513628
0.00574699
0.00639065
0.00706706
0.00777600
0.00851727
0.00929066
0.01009595
0.01093294
0.01180142
0.01270118
0.01363200
0.01459368
0.01558601
0.01660877
0.01766176
0.01874477
0.01985759
0.02100000
0.02217180
0.02337278
0.02460273
0.02586143
0.02714869
0.02846428
0.02980800
0.03117964
0.03257899
0.03400583
0.03545997
0.03694118
0.03844926
0.03998400
0.04154519
0.04313262
0.04474608
0.04638535
0.04805024
0.04974052
0.05145600
0.05319645
0.05496168
0.05675146
0.05856560
0.06040387
0.06226608
0.06415200
0.06606143
0.06799417
0.06994999
0.07192870
0.07393008
0.07595391
0.07800000
0.08006813
0.08215809
0.08426967
0.08640266
0.08855685
0.09073203
0.09292800
0.09514454
0.09738143
0.09963848
0.10191548
0.10421220
0.10652844
0.10886400
0.11121866
0.11359221
0.11598444
0.11839515
0.12082412
0.12327114
0.12573600
0.12821850
0.13071841
0.13323555
0.13576968
0.13832061
0.14088812
0.14347200
0.14607205
0.14868805
0.15131979
0.15396707
0.15662967
0.15930738
0.16200000
0.16470731
0.16742911
0.17016518
0.17291531
0.17567930
0.17845693
0.18124800
0.18405229
0.18686960
0.18969971
0.19254241
0.19539750
0.19826477
0.20114400
0.20403499
0.20693752
0.20985138
0.21277637
0.21571228
0.21865889
0.22161600
0.22458339
0.22756086
0.23054820
0.23354519
0.23655163
0.23956730
0.24259200
0.24562552
0.24866764
0.25171816
0.25477686
0.25784355
0.26091799
0.26400000
0.26708935
0.27018584
0.27328926
0.27639939
0.27951603
0.28263897
0.28576800
0.28890290
0.29204348
0.29518950
0.29834078
0.30149710
0.30465824
0.30782400
0.31099417
0.31416854
0.31734689
0.32052903
0.32371473
0.32690379
0.33009600
0.33329115
0.33648903
0.33968942
0.34289213
0.34609693
0.34930363
0.35251200
0.35572184
0.35893294
0.36214510
0.36535809
0.36857171
0.37178575
0.37500000
0.37821425
0.38142829
0.38464191
0.38785490
0.39106706
0.39427816
0.39748800
0.40069637
0.40390307
0.40710787
0.41031058
0.41351097
0.41670885
0.41990400
0.42309621
0.42628527
0.42947097
0.43265311
0.43583146
0.43900583
0.44217600
0.44534176
0.44850290
0.45165922
0.45481050
0.45795652
0.46109710
0.46423200
0.46736103
0.47048397
0.47360061
0.47671074
0.47981416
0.48291065
0.48600000
0.48908201
0.49215645
0.49522314
0.49828184
0.50133236
0.50437448
0.50740800
0.51043270
0.51344837
0.51645481
0.51945180
0.52243914
0.52541661
0.52838400
0.53134111
0.53428772
0.53722363
0.54014862
0.54306248
0.54596501
0.54885600
0.55173523
0.55460250
0.55745759
0.56030029
0.56313040
0.56594771
0.56875200
0.57154307
0.57432070
0.57708469
0.57983482
0.58257089
0.58529269
0.58800000
0.59069262
0.59337033
0.59603293
0.59868021
0.60131195
0.60392795
0.60652800
0.60911188
0.61167939
0.61423032
0.61676445
0.61928159
0.62178150
0.62426400
0.62672886
0.62917588
0.63160485
0.63401556
0.63640779
0.63878134
0.64113600
0.64347156
0.64578780
0.64808452
0.65036152
0.65261857
0.65485546
0.65707200
0.65926797
0.66144315
0.66359734
0.66573033
0.66784191
0.66993187
0.67200000
0.67404609
0.67606992
0.67807130
0.68005001
0.68200583
0.68393857
0.68584800
0.68773392
0.68959613
0.69143440
0.69324854
0.69503832
0.69680355
0.69854400
0.70025948
0.70194976
0.70361465
0.70525392
0.70686738
0.70845481
0.71001600
0.71155074
0.71305882
0.71454003
0.71599417
0.71742101
0.71882036
0.72019200
0.72153572
0.72285131
0.72413857
0.72539727
0.72662722
0.72782820
0.72900000
0.73014241
0.73125523
0.73233824
0.73339123
0.73441399
0.73540632
0.73636800
0.73729882
0.73819858
0.73906706
0.73990405
0.74070934
0.74148273
0.74222400
0.74293294
0.74360935
0.74425301
0.74486372
0.74544126
0.74598542
0.74649600
0.74697278
0.74741556
0.74782412
0.74819825
0.74853775
0.74884240
0.74911200
0.74934633
0.74954519
0.74970836
0.74983564
0.74992681
0.74998167
0.75000000
0.75000000
0.75000000
0.75000000
0.75000000
0.75000000
0.75000000
0.75000000
0.75000000
0.75000000
0.75000000
0.75000000
0.75000000
0.75000000
0.75000000
0.75000000
0.75000000
0.75000000
0.75000000
0.75000000
0.75000000
0.75000000
0.75000000
0.75000000
0.75000000
0.75000000
0.75000000
0.75000000
0.75000000
0.75000000
0.75000000
0.75000000
0.75000000
0.75000000
0.75000000
0.75000000
0.75000000
0.75000000
0.75000000
0.75000000
0.75000000
0.75000000
0.75000000
0.75000000
0.75000000
0.75000000
0.75000000
0.75000000
0.75000000
0.75000000
0.75000000
0.75000000
0.75000000
0.75000000
0.75000000
0.75000000
0.75000000
0.75000000
0.75000000
0.75000000
0.75000000
0.75000000
0.75000000
0.75000000
0.75000000
0.75000000
0.75000000
0.75000000
0.75000000
0.75000000
0.75000000
0.75000000
0.75000000
0.75000000
0.75000000
0.75000000
0.75000000
0.75000000
0.75000000
0.75000000
0.75000000
0.75000000
0.75000000
0.75000000
0.75000000
0.75000000
0.75000000
0.75000000
0.75000000
0.75000000
0.75000000
0.75000000
0.75000000
0.75000000
0.75000000
0.75000000
0.75000000
0.75000000
0.75000000
0.75000000
0.75000000
0.75000000
0.75000000
0.75000000
0.75000000
0.75000000
0.75000000
0.75000000
0.75000000
0.75000000
0.75000000
0.75000000
0.75000000
0.75000000
0.75000000
0.75000000
0.75000000
0.75000000
0.75000000
0.75000000
0.75000000
0.75000000
0.75000000
0.75000000
0.75000000
0.75000000
0.75000000
0.75000000
0.75000000
0.75000000
0.75000000
0.75000000
0.75000000
0.75000000
0.75000000
0.75000000
0.75000000
0.75000000
0.75000000
0.75000000
0.75000000
0.75000000
0.75000000
0.75000000
0.75000000
0.75000000
0.75000000
0.75000000
0.75000000
0.75000000
0.75000000
0.75000000
0.75000000
0.75000000
0.75000000
0.75000000
0.75000000
0.75000000
0.75000000
0.75000000
0.75000000
0.75000000
0.75000000
0.75000000
0.75000000
0.75000000
0.75000000
0.75000000
0.75000000
0.75000000
0.75000000
0.75000000
0.75000000
0.75000000
0.75000000
0.75000000
0.75000000
0.75000000
0.75000000
0.75000000
0.75000000
0.75000000
0.75000000
0.75000000
0.75000000
0.75000000
0.75000000
0.75000000
0.75000000
0.75000000
0.75000000
0.75000000
0.75000000
0.75000000
0.75000000
0.75000000
0.75000000
0.75000000
0.75000000
0.75000000
0.75000000
0.75000000
0.75000000
0.75000000
0.75000000
0.75000000
0.75000000
0.75000000
0.75000000
0.75000000
0.75000000
0.75000000
0.75000000
0.75000000
0.75000000
0.75000000
0.75000000
0.75000000
0.75000000
0.75000000
0.75000000
0.75000000
0.75000000
0.75000000
0.75000000
0.75000000
0.75000000
0.75000000
0.75000000
0.75000000
0.75000000
0.75000000
0.75000000
0.75000000
0.75000000
0.75000000
0.75000000
0.75000000
0.75000000
0.75000000
0.75000000
0.75000000
0.75000000
0.75000000
0.75000000
0.75000000
0.75000000
0.75000000
0.75000000
0.75000000
0.75000000
0.75000000
0.75000000
0.75000000
0.75000000
0.75000000
0.75000000
0.75000000
0.75000000
0.75000000
0.75000000
0.75000000
0.75000000
0.75000000
0.75000000
0.75000000
0.75000000
0.75000000
0.75000000
0.75000000
0.75000000
0.75000000
0.75000000
0.75000000
0.75000000
0.75000000
0.75000000
0.75000000
0.75000000
0.75000000
0.75000000
0.75000000
0.75000000
0.75000000
0.75000000
0.75000000
0.75000000
0.75000000
0.75000000
0.75000000
0.75000000
0.75000000
0.75000000
0.75000000
0.75000000
0.75000000
0.75000000
0.75000000
0.75000000
0.75000000
0.75000000
0.75000000
0.75000000
0.75000000
0.75000000
0.75000000
0.75000000
0.75000000
0.75000000
0.75000000
0.75000000
0.75000000
0.75000000
0.75000000
0.75000000
0.75000000
0.75000000
0.75000000
0.75000000
0.75000000
0.75000000
0.75000000
0.75000000
0.75000000
0.75000000
0.75000000
0.75000000
0.75000000
0.75000000
0.75000000
0.75000000
0.75000000
0.75000000
0.75000000
0.75000000
0.75000000
0.75000000
0.75000000
0.75000000
0.75000000
0.75000000
0.75000000
0.75000000
0.75000000
0.75000000
0.75000000
0.75000000
0.75000000
0.75000000
0.75000000
0.75000000
0.75000000
0.75000000
0.75000000
0.75000000
0.75000000
0.75000000
0.75000000
0.75000000
0.75000000
0.75000000
0.75000000
0.75000000
0.75000000
0.75000000
0.75000000
0.75000000
0.75000000
0.75000000
0.75000000
0.75000000
0.75000000
0.75000000
0.75000000
0.75000000
0.75000000
0.75000000
0.75000000
0.75000000
0.75000000
0.75000000
0.75000000
0.75000000
0.75000000
0.75000000
0.75000000
0.75000000
0.75000000
0.75000000
0.75000000
0.75000000
0.75000000
0.75000000
0.75000000
0.75000000
0.75000000
0.75000000
0.75000000
0.75000000
0.75000000
0.75000000
0.75000000
0.75000000
0.75000000
0.75000000
0.75000000
0.75000000
0.75000000
0.75000000
0.75000000
0.75000000
0.75000000
0.75000000
0.75000000
0.75000000
0.75000000
0.75000000
0.75000000
0.75000000
0.75000000
0.75000000
0.75000000
0.75000000
0.75000000
0.75000000
0.75000000
0.75000000
0.75000000
0.75000000
0.75000000
0.75000000
0.75000000
0.75000000
0.75000000
0.75000000
0.75000000
0.75000000
0.75000000
0.75000000
0.75000000
0.75000000
0.75000000
0.75000000
0.75000000
0.75000000
0.75000000
0.75000000
0.75000000
0.75000000
0.75000000
0.75000000
0.75000000
0.75000000
0.75000000
0.75000000
0.75000000
0.75000000
0.75000000
0.75000000
0.75000000
0.75000000
0.75000000
0.75000000
0.75000000
0.75000000
0.75000000
0.75000000
0.75000000
0.75000000
0.75000000
0.75000000
0.75000000
0.75000000
0.75000000
0.75000000
0.75000000
0.75000000
0.75000000
0.75000000
0.75000000
0.75000000
0.75000000
0.75000000
0.75000000
0.75000000
0.75000000
0.75000000
0.75000000
0.75000000
0.75000000
0.75000000
0.75000000
0.75000000
0.75000000
0.75000000
0.75000000
0.75000000
0.75000000
0.75000000
0.75000000
0.75000000
0.75000000
0.75000000
0.75000000
0.75000000
0.75000000
0.75000000
0.75000000
0.75000000
0.75000000
0.75000000
0.75000000
0.75000000
0.75000000
0.75000000
0.75000000
0.75000000
0.75000000
0.75000000
0.75000000
0.75000000
0.75000000
0.75000000
0.75000000
0.75000000
0.75000000
0.75000000
0.75000000
0.75000000
0.75000000
0.75000000
0.75000000
0.75000000
0.75000000
0.75000000
0.75000000
0.75000000
0.75000000
0.75000000
0.75000000
0.75000000
0.75000000
0.75000000
0.75000000
0.75000000
0.75000000
0.75000000
0.75000000
0.75000000
0.75000000
0.75000000
0.75000000
0.75000000
0.75000000
0.75000000
0.75000000
0.75000000
0.75000000
0.75000000
0.75000000
0.75000000
0.75000000
0.75000000
0.75000000
0.75000000
0.75000000
0.75000000
0.75000000
0.75000000
0.75000000
0.75000000
0.75000000
0.75000000
0.75000000
0.75000000
0.75000000
0.75000000
0.75000000
0.75000000
0.75000000
0.75000000
0.75000000
0.75000000
0.75000000
0.75000000
0.75000000
0.75000000
0.75000000
0.75000000
0.75000000
0.75000000
0.75000000
0.75000000
0.75000000
0.75000000
0.75000000
0.75000000
0.75000000
0.75000000
0.75000000
0.75000000
0.75000000
0.75000000
0.75000000
0.75000000
0.75000000
0.75000000
0.75000000
0.75000000
0.75000000
0.75000000
0.75000000
0.75000000
0.75000000
0.75000000
0.75000000
0.75000000
0.75000000
0.75000000
0.75000000
0.75000000
0.75000000
0.75000000
0.75000000
0.75000000
0.75000000
0.75000000
0.75000000
0.75000000
0.75000000
0.75000000
0.75000000
0.75000000
0.75000000
0.75000000
0.75000000
0.75000000
0.75000000
0.75000000
0.75000000
0.75000000
0.75000000
0.75000000
0.75000000
0.75000000
0.75000000
0.75000000
0.75000000
0.75000000
0.75000000
0.75000000
0.74998167
0.74992681
0.74983564
0.74970836
0.74954519
0.74934633
0.74911200
0.74884240
0.74853775
0.74819825
0.74782412
0.74741556
0.74697278
0.74649600
0.74598542
0.74544126
0.74486372
0.74425301
0.74360935
0.74293294
0.74222400
0.74148273
0.74070934
0.73990405
0.73906706
0.73819858
0.73729882
0.73636800
0.73540632
0.73441399
0.73339123
0.73233824
0.73125523
0.73014241
0.72900000
0.72782820
0.72662722
0.72539727
0.72413857
0.72285131
0.72153572
0.72019200
0.71882036
0.71742101
0.71599417
0.71454003
0.71305882
0.71155074
0.71001600
0.70845481
0.70686738
0.70525392
0.70361465
0.70194976
0.70025948
0.69854400
0.69680355
0.69503832
0.69324854
0.69143440
0.68959613
0.68773392
0.68584800
0.68393857
0.68200583
0.68005001
0.67807130
0.67606992
0.67404609
0.67200000
0.66993187
0.66784191
0.66573033
0.66359734
0.66144315
0.65926797
0.65707200
0.65485546
0.65261857
0.65036152
0.64808452
0.64578780
0.64347156
0.64113600
0.63878134
0.63640779
0.63401556
0.63160485
0.62917588
0.62672886
0.62426400
0.62178150
0.61928159
0.61676445
0.61423032
0.61167939
0.60911188
0.60652800
0.60392795
0.60131195
0.59868021
0.59603293
0.59337033
0.59069262
0.58800000
0.58529269
0.58257089
0.57983482
0.57708469
0.57432070
0.57154307
0.56875200
0.56594771
0.56313040
0.56030029
0.55745759
0.55460250
0.55173523
0.54885600
0.54596501
0.54306248
0.54014862
0.53722363
0.53428772
0.53134111
0.52838400
0.52541661
0.52243914
0.51945180
0.51645481
0.51344837
0.51043270
0.50740800
0.50437448
0.50133236
0.49828184
0.49522314
0.49215645
0.48908201
0.48600000
0.48291065
0.47981416
0.47671074
0.47360061
0.47048397
0.46736103
0.46423200
0.46109710
0.45795652
0.45481050
0.45165922
0.44850290
0.44534176
0.44217600
0.43900583
0.43583146
0.43265311
0.42947097
0.42628527
0.42309621
0.41990400
0.41670885
0.41351097
0.41031058
0.40710787
0.40390307
0.40069637
0.39748800
0.39427816
0.39106706
0.38785490
0.38464191
0.38142829
0.37821425
0.37500000
0.37178575
0.36857171
0.36535809
0.36214510
0.35893294
0.35572184
0.35251200
0.34930363
0.34609693
0.34289213
0.33968942
0.33648903
0.33329115
0.33009600
0.32690379
0.32371473
0.32052903
0.31734689
0.31416854
0.31099417
0.30782400
0.30465824
0.30149710
0.29834078
0.29518950
0.29204348
0.28890290
0.28576800
0.28263897
0.27951603
0.27639939
0.27328926
0.27018584
0.26708935
0.26400000
0.26091799
0.25784355
0.25477686
0.25171816
0.24866764
0.24562552
0.24259200
0.23956730
0.23655163
0.23354519
0.23054820
0.22756086
0.22458339
0.22161600
0.21865889
0.21571228
0.21277637
0.20985138
0.20693752
0.20403499
0.20114400
0.19826477
0.19539750
0.19254241
0.18969971
0.18686960
0.18405229
0.18124800
0.17845693
0.17567930
0.17291531
0.17016518
0.16742911
0.16470731
0.16200000
0.15930738
0.15662967
0.15396707
0.15131979
0.14868805
0.14607205
0.14347200
0.14088812
0.13832061
0.13576968
0.13323555
0.13071841
0.12821850
0.12573600
0.12327114
0.12082412
0.11839515
0.11598444
0.11359221
0.11121866
0.10886400
0.10652844
0.10421220
0.10191548
0.09963848
0.09738143
0.09514454
0.09292800
0.09073203
0.08855685
0.08640266
0.08426967
0.08215809
0.08006813
0.07800000
0.07595391
0.07393008
0.07192870
0.06994999
0.06799417
0.06606143
0.06415200
0.06226608
0.06040387
0.05856560
0.05675146
0.05496168
0.05319645
0.05145600
0.04974052
0.04805024
0.04638535
0.04474608
0.04313262
0.04154519
0.03998400
0.03844926
0.03694118
0.03545997
0.03400583
0.03257899
0.03117964
0.02980800
0.02846428
0.02714869
0.02586143
0.02460273
0.02337278
0.02217180
0.02100000
0.01985759
0.01874477
0.01766176
0.01660877
0.01558601
0.01459368
0.01363200
0.01270118
0.01180142
0.01093294
0.01009595
0.00929066
0.00851727
0.00777600
0.00706706
0.00639065
0.00574699
0.00513628
0.00455874
0.00401458
0.00350400
0.00302722
0.00258444
0.00217588
0.00180175
0.00146225
0.00115760
0.00088800
0.00065367
0.00045481
0.00029164
0.00016436
0.00007319
0.00001833
0.00000000
0.00000000
0.00000000
0.00000000
0.00000000
0.00000000
0.00000000
0.00000000
0.00000000
0.00000000
0.00000000
0.00000000
0.00000000
0.00000000
0.00000000
0.00000000
0.00000000
0.00000000
0.00000000
0.00000000
0.00000000
0.00000000
0.00000000
0.00000000
0.00000000
0.00000000
0.00000000
0.00000000
0.00000000
0.00000000
0.00000000
0.00000000
0.00000000
0.00000000
0.00000000
0.00000000
0.00000000
0.00000000
0.00000000
0.00000000
0.00000000
0.00000000
0.00000000
0.00000000
0.00000000
0.00000000
0.00000000
0.00000000
0.00000000
0.00000000
0.00000000
0.00000000
0.00000000
0.00000000
0.00000000
0.00000000
0.00000000
0.00000000
0.00000000
0.00000000
0.00000000
0.00000000
0.00000000
0.00000000
0.00000000
0.00000000
0.00000000
0.00000000
0.00000000
0.00000000
0.00000000
0.00000000
0.00000000
0.00000000
0.00000000
0.00000000
0.00000000
0.00000000
0.00000000
0.00000000
0.00000000
0.00000000
0.00000000
0.00000000
0.00000000
0.00000000
0.00000000
0.00000000
0.00000000
0.00000000
0.00000000
0.00000000
0.00000000
0.00000000
0.00000000
0.00000000
0.00000000
0.00000000
0.00000000
0.00000000
0.00000000
0.00000000
0.00000000
0.00000000
0.00000000
0.00000000
0.00000000
0.00000000
0.00000000
0.00000000
0.00000000
0.00000000
0.00000000
0.00000000
0.00000000
0.00000000
0.00000000
0.00000000
0.00000000
0.00000000
0.00000000
0.00000000
0.00000000
0.00000000
0.00000000
0.00000000
0.00000000
0.00000000
0.00000000
0.00000000
0.00000000
0.00000000
0.00000000
0.00000000
0.00000000
0.00000000
0.00000000
0.00000000
0.00000000
0.00000000
0.00000000
0.00000000
0.00000000
0.00000000
0.00000000
0.00000000
0.00000000
0.00000000
0.00000000
0.00000000
0.00000000
0.00000000
0.00000000
0.00000000
0.00000000
0.00000000
0.00000000
0.00000000
0.00000000
0.00000000
0.00000000
0.00000000
0.00000000
0.00000000
0.00000000
0.00000000
0.00000000
0.00000000
0.00000000
0.00000000
0.00000000
0.00000000
0.00000000
0.00000000
0.00000000
0.00000000
0.00000000
0.00000000
0.00000000
0.00000000
0.00000000
0.00000000
0.00000000
0.00000000
0.00000000
0.00000000
0.00000000
0.00000000
0.00000000
0.00000000
0.00000000
0.00000000
0.00000000
0.00000000
0.00000000
0.00000000
0.00000000
0.00000000
0.00000000
0.00000000
0.00000000
0.00000000
0.00000000
0.00000000
0.00000000
0.00000000
0.00000000
0.00000000
0.00000000
0.00000000
0.00000000
0.00000000
0.00000000
0.00000000
0.00000000
0.00000000
0.00000000
0.00000000
0.00000000
0.00000000
0.00000000
0.00000000
0.00000000
0.00000000
0.00000000
0.00000000
0.00000000
0.00000000
0.00000000
0.00000000
0.00000000
0.00000000
0.00000000
0.00000000
0.00000000
0.00000000
0.00000000
0.00000000
0.00000000
0.00000000
0.00000000
0.00000000
0.00000000
0.00000000
0.00000000
0.00000000
0.00000000
0.00000000
0.00000000
0.00000000
0.00000000
0.00002872
0.00011459
0.00025713
0.00045588
0.00071040
0.00102021
0.00138486
0.00180388
0.00227681
0.00280320
0.00338258
0.00401449
0.00469847
0.00543406
0.00622080
0.00705823
0.00794588
0.00888330
0.00987003
0.01090560
0.01198956
0.01312143
0.01430077
0.01552712
0.01680000
0.01811896
0.01948355
0.02089329
0.02234772
0.02384640
0.02538885
0.02697462
0.02860324
0.03027425
0.03198720
0.03374162
0.03553705
0.03737303
0.03924910
0.04116480
0.04311967
0.04511324
0.04714506
0.04921467
0.05132160
0.05346540
0.05564559
0.05786173
0.06011336
0.06240000
0.06472120
0.06707651
0.06946545
0.07188756
0.07434240
0.07682949
0.07934838
0.08189860
0.08447969
0.08709120
0.08973266
0.09240361
0.09510359
0.09783214
0.10058880
0.10337311
0.10618460
0.10902282
0.11188731
0.11477760
0.11769324
0.12063375
0.12359869
0.12658760
0.12960000
0.13263544
0.13569347
0.13877361
0.14187540
0.14499840
0.14814213
0.15130614
0.15448996
0.15769313
0.16091520
0.16415570
0.16741417
0.17069015
0.17398318
0.17729280
0.18061855
0.18395996
0.18731658
0.19068795
0.19407360
0.19747308
0.20088591
0.20431165
0.20774984
0.21120000
0.21466168
0.21813443
0.22161777
0.22511124
0.22861440
0.23212677
0.23564790
0.23917732
0.24271457
0.24625920
0.24981074
0.25336873
0.25693271
0.26050222
0.26407680
0.26765599
0.27123932
0.27482634
0.27841659
0.28200960
0.28560492
0.28920207
0.29280061
0.29640008
0.30000000
0.30359992
0.30719939
0.31079793
0.31439508
0.31799040
0.32158341
0.32517366
0.32876068
0.33234401
0.33592320
0.33949778
0.34306729
0.34663127
0.35018926
0.35374080
0.35728543
0.36082268
0.36435210
0.36787323
0.37138560
0.37488876
0.37838223
0.38186557
0.38533832
0.38880000
0.39225016
0.39568835
0.39911409
0.40252692
0.40592640
0.40931205
0.41268342
0.41604004
0.41938145
0.42270720
0.42601682
0.42930985
0.43258583
0.43584430
0.43908480
0.44230687
0.44551004
0.44869386
0.45185787
0.45500160
0.45812460
0.46122639
0.46430653
0.46736456
0.47040000
0.47341240
0.47640131
0.47936625
0.48230676
0.48522240
0.48811269
0.49097718
0.49381540
0.49662689
0.49941120
0.50216786
0.50489641
0.50759639
0.51026734
0.51290880
0.51552031
0.51810140
0.52065162
0.52317051
0.52565760
0.52811244
0.53053455
0.53292349
0.53527880
0.53760000
0.53988664
0.54213827
0.54435441
0.54653460
0.54867840
0.55078533
0.55285494
0.55488676
0.55688033
0.55883520
0.56075090
0.56262697
0.56446295
0.56625838
0.56801280
0.56972575
0.57139676
0.57302538
0.57461115
0.57615360
0.57765228
0.57910671
0.58051645
0.58188104
0.58320000
0.58447288
0.58569923
0.58687857
0.58801044
0.58909440
0.59012997
0.59111670
0.59205412
0.59294177
0.59377920
0.59456594
0.59530153
0.59598551
0.59661742
0.59719680
0.59772319
0.59819612
0.59861514
0.59897979
0.59928960
0.59954412
0.59974287
0.59988541
0.59997128
0.60000000
0.60000000
0.60000000
0.60000000
0.60000000
0.60000000
0.60000000
0.60000000
0.60000000
0.60000000
0.60000000
0.60000000
0.60000000
0.60000000
0.60000000
0.60000000
0.60000000
0.60000000
0.60000000
0.60000000
0.60000000
0.60000000
0.60000000
0.60000000
0.60000000
0.60000000
0.60000000
0.60000000
0.60000000
0.60000000
0.60000000
0.60000000
0.60000000
0.60000000
0.60000000
0.60000000
0.60000000
0.60000000
0.60000000
0.60000000
0.60000000
0.60000000
0.60000000
0.60000000
0.60000000
0.60000000
0.60000000
0.60000000
0.60000000
0.60000000
0.60000000
0.60000000
0.60000000
0.60000000
0.60000000
0.60000000
0.60000000
0.60000000
0.60000000
0.60000000
0.60000000
0.60000000
0.60000000
0.60000000
0.60000000
0.60000000
0.60000000
0.60000000
0.60000000
0.60000000
0.60000000
0.60000000
0.60000000
0.60000000
0.60000000
0.60000000
0.60000000
0.60000000
0.60000000
0.60000000
0.60000000
0.60000000
0.60000000
0.60000000
0.60000000
0.60000000
0.60000000
0.60000000
0.60000000
0.60000000
0.60000000
0.60000000
0.60000000
0.60000000
0.60000000
0.60000000
0.60000000
0.60000000
0.60000000
0.60000000
0.60000000
0.60000000
0.60000000
0.60000000
0.60000000
0.60000000
0.60000000
0.60000000
0.60000000
0.60000000
0.60000000
0.60000000
0.60000000
0.60000000
0.60000000
0.60000000
0.60000000
0.60000000
0.60000000
0.60000000
0.60000000
0.60000000
0.60000000
0.60000000
0.60000000
0.60000000
0.60000000
0.60000000
0.60000000
0.60000000
0.60000000
0.60000000
0.60000000
0.60000000
0.60000000
0.60000000
0.60000000
0.60000000
0.60000000
0.60000000
0.60000000
0.60000000
0.60000000
0.60000000
0.60000000
0.60000000
0.60000000
0.60000000
0.60000000
0.60000000
0.60000000
0.60000000
0.60000000
0.60000000
0.60000000
0.60000000
0.60000000
0.60000000
0.60000000
0.60000000
0.60000000
0.60000000
0.60000000
0.60000000
0.60000000
0.60000000
0.60000000
0.60000000
0.60000000
0.60000000
0.60000000
0.60000000
0.60000000
0.60000000
0.60000000
0.60000000
0.60000000
0.60000000
0.60000000
0.60000000
0.60000000
0.60000000
0.60000000
0.60000000
0.60000000
0.60000000
0.60000000
0.60000000
0.60000000
0.60000000
0.60000000
0.60000000
0.60000000
0.60000000
0.60000000
0.60000000
0.60000000
0.60000000
0.60000000
0.60000000
0.60000000
0.60000000
0.60000000
0.60000000
0.60000000
0.60000000
0.60000000
0.60000000
0.60000000
0.60000000
0.60000000
0.60000000
0.60000000
0.60000000
0.60000000
0.60000000
0.60000000
0.60000000
0.60000000
0.60000000
0.60000000
0.60000000
0.60000000
0.60000000
0.60000000
0.60000000
0.60000000
0.60000000
0.60000000
0.60000000
0.60000000
0.60000000
0.60000000
0.60000000
0.60000000
0.60000000
0.60000000
0.60000000
0.60000000
0.60000000
0.60000000
0.60000000
0.60000000
0.60000000
0.60000000
0.60000000
0.60000000
0.60000000
0.60000000
0.60000000
0.60000000
0.60000000
0.60000000
0.60000000
0.60000000
0.60000000
0.60000000
0.60000000
0.60000000
0.60000000
0.60000000
0.60000000
0.60000000
0.60000000
0.60000000
0.60000000
0.60000000
0.60000000
0.60000000
0.60000000
0.60000000
0.60000000
0.60000000
0.60000000
0.60000000
0.60000000
0.60000000
0.60000000
0.60000000
0.60000000
0.60000000
0.60000000
0.60000000
0.60000000
0.60000000
0.60000000
0.60000000
0.60000000
0.60000000
0.60000000
0.60000000
0.60000000
0.60000000
0.60000000
0.60000000
0.60000000
0.60000000
0.60000000
0.60000000
0.60000000
0.60000000
0.59997128
0.59988541
0.59974287
0.59954412
0.59928960
0.59897979
0.59861514
0.59819612
0.59772319
0.59719680
0.59661742
0.59598551
0.59530153
0.59456594
0.59377920
0.59294177
0.59205412
0.59111670
0.59012997
0.58909440
0.58801044
0.58687857
0.58569923
0.58447288
0.58320000
0.58188104
0.58051645
0.57910671
0.57765228
0.57615360
0.57461115
0.57302538
0.57139676
0.56972575
0.56801280
0.56625838
0.56446295
0.56262697
0.56075090
0.55883520
0.55688033
0.55488676
0.55285494
0.55078533
0.54867840
0.54653460
0.54435441
0.54213827
0.53988664
0.53760000
0.53527880
0.53292349
0.53053455
0.52811244
0.52565760
0.52317051
0.52065162
0.51810140
0.51552031
0.51290880
0.51026734
0.50759639
0.50489641
0.50216786
0.49941120
0.49662689
0.49381540
0.49097718
0.48811269
0.48522240
0.48230676
0.47936625
0.47640131
0.47341240
0.47040000
0.46736456
0.46430653
0.46122639
0.45812460
0.45500160
0.45185787
0.44869386
0.44551004
0.44230687
0.43908480
0.43584430
0.43258583
0.42930985
0.42601682
0.42270720
0.41938145
0.41604004
0.41268342
0.40931205
0.40592640
0.40252692
0.39911409
0.39568835
0.39225016
0.38880000
0.38533832
0.38186557
0.37838223
0.37488876
0.37138560
0.36787323
0.36435210
0.36082268
0.35728543
0.35374080
0.35018926
0.34663127
0.34306729
0.33949778
0.33592320
0.33234401
0.32876068
0.32517366
0.32158341
0.31799040
0.31439508
0.31079793
0.30719939
0.30359992
0.30000000
0.29640008
0.29280061
0.28920207
0.28560492
0.28200960
0.27841659
0.27482634
0.27123932
0.26765599
0.26407680
0.26050222
0.25693271
0.25336873
0.24981074
0.24625920
0.24271457
0.23917732
0.23564790
0.23212677
0.22861440
0.22511124
0.22161777
0.21813443
0.21466168
0.21120000
0.20774984
0.20431165
0.20088591
0.19747308
0.19407360
0.19068795
0.18731658
0.18395996
0.18061855
0.17729280
0.17398318
0.17069015
0.16741417
0.16415570
0.16091520
0.15769313
0.15448996
0.15130614
0.14814213
0.14499840
0.14187540
0.13877361
0.13569347
0.13263544
0.12960000
0.12658760
0.12359869
0.12063375
0.11769324
0.11477760
0.11188731
0.10902282
0.10618460
0.10337311
0.10058880
0.09783214
0.09510359
0.09240361
0.08973266
0.08709120
0.08447969
0.08189860
0.07934838
0.07682949
0.07434240
0.07188756
0.06946545
0.06707651
0.06472120
0.06240000
0.06011336
0.05786173
0.05564559
0.05346540
0.05132160
0.04921467
0.04714506
0.04511324
0.04311967
0.04116480
0.03924910
0.03737303
0.03553705
0.03374162
0.03198720
0.03027425
0.02860324
0.02697462
0.02538885
0.02384640
0.02234772
0.02089329
0.01948355
0.01811896
0.01680000
0.01552712
0.01430077
0.01312143
0.01198956
0.01090560
0.00987003
0.00888330
0.00794588
0.00705823
0.00622080
0.00543406
0.00469847
0.00401449
0.00338258
0.00280320
0.00227681
0.00180388
0.00138486
0.00102021
0.00071040
0.00045588
0.00025713
0.00011459
0.00002872
0.00000000
0.00000000
0.00000000
0.00000000
0.00000000
0.00000000
0.00000000
0.00000000
0.00000000
0.00000000
0.00000000
0.00000000
0.00000000
0.00000000
0.00000000
0.00000000
0.00000000
0.00000000
0.00000000
0.00000000
0.00000000
0.00000000
0.00000000
0.00000000
0.00000000
0.00000000
0.00000000
0.00000000
0.00000000
0.00000000
0.00000000
0.00000000
0.00000000
0.00000000
0.00000000
0.00000000
0.00000000
0.00000000
0.00000000
0.00000000
0.00000000
0.00000000
0.00000000
0.00000000
0.00000000
0.00000000
0.00000000
0.00000000
0.00000000
0.00000000
0.00000000
0.00000000
0.00000000
0.00000000
0.00000000
0.00000000
0.00000000
0.00000000
0.00000000
0.00000000
0.00000000
0.00000000
0.00000000
0.00000000
0.00000000
0.00000000
0.00000000
0.00000000
0.00000000
0.00000000
0.00000000
0.00000000
0.00000000
0.00000000
0.00000000
0.00000000
0.00000000
0.00000000
0.00000000
0.00000000
0.00000000
0.00000000
0.00000000
0.00000000
0.00000000
0.00000000
0.00000000
0.00000000
0.00000000
0.00000000
0.00000000
0.00000000
0.00000000
0.00000000
0.00000000
0.00000000
0.00000000
0.00000000
0.00000000
0.00000000
0.00000000
0.00000000
0.00000000
0.00000000
0.00000000
0.00000000
0.00000000
0.00000000
0.00000000
0.00000000
0.00000000
0.00000000
0.00000000
0.00000000
0.00000000
0.00000000
0.00000000
0.00000000
0.00000000
0.00000000
0.00000000
0.00000000
0.00000000
0.00000000
0.00000000
0.00000000
0.00000000
0.00000000
0.00000000
0.00000000
0.00000000
0.00000000
0.00000000
0.00000000
0.00000000
0.00000000
0.00000000
0.00000000
0.00000000
0.00000000
0.00000000
0.00000000
0.00000000
0.00000000
0.00000000
0.00000000
0.00000000
0.00000000
0.00000000
0.00000000
0.00000000
0.00000000
0.00000000
0.00000000
0.00000000
0.00000000
0.00000000
0.00000000
0.00000000
0.00000000
0.00000000
0.00000000
0.00000000
0.00000000
0.00000000
0.00000000
0.00000000
0.00000000
0.00000000
0.00000000
0.00000000
0.00000000
0.00000000
0.00000000
0.00000000
0.00000000
0.00000000
0.00000000
0.00000000
0.00000000
0.00000000
0.00000000
0.00000000
0.00000000
0.00000000
0.00000000
0.00000000
0.00000000
0.00000000
0.00000000
0.00000000
0.00000000
0.00000000
0.00000000
0.00000000
0.00000000
0.00000000
0.00000000
0.00000000
0.00000000
0.00000000
0.00000000
0.00000000
0.00000000
0.00000000
0.00000000
0.00000000
0.00000000
0.00000000
0.00000000
0.00000000
0.00000000
0.00000000
0.00000000
0.00000000
0.00000000
0.00000000
0.00000000
0.00000000
0.00000000
0.00000000
0.00000000
0.00000000
0.00000000
0.00000000
0.00000000
0.00000000
0.00000000
0.00000000
0.00000000
0.00000000
0.00000000
0.00000000
0.00000000
0.00000000
0.00000000
0.00000000
0.00000000
0.00000000
0.00000000
0.00000000
0.00000000
0.00000000
0.00000000
