1.00000000
1.00000000
1.00000000
1.00000000
1.00000000
1.00000000
1.00000000
1.00000000
1.00000000
1.00000000
1.00000000
1.00000000
1.00000000
1.00000000
1.00000000
1.00000000
1.00000000
1.00000000
1.00000000
1.00000000
1.00000000
1.00000000
1.00000000
1.00000000
1.00000000
1.00000000
1.00000000
1.00000000
1.00000000
1.00000000
1.00000000
1.00000000
1.00000000
1.00000000
1.00000000
1.00000000
1.00000000
1.00000000
1.00000000
1.00000000
1.00000000
1.00000000
1.00000000
1.00000000
1.00000000
1.00000000
1.00000000
1.00000000
1.00000000
1.00000000
1.00000000
1.00000000
1.00000000
1.00000000
1.00000000
1.00000000
1.00000000
1.00000000
1.00000000
1.00000000
1.00000000
1.00000000
1.00000000
0.94596398
0.95012134
0.94653130
0.93676364
0.94191706
0.93532175
0.91745412
0.89495099
0.89339429
0.90917671
0.91845876
0.91759503
0.92005461
0.92629457
0.92825675
0.92681569
0.92792940
0.93337232
0.93434870
0.92583156
0.91667497
0.89572924
0.86495769
0.89342904
0.91326338
0.92235923
0.91988117
0.90995532
0.90910953
0.91127855
0.91115057
0.92940617
0.94373453
0.94284403
0.93670726
0.92962337
0.93162358
0.94118178
0.94910675
0.95498651
0.95613170
0.95496291
0.95855808
0.96185404
0.96398711
0.96543872
0.96608102
0.96608824
0.96680439
0.96793491
0.96978587
0.97086507
0.97241521
0.97363901
0.97427249
0.97476959
0.97499156
0.97523922
0.97561657
0.97608894
0.97645164
0.97655588
0.97688419
0.97735298
0.97842354
0.97910219
0.97761315
0.97244263
0.97278309
0.97518528
0.97706085
0.97822273
0.97892982
0.97926199
0.97951198
0.97977060
0.97996831
0.98030967
0.98048508
0.98061579
0.98076034
0.98059660
0.98005921
0.97923571
0.97823584
0.97516125
0.97200012
0.97325045
0.97375089
0.97224832
0.96912014
0.96547323
0.95924270
0.95083189
0.93926841
0.94109040
0.94131744
0.94265431
0.94260269
0.94260365
0.94019532
0.93709588
0.93566072
0.93683660
0.94063568
0.94658178
0.94990808
0.94976592
0.94570470
0.94780064
0.95126075
0.95334059
0.95340097
0.95324832
0.95375293
0.95321572
0.95317692
0.95408618
0.95392269
0.95437706
0.95459068
0.95691019
0.95851743
0.95914662
0.95801115
0.95614618
0.95352936
0.95220822
0.95082510
0.94579619
0.94397157
0.94579494
0.94352305
0.93514198
0.92884928
0.92335641
0.91837269
0.91716492
0.92507887
0.93543887
0.94218683
0.94384092
0.94223171
0.93756211
0.93149686
0.92637271
0.91915345
0.90704119
0.88880825
0.88578779
0.88929898
0.89880931
0.90344024
0.91473454
0.92408347
0.94015414
0.95020455
0.95394611
0.95353651
0.96030468
0.96896499
0.97380394
0.97617394
0.97618359
0.97662479
0.97813708
0.97854644
0.97753489
0.97792894
0.97886765
0.98003942
0.98142254
0.98259616
0.98357821
0.98406792
0.98411477
0.98304027
0.98147768
0.98006469
0.97921389
0.98072422
0.98154402
0.98129427
0.98036182
0.97837150
0.97863787
0.97853398
0.97932577
0.98030555
0.98040307
0.97994483
0.97858000
0.97709799
0.97412533
0.96987748
0.97155970
0.97484618
0.97482002
0.97591972
0.97663331
0.97647208
0.97647220
0.97160101
0.97232121
0.97438377
0.97235650
0.96360183
0.93614936
0.91407084
0.92905021
0.95150274
0.95770323
0.95163679
0.94180435
0.94307047
0.94833463
0.94900775
0.94698960
0.94586998
0.94425559
0.94534087
0.94990551
0.95258570
0.95546389
0.95176172
0.94659901
0.94522893
0.94821686
0.95397615
0.96305114
0.96687829
0.96176469
0.95378137
0.95965135
0.96678811
0.96903604
0.96568775
0.96041495
0.95962369
0.96341681
0.96659428
0.96947676
0.97132796
0.97030467
0.96743023
0.96186608
0.95886242
0.95253283
0.96014881
0.96914500
0.97348458
0.97000408
0.95551223
0.96056080
0.96740335
0.97094631
0.97404045
0.97508222
0.97491473
0.96649694
0.95433158
0.95150816
0.95905221
0.96777225
0.97047621
0.96654272
0.96628213
0.96687061
0.96668333
0.96990639
0.97376925
0.97623479
0.97399694
0.96650499
0.96319592
0.96234971
0.96843183
0.97267544
0.97377408
0.97264594
0.97443491
0.97568125
0.97693551
0.97783536
0.97830302
0.97756106
0.97492290
0.97070664
0.96633208
0.96574259
0.96623534
0.96674234
0.96501333
0.96161479
0.95586997
0.95337009
0.95047230
0.94406557
0.93308127
0.92434937
0.91962957
0.91408348
0.90465575
0.90788424
0.91206384
0.93206644
0.94897246
0.95574713
0.95742333
0.95285642
0.95088577
0.95653081
0.95808256
0.95784050
0.95320594
0.94436008
0.94680530
0.93632388
0.94544584
0.95741850
0.96621877
0.97043556
0.97325778
0.97320729
0.96875238
0.96871358
0.97034878
0.97291160
0.97401851
0.97217327
0.96963221
0.97209466
0.97444385
0.97601503
0.97598660
0.97412258
0.97049260
0.96878797
0.96748525
0.97062385
0.97339666
0.97357678
0.97391820
0.97280878
0.97316575
0.97122371
0.96807432
0.95679408
0.93345863
0.93478590
0.92991418
0.93259478
0.93200916
0.93716753
0.93044454
0.92766631
0.92444783
0.93181443
0.93815565
0.94841313
0.95313305
0.94486970
0.94794446
0.95654666
0.96405113
0.96749163
0.96880597
0.97059894
0.97039819
0.96911508
0.96579641
0.96245229
0.96228963
0.96295530
0.96584666
0.96584678
0.96871400
0.97146028
0.97306740
0.97085440
0.97398585
0.97738624
0.97998524
0.98143297
0.98142922
0.98194170
0.98249096
0.98280787
0.98272866
0.98281324
0.98250663
0.98247033
0.98244733
0.98204374
0.98250097
0.98293924
0.98242170
0.98241514
0.98206574
0.98052031
0.97944415
0.97827965
0.97414690
0.96830052
0.95901656
0.94458491
0.93136054
0.94544947
0.95488149
0.94560802
0.94163340
0.94300961
0.94501626
0.93399793
0.94071239
0.94907433
0.94582981
0.94138098
0.95666325
0.96619159
0.97097105
0.97387707
0.97208834
0.97022367
0.96694046
0.96833551
0.96576858
0.96891397
0.97080874
0.97128052
0.96999681
0.96720982
0.96292269
0.96581864
0.96125567
0.95309871
0.94900811
0.96063691
0.96491086
0.97033429
0.97107208
0.96247303
0.95765918
0.95587218
0.95640397
0.95327550
0.95697582
0.94398081
0.94890565
0.94663757
0.95084065
0.94381523
0.95000911
0.95267409
0.95662302
0.95086759
0.94721973
0.94476777
0.93872845
0.93558705
0.93488032
0.93119097
0.92505634
0.91200745
0.92302072
0.92774099
0.92512500
0.91931593
0.92648035
0.93504924
0.94494325
0.93774003
0.94028789
0.94077694
0.93517005
0.92643279
0.92308229
0.92874151
0.91984224
0.90871263
0.89505678
0.90347821
0.89006978
0.90651238
0.91065848
0.91295457
0.90632254
0.89540780
0.89017147
0.89878428
0.89344054
0.88620561
0.89280373
0.89894724
0.89232981
0.89881903
0.90390033
0.90720499
0.91225755
0.91081321
0.90702772
0.89054310
0.89570999
0.89351547
0.89431703
0.90089613
0.91196847
0.91661227
0.91964567
0.91641706
0.91154402
0.92567873
0.94105041
0.94309551
0.94072813
0.94609851
0.95399070
0.95716745
0.96124762
0.96290910
0.95800304
0.96079624
0.96579450
0.96828717
0.97074413
0.97026753
0.97153789
0.96661258
0.96575826
0.96699053
0.96963453
0.97221667
0.97403914
0.97491235
0.97381997
0.97436607
0.97517323
0.97623789
0.97716779
0.97760481
0.97712290
0.97776264
0.97725368
0.97597426
0.97707093
0.97652334
0.97312939
0.97573596
0.97633868
0.97792256
0.97843057
0.97915053
0.97977507
0.97931880
0.97861165
0.97854042
0.97704244
0.97762805
0.97945762
0.98084635
0.98014545
0.97722661
0.96901548
0.96512115
0.96496803
0.96750802
0.97015488
0.97348839
0.97497422
0.97547680
0.97381264
0.97465128
0.96950412
0.96804196
0.97203952
0.97309047
0.97052437
0.96534824
0.96139312
0.96374846
0.96388429
0.96257102
0.96355772
0.96790230
0.96602672
0.96469373
0.96238005
0.96227783
0.96267891
0.95902455
0.95978069
0.96265715
0.96319306
0.96433294
0.96213800
0.96287239
0.96301776
0.95574135
0.94431287
0.94377571
0.94249034
0.94919115
0.95561975
0.96419585
0.96534747
0.96649653
0.96579283
0.96609002
0.96537495
0.96624595
0.96625715
0.96473390
0.96359044
0.95744133
0.95660120
0.96257055
0.96702194
0.96739107
0.96402466
0.96333140
0.96154785
0.95360613
0.94604558
0.94716132
0.95006669
0.94858474
0.95286751
0.94651902
0.94034183
0.92795068
0.93378580
0.93855435
0.94223076
0.94963014
0.95359159
0.95764738
0.95228523
0.94561797
0.94414961
0.94423974
0.94012064
0.93724048
0.94156396
0.94001108
0.92968011
0.92278314
0.91026431
0.91618097
0.90902728
0.91859967
0.92805189
0.92502862
0.90191573
0.92138004
0.93463689
0.93736082
0.92607391
0.92389643
0.89381647
0.88791949
0.91810572
0.93946141
0.94694620
0.94379514
0.90520716
0.85779727
0.85235441
0.80630755
0.80045044
0.78626996
0.76528686
0.73086482
0.70827013
0.71246535
0.72255552
0.74859488
0.73959309
0.75691003
0.78074217
0.80196005
0.81601340
0.80351257
0.77209175
0.75034863
0.73193830
0.71423167
0.70280117
0.70019025
0.67353803
0.62897897
0.59477043
0.59494048
0.61812937
0.66377908
0.68467075
0.71962398
0.76486278
0.81833267
0.87130988
0.90715986
0.90756464
0.85309970
0.79646492
0.76369476
0.74756366
0.72390711
0.69301444
0.66677278
0.64030755
0.61040598
0.59485811
0.58603042
0.58510649
0.58886516
0.59112161
0.60186464
0.61960620
0.64148998
0.66384488
0.68188864
0.69628900
0.70478565
0.69575906
0.66581845
0.64026165
0.63020164
0.59073615
0.57274300
0.57044870
0.56341577
0.56860501
0.56538534
0.57279354
0.57646018
0.57283741
0.58132893
0.60925424
0.64141381
0.63379943
0.62910491
0.64580268
0.65840781
0.64420396
0.66145927
0.67818844
0.68991458
0.69531703
0.71594352
0.74404728
0.73416656
0.76501316
0.78508353
0.81304783
0.83486176
0.83723247
0.80176026
0.77122688
0.68331766
0.67685395
0.67111385
0.61411554
0.60423750
0.59494340
0.55973488
0.55922335
0.58226603
0.58735234
0.59168476
0.56869358
0.54847586
0.56763697
0.60750777
0.68356699
0.79214340
0.80450237
0.83005363
0.85387701
0.88393921
0.90943414
0.90499949
0.89274567
0.87483180
0.84985089
0.82803828
0.83292711
0.84359902
0.85847515
0.84865332
0.85309362
0.87593985
0.88831347
0.90071779
0.90433675
0.90970260
0.91865337
0.92777425
0.93949002
0.95032412
0.95279986
0.94623268
0.90649325
0.81157601
0.76755005
0.81354004
0.84039873
0.84838140
0.81162786
0.73827863
0.70756817
0.70982808
0.72642994
0.73258507
0.70574826
0.69114202
0.68520874
0.69191349
0.72252870
0.71845680
0.71888375
0.70022082
0.67178482
0.67395395
0.67208302
0.66593820
0.68922609
0.69122499
0.68216246
0.66848326
0.66038281
0.66361129
0.69938469
0.73334563
0.77039510
0.81214541
0.83894467
0.85579276
0.87101775
0.87032884
0.87618542
0.89278406
0.88564044
0.86657715
0.84682286
0.84719473
0.87090296
0.88444257
0.88289410
0.87857723
0.86638254
0.85151291
0.84299767
0.82054859
0.81273568
0.79643607
0.79145682
0.81333494
0.84303653
0.85708833
0.85001695
0.82701564
0.79639328
0.76086092
0.75344962
0.77136391
0.82401204
0.78550595
0.68642163
0.65184724
0.69849360
0.77240038
0.83540654
0.84990746
0.82222974
0.76488763
0.75704020
0.80102915
0.85670197
0.85745943
0.82119161
0.73048359
0.63013589
0.57324421
0.56602496
0.57114792
0.57285732
0.57615620
0.60739410
0.64189798
0.65877092
0.70042163
0.74094868
0.78606302
0.81186634
0.83944911
0.86646545
0.88540053
0.88639939
0.87415469
0.86590064
0.86136723
0.86105233
0.85376894
0.85075003
0.86179417
0.88352323
0.91062593
0.92557120
0.93621099
0.95047474
0.95326662
0.94264966
0.94263035
0.95103675
0.95684659
0.96001083
0.96347290
0.96514368
0.96666056
0.96791047
0.97049236
0.97343916
0.97625875
0.97868747
0.97966295
0.98024976
0.98035473
0.98063815
0.98131371
0.98091197
0.97986931
0.97841120
0.97610861
0.97532010
0.97307801
0.97056413
0.97305882
0.97341430
0.97107387
0.96644896
0.95951754
0.96098787
0.96189266
0.96058387
0.95991874
0.95954347
0.95862585
0.95923394
0.96129882
0.96494436
0.96869957
0.97080088
0.96957380
0.96813881
0.96863616
0.97336763
0.97540128
0.97149235
0.96919942
0.96831322
0.96880573
0.97175205
0.97366560
0.97288650
0.97264963
0.97204262
0.97149450
0.97291112
0.97238785
0.96519685
0.96772176
0.97185540
0.97239435
0.96994597
0.96663833
0.96810508
0.96931779
0.96751261
0.96275604
0.96284091
0.95903748
0.96476781
0.96935421
0.96840334
0.96111709
0.95880204
0.96150315
0.96749622
0.97078699
0.97117144
0.97015631
0.96826875
0.96870965
0.97077292
0.97247767
0.97070372
0.96786457
0.96745443
0.96618325
0.96266812
0.96218580
0.96376538
0.96159130
0.95614761
0.94976956
0.94668192
0.94876271
0.95604932
0.95444810
0.94486248
0.92421877
0.87246400
0.87607807
0.90649807
0.93621457
0.95386541
0.95978737
0.95624471
0.95476657
0.95483083
0.95261937
0.95488226
0.95699406
0.96051466
0.96227080
0.96020550
0.95531917
0.95454168
0.95469534
0.95639473
0.96203750
0.96396625
0.96499068
0.95939428
0.95314389
0.95147276
0.93992049
0.92806369
0.93299186
0.94490725
0.95358521
0.95503879
0.95390356
0.95661974
0.95506567
0.95271957
0.95191294
0.95409662
0.95552486
0.95356101
0.95188570
0.94913447
0.94737983
0.94713801
0.94401270
0.93621248
0.92888725
0.91896045
0.90769750
0.89714026
0.88456398
0.87544018
0.87598944
0.88709652
0.90027261
0.91044509
0.91314179
0.90594095
0.89503038
0.88801295
0.88550365
0.88702202
0.88461459
0.87948233
0.86974078
0.86997312
0.82431793
0.70736468
0.60699403
0.56051826
0.55140501
0.54584044
0.54262811
0.54814923
0.55905211
0.57152534
0.60075885
0.61454999
0.57480645
0.56955230
0.58731669
0.61605227
0.64052486
0.63269162
0.61682802
0.59667981
0.57352459
0.56769425
0.57030213
0.57174063
0.57035857
0.56015611
0.55405354
0.55147105
0.55376679
0.55829012
0.55974638
0.55962551
0.56279325
0.56342661
0.54725021
0.53163439
0.52829075
0.52672446
0.52419007
0.51931399
0.51602602
0.52379054
0.51672596
0.50025451
0.49978599
0.48715746
0.49123931
0.51132548
0.52900594
0.53014982
0.51028448
0.49956894
0.51227009
0.51031470
0.50441933
0.50794655
0.49053055
0.50142771
0.51094830
0.50123727
0.49873826
0.50222105
0.51748282
0.50445908
0.49849635
0.52718872
0.56497997
0.57453597
0.56178218
0.56723160
0.56266338
0.55811012
0.54926401
0.52557707
0.50897831
0.51936907
0.55862385
0.55641907
0.54768425
0.51440954
0.49463651
0.50850791
0.50943214
0.45107114
0.46618855
0.44940609
0.43897319
0.45061716
0.45979831
0.46553406
0.47354472
0.48339450
0.48795125
0.48722997
0.49061283
0.49192360
0.49569529
0.49700090
0.50209278
0.49907926
0.48808479
0.48426405
0.48445961
0.49012741
0.50350875
0.51308441
0.52439457
0.54228264
0.57373029
0.60530144
0.65425444
0.68215895
0.74828720
0.80400723
0.86289102
0.88981670
0.92453182
0.94184494
0.95311290
0.95366865
0.95872974
0.95779365
0.95798892
0.95678604
0.95697755
0.95890254
0.96513999
0.97016573
0.97380042
0.97541022
0.97407949
0.97363335
0.97264117
0.97509933
0.97726476
0.97777885
0.97770417
0.97778374
0.97805941
0.97883534
0.97871977
0.97847009
0.97954136
0.98023272
0.98035687
0.98102093
0.98192179
0.98103666
0.98161227
0.98121452
0.97992480
0.97953928
0.98046702
0.98201919
0.98209882
0.98168379
0.98207825
0.98270237
0.98260975
0.98223603
0.97892487
0.97555691
0.97609597
0.97383851
0.97130483
0.97287774
0.97687429
0.97826296
0.97847307
0.97744638
0.97452593
0.97139740
0.97000408
0.96893042
0.97180563
0.96771705
0.96805108
0.96555871
0.96736825
0.97060299
0.97163546
0.97350162
0.97394222
0.96895087
0.96906930
0.97111613
0.96714348
0.97031265
0.97038370
0.97359312
0.97401834
0.97407949
0.97464097
0.97534573
0.97617006
0.97558278
0.97509503
0.97126240
0.96782506
0.97028774
0.96847671
0.97074121
0.97268671
0.96989518
0.96538413
0.97059858
0.96304506
0.96370149
0.96786815
0.96976155
0.96522450
0.96695787
0.96627522
0.96334070
0.96396881
0.95538455
0.95410806
0.96207398
0.96683079
0.97030723
0.95867294
0.94946975
0.95095879
0.95069033
0.93252301
0.94088554
0.93562961
0.92669326
0.90312421
0.90318978
0.90905583
0.90966040
0.92426062
0.92079359
0.93594414
0.93955874
0.94316632
0.93728185
0.94024611
0.93235481
0.94316453
0.94661695
0.93294877
0.93582344
0.93078059
0.95595944
0.96423972
0.96948349
0.97297567
0.97284985
0.97258443
0.97386247
0.97520751
0.96537548
0.93510866
0.93615943
0.94682199
0.95371717
0.95915592
0.96625841
0.96497768
0.96946722
0.97079080
0.96663654
0.95580888
0.93585122
0.91225350
0.89988393
0.91001171
0.92806000
0.94353807
0.93583775
0.93910563
0.93844187
0.94832712
0.94767684
0.95622522
0.96222717
0.96497703
0.96472788
0.96783555
0.96991754
0.97205138
0.96931845
0.97033781
0.97063327
0.97314000
0.97492945
0.97428256
0.97644365
0.97765756
0.97374976
0.97483271
0.97265595
0.97321397
0.97378415
0.97382665
0.97419012
0.97362852
0.97379386
0.97281408
0.96807152
0.96608436
0.96754694
0.96520543
0.96007615
0.95729560
0.96229064
0.96466357
0.96641290
0.96602952
0.97141403
0.97459871
0.97468930
0.97555715
0.97638535
0.97406614
0.97494841
0.97424930
0.97500515
0.97379261
0.97451550
0.97691160
0.97625923
0.96734077
0.96384478
0.96360087
0.96683502
0.96754026
0.96727854
0.96393949
0.96198100
0.95423299
0.95836365
0.95872337
0.96633708
0.97118706
0.97289014
0.97248840
0.97385150
0.97528422
0.97563165
0.97659701
0.97519761
0.97359848
0.97288632
0.96827960
0.95986259
0.94129908
0.94024813
0.94196892
0.95324039
0.94891858
0.93861389
0.93209130
0.93735719
0.93602067
0.93280935
0.92880768
0.92963862
0.93583113
0.94195062
0.95248038
0.95675176
0.96099424
0.96481007
0.96733207
0.96960127
0.97269666
0.96925700
0.96401203
0.96565264
0.96719497
0.95174879
0.95212835
0.95866990
0.95885289
0.96240491
0.94527727
0.94558108
0.92396814
0.93151712
0.93390685
0.91181284
0.90362567
0.91214031
0.90397054
0.92310280
0.91904247
0.92733765
0.92938584
0.92243397
0.91501611
0.91340762
0.92966264
0.94497997
0.95683795
0.94846517
0.95428514
0.95752734
0.95874625
0.95725179
0.96116400
0.96465278
0.96261442
0.96290946
0.96237773
0.94737470
0.95427489
0.95994699
0.96070963
0.96041548
0.96632349
0.96879613
0.96683425
0.96880025
0.96856445
0.97042638
0.96724397
0.96232611
0.95601368
0.95709813
0.95873380
0.95876610
0.95737952
0.95296872
0.95278770
0.95866430
0.96412700
0.96605217
0.96666390
0.96435434
0.96632820
0.96682823
0.96423477
0.95611459
0.95100904
0.96232796
0.96615857
0.95835239
0.96448827
0.97090900
0.97326976
0.97592360
0.97695756
0.97676724
0.97718322
0.97419739
0.97549903
0.97545016
0.97604024
0.97665262
0.97712988
0.97715771
0.97653872
0.97321755
0.97128910
0.97064883
0.97259045
0.97011030
0.96900475
0.96886104
0.96567851
0.96389496
0.95465285
0.95811260
0.96357495
0.96271706
0.95979619
0.95722055
0.95803213
0.94931054
0.94814301
0.95621145
0.96236944
0.96262825
0.96614623
0.95953190
0.97036237
0.97490567
0.97925043
0.98156273
0.98098469
0.98004478
0.97659951
0.97213709
0.96844661
0.97115141
0.97334540
0.97604465
0.97758114
0.97659874
0.97422981
0.96983051
0.96455950
0.96282655
0.96151537
0.95623946
0.95004040
0.94093210
0.94863933
0.96188998
0.96538347
0.96815407
0.96738595
0.96877652
0.97286665
0.97395462
0.97272432
0.97569817
0.97647774
0.97962362
0.98064250
0.97927243
0.97350705
0.96179712
0.96217322
0.96454263
0.96835214
0.97068352
0.97281671
0.97467482
0.97501963
0.97566050
0.97614402
0.97613823
0.97260487
0.96677464
0.96661371
0.96785128
0.96648395
0.96926391
0.96923739
0.96825868
0.96621186
0.96555769
0.96074980
0.95890033
0.94935918
0.93822169
0.94721812
0.95314997
0.95391333
0.95216221
0.95158911
0.95251864
0.95060122
0.95351028
0.95650703
0.96087492
0.96691740
0.96857631
0.96808851
0.96794355
0.96614075
0.96277153
0.95711780
0.95469958
0.95095372
0.94589740
0.94332814
0.93993652
0.93656534
0.94005466
0.94754648
0.95036721
0.94825530
0.94690031
0.94748437
0.94920450
0.94520551
0.93927789
0.94969517
0.95740771
0.95490009
0.91766775
0.76565850
0.74054289
0.79489231
0.87363327
0.86673802
0.86132759
0.87387276
0.89307541
0.91423529
0.92269319
0.92960554
0.91959971
0.91596007
0.90716380
0.90195054
0.88259977
0.90715623
0.94075900
0.95775193
0.96730566
0.97211951
0.97359699
0.97442651
0.97548193
0.97680932
0.97738183
0.97684389
0.97754502
0.97741735
0.97522914
0.97488666
0.97561669
0.97520643
0.97161263
0.96355128
0.95698094
0.95349526
0.96018016
0.96050227
0.95424008
0.96004111
0.96073449
0.96391475
0.96556383
0.96883059
0.97049201
0.97119945
0.96976727
0.96966368
0.97153169
0.96815598
0.96471381
0.96945792
0.97289050
0.97577137
0.97642106
0.97614598
0.97337908
0.97031581
0.96679604
0.97026324
0.97206175
0.96907747
0.95689023
0.93767256
0.94472742
0.95677936
0.96682280
0.96822965
0.96636057
0.95560759
0.95955080
0.96397060
0.96595854
0.96549970
0.95914638
0.94851017
0.94556177
0.94406879
0.94263005
0.93181330
0.92133015
0.90824705
0.90604526
0.90740961
0.91754675
0.93349987
0.94982743
0.95960438
0.96116620
0.96845812
0.97461104
0.97743851
0.97854704
0.97948998
0.98023707
0.97976345
0.97962099
0.98000449
0.97966081
0.97853369
0.97673792
0.97585595
0.97481298
0.97643059
0.97877401
0.98067391
0.98256564
0.98344260
0.98411167
0.98380393
0.98305351
0.98309880
0.98263884
0.98208916
0.98166245
0.97980267
0.98081034
0.98131853
0.98135287
0.98066175
0.97786057
0.97849530
0.98054689
0.98122221
0.97980356
0.97952396
0.97782886
0.97802287
0.97949666
0.98056006
0.98041672
0.98100924
0.98141289
0.98137635
0.98006988
0.97901237
0.97847259
0.97806466
0.97540456
0.97499031
0.97520375
0.96967244
0.95461440
0.93841457
0.94890839
0.96318316
0.97094810
0.97150034
0.97219265
0.97469658
0.97601771
0.97771293
0.97912425
0.97960633
0.97902930
0.97659737
0.97700548
0.97718561
0.97570407
0.97478491
0.97387302
0.97285855
0.97293085
0.97303176
0.97568977
0.97727543
0.97695744
0.97408766
0.96692389
0.96535170
0.96823198
0.97167563
0.96957344
0.97019076
0.97063947
0.97108120
0.96979755
0.97117597
0.97218633
0.96751451
0.95486301
0.95710051
0.96678334
0.97022331
0.96922159
0.96266145
0.96139812
0.96355307
0.96923995
0.97061253
0.96987861
0.96919703
0.96629214
0.95887232
0.96090066
0.96607411
0.96405536
0.95752090
0.95304668
0.95391876
0.95612013
0.95653588
0.95785189
0.95776719
0.95492637
0.95395130
0.95356709
0.95271242
0.95020014
0.94621056
0.94524425
0.94633138
0.94405371
0.94288743
0.94540501
0.94147223
0.93929398
0.93175697
0.92808527
0.92841578
0.92464238
0.92045653
0.90873665
0.90377694
0.89042753
0.87250841
0.87160647
0.88260823
0.87416226
0.85387969
0.85798776
0.86423874
0.88553661
0.89803058
0.90511584
0.91190177
0.91270590
0.89441431
0.88070935
0.85667056
0.82106566
0.79078621
0.79580081
0.81389093
0.82795268
0.83523762
0.85186642
0.86972183
0.88510573
0.90681529
0.92093623
0.93743020
0.94810563
0.95733285
0.96325731
0.96698749
0.96918386
0.97113907
0.97323191
0.97436655
0.97420537
0.97564405
0.97810179
0.97358149
0.95805830
0.95272940
0.95886046
0.96503210
0.95512253
0.94321138
0.93891454
0.94040728
0.94498634
0.95016533
0.95293123
0.95598733
0.95395446
0.95513999
0.95573103
0.95209908
0.93601507
0.93198407
0.93390071
0.94242555
0.95894891
0.96824706
0.97184932
0.97241277
0.96942532
0.95785666
0.95563871
0.96071965
0.96289152
0.96364206
0.94877487
0.95513505
0.96038216
0.94824952
0.94034344
0.95277572
0.95507890
0.95039731
0.94070309
0.94517058
0.95133352
0.94922203
0.93214464
0.93317884
0.93864864
0.94907606
0.95284075
0.95327181
0.94318432
0.92792445
0.93389344
0.94381320
0.93596292
0.92917103
0.89579254
0.90335453
0.92168748
0.91451097
0.91678846
0.88802171
0.88263303
0.88970512
0.90888584
0.93405104
0.94954777
0.95579475
0.94530571
0.94933295
0.95929742
0.96171576
0.95858830
0.93311822
0.92073977
0.93040216
0.94020396
0.94865102
0.95569229
0.95925182
0.94789296
0.94659227
0.94783020
0.95131713
0.95020205
0.93649238
0.93549532
0.93095380
0.92251915
0.92928880
0.94470054
0.92926502
0.90840995
0.92861271
0.92663592
0.91238397
0.90602303
0.90947449
0.91706407
0.91411108
0.88206255
0.86974645
0.85442483
0.84818316
0.85653478
0.86356771
0.86971730
0.86682624
0.81709009
0.77577162
0.73735797
0.70310187
0.67276180
0.67661113
0.66329157
0.62138951
0.57617199
0.55007720
0.53657913
0.54765624
0.54338551
0.54660797
0.54725718
0.54852837
0.55023599
0.54828393
0.54378217
0.54417008
0.53660309
0.53002155
0.52436525
0.52035397
0.51381361
0.51566136
0.51549536
0.51419586
0.51013148
0.50593281
0.49601126
0.48597544
0.47924408
0.47630855
0.46971479
0.46776158
0.46979922
0.46410069
0.46374843
0.46366733
0.45801017
0.45075092
0.44960925
0.44889337
0.44628194
0.44295070
0.44493765
0.44257092
0.44515947
0.44828871
0.44358230
0.43940994
0.43786848
0.44318110
0.43766561
0.43461287
0.43185598
0.42485502
0.41863132
0.41544947
0.41369519
0.41300309
0.41405258
0.41600275
0.41613123
0.41613886
0.41784909
0.42130801
0.42710096
0.43224823
0.44013181
0.44819963
0.45333663
0.46252599
0.46643564
0.47286361
0.48057541
0.48458767
0.49390361
0.50013453
0.50897545
0.52218634
0.52653044
0.52758163
0.54243731
0.53644210
0.53597480
0.52803183
0.52836573
0.52726918
0.52288717
0.52100492
0.51511580
0.51343858
0.51829654
0.51596296
0.50700635
0.51040947
0.50692725
0.51385683
0.52005398
0.52925956
0.53675187
0.52022046
0.50851500
0.49594077
0.47459376
0.46732724
0.47573155
0.47758916
0.49157187
0.50460768
0.49892738
0.49811599
0.50531262
0.50171870
0.50739610
0.51413500
0.52609164
0.52240717
0.51983786
0.54956937
0.54870129
0.55775356
0.54693824
0.52934045
0.53110838
0.50109380
0.47144374
0.46538648
0.45467106
0.44942194
0.44908962
0.45058075
0.44338253
0.44136074
0.44160312
0.44366667
0.44812232
0.44840819
0.44236055
0.44169664
0.43832272
0.44086072
0.44966072
0.45453516
0.47005820
0.49279982
0.52392292
0.52148944
0.51009655
0.51336533
0.51444983
0.52383113
0.54285049
0.55676895
0.55893373
0.53759634
0.54823720
0.54859763
0.54026943
0.52954978
0.51810807
0.50623423
0.49937350
0.49830109
0.50670314
0.51779550
0.52182406
0.50992501
0.49907458
0.47543427
0.47517493
0.49149692
0.50437874
0.52101558
0.52854711
0.53808409
0.52433550
0.51446819
0.51414073
0.50364965
0.49253309
0.48484305
0.49876601
0.48958141
0.46031502
0.45458451
0.45620161
0.48180664
0.49661207
0.50367910
0.51063925
0.50813419
0.50847876
0.50453526
0.49252829
0.50011361
0.51356119
0.51778042
0.50629658
0.49490979
0.49353334
0.49437276
0.50473690
0.50262249
0.50319535
0.49747261
0.50645792
0.51896459
0.52829617
0.54191142
0.55760163
0.57330614
0.55841500
0.55002445
0.53436899
0.52312070
0.51288742
0.51059920
0.49437019
0.48350531
0.47862038
0.46593231
0.45430061
0.45296401
0.45514321
0.45207706
0.44377294
0.44096074
0.43593350
0.43503395
0.42956108
0.41828996
0.41059002
0.40913036
0.40848151
0.41287595
0.41693106
0.42687550
0.43831959
0.46165228
0.46844748
0.47121114
0.47128728
0.46879730
0.46235070
0.46090731
0.46117827
0.46109381
0.45168597
0.45179093
0.43864855
0.43814072
0.43844727
0.43876478
0.42492428
0.41655996
0.42038414
0.43166229
0.44154483
0.45516792
0.45791748
0.46337932
0.46814641
0.47997355
0.45963031
0.45155123
0.43918613
0.43643445
0.43733880
0.43567941
0.43450484
0.43618941
0.43506879
0.43836954
0.44160905
0.44568220
0.45130780
0.45496547
0.45873430
0.45796624
0.45695662
0.45810500
0.45331174
0.45007724
0.44491154
0.43705696
0.43302250
0.43701136
0.43806434
0.43910131
0.43150339
0.41794318
0.40575993
0.39350596
0.38840938
0.38705936
0.38627836
0.39068514
0.39271694
0.38919419
0.39371854
0.40089679
0.40750441
0.41267541
0.42327833
0.42640516
0.42537606
0.42303002
0.41961288
0.42475143
0.43322995
0.43044496
0.42564702
0.42273632
0.41189721
0.40377733
0.40305206
0.39581057
0.39343461
0.38953152
0.39456132
0.40618306
0.40912318
0.40961519
0.41772297
0.41857409
0.41623950
0.41527700
0.41724038
0.42543513
0.42854136
0.43312198
0.43251866
0.43293557
0.42514545
0.41490290
0.41370916
0.41843379
0.41457048
0.41794619
0.42745650
0.43737066
0.43648157
0.42581195
0.41858485
0.41229221
0.40752769
0.40582147
0.40667740
0.40874255
0.41242057
0.41790438
0.42441434
0.43126881
0.43785435
0.44351369
0.44735387
0.45320323
0.46056727
0.47028226
0.48353842
0.49734756
0.51193625
0.52754480
0.54889423
0.56203669
0.57213420
0.57403439
0.58010030
0.60090190
0.62784529
0.66434968
0.67663586
0.66863549
0.68558353
0.71121931
0.75265217
0.79689384
0.83512044
0.85549861
0.85442221
0.84709251
0.85678244
0.88731766
0.91114342
0.93605047
0.95304883
0.96230423
0.96726370
0.97098744
0.97132045
0.96928227
0.96448982
0.96545023
0.96745276
0.96950948
0.97151709
0.97410834
0.97519261
0.97316313
0.96765769
0.95888501
0.96008211
0.96532035
0.96773928
0.96506405
0.96173650
0.95879823
0.96110487
0.96273661
0.96542794
0.96715361
0.96811557
0.96927166
0.96268058
0.95099467
0.95304126
0.95309693
0.95182401
0.94524801
0.95058626
0.96077704
0.96648484
0.96542561
0.96192098
0.96262980
0.96381742
0.96422333
0.96473843
0.96497250
0.96211636
0.96022654
0.96239012
0.96302825
0.96235621
0.95934385
0.96171850
0.96109331
0.96056420
0.96432507
0.94663584
0.95450199
0.96503055
0.96937472
0.97030413
0.96778619
0.96196079
0.96349049
0.96877372
0.96821588
0.95270860
0.95573449
0.95988786
0.96543217
0.96746069
0.96640354
0.96291465
0.96076363
0.96395373
0.96830642
0.97142684
0.97133529
0.97325504
0.97489434
0.97500563
0.97432715
0.97271967
0.96914476
0.96593994
0.96727318
0.97266263
0.97627568
0.97758514
0.97699726
0.97618586
0.97570747
0.97394675
0.96738851
0.96756697
0.97193313
0.97362196
0.97206533
0.96700668
0.96536469
0.96996194
0.97405368
0.97425222
0.96940738
0.96972376
0.97074652
0.96826744
0.95965993
0.95857626
0.96012485
0.95367527
0.93920529
0.93908280
0.93825150
0.93637896
0.91994733
0.91346413
0.92905939
0.95096070
0.95987862
0.96228057
0.95459199
0.94490772
0.94181788
0.94245613
0.93744630
0.91614377
0.90555590
0.92337030
0.93755728
0.94108748
0.93220872
0.90985119
0.87629944
0.85616195
0.85408258
0.86967260
0.86866206
0.86277395
0.86492276
0.87931234
0.90804476
0.92132735
0.92643678
0.94128454
0.95440185
0.96173847
0.96248925
0.96112317
0.96586889
0.97168159
0.97495961
0.97591418
0.97573292
0.97264230
0.97496730
0.97779536
0.97989643
0.98084772
0.98094487
0.98018789
0.97987282
0.97986150
0.97927117
0.97833455
0.97666991
0.97663987
0.97462678
0.96540600
0.94055694
0.94834131
0.95910889
0.96738750
0.96888328
0.96469581
0.96248233
0.96203417
0.95707661
0.94678575
0.94592303
0.95207411
0.95652550
0.96506131
0.96651202
0.96288788
0.95101082
0.95082510
0.95450944
0.95281261
0.95627558
0.96594930
0.97001004
0.96930951
0.96204466
0.95380366
0.95290267
0.95320249
0.95480126
0.95510459
0.95447797
0.95824629
0.96034175
0.95777923
0.95201957
0.94437635
0.93551797
0.93006438
0.93109870
0.93525594
0.93851650
0.94382733
0.94973731
0.95128292
0.94737256
0.94695765
0.95213753
0.95637947
0.95458353
0.95116180
0.94877273
0.94934124
0.95117617
0.95453334
0.95798773
0.96063095
0.96265388
0.96501720
0.96758759
0.97016352
0.97136569
0.97221291
0.97310817
0.97465080
0.97622812
0.97576392
0.97531849
0.97570920
0.97599977
0.97563362
0.97557008
0.97616315
0.97683233
0.97711039
0.97642559
0.97553885
0.97637695
0.97704166
0.97758067
0.97821188
0.97796667
0.97810155
0.97852659
0.97879171
0.97873086
0.97826147
0.97839099
0.97836363
0.97828317
0.97782999
0.97673815
0.97729856
0.97918749
0.98058450
0.98118937
0.98047882
0.97835118
0.97648609
0.97470540
0.96941000
0.96098697
0.94730252
0.93885243
0.94505024
0.95717216
0.96502101
0.96864176
0.96669978
0.96444297
0.96244413
0.96047270
0.95857304
0.95430595
0.64332896
0.40030929
0.28454167
0.26143169
0.25887531
0.26019797
0.25844318
0.25981098
0.25749889
0.25881463
0.25745702
0.25344729
0.25505146
0.25878063
0.26231992
0.26024947
0.26059508
0.26120880
0.26229766
0.25820923
0.25307810
0.25539342
0.25437063
0.25694105
0.25691944
0.26422158
0.27014866
0.26997548
0.26596716
0.26697481
0.26213634
0.26343814
0.26158369
0.25419006
0.25285134
0.24702819
0.24493039
0.24665162
0.25193852
0.25366986
0.24997312
0.24346085
0.24372594
0.24703166
0.24676377
0.24912722
0.25118902
0.25096029
0.25281638
0.25952706
0.26416001
0.26622373
0.26840994
0.27054980
0.27432886
0.27622741
0.27797627
0.27053362
0.26479867
0.25781071
0.26264244
0.26094553
0.26209480
0.26578256
0.26212585
0.25988045
0.25249347
0.25141972
0.24528717
0.24436903
0.24055034
0.23531950
0.23799360
0.23950632
0.24173573
0.24563257
0.24498558
0.24902442
0.25517449
0.26328593
0.26954970
0.27148730
0.27790546
0.27843058
0.27726233
0.28275934
0.28813010
0.27407998
0.26171550
0.26721606
0.26425293
0.26026341
0.26006487
0.25494134
0.25049275
0.24338755
0.24109654
0.24149992
0.24164189
0.25186840
0.25325152
0.26347706
0.27117133
0.28823772
0.29204437
0.30417293
0.32695934
0.34679803
0.37225929
0.42427459
0.47851604
0.53093767
0.60079902
0.68128163
0.75727510
0.82199937
0.87469906
0.91261011
0.93619055
0.94633836
0.95355833
0.95807952
0.96309274
0.96707600
0.97039133
0.97385174
0.97618961
0.97758669
0.97739661
0.97789121
0.98000324
0.98100740
0.98151636
0.98184925
0.98210686
0.98233116
0.98247451
0.98263586
0.98274785
0.98288107
0.98312587
0.98325646
0.98351121
0.98349446
0.98318738
0.98261321
0.98209184
0.98227513
0.98270792
0.98294330
0.98276365
0.98198825
0.98019409
0.97673094
0.97212279
0.96648973
0.96244985
0.95953304
0.95810592
0.95549631
0.95191413
0.94789249
0.94610482
0.94051200
0.93636733
0.93582219
0.94308096
0.95065737
0.95491987
0.95498270
0.95347887
0.95257175
0.95388544
0.95442712
0.95543432
0.95583773
0.95619434
0.95285559
0.95414597
0.95950139
0.96161568
0.96073359
0.95812589
0.95387459
0.94931298
0.94882560
0.95001107
0.94605243
0.93599343
0.93817657
0.94076377
0.93613076
0.93404496
0.93879789
0.94490516
0.94946522
0.95255697
0.95458430
0.95595574
0.95619458
0.95644557
0.95656782
0.95632267
0.95576960
0.95476216
0.95369869
0.95189649
0.94886190
0.94632530
0.94500232
0.94354737
0.94198877
0.94104546
0.93883330
0.93695474
0.93643898
0.93555677
0.93600523
0.93685341
0.93803269
0.94011581
0.94293094
0.94564682
0.94878989
0.95221049
0.95515305
0.95756286
0.95944840
0.96081954
0.96216381
0.96264833
0.96301842
0.96386570
0.96539783
0.96674925
0.96666807
0.96690428
0.96745259
0.96836108
0.96962231
0.97101015
0.97234082
0.97312081
0.97389853
0.97487634
0.97559410
0.97605157
0.97619253
0.97646642
0.97681069
0.97744703
0.97785610
0.97810191
0.97830415
0.97859746
0.97890937
0.97930944
0.97960269
0.97998524
0.98038244
0.98067492
0.98093891
0.98114496
0.98141068
0.98174942
0.98197514
0.98195904
0.98154932
0.98098159
0.98108071
0.98151267
0.98156250
0.98114139
0.97971892
0.97862923
0.97867715
0.97890514
0.97947824
0.97949308
0.97872728
0.97780299
0.97679138
0.97401184
0.97059566
0.96802437
0.96680999
0.96426922
0.96295178
0.96287727
0.95936006
0.95453531
0.94900292
0.94528794
0.94646639
0.93820572
0.93410712
0.94039673
0.94317949
0.93898088
0.93845487
0.94009924
0.94014877
0.93836164
0.93961126
0.94157803
0.94160330
0.94190764
0.93870956
0.93423229
0.93216991
0.93296748
0.93867689
0.94382709
0.94409734
0.94488227
0.94318753
0.94167894
0.94032073
0.93945467
0.93878150
0.93884158
0.93779474
0.93718320
0.93611419
0.93171215
0.92604929
0.92447853
0.92794108
0.93429738
0.93572450
0.93695283
0.93507212
0.93267077
0.93165165
0.92952466
0.92852062
0.93013394
0.92154658
0.92129982
0.92496699
0.92814255
0.92504400
0.91822481
0.90975374
0.90816778
0.90836304
0.91194391
0.91626894
0.92142320
0.92366803
0.92517376
0.92638010
0.92723346
0.92620879
0.92729443
0.93281555
0.93770576
0.93867522
0.94226104
0.94632977
0.95112622
0.95265627
0.95373017
0.95560473
0.95485747
0.95319402
0.95229059
0.94982225
0.94884157
0.95013833
0.95641422
0.96578747
0.97040695
0.97166520
0.97288847
0.97475296
0.97605604
0.97734219
0.97856605
0.97947305
0.97997290
0.98014122
0.98081070
0.98157388
0.98168874
0.98150247
0.98090804
0.97965688
0.97854495
0.97810239
0.97828180
0.97692716
0.97544402
0.97422767
0.97377157
0.97366601
0.97361743
0.96888876
0.96541780
0.96584129
0.96911758
0.96953535
0.96921456
0.96943587
0.96843797
0.96344733
0.96331728
0.96060687
0.95718831
0.96250218
0.96777958
0.96680886
0.96389449
0.96613586
0.96810126
0.97293627
0.97413099
0.97138560
0.96999794
0.96931934
0.97176522
0.97491813
0.97529024
0.97418869
0.97399092
0.97554225
0.97748554
0.97759378
0.97614145
0.97528547
0.97545958
0.97458696
0.97221190
0.96900797
0.96535671
0.96803135
0.96974999
0.97149873
0.97226489
0.97218937
0.96910053
0.96388233
0.96345145
0.96304995
0.95743018
0.95139253
0.94734442
0.94619060
0.94815230
0.94932961
0.94260210
0.90967363
0.83972675
0.84526420
0.88218099
0.91022557
0.93143004
0.94190979
0.94163901
0.93991584
0.94224060
0.92572635
0.88977659
0.87072474
0.87509227
0.88958067
0.91935772
0.93973809
0.94906223
0.93668371
0.87763983
0.83812225
0.85368079
0.88734573
0.91527629
0.93333429
0.94739491
0.95011705
0.94227576
0.93584847
0.93010503
0.92895275
0.93118095
0.93824697
0.94433135
0.95216632
0.95774043
0.95924664
0.95097762
0.93811381
0.94079459
0.94381279
0.95227474
0.96229917
0.96294957
0.95651710
0.94063199
0.93617749
0.93516147
0.93292677
0.92252386
0.91846168
0.93506300
0.95055693
0.95728469
0.95334333
0.94110298
0.94037944
0.94255811
0.94611806
0.95044410
0.95320714
0.94863784
0.93633634
0.91335791
0.90046042
0.90364605
0.92311215
0.93756682
0.94126272
0.94323707
0.95289987
0.96036053
0.96479714
0.96388173
0.96768248
0.97174734
0.97425836
0.97467846
0.97313380
0.97292423
0.97170669
0.96854746
0.97130585
0.97519118
0.97578037
0.97523493
0.97341049
0.97415280
0.97474289
0.97438103
0.97431314
0.97527856
0.97655278
0.97771263
0.97782147
0.97709537
0.97516781
0.97363538
0.97502261
0.97586608
0.97664940
0.97731459
0.97809988
0.97888273
0.97940308
0.97956449
0.97829616
0.97721773
0.97670287
0.97520667
0.97628731
0.97767031
0.97807693
0.97876430
0.97854030
0.97319531
0.96772379
0.97094846
0.97475123
0.97420472
0.97081560
0.97217023
0.97092199
0.95631015
0.94178712
0.93888837
0.94905114
0.95866495
0.96504283
0.96482164
0.94834149
0.94468272
0.91082984
0.90628248
0.92778069
0.95149541
0.96318483
0.96934164
0.96944952
0.97113740
0.96909338
0.96797884
0.96825761
0.97068465
0.97138941
0.96620196
0.96658540
0.96862751
0.96710801
0.96754074
0.96535647
0.95842028
0.95581818
0.95742178
0.94676363
0.95321244
0.95646125
0.95836574
0.94544721
0.94735986
0.95185506
0.95465547
0.94628870
0.94097167
0.94531220
0.95169878
0.94773948
0.92265928
0.90084970
0.91939312
0.93638837
0.93100548
0.90680408
0.87685531
0.82353258
0.82116818
0.82181633
0.77886075
0.74343878
0.75351334
0.77565742
0.77989757
0.77534455
0.78300923
0.79634571
0.81081039
0.83505088
0.87250221
0.88899732
0.89381707
0.89503258
0.89186305
0.90554380
0.91694868
0.93434495
0.93806732
0.94794744
0.95085269
0.95158058
0.95365220
0.95506912
0.95324731
0.95548338
0.95478690
0.95812809
0.96125269
0.96372575
0.96539694
0.96655834
0.96913534
0.96876222
0.96693867
0.96799779
0.96633232
0.96277696
0.96340877
0.96296602
0.96248031
0.96317291
0.96280909
0.96375853
0.96377259
0.96375716
0.96409756
0.96588647
0.96550828
0.96784806
0.97032130
0.97158277
0.97255605
0.97335082
0.97318858
0.97048551
0.96777838
0.95976990
0.95930469
0.96363991
0.96744955
0.96880394
0.97058219
0.97035831
0.97085911
0.97138017
0.97452068
0.97604293
0.97808290
0.97969329
0.98084706
0.98164463
0.98138088
0.97996581
0.97898066
0.97815943
0.97763294
0.97947639
0.98042816
0.98159891
0.98211896
0.98266679
0.98282731
0.98376936
0.98388195
0.98420632
0.98409504
0.98383152
0.98354799
0.98299336
0.98223811
0.98242480
0.98266304
0.98211700
0.98062438
0.97996074
0.97617006
0.97721696
0.97892100
0.97767079
0.97636718
0.97735959
0.97816330
0.97956103
0.97713029
0.97723752
0.97559512
0.97470927
0.97290277
0.97381568
0.97566211
0.97004652
0.96088374
0.94423181
0.94877869
0.96063846
0.96869993
0.97305954
0.97288406
0.97635275
0.97639698
0.97594464
0.97698295
0.97696304
0.97772992
0.97826904
0.97679377
0.97471482
0.97374094
0.97446853
0.97635663
0.97755742
0.97731894
0.97556359
0.97514808
0.97581375
0.97750229
0.97788185
0.97773904
0.97752440
0.97527903
0.97653323
0.97635764
0.97385085
0.96788454
0.96971041
0.96781343
0.95956004
0.94990736
0.94289374
0.93852872
0.91992241
0.90016145
0.88879073
0.90086758
0.92364442
0.93210596
0.93082440
0.91428095
0.91410339
0.92658508
0.93870461
0.94753349
0.95211518
0.95540375
0.96137011
0.96700269
0.97088480
0.97319251
0.97374696
0.97399205
0.97291607
0.97315377
0.97428381
0.97551823
0.97622937
0.97637141
0.97609931
0.97603548
0.97652310
0.97685754
0.97718734
0.97756892
0.97816509
0.97880954
0.97894132
0.97860730
0.97844267
0.97818679
0.97810215
0.97824961
0.97827232
0.97808278
0.97705930
0.97522867
0.97354752
0.97484905
0.97730929
0.97948128
0.98052353
0.97945327
0.97645968
0.97502875
0.97489685
0.97479194
0.97500253
0.97603762
0.97483450
0.97117257
0.96622187
0.96662986
0.96647090
0.96865362
0.96747488
0.96077144
0.95748430
0.95770574
0.95902872
0.96246475
0.96616602
0.96907324
0.96811569
0.96475738
0.96017772
0.95869917
0.96161288
0.96304339
0.96389592
0.96610206
0.96720773
0.96517777
0.95872927
0.95478213
0.95479029
0.95657295
0.95648533
0.95917720
0.96419829
0.96312523
0.96420902
0.96268082
0.96074814
0.96131098
0.95783842
0.95127076
0.93608189
0.94317394
0.95192927
0.96253556
0.96624148
0.96534795
0.96504200
0.96508914
0.96533281
0.95838219
0.95628399
0.94981998
0.95803380
0.94268471
0.91137677
0.89746684
0.92098349
0.93333369
0.94565183
0.94197559
0.93111068
0.92800611
0.92163283
0.92670131
0.94439954
0.93537962
0.91745567
0.92759359
0.92676699
0.91414255
0.91690719
0.91594768
0.91715151
0.93176794
0.94149762
0.93628675
0.89605910
0.80982918
0.81450671
0.82006097
0.83685976
0.85042495
0.80838555
0.76112193
0.77855819
0.81798524
0.84280944
0.77678245
0.73042661
0.67654121
0.67789155
0.64646745
0.64196676
0.65241122
0.68248713
0.70636636
0.73924452
0.76481533
0.80040902
0.84251285
0.88417530
0.88797301
0.88535643
0.88453549
0.89037269
0.89742285
0.86508220
0.79715770
0.67264432
0.61826950
0.60773081
0.60993260
0.61045074
0.61507082
0.58654159
0.58045381
0.57870799
0.53488809
0.48292828
0.44843930
0.43643051
0.43574411
0.43713042
0.43783313
0.43874818
0.44114915
0.44202158
0.44244456
0.44830376
0.46413711
0.49144739
0.52774751
0.57376230
0.62743634
0.68142468
0.72928262
0.76400387
0.77808625
0.79523319
0.81183600
0.82112229
0.81529242
0.79473442
0.77385789
0.75809455
0.73293960
0.71707875
0.69329852
0.67019916
0.67056197
0.68048412
0.67524868
0.65458709
0.65597779
0.61281395
0.64032626
0.65530336
0.64047068
0.62671745
0.63283658
0.64341491
0.66141248
0.67043060
0.67307603
0.65986067
0.64718002
0.64525014
0.64386302
0.65400589
0.67240715
0.68940169
0.68931139
0.66984671
0.65516269
0.64995563
0.66951102
0.65631902
0.66359568
0.65912908
0.65480196
0.64263099
0.64694136
0.67289782
0.69000095
0.67720085
0.64328372
0.63358903
0.60888821
0.67932701
0.69613093
0.58921170
0.59848231
0.52306718
0.48337957
0.44833663
0.38435909
0.35590464
0.36012143
0.34432003
0.33442020
0.33646643
0.32255185
0.30981776
0.30323300
0.29628038
0.29634812
0.29753816
0.29896897
0.29707226
0.29284877
0.28758690
0.28301880
0.27873287
0.27441311
0.26988643
0.26569274
0.26191255
0.25950989
0.25902271
0.26047727
0.26126125
0.26183280
0.26147845
0.26209402
0.26365152
0.26115659
0.27163255
0.29488054
0.32820687
0.37098488
0.42771235
0.50540245
0.55872649
0.58491778
0.61902893
0.65882802
0.69125414
0.72401136
0.75315285
0.76344317
0.76268852
0.75510204
0.73589301
0.71026474
0.72031873
0.73951119
0.75072455
0.74455720
0.72433102
0.71288526
0.72017199
0.69773382
0.64393008
0.60819131
0.62322235
0.64531028
0.63891000
0.59735078
0.60018349
0.63182718
0.67248762
0.70336384
0.72060937
0.74081355
0.75024343
0.76034546
0.79500812
0.83808666
0.86530668
0.86754161
0.86913884
0.86531872
0.86522597
0.86352843
0.86162269
0.86834073
0.87599796
0.88318318
0.88671494
0.88639385
0.88005644
0.86686879
0.85857058
0.86205453
0.86718369
0.86142480
0.84718192
0.85235059
0.86748546
0.89805520
0.92471451
0.93765116
0.94034374
0.93687403
0.93309635
0.92568320
0.91482115
0.91058058
0.91291142
0.91197455
0.90723914
0.91158336
0.92227745
0.92837811
0.92036611
0.80223632
0.76536000
0.83105683
0.89880747
0.91766602
0.91912991
0.92943913
0.94825768
0.95282072
0.93776649
0.92779517
0.94120944
0.95547980
0.96313041
0.96720248
0.96917355
0.96934861
0.96811497
0.96647447
0.96481597
0.96760911
0.97079188
0.97119123
0.96971852
0.96780974
0.96344072
0.96139956
0.96238303
0.96314645
0.96882099
0.97282797
0.97293389
0.97143054
0.96888018
0.96544725
0.96133322
0.95763808
0.95496309
0.95444059
0.95507109
0.95698011
0.95932674
0.96080559
0.96109146
0.96126896
0.96285111
0.96473700
0.96646369
0.96761078
0.96754205
0.96743214
0.96744227
0.96679819
0.96518165
0.96428251
0.96256584
0.95123589
0.94061989
0.94335318
0.94785511
0.94760352
0.94374961
0.93679273
0.92625141
0.91762716
0.88565564
0.86198455
0.83541441
0.82391709
0.81431335
0.79687417
0.77970284
0.76719344
0.76789391
0.76214397
0.75408357
0.71159703
0.64873749
0.60733360
0.59385955
0.57692999
0.56149924
0.54102218
0.52323496
0.51557690
0.51370227
0.51047581
0.50692791
0.50454390
0.50853753
0.51178449
0.51614439
0.51780391
0.51573235
0.50528383
0.50027686
0.50131279
0.50928491
0.52872074
0.54578042
0.57051098
0.58507907
0.59674466
0.61463034
0.63776910
0.65935373
0.68772519
0.71771932
0.73378271
0.75736350
0.78380179
0.79629320
0.79478675
0.79106390
0.80607951
0.83370614
0.86320508
0.88818294
0.90507996
0.89809096
0.81690419
0.64234966
0.48921061
0.47784963
0.47591829
0.48250499
0.50638998
0.51855326
0.53329581
0.56644326
0.59501576
0.61993057
0.63594508
0.66023266
0.67725676
0.69125545
0.72009319
0.74978113
0.76571959
0.77205515
0.80033624
0.83839852
0.86559379
0.86559963
0.88195044
0.88296974
0.87489700
0.84809226
0.81442952
0.79155064
0.81811714
0.81942236
0.79873341
0.78934550
0.79951203
0.82043314
0.83223152
0.84474438
0.84789497
0.83647132
0.84376621
0.84946734
0.85069907
0.86074305
0.86765194
0.87142164
0.87669051
0.86955863
0.87404561
0.87820500
0.87055260
0.85597867
0.86226767
0.84652072
0.84825474
0.86208820
0.87525827
0.86330384
0.85038048
0.82710981
0.82043910
0.82210094
0.83405274
0.86034966
0.90035987
0.92207211
0.92674148
0.91629344
0.90534383
0.90087640
0.90691715
0.91916823
0.92257506
0.91174704
0.89267927
0.87498379
0.87868613
0.90160608
0.92053407
0.92482555
0.92259365
0.91510028
0.91233408
0.90491927
0.90406621
0.91478461
0.92552984
0.93587404
0.94378632
0.94324785
0.93891108
0.92838484
0.91189778
0.91370910
0.91770518
0.92055440
0.93004644
0.92696023
0.91668719
0.92159516
0.93616360
0.94289660
0.94458199
0.93603301
0.92929029
0.93604344
0.93893915
0.94494420
0.95055038
0.95031780
0.94070524
0.93145132
0.93095630
0.94074130
0.94453108
0.95074028
0.94222885
0.92922711
0.93363732
0.94557190
0.94183826
0.93856955
0.93920267
0.94405621
0.95245779
0.95408702
0.95318919
0.94918948
0.94486845
0.94354284
0.94415939
0.90857762
0.88856018
0.90512735
0.92720509
0.94826317
0.95355183
0.95832598
0.95020735
0.95572960
0.94960713
0.95083350
0.95777959
0.95951414
0.95780945
0.95205086
0.94533628
0.95130128
0.95546728
0.93324894
0.91904491
0.93242449
0.94006902
0.95478368
0.95867515
0.95966452
0.95099056
0.95520461
0.95893455
0.94134015
0.88886064
0.81595069
0.81594062
0.88394958
0.91812217
0.93609130
0.94118124
0.94438845
0.94135201
0.95698673
0.96624762
0.95441538
0.95462894
0.96496058
0.96419859
0.96866560
0.97047555
0.97005075
0.97170365
0.97459388
0.97715533
0.97812963
0.97766906
0.97471738
0.96601373
0.96071446
0.95119029
0.95770085
0.96322608
0.96322292
0.96066022
0.96269715
0.96153367
0.96271783
0.96326047
0.96527827
0.96471179
0.96095294
0.95301396
0.95073771
0.95483106
0.95917094
0.96060985
0.95903409
0.95586085
0.95559418
0.95776218
0.95822376
0.95846516
0.95853525
0.95687801
0.95489192
0.95323008
0.95057774
0.95216686
0.95771134
0.96228194
0.96137190
0.95963818
0.95710731
0.95863843
0.95992643
0.96371919
0.96522373
0.96553802
0.96578729
0.96664941
0.96296781
0.95988107
0.95807910
0.95665520
0.95295644
0.95248729
0.95550734
0.96118706
0.96549356
0.96447790
0.96136075
0.96061039
0.96150386
0.96329403
0.96258616
0.95793873
0.95353037
0.94844067
0.94789839
0.95014298
0.95106542
0.95074213
0.94416565
0.93664789
0.93372244
0.93621612
0.93899965
0.94352585
0.94397974
0.94623482
0.94546276
0.93852967
0.93087882
0.92491996
0.92321670
0.92476112
0.92751974
0.93435395
0.93535584
0.93152624
0.92664373
0.92559576
0.92584568
0.92353052
0.93298447
0.94610995
0.95119220
0.94877863
0.93995565
0.93570578
0.93987560
0.94625783
0.94985616
0.94421762
0.92676604
0.91151690
0.91665560
0.92781854
0.94062102
0.94174230
0.93832713
0.93964487
0.93974304
0.93892324
0.94540471
0.95188117
0.94802088
0.90314841
0.88922328
0.90601575
0.92205292
0.93056768
0.93434852
0.94083375
0.94464666
0.95221454
0.95488918
0.95640576
0.95303905
0.95529306
0.95834297
0.95890749
0.95337677
0.95844382
0.96407187
0.96005213
0.95260519
0.95600909
0.93361467
0.88918138
0.90894502
0.91811544
0.93961865
0.94789153
0.93820256
0.93802506
0.94587672
0.93608034
0.92173934
0.92812526
0.93791085
0.93043154
0.93664324
0.92813146
0.89781100
0.87279361
0.88835251
0.89348984
0.88837433
0.84884834
0.86558443
0.89038092
0.90055406
0.91279697
0.91919190
0.92299074
0.92969364
0.93856406
0.93520695
0.93910360
0.95157260
0.96077621
0.94101703
0.90906990
0.90276521
0.91542953
0.90460223
0.89796621
0.90767419
0.92331940
0.93843412
0.94595331
0.92977124
0.90957862
0.89089125
0.88341683
0.88830537
0.90793133
0.91715181
0.91515970
0.90950269
0.89103729
0.87913072
0.86786503
0.81400651
0.73762387
0.70282418
0.70864695
0.70430487
0.73222947
0.78383094
0.81453103
0.84544885
0.83610684
0.80177319
0.73814869
0.68551666
0.62793165
0.59744608
0.56625032
0.55151767
0.54440671
0.54015404
0.54034668
0.52972883
0.53569448
0.55095679
0.57104582
0.58182842
0.60623032
0.64109874
0.68495673
0.71451384
0.71985900
0.70812184
0.68758506
0.67861915
0.67208576
0.65724277
0.64978933
0.63919044
0.62512106
0.61326230
0.58841127
0.57598931
0.56349516
0.56268913
0.55188429
0.54297650
0.53133672
0.52496302
0.52729583
0.53354657
0.53451693
0.52655071
0.49764779
0.48963547
0.48913065
0.49148574
0.50538903
0.52991652
0.54786789
0.55625945
0.56662256
0.56635040
0.56876409
0.54862422
0.52104741
0.50740737
0.51391071
0.51341230
0.50801486
0.50455755
0.50281435
0.50405180
0.50960249
0.47744188
0.46782717
0.45319223
0.41745514
0.39597064
0.38153794
0.36932963
0.36117539
0.35805133
0.36398661
0.35714400
0.34797674
0.34107518
0.33989856
0.33491233
0.32564771
0.31142312
0.29537970
0.29222730
0.29581022
0.29918844
0.30556190
0.30880335
0.30763388
0.30862984
0.31124967
0.31636676
0.32481816
0.33181542
0.33909073
0.34882575
0.35995585
0.37865531
0.41024956
0.43406951
0.44457313
0.44112074
0.45884570
0.49698105
0.54925460
0.70296210
0.84135699
0.90912449
0.93007934
0.92964655
0.92752373
0.92572099
0.92900020
0.93093359
0.92514610
0.92110020
0.92966861
0.93987089
0.94340658
0.94277442
0.93971485
0.94467974
0.95196033
0.95178550
0.93881935
0.91478056
0.91237831
0.92185473
0.93252987
0.94251609
0.94527471
0.94594306
0.94892305
0.95227236
0.94341040
0.89582133
0.89881057
0.91623122
0.92542243
0.92375582
0.93904936
0.95071906
0.95578462
0.95625651
0.95515984
0.95248699
0.93352616
0.91554451
0.92077821
0.93513232
0.95053560
0.95863032
0.95961487
0.95541394
0.94836134
