3.00000000
3.00000000
3.00000000
3.00000000
3.00000000
3.00000000
3.00000000
3.00000000
3.00000000
3.00000000
3.00000000
3.00000000
3.00000000
3.00000000
3.00000000
3.00000000
3.00000000
3.00000000
3.00000000
3.00000000
3.00000000
3.00000000
3.00000000
3.00000000
3.00000000
3.00000000
3.00000000
3.00000000
3.00000000
3.00000000
3.00000000
3.00000000
3.00000000
3.00000000
3.00000000
3.00000000
3.00000000
3.00000000
3.00000000
3.00000000
3.00000000
3.00000000
3.00000000
3.00000000
3.00000000
3.00000000
3.00000000
3.00000000
3.00000000
3.00000000
3.00000000
3.00000000
3.00000000
3.00000000
3.00000000
3.00000000
3.00000000
3.00000000
3.00000000
3.00000000
3.00000000
3.00000000
3.00000000
3.00368371
3.00378805
3.00345988
3.00379343
3.00358108
3.00387551
3.00443715
3.00394469
3.00416244
3.00565010
3.00556707
3.00608996
3.00619878
3.00846773
3.00837395
3.00846437
3.00830985
3.00658511
3.00597264
3.00613272
3.00512118
3.00450641
3.00505596
3.00362906
3.00271376
3.00286339
3.00249657
3.00249323
3.00259079
3.00211325
3.00183270
3.00209824
3.00183918
3.00231066
3.00189692
3.00187159
3.00216000
3.00238576
3.00260645
3.00252229
3.00306964
3.00397259
3.00462055
3.00633658
3.00789489
3.00751072
3.00621409
3.00489084
3.00525458
3.00666366
3.00773918
3.00402559
3.00418866
3.00408361
3.00610825
3.00955961
3.00575221
3.00530963
3.00804735
3.01146623
3.01422664
3.01994756
3.02647261
3.02525486
3.03525230
3.02446516
3.02209317
3.02100958
3.01581333
3.01095645
3.00825849
3.00585564
3.00479870
3.00460431
3.00278727
3.00301327
3.00329726
3.00412504
3.00487007
3.00571412
3.00544435
3.00666993
3.00640753
3.00641214
3.00651262
3.00551198
3.00431097
3.00379915
3.00365587
3.00388342
3.00262292
3.00235145
3.00201668
3.00200740
3.00204582
3.00190048
3.00234802
3.00244190
3.00267216
3.00295890
3.00340172
3.00334137
3.00356039
3.00344721
3.00352665
3.00343486
3.00395061
3.00461798
3.00435595
3.00533869
3.00657481
3.00804657
3.00890999
3.01014399
3.01078800
3.01133000
3.01131629
3.01030527
3.00687993
3.00516698
3.00437392
3.00451306
3.00425131
3.00488127
3.00427538
3.00477581
3.00472088
3.00487621
3.00521988
3.00557113
3.00549369
3.00575686
3.00657596
3.00802697
3.01030578
3.01120770
3.01187131
3.01267079
3.01470035
3.01733478
3.02113016
3.02075083
3.01907255
3.01854847
3.01812647
3.01894052
3.02046698
3.02644460
3.02689729
3.02690296
3.02189823
3.01741857
3.01419534
3.00840243
3.01028064
3.01416340
3.01247057
3.01050602
3.00880256
3.00888171
3.01264083
3.01142826
3.00787332
3.00912391
3.00568269
3.00298887
3.00240051
3.00197008
3.00159534
3.00120358
3.00168693
3.00203239
3.00262628
3.00310177
3.00306387
3.00241537
3.00226158
3.00225081
3.00209668
3.00225996
3.00225834
3.00262901
3.00209404
3.00246864
3.00233909
3.00232276
3.00198228
3.00181302
3.00262673
3.00208376
3.00328585
3.00349897
3.00301140
3.00295837
3.00337874
3.00352430
3.00421540
3.00299385
3.00308726
3.00268120
3.00402197
3.00300341
3.00473941
3.00517981
3.00540685
3.00794858
3.01549727
3.01750984
3.02726220
3.03417325
3.04817365
3.04702658
3.04070934
3.03938244
3.04766477
3.03441071
3.02763504
3.02171675
3.02337454
3.02853816
3.01638436
3.00830104
3.00443731
3.00400314
3.00372582
3.00378142
3.00223521
3.00315582
3.00445082
3.00433774
3.00569648
3.00515982
3.00425099
3.00452343
3.00485124
3.00455360
3.00417444
3.00264107
3.00310426
3.00206087
3.00245297
3.00369929
3.00226020
3.00225061
3.00261012
3.00243154
3.00295766
3.00501916
3.00441354
3.00682271
3.00588982
3.01142813
3.01344694
3.01093254
3.01465082
3.03013484
3.04326303
3.03344672
3.05225919
3.04180001
3.03386444
3.04354655
3.08127967
3.06669216
3.06707087
3.07087657
3.05547879
3.02790227
3.04281057
3.08450084
3.07887291
3.04211835
3.02788654
3.01982352
3.02872986
3.02806184
3.03092339
3.02717851
3.02490065
3.01175054
3.00456560
3.00531858
3.00584058
3.00338126
3.00351746
3.00324751
3.00369937
3.00373642
3.00430914
3.00603623
3.00730377
3.00961353
3.01492804
3.01563437
3.01742282
3.01915467
3.01996166
3.02221303
3.02288561
3.02268691
3.01485207
3.00937230
3.00516934
3.00367871
3.00248837
3.00175313
3.00121345
3.00147842
3.00213557
3.00453890
3.00312687
3.00268900
3.00466889
3.00294363
3.00594600
3.00440173
3.00665506
3.00762658
3.01249390
3.02029604
3.03263392
3.03600866
3.02954793
3.02662217
3.02620069
3.02563417
3.02282857
3.01212554
3.00779470
3.00519561
3.00395154
3.00437248
3.00511781
3.00413994
3.00399742
3.00370532
3.00463214
3.00509802
3.00579626
3.00587765
3.00677940
3.00646233
3.00479467
3.00393609
3.00378211
3.00616571
3.00673311
3.00830974
3.00943929
3.01010267
3.00833505
3.00830313
3.01092723
3.01910533
3.03883829
3.04479198
3.03851912
3.03785723
3.03614844
3.03878753
3.03130582
3.02365274
3.01469705
3.01329931
3.01326461
3.01406222
3.01790415
3.02226023
3.01865457
3.01279815
3.00937470
3.00803830
3.00805603
3.00585840
3.00471441
3.00486705
3.00701779
3.00798181
3.00900425
3.00890606
3.01024770
3.01172644
3.01051656
3.01071114
3.00904350
3.00927021
3.00934144
3.01023830
3.00848821
3.01061002
3.01260735
3.01641276
3.01975191
3.01840474
3.01848677
3.01460340
3.01071473
3.00933522
3.00796947
3.01017052
3.01053779
3.01128929
3.00812338
3.00674363
3.00762095
3.00854600
3.00887611
3.00814886
3.00716762
3.00735022
3.00704184
3.00706609
3.00731510
3.00726486
3.01158780
3.01411361
3.01516066
3.01759872
3.02096696
3.01942947
3.01244119
3.01389801
3.01822041
3.01316585
3.00939450
3.00738057
3.00775194
3.00748042
3.00704132
3.00833561
3.00730948
3.00695752
3.00822969
3.00977165
3.01377982
3.01315838
3.01490178
3.01442066
3.01243097
3.01171994
3.01016378
3.01094647
3.01178931
3.01269500
3.01440637
3.01834630
3.02052267
3.02684053
3.02762979
3.03081674
3.02575203
3.02759385
3.02379881
3.02708320
3.02368972
3.02402016
3.02677997
3.02754685
3.03350576
3.03853201
3.04169571
3.04394987
3.04228250
3.03924721
3.03911062
3.03308485
3.02954922
3.02586907
3.02539750
3.02473456
3.02425884
3.01943551
3.01757949
3.01979728
3.01754337
3.01226906
3.00984214
3.00835078
3.00646343
3.00597680
3.00576898
3.00585526
3.00670006
3.00902978
3.00887202
3.00935498
3.00964155
3.01050703
3.01076949
3.01126995
3.01148521
3.01189811
3.01381096
3.01334535
3.01669425
3.01738416
3.01629876
3.01700687
3.01515251
3.01336998
3.01108195
3.01072409
3.00940153
3.00803841
3.00821082
3.00795731
3.00830166
3.00589401
3.00356409
3.00281386
3.00303360
3.00274959
3.00320427
3.00344630
3.00303814
3.00243343
3.00182060
3.00197365
3.00230319
3.00247850
3.00271095
3.00240583
3.00241291
3.00311745
3.00383233
3.00690879
3.00713765
3.00800263
3.00913296
3.01239950
3.01240563
3.01234383
3.00991953
3.00693455
3.00624636
3.00471484
3.00386511
3.00376300
3.00457465
3.00549387
3.00793683
3.01091293
3.01332582
3.01275768
3.00957021
3.00586437
3.00551156
3.00513932
3.00522615
3.00561946
3.00663401
3.00590038
3.00581632
3.00477291
3.00402288
3.00274126
3.00249985
3.00349359
3.00438478
3.00502557
3.00372760
3.00391913
3.00365044
3.00425838
3.00439935
3.00359545
3.00408322
3.00464247
3.00376821
3.00344252
3.00322819
3.00343947
3.00453635
3.00525183
3.00681836
3.00589871
3.00489392
3.00471816
3.00487327
3.00505415
3.00555418
3.00475367
3.00508820
3.00618883
3.00762490
3.00791763
3.00743292
3.00787173
3.00685647
3.00569022
3.00536752
3.00504346
3.00527885
3.00632036
3.00673932
3.00924048
3.00855740
3.00904691
3.00758887
3.00526801
3.00383156
3.00349854
3.00334896
3.00354754
3.00342339
3.00444623
3.00531234
3.00624598
3.00753667
3.00865094
3.00839748
3.00442581
3.00323361
3.00233122
3.00213068
3.00207303
3.00255021
3.00250890
3.00277999
3.00284123
3.00295305
3.00361426
3.00380465
3.00396705
3.00462750
3.00522771
3.00587405
3.00438749
3.00422369
3.00396682
3.00384918
3.00421030
3.00457063
3.00489431
3.00500714
3.00553398
3.00697753
3.00664223
3.00615015
3.00588687
3.00643234
3.00624387
3.00603137
3.00669946
3.00635206
3.00542175
3.00550834
3.00588540
3.00613801
3.00615399
3.00720953
3.00748085
3.00717239
3.00655790
3.00526468
3.00572156
3.00537474
3.00631042
3.00534811
3.00461251
3.00450753
3.00409451
3.00423171
3.00561092
3.00657119
3.00756740
3.00982690
3.01148760
3.01484587
3.01636644
3.01815024
3.02027937
3.02242929
3.02723806
3.02766160
3.02782090
3.02094679
3.02130321
3.02817309
3.03652320
3.03814245
3.02894951
3.03595603
3.05097029
3.04533596
3.03475304
3.05693777
3.08183956
3.10384080
3.07348775
3.07610928
3.09018851
3.14765654
3.16646325
3.14412518
3.12489119
3.11385836
3.10945253
3.11580372
3.09243500
3.04848809
3.03442955
3.02422623
3.02054548
3.01757169
3.01656708
3.01289800
3.01190866
3.01125673
3.01354350
3.01826642
3.01564808
3.01691354
3.01036895
3.01232160
3.00707978
3.00563172
3.01004380
3.01154397
3.01428270
3.01723088
3.01320340
3.01807189
3.02043296
3.01608680
3.02449035
3.02908140
3.04030666
3.04439433
3.08521358
3.11395871
3.16393984
3.12639763
3.15233324
3.12186930
3.08493390
3.10627516
3.10982644
3.11012966
3.13041998
3.09357464
3.09780075
3.11310798
3.13278955
3.13546438
3.23962714
3.19231632
3.25082908
3.27236745
3.31940634
3.23481639
3.53282721
3.47252468
3.86630600
3.70776540
3.99699079
4.10766405
4.04355751
3.70898854
3.92943169
3.87918083
3.70615194
3.80136536
4.12555732
3.94017346
4.17144233
4.38434408
4.71427993
4.75688408
4.58824885
4.08206270
4.26626845
3.81987956
3.96404554
4.19690196
3.96416727
4.30399284
4.54932638
4.55088033
5.06976852
5.06100168
4.60387420
5.16748587
4.84367712
4.74157650
5.18288668
5.32915500
5.84605962
6.26560652
6.59415989
5.40707817
4.50652709
3.91671808
3.84620533
3.77162272
3.93008874
3.91639184
4.09555784
4.27910327
4.69898841
4.67820055
4.80262331
6.10162195
6.32231165
7.28168507
7.45445822
6.27210215
6.85653991
7.26044360
6.67110196
7.03335060
6.54330341
5.79742511
7.11079424
7.42325071
8.01131668
9.56155578
7.76080392
8.17788277
11.17211068
8.30370952
9.99511829
9.12074562
10.15911036
8.48460987
8.17871993
8.56659178
9.52237856
9.30266477
6.83959299
7.02310023
9.61011419
8.69958189
8.10789352
10.35448367
12.71675185
12.71344464
14.71952606
9.64746781
8.52170190
9.78256852
9.02966691
10.05607259
9.88260065
7.90418576
9.13357144
10.57313916
11.12158880
12.63759170
12.66227658
11.26710558
9.58129182
8.09131745
10.88615470
11.37105726
11.47660241
12.98133939
9.82535419
9.15286536
9.17844080
6.79797344
7.33340714
6.35403882
5.74200853
5.87804001
4.71921863
5.47875579
5.44172314
5.17963448
6.23704919
4.79825981
4.20601632
4.16971259
4.10561139
4.27670212
4.57550640
4.77076976
5.05016614
5.42729535
6.92314300
8.51114694
10.62834928
10.33968009
11.88386400
12.94337109
10.55772532
10.48232033
9.90516528
8.81290957
8.22217644
7.65190697
9.08543471
10.11626360
9.09821297
8.78881085
10.54617896
11.19319285
9.93118668
10.00970576
11.38625382
11.08319013
8.93054124
11.16833934
10.40835890
8.99723961
11.22839353
11.42181057
9.85157855
10.50400958
10.03417785
11.24300657
9.39235392
7.96462354
7.81534012
8.25754504
9.82021941
8.42109500
9.50870021
10.35872104
10.75262902
10.16382400
9.30405962
9.60580249
10.59534533
10.65955832
9.98337576
10.79392528
10.93049830
10.18107683
9.64360841
9.02820682
9.90589280
10.38659688
9.84620794
10.16797688
8.17406934
8.41176492
7.69814276
8.25902373
7.26991779
7.80562632
7.58983897
8.40616966
9.73839041
11.83655846
12.42011222
10.96439129
10.56980604
10.00752485
7.66722345
6.03861497
5.85638204
5.80719185
5.85654626
5.20887240
5.10725464
5.19361753
5.92180067
5.75585569
5.55818585
5.34174410
5.39331674
5.77624427
7.05431584
8.45126946
8.70165673
9.58085646
9.00521982
8.61972951
9.15938327
8.49734091
8.32159313
8.25656215
7.76207449
7.03422890
7.67871907
7.13880424
7.39584817
6.34676759
6.53661612
7.15934283
6.60163024
6.20206858
6.67076984
5.19734026
6.06965390
5.72182687
6.57964690
7.04304101
6.68140037
6.48850666
6.81357649
6.87905138
6.16115190
6.79633191
7.22247244
6.14863441
5.58779199
6.46769194
8.40721961
9.56820112
9.48247006
8.63685838
8.53520594
9.65602299
10.46958736
9.70876774
9.31329832
11.08121862
8.72677268
9.73073091
7.39992558
8.48772777
8.41632230
8.17811665
7.79374935
8.10128070
8.96251592
9.63125813
9.29671948
8.51708868
8.74493382
8.50922464
8.63251792
6.73257414
7.18523889
7.01022155
7.19741550
7.33862194
6.31239256
6.60785853
7.25001192
5.91525764
5.82316719
6.01916174
5.03124839
5.28387675
5.55645930
5.65433910
5.52740369
5.07455234
5.49201911
6.80115503
8.41043654
7.54225239
7.08599491
7.47966936
8.02085581
8.55540120
9.00297512
8.52717312
8.85727757
7.72433491
7.70077343
7.75438490
9.19921625
9.78963705
9.56015162
10.75581663
10.34333474
9.81610152
10.23533708
8.97828699
8.77907121
9.06049196
7.14516180
7.73136426
8.01227637
8.67387217
9.32530065
9.64116277
9.60897736
9.02333203
9.81536328
9.19886617
10.00897692
11.25196517
12.38060937
12.18269614
11.85063282
12.67801680
9.57638081
11.50544771
8.84448483
8.22584767
10.19074585
7.92205940
7.58961343
7.10658038
5.83079286
6.26286579
5.98623209
6.24551689
5.76366396
5.58787775
6.41741963
6.03751691
7.55292967
9.90659851
9.99621282
9.35672125
10.02035654
13.04361343
14.07165755
15.09056564
14.78932642
11.36980559
8.45004032
8.32177605
8.10311239
8.93437806
8.33599948
9.23478391
9.32676518
9.81674511
11.31904310
9.47433155
8.73160012
7.46113467
7.76741536
8.56156843
8.67597054
7.71963321
6.09418323
6.66721501
6.05614752
7.44200538
9.88582608
11.01443761
12.53087933
12.51961342
13.98394550
14.70287315
17.12432512
13.63974355
15.33075304
13.36733894
11.13686561
11.56181285
10.75373730
10.21275378
9.83387960
9.98750567
9.12714849
12.96617350
11.76206187
12.29946424
13.31985434
15.33917883
11.83881623
13.10858584
14.73690181
14.20983396
14.17970891
13.04938742
13.07551612
12.80991448
12.41293279
13.32367124
12.40909433
12.38351816
12.22268815
12.02817480
11.01596754
11.57381745
10.20507858
11.19336568
10.51491568
10.56897115
10.76644336
9.55375485
10.32425269
9.96637210
9.77447010
9.87872808
9.35980451
9.90919279
9.81797674
9.88079372
9.46662019
11.61258857
11.87621294
15.14015828
13.20715686
12.05847347
9.96514524
16.56403926
14.16453172
14.37342934
13.01343216
9.92272956
10.48964263
11.85617126
9.28947666
9.21193878
10.62285164
9.75056323
8.73974597
8.34418002
8.17816607
7.10528131
5.69673726
5.08601653
5.21948695
5.95813377
6.37643566
7.27444623
7.24467444
8.14815388
10.29435959
9.74016910
11.11997627
12.07420376
13.10553536
10.82520253
9.49189811
9.95775154
11.36620923
9.44749606
9.74559432
9.28075547
7.94863340
9.43567040
9.71820022
8.50365479
8.81339942
8.85193138
9.25550200
8.17966596
8.81977238
6.57279889
6.94295903
7.43306583
7.85925043
11.92273217
15.34960145
14.91714169
13.90546769
15.43738597
15.36206543
13.04599576
11.95427246
12.20338464
10.99414217
12.08327826
12.88226761
13.16183012
13.28642855
14.38652476
13.56872188
12.00995632
10.77293009
12.76128214
12.54319301
13.54597086
12.90965431
11.65010531
11.23268949
12.22153498
12.45111343
11.66008242
12.39353748
12.63378834
14.04426269
11.85388004
11.53204514
11.33438470
12.21606295
13.15940627
11.78298791
10.11064972
10.63891908
11.05571122
11.71128907
13.39968930
12.94520696
13.72639339
14.27017287
16.01557357
14.37643451
15.93357485
15.51538848
15.48426940
12.11500824
11.22979648
10.29389620
10.23939739
10.04814491
11.28998179
12.77097256
12.89112004
13.42795917
14.49735429
12.98296566
10.56034883
11.15875510
11.00991133
9.74876238
10.36008696
10.06426824
8.80313765
9.16171119
10.10645254
9.25686381
10.55476407
11.27115728
11.45081936
10.98609381
9.65806537
10.88845515
10.46535993
11.18842664
9.79527447
10.29644769
9.17951544
9.10902305
8.96512209
9.58503788
9.76705099
9.03265322
9.48605212
8.42216092
8.78915066
9.34221644
10.52678309
12.34322114
12.58811361
10.48772953
10.59632115
9.87785809
12.24850513
11.88020683
13.11599241
14.66956840
15.74705302
17.06233568
14.73337415
14.78183070
18.17733175
17.82210088
18.75894668
16.43839217
17.93275137
17.89033839
16.58087595
17.85467796
17.63385836
19.20020039
18.78100389
19.35133496
19.96285956
19.31095174
18.55253572
17.31128166
12.38254373
10.95937663
11.35558881
9.61072900
9.15645213
8.38908593
9.82437030
9.72898905
10.99159221
12.60239179
11.58746425
12.23834205
11.14699405
11.99915609
11.27626889
10.96107196
11.61402755
11.80963577
12.73649438
10.35848903
10.80311925
10.23205009
9.46949367
9.45065774
8.03994611
7.53798402
8.40870614
9.69276063
10.28120266
10.43199575
12.02987043
12.10178545
10.85435468
11.59106216
11.16848102
8.96098533
9.91925057
10.05396839
10.62072337
10.67316431
8.86693737
7.88982302
7.92975691
6.97467158
7.54110140
7.49286143
7.14465232
6.97729997
8.11244849
8.43439486
8.04018245
8.38690910
9.13814381
10.44138427
9.54239455
11.14079572
10.36915857
10.71956115
9.93689898
9.84459366
11.04731323
11.06061451
10.73255013
10.28098309
9.85890747
10.21387526
10.52047943
9.95443504
8.88946901
10.26963841
9.62959448
8.72964422
10.37884297
10.31487879
10.90091585
9.21763531
9.17936767
11.46107207
10.97264702
10.62869487
10.08715394
8.98753513
8.62648475
7.58208289
6.49290544
7.24802119
6.62901587
6.95658323
7.46214223
7.53543627
8.26869475
6.94697104
7.13114861
8.19438564
8.82541940
8.04685291
6.92322883
7.15812127
8.39322950
6.80226969
7.93870472
9.26739362
9.43694015
9.79187912
9.37983740
8.74087688
8.73940314
7.19591438
6.70562475
6.07718487
5.74130182
6.06544571
5.82977375
5.28178590
5.71360049
5.60923606
6.18783907
6.09698295
6.38718433
6.42941927
5.73767247
5.99141739
5.89066091
6.01403003
6.64430141
7.45809862
7.94224859
7.26851369
6.51750408
6.63326641
6.21556790
4.92395431
4.82952815
4.16298414
4.94679800
4.61999068
5.25875542
5.98788613
5.13412669
5.57766697
5.06452834
5.30615312
4.96908886
4.85974958
5.83411738
6.15586651
6.89253407
7.09827864
6.74384387
7.59779280
8.18856661
7.27251659
7.65429195
7.05910286
5.05090679
4.66873387
4.48488833
4.11309468
4.10962458
3.51264704
3.35088517
3.21354166
3.50495381
3.33184082
3.29891672
3.52017378
3.29163564
3.14595813
3.17076762
3.22529146
3.49569763
3.71392695
3.99263332
4.03334624
4.39193986
4.22900019
3.90514124
4.34325289
3.72642830
3.34641679
3.25940162
3.29777990
3.16713368
3.16985938
3.09311327
3.10024014
3.09553573
3.11878898
3.20598396
3.19390846
3.28668066
3.40847171
3.32159460
3.15308775
3.06759197
3.03467594
3.02091174
3.02314478
3.02195464
3.04243063
3.03010131
3.02837712
3.04786851
3.03584887
3.03140685
3.02334177
3.01862261
3.01969309
3.01510664
3.01230312
3.01522908
3.01281835
3.01402896
3.01191615
3.00765609
3.01008158
3.01132380
3.01439218
3.01268404
3.00787129
3.01059312
3.00712264
3.00376746
3.00553508
3.00507747
3.00549718
3.00592753
3.00767436
3.00733021
3.00676318
3.00629714
3.01121603
3.02291017
3.02167760
3.02252393
3.02460410
3.03129168
3.02865485
3.02127944
3.02129480
3.02532490
3.03814994
3.03467987
3.04113640
3.04273831
3.03331374
3.01849426
3.00872670
3.00621962
3.00526742
3.00632686
3.00404586
3.00291707
3.00193747
3.00140850
3.00174065
3.00242751
3.00274852
3.00482096
3.00447042
3.00569167
3.00744067
3.00602767
3.00653729
3.00575869
3.00803919
3.00903090
3.01117009
3.01080681
3.01122547
3.01127080
3.00699027
3.00674485
3.00590833
3.00665026
3.00652068
3.00730006
3.00740299
3.00762279
3.00690081
3.00598212
3.00563717
3.00531605
3.00427907
3.00453009
3.00468080
3.00479518
3.00453101
3.00399214
3.00353133
3.00227362
3.00151267
3.00195370
3.00215005
3.00267604
3.00271430
3.00253238
3.00313865
3.00255059
3.00267078
3.00250955
3.00234667
3.00315969
3.00308107
3.00263174
3.00375883
3.00400828
3.00671107
3.00805624
3.01086871
3.00561018
3.00560999
3.00559507
3.00536565
3.00884485
3.01048565
3.01213864
3.00823480
3.00655960
3.00456364
3.00439750
3.00323654
3.00267806
3.00211476
3.00176053
3.00212311
3.00180767
3.00215684
3.00269983
3.00179119
3.00220137
3.00313162
3.00266314
3.00527642
3.00440831
3.00493225
3.00434634
3.00488421
3.00696895
3.00793064
3.01031723
3.01575674
3.00989876
3.00839783
3.00833154
3.00612530
3.00490714
3.00396249
3.00408215
3.00333278
3.00267876
3.00273448
3.00351229
3.00332270
3.00322640
3.00343940
3.00450424
3.00530025
3.00528623
3.00452805
3.00476483
3.00369165
3.00451647
3.00642534
3.00842953
3.00768587
3.00792640
3.00709486
3.01052057
3.01884670
3.03875203
3.06990466
3.07237933
3.07538423
3.06888301
3.04010508
3.04177962
3.02193234
3.01099942
3.00688528
3.00633361
3.00460390
3.00303139
3.00350748
3.00384596
3.00753576
3.00596780
3.01755395
3.02638771
3.02359865
3.02629904
3.02010965
3.01626256
3.00861078
3.00572630
3.00291199
3.00216493
3.00247529
3.00293651
3.00315547
3.00288538
3.00251371
3.00325524
3.00235947
3.00470340
3.00491144
3.00349359
3.00478700
3.00514123
3.00497943
3.00510403
3.00587580
3.00299558
3.00384253
3.00302120
3.00262863
3.00210409
3.00254677
3.00227450
3.00269064
3.00252353
3.00250075
3.00265729
3.00315158
3.00244876
3.00275808
3.00242452
3.00207055
3.00181828
3.00221764
3.00239569
3.00224022
3.00250019
3.00233349
3.00232112
3.00347337
3.00406716
3.00350333
3.00413714
3.00414113
3.00486164
3.00396970
3.00723200
3.00800701
3.01049980
3.01063371
3.00904238
3.00667691
3.00596039
3.00620731
3.00563498
3.00459776
3.00299365
3.00515314
3.00346119
3.00198010
3.00298643
3.00249323
3.00224720
3.00311455
3.00360254
3.00411911
3.00309177
3.00305862
3.00686083
3.00484033
3.00338238
3.00363720
3.00319240
3.00363350
3.00352364
3.00301851
3.00349158
3.00398091
3.00320686
3.00416596
3.00281277
3.00249527
3.00313248
3.00414950
3.00549709
3.00546128
3.00460726
3.00351229
3.00374449
3.00308826
3.00265012
3.00235091
3.00254377
3.00259517
3.00233122
3.00259839
3.00272293
3.00282161
3.00250732
3.00257454
3.00280306
3.00289967
3.00278191
3.00350242
3.00355179
3.00404771
3.00477561
3.00677699
3.00819191
3.01012280
3.01169963
3.01425288
3.01616468
3.01874479
3.02138992
3.02106843
3.02194134
3.02040065
3.01911458
3.01452580
3.00994670
3.00698799
3.00581283
3.00413193
3.00462653
3.00480471
3.00520753
3.00467499
3.00605352
3.00579966
3.00655614
3.00585048
3.00714383
3.00876168
3.00633065
3.00764753
3.00788459
3.00881104
3.01465809
3.01744374
3.01806514
3.02178224
3.02323665
3.02079154
3.01794014
3.01509850
3.01304756
3.00800778
3.00825359
3.01225540
3.01370380
3.01888574
3.01881983
3.02224451
3.01809162
3.01978012
3.01527092
3.01797957
3.01342935
3.01445943
3.01015541
3.01219384
3.00704543
3.01515602
3.01414048
3.01659060
3.02598557
3.02845241
3.05876010
3.05421442
3.05561149
3.04672723
3.04989071
3.03311168
3.07054975
3.04563995
3.02463958
3.01680737
3.01398235
3.01608799
3.03069235
3.03870693
3.05433375
3.02878922
3.01849224
3.02577073
3.08846902
3.14066560
3.12042522
3.10063431
3.10579871
3.08661704
3.08748056
3.10356233
3.09615304
3.10470731
3.22313774
3.38360522
3.40342790
3.82752245
3.99687883
3.51840745
3.36432823
3.46409177
3.56959230
3.62125784
3.57135234
3.38239500
3.29123406
3.43038455
3.87076319
3.53273497
3.21894355
3.21112322
3.19446253
3.19032924
3.22816250
3.25861918
3.22857336
3.44020871
3.35257910
3.36674529
3.54360439
3.56125768
3.52813020
3.40846693
3.55149129
4.08559850
3.95618381
3.69034974
3.33914012
3.47743022
4.00821144
4.28763410
4.23236118
3.82378396
3.59290809
3.64704095
3.69336792
3.86499778
4.22182577
4.01157280
3.78055568
3.81949267
3.55926867
3.85082077
3.52526797
4.10262708
4.20214539
4.05282792
4.34860225
3.73745259
3.76576342
3.79598959
4.09860261
4.08852933
4.65967457
5.47469648
5.75016908
6.74918407
6.40018834
8.28950221
9.37587648
10.08346404
10.02120521
8.20021505
6.63099152
5.56912135
5.17584831
4.80488774
4.27677844
4.26934978
3.82847443
3.70929160
4.57245224
4.19525100
4.85017172
4.79085128
5.20824274
5.93877890
9.07143066
10.76232064
14.33894105
15.25312959
12.53512025
12.16499749
11.47164738
10.29792265
9.59894085
7.54019590
6.72467269
8.53087425
8.63523054
12.61293260
16.09900264
18.96130050
18.39836681
17.79917531
16.92706753
11.65412017
11.97114308
11.05652357
10.48655427
11.05687518
11.68282839
10.59252304
11.00963780
11.23856474
10.02287295
8.70770200
8.38363455
7.00566437
8.03690380
7.58882511
8.60759817
9.16413296
9.22556605
11.33324287
11.87370304
12.14333717
12.96029326
12.42430003
11.36879120
15.21787697
16.30028885
14.44630440
15.45913821
14.89261476
16.17706992
17.62934215
14.53298594
15.45822080
16.32279824
15.21816285
18.15309006
17.93969967
19.66148675
17.95119763
17.29539835
12.92641222
8.98570131
12.09060537
12.72737531
10.20527887
8.92771922
12.89232284
13.34868017
14.45661307
15.13789203
14.68595319
17.08186260
15.39410132
19.31002041
17.02263017
20.50754636
20.57532957
20.22294196
16.83496943
18.30532140
18.33557605
15.19555580
13.81577497
13.08597083
13.68728632
12.96115357
15.24299177
18.90356719
16.66267530
14.74261004
15.34105563
19.46087336
21.68210692
21.95473149
23.11555255
22.27406938
22.86273971
22.73241059
22.56842007
20.92644800
21.71215552
22.56981625
23.08139830
23.87408965
23.16647106
22.85854926
24.07059759
24.36609540
23.44902134
21.84452554
21.36817987
23.81041418
23.73371000
23.05914201
24.23151564
24.92668728
23.16692935
19.40388292
18.91592439
19.16636085
20.19479566
23.61694278
24.47036810
24.60904055
22.06113196
16.97616622
16.66404554
18.63923043
20.99076809
17.46968856
17.27196408
16.82486465
19.17797952
19.39769240
22.28324785
22.97360879
23.77628205
23.55956681
23.89733642
22.69363033
20.30000134
21.10035876
22.76582611
21.22576149
21.18754298
22.08171726
20.41763646
18.98383578
19.62413458
21.16775554
20.05666134
19.41332858
19.08557216
18.80848936
17.36860463
19.17569357
20.74623000
19.33346615
21.55646590
20.88296568
22.73225640
23.68296984
23.15343110
20.10590796
19.10149252
18.24033113
19.20235003
20.13065810
19.79211910
20.03347273
19.39247541
20.27246717
18.90695332
20.46622362
19.76034003
19.25916937
18.39379569
19.99105707
20.78992764
21.11735092
20.03002877
19.70074393
20.79914643
21.97695646
21.66440651
24.10641046
23.68534250
24.74549974
21.37890074
22.34376080
21.84859272
22.56187977
22.20064650
17.20963155
21.81866961
21.51354427
24.51578631
23.22512361
23.74843311
24.63006257
23.28400784
22.33282742
22.92901573
20.84364004
18.04009436
19.56664414
17.58550307
19.33258458
22.47019106
22.20630269
21.82434771
23.59860332
22.39944081
23.56007431
24.20680444
24.10002757
20.30795219
19.51204620
18.61762246
18.25485839
21.34041067
21.91757189
21.36605718
20.67916946
20.10662920
21.60819454
18.97864309
21.16463415
21.59610867
23.32394949
24.29713755
24.82707666
22.45015069
21.56183253
18.06542697
19.90120756
15.32749810
19.23238706
17.32760610
18.73756946
18.86893783
19.15421463
20.50551574
24.16804519
23.28262478
24.50710454
23.46775393
23.17090997
24.69810895
22.27210803
24.72691244
22.84141783
22.75509601
18.92260634
19.84938396
17.99708640
18.62610569
18.71970102
16.50773327
18.40095279
16.96415247
20.46204135
17.25154385
18.69975209
17.93786805
19.60811030
18.95598901
18.22282193
18.22972058
16.73364753
19.20279595
20.22035046
20.39102681
20.02661133
21.25394640
17.80942967
16.24837188
15.67501333
16.34445008
16.56319609
11.42930822
13.57283424
16.63224256
17.42213158
17.23226068
19.05223776
19.67837496
19.73552862
19.71665519
18.56665170
19.17950818
17.08140710
19.37355300
16.20098817
17.48120238
15.74234612
18.21043773
16.33378078
14.07401945
16.00648550
13.97563788
15.62837361
15.96887411
19.32841392
19.25325717
18.75549383
17.54963340
15.46581197
20.05340130
18.87444143
19.43629648
21.35877389
22.84909643
19.28657013
19.11706655
17.32021331
19.57723156
19.50519903
18.05147726
17.55641150
15.09767238
12.65410193
14.29534122
13.69794727
15.79824429
15.64797323
13.06858637
13.84719186
13.13862217
12.19371495
10.54705855
9.81543518
9.22990202
7.38585890
9.16588476
9.77011133
9.88950642
11.91986373
12.45089331
13.95439022
14.98254251
14.73474471
16.44496119
16.70676261
18.21152802
18.65570639
19.69460592
17.15808090
19.90118790
18.77280807
16.63470720
17.32038320
16.25230308
16.57994341
15.89218327
16.70488548
16.70845403
17.44841035
15.53763491
13.92606328
17.85365861
15.57094154
17.42259255
17.53852709
15.72778125
14.37077009
14.31133542
15.95688662
13.57403962
16.84558486
17.45414506
20.42505815
20.11788565
18.31759571
17.06120905
16.62058700
15.88161766
12.19163505
12.55589628
11.00555188
11.80349335
11.66612443
13.95256766
13.78948929
14.72727668
13.57236083
12.96245345
14.59827998
17.97608892
17.79207152
18.13854747
17.75518331
17.48954919
12.81405619
16.87821668
15.70687994
17.34863262
16.85929733
16.34196551
15.64459280
17.21523249
17.87019284
17.35531217
18.23573729
21.20784850
22.28816812
20.98444235
18.02536964
20.51054772
18.83119690
18.78104022
17.57090586
17.63617577
21.03005024
21.00289023
21.60249669
18.68298339
20.18489638
20.84853993
22.63249480
22.17010386
20.55913313
19.47336798
18.91656080
20.34727375
20.09228758
21.73739972
21.65299404
20.70320087
21.28929273
19.15618202
20.08407543
19.61485169
20.85911424
21.73750948
22.50049170
21.05077543
20.91848213
17.35923417
20.87562769
20.31534010
21.27050320
19.02283884
18.44970979
20.94643250
18.87147194
21.28630757
20.97643364
20.14387594
19.81486888
20.63540521
19.31500977
21.78175854
20.26488763
22.20704279
21.36235368
21.99162637
21.48278485
21.48315747
21.96586973
21.92415368
19.58799547
16.61102129
19.66009159
19.45370589
16.77488557
19.45797052
19.69040033
20.08815032
18.01468440
17.80088286
15.96531185
17.66691099
20.60923322
16.87331812
16.64119353
19.05899990
16.01862639
19.91042478
16.64370657
19.83729250
18.94462920
20.06134809
19.32168512
20.13579122
21.63868481
18.29343079
15.74629463
18.69178364
19.72846907
19.70060463
21.14126524
20.12712090
18.88424452
21.96442918
22.88619181
21.90460921
22.27010390
19.06183069
21.25609369
22.75313389
19.93855218
20.13082930
17.50891874
17.39621426
14.26707363
16.59746978
15.09614272
16.69395072
16.94590577
17.30561231
16.12408781
17.36858493
18.84947941
17.75467434
19.90456326
21.00440005
21.66919016
22.74808078
20.28895868
22.96473458
21.00161151
21.86350722
19.58051432
18.45217589
18.87516148
19.51594165
21.42095155
19.28013887
19.21652974
18.07528612
17.63845797
16.61577285
15.33913867
16.80605315
19.36150278
18.73421212
16.82132850
16.38505822
19.63317720
18.44057056
19.63284067
20.90110511
22.02152345
21.47955922
19.98517216
22.24212218
19.87403712
20.75727670
21.41814967
19.16524647
19.13975199
19.96314334
21.47110871
20.19939532
20.13211670
19.17024080
21.21207479
23.28107657
23.12872386
22.31228746
20.11004306
20.77549468
20.27950234
19.05774847
18.02514164
17.35553976
15.20097736
15.95932386
14.21855762
11.98710582
15.80246621
16.33149982
17.49070472
16.57458203
16.30724408
16.23109811
16.43116546
17.60195373
17.85708329
17.54645917
16.11394353
17.02654499
15.87217752
15.20854169
18.30995744
18.79615701
20.90032114
18.61750500
19.18573640
19.70443943
18.79637675
22.50601333
19.36026904
18.53302248
19.02215704
19.48127635
19.21814434
17.82102304
17.60991620
16.65041581
16.01581278
14.24802460
10.41177597
8.93555811
9.09854942
8.63644659
8.08829343
8.60610350
10.43861171
10.90201803
13.11170881
14.32795968
17.92178559
17.20107048
14.28257307
12.34762281
14.13554128
14.34433677
11.30790839
11.74963380
12.14937885
17.06246584
17.31268522
14.32859978
15.49382924
17.43311675
14.61245645
18.29765490
17.36743310
18.68391599
19.33764753
22.20311654
19.14557001
20.76052932
20.32201721
20.80958681
20.03384545
22.41834267
20.33471890
19.95523143
21.31873964
18.97377023
19.75549615
20.77389153
19.98726190
16.01248326
18.20393894
15.95282782
15.49271037
15.15842603
15.97792208
17.18518544
14.72941210
15.25458256
15.20797669
18.21220410
19.30638769
18.96599996
20.50680585
20.63904907
20.92087091
20.30564871
20.68718424
17.50358556
16.36648273
16.55404540
14.74758804
14.65423457
16.30959423
16.68092571
15.07274363
18.50868202
18.84605679
22.24175430
23.47167620
20.86097202
22.14319927
18.49500429
18.62286665
16.83416775
18.48992148
17.92379808
16.27683248
18.36993210
16.99381767
19.87281921
17.47983764
18.71107337
16.69859980
15.47940348
13.88291876
14.19708503
13.04792870
13.34825359
14.54221078
12.77601811
11.87394204
12.44587265
11.91790629
12.69397983
13.79166557
14.37896893
15.47502521
11.85745260
11.41654084
10.51321927
12.42536691
16.01497333
16.02520453
16.30843069
17.87787334
17.81307244
16.11254923
15.17472358
15.09330126
13.73629675
14.44101665
16.13226292
15.15747918
15.23579047
18.62379499
19.47916524
14.92805608
15.92261459
17.05704821
16.74164048
16.22106446
19.66830855
16.52593612
16.38881799
15.93909448
17.02707977
18.37732817
17.86474238
20.26095578
17.12195409
19.65868716
18.61418883
20.25545600
19.81789466
16.21661198
17.18454159
19.35639452
19.57202204
18.45029025
17.60458951
18.21020346
18.02069272
17.32084018
16.77076732
16.59162066
17.47022580
20.61220970
19.30838194
18.76576726
16.29275496
12.34420400
10.31291452
11.47754917
11.82229928
12.67609456
10.75753239
11.27752163
14.91979770
14.40640491
14.15097604
13.84982785
11.64572256
11.71997991
12.27808962
15.90338969
16.18644230
17.07626928
15.25394483
16.34620252
14.26011967
14.19415649
15.77308524
16.60078976
19.02871397
17.31906932
18.38927214
17.97487117
19.08393625
18.62037670
20.42453324
20.82777543
21.85807459
22.79803341
22.31873337
21.79201466
21.14944561
19.83525209
20.28452506
18.12404945
19.02435848
17.62602888
17.12008857
16.15546464
16.02747151
15.63331134
16.81259285
16.78002327
14.30692215
15.67531413
16.65572149
15.69486644
13.82947903
13.82689441
10.19213539
8.34156000
8.88087808
8.40206557
8.09858529
9.38174166
10.12091930
9.87057489
13.94694135
14.22020097
13.94830300
12.18579740
10.79659642
10.25189241
9.62378229
10.07317701
11.95289054
14.65561752
15.65533546
15.06927670
18.21148019
19.90175357
18.06347836
18.13913944
19.35890673
19.64592401
19.03113473
18.97119557
20.68713660
20.50122921
21.63833709
21.40983850
19.69029079
19.93137125
21.34446715
18.38046462
17.15942256
14.39548949
13.51202557
17.15438704
16.19247461
16.33863514
17.94157317
18.91344933
20.88891224
19.55235865
18.27283193
18.75550786
19.39949780
17.38438074
20.34370603
19.58550678
19.92011688
22.07361080
17.88308846
19.12939163
18.23936639
20.59652593
18.41469994
20.95567677
17.99323799
15.04603815
16.98357537
15.05004611
14.23711034
13.97594568
14.09413591
11.16113653
9.49085965
8.93118256
9.36014993
7.80719611
6.95454425
8.47711828
7.48534007
7.92810518
9.69552849
8.84408813
9.97478392
10.02062832
11.47873050
12.17825099
12.50889767
12.92802812
13.14437508
15.90341844
13.37545194
11.77063026
12.93750216
11.66687215
14.40032318
15.18623957
14.33043132
17.07417091
17.29527891
13.06465373
12.37848106
13.19578370
11.82300585
12.60941953
10.69387740
12.38465658
11.14454380
10.84805183
10.10062459
8.45056219
9.54861159
8.51251398
8.50540592
7.42125893
7.96923302
7.19351902
7.60916404
7.29583304
7.63593005
6.95165379
8.18571689
6.65383013
6.47197960
6.53701698
6.42510874
6.78285674
6.02318753
6.58506569
5.73622553
5.79663673
5.15528562
5.57850947
5.56955330
5.29944917
5.46624672
7.30478219
7.07344856
7.18970051
7.74956975
9.27882753
14.22001612
17.21531634
15.20365610
14.49367997
15.80882885
10.00281122
9.62936168
11.01787575
11.98350752
11.39097490
13.01556786
10.48486106
12.07074299
13.15996806
13.38456706
11.27823205
9.48049395
9.58049096
8.13322182
7.99479321
6.92236023
6.76106146
6.92694845
7.30399327
7.73852010
8.24035777
11.03753658
8.63081278
8.55038438
9.12581760
7.83274627
7.32141578
6.98736818
6.55769008
7.22576706
6.81302714
6.46802074
6.02650997
5.87530003
5.50942949
5.49909092
5.26637239
6.21959461
5.93153500
6.53163796
5.91735536
6.27430083
6.81405059
6.67883837
6.50381463
7.64510512
8.40217354
9.29238977
8.81782104
8.25224422
8.52452303
8.05895412
8.53538541
8.69177203
7.91783459
7.76058488
6.68177346
5.70577768
5.50005752
5.92012276
5.86005038
5.54803404
5.76951184
6.54430858
5.94187300
5.56049979
4.58430832
4.71130000
4.98866145
4.88554191
4.28090853
4.30486867
4.75011385
4.05740081
3.87539399
4.08775076
4.13489984
3.64002609
3.28560942
3.23606524
3.18594451
3.25772663
3.25624478
3.28782437
3.20481444
3.14811961
3.26635995
3.49978366
3.60593463
3.87911808
3.63147677
3.83953354
3.80935345
3.71791755
3.67353016
3.96712310
3.74929280
3.93332580
3.83712542
3.70741057
3.70078513
3.33328755
3.45120277
3.33530995
3.39281254
3.32233270
3.23178467
3.34507391
3.31923380
3.28514486
3.19720093
3.27875290
3.30157841
3.18011907
3.18033393
3.13772486
3.11152095
3.13265393
3.14531164
3.20099742
3.14457727
3.12960631
3.14317105
3.18078480
3.19961571
3.17841461
3.13351104
3.10458968
3.08984304
3.13840684
3.13450129
3.09779707
3.08894646
3.11661499
3.17822288
3.18269853
3.15409565
3.20483349
3.19575316
3.19331834
3.13525565
3.14897881
3.10450998
3.08303383
3.06160272
3.05395224
3.05434921
3.04999136
3.05680084
3.04164045
3.04146962
3.05187331
3.05213960
3.04961426
3.04024935
3.03179763
3.02356565
3.02683038
3.04519403
3.05189632
3.03858856
3.03249788
3.03898125
3.04494182
3.05063339
3.05964874
3.06250059
3.06254983
3.09728286
3.08745016
3.07418306
3.06893195
3.04205456
3.03747362
3.02346724
3.02843559
3.04947803
3.07826642
3.05783059
3.05172952
3.05608344
3.04545500
3.03821519
3.03027297
3.03628128
3.02653785
3.02077769
3.02242095
3.02034611
3.01555817
3.00980837
3.00884980
3.00638153
3.00494827
3.00464691
3.00494666
3.00406148
3.00301779
3.00272762
3.00290778
3.00389810
3.00405402
3.00403617
3.00408263
3.00390809
3.00340222
3.00419103
3.00672615
3.00648506
3.00616458
3.00496960
3.00344950
3.00347337
3.00396705
3.00402213
3.00438375
3.00380683
3.00336263
3.00280318
3.00234179
3.00208653
3.00227344
3.00282895
3.00408856
3.00439734
3.00286763
3.00255973
3.00254568
3.00321189
3.00351776
3.00315300
3.00254255
3.00218842
3.00317328
3.00301919
3.00240546
3.00252565
3.00227102
3.00230447
3.00272034
3.00376864
3.00478293
3.00756773
3.01151616
3.01202541
3.01173678
3.01243788
3.01166675
3.00822503
3.00678572
3.00981070
3.01094784
3.01022865
3.00824262
3.00661319
3.00617324
3.00590371
3.00529692
3.00568288
3.00624132
3.00618026
3.00679093
3.00619868
3.00646044
3.00997953
3.00993650
3.01135950
3.00688337
3.00620936
3.00825652
3.01158360
3.00797987
3.00839391
3.01478963
3.00988501
3.00759713
3.00886070
3.00751893
3.00645194
3.01012916
3.01053976
3.01174496
3.00970875
3.00436896
3.00458639
3.00612530
3.00769272
3.00814131
3.01268042
3.01082846
3.01501845
3.01037614
3.01176222
3.01699410
3.01149284
3.02292817
3.01977385
3.02349030
3.02298429
3.02427958
3.02346619
3.02249689
3.01905570
3.01831670
3.01343279
3.01261591
3.01149730
3.01295180
3.01562817
3.01778706
3.02181819
3.02170744
3.02409626
3.02628296
3.02756671
3.02703002
3.02812528
3.03045009
3.02635863
3.02419915
3.02249568
3.01666217
3.01412878
3.01300522
3.01471583
3.01424135
3.01244292
3.01142402
3.00864639
3.00558390
3.00434353
3.00366565
3.00357738
3.00412512
3.00453936
3.00303586
3.00286120
3.00277045
3.00230019
3.00173398
3.00172405
3.00176180
3.00186286
3.00274236
3.00454215
3.00832154
3.01184770
3.01609247
3.01110811
3.00739063
3.01326283
3.01541848
3.01533207
3.01160775
3.00962537
3.01009066
3.00653173
3.00541865
3.00374942
3.00240713
3.00163155
3.00230322
3.00233391
3.00263181
3.00226671
3.00211717
3.00423715
3.00595441
3.00644895
3.00791978
3.00899256
3.00971143
3.01411096
3.01859616
3.01744269
3.01400213
3.00921067
3.00780252
3.00952071
3.02000701
3.03615233
3.03844475
3.02906123
3.02925119
3.03078478
3.03429004
3.03284149
3.03931928
3.02137261
3.01641348
3.02556173
3.03147801
3.03393058
3.02699051
3.01649134
3.01250012
3.01161663
3.01210324
3.00939643
3.00891449
3.00830584
3.01225054
3.01263867
3.01328602
3.01173356
3.01150035
3.01275265
3.00894756
3.00774719
3.00868180
3.01115550
3.01247901
3.01151019
3.01123966
3.00990338
3.01383127
3.01535079
3.01965235
3.01975173
3.01917825
3.02019529
3.02277142
3.02636940
3.02682470
3.02633652
3.02228325
3.01959188
3.01847270
3.01853075
3.02198898
3.01858670
3.01310735
3.00811607
3.00623883
3.00543183
3.00574718
3.00748021
3.00845400
3.01420523
3.01079702
3.01557803
3.01674511
3.01350972
3.01210494
3.01445347
3.01120356
3.00921775
3.00957778
3.00743623
3.00699623
3.00724629
3.00744825
3.00800834
3.00783660
3.00810881
3.01002054
3.01139431
3.01338646
3.01515793
3.02014305
3.02344846
3.02729749
3.03600385
3.04169788
3.05250658
3.06596662
3.08079246
3.08310077
3.08856964
3.08978735
3.08675929
3.09369653
3.09380994
3.08137154
3.07389856
3.07307159
3.06007185
3.05987980
3.05213267
3.04201976
3.02753626
3.02605240
3.02610721
3.02496756
3.02234701
3.01788228
3.01462249
3.01301716
3.00839090
3.00547799
3.00434443
3.00690369
3.00903272
3.00860659
3.00545638
3.00432025
3.00434528
3.00624891
3.00888375
3.01396499
3.01482558
3.01393257
3.01892901
3.02178398
3.04192485
3.04033006
3.05081572
3.05418282
3.05186358
3.06234104
3.09581758
3.10996445
3.09035881
3.04671009
3.03269684
3.02139010
3.01646033
3.01344242
3.01471484
3.01983260
3.04361832
3.08409296
3.08434355
3.08774569
3.05323523
3.02186671
3.01686925
3.01035148
3.01280895
3.00910799
3.00952651
3.00716725
3.00372303
3.00366456
3.00707677
3.01892578
3.03627799
3.03003107
3.02346686
3.02761690
3.02875916
3.02184656
3.02682723
3.05709825
3.05240911
3.03735034
3.03423937
3.03255630
3.03136141
3.06111647
3.05440063
3.05430675
3.04134432
3.04411131
3.03799451
3.03660541
3.07383289
3.14274551
3.31913059
3.31302342
3.23823228
3.16585147
3.26901195
3.20161164
3.33397377
3.74341915
6.08123274
5.95930463
8.82109041
7.97811709
6.70562114
9.16582489
8.49174371
9.04177752
7.54628124
8.24952754
8.45532107
6.30830595
7.15756544
6.90228528
9.58619025
7.72946315
7.57330811
9.39383381
10.49113869
9.85739892
10.60971349
10.19980370
10.25255569
9.36552175
8.80385842
8.35120754
7.90185953
7.07395238
7.26943785
6.40880257
6.28347144
6.33164974
6.86931823
7.91235390
8.06310395
7.96478794
8.54939945
9.40009739
7.56757538
7.33407001
8.11577678
8.03804811
6.90509890
6.84517097
6.75093412
5.91180144
7.15042238
6.74987852
8.59240776
7.92838156
8.69021288
8.41092629
8.86507554
8.92653388
10.05053604
13.22341870
13.06284115
13.13529785
12.13539643
10.64210105
10.13444670
9.04862023
9.20891928
8.07106983
10.05192853
8.88212640
9.97583432
10.61291603
10.08961948
10.77791408
11.27238900
12.38832670
13.20864702
12.39987376
11.82004949
11.92201634
10.18994607
10.42656339
10.38058795
10.05517600
10.10185945
9.48981678
7.99413269
7.15623311
6.24129232
6.01109169
7.83937066
7.24779265
8.63766153
11.61124791
11.41695872
15.03030639
11.13948014
12.40894323
13.36725194
12.49210101
13.69871820
11.90290623
16.77059493
16.00608222
15.44921030
17.54173454
20.01669243
22.79235917
23.88624407
20.84272301
17.88975973
15.89588437
14.61295118
16.66501284
18.23208632
19.90824449
15.70341571
16.78750412
20.33373975
17.27721955
17.40540982
20.87344183
21.07075398
22.27823787
22.93796182
20.92318286
16.03206196
16.26974740
18.03644192
15.01529851
13.99249262
16.86003087
15.43569535
20.89060277
23.12435066
20.82491549
19.86379660
17.64239937
19.97942274
20.58218952
19.91946498
23.23443743
24.14489631
25.06319767
23.41866141
18.43068002
16.20129099
13.52369138
9.67975636
8.96505559
8.30555685
7.04297748
6.11566251
7.51889727
6.82078931
10.09909052
10.69978469
11.38198417
11.15821990
10.91059008
11.67721402
12.76423961
14.09177048
13.45528383
14.68758175
15.57590341
13.45667975
12.62587757
14.75703762
12.96503445
14.58926661
16.58659367
16.60382497
16.68278967
12.85884355
13.40461472
11.19687234
12.82925223
10.75356657
12.45292821
9.96106060
12.74992626
12.11123478
11.09490387
9.97630863
12.06654875
12.55071067
12.90463653
12.75216315
11.80902997
11.35282475
12.09661925
14.55535495
16.63592061
17.72707508
16.28180410
18.89328872
18.12345697
17.45572196
16.14418958
17.14735336
17.38291613
16.57843342
16.27030693
16.30537100
17.24475827
18.28022003
16.69645631
19.18409666
21.12864836
21.25943564
19.32312104
18.57797904
21.25168559
20.61483706
19.30378217
19.18821415
18.47150014
16.30056211
16.65766477
18.20080838
18.66742930
17.16246198
20.91666975
20.00811188
20.08513255
16.63174644
15.63481069
17.44837835
16.44250843
13.04079637
10.90380570
12.79914095
16.30918856
19.27108124
15.93040273
17.60802706
18.65516403
19.97119494
20.51531294
19.42542944
19.82676089
19.25428325
19.32384071
17.35991269
20.64531726
19.98947341
18.33700658
21.49390111
17.86092661
19.43438542
18.06592958
20.31328390
21.79161867
21.51701032
20.13127061
22.94525204
19.95396010
19.96202023
19.78422888
18.21985728
23.09304256
24.45641777
22.53344074
22.34687723
23.37356649
22.53919855
22.21239289
22.81797920
19.52918808
21.50727795
22.75867316
21.11755661
22.09659790
19.49937102
17.99203040
17.95342067
19.74516962
17.41851038
14.47208741
15.58504000
14.95156178
14.41052442
10.09504346
10.02829834
11.40075147
12.11389068
15.97073907
14.93403642
15.45955896
17.11691157
14.92468283
13.10411584
13.46196352
15.36186520
15.21845636
16.43229703
19.45759951
18.36428530
19.48566606
19.10978164
17.10557983
17.10784682
15.52098694
15.78183134
12.50893869
10.76472921
10.33242389
8.70030489
12.07827670
9.05121805
11.23457083
8.66091597
9.42301750
9.60802335
10.79824733
12.23755239
10.36876249
12.95120601
15.69495124
14.48147697
19.07931406
16.58325474
17.56535109
18.44216525
14.21183126
13.54343143
12.43986413
12.68568504
13.52830448
13.06774518
12.53199233
10.92668979
10.25285431
10.31523295
11.32471040
8.41724793
10.90503781
12.79803002
9.45022830
8.43507782
9.73661383
11.98358632
10.34295203
14.04234011
16.22053846
17.00330810
19.12083251
19.41956963
18.27512709
16.41288379
17.97840552
15.69835172
17.88292369
13.72560309
12.67414374
12.35315282
13.00874588
13.15769945
11.15274933
10.97299944
11.18995911
10.33829326
10.42341813
11.49871001
10.78938311
10.07745449
11.74792995
13.60594945
11.81374054
10.62151089
12.01178127
12.36067031
13.64173483
12.94860451
13.45356241
12.57512685
11.75613595
11.18857652
10.90371512
10.09651204
10.92284944
10.47553579
7.66326052
8.23368683
9.82945559
8.53959926
12.43947491
11.86772123
13.95064277
12.30022643
11.22062526
11.11791827
13.97092985
11.58433508
8.98872198
9.46898643
8.76536629
9.92337187
8.61934470
9.98242887
8.01565220
9.74873349
6.89623911
7.43436631
8.95774310
9.33168957
7.63839374
7.94925484
8.38613559
6.76447738
8.28347773
8.38748415
8.03572790
8.91950750
7.92606759
10.45378960
11.05902663
15.52177243
12.06069028
11.84808358
9.94068111
9.14691593
9.11352356
9.99796584
9.07564220
9.25867839
10.42183684
11.05322991
11.50955982
13.17946594
14.36415485
14.64403168
13.57374359
15.08151031
17.32537893
10.48947739
12.67455328
12.02095936
12.01296868
15.59329701
15.96370472
16.98555583
17.38671497
21.71946719
19.04740489
19.80295126
20.51268823
20.95801915
20.79240472
16.83712026
17.66449643
19.64886712
18.84000967
16.27837068
14.26058941
13.09488528
12.43196127
14.75808384
14.91864815
15.70393983
14.32609616
12.87691546
11.67981875
12.08557391
13.47002534
9.57888460
10.64458170
11.25392425
10.97280284
12.31827147
11.87425409
18.43164632
20.68492383
21.88221937
22.68808729
22.47606154
21.83474173
18.96009689
17.84022007
13.63749283
15.41536492
10.09243610
12.38729153
14.21794779
11.64549216
13.58956630
12.67006171
10.68636228
12.03183232
12.25372850
10.99174116
13.31666167
11.75735376
11.03476585
9.74441189
10.69866499
10.98342387
13.78924727
14.34989133
14.23971525
13.77691863
13.94212466
14.70176574
12.81296265
15.23241615
15.41501449
15.84870743
15.96807547
14.16156091
15.01877498
14.87602479
15.63355255
14.35159399
15.40278113
14.74691733
14.56186623
16.46119995
16.16025703
17.58584361
13.97168301
13.71504674
13.89127627
13.75002262
12.14950899
13.62837101
10.52400635
11.16929992
10.23271972
10.32058001
8.84673438
8.80979304
10.14169622
9.79323607
9.40869398
9.32262139
8.81738164
11.71956379
13.74542591
14.47190790
13.55553095
12.09962067
11.41359671
11.34500845
11.49005325
11.22490578
11.17678002
9.29593770
10.57009425
9.53085421
10.30733933
11.47341244
9.91449512
9.99938749
8.92439727
10.42209504
10.68177581
9.04650594
9.36150578
9.78566701
8.05958946
6.24550678
6.56689339
6.84489404
6.77017752
8.12540630
7.90985418
9.02161717
9.10913041
7.99515438
8.84969289
9.68356553
8.33008868
8.27309891
8.64844878
9.40295132
9.08711708
8.91976667
8.65385294
8.37383134
8.44793926
8.74260458
7.99483595
8.19423335
8.18190625
7.28262850
6.28223133
6.23013103
6.55186348
5.62864721
4.99552366
4.53621152
4.70006074
4.32820621
3.88173940
3.74521097
3.73006403
3.79382081
3.43767696
3.40146156
3.45130560
3.59256757
3.52881330
3.50479756
3.46906077
3.39785891
3.45316885
3.26939214
3.23571384
3.24764452
3.16922201
3.22445462
3.17743037
3.12625232
3.10193738
3.17025044
3.15777545
3.12816842
3.12623515
3.08515881
3.06719718
3.06601150
3.05207173
3.05592555
3.03452939
3.01893421
3.02300796
3.02055748
3.02359466
3.03420373
3.03791934
3.04565147
3.04579411
3.04684889
3.04531591
3.02795154
3.01967354
3.01987511
3.01812296
3.01961450
3.02145673
3.02669378
3.02681465
3.03063790
3.03125630
3.03407519
3.04186665
3.04174836
3.04408281
3.05627710
3.05864108
3.09231131
3.11851735
3.11887460
3.13042647
3.12285431
3.10388632
3.12702251
3.12769186
3.11902095
3.13709389
3.11927815
3.10967726
3.13928090
3.11559473
3.09194676
3.09348524
3.10319708
3.10119709
3.10115808
3.10950356
3.09333872
3.09245873
3.07002393
3.05664637
3.03607262
3.03637905
3.03410413
3.04209497
3.03312836
3.02887726
3.02473651
3.02327472
3.03211766
3.04955534
3.04954102
3.03005566
3.03056726
3.01987511
3.02050519
3.02001736
3.02089195
3.02033815
3.01932806
3.01858738
3.01900903
3.02336581
3.02620460
3.02753935
3.03080468
3.03402387
3.03137656
3.03771623
3.04169459
3.04971517
3.06207282
3.06803588
3.08613843
3.08809926
3.09277525
3.10060012
3.11281445
3.09702454
3.08676131
3.08685675
3.06979757
3.06467621
3.06065093
3.05115744
3.04930250
3.05098693
3.04085283
3.05480374
3.05539129
3.03893356
3.02825716
3.01771123
3.01727213
3.01515685
3.01910969
3.01413607
3.01417874
3.01381206
3.01802105
3.02068494
3.02502043
3.03578919
3.04889924
3.07093429
3.05100862
3.04429806
3.03691908
3.02626529
3.01714569
3.01371939
3.01219911
3.01276586
3.01362610
3.01534749
3.01507674
3.01670761
3.01561601
3.01644507
3.01446316
3.01464685
3.01303540
3.01333412
3.01199778
3.01062400
3.01210031
3.01209016
3.01213979
3.01279164
3.01567225
3.02171657
3.03094900
3.02960131
3.02785594
3.03739273
3.04394804
3.04525357
3.04720688
3.04682624
3.04170140
3.04231372
3.04798554
3.05766836
3.06044257
3.04553098
3.03621300
3.03388885
3.02735084
3.01959924
3.01678553
3.01729843
3.02216375
3.03119128
3.03814316
3.03748801
3.03121382
3.01624227
3.00643478
3.00361382
3.00401240
3.00484805
3.00464239
3.00453839
3.00393482
3.00378580
3.00462636
3.00471178
3.00551860
3.00505036
3.00480003
3.00477668
3.00492990
3.00510740
3.00465975
3.00480858
3.00411038
3.00420889
3.00370215
3.00333550
3.00339093
3.00374123
3.00363474
3.00348752
3.00350242
3.00324941
3.00301871
3.00277460
3.00308080
3.00317694
3.00352768
3.00449897
3.00506076
3.00502838
3.00437687
3.00373914
3.00269128
3.00243759
3.00243136
3.00302051
3.00328496
3.00308142
3.00370996
3.00453890
3.00496943
3.00487586
3.00495717
3.00454980
3.00495429
3.00615399
3.00891495
3.00995708
3.01095185
3.01009907
3.00842066
3.00768734
3.00651022
3.00536107
3.00494989
3.00487807
3.00489652
3.00602450
3.00603849
3.00476136
3.00540908
3.00759950
3.00730721
3.00563373
3.00475602
3.00341659
3.00270508
3.00237472
3.00202779
3.00208721
3.00197933
3.00208758
3.00212619
3.00195438
3.00203125
3.00217523
3.00225540
3.00253085
3.00298826
3.00219196
3.00186706
3.00181748
3.00276400
3.00233005
3.00307069
3.00316275
3.00322070
3.00339749
3.00267158
3.00247748
3.00432135
3.00311344
3.00360002
3.00394668
3.00322351
3.00306696
3.00307643
3.00473639
3.00401102
3.00312794
3.00239827
3.00266062
3.00285710
3.00227415
3.00237084
3.00281780
3.00270982
3.00354861
3.00528587
3.00548129
3.00428531
3.00359522
3.00299033
3.00305318
3.00265330
3.00297821
3.00318721
3.00417096
3.00699239
3.01189784
3.00538119
3.00599281
3.00424328
3.00532192
3.00588835
3.00598518
3.00498132
3.00606664
3.00794985
3.01036421
3.01004753
3.00585427
3.00629591
3.00487089
3.00397587
3.00415038
3.00358950
3.00354360
3.00367886
3.00326525
3.00319982
3.00350542
