0.99872831
0.99813876
0.99432596
0.99969908
0.99748048
0.99763530
0.99919574
0.99581457
0.99516309
0.99819314
0.99901781
0.99903752
0.99820771
0.99925824
0.99914706
0.99897507
0.99268766
0.99370655
0.99662376
0.99861092
0.99962720
0.99907340
0.99802780
0.99894657
0.99903718
0.99065752
0.99743698
0.99929100
0.99892969
0.99782318
0.99868709
0.99857804
0.99766233
0.99843084
0.99966487
0.99838709
0.99546454
0.99637840
0.99935500
0.99768751
0.99684819
0.99614238
0.99730039
0.99905580
0.99788293
0.99755700
0.99892834
0.99681183
0.99732682
0.99827429
0.99778624
0.99988749
0.99995932
0.99977595
0.99728732
0.99955138
0.99847122
0.99927512
0.99463975
0.99954202
0.99174789
0.99956316
0.99780157
0.99825993
0.99902244
0.99671602
0.99746130
0.99829433
0.99849642
0.99500343
0.99906131
0.99752958
0.99644808
0.99834878
0.99957171
0.99890862
0.99925125
0.98963531
0.99815073
0.99682410
0.99989493
0.99829605
0.99763379
0.99768760
0.99496543
0.99994431
0.99883161
0.99804127
0.99952247
0.99778562
0.99958929
0.99899843
0.99975362
0.99814504
0.99852073
0.99886995
0.99678176
0.99967275
0.99895326
0.99563395
0.99602823
0.99591233
0.99905809
0.99964534
0.99866666
0.99925145
0.99907477
0.99905576
0.99914141
0.99954424
0.99537937
0.99814530
0.99749132
0.99909253
0.99894018
0.99870300
0.99020557
0.99952286
0.99804709
0.99474305
0.99674135
0.99707453
0.99851739
0.99351139
0.99898065
0.99808492
0.99916961
0.99775110
0.99977416
0.99521540
0.99874528
0.99960597
0.99448209
0.99771472
0.99946662
0.99875068
0.99781538
0.99722823
0.99878021
0.99944889
0.99777818
0.99590143
0.99751781
0.99503019
0.99973513
0.99982333
0.99511434
0.99887398
0.99939718
0.99892884
0.99890506
0.99892369
0.99880283
0.99853602
0.99957266
0.99904265
0.99670785
0.99722289
0.99928500
0.99821337
0.99912348
0.99754760
0.99882897
0.99915280
0.99795041
0.99846382
0.99914873
0.99828909
0.99933071
0.99093915
0.99985428
0.99733044
0.99957756
0.99482332
0.99899827
0.99900939
0.99724080
0.99813447
0.99877240
0.99869287
0.99846646
0.99746615
0.99705740
0.99572989
0.99904745
0.99598772
0.99834275
0.99917269
0.99871515
0.99907484
0.99762210
0.99738928
0.99900762
0.99921356
0.99890980
0.99856813
0.99626977
0.99895044
0.99933130
0.99874017
0.99955789
0.99663358
0.99769680
0.99859178
0.99954646
0.99864108
0.99889561
0.99848364
0.99690638
0.99553316
0.99904555
0.99553345
0.99827897
0.99970295
0.99900299
0.99850398
0.99606475
0.99390033
0.99925008
0.99850437
0.99837765
0.99637940
0.99782156
0.99929161
0.99457201
0.99989349
0.99199983
0.99611104
0.99713682
0.99849713
0.99402145
0.99376885
0.99975609
0.99909375
0.99893770
0.99868769
0.99754054
0.99601772
0.99616626
0.99944608
0.99984134
0.99748711
0.99842165
0.99690626
0.99925715
0.99866365
0.99996323
0.99621931
0.99817836
0.99504525
0.99773646
0.99829900
0.99005841
0.99969872
0.99642783
0.99880672
0.99452668
0.99736386
0.99726326
0.99741654
0.99974416
0.99805355
0.99886320
0.99965143
0.99693301
0.99767424
0.99783603
0.99186100
0.99895461
0.99828486
0.99942049
0.99784569
0.99494159
0.99940129
0.99973154
0.99818658
0.99708634
0.99922589
0.99796282
0.99788814
0.99820384
0.99765764
0.99876698
0.99884978
0.99678421
0.99610241
0.99909173
0.99648555
0.99950922
0.99153907
0.99633556
0.99843474
0.99950574
0.99835206
0.99122157
0.99916343
0.99962113
0.99299471
0.99748685
0.99711263
0.99900113
0.99946781
0.99899376
0.99968171
0.99823665
0.99693677
0.99860070
0.99870772
0.99794981
0.99905281
0.99914688
0.99829045
0.99886567
0.99265960
0.99454787
0.99647113
0.99908665
0.99354178
0.99168127
0.99930229
0.99941546
0.99792241
0.99536087
0.99738659
0.99938405
0.99921704
0.99723487
0.99794565
0.99612773
0.99538282
0.99471701
0.99836536
0.99797066
0.99476424
0.99608051
0.99967268
0.99667648
0.99898772
0.99576170
0.99559444
0.99715543
0.99888089
0.99791549
0.99534114
0.99760959
0.99996953
0.99673763
0.99265146
0.99974712
0.99893538
0.99872173
0.99745389
0.99969042
0.99944276
0.99823975
0.99846546
0.99841409
0.99884532
0.99775112
0.99820396
0.99823061
0.99875182
0.99905815
0.99804861
0.99862742
0.99794385
0.99887027
0.99694441
0.98902860
0.99670851
0.99833826
0.99937120
0.99796042
0.99874567
0.99793936
0.99895291
0.99507970
0.99889540
0.99941990
0.99890528
0.99737194
0.99653040
0.99950533
0.99844636
0.99823004
0.98736754
0.99779377
0.99683400
0.99831795
0.99735673
0.99977378
0.99976272
0.99948477
0.99790410
0.99711660
0.99623980
0.99439544
0.99915758
0.99943377
0.99379945
0.99298843
0.99589483
0.99591961
0.99935656
0.99828996
0.99570058
0.99910502
0.99841354
0.99772829
0.99796092
0.99875655
0.99679167
0.99883919
0.99881971
0.99577354
0.99801738
0.99939957
0.99844311
0.99830431
0.99120253
0.99495148
0.99931142
0.99947679
0.99695176
0.99685280
0.99862137
0.99762818
0.99804590
0.99703830
0.99271601
0.99910873
0.99753220
0.99896929
0.99630360
0.99904628
0.99444852
0.99887103
0.99890186
0.99812641
0.99792864
0.99567854
0.99885246
0.99941761
0.99258355
0.99761865
0.99976443
0.99793993
0.99893557
0.99919495
0.99492792
0.99838057
0.99821911
0.99503560
0.99970803
0.99676007
0.99961374
0.99932225
0.99808872
0.99991294
0.99653657
0.99880323
0.99576829
0.99873071
0.99789652
0.99585655
0.99931447
0.99591394
0.99613028
0.99670646
0.99997630
0.99964560
0.99837222
0.99825749
0.99863153
0.99951195
0.99739663
0.99913440
0.99971384
0.99838692
0.99869252
0.99918700
0.99893370
0.99992638
0.99716480
0.99956293
0.99893869
0.99870981
0.99968319
0.99770614
0.99714052
0.99513817
0.99864912
0.99672636
0.99927390
0.99952419
0.99982155
0.99387020
0.99672422
0.99691027
0.99888171
0.99945388
0.99989039
0.99694743
0.99787292
0.99819078
0.99878663
0.99978326
0.99858630
0.99908162
0.99915240
0.99813467
0.99524493
0.99935552
0.99856358
0.99281187
0.99756759
0.99906853
0.99692383
0.99766190
0.99985693
0.99589233
0.99755888
0.99899939
0.99582532
0.99728352
0.99866400
0.99800280
0.99894920
0.99770570
0.99700615
0.99905991
0.99868679
0.99575207
0.99929151
0.99742531
0.99592077
0.99936603
0.99941684
0.99945141
0.99979088
0.99923834
0.99578333
0.99927762
0.99893328
0.99827193
0.99751590
0.99836600
0.99688043
0.99282051
0.99808914
0.99996276
0.99807515
0.99810420
0.99987937
0.99670755
0.99779139
0.99886948
0.99965117
0.99800552
0.99773803
0.99871058
0.99830820
0.99746696
0.99959272
0.99936583
0.99834436
0.99743837
0.99818907
0.99933552
0.99802441
0.99844450
0.99953546
0.99919820
0.99551874
0.99879083
0.99934888
0.99898233
0.99970052
0.99779340
0.99960639
0.99873384
0.99844176
0.99842385
0.99900734
0.99823068
0.99791340
0.99493242
0.99812883
0.99635103
0.99519799
0.99327255
0.99939390
0.99959725
0.99914456
0.99935654
0.99788997
0.99908295
0.99834858
0.99880937
0.99266001
0.99762144
0.99761183
0.99910366
0.99810396
0.99983512
0.99900192
0.99976212
0.99437245
0.99903058
0.99907459
0.99829614
0.99763688
0.99505160
0.99959550
0.99257654
0.99769883
0.99653029
0.99359874
0.99923156
0.99740821
0.99923485
0.99594111
0.99592213
0.99579492
0.99963176
0.99997097
0.99935666
0.99870824
0.99762238
0.99343572
0.99701345
0.99388317
0.99892902
0.99914213
0.99806016
0.99872013
0.99926258
0.99806361
0.99478797
0.99760641
0.99911360
0.99784407
0.99870087
0.99693415
0.99714310
0.99997010
0.99762266
0.99518438
0.99950374
0.99289105
0.99727836
0.99879195
0.99948371
0.99419184
0.99930228
0.99336663
0.99820682
0.99906511
0.99727275
0.99794247
0.99774992
0.99991637
0.99926035
0.99639356
0.99968161
0.99249508
0.99875401
0.99921632
0.99515809
0.99939208
0.99753659
0.99204446
0.99750531
0.99960882
0.99653597
0.99861079
0.99950141
0.99915873
0.99861516
0.99474814
0.99728432
0.99836002
0.99836744
0.99510005
0.99815937
0.99873987
0.99727557
0.99870828
0.99508418
0.99828446
0.99960381
0.99716757
0.99639746
0.99825826
0.99951470
0.99539181
0.99868876
0.99228700
0.99835419
0.99742755
0.99965176
0.99238636
0.99896418
0.99980701
0.99589747
0.99234916
0.99945307
0.99955784
0.99643614
0.99775357
0.99804211
0.99919480
0.99913423
0.99961273
0.99831216
0.99938327
0.99728057
0.99731069
0.99730423
0.99611493
0.99829660
0.99853760
0.99720592
0.99690789
0.99699700
0.99056491
0.99973998
0.99467662
0.99320455
0.99948997
0.99437886
0.99887540
0.99669245
0.99551421
0.99799688
0.99566606
0.99820188
0.99804139
0.99980797
0.99771255
0.99876588
0.99980664
0.99062996
0.99726116
0.99551137
0.98614591
0.99750355
0.98680377
0.99348950
0.98887870
0.99669303
0.98999960
0.98470934
0.98024694
0.99273608
0.99063578
0.99899205
0.99462917
0.99498862
0.99881319
0.99469699
0.99491462
0.99608135
0.99729106
0.99537079
0.98435888
0.99403167
0.99468176
0.98693836
0.99595325
0.99902905
0.99631807
0.99083160
0.99271120
0.99641100
0.99414535
0.98539649
0.98848972
0.97992508
0.91171802
0.99514791
0.96901295
0.97112997
0.99224894
0.97883487
0.97890632
0.98699597
0.99258534
0.99128242
0.94580769
0.97845598
0.98967739
0.99366880
0.98935955
0.91646392
0.95604347
0.97670540
0.95148949
0.96013129
0.96593190
0.96067893
0.97541081
0.99309327
0.97510880
0.95012054
0.95308348
0.96202665
0.97853361
0.99240743
0.92116301
0.92876873
0.94795628
0.94572598
0.74799415
0.99795077
0.92984708
0.93776595
0.88189206
0.93707675
0.97261412
0.88081488
0.84804372
0.92356094
0.98258472
0.97169363
0.89828882
0.96851357
0.97523168
0.99745467
0.93095999
0.80506120
0.89032018
0.94166268
0.78233718
0.98672922
0.99180883
0.75433907
0.83754547
0.88827112
0.81264716
0.89880405
0.89123789
0.87866296
0.93683312
0.81633657
0.94785584
0.95992401
0.69918179
0.85427343
0.97867345
0.95179260
0.83957305
0.93317864
0.96920915
0.60785670
0.73925986
0.82366348
0.95717723
0.88473218
0.88668439
0.87547788
0.87923015
0.89525038
0.84635176
0.99532733
0.78293043
0.97433887
0.96075380
0.82722736
0.90801539
0.88289288
0.65161165
0.55275678
0.79808408
0.93611310
0.97511117
0.66347970
0.83049133
0.97364264
0.80751367
0.76610507
0.49880169
0.77591895
0.84311044
0.85167031
0.65896602
0.88200198
0.44171405
0.73406365
0.91073763
0.89704687
0.50175736
0.77040264
0.84270386
0.45401416
0.52424021
0.63839824
0.69738338
0.45492652
0.85195179
0.76347255
0.29681486
0.46632924
0.65100403
0.94843252
0.82907079
0.60947828
0.96717357
0.74203416
0.75611944
0.66483175
0.49517384
0.51146969
0.64072776
0.34317768
0.94235609
0.73548040
0.65768564
0.93018130
0.39927972
0.56604913
0.97140723
0.35245532
0.55123978
0.98574065
0.80860183
0.89845977
0.70763247
0.95118817
0.56965510
0.69150067
0.80226266
0.95313842
0.76693860
0.56544681
0.95608711
0.61081679
0.87350506
0.92043062
0.93463730
0.71475257
0.78742725
0.90735069
0.87107935
0.86791050
0.97716022
0.87253677
0.88574141
0.41873919
0.51304259
0.72208006
0.52258708
0.54370072
0.63040214
0.89510035
0.88035591
0.51117855
0.74003204
0.70366399
0.56934366
0.73986631
0.69764473
0.64720333
0.41380338
0.97978807
0.85557847
0.81604283
0.61855924
0.87268706
0.79290622
0.49869068
0.69251145
0.95108315
0.65344215
0.57158012
0.84173644
0.75170027
0.89479387
0.54375131
0.59082772
0.75728295
0.43994163
0.78322824
0.95854471
0.48717513
0.62520309
0.70377134
0.68803680
0.92700085
0.34998212
0.85736548
0.91854293
0.35811681
0.75254232
0.92180913
0.78050988
0.78626445
0.83686879
0.93011877
0.63882190
0.73641740
0.36502378
0.91762045
0.93582077
0.79517665
0.95675242
0.97448286
0.61853621
0.83582540
0.91932090
0.96783326
0.54451090
0.32074591
0.68206575
0.90842538
0.57753842
0.72204337
0.80901532
0.91863053
0.93465905
0.81888015
0.88539480
0.98640924
0.99939169
0.83678200
0.98364346
0.94845095
0.87273550
0.85091246
0.87773176
0.80076057
0.63107412
0.80041678
0.47331814
0.79165259
0.91172729
0.74114249
0.47960973
0.66315984
0.94433461
0.98628148
0.88079620
0.89808862
0.81773116
0.97919068
0.91252285
0.90776545
0.60943373
0.94508423
0.85227901
0.93801975
0.91775585
0.76988356
0.76014745
0.48810534
0.64538420
0.53578240
0.81926233
0.80756688
0.83392346
0.66971496
0.82584365
0.72458810
0.88728987
0.91177356
0.97597390
0.81120277
0.54008511
0.37532144
0.94959127
0.91942304
0.74517298
0.92484571
0.75405362
0.36855284
0.86592173
0.90353367
0.97690329
0.79738250
0.54562004
0.97111590
0.80928728
0.81947705
0.70995825
0.97905128
0.89469075
0.83425224
0.51903137
0.93359257
0.81345130
0.95860349
0.89145930
0.80599793
0.89666750
0.80367318
0.93269886
0.74677026
0.77922884
0.51066354
0.67294909
0.70370498
0.95522113
0.80230473
0.99387800
0.80470086
0.94960526
0.82460417
0.92820254
0.66411513
0.88812991
0.53694491
0.99036554
0.82018718
0.51696233
0.98451239
0.91289666
0.86853095
0.81595449
0.54877258
0.85586030
0.91896672
0.92864564
0.74804342
0.74678301
0.83495665
0.44374664
0.96898198
0.99435546
0.74308248
0.92157945
0.72796812
0.91641112
0.53611478
0.97251191
0.78169978
0.71192369
0.81733294
0.58577370
0.62820846
0.99829319
0.94695088
0.86036417
0.97963354
0.81986987
0.31654873
0.98256190
0.91035347
0.69996042
0.97825117
0.48757208
0.79134361
0.96430031
0.92397324
0.70507300
0.71001633
0.65024943
0.94240564
0.91552733
0.72285941
0.64394394
0.89683149
0.88892771
0.91816849
0.58866324
0.76648765
0.82391323
0.80670486
0.92295421
0.96886279
0.91446389
0.36978460
0.68744180
0.78077804
0.96294926
0.60045781
0.93787224
0.58994982
0.93068739
0.85287380
0.61252943
0.77281232
0.68418043
0.98186256
0.98677772
0.88409868
0.87195191
0.74820926
0.66298591
0.69305149
0.95966181
0.84953164
0.87516103
0.95629111
0.81036459
0.48129226
0.72529660
0.75531570
0.45652797
0.77928214
0.75485309
0.29647168
0.34262780
0.89921847
0.75501735
0.78252873
0.42328641
0.60075639
0.88674769
0.79250890
0.90671329
0.95959180
0.72784312
0.37069385
0.60235827
0.77213013
0.76451729
0.31007043
0.72618643
0.93669273
0.50761435
0.41347035
0.84853136
0.81532745
0.30017165
0.87283661
0.72817127
0.37250612
0.71139654
0.80399152
0.44499685
0.89932732
0.67223682
0.80032655
0.48128962
0.85607129
0.59619601
0.89410430
0.92050487
0.51272663
0.87657033
0.50826943
0.76369321
0.80853896
0.77595828
0.67943131
0.83603663
0.94949348
0.83982576
0.61930714
0.79763963
0.38895140
0.36816482
0.89694560
0.66385243
0.36834299
0.84426963
0.94592288
0.41508219
0.87148915
0.86416467
0.78439149
0.82107966
0.83876917
0.55800293
0.52743055
0.69068935
0.66944592
0.66171223
0.78216504
0.97038607
0.87833413
0.84963926
0.53405812
0.50652267
0.57059605
0.69178339
0.43049814
0.27086137
0.97921203
0.50958323
0.77192632
0.53912897
0.77374701
0.39188028
0.55110296
0.82401378
0.83527516
0.70200283
0.91789989
0.61519213
0.66613776
0.57704535
0.92759287
0.96157622
0.93422731
0.84122745
0.79247134
0.70979807
0.68231306
0.75644344
0.67861636
0.64212795
0.62051247
0.31915899
0.59171576
0.45651138
0.31733034
0.85332296
0.75209406
0.92755393
0.84210470
0.91047913
0.78452039
0.32231605
0.76566165
0.85053094
0.57725394
0.86224990
0.69640337
0.57273273
0.58589957
0.62069952
0.60224672
0.94604223
0.47254642
0.49241880
0.94776041
0.91479960
0.28756909
0.60670551
0.92833424
0.54639081
0.43095227
0.95194338
0.83800149
0.75687400
0.57949546
0.74370121
0.97367778
0.55708797
0.73652856
0.35500742
0.72454034
0.63632493
0.68621840
0.84523385
0.19508273
0.82353010
0.64326335
0.91187450
0.88513329
0.52164393
0.82351759
0.65784926
0.67325594
0.47613627
0.64390564
0.24116120
0.83740673
0.93794037
0.88844145
0.56530737
0.84538353
0.65171076
0.83055230
0.67708915
0.93427583
0.77407216
0.88483629
0.60608156
0.44674988
0.89115645
0.67384188
0.65385675
0.81523262
0.92178263
0.50907491
0.63438749
0.90227887
0.53085539
0.74959687
0.62802278
0.53996816
0.53052930
0.60690719
0.73603942
0.75350707
0.66693548
0.86332082
0.77225300
0.79226615
0.36811057
0.86835672
0.91565362
0.68901180
0.43765374
0.58306496
0.65926802
0.41769062
0.31906746
0.93780016
0.64631845
0.68305262
0.27384872
0.89010039
0.79658946
0.14696205
0.95414896
0.65941826
0.67770202
0.82215324
0.48304212
0.77784509
0.49163182
0.89952203
0.38359891
0.82506783
0.07610045
0.93788374
0.74508340
0.42927759
0.86694318
0.74143844
0.95034171
0.84327191
0.88973899
0.87400576
0.55043366
0.92351943
0.35539957
0.86428357
0.58355551
0.48902560
0.74645356
0.82664468
0.82492692
0.55896789
0.38139835
0.96270191
0.75220718
0.41959308
0.50368233
0.49906364
0.82321130
0.81913488
0.77344481
0.86151010
0.94549823
0.78868245
0.54624556
0.30636815
0.81239128
0.44421519
0.66022174
0.45463057
0.46441952
0.56470820
0.49573979
0.58622353
0.68718510
0.62925055
0.58648196
0.90008192
0.78448110
0.62334708
0.62635090
0.77367772
0.92058167
0.60873954
0.90066544
0.70949709
0.47141497
0.65125905
0.50408468
0.81445016
0.75929049
0.58501311
0.55813955
0.80840786
0.47693535
0.68536043
0.86600972
0.37530086
0.42283955
0.68990766
0.81283132
0.71764012
0.53464267
0.56175518
0.59993768
0.83546119
0.97312170
0.58627979
0.50959342
0.55390975
0.95159947
0.81146523
0.97518623
0.57167651
0.37822940
0.54293962
0.78505882
0.77096160
0.66474901
0.90105304
0.91582157
0.71490779
0.81213698
0.66220368
0.93643364
0.63128659
0.56090116
0.54352407
0.91419942
0.82758659
0.56213217
0.55819983
0.80608305
0.95035792
0.84321545
0.65753925
0.89301968
0.90973046
0.80435336
0.42425758
0.85869721
0.61863428
0.88696990
0.69421207
0.73156458
0.87543673
0.64819272
0.96685360
0.92369843
0.71819666
0.66251267
0.71687016
0.94000799
0.95077708
0.64151397
0.89859245
0.83214704
0.96442979
0.89137105
0.64206224
0.92185506
0.94704676
0.73541627
0.59685918
0.92620122
0.94284219
0.87660247
0.81174255
0.90814148
0.71594493
0.95672939
0.83314228
0.79674985
0.87568912
0.92079130
0.77905344
0.89811874
0.81195633
0.88058788
0.86973855
0.90807243
0.86681551
0.66848071
0.90817846
0.83921870
0.76500790
0.67097633
0.91785654
0.93459174
0.87591464
0.78097316
0.87743476
0.93826657
0.84978863
0.84562274
0.94027964
0.87659511
0.94541432
0.95791299
0.98704930
0.87287886
0.97710003
0.90700874
0.94359062
0.92380259
0.94464740
0.94987316
0.96058231
0.89988001
0.94825371
0.89943423
0.97846066
0.94163296
0.98140605
0.93231567
0.95925511
0.91537867
0.93014846
0.97087853
0.97597905
0.93775341
0.96630371
0.99094634
0.99898640
0.98340298
0.98680304
0.98675671
0.88487939
0.96936769
0.84934295
0.93786428
0.99209207
0.98046251
0.99659366
0.92333480
0.99134172
0.96250313
0.99425448
0.98470552
0.96208490
0.99473524
0.95496384
0.98879804
0.99483839
0.95688671
0.95818085
0.99342858
0.98620210
0.99190153
0.99317589
0.94420567
0.97707405
0.97696804
0.95934392
0.99024043
0.98842716
0.99346839
0.99836929
0.97435589
0.99525832
0.98513280
0.98841574
0.99163237
0.99650362
0.99320273
0.99199675
0.97359587
0.98573130
0.99205279
0.95751358
0.98803950
0.99157700
0.99336621
0.99697538
0.98341557
0.99578371
0.99743384
0.99217227
0.98472959
0.99395321
0.99707476
0.99830830
0.97746936
0.99715984
0.99455992
0.99275694
0.99363437
0.99963839
0.99322894
0.99690260
0.98324378
0.99299112
0.99498154
0.99221514
0.98843763
0.99506906
0.99136001
0.99343458
0.99709188
0.99477475
0.99595145
0.99388198
0.98364567
0.99964968
0.98910475
0.98237674
0.99598162
0.99588378
0.99713237
0.99985097
0.99804789
0.99696973
0.99471445
0.99751643
0.99489812
0.99470751
0.99246441
0.99704842
0.98983682
0.98012600
0.98792216
0.99106314
0.99870810
0.99572675
0.98910650
0.98990342
0.99470138
0.98252558
0.99784143
0.97105230
0.99834574
0.99467939
0.99910984
0.98493568
0.99591208
0.99688442
0.99553240
0.99510953
0.99677004
0.99619343
0.99674651
0.99460351
0.99831678
0.99380864
0.99747569
0.99937804
0.99395388
0.99165843
0.98714754
0.99773091
0.99368089
0.99429475
0.99986783
0.99525867
0.99305052
0.99890148
0.99267527
0.99400447
0.99005207
0.99629566
0.99464117
0.99351029
0.99579158
0.99593820
0.99752075
0.99028426
0.99889695
0.99763779
0.98838810
0.99587514
0.99989049
0.99353645
0.99044852
0.99724682
0.99843134
0.99280618
0.99248517
0.99595676
0.99347935
0.99816983
0.97877380
0.99827364
0.99817195
0.99774638
0.99555357
0.99103491
0.99649639
0.99600373
0.99665706
0.99387138
0.99942346
0.99851060
0.99838712
0.99616937
0.99385271
0.99402033
0.99589023
0.99810512
0.99267612
0.99175189
0.98964933
0.99617287
0.99661251
0.99868413
0.99484653
0.98558530
0.99482785
0.99085874
0.98779000
0.99977353
0.99811741
0.99292936
0.99839787
0.99318959
0.99902655
0.99212309
0.99395673
0.98889163
0.99557122
0.99691987
0.99869940
0.99967842
0.99220928
0.99785767
0.99865838
0.99108364
0.98934544
0.99637185
0.99526794
0.99872658
0.99180883
0.99592797
0.99736546
0.99241750
0.99398252
0.99630048
0.98947839
0.99588631
0.99936215
0.99256207
0.99590039
0.99933987
0.99323061
0.99358061
0.99265372
0.99781764
0.99376985
0.99718571
0.99583536
0.99721751
0.99354297
0.99846406
0.99345380
0.99908964
0.99462104
0.99475401
0.99470055
0.99435104
0.99405380
0.99619943
0.99047025
0.99516451
0.99848730
0.99642522
0.99741006
0.99905402
0.99917206
0.98986325
0.99754655
0.99772541
0.99754693
0.99829477
0.99044792
0.99877455
0.99848847
0.99898832
0.99745638
0.99523220
0.99175352
0.99843663
0.99777387
0.99461247
0.99711083
0.99317612
0.99457555
0.99717281
0.98269537
0.99858981
0.99763557
0.99727006
0.99498431
0.99623553
0.99639269
0.98949144
0.99557531
0.99403127
0.99736039
0.99333460
0.99772986
0.99920667
0.99755247
0.99676406
0.99777236
0.99721754
0.99266316
0.99790026
0.99837883
0.99919899
0.99755242
0.99549607
0.99439659
0.99322613
0.98951338
0.99365514
0.99920152
0.99548004
0.99945866
0.99576056
0.99902453
0.99940776
0.99801663
0.99966224
0.99737792
0.99667040
0.99819213
0.98500041
0.99942706
0.99942538
0.99886833
0.99783521
0.99955015
0.99651840
0.99987933
0.99725148
0.99974871
0.98859410
0.98991585
0.99721266
0.99540653
0.98093899
0.99530887
0.99831438
0.99832374
0.99941516
0.99875026
0.99876397
0.99621300
0.99879090
0.99573036
0.99650427
0.99031243
0.99795684
0.98558170
0.99413647
0.99593621
0.99617916
0.99155408
0.99707059
0.99483669
0.98923782
0.99742557
0.99479889
0.99886746
0.97735343
0.99464872
0.99645003
0.99624386
0.98537086
0.99848725
0.99780246
0.99206096
0.98290237
0.98886442
0.98075453
0.98936431
0.99661558
0.98980743
0.99290539
0.97782654
0.97875122
0.99559527
0.97972798
0.98408028
0.97511833
0.99659460
0.97184555
0.95843855
0.98916952
0.99594706
0.94470458
0.99443652
0.99193256
0.98580519
0.98354529
0.97591209
0.97914549
0.96398515
0.99355571
0.99654387
0.99516212
0.95569187
0.97468627
0.98146810
0.95497333
0.97052321
0.98798403
0.96926434
0.93680405
0.96420712
0.84306860
0.91255683
0.96693312
0.99146527
0.98449833
0.96319630
0.99473508
0.94754720
0.98676341
0.96287009
0.98202238
0.99750038
0.94933026
0.92798589
0.99414771
0.96518114
0.94297094
0.92772727
0.98164824
0.93814317
0.90169738
0.96339398
0.84542482
0.92232225
0.85940622
0.92164168
0.94850632
0.81927873
0.98937501
0.91402550
0.99503853
0.97903474
0.92674973
0.87968772
0.93582313
0.98631351
0.88706543
0.93128127
0.89246241
0.97968118
0.99267380
0.99816676
0.95030802
0.95875353
0.92541498
0.86981333
0.98703408
0.94213831
0.93868557
0.94180956
0.96220226
0.89783841
0.93643669
0.96051874
0.71202481
0.96767480
0.94074671
0.95107884
0.98756764
0.90063843
0.96236413
0.97452035
0.88102178
0.86324622
0.86167026
0.96158830
0.95965027
0.74707370
0.89146361
0.90749163
0.91470080
0.81252002
0.99443903
0.74870380
0.95046374
0.88933735
0.89404058
0.91242120
0.90880409
0.88183116
0.61791947
0.93772140
0.85702985
0.87822056
0.87133889
0.53816720
0.92233491
0.96814515
0.92803333
0.79931063
0.96099893
0.82716019
0.85365763
0.72161109
0.83849892
0.94349387
0.74201159
0.89764964
0.93201692
0.79065705
0.80223896
0.88096481
0.72430143
0.89014826
0.45611296
0.87517058
0.91737029
0.78450797
0.76201165
0.44525938
0.82577057
0.64771305
0.89267607
0.95720540
0.59414908
0.69388834
0.74326016
0.51080716
0.18677544
0.86183487
0.89950322
0.81017536
0.84636031
0.79382692
0.43088553
0.88819244
0.80855021
0.89507861
0.51082518
0.91587919
0.44637152
0.78947608
0.87888384
0.80214399
0.80165440
0.87581810
0.90660626
0.91765037
0.88467068
0.65808689
0.91421443
0.41120808
0.86929278
0.47516165
0.34275435
0.49006462
0.82180635
0.93314305
0.54262139
0.64729480
0.33251815
0.48716335
0.81398970
0.93208943
0.93707606
0.86361546
0.64568457
0.48091710
0.10666836
0.37465918
0.89287215
0.82567431
0.20790975
0.81939573
0.65101408
0.81297754
0.70227065
0.77113111
0.90534844
0.24347658
0.96322973
0.38954995
0.50302157
0.66020514
0.93595099
0.08060652
0.86566969
0.50863148
0.24842979
0.48334637
0.66534562
0.39988590
0.43745100
0.35947996
0.78339051
0.64723939
0.46044187
0.44841123
0.32014186
0.48417241
0.51709021
0.41674048
0.42495266
0.28940954
0.39371136
0.12426643
0.50815672
0.61430492
0.45972050
0.73117609
0.72123694
0.11766337
0.23805498
0.28708761
0.07403265
0.37012812
0.44762162
0.06540158
0.22709217
0.21049835
0.17861409
0.65768109
0.68525314
0.47044894
0.33291653
0.02764227
0.91032062
0.68584091
0.61073302
0.38179855
0.36211467
0.76296402
0.21786995
0.35276791
0.12047334
0.40516617
0.16734905
0.94602755
0.51254552
0.33971976
0.21384594
0.32188262
0.70852071
0.55078263
0.23755511
0.14401946
0.64356487
0.20332220
0.09128664
0.75766985
0.12883147
0.01749649
0.69111257
0.08901837
0.07445803
0.13610373
0.46122859
0.53561422
0.35226946
0.59986689
0.54500349
0.19445846
0.41266952
0.79352592
0.43234543
0.83673070
0.14349157
0.28558812
0.46807621
0.93392432
0.14305832
0.02591725
0.08855312
0.27299031
0.38169299
0.11855425
0.72442338
0.52125991
0.62784226
0.42819603
0.33213324
0.55885130
0.21753761
0.23533407
0.38055437
0.60598127
0.36049257
0.42793565
0.48695005
0.76750000
0.46996844
0.28988192
0.85267229
0.64565408
0.60422239
0.01972594
0.60312963
0.23679053
0.48586911
0.21628256
0.01183051
0.89861962
0.46597323
0.81624951
0.31795241
0.60318182
0.65854932
0.07810697
0.05638247
0.40602930
0.47864199
0.03807550
0.67016022
0.27409389
0.79274315
0.83899731
0.36338015
0.29172561
0.79548408
0.42421314
0.33096036
0.27396920
0.91605987
0.00463470
0.79082901
0.41068197
0.15261432
0.17459445
0.37606798
0.14960399
0.76345737
0.34905002
0.70179050
0.05201590
0.26184263
0.60609409
0.54613350
0.12138083
0.33355780
0.11221209
0.59885603
0.67893495
0.35347100
0.45467814
0.41650869
0.19199530
0.52720686
0.92857005
0.84403812
0.15570635
0.27272173
0.24475327
0.70869424
0.30418777
0.24040101
0.46798929
0.06677539
0.79837856
0.80983817
0.68499819
0.29262564
0.01703897
0.14155491
0.27435479
0.16321430
0.16086587
0.68740734
0.35736323
0.61054737
0.17246884
0.45508614
0.75874563
0.62348224
0.95735518
0.42892534
0.65112851
0.46131750
0.92896620
0.48687878
0.58007576
0.87637490
0.62138819
0.62949126
0.18143198
0.09511746
0.56284105
0.70200946
0.31392108
0.42758348
0.73612188
0.33566487
0.65171182
0.78233324
0.41414714
0.28741155
0.13013476
0.22749089
0.93838398
0.11752060
0.40717084
0.61188141
0.15222720
0.65526225
0.42900821
0.57027606
0.27027875
0.59965723
0.36214353
0.43160083
0.71837108
0.69330307
0.70664645
0.65529518
0.73209700
0.27594071
0.49072640
0.61664978
0.43341331
0.95720063
0.90669387
0.46602754
0.25757898
0.13733846
0.23712954
0.69139453
0.49212447
0.16243554
0.95011376
0.16863542
0.38208729
0.50270290
0.81990396
0.60105812
0.47805064
0.63360912
0.74435754
0.43675970
0.36940828
0.47457763
0.88715482
0.58598298
0.48042155
0.96336898
0.65343549
0.81585504
0.43424220
0.69594132
0.53640921
0.61230889
0.91795057
0.76143930
0.84760534
0.18416051
0.50843463
0.47455481
0.79353650
0.52991115
0.17230876
0.14245229
0.77655689
0.55660088
0.83320756
0.48494864
0.59332951
0.97702182
0.57881350
0.49154862
0.34165887
0.44870144
0.78876943
0.36897799
0.61474802
0.58289864
0.94851632
0.72108588
0.39980311
0.71939679
0.66496447
0.90679666
0.98913475
0.41656224
0.70891884
0.69691642
0.09484179
0.76894493
0.23230134
0.49555650
0.83785954
0.57904821
0.78680610
0.58291369
0.71297956
0.78278522
0.97833244
0.44474467
0.97205201
0.91113169
0.73217905
0.38320913
0.85554415
0.39114634
0.08072256
0.76983542
0.50106105
0.52342769
0.70194023
0.86845511
0.23451095
0.53009144
0.86748837
0.65601828
0.60069104
0.87312433
0.21664572
0.84004586
0.33870118
0.70944800
0.60316892
0.56290571
0.87499850
0.49825732
0.72093375
0.97471285
0.55483127
0.66411900
0.70324877
0.41715801
0.13952928
0.36774145
0.31558104
0.87254265
0.28356873
0.67330124
0.13234276
0.80171485
0.47740673
0.45223532
0.77620448
0.66868524
0.36312067
0.10464412
0.56958012
0.72150443
0.83693743
0.35235833
0.56726523
0.11721525
0.92650488
0.53387220
0.31172744
0.82262562
0.05813727
0.93746312
0.11468614
0.53066171
0.95007370
0.67308358
0.15576747
0.62748886
0.03552094
0.52075502
0.62092525
0.64263060
0.86593052
0.72777732
0.83438953
0.50985023
0.33776554
0.85370624
0.86606199
0.11055640
0.76447254
0.94277855
0.16006214
0.58359759
0.66291351
0.46354792
0.44614220
0.70574488
0.21896261
0.17695491
0.95500828
0.37996911
0.38704811
0.87052946
0.41990612
0.94558147
0.86220358
0.31180830
0.67607251
0.64133329
0.88877316
0.21795665
0.23717613
0.58346925
0.05036019
0.37649022
0.81879325
0.58333259
0.76542987
0.73746308
0.38298900
0.41591061
0.44891523
0.72992522
0.55188435
0.07064751
0.03795779
0.50311566
0.09150153
0.45821724
0.55525862
0.73680806
0.28191070
0.35466167
0.80857406
0.78750528
0.46470715
0.76064373
0.50246086
0.37449190
0.73280731
0.38391705
0.22601769
0.61622454
0.32586841
0.77923867
0.13150666
0.67285917
0.40278108
0.51718273
0.39747055
0.90373258
0.66463227
0.06897045
0.11556639
0.44865225
0.35057637
0.52994730
0.70940441
0.97513531
0.90451396
0.21599547
0.50000516
0.54876559
0.23717296
0.05239214
0.51177142
0.44558127
0.76581864
0.65546421
0.72583255
0.55685107
0.50327593
0.71356412
0.56434953
0.11459885
0.36865584
0.28830823
0.73426069
0.50700461
0.51444917
0.33817674
0.62867425
0.61348417
0.34869851
0.60375961
0.09187301
0.39327937
0.45459481
0.62002443
0.64104085
0.19047740
0.47655466
0.44252413
0.27090405
0.37165107
0.99277275
0.41984368
0.50280070
0.52011474
0.60645624
0.41381201
0.61285752
0.84102962
0.27953083
0.21474946
0.81100741
0.26249889
0.47329983
0.64851434
0.29104364
0.22583028
0.87490122
0.53653275
0.63628998
0.33850389
0.38168620
0.47232680
0.20676812
0.89999364
0.86131954
0.37952358
0.27591641
0.43388267
0.66711179
0.80155934
0.19909115
0.86141101
0.38068980
0.67723435
0.58179209
0.27022353
0.89081050
0.80551290
0.86246545
0.83919981
0.63798834
0.87902944
0.75724727
0.83991444
0.53042998
0.74160023
0.63859299
0.14180600
0.26268839
0.77080075
0.47140156
0.63561958
0.28358465
0.37591790
0.79883419
0.57768360
0.69318548
0.74907631
0.19102037
0.62741398
0.64584643
0.67983383
0.47020955
0.56720074
0.23763419
0.62340161
0.26619167
0.67066342
0.70790336
0.36911914
0.46172944
0.27270563
0.97149237
0.71060396
0.45782137
0.10608984
0.76984942
0.22691449
0.46281207
0.63749337
0.21946594
0.35621357
0.69408483
0.39223179
0.29942060
0.59264187
0.70744564
0.75287237
0.43064674
0.71954866
0.81257892
0.45514140
0.84660562
0.47557119
0.88000599
0.66642841
0.02078345
0.96141081
0.35799336
0.22822819
0.31768523
0.94316609
0.50531975
0.91616543
0.82873688
0.78580172
0.86025318
0.83923437
0.74109382
0.19381873
0.01142086
0.17870474
0.20913259
0.39811414
0.72216003
0.92008234
0.45030727
0.96264851
0.12012085
0.50193651
0.71217311
0.67262733
0.57426780
0.81335112
0.37719822
0.93936597
0.76648722
0.32250264
0.69107225
0.83642669
0.65095148
0.89603681
0.79437447
0.61242469
0.81789343
0.31239613
0.37713568
0.89605694
0.90432039
0.81782699
0.77422875
0.79384587
0.95872891
0.72816973
0.11573639
0.82369052
0.88108559
0.76951641
0.91694340
0.83075973
0.94277831
0.45820867
0.41279997
0.58667839
0.72730450
0.61752712
0.22135788
0.69532064
0.48434465
0.33650056
0.56638192
0.27960941
0.89691167
0.60266554
0.65624355
0.16646568
0.34436850
0.33893682
0.42501811
0.83772074
0.55052095
0.16946562
0.91448345
0.80873711
0.70353582
0.68942410
0.53505437
0.56850628
0.31370952
0.11941814
0.26059631
0.23026837
0.36096525
0.75177269
0.72994228
0.36968433
0.41576635
0.42120291
0.22443044
0.88871568
0.74844595
0.95746514
0.69132928
0.83801346
0.90118731
0.34329486
0.40937708
0.49692775
0.35093132
0.84413557
0.89634459
0.70941248
0.38014771
0.43499234
0.69053409
0.94593794
0.49308694
0.23943981
0.99919524
0.86737635
0.55759175
0.86055516
0.87485401
0.44944228
0.73686033
0.16488016
0.70505133
0.28680737
0.96651652
0.73212399
0.84735375
0.68848392
0.27652563
0.09855869
0.73518775
0.08647526
0.70327977
0.35648838
0.45607135
0.83197374
0.44264359
0.19146959
0.63607945
0.82122444
0.21620208
0.90889604
0.44784687
0.22870843
0.31648158
0.67114010
0.75159041
0.16897982
0.91657667
0.33138624
0.48900820
0.66774708
0.65450367
0.81981809
0.80433882
0.92433634
0.86096579
0.42597248
0.95019295
0.86569875
0.27304079
0.74657249
0.56388809
0.55840616
0.79979226
0.61397102
0.82276676
0.44804691
0.94568530
0.23069043
0.53704388
0.71007143
0.77188517
0.13953253
0.64671412
0.85238584
0.87755364
0.16246206
0.24404596
0.18366317
0.85070610
0.37488159
0.58901817
0.09283685
0.84329369
0.91410306
0.80371234
0.54385485
0.57644685
0.57480786
0.47864183
0.26317366
0.44786031
0.87394580
0.38663289
0.21593293
0.62780786
0.18929297
0.11542568
0.67806405
0.46279561
0.34881405
0.80052668
0.86956974
0.15251510
0.84901477
0.50168957
0.31166063
0.27847976
0.15821460
0.86017383
0.93485975
0.98502261
0.38411961
0.37042077
0.65995582
0.86360398
0.42239057
0.42653251
0.87528105
0.61165846
0.94154932
0.86066808
0.89391790
0.95958147
0.69071155
0.67046941
0.80113643
0.98954650
0.51560646
0.57215934
0.87407792
0.67198086
0.50204976
0.48638962
0.30549564
0.89963972
0.78717455
0.40351923
0.91652783
0.80186211
0.62100180
0.15743038
0.56162757
0.72394966
0.81912002
0.50500717
0.46218535
0.69908432
0.89626782
0.69770886
0.34648325
0.80709912
0.65593056
0.56975259
0.63948799
0.97832829
0.85928794
0.58532359
0.80793510
0.95629935
0.77118354
0.72643271
0.53153533
0.44067368
0.74436703
0.69750547
0.79017253
0.60418730
0.92357409
0.92851870
0.63155149
0.60390023
0.91081839
0.96866391
0.91645999
0.89398454
0.93296194
0.82644381
0.93245789
0.54800272
0.73515092
0.65876115
0.89659062
0.86623817
0.94913197
0.69394237
0.85930108
0.21540149
0.83056979
0.98646616
0.89007429
0.43290292
0.96742890
0.29426119
0.67148372
0.96563059
0.74358511
0.54394832
0.23160215
0.55663618
0.74094928
0.52282092
0.96724480
0.76426963
0.62667764
0.77912978
0.82111301
0.72322513
0.88187295
0.68797020
0.95967840
0.96272434
0.42401504
0.75342647
0.87975979
0.90473683
0.49598655
0.55930932
0.78605843
0.59001054
0.93748500
0.87153628
0.82476174
0.92022922
0.89734853
0.77047903
0.99507079
0.85455480
0.91827560
0.90184340
0.91261938
0.72014656
0.78568363
0.94219190
0.57999961
0.98415680
0.55656891
0.98053711
0.88117282
0.82529875
0.86751386
0.83972595
0.55736267
0.62203544
0.67927657
0.79020538
0.91279549
0.83456264
0.89450727
0.91383790
0.84141232
0.68445205
0.76105602
0.98773590
0.86331532
0.84332923
0.92791237
0.96154203
0.97915044
0.83500504
0.93343610
0.97252633
0.89892400
0.84441823
0.74571498
0.99155108
0.85342049
0.97769533
0.96016483
0.89359555
0.97585040
0.89767464
0.89607783
0.93790589
0.86397975
0.98528939
0.95470726
0.85781169
0.87234913
0.88363296
0.86770033
0.97881284
0.81487881
0.78749602
0.89952645
0.98853454
0.97402590
0.78891114
0.88784032
0.92204992
0.99680300
0.97376025
0.90885596
0.91594966
0.91108509
0.97442455
0.98839072
0.87866360
0.87573055
0.95422669
0.98989868
0.97277832
0.93164023
0.95148993
0.87750099
0.92642538
0.95780385
0.96603149
0.93554315
0.98101082
0.91216738
0.97930460
0.92602944
0.96485974
0.99396436
0.94766516
0.93816432
0.92244704
0.98014823
0.96772218
0.98580399
0.95813969
0.94310742
0.97667331
0.93397596
0.97320524
0.95017800
0.99634936
0.97792251
0.95829216
0.98249661
0.96020100
0.98081264
0.92666058
0.94634069
0.96005095
0.98422398
0.97573855
0.94065728
0.97025519
0.96903837
0.95408527
0.98136691
0.98150757
0.95023263
0.95327900
0.99258960
0.95710799
0.99025752
0.95261596
0.97588028
0.97896756
0.96134375
0.97937569
0.99380611
0.98003372
0.99497284
0.99174083
0.97831429
0.99525024
0.97876536
0.99628198
0.97639110
0.95280152
0.98134330
0.98115427
0.97825258
0.97760240
0.99206897
0.97276331
0.97508810
0.98171428
0.97446067
0.98057363
0.98795928
0.98749794
0.99511424
0.99319811
0.98949629
0.99502834
0.98859762
0.99383467
0.98503739
0.98444995
0.98081342
0.99417883
0.98992155
0.97775890
0.98062973
0.98890218
0.99654874
0.99279666
0.97586475
0.99231472
0.98915039
0.97755944
0.98672911
0.98509679
0.99283249
0.99069742
0.96618910
0.98296137
0.99676531
0.98920103
0.99557752
0.98830226
0.99724371
0.99495858
0.99067990
0.98843447
0.97217311
0.97937703
0.98740166
0.98880060
0.99132716
0.99808701
0.98370423
0.98404620
0.99662181
0.99636358
0.98641880
0.98706014
0.99458779
0.99581884
0.98534455
0.98619759
0.99096615
0.98961420
0.99066630
0.98489812
0.98554606
0.99160740
0.99425965
0.99273622
0.97379179
0.98574860
0.98608064
0.99164825
0.99205545
0.98001875
0.98429442
0.99170959
0.98362779
0.99171962
0.98860773
0.97726620
0.98846936
0.98545947
0.98928741
0.99074453
0.99382780
0.98765375
0.99605470
0.99032742
0.97676337
0.99926417
0.99524953
0.97157134
0.98661088
0.99440673
0.98174313
0.99187004
0.99157095
0.98886499
0.99393362
0.99671005
0.98783275
0.98352489
0.98456797
0.99711167
0.99565974
0.99838635
0.99235091
0.98910981
0.99893344
0.99417857
0.99348628
0.98451690
0.99488677
0.98728940
0.98681671
0.99922723
0.99280884
0.99334978
0.99406709
0.99237046
0.98427594
0.99350521
0.99538641
0.99982742
0.98347420
0.99036530
0.99426196
0.98728911
0.99876946
0.97803983
0.99475858
0.99264804
0.98789288
0.99351529
0.99145216
0.99040886
0.98761642
0.98493641
0.99684381
0.99377836
0.99746129
0.99440814
0.99778820
0.98713813
0.98801258
0.99323233
0.99871525
0.99577146
0.99192507
0.98953497
0.99922833
0.97707870
0.98898665
0.99526470
0.99553779
0.99287968
0.99732150
0.99726643
0.99658823
0.99134162
0.99573591
0.99871069
0.99681178
0.99422967
0.97807087
0.99387774
0.99522474
0.99120429
0.99503342
0.99765147
0.99038026
0.99511147
0.99388200
0.99575250
0.99327545
0.98284338
0.99473297
0.99354783
0.99670837
0.99409025
0.99069156
0.99357833
0.99195402
0.99411829
0.99303457
0.99217844
0.99894973
0.98540884
0.98819865
0.98742395
0.99614309
0.99959173
0.98436949
0.99035069
0.98620919
0.99382661
0.99655477
0.99277062
0.99338247
0.99697356
0.99370218
0.99522911
0.99561519
0.99474892
0.99608418
0.99410952
0.99621977
0.99348377
0.99570853
0.99636929
0.99492806
0.99617419
0.99660111
0.98332093
0.99553047
0.98965585
0.99882753
0.99898454
0.99221714
0.99709881
0.99197114
0.99443967
0.99079252
0.99508326
0.99392392
0.99241974
0.99859710
0.98704716
0.99324130
0.99186883
0.98957466
0.99730930
0.99479562
0.99859129
0.99750398
0.99814113
0.99995506
0.99977081
0.99310446
0.99119782
0.99695637
0.98969667
0.99759027
0.99698137
0.99793332
0.99219216
0.99634660
0.99145761
0.99240746
0.99724857
0.99053429
0.99571226
0.99664437
0.99821019
0.98122392
0.99959102
0.99952118
0.99327056
0.99976976
0.99947837
0.99843506
0.99624300
0.99257912
0.99599924
0.99352908
0.99411212
0.99642819
0.99637877
0.98891317
0.98806487
0.99652153
0.99395429
0.99804874
0.99722022
0.99008441
0.99638912
0.99296752
0.99459913
0.99172163
0.99086244
0.99324106
0.99207887
0.99578165
0.99156013
0.99449228
0.99912900
0.99976571
0.99514056
0.99660784
0.99614639
0.99584512
0.99080078
0.99952374
0.99582784
0.99313233
0.99567076
0.99025204
0.99503666
0.99492679
0.99922969
0.99112803
0.99710756
0.99874799
0.99853725
0.99674899
0.99504514
0.99678149
0.99172809
0.99671349
0.99884918
0.99025221
0.99924303
0.99728208
0.99381994
0.99552789
0.99723041
0.99167358
0.98152553
0.99939605
0.99729841
0.99581247
0.98309451
0.99839751
0.98621217
0.99416961
0.98052820
0.99640819
0.99672061
0.99541719
0.97968364
0.99227865
0.99691837
0.98988653
0.99228684
0.99348573
0.99490831
0.98889269
0.99262758
0.99879622
0.97854698
0.99224141
0.99289052
0.97337191
0.96827108
0.99102171
0.96676953
0.97320914
0.98289561
0.95386239
0.99700796
0.94860354
0.92271007
0.95221928
0.99063965
0.96876752
0.97773454
0.97629389
0.98224146
0.99077898
0.98649877
0.98789482
0.92611240
0.97815622
0.91609318
0.91103296
0.97401703
0.99053447
0.96295659
0.95099185
0.87350483
0.96335131
0.98043178
0.96150395
0.95700039
0.97098233
0.94826702
0.90495594
0.97583566
0.89376985
0.92093536
0.94107401
0.95686455
0.86373125
0.95765452
0.86166248
0.94568977
0.78521081
0.99333654
0.90981344
0.91809133
0.81440130
0.90220983
0.93777509
0.95230281
0.92464403
0.97570506
0.88380053
0.86889971
0.96377898
0.79546432
0.82360874
0.58351384
0.73006330
0.68103984
0.87260671
0.84992958
0.93061517
0.91132478
0.73318372
0.88860839
0.85268682
0.86578333
0.89520348
0.73832994
0.33533505
0.91695224
0.61544485
0.82174276
0.96391942
0.85708514
0.74062881
0.88511207
0.96653591
0.68627870
0.67727932
0.70677036
0.63720359
0.72228865
0.72739330
0.92765483
0.89386039
0.96145358
0.94935402
0.81456865
0.67739941
0.88121579
0.79861951
0.89670839
0.87132444
0.79569651
0.33187587
0.83483620
0.79041660
0.65999623
0.65367441
0.83149252
0.85039371
0.56780591
0.73347913
0.32243148
0.94457325
0.23809392
0.94668998
0.43619100
0.68683831
0.96705734
0.90591295
0.75925533
0.91424770
0.94112955
0.62447775
0.68059452
0.92371638
0.36973934
0.59757835
0.87884555
0.78281721
0.87927960
0.63903239
0.89231247
0.66899144
0.55384858
0.53930163
0.81764298
0.99474557
0.88266472
0.77779731
0.69697853
0.53173564
0.82846891
0.86902453
0.28927033
0.79895702
0.48411540
0.68983667
0.93225204
0.61033812
0.97331172
0.36449693
0.88827935
0.72896566
0.99041741
0.85241921
0.86305315
0.98412434
0.25283581
0.92854518
0.52473678
0.43698777
0.30282379
0.71784197
0.42862522
0.75849968
0.79576949
0.94712939
0.88363046
0.91840797
0.36378051
0.95820140
0.88878724
0.78681413
0.85176017
0.28769029
0.98347558
0.64598740
0.69872520
0.80287429
0.93502643
0.80830813
0.63404760
0.83821909
0.45425676
0.86922825
0.85112387
0.96835582
0.93381748
0.85910663
0.21689659
0.33396151
0.86510402
0.81256349
0.85102732
0.66689974
0.73230435
0.46693308
0.81299267
0.41347499
0.97219177
0.60992388
0.89669561
0.62671076
0.60488192
0.78530421
0.59201287
0.58004905
0.57041777
0.53036523
0.64213008
0.61655369
0.85784378
0.69959637
0.36281686
0.38818621
0.84395629
0.80957199
0.89545953
0.77932143
0.57728203
0.84225007
0.87548536
0.86051963
0.55243125
0.71432180
0.58141786
0.59891287
0.85249002
0.79020460
0.64974695
0.39120163
0.91570357
0.74432856
0.90816723
0.90430406
0.55859630
0.67840499
0.36558555
0.88009464
0.91257542
0.41070006
0.89369853
0.64788100
0.66494519
0.90919417
0.74797352
0.68669556
0.64097464
0.42620062
0.91074365
0.87476484
0.74151802
0.82363201
0.56425821
0.84503562
0.93046925
0.83607988
0.98884664
0.90235402
0.89992069
0.78079704
0.52430847
0.74821387
0.98259088
0.88624889
0.72007765
0.93442784
0.78159440
0.98236006
0.22853022
0.65965338
0.65645381
0.37545358
0.59499351
0.82062559
0.70662983
0.56468926
0.69033816
0.70647848
0.78812587
0.63392891
0.61415996
0.39528463
0.77206015
0.57123934
0.59334090
0.87194176
0.69933468
0.94601107
0.69845447
0.91214476
0.38464513
0.23017941
0.53318854
0.34741803
0.55655131
0.79247735
0.73559692
0.92125931
0.20201072
0.43655279
0.86382668
0.26505246
0.90677649
0.55431898
0.40645555
0.73290011
0.84032182
0.63795862
0.74324200
0.66763491
0.61050200
0.68454350
0.93032803
0.57259201
0.29122459
0.82853064
0.27589959
0.89282269
0.62332944
0.78990812
0.60770096
0.90665190
0.83492044
0.63289531
0.92442260
0.54903412
0.56804902
0.90692598
0.30531937
0.88243052
0.46446790
0.45509141
0.31749235
0.59353473
0.95023836
0.95757592
0.32813714
0.75566722
0.64790614
0.52653617
0.66709005
0.83183303
0.84002538
0.78897237
0.95463727
0.95065931
0.63897002
0.72967289
0.72862818
0.77975063
0.51493277
0.29951525
0.61103930
0.88016903
0.53902896
0.50652256
0.66445183
0.20751992
0.84892634
0.91282625
0.52036915
0.45411436
0.70422930
0.88509272
0.59969422
0.70653819
0.38430039
0.53872409
0.79134668
0.50011091
0.44627683
0.49778816
0.24980900
0.51881401
0.86171991
0.92715744
0.92225891
0.77020220
0.58037349
0.90409898
0.19108958
0.10716216
0.29370323
0.27650378
0.07412039
0.45765817
0.39069164
0.47299662
0.37462914
0.43334656
0.77698162
0.42832080
0.86257556
0.66671520
0.80602860
0.32198373
0.22686110
0.67562080
0.49805660
0.70468039
0.66175686
0.44285011
0.92998857
0.62235574
0.85315992
0.74268587
0.89167728
0.41476088
0.24782196
0.95194925
0.11588700
0.64122297
0.95718393
0.50560342
0.32238565
0.32295304
0.85475727
0.89403983
0.55465283
0.79201578
0.42896812
0.72963670
0.68823690
0.67686751
0.38945920
0.84651576
0.98344927
0.60166263
0.49056406
0.47605019
0.19683456
0.63688586
0.45545822
0.41901031
0.77078659
0.30720857
0.40037440
0.92813298
0.87239508
0.51463493
0.36719799
0.34916860
0.85468224
0.51904818
0.93979463
0.21691807
0.85059403
0.39266111
0.07973039
0.59118110
0.95719219
0.52584455
0.43945221
0.80537059
0.39097877
0.55075301
0.34903508
0.63003016
0.90728491
0.18046860
0.87129074
0.74784584
0.87895829
0.19605596
0.33278316
0.62011013
0.29326785
0.43312466
0.53583198
0.14505193
0.65640441
0.79127657
0.83210905
0.46613058
0.77400859
0.56397081
0.84863775
0.05423304
0.44882996
0.95577441
0.14162137
0.77272955
0.44744443
0.27554802
0.80848406
0.80662471
0.83309329
0.34575009
0.66533853
0.27044692
0.45776040
0.32285445
0.90730342
0.48872429
0.22160740
0.36057474
0.87912874
0.44650713
0.51026520
0.29998646
0.30580680
0.71555387
0.56991059
0.67666909
0.40186295
0.25303943
0.70845723
0.39363447
0.37644747
0.91440692
0.13393919
0.79766407
0.82361895
0.53242098
0.33891903
0.19285521
0.66912223
0.17650325
0.58851891
0.76835897
0.70308351
0.87579153
0.92014543
0.88021335
0.24137868
0.64954181
0.58710438
0.78978247
0.56517072
0.55139483
0.89836437
0.90007857
0.57894798
0.57173760
0.71316932
0.36441263
0.71384457
0.51566519
0.92546439
0.43948339
0.69105352
0.87455147
0.87020176
0.93268361
0.59399947
0.46206759
0.65058947
0.56607647
0.65696398
0.83485366
0.68669897
0.43548651
0.48678438
0.92016322
0.55880912
0.63892360
0.58379062
0.69036933
0.77342644
0.95121955
0.62659351
0.91905741
0.99332395
0.73620544
0.73587996
0.58375652
0.59222087
0.65514352
0.88543263
0.55604450
0.93876515
0.94108047
0.58112557
0.36069409
0.82891125
0.74749939
0.90726303
0.90361520
0.61180506
0.87924005
0.48654116
0.83749348
0.99641859
0.92202061
0.81093582
0.45166456
0.82786735
0.78320667
0.88204212
0.89367437
0.95720140
0.71725266
0.91128121
0.73234178
0.65120137
0.80865095
0.91984144
0.91807776
0.84334629
0.94708787
0.86518696
0.81670151
0.95941759
0.63220899
0.71821413
0.93333594
0.89880011
0.86647417
0.83206932
0.90667763
0.75262022
0.84091534
0.90866693
0.86354584
0.83736703
0.71321830
0.74711402
0.91239205
0.82460464
0.67584982
0.93605620
0.93816566
0.81245886
0.97977052
0.89384162
0.90701918
0.97447439
0.89616893
0.94000041
0.84272026
0.93012637
0.99872490
0.82648307
0.88644120
0.74168832
0.96367858
0.87445752
0.98226285
0.88852598
0.97176384
0.95534273
0.81988887
0.80033401
0.96693456
0.97730455
0.82579222
0.91964396
0.97366008
0.96618134
0.86496657
0.92402949
0.98378554
0.95571305
0.96063466
0.92698060
0.91695127
0.90220880
0.81153082
0.91688358
0.94868362
0.95862220
0.92618652
0.96104491
0.93046370
0.98645113
0.96754237
0.95205624
0.97381625
0.98036649
0.99699519
0.89105577
0.95886470
0.99173360
0.93100878
0.98570005
0.94357878
0.99553637
0.98228970
0.98826992
0.97489371
0.96430486
0.96619212
0.99867016
0.98997157
0.96817851
0.97251675
0.97666307
0.98973869
0.98767272
0.98042711
0.98410456
0.96380329
0.99535274
0.98692579
0.99556454
0.98775522
0.99059729
0.94317192
0.98460209
0.97999304
0.99574220
0.98837433
0.99104380
0.99060806
0.97829648
0.98498143
0.99642222
0.97370013
0.98576328
0.99011812
0.97113036
0.99635641
0.98876978
0.99930898
0.98867311
0.99636294
0.99486559
0.99594536
0.98387073
0.99687252
0.99356130
0.99791529
0.99521035
0.99293972
0.99910997
0.99424729
0.98499674
0.98255237
0.99013882
0.99869719
0.99786010
0.98570021
0.99980159
0.99579407
0.99695020
0.99250323
0.99151367
0.99573083
0.99741284
0.99656238
0.99402465
0.99942130
0.99649707
0.99069587
0.99754227
0.99515422
0.98807291
0.98909189
0.99907359
0.99463802
0.99962439
0.99557353
0.99826793
0.99706577
0.99316686
0.99605415
0.99927207
0.99680063
0.98458551
0.99486957
0.99674669
0.99506985
0.99918399
0.99619351
0.99225612
0.99849304
0.99512689
0.99647409
0.99068691
0.99586620
0.99368456
0.99399831
0.99825609
0.98451078
0.99526088
0.99806169
0.99536407
0.98914358
0.99810770
0.99727996
0.99511991
0.99361716
0.99729889
0.99944972
0.99684988
0.99800178
0.99522450
0.99561214
0.99223089
0.99661589
0.99576563
0.99516361
0.99826908
0.99694014
0.99824328
0.99906966
0.99792567
0.99071587
0.99546548
0.99870751
0.99749457
0.99504393
0.99442552
0.99489135
0.99606456
0.99682826
0.99354926
0.99745736
0.99773408
0.99741503
0.99634635
0.99724866
0.99796354
0.99830402
0.99740818
0.99634983
0.99921665
0.99558507
0.99494800
0.99832774
0.99214261
0.99401245
0.99565413
0.99595248
0.99804539
0.99661292
0.99845549
0.99745988
0.98740832
0.99103545
0.99331612
0.99300412
0.99803368
0.99483409
0.99751817
0.99869365
0.99487697
0.99100306
0.99979306
0.99891220
0.99772084
0.99428266
0.99558426
0.99367706
0.99419135
0.99070138
0.98852488
0.99691447
0.99554662
0.99704145
0.99897725
0.99738214
0.99260501
0.99876487
0.99775618
0.99225462
0.99695064
0.98972767
0.99657120
0.99955530
0.99620834
0.99266619
0.99608504
0.99818042
0.99581755
0.99644740
0.99419996
0.99596743
0.99805776
0.99660058
0.99458110
0.99939849
0.99105668
0.99749355
0.99968329
0.99553925
0.99976483
0.99426500
0.99936804
0.99797375
0.99854004
0.99061266
0.99784345
0.99661931
0.99565207
0.99561853
0.99442995
0.99088479
0.99827579
0.99918774
0.99887342
0.99741089
0.99756594
0.99802403
0.98459575
0.99187957
0.99852051
0.99619469
0.99894725
0.99263536
0.99238282
0.99296142
0.99607169
0.99699529
0.99835719
0.99743527
0.99022063
0.99703664
0.99715178
0.99079836
0.99762682
0.99787199
0.99554956
0.99958219
0.99620204
0.98532339
0.99842799
0.99945782
0.99962649
0.98945746
0.99884335
0.99716306
0.99504325
0.99864876
0.99270999
0.99957366
0.99628951
0.99868889
0.99345442
0.99918973
0.99926337
0.99664155
0.99296591
0.99061743
0.99954743
0.99888085
0.99801001
0.99934242
0.99611350
0.99827521
0.99951562
0.99465897
0.99439015
0.99373290
0.99919549
0.99445582
0.99830445
0.99714574
0.99217068
0.99915588
0.99886505
0.99318494
0.99575576
0.99688805
0.99850979
0.99568573
0.99315693
0.99754991
0.99768867
0.99343175
0.99768566
0.99695853
0.99738749
0.99436881
0.99854939
0.99645482
0.99813633
0.99644400
0.99835355
0.99856563
0.99561317
0.99904705
0.99831245
0.99717489
0.99257810
0.99793247
0.99801224
0.99853857
0.99852978
0.99460365
0.99690600
0.99896323
0.99802954
