1.00000000
0.98982574
0.97185088
0.96911655
0.99398791
0.98016065
0.97600127
0.99124535
0.97503451
0.96862583
0.99280675
0.99787751
0.98756891
0.99180213
0.99564184
0.99633554
0.99807079
0.99596834
0.99093075
0.98366872
0.99552895
0.99878067
0.99480304
0.98894921
0.99129482
0.99882593
0.98004152
0.99431120
0.99753984
0.99517074
0.99391809
0.98587474
0.98352402
0.97958828
0.98683993
0.99833861
0.98813684
0.99168754
0.99609806
0.99598369
0.98280211
0.96732175
0.96560393
0.98220260
0.99742241
0.99607817
0.98918064
0.98147933
0.97181137
0.97308504
0.98496677
0.97915153
0.99392566
0.99882658
0.99478898
0.98323734
0.98968667
0.99402132
0.99649861
0.98198954
0.98460412
0.96416073
0.98806584
0.99680044
0.99852243
0.99625205
0.97891101
0.97791375
0.98935786
0.98480516
0.96738102
0.97158440
0.97328076
0.97351002
0.98436176
0.99373976
0.99508953
0.99354876
0.96544970
0.99202795
0.98722582
0.99563584
0.99740981
0.99531163
0.99850882
0.99026636
0.98971965
0.99008384
0.99200555
0.99607805
0.99373369
0.99943454
0.99820213
0.99923592
0.99098404
0.99180717
0.98279349
0.97570638
0.99475546
0.99709430
0.98657711
0.96399947
0.95902729
0.98452744
0.99354355
0.99242763
0.99709947
0.99692853
0.99652854
0.99944999
0.99123208
0.98824929
0.99532971
0.98556601
0.99564551
0.98758043
0.99298588
0.97670475
0.99552683
0.98082028
0.97965839
0.97922089
0.98355040
0.98849450
0.98037661
0.99562306
0.98716215
0.99040702
0.99178551
0.99544653
0.98774067
0.99489831
0.98900358
0.95857633
0.97324683
0.99066692
0.99017671
0.97575055
0.96907697
0.98292302
0.98716077
0.99516207
0.98508505
0.97911255
0.97988876
0.99200222
0.99204318
0.96971230
0.97835347
0.99435979
0.99556954
0.98992921
0.99280662
0.99814745
0.99679392
0.99626916
0.99137266
0.97194363
0.97866533
0.99509991
0.99440606
0.99670300
0.98299460
0.98322140
0.99022574
0.97966295
0.98463894
0.99706606
0.99285426
0.99086834
0.95627234
0.98519315
0.98518535
0.99932173
0.98876622
0.99527680
0.99736972
0.99642035
0.99736407
0.99456939
0.99372846
0.99032617
0.99711079
0.99122963
0.96814077
0.97168813
0.96730287
0.98037197
0.99074601
0.99738943
0.99423343
0.99482181
0.99191280
0.98835239
0.99834121
0.99434320
0.99115459
0.98052655
0.98972910
0.99334268
0.98908178
0.98663430
0.97811690
0.97804687
0.98355083
0.99607344
0.99191715
0.99229614
0.99526011
0.97962127
0.96836003
0.99783929
0.98121137
0.98236317
0.99132905
0.99135766
0.99387460
0.99207821
0.98814044
0.99577489
0.98131176
0.99476037
0.99776561
0.99847374
0.99966551
0.98099281
0.98090277
0.94541619
0.96959858
0.99638968
0.98109515
0.99136220
0.98314191
0.99619334
0.99488071
0.99341351
0.99607780
0.98331298
0.99013751
0.99585899
0.99360681
0.99205081
0.98600256
0.99167129
0.99581555
0.99323622
0.99074072
0.99763733
0.99229881
0.99447911
0.98537346
0.97046896
0.98366572
0.95867252
0.98272028
0.97945743
0.99766111
0.97865762
0.96329015
0.97228093
0.97971156
0.98770958
0.99243554
0.99579559
0.99382446
0.97817358
0.97816424
0.97848165
0.96341939
0.97840170
0.99617232
0.99630902
0.99078388
0.98381168
0.99236763
0.99557525
0.99221676
0.98845627
0.98503108
0.99248466
0.98844223
0.97140874
0.98194358
0.99468518
0.98786959
0.98582869
0.98936635
0.97819228
0.98520460
0.98904068
0.95257970
0.95488633
0.99358946
0.99802428
0.99370739
0.98255877
0.99625057
0.99299101
0.97960302
0.99279286
0.97765144
0.99038864
0.99688729
0.99467427
0.99882264
0.99470101
0.99034621
0.99255182
0.99967211
0.99228030
0.98592801
0.99168447
0.98451090
0.98385773
0.98906524
0.99293676
0.99518704
0.99234864
0.93023454
0.92743713
0.98650027
0.99758687
0.98503070
0.97603463
0.98526438
0.99484229
0.99069950
0.99418665
0.99099118
0.98517734
0.97364296
0.96048405
0.97912264
0.99595962
0.97816703
0.97395609
0.98873411
0.97967669
0.97186739
0.96842614
0.96058548
0.98050343
0.99728663
0.99000296
0.97414417
0.98580031
0.99555476
0.96984569
0.95431806
0.98952515
0.99402218
0.99803149
0.99320299
0.99434482
0.99887029
0.99238040
0.98600944
0.98225653
0.98010206
0.98764626
0.99189924
0.98269523
0.98866611
0.99884178
0.99453496
0.98518624
0.99261277
0.99835264
0.95504311
0.94968933
0.99243296
0.99531923
0.98794704
0.98129455
0.99473817
0.99444472
0.97570264
0.96559358
0.98799037
0.99781752
0.99096218
0.99498744
0.99644386
0.99349884
0.99289112
0.97200497
0.95219468
0.99225703
0.99268699
0.99588400
0.99635411
0.99740290
0.99845757
0.99360938
0.98487991
0.97054690
0.98122584
0.98854549
0.99084313
0.99127550
0.95778246
0.92769849
0.95622596
0.98333311
0.99770531
0.99526346
0.98430255
0.98478354
0.98689963
0.97690683
0.98637023
0.99469626
0.98169459
0.98237007
0.99302086
0.98383881
0.99224764
0.99826276
0.98937837
0.96634176
0.95402603
0.98362615
0.99563107
0.99490672
0.97457916
0.96511755
0.98014038
0.98686871
0.99096702
0.96858242
0.94118475
0.98866519
0.99597652
0.99445526
0.97277754
0.99326712
0.98666407
0.99100757
0.99017029
0.99739295
0.99445266
0.97535862
0.98625848
0.98949846
0.97370638
0.98886312
0.99724128
0.99192723
0.99736087
0.99153623
0.96736323
0.98781755
0.98718847
0.96087456
0.98286615
0.98152569
0.99344744
0.99337884
0.98926663
0.99747889
0.97856069
0.97122810
0.96814394
0.97530487
0.97327425
0.97137269
0.97781168
0.96540899
0.95432593
0.96943346
0.99297498
0.99365158
0.98397304
0.98092909
0.99285833
0.99467593
0.98342729
0.99310625
0.99749547
0.98798757
0.98273857
0.99391968
0.99607085
0.99198368
0.98897446
0.99441203
0.99756989
0.99843880
0.99354775
0.97713069
0.97328488
0.97592369
0.98479031
0.99037518
0.99926229
0.99925217
0.99379421
0.95931342
0.98105644
0.99297192
0.98381291
0.99432508
0.99368909
0.98721118
0.98524764
0.98928945
0.99311159
0.99281331
0.98965961
0.98794091
0.98434450
0.96616056
0.96324903
0.98538795
0.98259390
0.96096410
0.97952695
0.99246003
0.99736843
0.99633158
0.99179602
0.97882238
0.97919741
0.97634770
0.95757188
0.98169513
0.99576867
0.99105319
0.99342111
0.98977102
0.98832389
0.99397308
0.99610454
0.98532219
0.99299629
0.98359355
0.97730405
0.99838893
0.99806849
0.99792631
0.99858150
0.99634596
0.98692735
0.99711733
0.99030904
0.97898448
0.97468229
0.97073885
0.95619745
0.94716162
0.97907856
0.99779484
0.98890919
0.98823546
0.99791753
0.99130844
0.99153378
0.99007058
0.99746631
0.98599662
0.97762105
0.98639669
0.98847892
0.99026459
0.99317363
0.99888949
0.99395452
0.98101095
0.97364399
0.99221391
0.99293696
0.99083931
0.99841474
0.99211277
0.98217266
0.99789454
0.99622075
0.99548097
0.99641964
0.99017257
0.99100464
0.98881040
0.98475438
0.98900004
0.99565649
0.99832946
0.98603812
0.94718820
0.96157463
0.99124010
0.99960671
0.99323324
0.99650082
0.99822386
0.99704151
0.99801184
0.98855366
0.99067025
0.99115693
0.99892230
0.98890590
0.99192284
0.97263410
0.98378984
0.99025890
0.99567054
0.99716976
0.99306348
0.97712688
0.98255656
0.98725909
0.98609197
0.98969578
0.98507756
0.97393500
0.96119112
0.99365897
0.97077718
0.94461400
0.97826631
0.98682013
0.98906735
0.98851213
0.99047245
0.98503990
0.99059932
0.99856400
0.99386655
0.99659580
0.98992050
0.95623571
0.97141264
0.97729840
0.98334308
0.98728733
0.98505397
0.98838656
0.98865901
0.98203969
0.96808177
0.97894324
0.99114547
0.99041609
0.99850478
0.98946268
0.98868319
0.99413865
0.99364635
0.98718838
0.98291013
0.94974239
0.96526774
0.99444449
0.99680108
0.98735360
0.98852781
0.96087564
0.97866048
0.99294585
0.99516505
0.99714897
0.99362708
0.99763038
0.99911151
0.99194579
0.98855472
0.97366694
0.99415843
0.99278390
0.96873638
0.97582170
0.97513251
0.97864294
0.99734050
0.99542901
0.98495258
0.98956007
0.99423971
0.99222788
0.98149984
0.97082660
0.97701278
0.98835738
0.98774740
0.96299438
0.97803174
0.99540720
0.98147599
0.98607445
0.98036839
0.98914569
0.99350311
0.99611748
0.98888829
0.98288275
0.99826066
0.98216028
0.98826078
0.97198884
0.97205830
0.98188332
0.99735621
0.97214698
0.98313214
0.99663386
0.99000850
0.97445165
0.98781296
0.99533371
0.98287366
0.97696416
0.98425959
0.99338969
0.99583929
0.99924837
0.99129937
0.99223114
0.99345015
0.99078103
0.99192344
0.96723831
0.97382441
0.99648944
0.99190268
0.97577077
0.99655604
0.97544448
0.99456065
0.98798779
0.97460916
0.96628383
0.96107769
0.96711181
0.97835640
0.97266044
0.97322430
0.98448858
0.99765326
0.99790201
0.99461363
0.98904549
0.99153789
0.99229092
0.96117660
0.99343104
0.95535832
0.91541342
0.98586727
0.91964080
0.95177409
0.94290684
0.96886404
0.93769793
0.86147534
0.88007637
0.96621926
0.98531534
0.99960931
0.96465612
0.96122737
0.97603681
0.96895156
0.96959027
0.98587138
0.99366635
0.94361884
0.92462119
0.96165833
0.92808619
0.93301625
0.97735702
0.97434029
0.94517680
0.90502588
0.91120588
0.96464065
0.98928467
0.92167362
0.82079493
0.94425417
0.80521816
0.89661140
0.89103451
0.91454462
0.91441250
0.94161684
0.90130666
0.92380731
0.98857591
0.94607979
0.92962494
0.99527433
0.99891611
0.99176055
0.85805267
0.72400787
0.93091726
0.96694955
0.96559197
0.83130040
0.77850612
0.93505263
0.96006551
0.97598664
0.98632176
0.98344807
0.93780044
0.87715479
0.90714541
0.78732426
0.83382290
0.98128770
0.89872254
0.88515268
0.51020851
0.58123674
0.62937422
0.48938746
0.73655522
0.89774764
0.61447870
0.27672948
0.39093993
0.90077878
0.96102958
0.81363198
0.55740030
0.78487999
0.94407796
0.83588560
0.81735547
0.73415207
0.92896825
0.88564941
0.64748614
0.88484564
0.67966545
0.34465398
0.42480730
0.74910949
0.65307625
0.30841159
0.67980546
0.87679056
0.79481446
0.66120167
0.95038554
0.78710266
0.60991788
0.91667180
0.78614746
0.51267252
0.53929705
0.91975687
0.36406340
0.18811309
0.55603780
0.93617238
0.83662384
0.77142299
0.93420021
0.84948636
0.87530918
0.65030041
0.53439806
0.43222540
0.49035116
0.84039985
0.86841723
0.83385933
0.95207388
0.67970095
0.83669086
0.76033828
0.98801663
0.88726192
0.59699610
0.30139214
0.54386185
0.57464176
0.73905629
0.74569715
0.36857359
0.40189888
0.47496439
0.55851862
0.53775720
0.45626415
0.33753808
0.60769802
0.75012423
0.63634908
0.44779996
0.79097410
0.65540656
0.16832791
0.04573389
0.38658892
0.87816132
0.37438085
0.53122527
0.31056612
0.04115556
0.80420634
0.42942558
0.19809099
0.68330858
0.24226365
0.13541901
0.55930328
0.50933132
0.34584919
0.38777080
0.68751438
0.51837312
0.13719192
0.12565970
0.52381424
0.33222410
0.02440333
0.14614280
0.66983931
0.03105859
0.09881088
0.55013759
0.47615777
0.58351827
0.94858895
0.45759912
0.35599360
0.51916780
0.83667710
0.73505290
0.66802694
0.51127374
0.16151937
0.16093309
0.25428800
0.95476992
0.55395759
0.76171498
0.73641735
0.65731950
0.52635862
0.89100825
0.88063172
0.84577259
0.43520931
0.12001084
0.17159644
0.52698407
0.65299014
0.12782248
0.26290420
0.51699510
0.88541135
0.19070886
0.00622022
0.02598289
0.66022063
0.10075489
0.01749024
0.25384417
0.78384543
0.22860551
0.18941632
0.78469628
0.80614100
0.35492640
0.94092435
0.30580964
0.03884859
0.17994261
0.41544747
0.41171682
0.23343395
0.58875740
0.33175247
0.90504677
0.03546336
0.01073751
0.08380673
0.13789665
0.96890506
0.22200559
0.00369708
0.07307602
0.64069391
0.47575953
0.25846761
0.11772353
0.60578615
0.21686165
0.05857200
0.58953249
0.59462479
0.32054997
0.08600029
0.12624184
0.12914271
0.24322024
0.28112753
0.10066245
0.38408517
0.48050053
0.17043332
0.60331062
0.57233943
0.23043541
0.79016715
0.72599436
0.23110377
0.03579739
0.06896475
0.76241631
0.21154440
0.25509731
0.77396233
0.59700834
0.33653786
0.50805787
0.32350073
0.66037747
0.91563265
0.75551376
0.40298141
0.50029745
0.92106047
0.97398955
0.91870111
0.58778246
0.21227403
0.26902822
0.22362999
0.09142844
0.17132929
0.82810077
0.11135720
0.05270294
0.08377606
0.52761016
0.65594387
0.46993429
0.87735730
0.72770800
0.96065489
0.38666928
0.14077015
0.06690557
0.21217828
0.57558324
0.87276675
0.53813258
0.59204117
0.23732331
0.24537085
0.03967481
0.14132966
0.84838235
0.58125904
0.35037942
0.26805430
0.46731157
0.27801125
0.72802276
0.42961288
0.53791319
0.52701881
0.65362216
0.09068444
0.24452542
0.31136624
0.08481990
0.11798340
0.02142780
0.00878449
0.64653762
0.78006904
0.74362861
0.12252691
0.02994208
0.62593936
0.22056191
0.18421385
0.26754418
0.54678425
0.51201323
0.03379669
0.04159289
0.59712445
0.70327635
0.85044472
0.16391149
0.26919188
0.51902950
0.57371621
0.54202381
0.24161232
0.05086698
0.01312115
0.14103284
0.45393745
0.61464039
0.55227380
0.52700637
0.39403308
0.62424268
0.60565991
0.60135926
0.42047658
0.81785118
0.07968622
0.83000297
0.11291754
0.03368353
0.62834114
0.77027764
0.50429521
0.96046398
0.52875229
0.80205267
0.62188458
0.54048031
0.47363291
0.24696018
0.86612780
0.05404049
0.20724082
0.78044665
0.18013568
0.07336341
0.07769627
0.04461400
0.06575306
0.47399210
0.14035193
0.20175371
0.29311487
0.22832548
0.48153733
0.57973706
0.80912401
0.47319997
0.42046333
0.06521214
0.00342180
0.10642430
0.85673255
0.30386718
0.08592488
0.02754633
0.11053149
0.65468924
0.50501275
0.17265867
0.74972478
0.57752558
0.83006347
0.44673544
0.02241061
0.01052559
0.29205101
0.78321898
0.38658874
0.04633741
0.12616221
0.60768545
0.69724651
0.62385793
0.99167721
0.75800484
0.14510304
0.47866730
0.73207192
0.50396131
0.34741257
0.55662317
0.12219203
0.60027426
0.07732259
0.01282831
0.02830862
0.14238886
0.63276338
0.89847051
0.85429090
0.44976533
0.14830260
0.22921970
0.52658462
0.64402491
0.70393500
0.75496525
0.58702168
0.16987528
0.01950819
0.25439509
0.49564320
0.02853307
0.00774149
0.41684244
0.36438994
0.06691077
0.02988813
0.11878729
0.01317122
0.00017531
0.00415810
0.32292993
0.77424598
0.88560733
0.32675777
0.02558038
0.04823399
0.94803950
0.48484113
0.33550817
0.08685550
0.32339298
0.59359251
0.42198387
0.30879385
0.58483376
0.82188045
0.09520743
0.93051005
0.12589359
0.02544258
0.05263523
0.73163870
0.20527569
0.14882939
0.48843273
0.57635818
0.04262452
0.02929228
0.05751667
0.28615392
0.13230907
0.10701627
0.23921251
0.09387095
0.14344106
0.11819696
0.28055208
0.37760800
0.48067316
0.48410073
0.33513119
0.32163908
0.18755166
0.36603771
0.30690403
0.18551711
0.34141581
0.20020890
0.40751342
0.16300268
0.03887622
0.31514555
0.91069901
0.81417080
0.61339350
0.40014729
0.50556128
0.77835795
0.75592184
0.10912104
0.57941024
0.86941002
0.92363555
0.31822749
0.60365374
0.65785733
0.76384010
0.59945731
0.69620928
0.60194426
0.05093994
0.01000287
0.13896612
0.75655403
0.19220802
0.00567188
0.04535380
0.44226547
0.32666341
0.03190552
0.08657485
0.26215156
0.40723931
0.85717388
0.38635558
0.66374271
0.68632686
0.65467842
0.73100139
0.83421582
0.55950171
0.23832584
0.03653035
0.51207105
0.91152349
0.49283837
0.04029284
0.31160743
0.57613378
0.21585001
0.34529763
0.26000088
0.22745794
0.36094465
0.32264197
0.06056432
0.00130734
0.03172418
0.08731673
0.13493545
0.55867988
0.82824999
0.88683797
0.71835135
0.43563798
0.49251221
0.22237374
0.45835494
0.42189086
0.44221598
0.13598473
0.05910877
0.73947394
0.37557144
0.37509055
0.16774193
0.29205773
0.38380550
0.08854450
0.35174108
0.86348759
0.44984862
0.29084768
0.31531196
0.12836244
0.12642152
0.32145571
0.60998771
0.03996568
0.01057799
0.10047372
0.12798915
0.14336653
0.39346082
0.08894787
0.02403808
0.16580069
0.35500969
0.19287959
0.02000126
0.00263848
0.36288061
0.51580225
0.32869929
0.08023656
0.39792469
0.71854619
0.45221009
0.06092705
0.65060836
0.44805461
0.27451276
0.04036591
0.00784773
0.05533764
0.18573387
0.23761667
0.61069472
0.65283811
0.44417912
0.40685044
0.50552065
0.02523992
0.11849891
0.86456245
0.98296721
0.46547849
0.54081848
0.59987591
0.81221484
0.84433256
0.77116666
0.80481192
0.53084120
0.06304711
0.20743080
0.35513127
0.26016068
0.33362135
0.62081703
0.03687614
0.01305866
0.01141039
0.04697174
0.04560588
0.00060194
0.00017393
0.03896803
0.04669212
0.00006549
0.00831907
0.38056948
0.70042388
0.09181411
0.22517850
0.57301337
0.34081203
0.20475433
0.14728977
0.01786810
0.00083073
0.06560385
0.43658567
0.14307690
0.25063249
0.27532432
0.19534043
0.27658770
0.59950258
0.86964021
0.27724583
0.12677403
0.03542565
0.08415907
0.67908848
0.45288723
0.96564587
0.98542063
0.21216717
0.05512164
0.05110358
0.18192195
0.22351404
0.26671297
0.81555867
0.20071556
0.22078767
0.31627853
0.55119120
0.52459322
0.52252261
0.24735386
0.45368740
0.13178876
0.01535254
0.25398924
0.48064331
0.70415658
0.73741735
0.96719075
0.23225055
0.41903291
0.46208435
0.54221483
0.36212351
0.17489990
0.17854290
0.01920765
0.24026203
0.70220814
0.14330632
0.19984661
0.82445667
0.63492030
0.38940429
0.88803069
0.35827259
0.70052405
0.87272427
0.28807560
0.40695954
0.21066751
0.39721017
0.75978894
0.19681108
0.40020966
0.83823078
0.62465800
0.22430999
0.75115119
0.13206569
0.06181698
0.29526770
0.77365785
0.51883089
0.03242619
0.07384257
0.27577441
0.36391530
0.63017547
0.38367373
0.64427388
0.26765539
0.11368352
0.08788580
0.14146925
0.19184981
0.55941000
0.15167268
0.09715622
0.40492009
0.28232549
0.15778770
0.61637383
0.95132525
0.29427922
0.04302583
0.59607785
0.56279351
0.26893858
0.48264843
0.79833657
0.87443650
0.45863939
0.79967293
0.57951651
0.32920388
0.08757806
0.14426565
0.40235029
0.53731759
0.52234630
0.37190778
0.38232008
0.33321406
0.63691317
0.66190023
0.80760557
0.71078105
0.27881608
0.44308523
0.62043264
0.39851818
0.85119914
0.72525767
0.68671917
0.90012274
0.53859135
0.87161805
0.76279891
0.74559899
0.52726370
0.72816956
0.49980395
0.43834941
0.30587413
0.40825787
0.29668714
0.27943893
0.75828799
0.82338040
0.96792856
0.62047630
0.15137830
0.40449053
0.80527128
0.73796697
0.44968056
0.38939459
0.19912180
0.15684777
0.39353437
0.93693177
0.89779828
0.69899893
0.88680905
0.82146121
0.45721221
0.69199289
0.88377396
0.79872914
0.56754395
0.51645276
0.98034704
0.59113700
0.79107362
0.93568734
0.90351025
0.58546292
0.45357470
0.67528916
0.72701870
0.60324967
0.72012138
0.86614466
0.59533652
0.51411377
0.96430289
0.64970148
0.49785318
0.66098566
0.93169020
0.70859744
0.91163869
0.78206206
0.81008689
0.90062152
0.83738276
0.81160807
0.89106993
0.97334094
0.96641394
0.96614916
0.99224072
0.92926072
0.81237543
0.91865801
0.49288949
0.62103815
0.93527480
0.94474226
0.80640866
0.72558524
0.85254601
0.92472963
0.97231082
0.88691901
0.87693527
0.91066718
0.87090698
0.98412030
0.94584248
0.88700676
0.88574697
0.96484087
0.90919171
0.95164031
0.95453159
0.72062889
0.69776043
0.95125156
0.87138338
0.81991035
0.86879406
0.92250794
0.94858175
0.90995984
0.98439035
0.97834768
0.99702947
0.98795128
0.97530873
0.99193797
0.97474638
0.85498995
0.79702488
0.99220160
0.90154755
0.93016286
0.96992651
0.96208294
0.98631574
0.91503153
0.97684401
0.99535385
0.97068986
0.97516012
0.99632395
0.98472968
0.98716239
0.95864366
0.99315011
0.98607847
0.98271061
0.97983215
0.98524151
0.98744038
0.98811344
0.96921397
0.97939580
0.99173449
0.98580098
0.96474240
0.93972618
0.95814276
0.98025584
0.99197392
0.99801464
0.99722721
0.94596070
0.93002578
0.95478398
0.99107402
0.98144774
0.98896278
0.99272409
0.99631482
0.99486447
0.99919563
0.99982783
0.99089833
0.97838470
0.99466832
0.98788414
0.98526628
0.99286774
0.99283501
0.98787949
0.99448640
0.98295279
0.98870406
0.98534626
0.98533119
0.98081920
0.97222959
0.94871763
0.92765348
0.91680312
0.97027953
0.99448339
0.98033436
0.96712861
0.98623285
0.99807126
0.99146147
0.99361154
0.99536647
0.99871638
0.99927746
0.98662928
0.98174970
0.99112304
0.99740185
0.98961772
0.98552642
0.98134992
0.97147227
0.98285274
0.99838974
0.99240695
0.98806150
0.98901631
0.98546032
0.98726339
0.99420411
0.99625993
0.99043874
0.99382226
0.99206346
0.97988206
0.98645290
0.99422366
0.99631713
0.98380655
0.99325897
0.99519953
0.97622541
0.98810586
0.98068299
0.98818813
0.99272908
0.99620626
0.98904464
0.98125364
0.99394932
0.99821404
0.98980715
0.98090250
0.94944002
0.97559991
0.99084911
0.96423513
0.97545456
0.97377097
0.97875143
0.99771256
0.99654781
0.98808352
0.98542490
0.99095575
0.98500037
0.98592695
0.98946010
0.99108873
0.99758031
0.98771548
0.98565182
0.98881442
0.98994950
0.99781908
0.99484782
0.99658232
0.99988464
0.99089037
0.99687023
0.99861861
0.98735066
0.98763710
0.98624885
0.96917675
0.98344374
0.97453663
0.97381698
0.98811051
0.99263678
0.98581309
0.98046823
0.99766947
0.99725915
0.99127411
0.97415256
0.98978884
0.99113186
0.98852426
0.96564753
0.94387342
0.95692495
0.96048610
0.97325008
0.98845248
0.99975686
0.98706226
0.96888448
0.92000232
0.95509240
0.99774666
0.97418162
0.98077213
0.99047138
0.98905703
0.96935015
0.98183470
0.99163609
0.98178314
0.97803372
0.99378804
0.99508821
0.99913731
0.99057926
0.98994578
0.98627814
0.98495892
0.99327187
0.99186904
0.98487617
0.98042934
0.99240881
0.99630530
0.96706801
0.97772706
0.99168178
0.99112437
0.99524112
0.99436686
0.97438476
0.96081276
0.98836432
0.99742461
0.99837215
0.98374399
0.96282820
0.97955894
0.99065449
0.98056667
0.99378284
0.99073935
0.99121714
0.99631104
0.99607442
0.99539820
0.99396081
0.98842820
0.99553050
0.96672674
0.92541341
0.95165740
0.98697550
0.99592939
0.99146029
0.98598916
0.97983204
0.91000251
0.95170247
0.98524744
0.96258189
0.97802298
0.99256160
0.99540307
0.99582621
0.99673542
0.99980206
0.99119051
0.96767023
0.98665963
0.99680076
0.98417542
0.97916876
0.98797201
0.98600752
0.98412450
0.98444501
0.98665551
0.97708664
0.98334400
0.98716290
0.99115453
0.99689688
0.99571072
0.99380549
0.99547422
0.99718504
0.99010513
0.96660259
0.94261255
0.98799897
0.99638439
0.99055538
0.98985290
0.98561246
0.98335878
0.99137479
0.99278049
0.98024746
0.98444769
0.98562746
0.99587023
0.99513871
0.97576707
0.99309325
0.99681024
0.99439140
0.99590512
0.99123139
0.99892497
0.99030216
0.99811930
0.99085245
0.99724829
0.97545662
0.93550231
0.90935002
0.94784372
0.97106081
0.94541728
0.96388192
0.97851268
0.94115880
0.90840369
0.98525467
0.98684508
0.93691866
0.89263954
0.96778280
0.97978051
0.95647966
0.94150886
0.98151980
0.99160308
0.98757643
0.96541896
0.99055179
0.95835285
0.96077039
0.99447801
0.94154378
0.94802242
0.92659774
0.94465760
0.94960628
0.96149123
0.96425899
0.92247649
0.83663177
0.94176792
0.95812964
0.97804549
0.86332671
0.80251602
0.96426196
0.93309042
0.91663960
0.90417338
0.87877133
0.86049508
0.87473275
0.95756553
0.99279241
0.94177867
0.85010761
0.81825094
0.84237581
0.93677845
0.97237012
0.97821115
0.88598212
0.59535545
0.53864020
0.42386535
0.59064576
0.93621543
0.97796353
0.97886298
0.92313120
0.99631849
0.74087557
0.86437498
0.78656640
0.79770690
0.98273096
0.71059616
0.59751471
0.73832469
0.69740258
0.55847870
0.73494272
0.92934189
0.79810034
0.57725234
0.83671393
0.66610688
0.66596724
0.83391596
0.99741424
0.79186559
0.49043337
0.41287454
0.60903941
0.79193625
0.82878222
0.52036085
0.73770408
0.93373105
0.53855230
0.63564067
0.58678730
0.56680866
0.79425802
0.89363709
0.92018623
0.64784293
0.50488422
0.32125785
0.36908500
0.93985365
0.62286818
0.82874700
0.92169342
0.73186718
0.40520829
0.59761172
0.68478005
0.29520237
0.61524533
0.76973850
0.83124496
0.89324073
0.72281499
0.89591443
0.94256142
0.65998862
0.25380651
0.47674488
0.95291808
0.42222292
0.36255163
0.43577590
0.76862408
0.85405826
0.58425230
0.41736861
0.41587744
0.78874587
0.35725686
0.37540955
0.86906505
0.71411855
0.29905189
0.04208037
0.41007185
0.24418267
0.21632804
0.86142661
0.15087533
0.43968071
0.87453112
0.95951028
0.48674592
0.84132261
0.30580162
0.05292499
0.28400509
0.79329925
0.39458644
0.14086889
0.21103895
0.74810328
0.66180620
0.23251574
0.57790196
0.69359758
0.40325661
0.12133112
0.67740299
0.83875906
0.85911001
0.17715063
0.00508623
0.42247109
0.61977021
0.90891763
0.35298736
0.01418681
0.00289360
0.07954058
0.05477777
0.02789949
0.43381476
0.55771821
0.07527941
0.52774218
0.48947070
0.21812220
0.76103861
0.45454819
0.93163140
0.26241190
0.13509392
0.03988412
0.23714265
0.40253302
0.39742867
0.68294400
0.67819241
0.95152660
0.64321549
0.67135723
0.39559753
0.19699986
0.06558197
0.59099712
0.34666583
0.23833450
0.56622915
0.91254337
0.49120647
0.18514908
0.61896533
0.21137168
0.13419293
0.41037229
0.92086597
0.84289810
0.80437294
0.22578334
0.08257317
0.07424562
0.85693297
0.51165626
0.17306355
0.00097720
0.02977035
0.29912438
0.13332094
0.19828366
0.39448899
0.01657623
0.00166478
0.00647084
0.24852896
0.75670769
0.36657604
0.01326426
0.00002565
0.00153706
0.46493605
0.27385444
0.51012778
0.23590009
0.49109319
0.01213667
0.00110630
0.03937406
0.04407263
0.04503311
0.07463836
0.32461006
0.11046926
0.11852376
0.28696633
0.71283008
0.48727226
0.37113602
0.05556055
0.10561975
0.10032626
0.15706774
0.14627689
0.60048102
0.09288129
0.26802052
0.81390510
0.14217774
0.05709466
0.00317430
0.01865366
0.66017332
0.29753013
0.17215007
0.01287933
0.56007298
0.02171519
0.22663021
0.00011670
0.00020478
0.44037368
0.65451721
0.36925974
0.19113127
0.27376839
0.31488063
0.61169366
0.21047533
0.00547213
0.00171943
0.03788305
0.72886234
0.49597906
0.58859679
0.52298537
0.57167429
0.09176271
0.14031545
0.09729331
0.01328554
0.13788729
0.01591263
0.07468187
0.82619199
0.00363022
0.00025954
0.26549802
0.08943319
0.08142320
0.16012531
0.00006623
0.00123617
0.35980068
0.01053027
0.02074400
0.50071222
0.50281397
0.26667713
0.03088083
0.06957807
0.51654364
0.48960388
0.02561264
0.00000756
0.00000681
0.01142770
0.20560869
0.45587629
0.02696881
0.17828956
0.15898702
0.00219243
0.02212787
0.00070915
0.00011753
0.01384195
0.59152553
0.03554169
0.71666737
0.17323299
0.30866123
0.75220309
0.66375275
0.62451808
0.12373699
0.34092638
0.18741360
0.26943665
0.00000671
0.00000409
0.05721146
0.14792334
0.06122110
0.00015394
0.02003498
0.05548435
0.48144218
0.04480757
0.06979993
0.05643373
0.23055500
0.25965073
0.97254197
0.00221350
0.00032372
0.05086538
0.09508833
0.55767083
0.85502748
0.11486491
0.19513556
0.24757706
0.22761490
0.35672954
0.25329341
0.00046351
0.00000007
0.00075446
0.00450011
0.12420276
0.22497492
0.76001287
0.11216642
0.16482660
0.08025389
0.00038799
0.00018720
0.13595468
0.44637777
0.35439802
0.01173212
0.34732082
0.14791435
0.20919836
0.20064846
0.01377579
0.03205544
0.00664440
0.01261306
0.49633233
0.29535818
0.13255738
0.01020549
0.15032858
0.42413833
0.05396632
0.05877231
0.19307729
0.15977136
0.00215316
0.03015681
0.61866901
0.02263340
0.00137780
0.00000652
0.00041598
0.00141874
0.05669749
0.00926184
0.00896436
0.05555521
0.25265487
0.24169304
0.79947261
0.31275708
0.03215578
0.12375736
0.24708365
0.83972048
0.27203172
0.09714068
0.11399637
0.05730927
0.09853465
0.24111114
0.31218455
0.10397306
0.19384053
0.65803880
0.11696859
0.38177350
0.53392866
0.00746791
0.00140928
0.07793685
0.33627302
0.06548161
0.03563460
0.00305998
0.00465623
0.05455706
0.03816574
0.90403542
0.03248830
0.00313517
0.06604633
0.02810829
0.08705749
0.26058515
0.50389593
0.30347617
0.10155949
0.20626607
0.48593456
0.83723592
0.71681634
0.13279141
0.13545234
0.28708973
0.84830718
0.21254110
0.31814038
0.41204666
0.43968994
0.12122268
0.23442079
0.71158883
0.09070878
0.44704001
0.01884328
0.00054953
0.01636221
0.01270507
0.00026671
0.11842557
0.23853331
0.51145218
0.17675527
0.44751189
0.71388365
0.78952289
0.27830263
0.66352130
0.12273770
0.10394486
0.39514948
0.15523851
0.02206901
0.00287267
0.02641180
0.03095549
0.20546919
0.95086944
0.15783690
0.13182814
0.02090574
0.03382023
0.01357728
0.00808988
0.01641351
0.00272940
0.00006490
0.00075694
0.03512494
0.08071587
0.24762575
0.38323487
0.91418578
0.01827143
0.05468151
0.00073720
0.00002649
0.03258316
0.02958068
0.39955594
0.20902860
0.22038695
0.25467196
0.01980767
0.02355831
0.28486851
0.48484748
0.13702338
0.00461375
0.07737462
0.01770984
0.00004927
0.43868059
0.05917531
0.17528813
0.04632096
0.04359867
0.10311568
0.34338046
0.62702991
0.26882966
0.36079678
0.04698541
0.50312676
0.21959518
0.01306714
0.00311711
0.00347966
0.11849505
0.00030466
0.00360167
0.01379960
0.00262266
0.00710644
0.79880875
0.15470828
0.70087655
0.11621350
0.13780446
0.09613755
0.06504186
0.00783176
0.10286855
0.20961798
0.30159709
0.20655698
0.01019780
0.11648893
0.01564614
0.01431832
0.25274899
0.10708184
0.59513335
0.75656970
0.64665775
0.01530202
0.00046922
0.00136963
0.15099182
0.13189366
0.06731938
0.02396736
0.27228977
0.00540233
0.00678296
0.05551479
0.35138177
0.20976969
0.00024940
0.00007446
0.02839063
0.00860978
0.05350710
0.14771252
0.00926194
0.05683737
0.01174441
0.00097579
0.00377052
0.00001255
0.00114238
0.00271806
0.25567214
0.42835671
0.00623205
0.00000201
0.00000548
0.00000132
0.01588090
0.16050777
0.06828547
0.40681936
0.40155970
0.21175738
0.06368198
0.01248311
0.08190442
0.14805275
0.00025803
0.09880107
0.22234700
0.00004729
0.00042603
0.39218100
0.68069870
0.43358959
0.15105724
0.07572701
0.00900347
0.00562193
0.10708860
0.08699966
0.01514211
0.02294881
0.10906188
0.51088153
0.00215619
0.00676324
0.25603635
0.07655131
0.00003514
0.00003901
0.26221093
0.00414112
0.06808657
0.01767826
0.08116683
0.07449902
0.07447614
0.00224940
0.00804002
0.09286071
0.19478375
0.00005100
0.00249051
0.01853993
0.01087977
0.00037033
0.00179261
0.34916166
0.27242714
0.18998441
0.20443829
0.58056935
0.33349735
0.05074266
0.03085002
0.07719699
0.04911213
0.14049487
0.10959772
0.01281616
0.00226191
0.01940729
0.09035773
0.04715023
0.34228210
0.09171031
0.54219217
0.20343802
0.31439707
0.24706577
0.11152648
0.05462927
0.05108774
0.04765172
0.14110875
0.17194357
0.86880735
0.10076329
0.00361034
0.06689939
0.32685731
0.09679979
0.00018406
0.00500450
0.23675604
0.31287899
0.31057450
0.01326672
0.03334528
0.07035222
0.07663312
0.03734600
0.00005228
0.00000013
0.00117481
0.40451208
0.04295955
0.00003907
0.00039703
0.07213365
0.16447432
0.42466211
0.20580555
0.02970725
0.20698181
0.46048563
0.51150314
0.65520316
0.20924525
0.61082939
0.31636080
0.00080765
0.00428315
0.05982821
0.12159379
0.13738950
0.45545497
0.75629137
0.00951450
0.02548435
0.04507934
0.05299509
0.11797343
0.18230748
0.07659996
0.20680197
0.01138202
0.00636256
0.00081598
0.00507388
0.05270713
0.00372053
0.00003801
0.00007907
0.00086086
0.00615551
0.54938997
0.04694080
0.00604226
0.00014895
0.00000999
0.01577706
0.05028693
0.00284539
0.01077891
0.17558454
0.46385990
0.81446405
0.16819639
0.40388476
0.28633017
0.35421248
0.38577446
0.28128863
0.23558744
0.10785856
0.13022852
0.27077798
0.58145447
0.19090784
0.11662377
0.23696330
0.15556518
0.02306584
0.00112489
0.01453185
0.13205766
0.02560981
0.08511185
0.07115035
0.00467028
0.00002146
0.00016548
0.00442202
0.00611798
0.10581103
0.54576503
0.00264677
0.00477252
0.00157942
0.00225710
0.00345577
0.00067204
0.23380368
0.03046494
0.10872146
0.58705202
0.44911964
0.00835426
0.00110315
0.09971936
0.08242733
0.00244731
0.03377267
0.08393770
0.72326192
0.26979843
0.46081901
0.44474879
0.97255186
0.76424863
0.23781628
0.31541137
0.48439426
0.15962610
0.32472763
0.15350196
0.34079545
0.25742276
0.00000467
0.00099825
0.03048792
0.01935252
0.07797498
0.01604135
0.10065937
0.69765368
0.44241889
0.83678875
0.58697429
0.07141963
0.01082274
0.00000095
0.00000007
0.00180544
0.24325893
0.11611678
0.04578215
0.32361349
0.02775880
0.00129255
0.00360070
0.37502752
0.32627662
0.60081358
0.03792261
0.02818191
0.01300377
0.20013140
0.33453231
0.07205401
0.49618920
0.03679906
0.06174708
0.37960108
0.72175766
0.42614000
0.02946766
0.00148741
0.03221724
0.61571977
0.42240632
0.11114155
0.22169849
0.59719375
0.69993125
0.07231789
0.00002997
0.00831136
0.27744031
0.41667694
0.81983021
0.38988059
0.40600417
0.44832296
0.61890926
0.38272165
0.33566663
0.33030933
0.00467401
0.00023077
0.10575049
0.03265570
0.00102948
0.00268236
0.01395299
0.19018067
0.12165291
0.08554994
0.08467327
0.00005978
0.01311348
0.02399664
0.00787990
0.00026393
0.07506114
0.88873449
0.25752772
0.13832652
0.05249691
0.21745860
0.15911503
0.23088862
0.22977981
0.65065347
0.31107206
0.01614928
0.18337944
0.26464121
0.86561963
0.18770222
0.00856476
0.04445616
0.34817283
0.63307030
0.22405918
0.35195455
0.85011310
0.44969357
0.48812450
0.74641016
0.14110622
0.09320674
0.69585714
0.27798096
0.03956178
0.01863411
0.02304158
0.06080242
0.00190179
0.00032030
0.27601097
0.27340091
0.05075598
0.12920065
0.08324298
0.12296009
0.04507858
0.00108416
0.00108870
0.00947253
0.54686762
0.23896277
0.24179962
0.17394932
0.11062101
0.02322902
0.01156196
0.00724484
0.55536204
0.00912911
0.02301638
0.69784391
0.12433135
0.05330768
0.03466106
0.08075735
0.01319321
0.07496385
0.14253921
0.23695719
0.04495165
0.00579189
0.14007174
0.00355978
0.02522641
0.22828029
0.76817463
0.66873290
0.29038774
0.59190534
0.75957320
0.86032158
0.41073659
0.06150087
0.74445600
0.17331477
0.00231521
0.00364796
0.00518481
0.09637066
0.32041746
0.12626236
0.10136850
0.04199744
0.14696478
0.00128988
0.06119877
0.06890809
0.55298920
0.00018116
0.00253301
0.37631262
0.01378257
0.04289247
0.11806680
0.00090339
0.17967071
0.09375742
0.03487717
0.00667474
0.51063747
0.27008808
0.58537021
0.35619389
0.39338002
0.12936720
0.01952670
0.27333676
0.82883278
0.17614780
0.48873246
0.00901689
0.00000446
0.05801999
0.08403588
0.35422778
0.01132822
0.00019194
0.04536485
0.02740605
0.00018190
0.00748752
0.47992584
0.00867146
0.00952039
0.06801161
0.29456064
0.46285376
0.44400864
0.17584299
0.07712036
0.07075335
0.24578689
0.04950444
0.07936412
0.00614593
0.02912783
0.31340698
0.20938530
0.45571035
0.49673686
0.05719328
0.05784374
0.22390088
0.15257562
0.38666568
0.41154020
0.07502848
0.26812436
0.22361213
0.01675183
0.00922039
0.02170530
0.62003750
0.04495741
0.08947452
0.41639533
0.41949254
0.05204640
0.35240779
0.13337225
0.19822517
0.19021540
0.04390867
0.13220911
0.59194219
0.96055401
0.35182200
0.56643859
0.54136821
0.43129756
0.47055963
0.52053692
0.68839470
0.19290324
0.25904421
0.54764000
0.40492963
0.09395991
0.45761561
0.40191155
0.60500961
0.32280856
0.30580180
0.27486600
0.52701567
0.62006247
0.80212805
0.55882592
0.65672430
0.86672612
0.65550211
0.43259613
0.31828245
0.21826096
0.06848433
0.09869898
0.28856553
0.22980672
0.30163732
0.70532152
0.75913670
0.34391830
0.10507449
0.02376944
0.45169137
0.41626872
0.37706743
0.04512019
0.03210139
0.05800273
0.51068146
0.50195327
0.89276497
0.21261428
0.00249109
0.09810824
0.51912657
0.12881586
0.18181835
0.77027088
0.43235837
0.28458659
0.98182591
0.45896053
0.36185868
0.44677562
0.82846727
0.24466989
0.01695981
0.06446650
0.30250616
0.18542173
0.22059549
0.45115627
0.69789582
0.44236599
0.38779157
0.86401066
0.56725786
0.20126324
0.68418385
0.56689190
0.86919253
0.51738588
0.79750700
0.91469975
0.72801025
0.59631783
0.54552278
0.65976318
0.22063252
0.43746585
0.09489223
0.23673889
0.78326273
0.45315269
0.26579887
0.28875396
0.30006459
0.86711931
0.77744302
0.72506991
0.86406889
0.91961022
0.78460641
0.31324269
0.79314332
0.89773018
0.87091237
0.59292959
0.69839024
0.70174741
0.96134912
0.97450284
0.85315424
0.78574919
0.95225116
0.53538307
0.69176936
0.77891873
0.52044100
0.36740649
0.52120341
0.76035516
0.66925707
0.52232457
0.82481935
0.91771853
0.89716446
0.83665707
0.63056731
0.70006381
0.99527231
0.84584155
0.73183190
0.84734008
0.78273839
0.57269322
0.71260764
0.55357872
0.74088518
0.89851167
0.78341347
0.63119144
0.83040389
0.87773762
0.82133641
0.99032594
0.96750499
0.98033670
0.88958255
0.97915249
0.90478785
0.90924772
0.86594705
0.93764176
0.88556833
0.93793650
0.93409523
0.89104029
0.86619249
0.87778524
0.81541367
0.95684420
0.94112783
0.89439611
0.80834719
0.88352357
0.84284229
0.87905932
0.79749271
0.75753619
0.70469512
0.80273574
0.93610931
0.95054173
0.92994377
0.92925835
0.94558323
0.96104207
0.92545382
0.89126844
0.87206705
0.92247175
0.99501139
0.96386421
0.98335340
0.93068598
0.93558271
0.95380045
0.99000391
0.99175442
0.97425042
0.99560925
0.96686218
0.97834622
0.95293307
0.97115956
0.97120194
0.97036397
0.96882204
0.97454380
0.91044095
0.92339373
0.91071606
0.93443776
0.99310216
0.99048486
0.97724840
0.98261872
0.92711201
0.95902926
0.97836119
0.98015469
0.95730165
0.96706695
0.95563965
0.93173047
0.98784797
0.96658480
0.98495388
0.99880542
0.99222231
0.98494491
0.97110459
0.98188626
0.99250506
0.99660573
0.98954371
0.98610316
0.99333819
0.99728038
0.99699381
0.99830980
0.99243464
0.99436119
0.98075773
0.96458436
0.97886274
0.99544834
0.98890934
0.99274359
0.99862341
0.99023086
0.98870515
0.99379101
0.98900884
0.99086873
0.93833016
0.95288816
0.98931970
0.98084713
0.98094640
0.99092105
0.98554089
0.99103701
0.97251989
0.99774382
0.97976024
0.98875127
0.99283616
0.98946834
0.99419155
0.98900209
0.97606839
0.97470926
0.98133586
0.98353274
0.98125497
0.97950297
0.98121315
0.96315496
0.97814778
0.98676275
0.99200670
0.98962433
0.98797653
0.99140243
0.98484387
0.96847376
0.98877209
0.99575187
0.98529355
0.99729911
0.99378598
0.98474980
0.99609388
0.99791607
0.99714714
0.99049331
0.97850227
0.99213427
0.99199072
0.99708019
0.99561495
0.98865752
0.99142992
0.99468975
0.97605784
0.96996931
0.98705710
0.98860082
0.99583419
0.99510177
0.99383899
0.99818194
0.99564935
0.98662921
0.99323192
0.99828856
0.96602894
0.97100163
0.99574391
0.97004935
0.99611793
0.98484003
0.98272130
0.99875241
0.99072725
0.98334199
0.99153566
0.99274970
0.99602328
0.99147874
0.97187574
0.95582576
0.99014732
0.99250650
0.99166513
0.98233681
0.98121636
0.99540548
0.98893206
0.98328855
0.98755429
0.99536055
0.98491715
0.96006405
0.98669434
0.98748328
0.98271476
0.99446672
0.99103931
0.99430829
0.99280873
0.96630805
0.97330078
0.98925115
0.97756701
0.96481812
0.93634890
0.93540993
0.96729957
0.99846684
0.99468604
0.99235390
0.99791143
0.99443676
0.97276467
0.95737125
0.99551991
0.99614995
0.99549992
0.99332909
0.99033834
0.99042213
0.98936900
0.99327787
0.99382023
0.98863071
0.98395165
0.98464889
0.96059576
0.96857992
0.99854307
0.99831093
0.98852609
0.99190737
0.99706078
0.99876135
0.99508183
0.98298237
0.98955773
0.99242131
0.99953283
0.98547146
0.96508459
0.99433160
0.98407651
0.98396856
0.99061315
0.99044789
0.98440822
0.98831589
0.99800006
0.99920884
0.99761663
0.98583421
0.99366261
0.98466651
0.99651818
0.99867993
0.99641576
0.99833564
0.98341317
0.94445003
0.97184389
0.99123166
0.97593361
0.97427384
0.98978454
0.98606444
0.99412841
0.97779248
0.97957437
0.99472072
0.98108795
0.99125309
0.99484282
0.97525579
0.97267599
0.99743773
0.99813264
0.99738777
0.99995581
0.99784655
0.99927024
0.99847392
0.99729208
0.99239141
0.99690874
0.99821196
0.98655909
0.99253029
0.99524044
0.98141251
0.98804880
0.98166664
0.99316298
0.98111888
0.97376659
0.99018345
0.98880824
0.97175291
0.97178558
0.98929139
0.97449436
0.97665893
0.97730467
0.98087612
0.99472914
0.99401979
0.97557703
0.97995481
0.98546122
0.98446889
0.99624242
0.99575296
0.99732992
0.99096190
0.99345264
0.99661258
0.98046348
0.95336743
0.96842772
0.99342018
0.99578705
0.99238727
0.98952970
0.98756492
0.99329392
0.99493916
0.99181501
0.99938422
0.99836037
0.98146220
0.93481596
0.96876254
0.99857813
0.97648124
0.99295178
0.99619282
0.99147241
0.99662522
0.99550893
0.98373139
0.96549618
0.99199151
0.99142662
0.99103712
0.99647195
0.98782174
0.98213617
0.99290520
0.99664929
0.99858632
0.99061425
0.99401888
0.99771851
0.99777806
0.99628866
0.99823901
0.99884267
0.99761107
0.98979259
0.98855901
0.99768384
0.99963088
0.98674541
0.98129676
0.97876632
0.98766782
0.99185817
0.98135421
0.98568337
0.99730072
0.98336696
0.97887823
0.98944689
0.99281369
0.97904012
0.97712677
0.98042612
0.99499264
0.98535263
0.98537270
0.99191276
0.99573577
0.99003409
0.96245759
0.98270094
0.97466612
0.96187878
0.99623376
0.98928328
0.95216507
0.94655450
0.96408018
0.92790241
0.90909479
0.98712475
0.98570634
0.99003369
0.95307164
0.93290483
0.93227786
0.92251557
0.92242760
0.98358613
0.99791349
0.97401653
0.93750553
0.95107071
0.94202333
0.91994784
0.94960497
0.96825269
0.96595157
0.98228277
0.99431614
0.97635426
0.89692434
0.92807863
0.96918706
0.77579716
0.74429180
0.96827711
0.92951114
0.97129473
0.96076856
0.88648992
0.81628367
0.82952703
0.61736644
0.67821904
0.95231193
0.97937009
0.98302108
0.84674852
0.88897772
0.97256749
0.94094176
0.97313457
0.90069455
0.90358017
0.74383376
0.90689176
0.94405173
0.94972795
0.94130206
0.98827968
0.65030966
0.59408169
0.71490412
0.70735134
0.80330108
0.97271086
0.68612122
0.56652896
0.56448306
0.60652687
0.80073002
0.80115406
0.89553477
0.73337193
0.65304435
0.55516322
0.41345029
0.33884608
0.47608374
0.70765793
0.97528643
0.49528628
0.31545526
0.63541324
0.87455601
0.95503233
0.88448032
0.70864980
0.70667615
0.67553022
0.23401006
0.21809177
0.47372355
0.83114167
0.63960058
0.42480007
0.43933278
0.69418509
0.78744037
0.61151534
0.86615174
0.96418242
0.98614617
0.72904859
0.71705049
0.09669099
0.11302948
0.47529254
0.69170810
0.58951508
0.72260991
0.75582437
0.99362485
0.66645816
0.65245657
0.79930738
0.98335535
0.83483122
0.41783364
0.27869339
0.44545968
0.64504305
0.76806443
0.68880175
0.27100967
0.14257830
0.09557478
0.43737846
0.83714854
0.45952432
0.75355787
0.08796977
0.23108037
0.10352259
0.01729509
0.01855423
0.14135749
0.49838450
0.35658415
0.28060238
0.05115293
0.00412755
0.00088765
0.00489391
0.01052797
0.05504162
0.28323575
0.25702657
0.22966521
0.52319491
0.76949770
0.40994259
0.39493877
0.06764995
0.10349699
0.36063996
0.38212240
0.81845401
0.88857041
0.15490247
0.04581861
0.21995353
0.27230732
0.12806632
0.11750429
0.53257826
0.72029725
0.29624853
0.03148855
0.02065861
0.46999884
0.37563902
0.06103380
0.11112622
0.00516042
0.14066692
0.67566086
0.21808581
0.14959928
0.03420437
0.52694274
0.41106551
0.62286321
0.26731375
0.24231730
0.19345583
0.01377045
0.22795808
0.15824460
0.12464721
0.00886526
0.11750675
0.33716974
0.75739125
0.53733636
0.59353446
0.52520863
0.58830523
0.00930856
0.05932925
0.59693476
0.76426577
0.23394373
0.02300723
0.08979819
0.16908667
0.39086184
0.72735101
0.87927031
0.13573828
0.01242254
0.04650844
0.05743895
0.22459269
0.59470182
0.88322439
0.62787327
0.76560371
0.09177066
0.21641726
0.20086635
0.73242880
0.75457130
0.06840568
0.35677384
0.21347210
0.06551457
0.03141796
0.08630840
0.10377733
0.05880161
0.46083231
0.81943141
0.63714864
0.57776899
0.30106391
0.12210562
0.32601135
0.81375771
0.43027510
0.49703285
0.01346310
0.00430645
0.02904194
0.38609756
0.32117453
0.52692969
0.09303551
0.02878496
0.10779681
0.24622144
0.23879122
0.07376652
0.02882163
0.00994770
0.00626219
0.53911706
0.93026953
0.11363846
0.00833160
0.02698389
0.09835681
0.36922328
0.18610862
0.00384359
0.00019465
0.00044201
0.18746324
0.29226614
0.07930094
0.47831058
0.40302138
0.27033902
0.39220207
0.12581167
0.01063198
0.00553686
0.00735480
0.14117015
0.53085362
0.52721049
0.60038020
0.12663399
0.46733157
0.41710176
0.35573355
0.90110435
0.53784650
0.77489259
0.13801396
0.01966003
0.16476574
0.74319178
0.26950242
0.15333429
0.20041608
0.22974095
0.12384769
0.00316058
0.00690352
0.07140319
0.04083463
0.11021184
0.90254206
0.30738402
0.27793179
0.54680442
0.19459772
0.00665945
0.03377608
0.09532704
0.07458741
0.74297462
0.50360455
0.28677737
0.07189988
0.22251795
0.42359379
0.23831876
0.08580584
0.10034656
0.00562294
0.00032528
0.00003765
0.00376671
0.25321798
0.71514188
0.42659550
0.00005574
0.00056647
0.19177071
0.02678579
0.06901085
0.01549124
0.09423216
0.39478894
0.84862748
0.04766119
0.01025787
0.30312173
0.24002236
0.14919678
0.14480231
0.18552522
0.03616044
0.02860495
0.00580638
0.67233142
0.31949858
0.87472198
0.23126344
0.24098520
0.04666024
0.03944882
0.07593418
0.05810964
0.04152122
0.01356810
0.01256468
0.03781385
0.12461401
0.25509741
0.16287259
0.71956837
0.55930428
0.15096078
0.00654533
0.24830711
0.18503406
0.02582783
0.08965525
0.20405315
0.15182759
0.15234302
0.72468164
0.60234020
0.05035688
0.28447455
0.45212862
0.86561441
0.00814974
0.00035705
0.14830772
0.06752249
0.07067502
0.00268632
0.01417369
0.02332493
0.63311163
0.27231545
0.01494275
0.05463824
0.38052210
0.25106339
0.23899809
0.02634736
0.00228476
0.04580666
0.87191476
0.49667363
0.71113841
0.24943865
0.16596528
0.19179923
0.80650439
0.65046793
0.30993746
0.30457584
0.14433097
0.18109868
0.02011145
0.00180405
0.09864188
0.36790043
0.02339382
0.00384096
0.00791089
0.00150706
0.00083893
0.02686921
0.07760257
0.08941081
0.36860731
0.22546646
0.46685595
0.00952741
0.05841271
0.55390624
0.12328004
0.23734118
0.57058308
0.34322870
0.28929119
0.18978078
0.27921705
0.21348991
0.04528913
0.51769796
0.11562779
0.00064132
0.00049848
0.08779612
0.11819031
0.00893615
0.19691742
0.47244622
0.51951471
0.74626203
0.43193471
0.41663214
0.32082324
0.39656930
0.10004278
0.33321755
0.26444889
0.72435474
0.26956477
0.55016273
0.70662097
0.09350043
0.12985584
0.14910521
0.05836304
0.03748731
0.24721784
0.00495735
0.00205699
0.15431611
0.71052896
0.67081068
0.19901016
0.26282149
0.14443379
0.25344774
0.10237973
0.02512275
0.05338109
0.56481981
0.07927827
0.58700545
0.09376292
0.43543107
0.11258698
0.00162643
0.07373951
0.86349320
0.61032625
0.92184871
0.04653572
0.00347843
0.05454613
0.49869698
0.39347752
0.04536569
0.08596569
0.22090782
0.33589106
0.19490915
0.00057745
0.00013023
0.06989131
0.75520684
0.52267790
0.28669813
0.20440156
0.16283918
0.10284074
0.00073054
0.02624849
0.00290820
0.00166346
0.04933395
0.46922341
0.32362603
0.30970988
0.14482837
0.06834447
0.05063579
0.02259868
0.04905176
0.27760051
0.12209226
0.17647197
0.79074812
0.48936237
0.40575813
0.03710712
0.02567997
0.19994759
0.03038546
0.04358742
0.63259732
0.48726946
0.23055686
0.24662996
0.04481665
0.01915182
0.16794947
0.32058562
0.00241023
0.00031356
0.21745732
0.14222237
0.01392744
0.00038743
0.00875897
0.13636984
0.13391733
0.96967435
0.36024252
0.34218000
0.44122801
0.35985898
0.82154421
0.00730360
0.00574870
0.17105688
0.85949040
0.07610217
0.09282930
0.64941406
0.56877286
0.21609639
0.07565699
0.00328169
0.04553278
0.41238617
0.31971587
0.28186986
0.37785482
0.95977193
0.45140545
0.39425086
0.29171384
0.23880180
0.41058017
0.93372646
0.05471675
0.01490865
0.34115199
0.59069690
0.55773872
0.18620149
0.02159467
0.00443816
0.03163759
0.39491495
0.42621287
0.82177902
0.37539887
0.30466872
0.67325045
0.75981064
0.10748108
0.27763988
0.30921225
0.81431296
0.76532963
0.71498995
0.13187496
0.53819190
0.68334059
0.22910345
0.02088949
0.04007858
0.35393234
0.44250818
0.90451999
0.28657704
0.19868647
0.05391604
0.21985839
0.80847785
0.47523023
0.85491291
0.16850339
0.35185833
0.87908538
0.79270189
0.74789824
0.69065739
0.21983091
0.25143141
0.18891975
0.30091005
0.90237203
0.90326951
0.92091819
0.64931555
0.79739075
0.62260058
0.31641058
0.41586742
0.62619857
0.72416751
0.41552364
0.87721762
0.93724900
0.75444054
0.66693382
0.33495215
0.63062734
0.67881920
0.37748692
0.78839917
0.27925356
0.06254755
0.42794089
0.72966132
0.44791708
0.72126555
0.92613289
0.65155924
0.56387669
0.89280174
0.92837128
0.65150581
0.50122483
0.81734473
0.79662083
0.92809265
0.65891805
0.66569374
0.81544925
0.68863120
0.71202706
0.78272343
0.76605013
0.70905715
0.70661514
0.87636547
0.94175511
0.86567628
0.88245971
0.83755685
0.68366365
0.90282961
0.94460638
0.95637133
0.86096266
0.84108862
0.89781522
0.87608044
0.80481592
0.44468735
0.72598005
0.95257862
0.81168823
0.86679857
0.89391379
0.97400135
0.91329728
0.81051993
0.86873480
0.92566362
0.98467230
0.93386953
0.92129017
0.98482876
0.84082301
0.71908050
0.83394408
0.96153492
0.81327659
0.84775480
0.82116700
0.84713927
0.93293244
0.96937285
0.98327810
0.95757303
0.94062888
0.92107586
0.97529576
0.96559744
0.99601223
0.99350225
0.97131869
0.99813884
0.95668590
0.89941684
0.90371470
0.91844495
0.91718325
0.91316913
0.97454702
0.96178552
0.90999403
0.97952868
0.98401829
0.98241803
0.96769610
0.94126147
0.93246410
0.94744063
0.98111114
0.95194191
0.96123340
0.99934571
0.99206668
0.92190314
0.92370748
0.96383417
0.95456203
0.95349415
0.95138149
0.98558715
0.98839358
0.96781569
0.96976397
0.98033902
0.98906346
0.97670822
0.96959545
0.98030850
0.99482610
0.99518877
0.98960525
0.98750312
0.99304247
0.94665303
0.92959991
0.97116103
0.99172063
0.99039036
0.99272855
0.99828137
0.99422036
0.98338619
0.98327441
0.98891964
0.99299081
0.99242090
0.98791215
0.99202896
0.98380901
0.99383899
0.98979969
0.98338735
0.97918485
0.96970458
0.98711961
0.99546020
0.98223897
0.98387418
0.99441286
0.99308629
0.99345246
0.96145935
0.98418150
0.99812026
0.99446342
0.98401612
0.99001046
0.98749324
0.98450750
0.99266696
0.99756878
0.97686525
0.95699543
0.97932715
0.98232369
0.94357027
0.94345649
0.99340365
0.99640801
0.99073724
0.97584537
0.98003064
0.99384521
0.99341735
0.97533759
0.97403583
0.98934646
0.97894340
0.99379102
0.99791126
0.98955336
0.96695133
0.98097041
0.98166406
0.98930913
0.99829520
0.99663016
0.99628177
0.99232301
0.98593291
0.97089445
0.97521930
0.99011270
0.99965449
0.98974385
0.98673914
0.99641841
0.98180809
0.96437464
0.95784975
0.96842369
0.98359797
0.98779631
0.99571174
0.99723095
0.98908573
0.99755014
0.99035814
0.98218333
0.98692814
0.98679555
0.99226672
0.98669638
0.98825629
0.98911240
0.99723426
0.99770590
0.99687794
0.99092264
0.98473654
0.99373967
0.98798989
0.99150568
0.98987198
0.99503692
0.99465601
0.99148805
0.99496908
0.97964034
0.98989368
0.98033751
0.98397325
0.99613212
0.99696262
0.99565368
0.98123212
0.97886695
0.99182067
0.99472528
0.98862506
0.98721276
0.99515768
0.99749169
0.99765751
0.99400678
0.98781285
0.99313820
0.99509968
0.99286941
0.98790613
0.98490396
0.99552756
0.99728619
0.96807930
0.96877822
0.99843902
0.99356567
0.99522308
0.97759709
0.98888844
0.99910760
0.99082554
0.98044280
0.97226337
0.95879932
0.96133817
0.99294144
0.99385455
0.98975914
0.99383796
0.97956406
0.98968502
0.98972391
0.98174960
0.97908999
0.99752487
0.99478415
0.99589899
0.99285306
0.95716064
0.96275216
0.99850044
0.99937311
0.99178451
0.98851330
0.99056426
0.97331760
0.97224539
0.99367881
0.96114667
0.98229947
0.99299509
0.98642851
0.99605843
0.99941022
0.99755443
0.98520034
0.99614821
0.99560756
0.98247458
0.97676505
0.95506465
0.97095619
0.99586483
0.99648389
0.99165753
0.98933554
0.99523546
0.96633053
0.98103064
0.99923260
0.99376564
0.97681721
0.99230179
0.99160669
0.98075106
0.95966729
0.95815847
0.98998649
0.98884704
0.98656372
0.98645642
0.99670285
0.99525802
0.97056892
0.93574629
0.94940360
0.99307932
0.99778930
0.99183605
0.98834475
0.99159214
0.99836689
0.99505056
0.98219183
0.97887249
0.97979056
0.97515643
0.97786099
0.97964432
0.97200525
0.96481391
0.98337127
0.99289103
0.99029157
0.99813345
0.99165520
0.99694989
0.99202357
0.96054350
0.96704333
0.98532829
0.97306068
0.99153735
0.99679058
0.99692366
0.99434239
0.99329784
0.99681774
0.99857795
0.99005708
0.97917281
0.99374008
0.98616236
0.98490070
0.99697465
0.99635021
0.98493722
0.99415942
0.99531371
0.99291066
0.99151000
0.99130449
0.99709989
0.98473012
