1.00000000
0.99796515
0.99437018
0.99382331
0.99879758
0.99603213
0.99520025
0.99824907
0.99500690
0.99372517
0.99856135
0.99957550
0.99751378
0.99836043
0.99912837
0.99926711
0.99961416
0.99919367
0.99818615
0.99673374
0.99910579
0.99975613
0.99896061
0.99778984
0.99825896
0.99976519
0.99600830
0.99886224
0.99950797
0.99903415
0.99878362
0.99717495
0.99670480
0.99591766
0.99736799
0.99966772
0.99762737
0.99833751
0.99921961
0.99919674
0.99656042
0.99346435
0.99312079
0.99644052
0.99948448
0.99921563
0.99783613
0.99629587
0.99436227
0.99461701
0.99699335
0.99583031
0.99878513
0.99976532
0.99895780
0.99664747
0.99793733
0.99880426
0.99929972
0.99639791
0.99692082
0.99283215
0.99761317
0.99195562
0.99165824
0.98945589
0.98949343
0.99032118
0.99400094
0.99309188
0.98965855
0.99031092
0.99054171
0.99088850
0.99294779
0.99452933
0.99472237
0.99427188
0.98859699
0.99251279
0.99193479
0.99419786
0.99525147
0.99563611
0.99611409
0.99327246
0.99326678
0.99343050
0.99255041
0.99468599
0.99510113
0.99598180
0.99485675
0.99429609
0.99223253
0.99353399
0.99176987
0.98904472
0.99243654
0.99220789
0.99156343
0.98711080
0.98585167
0.99065726
0.99220408
0.99277459
0.99346067
0.99260703
0.99227651
0.99136529
0.98915485
0.98927574
0.99244125
0.99098761
0.99317465
0.99153121
0.99231055
0.99091185
0.99428225
0.99097869
0.98869825
0.98643189
0.98947946
0.98973481
0.98086923
0.98289527
0.97995091
0.97783252
0.97204871
0.97073380
0.96803959
0.97696037
0.97806548
0.97166345
0.97623291
0.98273927
0.98548169
0.98444049
0.98493502
0.98787079
0.99209935
0.99408189
0.99232460
0.99047649
0.98978717
0.99158949
0.99119018
0.98438721
0.98548436
0.98845721
0.98883158
0.99159756
0.99325937
0.99561671
0.99568604
0.99527978
0.99489438
0.99056416
0.99236016
0.99547350
0.99503323
0.99552566
0.99241596
0.99243434
0.99350471
0.99086905
0.99079891
0.99329672
0.99202130
0.99085617
0.98320102
0.98799841
0.98941416
0.99099627
0.98973704
0.99049313
0.99092626
0.98925905
0.98952079
0.98941695
0.98909747
0.98800235
0.98898085
0.98697278
0.98341173
0.98465154
0.98462831
0.98669091
0.98914909
0.98899066
0.98956257
0.98943234
0.98889502
0.98855187
0.98993905
0.98772772
0.98536605
0.98269679
0.98220695
0.97815219
0.97230185
0.97046343
0.97080739
0.97369380
0.97556468
0.97943391
0.97846179
0.98062556
0.98436610
0.98293149
0.98149301
0.98703205
0.98382095
0.98277944
0.98626129
0.98598444
0.98807088
0.98923395
0.98872930
0.99080579
0.98459071
0.98417460
0.98527562
0.98466966
0.98394924
0.98175640
0.97822921
0.97065529
0.98028227
0.98233095
0.97644597
0.98337638
0.98500185
0.98999360
0.99176846
0.99344660
0.99448534
0.99287670
0.99454635
0.99508702
0.99402442
0.99361427
0.99201086
0.99416317
0.99516836
0.99439419
0.99382037
0.99483052
0.99429011
0.99432763
0.99294809
0.98993206
0.99304853
0.98871951
0.99275349
0.99250733
0.99519348
0.99101298
0.98882717
0.99099196
0.99148078
0.99267131
0.99269101
0.99492085
0.99454192
0.99114148
0.99089604
0.99124782
0.98649549
0.98901277
0.98996089
0.98748636
0.97784971
0.96298662
0.95683133
0.96757055
0.96991290
0.96704135
0.95991773
0.95025694
0.94188195
0.93246611
0.94624204
0.97024308
0.97512967
0.97929755
0.98607999
0.98689594
0.99061898
0.99075819
0.98386902
0.98507226
0.99445654
0.99487058
0.99275379
0.99094778
0.99256710
0.99054514
0.98844452
0.99014802
0.98589751
0.98711662
0.98877341
0.98998720
0.99207839
0.99404199
0.99354649
0.99361959
0.99533323
0.99395076
0.99157519
0.99310337
0.99166074
0.98846271
0.99110862
0.98894918
0.98871026
0.98233885
0.96923406
0.97356574
0.98506393
0.97816713
0.97226797
0.97919493
0.98024660
0.97880826
0.96948265
0.96939759
0.97081391
0.97784659
0.97531245
0.97017594
0.97384319
0.98679048
0.98335218
0.98149585
0.98290012
0.98688507
0.98649551
0.98623636
0.98115733
0.98571909
0.98998319
0.98911330
0.98567647
0.98880445
0.99194766
0.98596452
0.98277083
0.99054857
0.99172526
0.99268739
0.99110891
0.99131539
0.99206127
0.99040623
0.98970267
0.98855359
0.98676014
0.98786892
0.98818783
0.98575518
0.98669144
0.98808570
0.98713589
0.98517368
0.98652953
0.98682706
0.97955623
0.97975191
0.99028275
0.99320242
0.99247967
0.99113496
0.99329349
0.99033434
0.98834507
0.98710790
0.99027252
0.99452110
0.98966564
0.99020232
0.98428786
0.98100734
0.97732440
0.97316215
0.97489872
0.98529218
0.98759208
0.98846022
0.98880033
0.98850446
0.98839439
0.99176997
0.99163507
0.98958138
0.99120362
0.99284121
0.99364663
0.99465279
0.98813914
0.98167322
0.98680174
0.99268141
0.99527666
0.99447959
0.99152899
0.99212320
0.99339595
0.99174209
0.99303768
0.99224870
0.98943174
0.98779257
0.98910972
0.98823238
0.99151246
0.99243738
0.98985890
0.98294597
0.97822734
0.98259926
0.98681647
0.98794161
0.98414570
0.98082421
0.98400248
0.98596446
0.98994760
0.98606783
0.98025365
0.99012668
0.99128854
0.98964475
0.98551392
0.99017350
0.98920284
0.99076147
0.99069868
0.99267236
0.99276093
0.98813999
0.98794083
0.98692710
0.98068922
0.98252585
0.98054419
0.97665478
0.97978957
0.97832324
0.97414696
0.97854272
0.97973989
0.97505246
0.98107106
0.98159199
0.98517840
0.98505802
0.98467621
0.98734668
0.98428970
0.98444524
0.98391104
0.98482809
0.98414712
0.98378221
0.98648250
0.98374365
0.98080130
0.98279475
0.98621640
0.98797301
0.98855338
0.99048223
0.99416407
0.99461709
0.99298095
0.99519832
0.99593364
0.99361307
0.99108249
0.99205300
0.99166488
0.98919311
0.98545216
0.98703839
0.99257976
0.99205822
0.98778159
0.98584595
0.98557185
0.98690551
0.98951659
0.99209016
0.99434833
0.99319403
0.99302363
0.98683120
0.99039350
0.99202605
0.98946201
0.99243601
0.99279304
0.99141492
0.99054266
0.99015668
0.99047208
0.98846773
0.98541385
0.98168033
0.97948666
0.97492634
0.97496925
0.97619427
0.97512562
0.96888845
0.97402376
0.97555404
0.97831475
0.97525928
0.97525759
0.97242702
0.97016562
0.96900697
0.96285818
0.96589698
0.96819031
0.96600473
0.96740485
0.96948817
0.96999759
0.97322174
0.97449704
0.97460149
0.97604443
0.97434413
0.97490831
0.98025683
0.98115027
0.97909896
0.98022873
0.98267731
0.98237369
0.98535519
0.98509194
0.98344057
0.98276376
0.98194236
0.97890038
0.97659291
0.98403888
0.98879590
0.98621401
0.98657312
0.98882720
0.98782077
0.98799039
0.98868332
0.99011206
0.98823864
0.98579435
0.98717835
0.98765588
0.98682417
0.98678757
0.98805042
0.98763950
0.98507639
0.98410172
0.98907308
0.99009606
0.99106837
0.99206714
0.99184478
0.99086250
0.99449759
0.99410589
0.99440827
0.99375967
0.99215449
0.99253672
0.99178574
0.99150583
0.99135326
0.99161000
0.99115311
0.98872770
0.98113962
0.98264744
0.98655464
0.98826653
0.98552118
0.98695318
0.98751795
0.98892046
0.98814006
0.98522003
0.98275443
0.98453209
0.99008578
0.98903884
0.99125718
0.98796368
0.98942030
0.98934302
0.98938231
0.98615361
0.98309927
0.97904783
0.97975716
0.98173035
0.98474919
0.98598499
0.98617114
0.98468954
0.98232721
0.98980392
0.98657902
0.98167158
0.98729893
0.98932641
0.99077760
0.99147240
0.99122827
0.98892678
0.98945822
0.99170909
0.99015553
0.98929356
0.98792050
0.98178698
0.98660097
0.98824170
0.98873614
0.99062553
0.99071426
0.99111170
0.99151232
0.98887487
0.98585893
0.98775184
0.99115116
0.99149671
0.99303210
0.99115202
0.99123745
0.99260110
0.99309110
0.99206572
0.99157075
0.98422261
0.98786060
0.99392302
0.99368905
0.99173189
0.99206062
0.98642886
0.98931267
0.99240631
0.99258383
0.99341850
0.99236202
0.99422169
0.99421160
0.99267803
0.99238058
0.98941684
0.99309791
0.99303224
0.98702692
0.98799619
0.98747469
0.98805151
0.99038106
0.99050359
0.98984783
0.98796400
0.99032891
0.99088537
0.98988627
0.98821415
0.98995173
0.99198548
0.99253106
0.98755136
0.99036481
0.99377090
0.98966554
0.99010511
0.98913469
0.99087809
0.99213472
0.99274938
0.99246450
0.99078608
0.99393004
0.99066624
0.99164716
0.98866032
0.98908410
0.99122344
0.99479161
0.98875675
0.99085741
0.99376160
0.99289620
0.98927152
0.99186696
0.99329544
0.98992367
0.98814257
0.98952746
0.99126707
0.99047965
0.99156463
0.99069328
0.98996229
0.99110221
0.99175509
0.99238665
0.98771050
0.98710774
0.99145726
0.98979074
0.98783337
0.99297824
0.98877834
0.99283446
0.99064689
0.98636966
0.98343369
0.98081875
0.97866916
0.98057046
0.97769930
0.97864678
0.97991087
0.98217225
0.98061053
0.97944350
0.98037412
0.98158203
0.98233861
0.97590846
0.98012013
0.96994301
0.96034713
0.97563615
0.96026612
0.97025179
0.97139787
0.97497794
0.95902110
0.93756859
0.93940543
0.96297013
0.96386791
0.96996957
0.96119562
0.95943279
0.96370411
0.95966131
0.95151569
0.95657240
0.95024274
0.93764202
0.94330260
0.95525491
0.95534213
0.96627135
0.97918427
0.97744695
0.97490019
0.96546762
0.96870710
0.98234015
0.98620122
0.97528492
0.95444777
0.98177571
0.95215253
0.97312006
0.97241305
0.97519480
0.97777615
0.98239457
0.97524424
0.97999185
0.99199233
0.98267437
0.97935236
0.98817554
0.98493446
0.97666646
0.95007624
0.91966710
0.96101651
0.96212928
0.96837636
0.94024990
0.93473479
0.96726041
0.96666601
0.96944040
0.97145659
0.95892377
0.95414095
0.94966329
0.95127080
0.91338693
0.92314700
0.92875485
0.91188948
0.90646431
0.82665227
0.83703020
0.87469481
0.81196155
0.87350061
0.86934035
0.84314577
0.75368235
0.77764115
0.87499643
0.92788755
0.88093123
0.82100068
0.84875170
0.88202076
0.82198035
0.83524691
0.80258522
0.82443015
0.79955539
0.74959024
0.78584970
0.77551530
0.72515953
0.77163639
0.84699511
0.80052607
0.74879336
0.82181557
0.84924403
0.77819969
0.76013989
0.81316552
0.79674949
0.71098842
0.78555184
0.77923892
0.71906688
0.71848077
0.79415913
0.64885953
0.62288739
0.71014898
0.79943264
0.83171948
0.82061946
0.86113923
0.87094412
0.88318585
0.85111454
0.82466907
0.76825074
0.70235128
0.77820823
0.79329919
0.78616870
0.79496490
0.69764754
0.65477165
0.61422495
0.69764353
0.69898921
0.64942699
0.58422319
0.65058398
0.65793692
0.68473304
0.68103926
0.54703692
0.59940820
0.61930394
0.62320584
0.56925961
0.53297341
0.50127861
0.56754047
0.70563321
0.60342147
0.47349358
0.51744482
0.51066638
0.44740803
0.38412916
0.41169913
0.56238666
0.43782015
0.42452568
0.35953198
0.34260339
0.44644456
0.50304601
0.51343707
0.55929184
0.48701775
0.43264902
0.51554503
0.59356586
0.53115104
0.54648784
0.63305360
0.49669716
0.42055062
0.38523867
0.45891310
0.52613501
0.38508811
0.38382739
0.53956040
0.41092234
0.44365778
0.52667314
0.56297943
0.59273982
0.68958952
0.59208983
0.57306458
0.59027126
0.65111247
0.63698880
0.64238553
0.62629884
0.51971318
0.50143358
0.58702441
0.74563934
0.68597605
0.73051902
0.74056345
0.72399901
0.68243004
0.70967510
0.69620710
0.65840928
0.57235885
0.48623958
0.48229311
0.50381224
0.56544243
0.46826478
0.48002067
0.54409407
0.65219857
0.48980136
0.45748828
0.48367377
0.60525923
0.45996812
0.43325197
0.47433446
0.59647331
0.47660637
0.49473937
0.61645983
0.63349497
0.53388072
0.64464263
0.50779727
0.43588537
0.46880488
0.57055173
0.48322914
0.52141876
0.54906638
0.55715183
0.65284225
0.47998482
0.47950289
0.41585497
0.49137857
0.63662588
0.43972940
0.43937820
0.40398021
0.58446894
0.54865513
0.47130535
0.41036450
0.52365089
0.40434943
0.42225684
0.52800043
0.56050669
0.54631691
0.53380791
0.54006828
0.57421731
0.58390415
0.59235651
0.55320420
0.57137318
0.58975946
0.60549937
0.69464131
0.67407945
0.58944507
0.64017802
0.60594602
0.40069223
0.30911284
0.34863062
0.62861976
0.53151591
0.56337922
0.67384001
0.66099923
0.63334594
0.70382496
0.70786402
0.77443518
0.79652594
0.72369362
0.69342997
0.71342995
0.80499800
0.80320326
0.77409405
0.63742925
0.48413281
0.51606999
0.48836842
0.44331726
0.48626876
0.63620374
0.51519799
0.51784683
0.53963853
0.65271966
0.69270296
0.65547501
0.73705651
0.71624982
0.74859331
0.63074658
0.59357757
0.55605751
0.55603305
0.69312449
0.73336659
0.67311891
0.64138167
0.51839462
0.54032083
0.51451441
0.57025302
0.68180730
0.68156806
0.61089644
0.56995288
0.62395996
0.62339819
0.72436575
0.63623500
0.63632848
0.58286062
0.55563874
0.40878566
0.43800997
0.50578841
0.51012737
0.56546012
0.39682623
0.47964023
0.58472959
0.69745682
0.64008539
0.51613369
0.50297376
0.61331043
0.55655125
0.54913024
0.57750972
0.65413991
0.63600803
0.53904359
0.53378316
0.62169850
0.71292909
0.73693837
0.61530335
0.61354339
0.64763877
0.66728559
0.63060301
0.57368582
0.43402208
0.50538135
0.47486380
0.61710847
0.64489025
0.69238930
0.68117175
0.64535186
0.73319524
0.73534168
0.68169039
0.55242994
0.59704492
0.44693991
0.56836514
0.45414912
0.49726086
0.61666216
0.70214970
0.64191467
0.70493316
0.61264028
0.65521740
0.64665251
0.61833967
0.62088143
0.56900659
0.61838618
0.40305344
0.47916336
0.66176803
0.48748650
0.53456332
0.59435214
0.51362632
0.52835933
0.59343276
0.56652873
0.51893799
0.55246781
0.47289932
0.51130657
0.55160196
0.59972911
0.52627223
0.50144591
0.39992077
0.39816659
0.37721736
0.58978404
0.41912090
0.39263650
0.43010901
0.44323175
0.64548610
0.59880285
0.57451677
0.72418950
0.67716741
0.69479297
0.66061526
0.55520667
0.52190382
0.63142418
0.75292814
0.56443971
0.48756119
0.51942428
0.62759421
0.64945458
0.59275836
0.61676891
0.53224390
0.35817517
0.42628604
0.57973529
0.57836599
0.51795644
0.55888651
0.50796440
0.59751132
0.52623904
0.51753711
0.47339730
0.52141433
0.55077252
0.67526724
0.62778085
0.51476748
0.47353126
0.55120612
0.64489116
0.68066565
0.65880778
0.65090069
0.52800648
0.36662519
0.34709190
0.43608908
0.50584118
0.38225502
0.29932268
0.37706930
0.39367865
0.35171509
0.36429274
0.35070071
0.36861370
0.35005509
0.34120070
0.51420886
0.63403020
0.64871065
0.50753085
0.42570638
0.32243135
0.47510647
0.49038723
0.32149864
0.25040788
0.30253808
0.41508832
0.37087968
0.38168951
0.46023951
0.47765841
0.31148400
0.44481244
0.30092368
0.33577618
0.36016792
0.53481260
0.44663699
0.40203921
0.48599307
0.49934194
0.38212837
0.39953466
0.45822670
0.47758090
0.46731479
0.43220843
0.47512083
0.47297608
0.44724524
0.45386171
0.48398851
0.58408970
0.58741776
0.57874282
0.54878040
0.51167922
0.40943738
0.38179281
0.31375469
0.30566185
0.33846341
0.30643992
0.43233009
0.39705862
0.39730324
0.50397726
0.66091692
0.70026330
0.61228389
0.55527736
0.53323406
0.58250927
0.50254862
0.44926156
0.64713891
0.72258224
0.66944143
0.50576376
0.52739474
0.51643091
0.49793284
0.41966327
0.38544440
0.35005017
0.21357513
0.20994353
0.34201699
0.52287262
0.39594542
0.30400410
0.29110415
0.43644830
0.46936429
0.47052090
0.54386374
0.51665827
0.58195159
0.66662010
0.61364497
0.67656429
0.71549885
0.69314348
0.70224786
0.70198945
0.67902505
0.58113599
0.58976304
0.59075001
0.67018187
0.41664977
0.23836074
0.34413857
0.44019226
0.40451336
0.40575255
0.45673050
0.46215852
0.48425920
0.45951729
0.36954285
0.33706409
0.32593903
0.37993116
0.39707574
0.49613420
0.59042498
0.59131265
0.54122619
0.50073314
0.47016825
0.38588665
0.44501264
0.43574452
0.43952364
0.33737847
0.34096363
0.44481435
0.51378202
0.40260989
0.33739572
0.38024826
0.43560927
0.40824890
0.44301326
0.54091229
0.45397717
0.40675166
0.37296110
0.37526598
0.36732799
0.38449213
0.47381551
0.28478674
0.29985155
0.30226628
0.40194044
0.42934274
0.50101906
0.48744924
0.47024608
0.47677948
0.46849783
0.42057308
0.28654038
0.29186097
0.35961822
0.47009420
0.49095272
0.37394469
0.41414791
0.51377357
0.45373411
0.34071098
0.45693043
0.49145385
0.44254586
0.30832354
0.28341219
0.31351778
0.39374680
0.45388439
0.50174948
0.52079425
0.50029661
0.48202450
0.51810185
0.43843818
0.49669854
0.62201127
0.69301497
0.58697811
0.58279119
0.60021276
0.68611908
0.68193328
0.66272856
0.55780734
0.41588590
0.31892305
0.34081315
0.45724073
0.42244398
0.37608325
0.46692814
0.34121257
0.20820599
0.21586514
0.23583981
0.31726791
0.25857986
0.21388154
0.18657508
0.21146402
0.24334341
0.20839032
0.33517912
0.43543652
0.30046934
0.38265057
0.41102251
0.39821621
0.30702822
0.27771049
0.23286904
0.23541939
0.28903973
0.42521310
0.41311049
0.42284774
0.46024598
0.52755953
0.56383223
0.59546509
0.60056164
0.47678153
0.36609487
0.34976935
0.39792804
0.51149462
0.49056200
0.56634363
0.61316217
0.47687639
0.40948016
0.33828761
0.40855193
0.38955461
0.44744405
0.56128845
0.48832183
0.52961881
0.55439235
0.59145453
0.55827792
0.58282908
0.46207973
0.46470561
0.32891694
0.37602981
0.39736874
0.46389466
0.57285422
0.53950680
0.59691811
0.39996948
0.41770515
0.44404811
0.56722149
0.50366517
0.48114058
0.49811384
0.47357963
0.51508741
0.64726779
0.52864286
0.51617615
0.62810005
0.58775557
0.50294652
0.58253897
0.52544776
0.57408771
0.57715072
0.44044655
0.43941262
0.43525196
0.48567883
0.56164388
0.44885871
0.49502363
0.53710376
0.50588615
0.44089645
0.53189688
0.46022375
0.44508072
0.48062341
0.64531342
0.54947350
0.44961144
0.42303277
0.50104092
0.57540524
0.57208626
0.50128485
0.53993876
0.44523921
0.42468158
0.44947156
0.43679414
0.50629785
0.58759020
0.52151133
0.49936632
0.56088705
0.55276541
0.51992391
0.59610406
0.69506537
0.55952708
0.47309925
0.58576907
0.59449664
0.54901977
0.61051103
0.67800189
0.68665312
0.61963144
0.65874011
0.63508870
0.55890994
0.49029703
0.46811871
0.54169604
0.61723453
0.61653906
0.58215062
0.58284534
0.61189366
0.67821795
0.68705362
0.71974427
0.68229970
0.59231870
0.59849835
0.65188733
0.59828632
0.70253334
0.64445877
0.67979293
0.70568907
0.62411675
0.69355240
0.63389985
0.63752083
0.59831353
0.61940849
0.60751122
0.63420690
0.63570910
0.70453069
0.66699224
0.67127227
0.74498889
0.75917958
0.78622930
0.73923904
0.64449389
0.68532459
0.76818860
0.74022235
0.69106836
0.68504382
0.60751530
0.59675871
0.63065208
0.78198069
0.73622832
0.65217243
0.67432507
0.68531413
0.68968496
0.73009494
0.83630698
0.83440408
0.83259901
0.81671886
0.92096531
0.80872504
0.87649189
0.91659323
0.89039825
0.83879173
0.84210697
0.89030375
0.90111205
0.87124970
0.87731920
0.88829432
0.80141555
0.80779927
0.89288047
0.87301938
0.81894243
0.87996653
0.95800995
0.89806967
0.94106940
0.91687846
0.91281083
0.93780997
0.89121141
0.87623033
0.89578047
0.91533131
0.93161068
0.93190495
0.94818636
0.95385227
0.93666408
0.96229448
0.88296644
0.91304368
0.97479490
0.97987348
0.94749356
0.93221589
0.95701719
0.96213647
0.97391096
0.95266585
0.95162173
0.95470657
0.94610112
0.97980068
0.97631559
0.96676879
0.96870208
0.98551883
0.97475188
0.98446711
0.98231495
0.92974938
0.91739718
0.97299915
0.95934480
0.94278156
0.95840571
0.97462805
0.97480145
0.97358494
0.98706514
0.98445499
0.98576044
0.98284264
0.98111979
0.98808548
0.98144296
0.94777965
0.93930830
0.98344598
0.96917703
0.97418236
0.98369134
0.98446356
0.98873888
0.97337215
0.98157467
0.98586748
0.97709295
0.97239494
0.98209727
0.98446048
0.98899074
0.98342547
0.98917739
0.98365997
0.98415232
0.98480806
0.98734490
0.98943239
0.99072729
0.98544503
0.98562054
0.98726511
0.98696808
0.98167543
0.97628237
0.98134790
0.98533592
0.98724781
0.98811115
0.98869872
0.97919205
0.97753691
0.98303033
0.98983916
0.98941394
0.99018968
0.99092667
0.99028083
0.98922315
0.98599836
0.98032369
0.97193111
0.96666640
0.97054774
0.96923044
0.96996514
0.97931672
0.98393454
0.98453002
0.98735038
0.98562612
0.98463852
0.98053373
0.98254077
0.98402557
0.98407919
0.98331972
0.97989506
0.97749205
0.98905631
0.99289416
0.99090921
0.98660271
0.99026672
0.99200856
0.98775329
0.98867163
0.99109204
0.98980399
0.99060714
0.98611584
0.98321012
0.98306157
0.98916505
0.98793471
0.98926789
0.98894500
0.98650646
0.98922520
0.99238496
0.99214757
0.99183584
0.99289017
0.99199691
0.99269465
0.99361802
0.99380522
0.99259000
0.99220636
0.99284037
0.99089934
0.99147316
0.99347840
0.99258933
0.99066690
0.99345856
0.98790066
0.98555170
0.98908140
0.98668221
0.98583238
0.98314207
0.98089623
0.97956590
0.97293206
0.97739156
0.98154517
0.96981821
0.96388508
0.96758767
0.97550653
0.98136994
0.98032700
0.98204565
0.97832835
0.97842083
0.97741798
0.98365209
0.98667324
0.98593758
0.97874549
0.96864138
0.97089412
0.96844452
0.97107169
0.97639452
0.98050027
0.97949087
0.98002468
0.97794634
0.98076714
0.97957612
0.97825805
0.97326113
0.96456425
0.96386617
0.96752524
0.97185792
0.98057128
0.98270114
0.98445806
0.98896451
0.98700919
0.98521802
0.98697228
0.99041392
0.98592581
0.98245777
0.97746434
0.97724996
0.96745185
0.96603684
0.97430431
0.97153560
0.97551767
0.97138049
0.97198835
0.97497874
0.97615303
0.98114398
0.98524056
0.99088860
0.99074808
0.98793163
0.97834775
0.98332185
0.99449252
0.98908147
0.99011423
0.99279824
0.99049877
0.98737393
0.99000112
0.99073911
0.98873128
0.98862174
0.99141012
0.99364755
0.99318665
0.99200118
0.99258969
0.99323747
0.99135795
0.99350582
0.99210316
0.98949709
0.99010900
0.99262343
0.99222500
0.98875624
0.99064548
0.99429755
0.99294905
0.99372281
0.99422636
0.99034175
0.98765291
0.99279510
0.99443307
0.99446680
0.99021565
0.98523866
0.98752141
0.98383341
0.98085383
0.97547232
0.97636485
0.98067842
0.98501708
0.98432674
0.98612926
0.98817252
0.98696071
0.99082182
0.98785228
0.98023573
0.98297660
0.98996421
0.99396041
0.99082459
0.98979017
0.98790624
0.97406231
0.98350480
0.99010178
0.98699222
0.98975867
0.98848071
0.98673716
0.98636211
0.98418485
0.98720716
0.98654248
0.98336377
0.98897369
0.98926289
0.98243480
0.98096702
0.98398709
0.98802148
0.98686506
0.98558519
0.98346134
0.98318770
0.98480771
0.98285233
0.98402955
0.98787482
0.99082920
0.99081956
0.99130452
0.98998447
0.98641819
0.98297162
0.97933929
0.98969660
0.99229107
0.99208776
0.99141078
0.98993512
0.98912219
0.99065963
0.98952099
0.98715881
0.98720827
0.98645468
0.98687641
0.98690101
0.98232783
0.98566699
0.98580790
0.98501229
0.98489994
0.98318585
0.98508691
0.98241450
0.98420042
0.98279526
0.98428643
0.98120468
0.97553034
0.97187931
0.97997965
0.98264943
0.97722056
0.98022618
0.98309568
0.97159839
0.96315166
0.97404807
0.97808300
0.96442121
0.95649970
0.97651392
0.97835962
0.97572948
0.97278659
0.97736018
0.97819342
0.97877978
0.97207993
0.97670337
0.97204901
0.97172589
0.97965131
0.97186040
0.97859712
0.97414725
0.97805830
0.98090498
0.98276332
0.98371231
0.97462115
0.95710425
0.97711577
0.97913838
0.98072005
0.95678738
0.94580613
0.98154506
0.97281599
0.96760884
0.94741526
0.95245333
0.95188389
0.94711833
0.96148500
0.95624800
0.94259072
0.91836461
0.91796700
0.92814237
0.95845020
0.94269494
0.96812377
0.96395938
0.90737952
0.89788512
0.87390033
0.90908613
0.97017122
0.97365800
0.97966666
0.97370614
0.98358515
0.92735855
0.94983780
0.92785938
0.90691105
0.93940479
0.89675986
0.87333056
0.90543943
0.89651558
0.86247008
0.89846106
0.90711796
0.88799655
0.79798631
0.80624245
0.80912518
0.82389226
0.83299422
0.86597860
0.80115972
0.76654919
0.78127615
0.84784843
0.86687619
0.88331020
0.84317644
0.90470162
0.93218307
0.85681830
0.86920997
0.85665394
0.86037377
0.91020577
0.92190965
0.92354893
0.87334576
0.81633315
0.77715278
0.77467535
0.89449911
0.81218841
0.86241870
0.89598600
0.85751960
0.80052389
0.82089468
0.85092967
0.75576670
0.77256002
0.83685919
0.84691897
0.85508290
0.83120035
0.86341913
0.87349540
0.79812212
0.73514975
0.80194468
0.92173720
0.78043448
0.74361266
0.75385621
0.80616326
0.86315560
0.76542348
0.66696447
0.62388532
0.76333961
0.63972968
0.71801700
0.81715050
0.76683685
0.61768615
0.55040788
0.64004531
0.63550560
0.61477268
0.63937374
0.48792376
0.51924432
0.71423437
0.82834453
0.71685244
0.74697641
0.61916432
0.51644280
0.59623131
0.73292275
0.61648819
0.56478515
0.60089385
0.72983721
0.71374905
0.55971497
0.68607990
0.69246002
0.44516753
0.38327177
0.52375014
0.59015444
0.55351081
0.39906738
0.41440087
0.55929743
0.62305887
0.64942765
0.50775630
0.42362708
0.37768710
0.34416558
0.25286892
0.21422586
0.31821830
0.44703342
0.44380878
0.50448578
0.50905909
0.42110690
0.53597816
0.47772137
0.57319662
0.42694744
0.40932684
0.40675619
0.48433797
0.63145618
0.63974584
0.69651550
0.71384998
0.77892975
0.71509467
0.67729141
0.54153377
0.37273482
0.32046171
0.37090135
0.32917625
0.30093331
0.35901597
0.46609930
0.44145766
0.42494905
0.49572715
0.32023986
0.31534698
0.46831337
0.71931957
0.65329766
0.63073924
0.49777670
0.26192577
0.20346559
0.33371451
0.40841936
0.31752375
0.24356714
0.17443199
0.40920384
0.43410924
0.49650936
0.45399827
0.39064368
0.29019411
0.25680814
0.32055128
0.43441341
0.33172716
0.17886550
0.13726671
0.13339389
0.29675046
0.34622835
0.34688251
0.42034127
0.41756421
0.34310817
0.31307481
0.34731165
0.41428571
0.25959351
0.30469000
0.24961500
0.32712096
0.31826042
0.38825739
0.38835149
0.36295032
0.27657103
0.18368124
0.18395051
0.22039241
0.26630153
0.22722395
0.23309764
0.13203863
0.15148704
0.25089093
0.12707982
0.08313103
0.08618377
0.09210072
0.20055451
0.15450989
0.13369953
0.09443444
0.20825791
0.15415510
0.14947176
0.10595014
0.13904079
0.25006230
0.31088382
0.24685552
0.22659985
0.22610253
0.19093206
0.20987237
0.13335807
0.15357103
0.14916470
0.16637971
0.28145907
0.24669852
0.21437573
0.22180378
0.31337715
0.23379732
0.17457991
0.13564467
0.13602651
0.13074967
0.14503595
0.08325847
0.27124033
0.11992336
0.10527686
0.16280072
0.13254399
0.10819361
0.17836516
0.20979721
0.17892006
0.28373828
0.17269344
0.17331953
0.23772872
0.32368365
0.22109005
0.18325035
0.21609569
0.26124438
0.27716944
0.10674009
0.06372967
0.04231401
0.05011866
0.12473279
0.20482195
0.13389004
0.20554074
0.30254595
0.23345348
0.19333508
0.19912030
0.20778644
0.21192342
0.35167050
0.27668975
0.50078842
0.39718744
0.37609606
0.45882459
0.50497018
0.41576878
0.34219964
0.32294473
0.27083576
0.20298372
0.10781877
0.07719762
0.15950572
0.18279972
0.10847624
0.15204317
0.14468787
0.28780889
0.27425974
0.14496751
0.14496371
0.11551729
0.18802580
0.12453348
0.28996423
0.07936564
0.11335594
0.15263793
0.16432009
0.32735000
0.40013274
0.20185625
0.21813849
0.24082872
0.21181012
0.23781984
0.19529977
0.10156992
0.11767233
0.09549539
0.10925947
0.19608525
0.16689013
0.34909638
0.21685308
0.22054686
0.18883240
0.16310435
0.13459790
0.15021486
0.19684166
0.19107597
0.10127211
0.16074972
0.13822160
0.15205269
0.12809552
0.09463618
0.17930678
0.14018253
0.20673175
0.24384291
0.28007975
0.17874279
0.19275101
0.17462116
0.30251442
0.15806443
0.20802702
0.18566071
0.17885982
0.13419650
0.13273249
0.29577305
0.16266390
0.08279282
0.11681058
0.11124409
0.18421051
0.20421050
0.23957913
0.19981814
0.24834921
0.25915465
0.26482166
0.43531779
0.41490964
0.39395140
0.32008281
0.27587928
0.48442015
0.34558288
0.31965833
0.30724323
0.33515313
0.33169039
0.33720376
0.37488610
0.21907049
0.25198835
0.37069422
0.34568802
0.42706207
0.46922818
0.33490468
0.30175106
0.29718956
0.32623581
0.22737953
0.16063233
0.18074925
0.16152882
0.14507722
0.12959503
0.35407033
0.20565900
0.22941787
0.21550800
0.30814594
0.27417019
0.29782495
0.40392479
0.35620631
0.33597659
0.36509171
0.56780726
0.61673746
0.55463322
0.32409840
0.29729120
0.28580775
0.48925339
0.41750331
0.36456263
0.35887406
0.38258807
0.23700420
0.26687469
0.27724913
0.20458961
0.25814015
0.18414036
0.14069076
0.16177917
0.21362357
0.21124817
0.31846949
0.39352647
0.52217268
0.36671228
0.39670150
0.40363505
0.45088678
0.32944101
0.42307360
0.40383924
0.39351901
0.44176583
0.44398449
0.41185284
0.40018457
0.40955863
0.38273765
0.46910097
0.60538642
0.43731985
0.40805880
0.28536064
0.25578212
0.18860046
0.24119672
0.23385901
0.28431370
0.22668663
0.28115376
0.34232920
0.42093481
0.39091607
0.43900654
0.59360762
0.39337918
0.36379930
0.31407125
0.37380808
0.36198087
0.32933974
0.47022996
0.49278181
0.45813608
0.41270166
0.38358447
0.41032518
0.42959833
0.47184552
0.32364300
0.30297861
0.20973616
0.18869866
0.18304769
0.22053953
0.30303458
0.35479902
0.43120719
0.45685406
0.54628474
0.57831416
0.63334108
0.52515956
0.43194904
0.38394828
0.47556990
0.41448844
0.34055405
0.22870827
0.26695558
0.18439395
0.14737668
0.14329961
0.29570025
0.30980703
0.36903360
0.47867924
0.36331006
0.49841963
0.38786641
0.42196585
0.42908736
0.34266168
0.27439252
0.25797662
0.32815037
0.28002731
0.36558045
0.32758766
0.35331190
0.35741933
0.38561222
0.40031610
0.37764761
0.42008339
0.37380783
0.36788307
0.20840784
0.24869118
0.28447085
0.22743300
0.20673186
0.21001755
0.17207034
0.23406535
0.23647568
0.20694920
0.24883132
0.30106141
0.18308621
0.24763126
0.17136309
0.30824699
0.24280887
0.27783737
0.24448934
0.20567419
0.15642149
0.21410055
0.18979361
0.13022882
0.12520256
0.12203742
0.15958420
0.15421891
0.25718483
0.11528638
0.16866070
0.15262437
0.21248851
0.19865577
0.29339094
0.22426715
0.41542969
0.43984072
0.38287231
0.30166392
0.27827511
0.22641926
0.16424620
0.12808060
0.15368470
0.19516468
0.15125825
0.17354145
0.34216374
0.34063503
0.35969639
0.23098566
0.22019847
0.23900741
0.27181025
0.26828299
0.22763174
0.27322744
0.20509814
0.31031481
0.36299162
0.24268094
0.29501772
0.32999300
0.18965973
0.22060470
0.20891519
0.17148997
0.16641602
0.23549372
0.27291639
0.35473129
0.31950484
0.22056559
0.24900630
0.23199917
0.29251988
0.20889925
0.14884938
0.08913042
0.13822671
0.15562605
0.15667800
0.17588920
0.31244060
0.28236264
0.30041463
0.33281822
0.42312541
0.42732636
0.36239529
0.23177523
0.33382896
0.26577097
0.39091626
0.25705796
0.20321802
0.22954949
0.17158870
0.17196733
0.18713743
0.25121413
0.27846379
0.34017287
0.26467111
0.28920865
0.22897034
0.19209538
0.17143821
0.24245780
0.24881362
0.26509619
0.26396330
0.40256196
0.27507226
0.24484021
0.27401080
0.33630461
0.23897818
0.20866227
0.25458650
0.26594731
0.31676815
0.36620180
0.35168555
0.30475296
0.25161665
0.36655653
0.24998166
0.24122173
0.15259491
0.18864808
0.22505508
0.20537894
0.22687451
0.28453721
0.23936023
0.24310898
0.30267362
0.21811829
0.19431035
0.19861878
0.27341567
0.27532180
0.33449846
0.19734203
0.32911240
0.30179474
0.21347549
0.23829932
0.33761126
0.29673530
0.36648442
0.47999168
0.44552710
0.31038810
0.26012565
0.25908529
0.25612686
0.27815277
0.28837390
0.26127613
0.29382831
0.25375019
0.25796697
0.20297062
0.26623878
0.29076684
0.24916966
0.23294184
0.19663536
0.25227750
0.15175645
0.30571811
0.26178277
0.19486656
0.26679893
0.28022086
0.27404355
0.26288183
0.26966033
0.24400883
0.35071707
0.42350721
0.51474835
0.33263263
0.43901734
0.44925600
0.53016099
0.55693862
0.47880997
0.43750016
0.46263754
0.42255819
0.47236572
0.52980313
0.35301137
0.22219307
0.25846668
0.30880688
0.35535401
0.27756229
0.28858936
0.35690534
0.41011579
0.39430935
0.37457336
0.35504534
0.34334412
0.25909336
0.37088668
0.27574626
0.35183418
0.32646761
0.21880352
0.16920821
0.20353277
0.14607952
0.20772286
0.21582021
0.28466018
0.24448096
0.22100957
0.32432590
0.27560767
0.20329739
0.21048541
0.18265927
0.14300050
0.16958895
0.23487007
0.23983516
0.42122209
0.31382523
0.33252497
0.32077392
0.50767659
0.47499595
0.33578180
0.33477682
0.30598820
0.20293016
0.20353752
0.20706137
0.21942364
0.15168468
0.11003050
0.13428246
0.20027070
0.20678229
0.27843143
0.26748692
0.33033366
0.50271781
0.47860338
0.53924941
0.51641374
0.33871878
0.27144100
0.22165687
0.11086749
0.17877033
0.20928019
0.29616182
0.27623254
0.40768415
0.28907098
0.23027412
0.27536809
0.28958322
0.33125917
0.34988355
0.30055959
0.30728553
0.31385451
0.37317970
0.45821634
0.37021300
0.46678604
0.40641615
0.35368080
0.44225074
0.55450897
0.49126700
0.31983504
0.24594642
0.30850288
0.50773691
0.48625257
0.50042822
0.50197186
0.52375675
0.53630428
0.32200843
0.29167734
0.26077694
0.42177510
0.44487272
0.61871696
0.54080824
0.50593852
0.41321870
0.42875328
0.37954042
0.31959001
0.26435030
0.22366553
0.18706182
0.20633894
0.23222735
0.25120198
0.16022978
0.23633154
0.31615331
0.27441169
0.22840023
0.22871964
0.27101475
0.25640290
0.35401145
0.30117966
0.30515135
0.24452232
0.51241589
0.38637922
0.33779487
0.31128006
0.32897878
0.25493428
0.22950044
0.22821247
0.26067115
0.23597612
0.21198597
0.30348428
0.35039151
0.40988972
0.18135684
0.19309643
0.21772819
0.33181728
0.49277412
0.50596020
0.53876369
0.55710820
0.38534277
0.38652232
0.43910645
0.34366104
0.34668090
0.46530620
0.40268682
0.32554055
0.31327789
0.27889719
0.31843349
0.22685529
0.28980398
0.33699646
0.42405233
0.33496468
0.26840278
0.31861124
0.31067211
0.28932222
0.20739068
0.21017517
0.20461009
0.34055226
0.24979441
0.27495175
0.21935554
0.16791157
0.13389921
0.13848902
0.11387812
0.30076400
0.19198261
0.31603855
0.39327118
0.26524189
0.31090703
0.24319594
0.20295353
0.22415041
0.22004963
0.18420047
0.30996837
0.22564342
0.24383585
0.21193577
0.18845479
0.21110953
0.29083204
0.41058294
0.45268736
0.45120092
0.55621819
0.57006039
0.56418334
0.43433357
0.29576001
0.45098838
0.35490939
0.28727739
0.32173985
0.39018927
0.44373459
0.47282168
0.45844320
0.36165892
0.32486544
0.26787269
0.20676168
0.21425939
0.28624151
0.30458345
0.16896823
0.12978737
0.27335101
0.17821488
0.14153308
0.14162612
0.14929974
0.15864380
0.15928298
0.13523610
0.15973702
0.28159498
0.29594302
0.38727679
0.32907304
0.38944499
0.35423023
0.33204608
0.25978601
0.35910102
0.25712027
0.25727792
0.14410188
0.14081057
0.18042629
0.19187263
0.22582984
0.13574484
0.12800252
0.14546877
0.17449922
0.15353902
0.14106047
0.28765586
0.19985268
0.16410296
0.19883675
0.31225394
0.36826011
0.36495272
0.29249806
0.26763843
0.30872791
0.37667222
0.35733934
0.37914714
0.41007947
0.46007413
0.55693928
0.52975424
0.63075102
0.64293663
0.50809746
0.52000013
0.48867995
0.48795035
0.45887911
0.49228157
0.32644871
0.39945879
0.37486934
0.23940798
0.24499245
0.28078862
0.44270679
0.29045530
0.23673996
0.34571586
0.36568633
0.27969562
0.37631497
0.43343729
0.44720987
0.39324709
0.41762549
0.44012529
0.52074292
0.56955297
0.39081628
0.45287722
0.48402447
0.43733838
0.43084722
0.49272209
0.56437043
0.49897532
0.47814384
0.61017802
0.59499097
0.47572581
0.51149655
0.49313741
0.49648796
0.53958956
0.54649671
0.59161346
0.66750821
0.64520228
0.72280373
0.66060142
0.68848888
0.74310082
0.72252437
0.65357898
0.61532103
0.55159001
0.48154150
0.52864130
0.53531874
0.58879262
0.60307420
0.68381046
0.63437505
0.45815575
0.37023932
0.33584019
0.37958781
0.52741750
0.47981875
0.35535194
0.32105320
0.35560525
0.40299941
0.52938488
0.53428334
0.34934025
0.30211932
0.30261804
0.51131781
0.48722768
0.49129064
0.64878322
0.59744327
0.54182151
0.67687813
0.59494967
0.56518818
0.55082992
0.61018722
0.50867843
0.44946774
0.45755148
0.58391670
0.55228177
0.56907756
0.59505833
0.68102504
0.62549579
0.62233986
0.73100430
0.68125238
0.62199036
0.73261090
0.70316400
0.74807876
0.68642729
0.75293598
0.80126795
0.73557302
0.72030321
0.70985143
0.69784037
0.59094476
0.58957738
0.53033351
0.55149975
0.64875512
0.64838811
0.58189469
0.60755720
0.56924510
0.68893318
0.65711772
0.67224510
0.71928767
0.73430366
0.71166958
0.64116535
0.74621002
0.77209355
0.71337720
0.70937962
0.76099801
0.78158435
0.83065188
0.82678576
0.81121017
0.80220117
0.83856763
0.77354337
0.82761688
0.84936366
0.73424152
0.68110440
0.75957496
0.81982091
0.79373959
0.78902846
0.85516267
0.88307440
0.85697777
0.85478340
0.82723904
0.83935272
0.86764429
0.86535967
0.82676380
0.86062302
0.83136591
0.76227734
0.80772553
0.76273391
0.79028380
0.87105809
0.82032205
0.82345332
0.85379168
0.85242373
0.85865443
0.90749503
0.93037381
0.91430460
0.90847209
0.94029728
0.92656580
0.91851060
0.91148535
0.93861835
0.92843198
0.92481603
0.94247725
0.92447728
0.90314983
0.91839682
0.90374235
0.93645589
0.91353852
0.92089811
0.90134377
0.92435109
0.90912794
0.93013830
0.91028657
0.89133687
0.89465788
0.91652025
0.94240303
0.94189439
0.93743695
0.94418993
0.94848125
0.95097153
0.93868077
0.93963570
0.93188555
0.94534902
0.96156150
0.96543486
0.96135298
0.95604539
0.95997664
0.96022707
0.96292826
0.96544940
0.96094191
0.96125707
0.96092376
0.96346886
0.95317330
0.95795686
0.95458718
0.95178020
0.94906650
0.95649814
0.94500466
0.94787035
0.94561587
0.95443373
0.95938036
0.94922088
0.94046888
0.93831962
0.92395943
0.93765789
0.94389802
0.94173655
0.94947287
0.95125855
0.94207264
0.93546657
0.94415506
0.94979656
0.95511479
0.96489814
0.96151819
0.96595217
0.96039542
0.94513571
0.93223610
0.93403675
0.93690777
0.94477761
0.96038744
0.96453724
0.96738744
0.97001585
0.97148378
0.97466255
0.96449123
0.95792966
0.96409855
0.97569713
0.97936713
0.98241793
0.98524586
0.98190972
0.98093228
0.98082264
0.98143238
0.98148626
0.96843318
0.97424401
0.98133400
0.97953625
0.97335355
0.97025075
0.96798921
0.97282913
0.97518845
0.97778372
0.97016803
0.97209880
0.96981896
0.96337085
0.96509006
0.96439030
0.96492460
0.96685810
0.96644487
0.96643760
0.96587437
0.96431166
0.96371542
0.95372509
0.95388170
0.95157370
0.95273788
0.95611707
0.95789656
0.96382676
0.96356661
0.96862246
0.97473367
0.96947332
0.97236226
0.97723034
0.97728121
0.97533889
0.97794984
0.98034255
0.98010636
0.98029189
0.97999091
0.98292707
0.98428672
0.98629214
0.98946656
0.98741504
0.98819998
0.98836661
0.98433501
0.98084775
0.97929189
0.97731864
0.97782833
0.97343012
0.96498717
0.96565826
0.96935105
0.96897148
0.97291739
0.97505220
0.96626931
0.97046766
0.97952025
0.97758221
0.98426483
0.98433511
0.98811840
0.99338147
0.99003335
0.99088770
0.99383201
0.99386487
0.99397628
0.99350559
0.98671548
0.98534464
0.99276394
0.99403024
0.99478335
0.99286853
0.99086755
0.99329816
0.99339836
0.99136396
0.99401941
0.99455126
0.99320169
0.98788516
0.98926320
0.99234519
0.98946598
0.99321154
0.99192958
0.99207884
0.98953727
0.98325380
0.98581149
0.98937369
0.98765040
0.98670628
0.98269896
0.98274691
0.98849642
0.99383686
0.99252594
0.99022126
0.99049620
0.98791013
0.97928046
0.97151666
0.97687893
0.97245062
0.97216226
0.97526813
0.97754722
0.97862265
0.98058178
0.98506390
0.98426514
0.97882360
0.97451450
0.97429441
0.96984918
0.97321475
0.98233205
0.98092096
0.97874951
0.98052788
0.98480258
0.98906182
0.98875874
0.98331918
0.98486857
0.98596805
0.98979180
0.98808169
0.98463669
0.99186802
0.98987446
0.98996469
0.98939933
0.98908479
0.98321506
0.98566143
0.98787058
0.98787225
0.98602697
0.98156335
0.98216911
0.98362144
0.98642865
0.98767606
0.98834450
0.99070297
0.99032263
0.98367632
0.98771079
0.99307594
0.98947307
0.98900030
0.99125091
0.98754930
0.98925175
0.98503479
0.98402632
0.98592363
0.98295332
0.97958173
0.97742234
0.97199613
0.97492384
0.98382511
0.98561838
0.98371107
0.98182209
0.98038739
0.98087660
0.98398486
0.98593827
0.98634907
0.98677380
0.98732182
0.98493718
0.98817457
0.98871974
0.98441365
0.98606372
0.98594953
0.98929212
0.98813962
0.98683534
0.99035165
0.98946187
0.98545080
0.98455964
0.98638272
0.97807205
0.97823551
0.97711968
0.97445042
0.96987560
0.96127773
0.96185339
0.96712872
0.97246441
0.97278408
0.97970464
0.98027309
0.98307142
0.98536818
0.98693621
0.98853941
0.98394913
0.97693385
0.97819983
0.98346764
0.98633011
0.98702201
0.98595668
0.98183048
0.98403619
0.98341729
0.98624499
0.99126645
0.99191417
0.98997540
0.98222758
0.99014047
0.99619571
0.99173646
0.99451225
0.99473536
0.99333957
0.99347688
0.99485560
0.99053223
0.98418639
0.98976206
0.98871620
0.98967981
0.99248897
0.99050564
0.98942793
0.99166447
0.99207216
0.99269126
0.99123842
0.99233629
0.99242429
0.99190614
0.99046361
0.98935671
0.98583211
0.98349677
0.98168393
0.98089747
0.98272802
0.98179673
0.97957531
0.97926020
0.97734597
0.97562972
0.97541674
0.97185702
0.97122372
0.97133896
0.96456842
0.96369051
0.96874180
0.97128107
0.96890611
0.97071527
0.97267595
0.97541741
0.97609213
0.97919729
0.97926782
0.97974103
0.97985739
0.97610887
0.98094961
0.98164201
0.97964420
0.98866741
0.98923758
0.98317265
0.98206083
0.98490402
0.97331875
0.96782698
0.98133713
0.97783413
0.97362930
0.96328426
0.95356529
0.94810442
0.94754599
0.93595990
0.94925395
0.94133699
0.93760020
0.92397863
0.92400225
0.93183843
0.92439070
0.90969548
0.89662333
0.89653351
0.93720577
0.95296870
0.96300996
0.95322768
0.96386900
0.96663218
0.91783973
0.89852538
0.93571346
0.92913162
0.93358071
0.94849803
0.95286237
0.94503521
0.95150573
0.90448811
0.92033914
0.97358102
0.98258504
0.98575789
0.95912898
0.96527618
0.97721261
0.96334810
0.97745620
0.96458439
0.96244077
0.92729845
0.96289991
0.96675849
0.96328162
0.95467687
0.96810710
0.90706036
0.89368507
0.91183468
0.88595693
0.92759438
0.95675140
0.89876141
0.87558611
0.87840302
0.88034978
0.90788823
0.88976996
0.86958647
0.84300140
0.84219225
0.83082696
0.78297163
0.76713578
0.79953017
0.82972147
0.81506700
0.76694942
0.66769649
0.77954599
0.79705580
0.80776138
0.76443860
0.78234957
0.81272309
0.82585120
0.71490332
0.74771653
0.74813931
0.81494069
0.69896656
0.68561557
0.67703300
0.64724299
0.66919652
0.64343224
0.63980607
0.73797937
0.64938067
0.65848739
0.70727976
0.64572389
0.68756862
0.80674131
0.80483961
0.80802734
0.83575237
0.81885100
0.84626030
0.76871034
0.73499876
0.78455912
0.83351628
0.80414600
0.70416080
0.70299944
0.76381747
0.76635688
0.86337145
0.86230540
0.76929536
0.76650461
0.75840877
0.81598516
0.88185069
0.83592185
0.84544757
0.70970149
0.68854009
0.70854012
0.64437808
0.59830480
0.65330387
0.63126384
0.58944646
0.55357426
0.50083227
0.46364413
0.48851357
0.48432301
0.43646729
0.47149817
0.51345362
0.46420124
0.46763876
0.52324450
0.60630924
0.50850777
0.52905727
0.44558375
0.46015124
0.45993190
0.49550870
0.58156891
0.64679630
0.52619143
0.51599799
0.56940246
0.55450529
0.51153742
0.49375561
0.56784768
0.60049527
0.53508875
0.49098990
0.45673106
0.54325242
0.46933931
0.43753959
0.46116825
0.47316916
0.49511384
0.56599832
0.51629235
0.45930390
0.46763623
0.57174320
0.52846921
0.57393778
0.40975130
0.37709641
0.32850221
0.30196195
0.34795711
0.35774755
0.37022490
0.30382331
0.35583057
0.44082043
0.55783339
0.45223775
0.47099409
0.45468653
0.38353265
0.28306703
0.19874173
0.32587213
0.45357313
0.28868011
0.18072237
0.21539087
0.21598009
0.38802558
0.36568588
0.46734679
0.21111526
0.21713261
0.21386240
0.23407235
0.29272938
0.26724851
0.38956033
0.23869490
0.26994456
0.12102199
0.14708886
0.17009073
0.31300338
0.39501149
0.26659585
0.41058717
0.44694175
0.39954191
0.45098388
0.44796990
0.44005373
0.43192276
0.42796067
0.55529587
0.55572701
0.57112641
0.50850389
0.52524085
0.51372669
0.60928913
0.47146128
0.46931175
0.32630140
0.37042466
0.45281137
0.45002515
0.41849354
0.48628679
0.40132064
0.41373214
0.38357272
0.40516386
0.38200691
0.31328755
0.30538009
0.36346830
0.41501396
0.48892276
0.52988144
0.40920760
0.43505522
0.40460831
0.46434447
0.41022569
0.38254014
0.39039432
0.43250143
0.43347478
0.50742998
0.46272268
0.44235508
0.40530832
0.44151212
0.45700622
0.45184685
0.32500891
0.28477210
0.31231691
0.29375004
0.38646226
0.50326576
0.58521739
0.48165226
0.41596124
0.52167471
0.50769246
0.41926983
0.50791219
0.47936233
0.47830818
0.35920437
0.29937265
0.30490742
0.46267217
0.30303071
0.32095552
0.36754730
0.33518874
0.34462985
0.35913863
0.26570342
0.27785373
0.36444847
0.39240343
0.63405064
0.52368741
0.50032522
0.53921199
0.55017109
0.45277990
0.44122306
0.40718773
0.47230131
0.55385596
0.58937047
0.49455988
0.39924338
0.33290784
0.39769872
0.28808298
0.30092501
0.31761314
0.22178435
0.29152483
0.29911532
0.25433646
0.37983466
0.54035971
0.47064570
0.40866226
0.38237836
0.40490745
0.36784309
0.30330842
0.29610967
0.36439003
0.35300690
0.44911166
0.20784373
0.15073269
0.28017903
0.22909602
0.21225495
0.18731489
0.18145175
0.18807106
0.23350248
0.17367433
0.35101630
0.33761526
0.44306325
0.36230756
0.37128294
0.33076960
0.31354705
0.25960308
0.28348186
0.29883178
0.31397294
0.28523856
0.40490855
0.46516810
0.41477504
0.33897551
0.44677808
0.57896949
0.42293829
0.43076592
0.36034739
0.37415562
0.40723837
0.31676444
0.43565111
0.42233245
0.37967532
0.46838880
0.46339621
0.31280642
0.31967100
0.32367076
0.44655444
0.25797551
0.20692535
0.27711607
0.42159375
0.45380972
0.38603314
0.44988068
0.44315199
0.60127361
0.50595950
0.40920193
0.32369374
0.32793237
0.30485059
0.26582415
0.23310060
0.20986982
0.18396598
0.39117358
0.33396631
0.37149444
0.35101387
0.34379526
0.26922587
0.46231621
0.43800667
0.31803815
0.30779603
0.29961061
0.38278827
0.39552605
0.44368686
0.54960909
0.51204706
0.39463626
0.41557928
0.46208728
0.46198340
0.34101179
0.30447076
0.36053585
0.38717008
0.40246761
0.32827245
0.41352161
0.30157336
0.28409697
0.41887010
0.40385508
0.42778902
0.47880113
0.39217128
0.33434144
0.36411592
0.42838227
0.45231850
0.42278931
0.51434477
0.44362927
0.41887741
0.38929194
0.44499181
0.44455071
0.39472517
0.43795884
0.50835715
0.43550859
0.54777595
0.49557507
0.49642839
0.45199322
0.49342118
0.41585464
0.44374007
0.45047629
0.56971731
0.48650468
0.57123970
0.63206859
0.53312632
0.51471118
0.48929088
0.48288290
0.42520977
0.43028070
0.37962788
0.35239221
0.45133761
0.55603878
0.57269563
0.53071242
0.51029445
0.45024577
0.52117147
0.42748245
0.39653062
0.35253954
0.55378666
0.43644062
0.57329355
0.55411273
0.60793525
0.52902131
0.42616228
0.39306895
0.63558984
0.61868175
0.57687053
0.44506149
0.46713656
0.42269049
0.58451084
0.52240764
0.38918788
0.31933490
0.44173527
0.47263680
0.45413147
0.44768267
0.40736352
0.47782695
0.59845090
0.55211168
0.55640731
0.43635503
0.43227360
0.39571129
0.34458743
0.28126612
0.28638856
0.27223814
0.20386411
0.40282391
0.32968652
0.39283061
0.35575135
0.28734221
0.31191918
0.19648450
0.27530909
0.24713249
0.29683052
0.21953594
0.36988175
0.24623879
0.23155540
0.20418284
0.20372253
0.25788951
0.20835399
0.20663021
0.33004210
0.45395030
0.39280470
0.37461726
0.30516275
0.33124113
0.36311284
0.43094196
0.35820707
0.37476257
0.39703434
0.38476404
0.30718939
0.29468653
0.24555451
0.28980479
0.27622798
0.40213120
0.34572722
0.35032282
0.35182242
0.27653706
0.39828616
0.22816129
0.30072736
0.39141638
0.56769445
0.39931086
0.37842800
0.48726010
0.54931304
0.46218957
0.44481408
0.45559666
0.49578821
0.56568441
0.54793451
0.53508801
0.52544412
0.67963353
0.60338128
0.59754744
0.54069874
0.48484089
0.48665781
0.56145757
0.36182373
0.34660206
0.39826222
0.53444902
0.46691926
0.33383613
0.27877517
0.26760666
0.32087165
0.38726484
0.39229884
0.46372588
0.40652833
0.35548423
0.42977035
0.45426911
0.31658894
0.38953205
0.40578495
0.46284359
0.41285010
0.37152169
0.23739110
0.32253191
0.35866473
0.26425767
0.23730278
0.29176658
0.31918458
0.38802873
0.40949120
0.35931128
0.35681241
0.32592784
0.37401461
0.48502237
0.42969258
0.42374347
0.29042210
0.28326842
0.36856980
0.35934218
0.35662940
0.34335678
0.23853656
0.25415565
0.25057291
0.27397085
0.46910048
0.48855674
0.54171569
0.45787808
0.53180419
0.49777058
0.46312254
0.47218179
0.50201712
0.49515721
0.42621166
0.47325835
0.47533537
0.46612742
0.48512386
0.46622210
0.57774132
0.54367919
0.49604201
0.55759927
0.43838500
0.42075450
0.53297406
0.65390703
0.47934071
0.53987238
0.62831287
0.56240361
0.49940807
0.50740301
0.49251768
0.40320363
0.36231867
0.47106565
0.51502129
0.55880555
0.53054796
0.70906138
0.72852669
0.69756258
0.75020299
0.77381268
0.74802771
0.71270290
0.69998306
0.75063873
0.76824929
0.74975312
0.79714629
0.82049484
0.80359712
0.84286937
0.84454271
0.87844334
0.86389160
0.87891342
0.90535884
0.89052032
0.88522204
0.79304953
0.85581631
0.90088879
0.84381720
0.88499883
0.88914390
0.91876262
0.90054304
0.84537082
0.87330584
0.88667834
0.90081110
0.88051943
0.86836591
0.89730049
0.89006774
0.89581424
0.94165630
0.96677145
0.94125458
0.94380910
0.94310627
0.94314773
0.95787827
0.96772372
0.96809174
0.95797674
0.96032741
0.96326557
0.97803578
0.97777077
0.98027883
0.98069279
0.97506675
0.98025812
0.97265599
0.96324485
0.96302930
0.96348268
0.96121223
0.96167951
0.97105009
0.97195076
0.95620578
0.96889882
0.96389736
0.96842693
0.96356032
0.96235379
0.95799279
0.96182699
0.96969854
0.96535424
0.96891366
0.97570008
0.96904961
0.95702333
0.95690742
0.96439846
0.96212141
0.96059085
0.96039267
0.96592365
0.97005134
0.96822143
0.97060871
0.97491188
0.98004898
0.97842098
0.97791949
0.97775712
0.98313189
0.98502756
0.98402826
0.98617602
0.98760733
0.97774132
0.97502693
0.98521483
0.98872021
0.98987681
0.98971678
0.99050801
0.99000070
0.98736361
0.98690604
0.98791078
0.98840319
0.98773660
0.98586664
0.98683314
0.98512054
0.98671545
0.98742594
0.98610928
0.98523183
0.98411297
0.98743704
0.98929166
0.98505187
0.98361995
0.98396639
0.98229069
0.97978004
0.97256998
0.97666089
0.97846107
0.97878241
0.97690891
0.97819437
0.97823419
0.98310808
0.98405657
0.98511732
0.98008040
0.97099609
0.97557077
0.98077627
0.97565821
0.97586895
0.98568067
0.98562251
0.98639155
0.98320919
0.98320634
0.98320827
0.98104989
0.97656685
0.97665273
0.98036551
0.97592555
0.98096684
0.98251796
0.98233121
0.97923769
0.98411151
0.98474543
0.98703610
0.98711722
0.98606018
0.98452366
0.98472287
0.98403002
0.98209918
0.98198706
0.98530796
0.98510412
0.98252061
0.98141656
0.98231687
0.97805994
0.97107279
0.97050505
0.97427713
0.97897267
0.97884832
0.98109716
0.98174729
0.98161050
0.98410060
0.98303948
0.98245366
0.98464520
0.98593461
0.98810807
0.98820604
0.98837515
0.98823614
0.98995169
0.99054841
0.99077244
0.99026235
0.98936416
0.99114515
0.98938870
0.98551231
0.97946444
0.97665264
0.97522476
0.97715303
0.98188714
0.98162095
0.98790594
0.98913858
0.99079303
0.99309616
0.99320880
0.99334722
0.99038924
0.98958919
0.99096200
0.98934637
0.98704457
0.98638107
0.98889102
0.99116566
0.99087609
0.98984568
0.98797867
0.98991420
0.99009140
0.99078875
0.98989909
0.98981574
0.99177519
0.99118240
0.98467679
0.98442832
0.98947844
0.98829949
0.98890549
0.98640939
0.98999838
0.99317122
0.99179447
0.98863931
0.98522354
0.98198637
0.98340466
0.99031073
0.98946181
0.98953269
0.99003418
0.98749368
0.99068212
0.99142976
0.99089542
0.98994389
0.99300588
0.99151731
0.99123426
0.99021666
0.98267206
0.98212620
0.98689067
0.97778757
0.96620721
0.95872022
0.95259026
0.94777235
0.93960641
0.94531507
0.94675838
0.96198013
0.97129957
0.97213101
0.98350710
0.99148447
0.99305065
0.98884443
0.98806311
0.98824672
0.98716126
0.98724378
0.98503211
0.98876536
0.99472293
0.99544889
0.99392825
0.99323649
0.99421396
0.98761649
0.99085410
0.99394895
0.99260022
0.98892628
0.99278461
0.99252534
0.99054328
0.98606989
0.98530087
0.99043771
0.99255205
0.99196306
0.99222765
0.99430279
0.99386920
0.98947850
0.98247039
0.98485862
0.99421694
0.99575256
0.99435749
0.99370662
0.99435863
0.99572407
0.99452341
0.99134708
0.98967351
0.99025394
0.98833025
0.98878895
0.98985634
0.98665474
0.98570585
0.98995081
0.99263148
0.99095845
0.99221263
0.99127757
0.99272355
0.99183819
0.98486964
0.98679327
0.99018657
0.98846213
0.99182339
0.99150747
0.98861332
0.99054553
0.98801475
0.98996619
0.98584225
0.98338754
0.98133533
0.98511958
0.98381266
0.98263430
0.98802927
0.98785456
0.98661504
0.98848347
0.98783075
0.98793150
0.98741819
0.98926040
0.99057251
0.98753617
