3.00000000
3.00000014
3.00000303
3.00000401
3.00000003
3.00000106
3.00000188
3.00000009
3.00000212
3.00000420
3.00000005
3.00000000
3.00000026
3.00000007
3.00000001
3.00000001
3.00000000
3.00000001
3.00000010
3.00000059
3.00000001
3.00000000
3.00000002
3.00000018
3.00000009
3.00000000
3.00000108
3.00000003
3.00000000
3.00000002
3.00000003
3.00000038
3.00000061
3.00000116
3.00000031
3.00000000
3.00000023
3.00000008
3.00000001
3.00000001
3.00000069
3.00000475
3.00000553
3.00000077
3.00000000
3.00000001
3.00000017
3.00000086
3.00000305
3.00000265
3.00000046
3.00000123
3.00000003
3.00000000
3.00000002
3.00000064
3.00000015
3.00000003
3.00000001
3.00000079
3.00000050
3.00000626
3.00000023
3.00000885
3.00000987
3.00001993
3.00001972
3.00001541
3.00000367
3.00000560
3.00001880
3.00001546
3.00001438
3.00001286
3.00000596
3.00000278
3.00000250
3.00000320
3.00002521
3.00000714
3.00000892
3.00000332
3.00000182
3.00000141
3.00000100
3.00000518
3.00000519
3.00000482
3.00000703
3.00000255
3.00000200
3.00000110
3.00000231
3.00000315
3.00000797
3.00000460
3.00000948
3.00002235
3.00000736
3.00000804
3.00001021
3.00003640
3.00004815
3.00001386
3.00000805
3.00000641
3.00000475
3.00000687
3.00000783
3.00001094
3.00002168
3.00002097
3.00000734
3.00001244
3.00000541
3.00001033
3.00000773
3.00001276
3.00000318
3.00001248
3.00002454
3.00004246
3.00001980
3.00001839
3.00011903
3.00008507
3.00013700
3.00018518
3.00037124
3.00042614
3.00055499
3.00020791
3.00017940
3.00038680
3.00022823
3.00008742
3.00005202
3.00006404
3.00005812
3.00003034
3.00000838
3.00000352
3.00000769
3.00001468
3.00001811
3.00001011
3.00001162
3.00006470
3.00005199
3.00002614
3.00002368
3.00001008
3.00000521
3.00000143
3.00000136
3.00000179
3.00000226
3.00001428
3.00000758
3.00000158
3.00000208
3.00000152
3.00000742
3.00000736
3.00000466
3.00001294
3.00001324
3.00000512
3.00000863
3.00001300
3.00008059
3.00002939
3.00002017
3.00001241
3.00001838
3.00001461
3.00001270
3.00002107
3.00001956
3.00002015
3.00002203
3.00002936
3.00002275
3.00003758
3.00007760
3.00006147
3.00006175
3.00004008
3.00002172
3.00002268
3.00001933
3.00002006
3.00002328
3.00002551
3.00001731
3.00003142
3.00005328
3.00008807
3.00009576
3.00017729
3.00036124
3.00043806
3.00042293
3.00030947
3.00024803
3.00014788
3.00016985
3.00012363
3.00006496
3.00008453
3.00010776
3.00003707
3.00007200
3.00008681
3.00004408
3.00004680
3.00002886
3.00002121
3.00002434
3.00001321
3.00006220
3.00006738
3.00005427
3.00006125
3.00007030
3.00010322
3.00017542
3.00042957
3.00013032
3.00009378
3.00022215
3.00007810
3.00005735
3.00001703
3.00000948
3.00000478
3.00000285
3.00000614
3.00000276
3.00000202
3.00000363
3.00000443
3.00000867
3.00000338
3.00000192
3.00000299
3.00000401
3.00000235
3.00000316
3.00000310
3.00000596
3.00001735
3.00000571
3.00002440
3.00000647
3.00000715
3.00000189
3.00001234
3.00002371
3.00001243
3.00001051
3.00000669
3.00000664
3.00000223
3.00000276
3.00001182
3.00001283
3.00001140
3.00004187
3.00002255
3.00001720
3.00003331
3.00018475
3.00086204
3.00136759
3.00057979
3.00046301
3.00060864
3.00109473
3.00209241
3.00333720
3.00523618
3.00264105
3.00044793
3.00026151
3.00015084
3.00004585
3.00003825
3.00001403
3.00001342
3.00007136
3.00005655
3.00000290
3.00000229
3.00000647
3.00001261
3.00000698
3.00001437
3.00002623
3.00001626
3.00004768
3.00003635
3.00002405
3.00001707
3.00000845
3.00000360
3.00000457
3.00000442
3.00000173
3.00000376
3.00001017
3.00000558
3.00000986
3.00002611
3.00001195
3.00002294
3.00002446
3.00009365
3.00049506
3.00031402
3.00005664
3.00017692
3.00036257
3.00015309
3.00013103
3.00016179
3.00048316
3.00048721
3.00042265
3.00018483
3.00025579
3.00045097
3.00030423
3.00003918
3.00007844
3.00010771
3.00008500
3.00003835
3.00004187
3.00004432
3.00011373
3.00004951
3.00001709
3.00002193
3.00004996
3.00002386
3.00000888
3.00004700
3.00008694
3.00001435
3.00000963
3.00000665
3.00001195
3.00001114
3.00000851
3.00001501
3.00001856
3.00002550
3.00003945
3.00003035
3.00002802
3.00004914
3.00004007
3.00002875
3.00003619
3.00005541
3.00004155
3.00003886
3.00014526
3.00014112
3.00001560
3.00000534
3.00000723
3.00001184
3.00000513
3.00001535
3.00002691
3.00003643
3.00001565
3.00000280
3.00001876
3.00001599
3.00006594
3.00011647
3.00019821
3.00032862
3.00026887
3.00005409
3.00003247
3.00002612
3.00002388
3.00002582
3.00002657
3.00000948
3.00000995
3.00001923
3.00001157
3.00000624
3.00000436
3.00000260
3.00002837
3.00010464
3.00003908
3.00000666
3.00000179
3.00000286
3.00001033
3.00000831
3.00000490
3.00000957
3.00000574
3.00000792
3.00002007
3.00003093
3.00002196
3.00002770
3.00001039
3.00000735
3.00001773
3.00008432
3.00017546
3.00008957
3.00003895
3.00002981
3.00006775
3.00011987
3.00006960
3.00004700
3.00001727
3.00004597
3.00013089
3.00001636
3.00001124
3.00001888
3.00005168
3.00001613
3.00002140
3.00001340
3.00001368
3.00000669
3.00000645
3.00002836
3.00002981
3.00003798
3.00012242
3.00009071
3.00012520
3.00021629
3.00014034
3.00017315
3.00029375
3.00016795
3.00014138
3.00026396
3.00011530
3.00010604
3.00005535
3.00005671
3.00006117
3.00003444
3.00006592
3.00006398
3.00007080
3.00005937
3.00006773
3.00007251
3.00004199
3.00007303
3.00012030
3.00008658
3.00004452
3.00002957
3.00002550
3.00001466
3.00000338
3.00000265
3.00000588
3.00000188
3.00000114
3.00000443
3.00001206
3.00000853
3.00000984
3.00002146
3.00005234
3.00003702
3.00000695
3.00000852
3.00003101
3.00004820
3.00005106
3.00003817
3.00001959
3.00000841
3.00000307
3.00000536
3.00000577
3.00003882
3.00001507
3.00000862
3.00001989
3.00000736
3.00000636
3.00001076
3.00001438
3.00001621
3.00001470
3.00002607
3.00005276
3.00010452
3.00014674
3.00026798
3.00026661
3.00022935
3.00026164
3.00051193
3.00029797
3.00024835
3.00017336
3.00025745
3.00025750
3.00035637
3.00045144
3.00050611
3.00087104
3.00067426
3.00054718
3.00066789
3.00058872
3.00048290
3.00045911
3.00032643
3.00028198
3.00027853
3.00023371
3.00028708
3.00026856
3.00013083
3.00011386
3.00015522
3.00013139
3.00008837
3.00009310
3.00005339
3.00005633
3.00007719
3.00008705
3.00010010
3.00015969
3.00021802
3.00006913
3.00002391
3.00004454
3.00004115
3.00002371
3.00003071
3.00002945
3.00002464
3.00001643
3.00002766
3.00004873
3.00003583
3.00003198
3.00003889
3.00003921
3.00002901
3.00003210
3.00005650
3.00006831
3.00002218
3.00001651
3.00001211
3.00000849
3.00000922
3.00001297
3.00000283
3.00000348
3.00000297
3.00000413
3.00000821
3.00000707
3.00000942
3.00001042
3.00001099
3.00001004
3.00001177
3.00002435
3.00011405
3.00008883
3.00004132
3.00002746
3.00005160
3.00003775
3.00003306
3.00002312
3.00002836
3.00005489
3.00008719
3.00006291
3.00001657
3.00002239
3.00001136
3.00002964
3.00002013
3.00002058
3.00002035
3.00004513
3.00008207
3.00015636
3.00014101
3.00010367
3.00006030
3.00004680
3.00004496
3.00006101
3.00009383
3.00001802
3.00004110
3.00010467
3.00003483
3.00002067
3.00001333
3.00001054
3.00001147
3.00002308
3.00001992
3.00000969
3.00001622
3.00002086
3.00002996
3.00010271
3.00004089
3.00002764
3.00002429
3.00001401
3.00001361
3.00001194
3.00001039
3.00002341
3.00004807
3.00003124
3.00001178
3.00001045
3.00000575
3.00001178
3.00001144
3.00000689
3.00000561
3.00000849
3.00001018
3.00006677
3.00003041
3.00000382
3.00000427
3.00000961
3.00000851
3.00004249
3.00002075
3.00000744
3.00000693
3.00000485
3.00000758
3.00000328
3.00000330
3.00000667
3.00000752
3.00002015
3.00000559
3.00000575
3.00003712
3.00002940
3.00003341
3.00002900
3.00001513
3.00001456
3.00001779
3.00002964
3.00001538
3.00001287
3.00001759
3.00002783
3.00001725
3.00000875
3.00000708
3.00003280
3.00001521
3.00000411
3.00001876
3.00001647
3.00002181
3.00001290
3.00000827
3.00000648
3.00000727
3.00001330
3.00000380
3.00001382
3.00000991
3.00002479
3.00002211
3.00001149
3.00000240
3.00002416
3.00001299
3.00000413
3.00000609
3.00002099
3.00000915
3.00000512
3.00001739
3.00002834
3.00001953
3.00001132
3.00001467
3.00001020
3.00001370
3.00001719
3.00001198
3.00000953
3.00000750
3.00003155
3.00003643
3.00001060
3.00001809
3.00003062
3.00000589
3.00002402
3.00000625
3.00001391
3.00004305
3.00007729
3.00011997
3.00016500
3.00012469
3.00018854
3.00016552
3.00013783
3.00009632
3.00012392
3.00014767
3.00012851
3.00010621
3.00009365
3.00023771
3.00013356
3.00046162
3.00105992
3.00024586
3.00106643
3.00044754
3.00039778
3.00026633
3.00116985
3.00413674
3.00378225
3.00086319
3.00080191
3.00046040
3.00099332
3.00113494
3.00081287
3.00111587
3.00193755
3.00139234
3.00209420
3.00412216
3.00309841
3.00152295
3.00151406
3.00065230
3.00015333
3.00019501
3.00026882
3.00070005
3.00052094
3.00009363
3.00004467
3.00025665
3.00160686
3.00010290
3.00186220
3.00033017
3.00035691
3.00025946
3.00018660
3.00009277
3.00025792
3.00013617
3.00000873
3.00008841
3.00014964
3.00002811
3.00005813
3.00021597
3.00211529
3.00881311
3.00100714
3.00092334
3.00053763
3.00362631
3.00472600
3.00059658
3.00062967
3.00048517
3.00039534
3.00117820
3.00163955
3.00216822
3.00196706
3.01104585
3.00771670
3.00614773
3.01162873
3.01391172
3.08855302
3.07358178
3.03344692
3.11302875
3.03441234
3.03792044
3.06560510
3.25405954
3.18690125
3.03320597
3.00637499
3.02869740
3.09749965
3.05881938
3.02791680
3.09590754
3.07602381
3.13079402
3.09200232
3.13690901
3.26693326
3.16695714
3.19231324
3.35293194
3.20245552
3.06089264
3.13492965
3.26948977
3.09617411
3.05824685
3.18549634
3.23459731
3.11087153
3.14273939
3.41038798
3.16765476
3.18290117
3.37692743
3.37929151
3.14826675
3.73602335
3.91172123
3.41397432
3.13716071
3.08101221
3.09812392
3.04551846
3.03654116
3.02709788
3.05610555
3.09162723
3.21159432
3.44829199
3.18547493
3.15013276
3.16621215
3.14653238
3.46988267
3.69946868
3.97600338
3.46990140
3.46365519
3.73246076
4.22188326
3.72523268
3.68040504
3.53270195
3.55164616
4.57992816
4.09283624
3.93795944
3.90941351
4.35861285
4.73170428
5.10873940
4.37494505
3.43362602
4.06031892
5.48118944
4.91024849
4.99188414
5.86855135
6.97116418
6.46136500
4.42469070
6.02047146
6.23986393
7.46623183
7.82982393
5.88358197
5.08639947
4.95824026
4.45513138
5.29485868
6.10459070
4.93289900
4.14135161
4.75205525
4.58568067
3.83995652
5.16738999
6.30746639
6.94974040
5.69308455
4.80889262
6.95264311
6.97700451
4.65946055
6.47509415
5.92735229
4.80273698
4.41890902
4.14832485
3.50846148
4.15383184
4.32292574
4.16933297
3.72194693
3.81322180
3.77748884
3.88720151
4.88343628
5.10677423
4.19735263
3.27976847
3.52642587
3.33268504
3.29685364
3.35742163
3.54446151
3.41600810
3.47663042
3.67759020
4.32949704
5.30531812
5.35885231
5.07676361
4.39505357
5.55584899
5.39005092
4.61092251
3.71522551
5.25770307
5.71441537
5.34003032
4.04564646
5.67736212
6.09470304
5.46932043
4.11703227
5.43744166
5.19278123
3.95913885
3.83692925
4.72163118
3.76286011
5.02712706
6.05176438
5.54806879
4.34642296
5.34608082
4.86344226
4.55878702
4.47643212
3.71126185
5.39054541
5.39719796
6.38852724
5.23682951
3.81566329
5.98980201
5.99542786
6.59940701
4.21971789
4.56305570
5.51225464
6.48497604
4.83749000
6.59272187
6.27833522
4.78761398
4.44313093
4.58747425
4.72243805
4.65397526
4.31223896
4.22469816
4.15157033
4.51626867
4.33871137
4.17372039
4.04373929
3.48403836
3.58855109
4.17642088
3.79197593
4.04019818
6.65930538
8.60622198
7.69819386
3.87077370
4.74796792
4.41501850
3.58984917
3.66229425
3.83795061
3.44166634
3.42384208
3.19510258
3.14321090
3.35860938
3.48982169
3.40007489
3.12605676
3.12956945
3.19598912
3.81026525
5.33379472
4.92662233
5.27677936
5.93273078
5.30492525
3.81850930
4.93705588
4.90547829
4.65861588
3.71201559
3.49331470
3.69520215
3.30905530
3.38838043
3.27013409
3.85589899
4.14125302
4.48740436
4.48765028
3.49128740
3.32224978
3.59377010
3.78405470
4.89899100
4.65125218
4.94526134
4.34923445
3.54767075
3.54890705
4.00148523
4.35206335
3.90396410
3.90802147
3.35599874
3.81829831
3.81766762
4.23393562
4.49161753
6.51304578
6.01741295
5.05204890
4.99847372
4.39488320
6.73057914
5.39530076
4.21742408
3.47077241
3.79258776
4.92586155
5.08730961
3.98296101
4.48244713
4.55812479
4.28203269
3.70331562
3.81983099
4.66505463
4.72271241
3.92037141
3.40217629
3.30947206
3.96784123
3.98118552
3.74372652
3.62612888
3.85689770
4.31715920
6.08210478
5.05712359
5.46186816
3.95428080
3.76126651
3.49482681
3.55095905
3.75830159
3.32287145
3.31514149
3.54827467
4.52416507
4.11229207
5.87584771
4.36709427
5.76484606
5.16011574
3.95762177
3.44920339
3.78056395
3.43672708
3.98808042
3.69676279
3.74998912
3.94510484
3.92634785
4.36100844
3.94475933
6.61622360
5.40189213
3.65779849
5.28857348
4.71407859
4.13474031
4.95595617
4.78353920
4.14247335
4.38461770
4.89257068
4.52377817
5.48960043
4.98407655
4.53263963
4.09021193
4.80732171
5.10661787
6.67345483
6.70576434
7.10637327
4.17350944
6.33200908
6.80885988
6.14647507
5.93408235
3.75744082
4.09779797
4.30947211
3.35668210
3.57198023
3.48331751
3.66454721
4.49597284
4.85778193
3.85119576
3.25640045
4.40473293
5.28757306
4.88683702
3.87800743
3.73228781
4.14816802
3.95682191
4.73983189
7.49467679
6.21022285
4.26187896
4.27425348
4.90417900
4.45914997
5.02506286
4.10843420
4.80770158
4.90915268
5.48255092
4.86349395
4.54116045
3.58213973
3.87668798
4.94222087
5.48065688
4.53670219
3.76126061
3.55358695
3.67522155
3.72326240
4.78754518
7.31947812
7.73156800
6.04845950
5.05139166
7.00752825
8.84794254
7.10930253
6.78928701
7.63176650
7.36737455
7.65354262
7.27892213
7.66743815
7.86080621
4.94893652
3.83326795
3.73695993
5.03042061
6.21996310
8.28821167
5.45845681
5.24993431
8.31008024
10.16018019
8.76780297
6.40188640
7.23301749
7.01854428
5.67332765
5.42277310
8.54869735
5.90916327
8.80794774
7.98186850
7.45294119
4.71132606
5.88057567
6.63468729
5.30863807
5.13340132
7.00999371
6.68055019
5.70334647
5.42385173
5.56957228
6.11182913
5.45825502
5.48851297
5.87108734
5.76921578
5.33575362
4.22306056
4.19393453
4.27084000
4.56175462
4.97954113
6.50144078
7.01653064
8.49398012
8.69065161
7.92164781
8.67154235
6.10982923
6.72626882
6.72173546
5.07469220
3.66277676
3.45779249
3.99081016
4.49525971
4.72880657
4.23705621
5.09267040
5.83978258
3.74689617
3.36295408
3.61403650
5.05235592
4.79450460
4.92231489
5.15146535
6.32268444
6.94577634
7.66754401
11.26838394
11.38346040
7.84276011
4.84651115
6.74694626
8.73150871
9.05614436
6.04263746
5.54002705
5.52345404
4.61336532
4.91960464
4.24202017
3.62989352
3.98041202
3.57519197
3.39147225
3.49119620
3.44875943
3.44992884
3.56216312
4.24930378
4.17368967
4.16523884
3.60991944
6.37471454
10.51098501
7.79606660
5.98239813
6.58975644
6.56739255
5.72580574
5.64491543
5.33207969
5.68407309
7.26005934
7.95294551
8.20650713
7.05292568
6.72595156
5.17467102
4.16801736
4.16043951
4.64151468
5.11566617
5.52849944
6.93726396
5.90601739
6.05405087
5.99309727
7.94590259
7.86605552
5.90913331
4.95407836
6.62429062
7.94551618
7.04671098
6.05624765
6.52262281
5.93753790
4.64488640
5.76745979
6.54942912
7.19114192
7.14509398
7.30511523
6.96414695
5.47664095
9.21950183
8.83471054
8.77454880
6.63648864
6.15918431
5.11203344
5.28907262
5.52738531
5.43502385
5.55249006
6.30708177
9.17386481
9.03676848
7.46442805
5.52955972
5.24245264
7.17144994
6.41832131
4.95418026
5.77115719
7.87165421
5.72279737
5.23583646
5.94493929
8.62545825
9.25543014
8.49967225
6.78800949
5.76887080
5.10277207
4.87074673
5.12122049
5.36252594
4.90245633
6.01052091
5.16737215
3.91809048
3.49181358
4.19775535
4.23455182
4.08626482
3.52570689
3.54702051
3.65221023
4.46988548
6.38798906
8.37078121
7.86938957
5.71813287
6.27515046
7.12884771
5.57517168
7.86054345
11.43889458
11.19636334
10.58581319
8.41003241
9.92854526
11.25872315
12.14958388
11.33515075
10.36453579
11.43300219
7.99531494
6.05905486
8.81927902
6.99983494
6.47332180
6.70484777
8.65712239
9.40593968
10.67463001
10.59834082
9.10920810
6.22826740
6.43651273
6.26828657
5.67323150
4.79262814
4.41061870
4.12542597
4.08342344
5.43499532
7.33033723
7.67359659
6.71017273
4.98178703
5.24762026
4.38639222
3.98409211
5.43367116
6.50067990
7.92557253
6.51721396
6.86713543
5.86799045
4.43544354
5.27740140
4.76928890
4.50420429
4.15923138
4.46519781
4.23421550
5.64607803
5.60751611
8.13780667
7.12990861
6.72052202
5.61938488
4.32488226
4.66004016
4.11334248
6.67256040
6.35643133
5.92119504
4.37798970
5.07861086
5.37464141
5.14913944
5.47997310
4.93838165
3.74607810
4.78032465
4.92535472
3.87443446
4.19100424
5.08765281
4.23679221
4.81677444
4.31343761
4.28530356
5.97833571
5.99487619
6.06205596
5.31287485
4.43195759
5.84601879
5.18908232
4.68616431
5.05083159
5.97115742
4.74370710
5.67356179
5.90494807
5.38174919
3.75854823
4.55456881
5.83437377
6.26514419
5.11175585
4.30128620
4.33204106
5.10866023
4.65537297
5.90245962
6.23723158
5.83653534
6.03703936
5.04570957
4.19243812
4.86236115
5.13308973
4.43938727
4.52074038
4.88095826
4.12010150
3.48202456
4.45280241
5.48676853
4.20830481
4.13352812
4.55927037
4.00446409
3.56755623
3.52302815
3.93554088
3.67562339
3.82605858
4.45891746
5.25112919
5.55795589
4.63647640
3.95333857
3.95854459
4.24024706
4.23407124
3.99380491
3.56641448
3.52102518
3.37420746
3.54513216
4.15189079
4.10029952
3.71714739
4.10204366
3.44746989
3.76404478
3.55813810
3.43337924
3.90283386
3.48923508
3.83415860
3.80965142
4.10181969
3.93718692
4.02785216
3.83206155
3.82185253
3.43851660
3.62778654
3.60389017
3.28192023
3.23742632
3.16607086
3.30142319
3.76381841
3.52970901
3.21176456
3.29802610
3.50122888
3.53112814
4.02782009
4.11466379
3.85655625
3.17617075
3.31198479
3.71538684
3.58722142
3.52976181
3.50799261
3.33425816
3.07456575
3.07719654
3.07974858
3.10466519
3.00839271
3.11896612
3.03202841
3.00986400
3.02238213
3.07122146
3.06691720
3.02244007
3.01643914
3.03628220
3.03138909
3.02369598
3.13313266
3.12070188
3.02089560
3.03480657
3.10090182
3.02940059
3.00125860
3.01800359
3.00347914
3.00976314
3.01126773
3.00408895
3.02188764
3.03223232
3.01924404
3.01031852
3.00543768
3.00536779
3.00236473
3.00167071
3.00431916
3.00091130
3.02725086
3.01117770
3.00027222
3.00013860
3.00246086
3.00529459
3.00135000
3.00092281
3.00030187
3.00180290
3.00192486
3.00157963
3.00266188
3.00014011
3.00022586
3.00062386
3.00052119
3.00005162
3.00027361
3.00006371
3.00009403
3.00589386
3.00958150
3.00033464
3.00114234
3.00318462
3.00122335
3.00027766
3.00027200
3.00031333
3.00003679
3.00006386
3.00004908
3.00008586
3.00011441
3.00002875
3.00010864
3.00242085
3.00380047
3.00007712
3.00049782
3.00029255
3.00007374
3.00006375
3.00002428
3.00032096
3.00010634
3.00004799
3.00020434
3.00035761
3.00009755
3.00006379
3.00002268
3.00007741
3.00002155
3.00007417
3.00006766
3.00005961
3.00003445
3.00002006
3.00001355
3.00005242
3.00005054
3.00003511
3.00003762
3.00010460
3.00022681
3.00011031
3.00005361
3.00003525
3.00002857
3.00002454
3.00015316
3.00019269
3.00008307
3.00001783
3.00002017
3.00001605
3.00001270
3.00001561
3.00002128
3.00004666
3.00012950
3.00037595
3.00062964
3.00043432
3.00049524
3.00046060
3.00015042
3.00007049
3.00006294
3.00003441
3.00005049
3.00006162
3.00012540
3.00009047
3.00006930
3.00006860
3.00007890
3.00013815
3.00019385
3.00002228
3.00000610
3.00001277
3.00004088
3.00001568
3.00000868
3.00003123
3.00002471
3.00001202
3.00001802
3.00001409
3.00004550
3.00008046
3.00008262
3.00002162
3.00002986
3.00002101
3.00002297
3.00004177
3.00002127
3.00000751
3.00000823
3.00000925
3.00000611
3.00000871
3.00000663
3.00000442
3.00000404
3.00000692
3.00000805
3.00000624
3.00001281
3.00001054
3.00000472
3.00000692
3.00001382
3.00000476
3.00003011
3.00005127
3.00002213
3.00004016
3.00004834
3.00008144
3.00011852
3.00014505
3.00033714
3.00019645
3.00010685
3.00046739
3.00080077
3.00057887
3.00024980
3.00010992
3.00012944
3.00009839
3.00017303
3.00017083
3.00019577
3.00007427
3.00004024
3.00004727
3.00016323
3.00052423
3.00041917
3.00053416
3.00041155
3.00022361
3.00012605
3.00014665
3.00013550
3.00018234
3.00012094
3.00014483
3.00017472
3.00032500
3.00075644
3.00080203
3.00058222
3.00037889
3.00012468
3.00008800
3.00006382
3.00002285
3.00003727
3.00005491
3.00003759
3.00001498
3.00004739
3.00009177
3.00019456
3.00020017
3.00058618
3.00066600
3.00028842
3.00039206
3.00024946
3.00039851
3.00037365
3.00026630
3.00023054
3.00011397
3.00005466
3.00001286
3.00001346
3.00002988
3.00017257
3.00007887
3.00000284
3.00002213
3.00001642
3.00000635
3.00001458
3.00003422
3.00001699
3.00001350
3.00002433
3.00002504
3.00001077
3.00000436
3.00000538
3.00000870
3.00000692
3.00000526
3.00001097
3.00000466
3.00000837
3.00001970
3.00001645
3.00000682
3.00000799
3.00002416
3.00001392
3.00000315
3.00000596
3.00000420
3.00000327
3.00001532
3.00003200
3.00000636
3.00000293
3.00000288
3.00001592
3.00005468
3.00003303
3.00007183
3.00011931
3.00025085
3.00022445
3.00012262
3.00005718
3.00006545
3.00004537
3.00002813
3.00003769
3.00001314
3.00003047
3.00013125
3.00008387
3.00001718
3.00000375
3.00001313
3.00001809
3.00003007
3.00029665
3.00007630
3.00001649
3.00003742
3.00001826
3.00002599
3.00003966
3.00004312
3.00006725
3.00003559
3.00004143
3.00007827
3.00002279
3.00002104
3.00009213
3.00011721
3.00006980
3.00002922
3.00003852
3.00005092
3.00007690
3.00008078
3.00005961
3.00008572
3.00006925
3.00003030
3.00001311
3.00001315
3.00001118
3.00001708
3.00004259
3.00008394
3.00014993
3.00001859
3.00000779
3.00000842
3.00001077
3.00001733
3.00002188
3.00001385
3.00001956
3.00003600
3.00003558
3.00004225
3.00003842
3.00003821
3.00009383
3.00005006
3.00004859
3.00005723
3.00005853
3.00008081
3.00005638
3.00009245
3.00006705
3.00008658
3.00006596
3.00011288
3.00024908
3.00037803
3.00013642
3.00008880
3.00020095
3.00013144
3.00008212
3.00038947
3.00085056
3.00029714
3.00017897
3.00076564
3.00139935
3.00022023
3.00017228
3.00024304
3.00034261
3.00019727
3.00017628
3.00016244
3.00037000
3.00021495
3.00037123
3.00038425
3.00014324
3.00037879
3.00016667
3.00029374
3.00017958
3.00011836
3.00008706
3.00007346
3.00027788
3.00134181
3.00020373
3.00015435
3.00012183
3.00137177
3.00270582
3.00010685
3.00034150
3.00057773
3.00247188
3.00182730
3.00189374
3.00251399
3.00097127
3.00142378
3.00321659
3.00924878
3.00938458
3.00630765
3.00121943
3.00319910
3.00055062
3.00079584
3.01350734
3.01810156
3.03408716
3.01277437
3.00045119
3.00031074
3.00014291
3.00030904
3.00007519
3.00651632
3.00214575
3.00638247
3.01371334
3.00378237
3.01870659
3.03455131
3.01437405
3.01883969
3.04422222
3.01779700
3.01362210
3.02388598
3.14014943
3.12365874
3.11822106
3.09285049
3.07918509
3.04092337
3.13364787
3.21628933
3.17788419
3.05987950
3.04010662
3.02701143
3.06556662
3.01471314
3.00530229
3.04990126
3.03803408
3.05007330
3.04627537
3.01230819
3.00809545
3.00759626
3.03453887
3.10532738
3.18813543
3.19448003
3.01996261
3.11262014
3.04427180
3.01913041
3.04917160
3.13493406
3.09767297
3.05631480
3.24766439
3.20000892
3.07381367
3.06098360
3.05173779
3.08176427
3.04331303
3.03441660
3.13986697
3.31582760
3.13207130
3.00814920
3.17994564
3.28650924
3.25352194
3.12381042
3.04356422
3.21943332
3.62794356
3.90450250
3.22533343
3.79494002
3.38116912
3.10392745
3.21549077
3.94996806
4.54491641
3.79285259
3.82323060
3.97185206
3.79729854
5.28272078
4.88895755
3.39671527
3.08598484
3.38591120
3.27537973
3.93899179
4.92217307
4.11904319
3.32386170
3.95892611
4.40139334
4.08072245
3.33521661
3.39873994
4.45094408
3.52590376
3.49448562
5.90358488
6.98777283
4.83634171
4.17033350
4.51314926
6.68914949
6.41389524
4.45507602
3.91047808
3.73245663
5.02763338
6.25506466
7.09708832
7.79547396
10.08988721
11.24787597
8.38747083
5.87438924
5.92496929
5.06831790
5.01157665
6.29794974
4.69849465
5.42189705
4.32169877
6.19913291
6.50340731
6.54934785
5.33101133
3.85097405
3.79483310
3.47518033
3.39831831
3.18367067
3.39314307
3.57132143
4.63821529
7.19568102
8.33446308
7.23258003
8.13185293
8.80770774
7.47703554
5.58720234
5.96221937
6.23271858
5.17994578
8.33968963
8.45582598
5.55514848
3.37591125
3.70846637
3.85594997
5.15347332
9.83516570
11.59137254
8.02840208
6.51957943
8.40395282
10.35800495
12.56549590
6.50559631
6.08068105
5.16981714
5.76713902
6.84647475
9.07949802
9.97833391
8.33235404
6.07571601
8.07353142
12.41221456
13.91637849
14.06405072
8.91258359
7.75036707
7.73612186
6.31105255
6.35886921
7.81870674
8.51032537
7.72679210
6.41590969
9.90016653
8.71458040
10.18292523
8.17916716
8.38647263
6.89184131
6.89004561
7.39510059
9.43630495
12.24758342
12.23843515
11.05521423
9.71431571
10.84530603
10.66777106
14.11604046
13.38542713
10.14634674
14.30765432
16.10300024
15.97255498
15.72219159
11.68591327
13.27482698
14.05234835
15.62433791
11.43723458
13.28776706
13.45960135
15.14882115
13.84917349
10.17008781
8.56322038
10.26246114
10.86432893
10.87950971
12.00334506
11.38572594
14.06542298
13.30909339
13.47093392
12.84812935
9.30671869
10.26700362
11.24315761
11.01154497
8.50305288
10.64680340
12.56035501
13.97806665
13.96352408
14.16563710
13.62410811
16.09753715
9.57963680
14.58805125
15.17628855
12.97551823
14.09663500
15.05759418
12.42943052
11.38811944
12.41033859
9.24689412
12.62605478
12.60421686
10.52969871
8.25894443
11.03360871
12.26223493
11.18913599
9.85411376
9.42034606
15.11664693
16.95252151
17.93201179
17.56991402
14.39910859
11.54755817
14.04505838
11.52440005
8.76760786
10.65710275
11.92336050
11.73274491
11.45231618
11.32059112
7.63272237
9.43313661
5.11496350
6.72388106
7.12859329
5.69440638
5.06225801
6.39002744
7.83872839
8.27620044
9.59060080
11.60697408
15.07280435
16.35903358
13.09376526
12.27757447
15.04613410
13.36502002
13.63708964
9.14099258
9.49819246
13.62665957
13.62680124
14.76296931
12.10071702
14.40689769
9.08540656
16.26509808
14.84941316
13.34322517
12.92130512
8.17388017
6.66956352
11.64355261
11.12528167
10.43820660
11.32418028
10.52699879
11.85831862
15.32825977
14.67719743
15.58001842
15.01441319
11.83240382
12.83005086
7.68812280
11.16542223
11.05042784
12.07362246
12.96466842
14.01799983
13.43220978
11.80749579
11.99854161
15.34052327
13.04901309
13.88017142
13.36467109
14.26822845
15.61590251
12.39704815
13.80606855
11.48611949
10.34996066
9.34310781
12.41643493
11.94275748
12.55892180
8.76839011
13.14578119
11.44461808
12.18047354
12.41240976
14.03333839
14.08940264
8.93727064
12.98040950
16.11750543
14.71144551
14.93428555
12.22960773
11.56729138
10.47499674
11.70993710
10.21933634
9.91244366
9.75502621
6.06098534
6.40500497
6.78417564
8.34339143
9.45478592
5.32989702
7.76445114
8.35340549
8.65185832
7.99590089
8.07436884
7.94981562
7.15266012
11.09625952
10.11498544
7.23676208
7.76215507
6.19721358
5.54198213
8.00150376
8.78735029
8.90151520
8.19963301
10.84056847
13.05323039
12.34758585
13.02105252
13.62256969
14.21019100
7.58146760
11.52059386
10.77867682
11.20756774
8.62979272
9.50059830
8.88552355
6.60041125
7.53616726
7.97736035
7.35092820
4.37240198
3.95705755
4.50176638
8.24927519
8.89895530
9.19290351
5.26498539
6.35992290
7.36181438
7.48000986
7.00104997
10.55118940
9.69859241
9.41822293
11.55505282
9.94087991
12.23198884
13.78691763
13.01207901
11.26685634
11.34199774
8.38151840
6.79214097
4.85464948
7.31769666
6.73289406
6.60566400
5.81471626
8.12577904
6.26445096
6.60196155
6.79228088
5.95731894
5.92219807
6.45865251
6.66861227
6.49928452
6.99814265
5.54381034
4.04463599
6.02854270
6.52601876
9.20454175
10.00727604
12.08140825
10.42739498
10.64495657
9.23185069
10.86168215
9.31476119
7.83586972
6.30089180
6.84131876
6.00138916
4.14099986
6.79490450
7.37755231
8.48638076
7.17418117
7.41519633
8.12810190
5.52761598
5.21836694
5.70470329
6.44369939
6.98171009
6.48567319
6.15494124
5.50456221
8.25989266
8.75688092
11.39006374
12.07811140
12.26913123
11.05065470
8.75549406
7.56597973
6.12832027
5.72394623
4.58781195
4.27472342
3.83798394
4.82008640
6.11609597
6.97466416
5.45195087
6.41236400
7.87513372
10.80018579
9.69637547
12.22338303
13.53708656
13.68896882
8.93911217
8.58933990
7.27039078
5.40859613
7.38765927
5.14521348
6.89930809
6.28329125
6.16342760
7.82853925
9.49462643
9.94547077
8.15543319
9.34449390
7.34088810
8.16839788
7.59762485
7.51057478
6.94254464
6.66619941
7.09786842
6.31547354
7.17418625
7.29379385
11.43244207
10.20948731
9.22774622
10.83894089
11.48611588
11.38110450
12.64782104
10.63878136
10.56689213
11.47914272
10.20545385
8.80451556
12.26782026
10.24004294
12.67256686
8.62732626
10.38015490
9.40256432
10.33112633
11.52010500
13.20529221
11.25182233
12.04140466
14.18572027
14.38076444
14.50474348
13.09093839
13.28543910
9.96772841
14.77218459
12.76750985
13.34372183
11.30270514
11.74794939
8.99772473
10.93570417
6.39593357
5.98802026
6.99552660
8.78951731
9.39092866
10.86983934
12.92393711
14.26880716
13.30494065
11.86278066
13.39383024
12.59648430
7.83952056
7.87333805
7.46279330
10.73129475
11.06122750
10.49186941
9.56421210
9.66006349
10.83289267
9.52596127
11.53865496
8.57701260
7.39424596
10.38389612
8.95639549
8.11313129
12.04588772
11.04863566
11.41623883
12.66812445
12.84684285
10.59612475
9.53434394
7.56741770
8.35702965
11.04984744
10.20041944
10.70076705
9.01993287
11.41674783
13.48257973
15.84746706
13.87997766
13.23418826
13.19598545
12.51493302
8.52560200
9.28295645
8.82064462
8.04872200
6.26357172
6.19279111
7.40659836
10.70750548
8.02581122
9.72889228
6.84131510
9.97129919
11.59938564
10.77469155
12.66466864
12.65142274
12.13062062
10.13710093
9.38591765
7.88359253
9.75917691
9.10485470
10.79223750
11.96456462
12.66993675
10.39042510
10.20596324
9.74746152
9.77871436
6.62516300
9.47639129
10.32091709
9.50488175
7.96998774
10.49273278
11.42431397
10.04110277
9.72404515
8.42192157
7.32814633
7.63239969
8.71302820
10.12559720
7.32088307
10.17240101
10.42666066
13.34480050
12.07980920
10.91154731
11.52960915
10.85595337
9.22601388
10.48145382
10.37138314
8.76444108
11.12591155
11.89103395
11.74916097
9.52089193
9.46970540
8.01067355
11.79104484
8.13331860
8.78626442
11.27152725
10.51280220
7.94069165
8.91296592
7.32235885
5.39045072
5.89794342
8.57523481
9.88529961
9.91438519
9.99754272
9.39417911
9.12638850
9.85323023
8.98659421
10.06482852
9.94574184
11.60739855
9.71603878
9.06479345
10.19572180
10.67244527
11.81428447
10.10673741
13.37553770
8.68926845
9.83913942
11.87263284
9.70066928
9.33937857
9.50400145
9.80863831
9.62252490
10.34512328
7.65319103
6.25709600
4.94245055
8.05293633
6.00121580
5.83986858
4.76317790
4.47856563
5.40678453
6.02563220
5.63785478
6.27320793
5.49716893
4.76720989
7.60403772
10.99952755
9.93171883
8.61367347
7.55420715
9.40988360
9.12082535
7.52140730
6.48938786
6.77747434
7.15889596
7.56075210
7.81351622
9.91415933
7.23287626
9.45834380
7.62921439
8.19426840
11.10456576
12.74822427
11.58919875
13.58525203
11.45435149
11.19777245
9.22280394
10.33137051
11.03609912
8.24397651
9.46205198
11.59681628
11.36622246
12.28235859
13.70016885
12.73482792
10.61472976
10.46744899
6.29598151
8.49228616
8.05538217
8.32711390
5.02861852
5.46001005
7.98174203
8.00438887
8.68263128
11.60870957
11.58904521
11.47554538
11.08528068
13.37817169
14.98324086
14.03005239
11.69516720
11.48449761
9.38677695
9.68182467
8.10533609
5.09053597
5.40964776
4.66282524
4.92251963
7.91595030
9.57420281
11.01608308
14.94946294
12.41548768
11.40459491
8.92744301
9.44534364
6.53271803
9.10840242
10.75277520
9.46846572
9.09520820
8.08419777
7.67113470
8.81702691
8.65082304
8.49158300
7.18676023
5.70350155
7.24648890
5.57723165
6.55545476
7.58976123
5.94961899
4.50302364
5.23830184
8.34923519
10.28879175
8.62108364
5.02787291
5.30514321
5.11954484
5.09995783
4.83626527
4.69491600
8.29812027
9.04146596
9.86713260
6.28654273
5.90821576
3.94230474
4.64600513
5.05017956
6.43461220
6.16898417
7.06059250
8.35501831
9.76802746
10.95418210
12.13316887
11.49873217
10.69390529
10.13744834
13.06770133
10.57117840
8.43657231
9.49411158
10.80953529
10.79984087
9.58574862
9.98975557
7.58272069
8.80156994
8.70321290
10.33016632
4.97059581
6.92779749
7.93658409
8.55362933
8.13638645
10.03125213
10.77617658
10.81523787
9.87008139
10.58175444
11.31861020
8.74436052
7.66019395
6.49340122
12.32680351
11.93128256
11.13808008
8.07147919
5.21846788
5.04990976
4.66808970
4.47686851
6.94773420
6.92505034
5.99978592
7.80655004
7.74050914
5.59874911
6.62289063
8.21574627
8.50543962
9.37441724
8.38237121
10.85653942
9.08952789
7.95446161
6.24786516
8.00015016
9.65679319
8.37816131
8.56834921
9.10192878
11.46498993
11.37608865
11.55439209
7.87517349
10.17777448
9.47962172
11.08739724
12.79393846
14.04470757
13.87004564
14.82848990
8.81192849
11.96831878
8.43930983
6.79693177
9.74344927
8.56265820
10.36884262
11.60795237
10.93928742
11.06584429
12.22994856
8.58542097
10.89354164
10.35016640
11.32020000
12.08630021
11.34639722
9.06312101
6.48110420
5.78711793
5.80988828
4.48578997
4.35104958
4.40721483
6.07701879
8.93760052
5.81315420
7.56363700
9.15475149
8.30441912
6.85508624
5.92613994
5.49070078
5.70010692
7.42188350
8.23142424
9.67127343
11.48515888
11.24681996
9.18162691
8.71720797
12.75667413
14.20276094
9.52263297
12.43460535
13.75522795
13.75173131
13.46594904
13.12485060
13.10179241
13.99364172
13.08543445
9.30314059
8.93297254
6.91058662
8.13422207
6.86921912
7.57806601
8.06627125
9.89478600
7.47525374
9.96954526
9.96510924
13.65896745
13.78240634
12.35864524
11.97198144
10.88784218
13.97425056
14.27183483
13.60798116
12.56315930
13.31026313
13.77300069
9.14495201
11.70880931
12.92904059
11.74202387
8.53010333
7.28611500
7.35378622
9.02048978
9.67767934
8.61559771
7.11716596
7.51225943
7.06831890
6.49003227
5.67578565
4.47855908
4.76776121
3.85586807
3.77389997
5.02342041
4.88006244
5.27262292
5.28236526
5.69359202
5.22493696
8.19470551
6.68194553
7.15299421
10.48004500
10.31649026
9.32438895
5.94238964
9.07278919
10.55903746
7.76154733
7.33871505
9.35326664
7.12424910
6.09166822
5.87163854
6.79738410
6.35780912
5.98346869
4.87134791
4.35583883
6.84320711
5.78421847
5.33526541
6.02824358
6.13426347
5.21915062
4.40540333
5.13809145
5.41602465
4.00704268
4.12938770
5.44976454
4.98176357
5.21370439
5.17009374
4.65914525
4.58558760
4.15787897
3.62487289
3.75926152
3.36208545
3.66462857
3.51388929
3.28822859
3.36318130
3.70674319
3.96770780
4.53276214
5.36914107
4.78034228
4.70574617
4.18203847
4.06310682
3.53739226
3.83091459
5.70440876
7.24595649
7.98042831
7.05966212
4.79424538
5.39283639
7.55425093
8.32054551
7.54888441
6.61720564
4.77192999
4.71717379
7.68285543
8.77819835
8.76581958
4.98393964
5.29204243
5.23798984
3.73650332
4.10899659
4.63513272
3.57351920
4.12973317
4.39750360
4.54056976
4.00697140
5.01625939
5.83659441
5.71346671
4.22458734
4.52567931
4.36033617
4.12882428
3.55171998
3.89293332
3.91569824
3.33089098
3.55054114
3.91824284
3.32499751
3.44462985
3.27179613
3.52415980
3.25637605
3.13342975
3.31431581
3.37197294
3.41525057
3.46898422
4.16357612
4.17528392
4.76123638
4.53368793
3.73668007
3.73899175
4.24252736
4.02749098
4.35875012
3.51169360
3.68530526
3.59854456
3.37603945
3.31886411
3.40749316
3.78547438
3.27788964
3.20124207
3.40029587
3.41727956
3.23208842
3.17713328
3.08256387
3.08834861
3.11438912
3.13155884
3.07151889
3.19742585
3.08708295
3.05810830
3.31908788
3.55130825
3.23625881
3.09944022
3.14917518
3.15963222
3.05165239
3.02717551
3.04973471
3.05205923
3.08765683
3.07048051
3.03941640
3.04149296
3.08838222
3.04602799
3.08152392
3.22838137
3.12084086
3.22706800
3.15679956
3.03644444
3.09861280
3.09354651
3.05313310
3.05463846
3.04800600
3.01345687
3.00573808
3.01069847
3.01303495
3.00361769
3.00673200
3.00919925
3.01178947
3.00393156
3.00623169
3.00722478
3.00323570
3.00732288
3.01544366
3.00923784
3.01516194
3.00436189
3.01098796
3.00841414
3.01632385
3.00735965
3.01275675
3.00579651
3.01227500
3.02181200
3.01987262
3.00988991
3.00324824
3.00333506
3.00416296
3.00295520
3.00232458
3.00200352
3.00391957
3.00373929
3.00537238
3.00277487
3.00096549
3.00070204
3.00098129
3.00144365
3.00108991
3.00106958
3.00086612
3.00070116
3.00101294
3.00098861
3.00101435
3.00082878
3.00174554
3.00126338
3.00159215
3.00190601
3.00224626
3.00139950
3.00282766
3.00240826
3.00273442
3.00160835
3.00113935
3.00222589
3.00358658
3.00398924
3.00747455
3.00411901
3.00300181
3.00336231
3.00219292
3.00196854
3.00330446
3.00456881
3.00296074
3.00215104
3.00153730
3.00073526
3.00096876
3.00067099
3.00105605
3.00280749
3.00528986
3.00487927
3.00426949
3.00286282
3.00105669
3.00075817
3.00058966
3.00045827
3.00039421
3.00027653
3.00076112
3.00126583
3.00078666
3.00024402
3.00014932
3.00009240
3.00005460
3.00010064
3.00011785
3.00011990
3.00010882
3.00010788
3.00053474
3.00029046
3.00011056
3.00014568
3.00032164
3.00044759
3.00055762
3.00034100
3.00025966
3.00018641
3.00045133
3.00036925
3.00046736
3.00083547
3.00072326
3.00076763
3.00073360
3.00061884
3.00064228
3.00064270
3.00067560
3.00077273
3.00081211
3.00168456
3.00166751
3.00193060
3.00179469
3.00143660
3.00126882
3.00080466
3.00082214
3.00052518
3.00027420
3.00048360
3.00035889
3.00020069
3.00019934
3.00025497
3.00018226
3.00012913
3.00013384
3.00013013
3.00013619
3.00008460
3.00006596
3.00004379
3.00001987
3.00003388
3.00002793
3.00002677
3.00006535
3.00011943
3.00015096
3.00019836
3.00018529
3.00031887
3.00072968
3.00068852
3.00048944
3.00050785
3.00033769
3.00026396
3.00065242
3.00043787
3.00014602
3.00019153
3.00006623
3.00006535
3.00002851
3.00000493
3.00001683
3.00001286
3.00000399
3.00000393
3.00000372
3.00000466
3.00003986
3.00005351
3.00000644
3.00000362
3.00000241
3.00000617
3.00001295
3.00000512
3.00000489
3.00001095
3.00000364
3.00000275
3.00000534
3.00003023
3.00002104
3.00000763
3.00001987
3.00000532
3.00000894
3.00000845
3.00001947
3.00007984
3.00004856
3.00002040
3.00003202
3.00003994
3.00008804
3.00008731
3.00002588
3.00000398
3.00000710
3.00001590
3.00001459
3.00003004
3.00015121
3.00039285
3.00021012
3.00035545
3.00036673
3.00025717
3.00019242
3.00016608
3.00012447
3.00005664
3.00006623
3.00016144
3.00028140
3.00028876
3.00046596
3.00032669
3.00009376
3.00011806
3.00016314
3.00012551
3.00005967
3.00002225
3.00002415
3.00007890
3.00005890
3.00004697
3.00001808
3.00002878
3.00006165
3.00000914
3.00001765
3.00001718
3.00002025
3.00002211
3.00008039
3.00005011
3.00003034
3.00003032
3.00004638
3.00010654
3.00009638
3.00007469
3.00004249
3.00003182
3.00002692
3.00001366
3.00001541
3.00007394
3.00003155
3.00000564
3.00001983
3.00002263
3.00001139
3.00003281
3.00002111
3.00005698
3.00006929
3.00004742
3.00008421
3.00014471
3.00019565
3.00037334
3.00026806
3.00007194
3.00005057
3.00007347
3.00010211
3.00012825
3.00011889
3.00006983
3.00004727
3.00004324
3.00003933
3.00003464
3.00005810
3.00002811
3.00002440
3.00006437
3.00004601
3.00004715
3.00002087
3.00002836
3.00003879
3.00001527
3.00001989
3.00005236
3.00006258
3.00004293
3.00017924
3.00017526
3.00020363
3.00028353
3.00046473
3.00098703
3.00094366
3.00060381
3.00035492
3.00034270
3.00014211
3.00013050
3.00008247
3.00005325
3.00003790
3.00002559
3.00007030
3.00020863
3.00017613
3.00007682
3.00004343
3.00003716
3.00004708
3.00010197
3.00006916
3.00007752
3.00004424
3.00001132
3.00000899
3.00001713
3.00009543
3.00001629
3.00000094
3.00000959
3.00000281
3.00000248
3.00000502
3.00000472
3.00000231
3.00001443
3.00006723
3.00001824
3.00002442
3.00001869
3.00000720
3.00001455
3.00002009
3.00000985
3.00000847
3.00000664
3.00001143
3.00000765
3.00000739
3.00000901
3.00001474
3.00002050
3.00004835
3.00007641
3.00010446
3.00011850
3.00008759
3.00010254
3.00014485
3.00015166
3.00019764
3.00024605
3.00025256
3.00037893
3.00040509
3.00040024
3.00075617
3.00081378
3.00051921
3.00040267
3.00051106
3.00042695
3.00034680
3.00025254
3.00023231
3.00015304
3.00015149
3.00014135
3.00013893
3.00023182
3.00011753
3.00010518
3.00014339
3.00002474
3.00002119
3.00008100
3.00009814
3.00005848
3.00032290
3.00056614
3.00011051
3.00018514
3.00031176
3.00084141
3.00170207
3.00237597
3.00245349
3.00446483
3.00222155
3.00343196
3.00413046
3.00746889
3.00746193
3.00538354
3.00734809
3.01251922
3.01878091
3.01882990
3.00420928
3.00176852
3.00086041
3.00173947
3.00080184
3.00063159
3.00942832
3.01776320
3.00451657
3.00605071
3.00498117
3.00232231
3.00178054
3.00282295
3.00193874
3.01481226
3.00859377
3.00031347
3.00008979
3.00004911
3.00116063
3.00071176
3.00020116
3.00083703
3.00019477
3.00075515
3.00090074
3.00653251
3.00086811
3.00062444
3.00084159
3.00158274
3.00055148
3.01364746
3.02042828
3.01165044
3.02521480
3.00645306
3.00137520
3.01763954
3.03273825
3.03056450
3.02911987
3.01328600
3.02276925
3.03770655
3.06578642
3.06680884
3.08230806
3.17377945
3.21466300
3.13696070
3.08393219
3.10752072
3.21517879
3.62381196
3.18213899
3.14209501
3.12077328
3.22220883
3.17527804
3.11166102
3.08978636
3.39393574
3.27297024
3.27160020
3.10774119
3.46375983
3.52824090
3.57269495
3.74623549
3.61540231
3.77068184
3.79443450
3.30581260
3.73275109
3.67712547
3.42639016
3.75591774
3.51845716
3.12270607
3.12636417
3.12027271
3.07532623
3.10105475
3.06177419
3.21033793
3.31636806
3.16999388
3.07844482
3.12771627
3.44016558
3.44536977
3.22397122
3.21682427
3.04335840
3.04438126
3.20874588
3.21641325
3.23971345
3.10592719
3.02803771
3.07509330
3.06275906
3.41589466
3.51363592
3.42090615
3.76456512
4.10189155
3.70842827
3.85230713
4.17640894
4.51250425
5.11440626
5.62305881
5.27484217
5.33121426
6.04232994
5.50950694
4.95804043
5.61489363
5.56488678
4.84219693
4.03732441
5.01836125
4.77563298
5.89705524
5.67463948
5.67790081
5.18278004
4.24543416
3.74907389
4.80824660
4.92748234
4.35726159
4.50306091
4.98126619
5.20561443
4.37201688
4.08396356
4.70828017
5.24196133
5.72579728
4.61986073
5.54038580
6.02499593
5.65955177
5.48577894
5.18790933
4.38970674
4.92396781
5.68725354
5.56492345
4.33524731
4.78229290
4.31482516
6.49586003
7.10876610
8.14733806
8.78210826
7.71278260
7.50366652
7.24624827
8.73597642
7.54411429
5.97236963
4.46962571
5.79399236
5.51669444
5.75668781
6.98271447
9.26447348
11.74513457
8.20805752
5.77360787
9.11848342
12.34850589
11.21124467
11.19275916
6.89626711
7.33872432
5.56910923
11.34621552
11.15668191
11.25932639
10.63857179
9.01458654
9.68835096
6.86702677
10.50110313
9.61479590
14.54470803
13.54776099
12.71719152
8.51204448
6.76435261
9.70623880
6.48102931
5.87581903
6.68041702
5.81322332
5.85981018
5.98461276
6.11652837
6.18219354
4.49507309
4.49072887
4.34102491
5.01840897
4.81915182
4.95474545
4.01394731
5.51003258
5.54078157
8.19811475
7.24220891
5.78522387
5.82798698
6.34281666
5.30468254
6.64780641
6.42560411
6.98193776
6.57800507
7.01235901
8.50520736
8.69758217
7.38438854
6.40318402
5.26938697
4.76632700
6.50552951
6.06525713
6.58803968
5.61279712
6.48743786
7.00198181
6.85119882
6.10701413
6.09105454
5.03166855
5.63660113
5.94796405
6.57539902
5.96135306
5.72165759
5.79997835
8.22808982
9.21988370
8.52858463
8.98858517
6.92620312
5.08363288
4.21313896
5.36762295
6.38667822
4.86045403
5.02842228
6.32944688
5.02570754
5.39914049
5.41374282
7.47308911
8.84669143
8.70922132
5.63734486
8.75559002
8.32284213
7.30063993
7.99509805
7.78529695
7.47446594
9.73074975
9.40212916
7.36416567
6.81324631
3.83312829
4.83706744
5.12085613
4.66323048
4.54735875
5.78570453
5.96595362
6.54160789
5.49808367
4.50964279
4.17706232
5.19511892
6.68590916
8.04668775
6.71441379
9.13390515
8.80791456
8.40182959
11.01214510
9.04536905
8.85313604
10.04819066
7.05481826
4.65083316
5.52167003
6.51524592
7.00512834
6.58263421
7.29460853
8.74871277
8.92876059
7.36536959
7.60413307
5.84210207
11.45048254
13.41315032
9.34048380
10.78842768
11.31009468
12.12464203
12.32356017
12.09919544
10.65563441
12.59185603
7.64676048
7.94060207
5.93674708
7.40841760
7.22488264
8.09537208
8.49896866
9.89989906
9.25360577
8.86024256
8.48874004
9.20772208
6.58261421
5.60076334
6.40735543
7.91022702
5.87837287
4.26878967
6.26674844
6.13560679
7.44919511
7.16723498
6.54070027
8.42200987
6.05556795
6.27704821
7.05794457
5.55406112
5.62669793
8.51678689
8.35310641
8.25924501
5.88186505
9.94550200
11.47990787
9.42176825
6.28963599
5.77000679
6.93444701
5.83021618
5.93534348
4.07764036
5.04991845
6.50563046
8.25870895
8.16045328
8.71062178
9.72743015
10.66768237
11.38580731
12.23790977
6.83644859
8.02270317
7.22062035
7.64681261
7.80360185
9.63435053
5.64258983
6.01746608
8.39174280
8.63833886
8.84073626
6.99715905
6.75475576
5.92689323
4.55316565
4.97507110
6.77136124
6.39332719
5.64596660
5.64749994
7.86498882
8.71998771
7.44526368
6.91263017
6.62688066
8.15262337
6.42929587
8.79176998
9.23751395
6.33632688
6.60167453
6.18505899
5.40690707
6.81761882
8.01422118
7.37101991
6.17516284
5.79275687
6.26927931
4.94730122
5.92780227
6.33620093
6.87212944
5.90634456
5.91327961
6.76969973
6.01823671
5.02021741
6.05788350
4.57220759
5.18191863
5.17086411
5.79773598
5.20998845
6.38853302
5.92605343
5.82103339
4.35428652
5.30175124
4.33996245
3.84673888
4.73000396
4.94289697
5.26448660
5.35079972
6.22832360
6.14363219
7.05887562
7.61726840
5.80778923
4.48759263
4.32635848
4.75697716
4.99642960
5.82458502
4.86633234
6.19018108
6.73606680
7.61411781
4.51034645
6.04276188
4.32079838
4.50703781
4.02452438
4.77603982
6.21230079
6.80072973
3.82265995
3.94256581
4.28786031
5.90525006
5.57215242
6.27095868
4.21934900
4.85191493
6.87410919
8.36104406
5.95780474
5.49332204
5.76511435
5.86427651
6.53845820
5.42042864
4.10068963
4.52741884
4.48389118
6.04414843
6.11075767
6.75130483
7.78622626
9.31180057
9.17780693
9.55264737
11.57848364
6.62039672
8.12015119
6.80520915
7.54579102
9.15307237
8.53818266
11.81925076
9.47004595
10.25445174
8.91056457
11.08179167
7.25319301
10.28031661
10.71412387
11.56818468
11.58306109
9.94791717
11.43416333
11.48937847
8.11200732
5.76786841
6.80569628
7.15802012
8.70293217
8.08460925
7.39173782
6.13269854
7.49400663
7.15512253
6.72671901
6.95889564
8.65317601
8.96479397
10.30016250
9.08950701
9.44546557
6.63301002
7.76129934
7.66167257
7.62946644
9.43721163
6.70355602
10.81679266
8.81284226
6.83186049
4.37347690
6.68466719
7.08247238
5.29160765
4.55623045
5.64445738
5.90913754
5.74290818
5.17915391
4.39272438
4.57055442
4.70828825
4.81681618
3.55897205
4.06064132
4.10813589
4.64718289
5.32419778
5.29969267
4.43378413
7.41845940
7.74222556
6.70399809
4.71534174
5.57530035
8.02564891
9.37765354
9.67854831
8.32481485
6.91081553
6.81521592
5.62185969
6.55343933
7.55144775
6.15208774
5.76302316
8.42618906
6.86756418
6.56680914
5.63482154
6.44108889
7.22007138
10.53970815
8.28585755
7.48439942
9.77058421
10.54232798
9.03918273
8.36459664
6.89620696
6.50048360
7.47085059
7.52336775
8.20676638
7.17005233
5.32174231
6.15337763
6.25309314
9.07364160
9.25919594
7.27981483
7.47020376
7.52722995
7.81323771
10.50578456
10.05331912
10.15545218
9.50595560
5.54381734
5.27426619
4.63626597
5.70856853
4.74474311
5.15355203
5.63071882
5.49978142
5.09938532
5.18734561
6.21147146
5.48451661
5.45524190
5.58679354
5.32036990
5.58541748
4.27992543
4.61532434
5.17586493
4.47196137
6.01137621
6.30397630
4.73169712
3.70473729
5.39943938
4.65608959
3.87293420
4.42452514
5.13255610
5.03200221
5.22183433
6.61349491
7.40818719
5.51567329
4.93917469
4.45995361
4.75882491
3.41865188
3.34011856
3.47027892
3.26497850
3.19672235
3.27196139
3.40312770
3.45907776
3.26359423
3.21159829
3.26641271
3.14190504
3.09832857
3.12879306
3.06595253
3.06386784
3.03053411
3.04286508
3.03018123
3.01441084
3.02230743
3.02570540
3.15067743
3.05095623
3.01655073
3.06476622
3.02585566
3.02315942
3.00911416
3.01672455
3.06285261
3.03457154
3.02473932
3.01658969
3.02899618
3.03877520
3.01841425
3.02258522
3.01922534
3.00337622
3.00062371
3.00344644
3.00301611
3.00313070
3.00312387
3.00127048
3.00057161
3.00055228
3.00126159
3.00106150
3.00084269
3.00018013
3.00018673
3.00013039
3.00012235
3.00026350
3.00013080
3.00034756
3.00084412
3.00085906
3.00082784
3.00099205
3.00095663
3.00041247
3.00037516
3.00142790
3.00051142
3.00079996
3.00053506
3.00082257
3.00090701
3.00126014
3.00094562
3.00047298
3.00070697
3.00051069
3.00024393
3.00050402
3.00134942
3.00136037
3.00076711
3.00092391
3.00104049
3.00105627
3.00067268
3.00045665
3.00054557
3.00043162
3.00026844
3.00013500
3.00017082
3.00018301
3.00018708
3.00008159
3.00005706
3.00006926
3.00004491
3.00003236
3.00018748
3.00026477
3.00005494
3.00002440
3.00001764
3.00001849
3.00001454
3.00001700
3.00003430
3.00003816
3.00003004
3.00002651
3.00003135
3.00004799
3.00003881
3.00005600
3.00003986
3.00003380
3.00004556
3.00005476
3.00006817
3.00003371
3.00002087
3.00005678
3.00007471
3.00007007
3.00009442
3.00014054
3.00035085
3.00021612
3.00016987
3.00016238
3.00020931
3.00017626
3.00017530
3.00008194
3.00006890
3.00005604
3.00013437
3.00041478
3.00024784
3.00012077
3.00024519
3.00023888
3.00004991
3.00005052
3.00004284
3.00008048
3.00008052
3.00008049
3.00011569
3.00021875
3.00021635
3.00012868
3.00023720
3.00011721
3.00009083
3.00009377
3.00015215
3.00006819
3.00006035
3.00003704
3.00003635
3.00004605
3.00006302
3.00006061
3.00006924
3.00009751
3.00009936
3.00005391
3.00005619
3.00009079
3.00010910
3.00009400
3.00017954
3.00041150
3.00043621
3.00028934
3.00015805
3.00016087
3.00011482
3.00010338
3.00010572
3.00006833
3.00008294
3.00009184
3.00006154
3.00004730
3.00002859
3.00002789
3.00002671
3.00002768
3.00001725
3.00001435
3.00001336
3.00001570
3.00002045
3.00001180
3.00002031
3.00005169
3.00014722
3.00021635
3.00025852
3.00020274
3.00010102
3.00010554
3.00003007
3.00002178
3.00001327
3.00000559
3.00000532
3.00000501
3.00001509
3.00001918
3.00001255
3.00002056
3.00003697
3.00004294
3.00002331
3.00001172
3.00001291
3.00001780
3.00002953
3.00001744
3.00001654
3.00001329
3.00001752
3.00001796
3.00000946
3.00001165
3.00006116
3.00006419
3.00001980
3.00002723
3.00002322
3.00004267
3.00001701
3.00000541
3.00000939
3.00002493
3.00005485
3.00009937
3.00007770
3.00001546
3.00001990
3.00001950
3.00001683
3.00003325
3.00001375
3.00001070
3.00001283
3.00001729
3.00000582
3.00001038
3.00001145
3.00001592
3.00008845
3.00009707
3.00003830
3.00018631
3.00065603
3.00119581
3.00181156
3.00242187
3.00374474
3.00278004
3.00256568
3.00093429
3.00040190
3.00036797
3.00007627
3.00001050
3.00000571
3.00002360
3.00002891
3.00002760
3.00003598
3.00003529
3.00005701
3.00002411
3.00000250
3.00000160
3.00000381
3.00000526
3.00000329
3.00003228
3.00001301
3.00000377
3.00000689
3.00002308
3.00000639
3.00000710
3.00001438
3.00004595
3.00005399
3.00001486
3.00000702
3.00000883
3.00000798
3.00000314
3.00000392
3.00001980
3.00009157
3.00005901
3.00000329
3.00000130
3.00000305
3.00000424
3.00000305
3.00000133
3.00000279
3.00001101
3.00001872
3.00001574
3.00002702
3.00002395
3.00001774
3.00004040
3.00004965
3.00001725
3.00000680
3.00001257
3.00000803
3.00001128
3.00000655
3.00000924
3.00005888
3.00003916
3.00001607
3.00002611
3.00000929
3.00001041
3.00002510
3.00001437
3.00002927
3.00001717
3.00004824
3.00007794
3.00011054
3.00005601
3.00007211
3.00008903
3.00002916
3.00003046
3.00004077
3.00002597
3.00003064
3.00002988
3.00003386
3.00002106
3.00001424
3.00003292
