1.00000000
1.00000000
1.00000000
1.00000000
1.00000000
1.00000000
1.00000000
1.00000000
1.00000000
1.00000000
1.00000000
1.00000000
1.00000000
1.00000000
1.00000000
1.00000000
1.00000000
1.00000000
1.00000000
1.00000000
1.00000000
1.00000000
1.00000000
1.00000000
1.00000000
1.00000000
1.00000000
1.00000000
1.00000000
1.00000000
1.00000000
1.00000000
1.00000000
1.00000000
1.00000000
1.00000000
1.00000000
1.00000000
1.00000000
1.00000000
1.00000000
1.00000000
1.00000000
1.00000000
1.00000000
1.00000000
1.00000000
1.00000000
1.00000000
1.00000000
1.00000000
1.00000000
1.00000000
1.00000000
1.00000000
1.00000000
1.00000000
1.00000000
1.00000000
1.00000000
1.00000000
1.00000000
1.00000000
0.99074441
0.98994219
0.98775685
0.98873222
0.98840743
0.99136096
0.99005085
0.99182922
0.99102330
0.99134314
0.99088401
0.99167550
0.99007541
0.98921305
0.98842454
0.98901016
0.98942089
0.98952419
0.98896372
0.98719054
0.99118072
0.98979223
0.98818856
0.98818099
0.99159908
0.99101347
0.99134856
0.98981398
0.99128562
0.99198860
0.99099380
0.98933405
0.98916411
0.98826164
0.99052447
0.99169016
0.99100012
0.98984587
0.98928529
0.99065816
0.98992425
0.99028617
0.98927820
0.98781455
0.98479319
0.98628134
0.98967338
0.99048328
0.99123585
0.99006689
0.98982364
0.99206853
0.98988336
0.98804897
0.98460269
0.98140889
0.98609275
0.98260486
0.97002327
0.96559447
0.96400583
0.96188402
0.95394731
0.95128155
0.95020121
0.97301632
0.97906369
0.97930855
0.98208022
0.98268157
0.98488379
0.98693258
0.98826027
0.98668367
0.99165654
0.99223137
0.99329245
0.99272799
0.99191660
0.99066985
0.98958838
0.98768914
0.98693997
0.98560196
0.98839813
0.99044806
0.99153382
0.99242318
0.99205399
0.99079704
0.99126679
0.99149936
0.99398535
0.99335855
0.99451941
0.99375981
0.99201024
0.99246252
0.99171317
0.99106336
0.99014133
0.99145448
0.98892587
0.98930293
0.98791671
0.98550457
0.98596060
0.98765415
0.98858505
0.98623508
0.98493850
0.98525339
0.98503727
0.98484147
0.98492211
0.98499334
0.98664850
0.98477131
0.98671061
0.98658007
0.98625970
0.98568487
0.98487896
0.98501933
0.98540848
0.98499238
0.98478520
0.98493582
0.98581219
0.98460048
0.98197776
0.97999370
0.97977120
0.97257745
0.97168905
0.97357756
0.97518808
0.98002464
0.97664249
0.97359359
0.97114557
0.96958166
0.97389823
0.97474945
0.97475612
0.97376889
0.97641659
0.98053831
0.98317659
0.98135775
0.98518223
0.98513979
0.98708260
0.98685920
0.98294491
0.97080010
0.97425485
0.97558290
0.97733021
0.97806031
0.96932840
0.96703959
0.97095710
0.96761215
0.95284992
0.97714227
0.98473954
0.98671573
0.99100226
0.99398094
0.99345219
0.99234492
0.99159580
0.98994690
0.98780781
0.99146199
0.99192470
0.99389005
0.99407697
0.99170882
0.99171221
0.99066204
0.99357235
0.99312133
0.99430037
0.99401480
0.99352032
0.99376196
0.99213105
0.99130744
0.98736179
0.98930651
0.98935777
0.98979634
0.98581821
0.98708689
0.98663759
0.98997855
0.98950255
0.98957098
0.99004620
0.98698539
0.97623891
0.98004258
0.97887290
0.98699850
0.97792768
0.95453542
0.94247520
0.95697820
0.96247655
0.97453541
0.96959049
0.97067982
0.96624517
0.96528774
0.97465038
0.98626560
0.98085922
0.98290563
0.98567933
0.98860210
0.99133402
0.99157435
0.99325800
0.99089009
0.99149573
0.98598206
0.98597938
0.98807085
0.99113184
0.98883343
0.98692596
0.98781455
0.98675793
0.99041533
0.98810929
0.99207711
0.99061561
0.99156648
0.99025726
0.98913389
0.98999727
0.99346983
0.99358255
0.99340111
0.98974854
0.98386484
0.98338956
0.98489261
0.98859185
0.98294741
0.98215377
0.98336625
0.97492707
0.95981902
0.93112826
0.97718120
0.98127961
0.97852522
0.96729684
0.95763731
0.95663828
0.96209300
0.96745503
0.97579694
0.97620785
0.97726893
0.97266543
0.95697987
0.95954907
0.98247266
0.98640943
0.98948377
0.97869313
0.98279405
0.97863412
0.98803759
0.98457980
0.98744988
0.98874217
0.98857540
0.98470312
0.98656940
0.98861665
0.98652369
0.98743057
0.98507535
0.98485053
0.98518026
0.98329133
0.98235840
0.98311979
0.98168373
0.98134905
0.97892308
0.97940767
0.98024976
0.97741961
0.97790295
0.97786170
0.98040044
0.98510134
0.98769242
0.98998755
0.99120188
0.99264562
0.99185914
0.99082011
0.98438156
0.98184192
0.98295408
0.98202109
0.99172735
0.99157238
0.99155831
0.98552102
0.97778028
0.97412235
0.97223288
0.97499108
0.97825706
0.98035276
0.98777974
0.98423856
0.98149407
0.98038006
0.98891747
0.99257314
0.99311608
0.98993474
0.98859286
0.98776013
0.98797077
0.99135780
0.99170446
0.99286932
0.99302870
0.99187547
0.99179828
0.99067569
0.98963368
0.98976642
0.99075121
0.99029553
0.98627603
0.98744410
0.98377669
0.98489898
0.98279691
0.98496163
0.98476821
0.98209172
0.98046207
0.97559470
0.97624767
0.97596335
0.98233151
0.98506123
0.98670095
0.98755032
0.98824114
0.98952007
0.98993963
0.98832744
0.98610109
0.98350441
0.97811723
0.97959179
0.98284507
0.98587751
0.98423541
0.98520064
0.98791635
0.98723572
0.98610979
0.98439819
0.98346913
0.98327798
0.98300374
0.97824883
0.97631788
0.98144251
0.98264426
0.98386323
0.98458868
0.98524624
0.98521101
0.98852986
0.98775756
0.98968154
0.99057287
0.99000043
0.99083978
0.99127203
0.99289775
0.99251693
0.99248344
0.99109542
0.98933208
0.98893178
0.98835099
0.98930711
0.99115705
0.99178892
0.99296463
0.99453050
0.99466538
0.99495053
0.99342501
0.99364084
0.99191064
0.99179626
0.99171817
0.99012297
0.99186057
0.99099255
0.98755825
0.98463780
0.98423809
0.98839778
0.98874074
0.98226476
0.98815793
0.98853731
0.98840874
0.98907477
0.99075609
0.99183637
0.98941410
0.99232626
0.99249613
0.99145693
0.99138683
0.98978370
0.99041194
0.99154073
0.99116409
0.99052155
0.99000227
0.99083227
0.98949897
0.98782015
0.98713326
0.98644662
0.98650277
0.98646963
0.98374212
0.98147249
0.97911137
0.97984171
0.97873390
0.98048669
0.97743088
0.97833872
0.97849190
0.97790843
0.97696960
0.97489673
0.97513717
0.97420192
0.97273421
0.97466350
0.97415745
0.97632843
0.97704703
0.97723722
0.97900546
0.98065329
0.97758240
0.98056602
0.98119074
0.98024118
0.98206961
0.98364717
0.98283643
0.98332018
0.98401707
0.98539782
0.98511815
0.98592687
0.98734564
0.98649770
0.98820364
0.98708874
0.98902941
0.98713171
0.98756033
0.98707032
0.98886257
0.98930490
0.98930091
0.99118727
0.99145472
0.99072474
0.99056447
0.98875439
0.98883748
0.98729903
0.98767334
0.98774230
0.98820776
0.98898160
0.99022478
0.99132603
0.99300659
0.99232739
0.99354315
0.99510336
0.99481010
0.99400324
0.99443853
0.99343574
0.99360764
0.99411869
0.99446905
0.99368674
0.99287426
0.98975080
0.98972815
0.98844320
0.98788339
0.98567235
0.98134905
0.98168600
0.98175836
0.98507291
0.98671174
0.98676646
0.98568523
0.98322761
0.97880459
0.98019743
0.98249197
0.98709852
0.98845553
0.98752207
0.98683715
0.98631775
0.98406929
0.98131073
0.97536248
0.97716707
0.97685224
0.97945923
0.98240924
0.98829925
0.98743850
0.98773497
0.98637474
0.98582274
0.98290563
0.98785549
0.98983091
0.99146080
0.99383754
0.99149209
0.98966974
0.98510587
0.98697346
0.99010497
0.99155581
0.99281925
0.99285734
0.99175090
0.99178922
0.99076837
0.98701662
0.99054563
0.98929286
0.99218374
0.99096012
0.99064028
0.98719192
0.98577833
0.98662114
0.98989820
0.99127907
0.99101430
0.99147850
0.99083263
0.99098712
0.99133247
0.98971200
0.98936683
0.98838633
0.98970836
0.99045420
0.99011797
0.99023938
0.99016702
0.99157351
0.98881149
0.98845696
0.98771209
0.98662716
0.98865557
0.98808795
0.99019986
0.99093342
0.99138314
0.99134070
0.98981452
0.98998767
0.98932236
0.98838949
0.98905700
0.98798126
0.98748487
0.98695242
0.97743899
0.98447871
0.99087393
0.99107802
0.99101561
0.99147975
0.99023002
0.98973489
0.98994571
0.98868424
0.98871148
0.99148679
0.98920071
0.98969078
0.98990458
0.98641545
0.98679578
0.98924118
0.98940116
0.98979527
0.99107200
0.99087417
0.98983592
0.99042761
0.99026847
0.98846567
0.98964417
0.98982412
0.98982239
0.98882234
0.98957890
0.98836577
0.98869765
0.98839658
0.98790866
0.98807621
0.98855650
0.98677874
0.98845959
0.98887861
0.98831147
0.98852533
0.98832136
0.98994470
0.98990321
0.98733974
0.98762298
0.98942870
0.98968047
0.98923230
0.98913980
0.99025518
0.99046677
0.98770440
0.98698914
0.98599535
0.98676062
0.98466104
0.98339349
0.98360425
0.98365581
0.98421580
0.98120052
0.97944152
0.98088431
0.98285323
0.98495758
0.98477650
0.97974372
0.97762865
0.97780937
0.97737861
0.96889102
0.97466373
0.97614062
0.96784902
0.95479900
0.95963311
0.96645433
0.96812516
0.95754606
0.97042847
0.97188157
0.96406984
0.95723003
0.95042920
0.94324034
0.92356145
0.91259086
0.92160577
0.95925045
0.96991438
0.97760332
0.97730565
0.97931254
0.97890717
0.98048502
0.97753775
0.98503786
0.98856050
0.98821265
0.98690861
0.98753381
0.99115562
0.99037153
0.99471277
0.99481517
0.99327290
0.99486440
0.99348843
0.99487191
0.99572325
0.99591774
0.99564278
0.99652231
0.99547899
0.99318695
0.99085730
0.99058002
0.98861802
0.98757601
0.96785450
0.97964364
0.98686987
0.98385090
0.97945637
0.97459149
0.98194122
0.97638124
0.96662581
0.97934914
0.98250777
0.97698033
0.96219915
0.97978365
0.96409744
0.95602119
0.96962208
0.96374565
0.95037776
0.95715207
0.93710017
0.96234185
0.91178066
0.94224018
0.95359182
0.95284456
0.90942389
0.93982172
0.95042837
0.93747383
0.92895752
0.93712616
0.91977257
0.93314034
0.92331862
0.89402765
0.88491672
0.91513723
0.92795825
0.88229609
0.92309159
0.91614753
0.88092452
0.81356400
0.91438437
0.90355408
0.86127639
0.89063215
0.93730408
0.92338192
0.95065683
0.90548426
0.90442401
0.83521199
0.89011574
0.91201895
0.89743674
0.85831338
0.92263263
0.91373247
0.64930731
0.93220717
0.95043623
0.92195213
0.88970870
0.89240891
0.86921066
0.93065077
0.93943030
0.85774493
0.80380380
0.78023452
0.85000169
0.88015699
0.90260804
0.86000919
0.79768580
0.75408411
0.74397963
0.81641954
0.85249084
0.87075502
0.79234213
0.81598490
0.78039593
0.83311713
0.77374446
0.75869393
0.80507874
0.84974426
0.78827751
0.72943980
0.84347969
0.58950371
0.83919144
0.76922840
0.68182147
0.57323861
0.69183069
0.66241473
0.62148380
0.43992433
0.58106440
0.75948298
0.50793749
0.59194738
0.64898932
0.31062114
0.51144892
0.59465647
0.63335556
0.65191483
0.56454486
0.72138298
0.67876995
0.76053029
0.63818270
0.64617699
0.71136916
0.72985119
0.44511756
0.62523580
0.80294269
0.72377282
0.80775774
0.38887796
0.72574836
0.87875158
0.55544418
0.65636241
0.82699013
0.75353754
0.73931664
0.63504308
0.76035577
0.71719325
0.77091187
0.74918735
0.83422005
0.73316258
0.54177946
0.80339354
0.67499441
0.88905925
0.84590816
0.85681999
0.86813611
0.81648088
0.86765122
0.80645019
0.84446901
0.83743006
0.83144182
0.75505310
0.54030633
0.77290618
0.75300539
0.61678094
0.74445206
0.74365985
0.77524781
0.77777779
0.60729337
0.65249515
0.62297255
0.66324705
0.62209690
0.59215045
0.78603292
0.71933651
0.64068812
0.81240714
0.76738960
0.68618804
0.75588584
0.73317385
0.58785850
0.69425797
0.71334505
0.75580710
0.70379567
0.79719865
0.75937104
0.83777535
0.72014427
0.56323403
0.75725532
0.61024809
0.75759172
0.71792537
0.80127949
0.53428054
0.73565018
0.68985701
0.83055210
0.60783017
0.70526803
0.80842280
0.44462800
0.61476147
0.76876068
0.79796797
0.81002051
0.77149183
0.85546523
0.71641821
0.84774929
0.65612131
0.71696061
0.85195386
0.72763133
0.81088245
0.80738568
0.69574350
0.74210447
0.77812630
0.75001878
0.74795014
0.67061329
0.69265151
0.80996156
0.66289753
0.88260061
0.87673533
0.86163801
0.90065783
0.85237366
0.85046577
0.92127723
0.92478597
0.91784191
0.91337085
0.89957356
0.84692216
0.77596295
0.90386534
0.71030605
0.73255849
0.80475008
0.60355711
0.53266197
0.74877650
0.70589739
0.75130761
0.65399516
0.82646793
0.82752979
0.82547289
0.82073486
0.83752412
0.87309128
0.87682754
0.83692431
0.77062404
0.83622402
0.84846407
0.88159645
0.84115106
0.79287809
0.80348128
0.73932374
0.67970699
0.78846294
0.86139655
0.83188081
0.74155068
0.79521632
0.80096644
0.71711040
0.86950600
0.76863623
0.88736194
0.80034781
0.68588543
0.71408516
0.71777231
0.72983474
0.75002766
0.75458574
0.81460053
0.50917816
0.79362017
0.80412114
0.81524754
0.82643390
0.62808704
0.77441984
0.82537794
0.67647392
0.79252648
0.79365748
0.85075808
0.70354241
0.79439306
0.82637525
0.89591902
0.85091501
0.76339585
0.84160620
0.85180396
0.79859096
0.81036001
0.72083449
0.85605037
0.48135632
0.66004413
0.75470454
0.81348974
0.80031097
0.86277360
0.89506328
0.80371737
0.79390037
0.86485022
0.87447941
0.68433529
0.44675511
0.79307657
0.85117215
0.51870257
0.78421074
0.86408615
0.81897885
0.85249978
0.77295625
0.78746480
0.82021004
0.86376351
0.69039398
0.68961304
0.82194483
0.86707133
0.62883347
0.80089492
0.83711368
0.71765763
0.84806508
0.79942727
0.72252715
0.79846275
0.74235493
0.72678006
0.78726524
0.63544089
0.80943167
0.74305868
0.79949731
0.82921678
0.81737995
0.79592252
0.53199506
0.77349049
0.76515174
0.68795162
0.81859446
0.77953911
0.66455853
0.75399542
0.84721160
0.76520258
0.77134103
0.85019356
0.83025891
0.89346272
0.80272669
0.62931651
0.81660455
0.86256820
0.91115928
0.67056900
0.80072469
0.79715729
0.83508611
0.74937749
0.71594065
0.70748067
0.53834224
0.66656274
0.79086524
0.85105628
0.70360088
0.86169058
0.74804497
0.84936070
0.82427436
0.71281928
0.77174664
0.75516629
0.83301443
0.90219486
0.88231200
0.91594917
0.79700392
0.87150228
0.78133321
0.88192689
0.78912091
0.77830344
0.75993246
0.74993324
0.50757438
0.70492381
0.79861122
0.50515419
0.57639867
0.63056839
0.63877839
0.52011269
0.54244971
0.67768466
0.64448857
0.52960002
0.62907517
0.80774516
0.81794810
0.79821414
0.68957007
0.66020930
0.43284893
0.72055578
0.64337289
0.69933027
0.52655023
0.68569523
0.68634379
0.61699140
0.67600244
0.75165421
0.77157128
0.65848184
0.67568374
0.69953495
0.65773052
0.69134176
0.72140765
0.75293010
0.78772300
0.74714446
0.71887767
0.54071277
0.80161774
0.60146779
0.85145122
0.79064894
0.67022961
0.81970185
0.63631827
0.75698757
0.67848235
0.79454851
0.80826515
0.84711164
0.77220839
0.83241373
0.61720526
0.66966337
0.51117063
0.62315851
0.61480784
0.55438083
0.60072911
0.66086459
0.70900673
0.58758050
0.77549732
0.80347866
0.78457850
0.75059617
0.74121076
0.67799830
0.61685359
0.72109723
0.64264584
0.63985872
0.77168387
0.74827492
0.71408719
0.54093754
0.55628276
0.64033121
0.62072909
0.61609399
0.65550619
0.43668577
0.63791406
0.60443503
0.61815250
0.60265744
0.58374733
0.53929001
0.72516286
0.75612295
0.62965888
0.68194246
0.72464228
0.77355802
0.76631898
0.66744548
0.78717864
0.88672996
0.79624677
0.85558385
0.88828820
0.88101751
0.86446738
0.53381217
0.75960737
0.62045503
0.57613885
0.27071136
0.78988731
0.76204509
0.73731673
0.63949066
0.62176937
0.63861632
0.66578704
0.78136486
0.60332972
0.49802172
0.63851160
0.75444913
0.57915312
0.74981612
0.74589896
0.75221717
0.72083479
0.62348223
0.68445551
0.67150050
0.62964398
0.69064480
0.64058638
0.69883972
0.41479760
0.67206031
0.71928364
0.73678797
0.77809113
0.70505148
0.83771223
0.61093491
0.69210154
0.77242291
0.75626528
0.75954992
0.72644770
0.77886283
0.61122322
0.78509784
0.70018357
0.64492774
0.55946678
0.69265807
0.73608673
0.67264509
0.78184712
0.58512944
0.69975299
0.57951552
0.55506957
0.53456765
0.63891715
0.46799499
0.70171320
0.77830309
0.65111828
0.57642746
0.68815422
0.71668214
0.72170502
0.59801298
0.71729606
0.67146569
0.72035009
0.57426882
0.53714228
0.77896446
0.63832736
0.56720781
0.70429873
0.74023473
0.58264720
0.65745986
0.75517237
0.67033529
0.63351810
0.66648191
0.68926740
0.71930867
0.74779826
0.78648239
0.67039102
0.66303390
0.65630311
0.73939776
0.77960056
0.59257495
0.81746423
0.71331269
0.42919049
0.44595006
0.67685193
0.63076746
0.41895783
0.53124785
0.58551669
0.59560078
0.70466864
0.34580836
0.70057166
0.72504747
0.39057833
0.66549283
0.66272432
0.70764238
0.71817678
0.56387889
0.70831519
0.66375875
0.71810049
0.59520662
0.76641846
0.37125382
0.71533775
0.84551024
0.46920687
0.76349503
0.70228851
0.78201753
0.71089113
0.75700581
0.76560795
0.54583114
0.70418411
0.45112091
0.70108122
0.63302386
0.58025700
0.74016029
0.77453166
0.69705194
0.51876968
0.47019300
0.77656591
0.68961751
0.52020562
0.72122025
0.66236585
0.78626215
0.79209673
0.68085098
0.85495639
0.78656739
0.45403081
0.53689611
0.53651673
0.67990172
0.59633243
0.78872281
0.55159497
0.52496219
0.71032327
0.66761243
0.53390163
0.75528097
0.62028164
0.75702637
0.75223035
0.73290181
0.74539822
0.56026828
0.78480780
0.78796172
0.60635829
0.76687211
0.61830240
0.58390599
0.71171010
0.51460177
0.73492134
0.73836076
0.57466179
0.61911249
0.80924773
0.51618391
0.76967460
0.79541469
0.51578629
0.69335568
0.71712816
0.77096766
0.62265551
0.69504434
0.62053514
0.67095286
0.86172634
0.84534448
0.66469932
0.55367792
0.68899262
0.83372527
0.73202509
0.84602714
0.45995381
0.49850494
0.60571659
0.74749523
0.68174428
0.74951017
0.81893975
0.77665442
0.51585799
0.67902428
0.74020797
0.81092578
0.59799689
0.60708427
0.73936790
0.82827652
0.73704463
0.48908085
0.78633493
0.80669630
0.88986558
0.80751109
0.80362952
0.89977330
0.90604359
0.61160982
0.61637670
0.79816365
0.76100957
0.83567637
0.72483373
0.79895341
0.81377470
0.72731024
0.83731019
0.87863523
0.76027471
0.80339557
0.87671691
0.82537985
0.86103487
0.68976122
0.84029162
0.83481675
0.79657751
0.82053047
0.72628057
0.77542597
0.78566986
0.71583557
0.74572623
0.83251762
0.85326451
0.88759387
0.86923724
0.86986721
0.81277198
0.89340705
0.86046511
0.87608540
0.88993174
0.90613633
0.85299242
0.85590374
0.86986917
0.90087503
0.87420762
0.86132175
0.85585988
0.78582782
0.80095077
0.76588845
0.76914531
0.81056768
0.80332369
0.85776466
0.84643751
0.87760979
0.94289833
0.96209377
0.94643730
0.92256492
0.93168557
0.94209331
0.90738004
0.95359713
0.95950413
0.94478565
0.96365321
0.94654900
0.94792271
0.94857591
0.91516656
0.94267488
0.93512428
0.93495655
0.94425303
0.94471592
0.96122712
0.95904893
0.95989007
0.96901155
0.95358217
0.95996600
0.94002634
0.96803665
0.96098828
0.95841151
0.96807051
0.96912688
0.96237266
0.96097881
0.97712088
0.97885466
0.96861434
0.98574233
0.97834671
0.98033696
0.98419118
0.97906905
0.98336697
0.96199149
0.97744054
0.97253382
0.97746652
0.98002219
0.96767980
0.98550725
0.98013443
0.98805457
0.98893750
0.98451233
0.98768181
0.99182242
0.98466510
0.98123956
0.96657389
0.97165912
0.97858685
0.96666640
0.97050864
0.98589665
0.97528547
0.98578483
0.98681033
0.98131484
0.98651356
0.98918217
0.98626328
0.98691005
0.98240387
0.97259134
0.97798389
0.98367119
0.98791075
0.98832047
0.98668391
0.98759007
0.98937702
0.98681134
0.98278910
0.97741199
0.97327822
0.96647727
0.97921938
0.98340374
0.99062502
0.99008310
0.98983169
0.98569924
0.98788071
0.98644048
0.98719460
0.98962712
0.99139577
0.98789746
0.98864776
0.98574162
0.98985052
0.98570418
0.98166162
0.98509175
0.98516428
0.98433197
0.98584312
0.98743016
0.98653632
0.98913670
0.98945540
0.98325425
0.99051625
0.98819643
0.98838913
0.98547876
0.98457992
0.98155600
0.97685879
0.96912885
0.96496648
0.96603328
0.96635169
0.97519726
0.97996014
0.97408682
0.97804111
0.97600096
0.97842181
0.97811037
0.97436339
0.98496085
0.98629421
0.98414385
0.98716789
0.98942649
0.98885566
0.99216813
0.98853916
0.99177176
0.99118805
0.99286956
0.99096721
0.98885590
0.98912162
0.99035293
0.98909819
0.99052960
0.98324710
0.98517412
0.98465192
0.99083382
0.99189353
0.99378222
0.99336809
0.99090028
0.99055088
0.99118751
0.99287450
0.99339771
0.99354112
0.99327469
0.99349385
0.99168199
0.99352396
0.99246466
0.99158537
0.99220979
0.99211735
0.98972940
0.99317765
0.98731869
0.98954087
0.99054354
0.97637355
0.98486149
0.98678488
0.98522079
0.98747873
0.98572832
0.98198456
0.98317325
0.98153532
0.97952729
0.98068935
0.97331637
0.96830153
0.98476911
0.98579025
0.98267704
0.98677528
0.98636222
0.98790491
0.98234922
0.98029423
0.98295134
0.98223841
0.98015159
0.96982163
0.96804136
0.97934306
0.97433895
0.97194290
0.97340447
0.97726876
0.98084372
0.98256302
0.97787374
0.98307723
0.97834104
0.97052997
0.96153629
0.95756453
0.95608765
0.95522845
0.96207356
0.97408241
0.97530252
0.98091507
0.98521650
0.98638201
0.98799407
0.98890066
0.98985976
0.98747629
0.98801976
0.98059434
0.98129898
0.97874314
0.97695118
0.97794431
0.97231662
0.97397113
0.97626990
0.97277766
0.97242391
0.96883011
0.98073465
0.98367196
0.99016237
0.99189478
0.99113476
0.99019378
0.98633319
0.99019682
0.99012029
0.99088025
0.99098337
0.98800862
0.99051601
0.98916900
0.98649967
0.98867571
0.99001175
0.98890650
0.99039733
0.98733854
0.99111032
0.99159062
0.99238658
0.98795879
0.98829889
0.98506224
0.98294705
0.99143809
0.98934609
0.98512614
0.99270731
0.99077386
0.99246925
0.98959583
0.98899263
0.99186122
0.99108773
0.99216872
0.99124736
0.98903811
0.98850071
0.98773640
0.99085087
0.99176615
0.98349059
0.98497438
0.98293346
0.98613942
0.98961896
0.99117672
0.98961383
0.98970884
0.98965317
0.98635119
0.98998159
0.99350387
0.99443454
0.99023217
0.99067312
0.99292445
0.98993558
0.99082327
0.99004924
0.99182689
0.99043721
0.98658645
0.99049157
0.99298120
0.98688078
0.98672092
0.98904932
0.98539716
0.98681402
0.98723722
0.99076825
0.99199378
0.98946881
0.98597324
0.98694432
0.98637122
0.99219692
0.98886687
0.98582423
0.98376948
0.98171484
0.99004841
0.98708993
0.98588830
0.98477095
0.98901880
0.99013853
0.99050128
0.98974717
0.98645765
0.98690015
0.98816419
0.98840135
0.98711294
0.98943466
0.98932415
0.98669308
0.98793250
0.98775303
0.98599041
0.98843467
0.98691410
0.98678720
0.98295593
0.98358780
0.98567986
0.98527122
0.98486763
0.98390931
0.98216057
0.98191959
0.98286718
0.98167568
0.98292691
0.98364270
0.98525435
0.98537952
0.98506445
0.98544425
0.98426199
0.98477757
0.98531717
0.98591346
0.98530990
0.98452222
0.98458779
0.98086542
0.98370010
0.98224682
0.98106545
0.98343128
0.98290884
0.98229259
0.97956502
0.96869457
0.96611720
0.97213149
0.97551107
0.97469556
0.97690707
0.97642869
0.97773349
0.98003274
0.98482633
0.98385876
0.98635870
0.98649430
0.98703671
0.98658681
0.98795682
0.98788607
0.98785651
0.98468530
0.98649037
0.98547250
0.98159605
0.98145044
0.97648263
0.97374797
0.96191084
0.98718923
0.98338193
0.97414184
0.96065056
0.96881121
0.95768380
0.96816206
0.96135813
0.95751488
0.95840055
0.94103110
0.96817243
0.98446399
0.98381823
0.98201156
0.98114705
0.96334291
0.97125185
0.97285098
0.98276526
0.99163693
0.98934245
0.98083258
0.97723585
0.97884524
0.98422170
0.98500746
0.97530931
0.98592490
0.98544943
0.97904688
0.97355855
0.96002698
0.96457958
0.94892865
0.95008850
0.86224228
0.96874297
0.93201661
0.92371464
0.91541237
0.93524009
0.96265054
0.97353166
0.97301638
0.94947028
0.94807613
0.96437585
0.98548734
0.96942121
0.96632105
0.96431255
0.94830477
0.92568988
0.97492945
0.96444029
0.96693945
0.96855205
0.97623312
0.96708018
0.97412318
0.96720338
0.94355100
0.95805985
0.95184618
0.94252223
0.98149776
0.96654332
0.94017702
0.87598944
0.92944139
0.90772325
0.94927526
0.97185993
0.95547152
0.95364344
0.93353009
0.96194273
0.94877410
0.97063613
0.95412439
0.93453407
0.96441412
0.94720417
0.92130768
0.89205557
0.93882364
0.92059207
0.92402649
0.90929121
0.91634601
0.92817819
0.91180998
0.93954426
0.92560285
0.91388124
0.90953279
0.76963395
0.72819257
0.88837558
0.77133298
0.89321214
0.85708201
0.76869041
0.91572744
0.89438331
0.89880091
0.88914448
0.92604345
0.81706989
0.89436662
0.90380478
0.92732674
0.91084129
0.83146203
0.91458803
0.86734349
0.81853336
0.72282177
0.77706873
0.82392645
0.68883806
0.73051512
0.86838871
0.82657117
0.85261536
0.47709441
0.80487865
0.78618634
0.75979108
0.68453556
0.54997534
0.53377420
0.58718628
0.67116565
0.55805480
0.63840836
0.83418328
0.60772586
0.79109114
0.73497379
0.68982023
0.68754661
0.67295849
0.69006079
0.55746418
0.75851208
0.63643092
0.81833476
0.81542295
0.78720081
0.83334404
0.77924263
0.82081789
0.76936722
0.77262723
0.76722109
0.76295573
0.59676009
0.60306251
0.54927373
0.48409951
0.59310377
0.65133423
0.73527807
0.55245417
0.55893975
0.61546546
0.63573796
0.82086468
0.88405913
0.87848330
0.83019853
0.61940116
0.47975707
0.38725862
0.63625532
0.76833123
0.74236333
0.37318185
0.61481351
0.82862186
0.66705930
0.57044202
0.68630761
0.61423552
0.39020723
0.68523830
0.61896640
0.61584175
0.57474327
0.62033933
0.36122647
0.66474330
0.65730304
0.46620890
0.58195925
0.50089568
0.65911955
0.50948805
0.60501122
0.48630357
0.55340272
0.37538451
0.49367863
0.53971165
0.57858014
0.50278699
0.47429752
0.56171364
0.53640974
0.50998068
0.26133877
0.58253610
0.44483975
0.33395305
0.52809787
0.43360907
0.18430924
0.42259043
0.36130258
0.35253841
0.52618188
0.34195101
0.22885162
0.46172050
0.37880576
0.53898776
0.53650290
0.48391867
0.52848488
0.22514734
0.18615098
0.57571191
0.58468056
0.40902936
0.37117746
0.45380059
0.51596719
0.32310250
0.42768446
0.28318056
0.50065124
0.29255316
0.52278513
0.57271814
0.34283596
0.26889780
0.29951158
0.57416171
0.44772428
0.25854334
0.35362384
0.51921958
0.34271476
0.22524855
0.54821098
0.32511556
0.25569820
0.38606632
0.52630323
0.30876234
0.46011063
0.45600349
0.58395302
0.39370885
0.50016344
0.65203232
0.18674618
0.43006188
0.58850718
0.43229836
0.62783843
0.23242998
0.37356946
0.45046878
0.50759661
0.23899190
0.15771271
0.30372387
0.50229907
0.49213302
0.33402219
0.58195108
0.51065642
0.53381860
0.48033577
0.48209217
0.42390367
0.46333039
0.53122747
0.44997081
0.52872407
0.52032876
0.48372242
0.66644198
0.59593147
0.55283064
0.48977450
0.63608503
0.52050227
0.32937387
0.18693720
0.59541887
0.34303260
0.55669487
0.44994527
0.28029490
0.63674021
0.63016844
0.41000968
0.36708245
0.49770069
0.41714722
0.21056585
0.28817397
0.53877139
0.56252456
0.25174889
0.56428432
0.50246459
0.51890332
0.50891834
0.41095668
0.33962804
0.59525740
0.44234419
0.22140038
0.45866561
0.57710046
0.20160756
0.53778207
0.40435413
0.17226088
0.35148412
0.35906935
0.40370065
0.51602805
0.34500125
0.40735209
0.26283568
0.33726308
0.49825659
0.53881067
0.33683193
0.25540954
0.27584532
0.42458102
0.59287620
0.48643270
0.41954279
0.48495495
0.31558591
0.52827954
0.74159247
0.54927498
0.19963333
0.36520740
0.45600149
0.50578892
0.36742586
0.42427710
0.53743118
0.23944975
0.49394327
0.63576823
0.39098537
0.37789565
0.25224462
0.37567192
0.51923883
0.33760518
0.45441747
0.46187964
0.44323722
0.57413429
0.69378960
0.58893812
0.53794932
0.51506311
0.62640512
0.42562306
0.65647107
0.49778235
0.70076698
0.58664405
0.55522567
0.69052839
0.52070391
0.52667880
0.28553936
0.39971823
0.59703118
0.60863692
0.53448135
0.53324234
0.66088164
0.31048554
0.41182610
0.50271273
0.30630764
0.29107597
0.26914054
0.32874173
0.57363117
0.25737283
0.49421886
0.55313367
0.26939446
0.51647252
0.41365886
0.46615362
0.53085113
0.57537085
0.64964229
0.51873088
0.62717563
0.65226430
0.63694221
0.61827171
0.54364568
0.35696527
0.67715043
0.66552424
0.58609980
0.65962338
0.72729123
0.33109728
0.52198696
0.11651865
0.29133922
0.62719321
0.55658978
0.18056254
0.72711235
0.30995172
0.57423395
0.52306092
0.67952526
0.53992450
0.54972398
0.49131620
0.62143093
0.56135523
0.61270642
0.81434828
0.67892343
0.62291276
0.66251630
0.75013149
0.72953629
0.81181431
0.58734202
0.61165047
0.58539152
0.62191522
0.68242455
0.62492424
0.63238019
0.52928483
0.57021660
0.49556693
0.47198004
0.60819077
0.44418883
0.44501200
0.55499876
0.66335118
0.58774596
0.64729750
0.66683352
0.67699933
0.59385020
0.57137251
0.42899844
0.42935115
0.51857907
0.50841618
0.58692861
0.57823938
0.61685675
0.62034476
0.61458725
0.57596290
0.56675613
0.62385702
0.52819365
0.47868046
0.39824104
0.58119601
0.35114065
0.67322713
0.44489616
0.74068743
0.61517096
0.73251832
0.63466042
0.72274786
0.72902060
0.70209408
0.73178619
0.56705654
0.62246960
0.68943393
0.45278955
0.52529514
0.44876385
0.58805531
0.43254909
0.51407999
0.46925691
0.58337104
0.59291106
0.62874395
0.47067326
0.67799509
0.66067791
0.67099786
0.46131438
0.68260634
0.44829577
0.67518181
0.52518958
0.68778503
0.53899843
0.48597530
0.62515569
0.55245572
0.59377402
0.62619656
0.72438866
0.53761512
0.63127822
0.56217241
0.37030363
0.46563157
0.39103177
0.58582544
0.49811071
0.54723930
0.52457500
0.57720077
0.48068997
0.40477186
0.66358733
0.42159289
0.51628363
0.45420936
0.46804824
0.54614878
0.70754522
0.40811858
0.65198898
0.37264475
0.59123278
0.40556929
0.40811190
0.47525823
0.42031753
0.53280437
0.33289275
0.48013282
0.60774171
0.63492215
0.38654774
0.57561886
0.37372676
0.61058289
0.71375680
0.69892454
0.67943275
0.76810801
0.67174935
0.44162449
0.43525162
0.66127956
0.68964833
0.23794383
0.56057233
0.67275214
0.34950471
0.54627305
0.51133901
0.58580220
0.61765772
0.62113863
0.43940386
0.44959036
0.59245455
0.49142817
0.51404375
0.49010649
0.48009393
0.68143320
0.63008624
0.38273472
0.49084157
0.48756015
0.61238045
0.29922503
0.35810867
0.51705855
0.41251910
0.46688038
0.52732962
0.39134616
0.50392914
0.57542855
0.32664835
0.49835593
0.44228825
0.50160468
0.48663554
0.48739892
0.40700457
0.40616632
0.48954317
0.31673464
0.55669099
0.56784880
0.38848701
0.52052808
0.52341092
0.63898754
0.48393217
0.61977226
0.54961425
0.52313489
0.49403805
0.46207845
0.43039745
0.52454919
0.42421830
0.65180999
0.39939100
0.67463619
0.49402913
0.44984910
0.54997343
0.53722829
0.55313540
0.40516594
0.58009738
0.43713698
0.43708777
0.54779112
0.43905556
0.70804483
0.69327146
0.40534505
0.57996607
0.53135973
0.37848210
0.44985354
0.39836532
0.58403152
0.57465219
0.58927613
0.48137194
0.43439028
0.56578583
0.55249757
0.49511427
0.45340592
0.40308747
0.35913026
0.62032062
0.57669294
0.42757466
0.34890673
0.44796970
0.51699090
0.49492308
0.60052395
0.48143190
0.57695830
0.61700201
0.58127832
0.61126560
0.43681103
0.63984877
0.56829137
0.34193149
0.49018246
0.76406050
0.57255828
0.67946959
0.53908616
0.70085734
0.49384063
0.55104768
0.67879993
0.39539319
0.54028863
0.59229219
0.38636869
0.56604385
0.46065304
0.42719144
0.52048099
0.51358706
0.52764064
0.59331608
0.33265769
0.47565684
0.48921838
0.39797774
0.61457932
0.59622085
0.49344382
0.56745791
0.38136819
0.55281049
0.60021430
0.43765122
0.50580633
0.58222783
0.68878764
0.74178201
0.70284009
0.61050898
0.64308780
0.76812613
0.86428213
0.77755415
0.75148976
0.77411836
0.70520085
0.76916331
0.70602810
0.52254111
0.60165119
0.58043230
0.54741365
0.55167204
0.45188242
0.51772958
0.58442527
0.59569329
0.56469536
0.67233086
0.65717357
0.40256992
0.54640216
0.63585091
0.59146601
0.46853185
0.61988443
0.40006617
0.50553483
0.53707087
0.52121520
0.49337000
0.43737635
0.49584943
0.50202513
0.44038701
0.46409336
0.55082262
0.46670517
0.42706978
0.52403051
0.64012426
0.37182105
0.41304111
0.55088031
0.58886141
0.52357322
0.56580442
0.65104824
0.65962672
0.71172166
0.67577881
0.53982455
0.67086941
0.50729102
0.68041313
0.57119995
0.54284096
0.57031548
0.39735502
0.41754627
0.46957374
0.56898189
0.60051966
0.54767662
0.57009292
0.79423541
0.70507401
0.71777910
0.77998245
0.64004260
0.49676275
0.45800105
0.42316803
0.45264739
0.63669956
0.73704779
0.37486741
0.74001968
0.47818357
0.71291512
0.42331851
0.70726901
0.58868629
0.70237809
0.52220690
0.63464874
0.44768974
0.77515304
0.77957785
0.45562676
0.76964241
0.71462446
0.57830727
0.78429967
0.75834614
0.65558165
0.74657506
0.46647030
0.67760009
0.64201504
0.86038798
0.61670059
0.75269997
0.75262612
0.75350940
0.68986684
0.32944760
0.61961025
0.69172335
0.81512707
0.83633566
0.67187500
0.79314482
0.58992827
0.65246922
0.64585972
0.63664144
0.69695956
0.35983825
0.46219152
0.35883224
0.60612321
0.52741015
0.63102698
0.54836082
0.54589111
0.73725706
0.47469130
0.68111265
0.30822021
0.52729499
0.59530741
0.55904645
0.43983534
0.58286405
0.69525915
0.67063099
0.42443556
0.46250284
0.43134868
0.41542804
0.39194316
0.38893506
0.45257887
0.64720422
0.45051447
0.68279678
0.32056108
0.53332764
0.52746594
0.40378308
0.58854991
0.83219177
0.82657886
0.53743643
0.69001096
0.68922722
0.29653421
0.51991093
0.62248379
0.65190983
0.44499812
0.69491041
0.77366364
0.66671145
0.65680289
0.41768590
0.71159619
0.54613233
0.48772225
0.68208963
0.68449479
0.60237974
0.56459242
0.61548555
0.50425476
0.67327791
0.39922908
0.60284960
0.51507151
0.66638142
0.69244385
0.50376070
0.41799363
0.37869158
0.32433641
0.61486816
0.48023805
0.63669211
0.60573697
0.37057567
0.64602697
0.47725800
0.31073025
0.49644148
0.69593114
0.40863439
0.65116638
0.60420704
0.35194615
0.32605538
0.65638632
0.58220392
0.21795657
0.69264096
0.35572094
0.58793300
0.71840233
0.68719178
0.72964120
0.64364672
0.68693048
0.66740835
0.62032443
0.72729075
0.74602509
0.26967630
0.75825495
0.60175240
0.48941943
0.70467263
0.60025764
0.70341748
0.42926002
0.66282630
0.20033529
0.56203645
0.71128768
0.47842008
0.16161700
0.63508672
0.62253290
0.43818453
0.23084794
0.53107089
0.31448770
0.54962140
0.56766933
0.36470345
0.34432760
0.61628711
0.69483626
0.72374558
0.66166890
0.64512742
0.63536519
0.45164463
0.48324743
0.58589405
0.69526333
0.30380633
0.26337239
0.72311234
0.29459873
0.21716329
0.63334292
0.57872111
0.35908359
0.64659518
0.58530086
0.18511237
0.56801736
0.44692457
0.38990533
0.38833004
0.36402932
0.69157654
0.78767616
0.62776041
0.29446620
0.44352573
0.70651847
0.79937261
0.28815898
0.70522749
0.76601028
0.58009195
0.79758763
0.83026910
0.72519493
0.83763248
0.53668427
0.75052613
0.71627539
0.83059973
0.39511159
0.76423043
0.77777427
0.67369676
0.42806375
0.50318992
0.41813377
0.73785770
0.70502704
0.36202818
0.79251063
0.76623297
0.53316206
0.31059742
0.78764623
0.67006379
0.67578977
0.62700927
0.62749660
0.72077221
0.76831633
0.63922447
0.48449078
0.83160561
0.74455726
0.65487450
0.78346783
0.82989717
0.82548726
0.82882982
0.73722219
0.88075525
0.78531295
0.73493510
0.54789537
0.50953496
0.83403742
0.77637517
0.78941882
0.65611196
0.71830481
0.79124600
0.74940854
0.84183317
0.76966351
0.87713033
0.88534516
0.69646722
0.87074435
0.77127618
0.91318649
0.63626701
0.85445356
0.89922768
0.82729799
0.87584502
0.84091222
0.77322286
0.73445219
0.54114968
0.79262340
0.83526397
0.82267207
0.59454113
0.85364228
0.72695762
0.68676335
0.78273392
0.78900164
0.76186281
0.41889217
0.78976119
0.82730204
0.54072291
0.72229260
0.76166904
0.84063858
0.73779315
0.84817749
0.82509345
0.79888058
0.71568435
0.82426089
0.88070428
0.57345963
0.85670549
0.73837757
0.87562442
0.55669016
0.83943814
0.83264029
0.86209762
0.87592012
0.83736861
0.92309576
0.90991062
0.89050794
0.87319344
0.93444312
0.93593442
0.88072813
0.90924501
0.93412083
0.90704089
0.90785939
0.88861573
0.91079140
0.82627630
0.63568527
0.84954852
0.87114578
0.90732813
0.76095736
0.84523499
0.65114707
0.77648872
0.75157577
0.79252309
0.81625843
0.84296012
0.84283376
0.83379120
0.84653115
0.86450583
0.90914339
0.90209007
0.90035111
0.90590787
0.91470522
0.90293562
0.91064167
0.89903522
0.93226403
0.91249841
0.89137644
0.90277386
0.88700718
0.89065987
0.91060066
0.91773260
0.92478508
0.87346733
0.92295849
0.93092120
0.94515520
0.93749070
0.88124621
0.91454774
0.94476724
0.93671417
0.93954813
0.92015475
0.93740815
0.88479042
0.86712915
0.95038313
0.91655564
0.96186388
0.96009356
0.90100378
0.93366295
0.95315820
0.95798475
0.93822438
0.93176007
0.96514565
0.96540749
0.96592218
0.97220761
0.94993556
0.96903652
0.94322169
0.97302169
0.96775055
0.96088648
0.97730958
0.94968700
0.96931893
0.94106686
0.97316068
0.95434624
0.97377682
0.96021092
0.97062534
0.96607035
0.96451491
0.97501183
0.95698684
0.96548516
0.95544225
0.98073822
0.98118687
0.97791004
0.97182637
0.97411084
0.97956753
0.97411579
0.97329503
0.95862389
0.97270977
0.96411830
0.97188675
0.98399621
0.98347670
0.97289914
0.97519433
0.97216946
0.97179890
0.98011792
0.97612214
0.96626031
0.97025687
0.96634477
0.97386360
0.97954214
0.96996742
0.96152717
0.95440316
0.94848436
0.96463293
0.96904433
0.95976496
0.96607590
0.96371412
0.95951754
0.96578979
0.95513391
0.94741547
0.96047729
0.97015262
0.96568018
0.98056304
0.96858805
0.97949767
0.96285582
0.95483673
0.95740592
0.96969396
0.97353280
0.96431857
0.96780539
0.95905024
0.95616448
0.95742494
0.95716649
0.95790416
0.95674682
0.95788151
0.96335143
0.97578764
0.97394323
0.97319287
0.97156560
0.97391778
0.97236955
0.97736382
0.97833705
0.97947562
0.97765267
0.97024655
0.97156245
0.97549802
0.97440082
0.97109693
0.96829313
0.97813237
0.97061276
0.96986449
0.96829057
0.96915025
0.97755080
0.97110188
0.96574080
0.97755003
0.97242570
0.96745181
0.97331131
0.96689916
0.97472078
0.97804230
0.97670484
0.97831523
0.97191882
0.96670723
0.97114366
0.96614045
0.96379846
0.95781875
0.95470250
0.95832700
0.96176517
0.96976388
0.97369599
0.98069143
0.97784495
0.96703178
0.97256571
0.97946268
0.98089635
0.98003632
0.98095852
0.97967303
0.98265874
0.98452961
0.98526889
0.98676330
0.98655593
0.98544168
0.99017322
0.98847628
0.98541462
0.98343271
0.98058403
0.97736520
0.97592926
0.97924930
0.97796404
0.97703278
0.96621132
0.97400147
0.98113602
0.96775657
0.97185439
0.96732116
0.95385540
0.96094394
0.97527140
0.98569041
0.99033815
0.98812497
0.99002403
0.98348480
0.97325009
0.98448271
0.98914111
0.98848456
0.99004364
0.99099839
0.98294383
0.97906554
0.98010212
0.98171335
0.99262106
0.99328667
0.99108946
0.98668808
0.98733622
0.98235530
0.98746800
0.98374844
0.99003357
0.99313778
0.98622406
0.98913121
0.98480380
0.98944867
0.98917878
0.98785907
0.99036551
0.98777384
0.98849517
0.98943311
0.98996383
0.99296337
0.99341077
0.99120319
0.99095833
0.98832303
0.98776847
0.98715496
0.98630095
0.98475385
0.98195016
0.97922087
0.97722059
0.97397238
0.97483486
0.97362816
0.97810328
0.97920859
0.98091608
0.98077297
0.97936147
0.97258353
0.96603119
0.96670568
0.97141653
0.97666174
0.97879213
0.98067892
0.98393816
0.98487270
0.98768264
0.98883587
0.98624182
0.98420471
0.98538589
0.98546904
0.98623985
0.98707318
0.98800439
0.98949546
0.98857403
0.98666942
0.98139668
0.98434585
0.97429866
0.97979468
0.98141325
0.97896576
0.97881830
0.97961158
0.97786534
0.98118389
0.97604668
0.97528619
0.97999680
0.98344320
0.98628646
0.98942858
0.98782003
0.99128485
0.99248523
0.99141753
0.98930919
0.98308808
0.98185247
0.98005462
0.97717059
0.97954065
0.97838151
0.97123039
0.97228795
0.97259593
0.97418076
0.97710198
0.97806633
0.97983116
0.97591269
0.97216278
0.97191530
0.97648358
0.98070872
0.98464453
0.98542815
0.98548639
0.98523140
0.98535568
0.98223490
0.97491133
0.97551948
0.97883672
0.98162502
0.98529005
0.98462993
0.98321342
0.98028606
0.98163605
0.98080665
0.97785509
0.97860229
0.97482204
0.97330451
0.96965808
0.97361892
0.96966749
0.97502226
0.97832859
0.98048705
0.98324043
0.98558676
0.98581636
0.98874450
0.99043298
0.98984677
0.99070251
0.98981655
0.98873442
0.98772740
0.98993379
0.98853791
0.98857403
0.98530602
0.98371041
0.98891044
0.98995459
0.98989862
0.99146253
0.99018890
0.99040729
0.99222153
0.99319190
0.99382788
0.99375278
0.99531835
0.99445397
0.99421591
0.99293137
0.99512947
0.99402303
0.99260861
0.99379081
0.99306124
0.99201304
0.99320990
0.99184364
0.99177378
0.99338043
0.99319398
0.99272001
0.99315852
0.99212343
0.99145281
0.99098283
0.99000645
0.98796797
0.98634338
0.98588330
0.98460937
0.98264378
0.98250717
0.98094511
0.98145926
0.98212457
0.98104686
0.97872949
0.97786725
0.97389460
0.97471774
0.97408187
0.96993244
0.97119856
0.97237355
0.97263229
0.97490227
0.97607136
0.97439414
0.97094607
0.97415334
0.97664452
0.96637785
0.96708471
0.96527183
0.96744275
0.97051907
0.97499382
0.97910231
0.98459435
0.98997283
0.99293447
0.99063724
0.98784339
0.97982407
0.97857600
0.97624230
0.97145534
0.96720016
0.96601439
0.95982844
0.95974052
0.96100104
0.94725317
0.94818193
0.93356186
0.93353963
0.94629854
0.94036335
0.95026481
0.95059603
0.95039725
0.92264527
0.93846077
0.95296717
0.94833142
0.96653348
0.96196544
0.96706378
0.95384687
0.95038337
0.94084173
0.91854995
0.92237759
0.92981690
0.94308448
0.96766168
0.97878414
0.97677964
0.97594315
0.96708393
0.97463870
0.98510301
0.99413306
0.99060035
0.98436975
0.97448528
0.97888136
0.98612040
0.98740643
0.99110126
0.98268014
0.98395109
0.95891529
0.97020030
0.98038155
0.98497367
0.98811173
0.97613609
0.96539867
0.96779978
0.96888596
0.98350567
0.97662610
0.98674846
0.98506969
0.96745402
0.97688031
0.93438679
0.96529150
0.95881456
0.97567445
0.97043544
0.96766204
0.97433132
0.95405197
0.91242170
0.91962260
0.92723912
0.93493509
0.95259947
0.91179806
0.95523250
0.94071448
0.96224850
0.96378827
0.96504527
0.95392233
0.96260059
0.94880819
0.85345048
0.91965669
0.93651807
0.92511809
0.90270615
0.90319055
0.89660895
0.90996242
0.88095862
0.89024270
0.94264680
0.94472331
0.95957816
0.93110436
0.90979815
0.88607961
0.92380685
0.95325124
0.95320088
0.94368601
0.92484266
0.93734753
0.93275851
0.90436250
0.94403607
0.93097508
0.94672722
0.95970249
0.89112228
0.93549252
0.95946509
0.94028300
0.96271658
0.94417173
0.92950153
0.89578247
0.88458312
0.92420226
0.93097770
0.87329024
0.84245253
0.79729223
0.85057163
0.75181395
0.78100955
0.69594496
0.83360070
0.73944587
0.72193158
0.76661092
0.74252778
0.72618580
0.66281128
0.71054876
0.72344357
0.72432214
0.77890271
0.69878978
0.72851306
0.75953126
0.64106750
0.75443399
0.72890633
0.67196435
0.76546311
0.66595620
0.80361152
0.80492008
0.79334545
0.70183271
0.77429014
0.64430916
0.73976898
0.72010976
0.73633033
0.73689812
0.75539637
0.67410141
0.65862679
0.55931795
0.70619148
0.56468183
0.70278221
0.45923290
0.61303663
0.79315591
0.74549532
0.70359594
0.72896004
0.60811138
0.66942090
0.61701083
0.54505754
0.64191693
0.71125221
0.48772088
0.69000775
0.58835655
0.62536663
0.34996429
0.66012859
0.76356119
0.60696447
0.79415393
0.69754499
0.72554177
0.75564373
0.80947393
0.48017481
0.78689164
0.62915868
0.57756227
0.60254502
0.72654635
0.49739909
0.70766503
0.73765492
0.60707569
0.75892299
0.32097057
0.75814509
0.47827059
0.46127626
0.65547234
0.69194186
0.64694262
0.51310897
0.39748812
0.32911947
0.76481956
0.76430225
0.88239110
0.90678442
0.53972787
0.67912769
0.71739757
0.80603790
0.79797184
0.81056124
0.75201243
0.75199068
0.87150484
0.76649606
0.85652131
0.67887312
0.67782980
0.62681597
0.77190596
0.71298075
0.56022549
0.81761754
0.27860498
0.45109186
0.74475592
0.84908319
0.76587451
0.40847680
0.75310075
0.41035619
0.63796473
0.66681451
0.57827091
0.52148980
0.57561761
0.49617961
0.66860038
0.68736458
0.61853474
0.54789680
0.55891758
0.60261601
0.58830374
0.66169375
0.62427175
0.47825074
0.51550829
0.57522410
0.52692699
0.32221872
0.61617553
0.59872109
0.62759966
0.57095081
0.66163158
0.52375734
0.48382533
0.50980204
0.55350459
0.60981703
0.57287323
0.59222203
0.60222614
0.64368159
0.63015425
0.53232002
0.68010700
0.74287915
0.47185671
0.43165118
0.58113199
0.51067531
0.57307130
0.60531110
0.60037953
0.55081069
0.56413835
0.66450620
0.69468188
0.41829047
0.48157096
0.78817070
0.51367068
0.60343426
0.58516210
0.75493103
0.69493061
0.60861117
0.60165703
0.63924712
0.57994318
0.64321625
0.59372234
0.56442291
0.61540049
0.39751583
0.55120033
0.58855671
0.62019122
0.48614889
0.49072349
0.62254578
0.38782278
0.51720512
0.44850022
0.57306367
0.67261457
0.63930660
0.27568802
0.59675878
0.69638193
0.36255434
0.54056489
0.37754390
0.68444604
0.65630621
0.61151248
0.40364465
0.50425535
0.69250774
0.69277442
0.62701690
0.45554817
0.52274042
0.68880546
0.51164931
0.70463371
0.68208915
0.46702865
0.80440485
0.82353693
0.54123801
0.69006628
0.52885616
0.68047851
0.71565455
0.49426627
0.46011889
0.76930374
0.48390168
0.55357236
0.56778103
0.41001126
0.68952966
0.49771699
0.64959204
0.52250057
0.66346705
0.60125762
0.44694629
0.64669573
0.54764080
0.59713912
0.54208517
0.69786894
0.63503051
0.50838315
0.51636565
0.73057240
0.52679926
0.54888999
0.55629581
0.74614310
0.42480412
0.75874704
0.80453628
0.44238272
0.79335445
0.67526317
0.56260455
0.57001328
0.37967199
0.59444422
0.52464408
0.65898824
0.58436620
0.49279958
0.57970768
0.69824338
0.40362647
0.40676031
0.46866676
0.77641243
0.80578679
0.65734231
0.36182392
0.54449600
0.85645705
0.82048094
0.77215791
0.64140433
0.82623965
0.43406704
0.32144591
0.60837090
0.58322549
0.61723524
0.36039233
0.73752224
0.57962519
0.53476483
0.61805242
0.58001441
0.55930680
0.63873714
0.38590804
0.76050740
0.74872595
0.47911417
0.69966942
0.67476326
0.72015154
0.70931214
0.65804565
0.65211523
0.70476836
0.65364450
0.63976181
0.70868140
0.64106876
0.62927717
0.58745718
0.64204657
0.50411069
0.48401594
0.61077565
0.62758636
0.70990705
0.64497888
0.70174909
0.69231486
0.67473960
0.63902837
0.57105219
0.80939156
0.66712624
0.75293630
0.75594878
0.78447527
0.69253856
0.63096809
0.68356413
0.56573611
0.65058494
0.48554048
0.44986010
0.55234534
0.45205289
0.64528608
0.83448446
0.81121516
0.60218030
0.44782960
0.74985349
0.73027641
0.59987783
0.56668717
0.81346887
0.77546471
0.66513342
0.70265919
0.63078272
0.68715602
0.60750329
0.53895181
0.81997281
0.77639115
0.83543438
0.71110523
0.60934156
0.60677409
0.70594209
0.71106952
0.77511561
0.53500056
0.70626831
0.74753022
0.77084970
0.33873105
0.74729931
0.51291209
0.63950992
0.65559363
0.68425971
0.61290592
0.42335087
0.55313063
0.46443829
0.56962389
0.49018338
0.52487332
0.50665617
0.55831194
0.48099542
0.42962277
0.52294964
0.49933583
0.56419885
0.55113357
0.27830487
0.55587018
0.34562489
0.49929136
0.61343551
0.59921968
0.64390445
0.27856362
0.47518861
0.68155044
0.67398769
0.26295641
0.49656227
0.58964264
0.63471985
0.66057527
0.70572692
0.53260732
0.71486670
0.66679847
0.42614576
0.61585301
0.45904824
0.40878913
0.45099831
0.34648672
0.58280921
0.59091699
0.28546482
0.44178346
0.41164920
0.56255853
0.62131798
0.51562101
0.64534885
0.39511108
0.42223912
0.61804014
0.55298471
0.50841665
0.64882046
0.73098320
0.70420682
0.72076541
0.73648572
0.65087241
0.64917970
0.70113832
0.67507958
0.76728386
0.77003396
0.79466575
0.76721096
0.78089523
0.74492419
0.60479879
0.62570232
0.63613772
0.50156498
0.79443145
0.62775469
0.60210562
0.49594834
0.44234940
0.80438948
0.51284415
0.67590636
0.63194782
0.39750716
0.63893765
0.62681419
0.60078490
0.54201162
0.62151408
0.54098296
0.42338306
0.52894211
0.53409702
0.44589838
0.62580675
0.48278135
0.64610374
0.70773119
0.39369383
0.28266165
0.74239725
0.68685603
0.60709506
0.62237412
0.53521049
0.68481433
0.54661936
0.55832446
0.64272976
0.59538972
0.45970961
0.47530574
0.47977540
0.63245815
0.65914577
0.61633730
0.69798821
0.60602224
0.66863042
0.58460319
0.57351917
0.63091785
0.76606137
0.80410904
0.80392218
0.69215256
0.62678432
0.78737259
0.67459989
0.41215715
0.69037473
0.76966232
0.75738037
0.59157079
0.74089390
0.80872786
0.82799715
0.63629431
0.75923097
0.82838374
0.69114184
0.69360799
0.67194724
0.62999797
0.73267204
0.66834486
0.72912890
0.82278258
0.68779320
0.76136440
0.71512324
0.74462575
0.82991278
0.79369396
0.73225516
0.73240459
0.88311446
0.89399320
0.81356519
0.89798129
0.89501292
0.86959976
0.91224843
0.89988601
0.87673396
0.90596616
0.90121895
0.83785456
0.90453297
0.93113887
0.91630238
0.86386079
0.93369573
0.93390632
0.91469526
0.92909753
0.95112598
0.96771538
0.96803010
0.94766891
0.94002205
0.91526264
0.94411135
0.93808454
0.95282334
0.93833333
0.93837827
0.93797755
0.92923421
0.94108516
0.95159298
0.93354142
0.92927861
0.93371969
0.96574825
0.98046905
0.96943027
0.98039055
0.98148268
0.97810948
0.97684735
0.97757566
0.97970665
0.97966683
0.97622222
0.98066050
0.98434794
0.98098469
0.98467189
0.98337573
0.98227477
0.98540246
0.98550063
0.98434627
0.98348039
0.98174137
0.98058093
0.98072469
0.98576754
0.97785896
0.98567688
0.97590929
0.97491735
0.96203029
0.98017061
0.97918504
0.98313439
0.98090565
0.98104596
0.97998613
0.97721386
0.98197997
0.98269665
0.97497082
0.98078567
0.98115969
0.97983813
0.98062140
0.97770894
0.97986037
0.97373003
0.98091137
0.97813296
0.98178160
0.98349988
0.98829067
0.98382920
0.98521686
0.98186707
0.98452443
0.98806018
0.98604786
0.98526627
0.98462105
0.98143071
0.98474276
0.98841953
0.98473746
0.98803097
0.98486310
0.98494208
0.98432541
0.98570770
0.98766661
0.98575312
0.98472482
0.98317587
0.98324490
0.98278242
0.98203170
0.98327428
0.98514867
0.98188812
0.98305815
0.98642737
0.98375124
0.98789769
0.98445904
0.98664761
0.98517781
0.98437065
0.98371255
0.98566169
0.98268026
0.97691387
0.98202306
0.98114383
0.97923434
0.98189569
0.98356032
0.98423266
0.98719144
0.98148888
0.97496629
0.97708726
0.98402321
0.98633623
0.98542792
0.98877877
0.98349577
0.98838168
0.98718679
0.98477119
0.98036379
0.98434526
0.98107696
0.97959429
0.98123574
0.98188454
0.98352849
0.98450410
0.98207629
0.98271447
0.98462105
0.98528177
0.98568046
0.98547226
0.98522896
0.98499006
0.98386961
0.98368776
0.98537552
0.98435915
0.98539668
0.98662472
0.98741156
0.98597187
0.98517483
0.98421925
0.98069268
0.98044705
0.98086274
0.97820741
0.97878361
0.97516942
0.97624207
0.97765291
0.97619539
0.97645944
0.97820014
0.97880495
0.97931403
0.97887784
0.98131990
0.97744489
0.98070472
0.97887897
0.98092091
0.98422974
0.98528951
0.98518348
0.98538268
0.98386776
0.97734499
0.96993077
0.96883374
0.96597564
0.96881717
0.97130311
0.97521555
0.98018229
0.98558837
0.98969531
0.98927093
0.98902625
0.98959863
0.98979002
0.98860276
0.98728555
0.98476774
0.98410481
0.98516846
0.98526013
0.98798466
0.98687541
0.98713267
0.98542988
0.98610026
0.98511201
0.98771012
0.98779279
0.98745930
0.98886836
0.98638374
0.98656452
0.98516798
0.98419988
0.98458475
0.98352122
0.98408926
0.98978430
0.99318922
0.99239600
0.99174201
0.98827082
0.98412633
0.98758346
0.98805737
0.98933369
0.99043286
0.99141240
0.99157363
0.99373370
0.99361092
0.99318355
0.99240983
0.98908234
0.98866326
0.98874402
0.99015450
0.98959374
0.98783231
0.98652518
0.98335350
0.97948301
0.97803622
0.97673064
0.97313154
0.97376144
0.97424209
0.97747290
0.97840810
0.97964525
0.98300350
0.98561525
0.98895675
0.98757356
0.98515493
0.97956342
0.98228478
0.98471177
0.98461282
0.98735368
0.98661393
0.99217308
0.99323708
0.99385875
0.99306148
0.99208426
0.99011689
0.99310726
0.99236614
0.99188668
0.99254709
0.99044764
0.98767185
0.98781615
0.99024558
0.99162298
0.99042457
0.98939133
0.98918718
0.98958606
0.98998159
0.99253231
0.99211133
0.99267697
0.99120986
0.99225050
0.98975849
0.98986989
0.99019790
0.99106795
0.99105096
0.98981243
0.98535872
0.98614651
0.98944831
0.99025834
0.98856109
0.98967057
0.98735666
0.99038297
0.98981464
0.98876536
0.98127306
0.98495805
0.99055874
0.99027842
0.99163944
0.99191916
0.99187309
0.99150097
0.99138838
0.98807156
0.98322898
0.97819132
0.98790538
0.98644626
0.98927373
0.98525882
0.98961687
0.98857659
0.98799652
0.98622143
0.98485088
0.98128533
0.98154014
0.98839241
0.99115402
0.99154800
0.99030542
0.98954588
0.98991334
0.98876125
0.98975033
0.98983848
0.98975778
0.99274313
