1.00000000
0.99821950
0.99507390
0.99459540
0.99894788
0.99652811
0.99580022
0.99846794
0.99563104
0.99450952
0.99874118
0.99962856
0.99782456
0.99856537
0.99923732
0.99935872
0.99966239
0.99929446
0.99841288
0.99714203
0.99921757
0.99978662
0.99909053
0.99806611
0.99847659
0.99979454
0.99650727
0.99900446
0.99956947
0.99915488
0.99893567
0.99752808
0.99711670
0.99642795
0.99769699
0.99970926
0.99792395
0.99854532
0.99931716
0.99929715
0.99699037
0.99428131
0.99398069
0.99688546
0.99954892
0.99931368
0.99810661
0.99675888
0.99506699
0.99528988
0.99736919
0.99635152
0.99893699
0.99979465
0.99908807
0.99706653
0.99819517
0.99895373
0.99938726
0.99684817
0.99730572
0.99372813
0.99791152
0.99182103
0.99146962
0.98927471
0.98979294
0.99067831
0.99413761
0.99333581
0.99031486
0.99086096
0.99104783
0.99140051
0.99320031
0.99455244
0.99471164
0.99429297
0.98927159
0.99252660
0.99206978
0.99415625
0.99518830
0.99564573
0.99604328
0.99335966
0.99336985
0.99352789
0.99256595
0.99464545
0.99514153
0.99588023
0.99475970
0.99415457
0.99226805
0.99358404
0.99203024
0.98942343
0.99237115
0.99207171
0.99170581
0.98777139
0.98661507
0.99083086
0.99216630
0.99278450
0.99335712
0.99248572
0.99215764
0.99114495
0.98909879
0.98930379
0.99235995
0.99114147
0.99310433
0.99164358
0.99229144
0.99132632
0.99424617
0.99127145
0.98895009
0.98662542
0.98964465
0.98976894
0.98088111
0.98259435
0.97978465
0.97755891
0.97167533
0.97029000
0.96769644
0.97658496
0.97782485
0.97194941
0.97630045
0.98254874
0.98536260
0.98466843
0.98536457
0.98800520
0.99224134
0.99405065
0.99253491
0.99080314
0.99006777
0.99157791
0.99116641
0.98478007
0.98567315
0.98830157
0.98865349
0.99164470
0.99327239
0.99554239
0.99565333
0.99525070
0.99499885
0.99111267
0.99276647
0.99548456
0.99505170
0.99549098
0.99269191
0.99270406
0.99360020
0.99119265
0.99097371
0.99318974
0.99199783
0.99085583
0.98394088
0.98807419
0.98953120
0.99077071
0.98976373
0.99036284
0.99075072
0.98906891
0.98931228
0.98927887
0.98897369
0.98794069
0.98876658
0.98686225
0.98381582
0.98499779
0.98509800
0.98686058
0.98910592
0.98876949
0.98943694
0.98928800
0.98881414
0.98855725
0.98971480
0.98755553
0.98522006
0.98275097
0.98202738
0.97782358
0.97197817
0.97016171
0.97066399
0.97360248
0.97539427
0.97906821
0.97816696
0.98035842
0.98410066
0.98301478
0.98182845
0.98675783
0.98388731
0.98278978
0.98613144
0.98584747
0.98791863
0.98915731
0.98874525
0.99066996
0.98467524
0.98391712
0.98496890
0.98433550
0.98357586
0.98177509
0.97816816
0.97122600
0.98054784
0.98200330
0.97634378
0.98318259
0.98504984
0.98982673
0.99168172
0.99344755
0.99443910
0.99315859
0.99467693
0.99506438
0.99403655
0.99365962
0.99218400
0.99423617
0.99514935
0.99442807
0.99391036
0.99474899
0.99434844
0.99432322
0.99317015
0.99050231
0.99332554
0.98961602
0.99304920
0.99289443
0.99512138
0.99137176
0.98957934
0.99154630
0.99182396
0.99281503
0.99269830
0.99489525
0.99456292
0.99151941
0.99126564
0.99162014
0.98714967
0.98931120
0.98979378
0.98725935
0.97756864
0.96266555
0.95641449
0.96710950
0.96951418
0.96667981
0.95956954
0.94989220
0.94164492
0.93237756
0.94596558
0.96980801
0.97486558
0.97914816
0.98599546
0.98713226
0.99077188
0.99080619
0.98474932
0.98593201
0.99448190
0.99477902
0.99272667
0.99118805
0.99246353
0.99047794
0.98868983
0.99007580
0.98611797
0.98703118
0.98856018
0.98986038
0.99189193
0.99402290
0.99363971
0.99365051
0.99520700
0.99399943
0.99173681
0.99314423
0.99186661
0.98858868
0.99116606
0.98884259
0.98853921
0.98210173
0.97014544
0.97474948
0.98502729
0.97775462
0.97201713
0.97926996
0.98012933
0.97845872
0.96910463
0.96896502
0.97044237
0.97768344
0.97534943
0.97037922
0.97373261
0.98655725
0.98348437
0.98168448
0.98275841
0.98707975
0.98689862
0.98673075
0.98169451
0.98585669
0.98978739
0.98908921
0.98598737
0.98888656
0.99184705
0.98640775
0.98355204
0.99057703
0.99166110
0.99253772
0.99105086
0.99123144
0.99187310
0.99035201
0.98980510
0.98872706
0.98693930
0.98787487
0.98808958
0.98583534
0.98663995
0.98780848
0.98694549
0.98517336
0.98637363
0.98653628
0.98019067
0.98054782
0.99022383
0.99314209
0.99261046
0.99141884
0.99325217
0.99022238
0.98869988
0.98771961
0.99033600
0.99442587
0.98963030
0.99007251
0.98399346
0.98072058
0.97699303
0.97318679
0.97544283
0.98511749
0.98745900
0.98826552
0.98860135
0.98827217
0.98813320
0.99171849
0.99182926
0.99013581
0.99149184
0.99296565
0.99372830
0.99475262
0.98903916
0.98326210
0.98769354
0.99295608
0.99520562
0.99445677
0.99173676
0.99233594
0.99358683
0.99218039
0.99323280
0.99217989
0.98964848
0.98793996
0.98900491
0.98835210
0.99149187
0.99227504
0.98987211
0.98338451
0.97884095
0.98257397
0.98659188
0.98775999
0.98439636
0.98122522
0.98410140
0.98594104
0.98991969
0.98655156
0.98132835
0.99016714
0.99115941
0.98951527
0.98585795
0.99008912
0.98927250
0.99075464
0.99071338
0.99253990
0.99271293
0.98849788
0.98798606
0.98685997
0.98086144
0.98237310
0.98017037
0.97633309
0.97940259
0.97803410
0.97429750
0.97833557
0.97956891
0.97538172
0.98102801
0.98159361
0.98497236
0.98485110
0.98456112
0.98708775
0.98443805
0.98479755
0.98433194
0.98508002
0.98443334
0.98410897
0.98671655
0.98423636
0.98150376
0.98314282
0.98604441
0.98782419
0.98867883
0.99075522
0.99420217
0.99461537
0.99326292
0.99526034
0.99588744
0.99377836
0.99132186
0.99200056
0.99154279
0.98911795
0.98536246
0.98684890
0.99244004
0.99188165
0.98763093
0.98607917
0.98590349
0.98720607
0.98964780
0.99213894
0.99420745
0.99302361
0.99300163
0.98762622
0.99065982
0.99199940
0.98961922
0.99238267
0.99276754
0.99153441
0.99069198
0.99018065
0.99039968
0.98835250
0.98530608
0.98153137
0.97937443
0.97512505
0.97523838
0.97599697
0.97496713
0.96904952
0.97390823
0.97520750
0.97790830
0.97483791
0.97491985
0.97229713
0.96999207
0.96886794
0.96295236
0.96562872
0.96772876
0.96560011
0.96697329
0.96912498
0.96966256
0.97282202
0.97407223
0.97437936
0.97569391
0.97415209
0.97485653
0.97985526
0.98076800
0.97869140
0.97982286
0.98235647
0.98226343
0.98506519
0.98496062
0.98355401
0.98297020
0.98222837
0.97947853
0.97733550
0.98416651
0.98856008
0.98614440
0.98652981
0.98858896
0.98772885
0.98789679
0.98864603
0.98991458
0.98829929
0.98601248
0.98719908
0.98763403
0.98673476
0.98662347
0.98777128
0.98747516
0.98518223
0.98437643
0.98898872
0.99001859
0.99107477
0.99189144
0.99183723
0.99111136
0.99439952
0.99404490
0.99437710
0.99368344
0.99221096
0.99258053
0.99187038
0.99169958
0.99141969
0.99149782
0.99095748
0.98880105
0.98206855
0.98321047
0.98643390
0.98797411
0.98532763
0.98671007
0.98724425
0.98870660
0.98788461
0.98513537
0.98256413
0.98436761
0.98984981
0.98904245
0.99123861
0.98839557
0.98957689
0.98931814
0.98921454
0.98587793
0.98286035
0.97909312
0.97969166
0.98159832
0.98471508
0.98588982
0.98619975
0.98497472
0.98288952
0.98969958
0.98701671
0.98270368
0.98754583
0.98939529
0.99082540
0.99155627
0.99124946
0.98903352
0.98942719
0.99152059
0.99005455
0.98909968
0.98786743
0.98247215
0.98702091
0.98854666
0.98888462
0.99071916
0.99087444
0.99118847
0.99159317
0.98906433
0.98634982
0.98799392
0.99115132
0.99152715
0.99287819
0.99119947
0.99130948
0.99255754
0.99307522
0.99220586
0.99182105
0.98520758
0.98851164
0.99390794
0.99360007
0.99185693
0.99216167
0.98715856
0.98961350
0.99239101
0.99251097
0.99331243
0.99232626
0.99412365
0.99407136
0.99269895
0.99249057
0.98986978
0.99306762
0.99303936
0.98754089
0.98833573
0.98781669
0.98831167
0.99019322
0.99036949
0.98998441
0.98792156
0.99022231
0.99084817
0.99012314
0.98870901
0.99032302
0.99208918
0.99266929
0.98826067
0.99071992
0.99372384
0.98989602
0.99021763
0.98938013
0.99092658
0.99209617
0.99265435
0.99256735
0.99101161
0.99380632
0.99090906
0.99174345
0.98913647
0.98957364
0.99149276
0.99471709
0.98923164
0.99107794
0.99367934
0.99297953
0.98969561
0.99198282
0.99323726
0.99012200
0.98845390
0.98967400
0.99120812
0.99033399
0.99135435
0.99067649
0.98990041
0.99103719
0.99178261
0.99239982
0.98829520
0.98747516
0.99131850
0.98973325
0.98816893
0.99287705
0.98915558
0.99278543
0.99072133
0.98669003
0.98389065
0.98133019
0.97895040
0.98062398
0.97781701
0.97877557
0.97980426
0.98181444
0.98022393
0.97910795
0.98017401
0.98134897
0.98210280
0.97625609
0.97982000
0.97025433
0.96127244
0.97541972
0.96108506
0.97065510
0.97205873
0.97511513
0.95940240
0.93870785
0.94024133
0.96291470
0.96353140
0.96945948
0.96113895
0.95940431
0.96350084
0.95951962
0.95131012
0.95621443
0.94987277
0.93759835
0.94352192
0.95516609
0.95580708
0.96699363
0.97922742
0.97751867
0.97563211
0.96691622
0.97013922
0.98280542
0.98612171
0.97673285
0.95801602
0.98282382
0.95613185
0.97528852
0.97473511
0.97687080
0.97960459
0.98355555
0.97738091
0.98162201
0.99208992
0.98370574
0.98075313
0.98798990
0.98459485
0.97634821
0.95202307
0.92347624
0.96160203
0.96204928
0.96843108
0.94232623
0.93808152
0.96796872
0.96679386
0.96931487
0.97117188
0.95859154
0.95439561
0.95105338
0.95202593
0.91472174
0.92411208
0.92877544
0.91188215
0.90642536
0.82535840
0.83552536
0.87647568
0.80905093
0.87304203
0.86992016
0.84174340
0.74585804
0.77149982
0.87546163
0.92785107
0.88045398
0.81805832
0.84750747
0.88318806
0.82249222
0.83473065
0.80009666
0.82907050
0.80403125
0.74417041
0.79162485
0.77130310
0.71140700
0.76405085
0.84533595
0.79614248
0.73925174
0.81865504
0.85001164
0.77908830
0.75525015
0.82025668
0.79632441
0.70415060
0.79361055
0.77959943
0.70776670
0.70817390
0.80140801
0.62786207
0.59271096
0.70044056
0.80719701
0.83187796
0.81907442
0.86316100
0.87061937
0.88309277
0.84995871
0.82255410
0.76013452
0.68952670
0.78179994
0.79730337
0.78871575
0.80444911
0.69620375
0.67574067
0.63279797
0.72939761
0.71768085
0.64443035
0.55646307
0.64100291
0.65050577
0.68973447
0.68714439
0.52528577
0.57956732
0.60516167
0.61647945
0.56524859
0.52248776
0.47828619
0.57294917
0.70933970
0.60739102
0.46967246
0.55495893
0.53189695
0.40559953
0.33522326
0.40854802
0.60976584
0.42900970
0.43711026
0.35423559
0.30477561
0.48316041
0.49213503
0.47507604
0.57735390
0.45319942
0.38698221
0.52230669
0.58402497
0.50758133
0.52681687
0.63912383
0.50001313
0.37719068
0.34953357
0.46765904
0.50126202
0.33207746
0.35174753
0.55957495
0.35240741
0.39363810
0.53015638
0.55217073
0.59162763
0.71793315
0.57741584
0.54951230
0.58204229
0.67281973
0.64817523
0.64508453
0.61501438
0.47842171
0.45928286
0.55627231
0.76315219
0.67618923
0.73278790
0.74029126
0.71959822
0.67100451
0.72683317
0.71464258
0.67984586
0.55641417
0.43970061
0.44073362
0.50741563
0.57769181
0.42188489
0.44888887
0.54037679
0.68042647
0.45031081
0.39887509
0.42899627
0.61196070
0.41054551
0.37408789
0.44231847
0.62226295
0.44144666
0.45516990
0.63805293
0.65462252
0.51119508
0.68309568
0.48065222
0.37908101
0.42811362
0.55267564
0.47208503
0.48650941
0.55468548
0.53152688
0.68375706
0.42571683
0.42325589
0.36411351
0.44671821
0.68187116
0.40618684
0.37919405
0.35392604
0.59176948
0.53909339
0.44000609
0.36644735
0.53638852
0.37848399
0.36722833
0.53732367
0.56517263
0.51974064
0.48831511
0.49768080
0.53563256
0.55227273
0.56358694
0.51072291
0.55041063
0.57748453
0.57247773
0.68781916
0.66579455
0.55747493
0.65783845
0.62128517
0.37781330
0.27896870
0.31347518
0.64475041
0.49490023
0.53144696
0.68389694
0.65524797
0.61007039
0.69179263
0.69161816
0.76957132
0.80322200
0.72609121
0.67702421
0.70144496
0.81112106
0.81320450
0.78378585
0.63246161
0.44696606
0.48467998
0.45241890
0.39246353
0.44473655
0.65983853
0.46968890
0.46856474
0.49466841
0.64180372
0.68974237
0.64052925
0.74835171
0.71712329
0.76617498
0.61016164
0.55793813
0.51234179
0.52061559
0.68456645
0.74477040
0.66249880
0.63651639
0.48382241
0.50685045
0.46404329
0.53178136
0.69907925
0.67366792
0.58738728
0.53924537
0.60906595
0.59659767
0.72463072
0.61850867
0.62689041
0.57616283
0.56980434
0.36047670
0.40876615
0.47937571
0.46224640
0.52529841
0.33948283
0.42325894
0.59278138
0.70488768
0.65182979
0.47153835
0.45056747
0.61476203
0.52176148
0.51131934
0.54709448
0.64465150
0.62439933
0.49142824
0.48582489
0.61903690
0.71220034
0.74579633
0.58339300
0.58551722
0.63621462
0.65935598
0.62183637
0.54131332
0.37843741
0.45217659
0.43000379
0.60127484
0.64189308
0.68244556
0.66978546
0.62570328
0.72681198
0.72810035
0.67521690
0.53603894
0.62808117
0.39489363
0.60895606
0.40588068
0.44449797
0.61798885
0.70806531
0.62951101
0.73134383
0.60373596
0.67163495
0.64420213
0.61019766
0.60658140
0.53674376
0.65185136
0.34978883
0.44148278
0.67443260
0.44687672
0.48841969
0.55693000
0.46336216
0.48105973
0.58029247
0.52759848
0.48106231
0.52335279
0.43780690
0.50686443
0.55552784
0.62872661
0.51876662
0.48945112
0.34968127
0.33695360
0.34049962
0.62918762
0.40336279
0.34824217
0.37185059
0.39454192
0.64642994
0.58844785
0.53809557
0.72609374
0.66914916
0.70776328
0.64436723
0.50960047
0.47071775
0.60592039
0.75487408
0.54391365
0.43481296
0.47534056
0.62547322
0.65445768
0.59662656
0.67210887
0.56547058
0.33195852
0.43276542
0.60115851
0.56944581
0.49518409
0.55858333
0.46279154
0.59784272
0.47940608
0.46587656
0.41798423
0.47870347
0.56265275
0.70014326
0.65712919
0.50536698
0.42940241
0.51679817
0.63414602
0.67754879
0.66336237
0.66228726
0.53693432
0.34209446
0.30463036
0.40895904
0.50427983
0.33087441
0.26773518
0.38130205
0.39018962
0.31544709
0.31857621
0.32240620
0.31874410
0.30358339
0.29795881
0.48877081
0.65073465
0.67777611
0.48285922
0.36704859
0.29079782
0.52361874
0.48953776
0.32273146
0.23765309
0.30421162
0.43430846
0.37614540
0.37303552
0.47639429
0.51745085
0.28859492
0.48853519
0.28376978
0.29736934
0.31937550
0.56450426
0.40955581
0.36576611
0.48636089
0.51080064
0.33328170
0.34278179
0.40439194
0.44949648
0.42138545
0.38304423
0.44127665
0.42337288
0.40241851
0.40616936
0.45486005
0.56233505
0.57530641
0.56758937
0.52358523
0.48620358
0.37768757
0.38000619
0.31315834
0.29429174
0.33874506
0.29649414
0.42902450
0.36438682
0.34305844
0.47809683
0.69072173
0.71072344
0.61241066
0.53651011
0.52932686
0.61064682
0.53636179
0.40048924
0.64072343
0.73528971
0.69906525
0.48016374
0.53907199
0.53752506
0.53264598
0.43930901
0.41159758
0.36929582
0.20315221
0.19670281
0.31845448
0.55627027
0.36816992
0.27097271
0.26629488
0.43721543
0.44733696
0.41517445
0.49953861
0.48455400
0.56288369
0.68789198
0.59266053
0.67542527
0.71337796
0.69005800
0.70463736
0.71427330
0.66971295
0.54901963
0.55063660
0.58171432
0.69795006
0.42562867
0.22316811
0.34085774
0.45665173
0.37845335
0.39810048
0.42642771
0.42732019
0.46568901
0.43845204
0.32743053
0.29454848
0.29105698
0.33935818
0.35979177
0.50544954
0.62482321
0.63555671
0.56869907
0.49097717
0.47336273
0.36482834
0.44680556
0.43389571
0.43988258
0.31438986
0.30628555
0.47661727
0.49469175
0.39924403
0.31853388
0.36969971
0.42851422
0.35971278
0.42992148
0.58650853
0.45340174
0.39143520
0.36638823
0.34252115
0.33623107
0.37700062
0.49201692
0.26067260
0.26851925
0.28188162
0.36217351
0.38474870
0.48533876
0.43819565
0.41421319
0.43454750
0.45089852
0.38691744
0.25956910
0.26140223
0.35995523
0.47652762
0.46751822
0.33384930
0.41211065
0.54289585
0.45352221
0.30636852
0.48054783
0.48471021
0.41726397
0.27898423
0.25561772
0.28498279
0.36547654
0.42073742
0.51773092
0.54082117
0.49182973
0.47030161
0.51623628
0.38034319
0.45054615
0.65432756
0.72521486
0.57334068
0.57770123
0.60017279
0.69851137
0.69870100
0.67415716
0.59603651
0.42898277
0.29017935
0.32626654
0.44194595
0.39933800
0.37125270
0.48684459
0.30309862
0.19549754
0.20178494
0.22169429
0.28651746
0.23538690
0.19913771
0.17881777
0.20100160
0.22319730
0.19525503
0.33927273
0.46384214
0.27939779
0.36265052
0.42846840
0.39112894
0.29746829
0.26660929
0.21647904
0.21688103
0.26712357
0.42665900
0.37288033
0.39814121
0.43180108
0.48943086
0.53356133
0.59595294
0.63924586
0.44759934
0.33534887
0.30909855
0.35168199
0.53577035
0.48467559
0.62372108
0.66852199
0.43978934
0.35436814
0.30309856
0.37609771
0.36790304
0.41970453
0.60080086
0.44987859
0.49373571
0.52735936
0.58669621
0.55385721
0.57562033
0.42979794
0.46311846
0.30711956
0.32424569
0.37855662
0.46625857
0.59139927
0.56969032
0.65416921
0.37741762
0.41787147
0.44645734
0.56400320
0.48362201
0.43991684
0.45752911
0.41743731
0.48078169
0.65310109
0.48649335
0.47804956
0.65296291
0.59378150
0.48653961
0.62956567
0.50354206
0.59182932
0.62297304
0.41786484
0.43498043
0.40088509
0.47211424
0.59170439
0.41059825
0.48087479
0.57984369
0.52338391
0.40745742
0.56427114
0.41414995
0.39107358
0.45353569
0.65991770
0.54534212
0.39285981
0.36982452
0.47068831
0.55253348
0.57990876
0.48426156
0.55569904
0.41818198
0.37637165
0.39837967
0.39182635
0.46717775
0.58418711
0.47953062
0.45159162
0.54235888
0.52271704
0.47834043
0.59857923
0.72251717
0.53059906
0.41890209
0.58705821
0.59076069
0.51775992
0.59736404
0.69012930
0.70615625
0.60412867
0.67423354
0.62951026
0.53303957
0.44111147
0.42347743
0.52392245
0.60885965
0.60676964
0.55992096
0.56151271
0.58732424
0.67468450
0.68494711
0.72695618
0.68487890
0.56340133
0.58221989
0.64885688
0.57817678
0.71654322
0.65331861
0.68041267
0.72461617
0.61541983
0.71142334
0.64912565
0.64992950
0.59030469
0.63264125
0.59611194
0.61705747
0.61115715
0.68919105
0.64517689
0.64960838
0.74586165
0.76335754
0.79821206
0.73265942
0.61696068
0.66835516
0.77038226
0.74007359
0.67610974
0.66755870
0.57580564
0.56212724
0.61049099
0.79205776
0.74960818
0.65702250
0.69786797
0.69886362
0.67496390
0.72756525
0.83794862
0.83342287
0.83082938
0.81391723
0.92120017
0.80435604
0.87588905
0.91662793
0.89054353
0.83741019
0.84539590
0.89251228
0.90293799
0.87341880
0.87731636
0.88810465
0.79649042
0.80389552
0.89399578
0.87403957
0.81684107
0.88144835
0.95848295
0.90011392
0.94141993
0.91859312
0.91365157
0.93823448
0.89096922
0.87564193
0.89574566
0.91567584
0.93152919
0.93181920
0.94784759
0.95425189
0.93904434
0.96321963
0.89230181
0.92064076
0.97580279
0.98082188
0.95099060
0.93742351
0.95962119
0.96290548
0.97394554
0.95395866
0.95312367
0.95551662
0.94746119
0.97970017
0.97708428
0.96886382
0.97096595
0.98609281
0.97658286
0.98540276
0.98307129
0.93487514
0.92197988
0.97350290
0.96147793
0.94540022
0.96056116
0.97601558
0.97543751
0.97532249
0.98713643
0.98461374
0.98548036
0.98271831
0.98126341
0.98798370
0.98160983
0.94966944
0.94241430
0.98323391
0.97093754
0.97531345
0.98405507
0.98507952
0.98880492
0.97493182
0.98169191
0.98562974
0.97724188
0.97233787
0.98176717
0.98445364
0.98904064
0.98410345
0.98907085
0.98359976
0.98418900
0.98493753
0.98740107
0.98948712
0.99080052
0.98588835
0.98578513
0.98714865
0.98699898
0.98211511
0.97722490
0.98196123
0.98546916
0.98712481
0.98785502
0.98847517
0.98007476
0.97883304
0.98380808
0.98980541
0.98963721
0.99022364
0.99087692
0.99011767
0.98907264
0.98567156
0.97989376
0.97157176
0.96645956
0.97011491
0.96889537
0.96968126
0.97901557
0.98371745
0.98444583
0.98716601
0.98569592
0.98453644
0.98042064
0.98247257
0.98410752
0.98439191
0.98429684
0.98138960
0.97922163
0.98959908
0.99284897
0.99121410
0.98714899
0.99037958
0.99184071
0.98765572
0.98854053
0.99097445
0.98956700
0.99037378
0.98610249
0.98324676
0.98286695
0.98894748
0.98789000
0.98937107
0.98915627
0.98692140
0.98940240
0.99221784
0.99214023
0.99194357
0.99300231
0.99218557
0.99285227
0.99360114
0.99373478
0.99265169
0.99216084
0.99286262
0.99121741
0.99161636
0.99345699
0.99248450
0.99086169
0.99346431
0.98771068
0.98580077
0.98910798
0.98684309
0.98577180
0.98291170
0.98054944
0.97935075
0.97276297
0.97704021
0.98116567
0.96945726
0.96361091
0.96796508
0.97550447
0.98114837
0.98073543
0.98221132
0.97843567
0.97841318
0.97699425
0.98334375
0.98663640
0.98595092
0.97847522
0.96834762
0.97060961
0.96807787
0.97070087
0.97596208
0.98033244
0.97934928
0.97982309
0.97768402
0.98038451
0.97923771
0.97786630
0.97276255
0.96415637
0.96338413
0.96702287
0.97155978
0.98040664
0.98261447
0.98486843
0.98911704
0.98735278
0.98552329
0.98694239
0.99035291
0.98592874
0.98250723
0.97704196
0.97683291
0.96705138
0.96589276
0.97399211
0.97116839
0.97524648
0.97150120
0.97264571
0.97540408
0.97652553
0.98134069
0.98515893
0.99064914
0.99085175
0.98847467
0.98001645
0.98410217
0.99439855
0.98950689
0.99037972
0.99286517
0.99053889
0.98788229
0.99023195
0.99071427
0.98892358
0.98891795
0.99134400
0.99360615
0.99301921
0.99204154
0.99266562
0.99344184
0.99154102
0.99351257
0.99210979
0.98962530
0.99038437
0.99262955
0.99211094
0.98938665
0.99101951
0.99437434
0.99300156
0.99367915
0.99422227
0.99080648
0.98843493
0.99292344
0.99434667
0.99435429
0.99039807
0.98586201
0.98773892
0.98366597
0.98086075
0.97509997
0.97606243
0.98043586
0.98473956
0.98404161
0.98589588
0.98802045
0.98692223
0.99069296
0.98845805
0.98182437
0.98384735
0.99004720
0.99390371
0.99080695
0.98989575
0.98812805
0.97582581
0.98439672
0.99023766
0.98769183
0.99009325
0.98837237
0.98651649
0.98612316
0.98388185
0.98688887
0.98642271
0.98377938
0.98903693
0.98906301
0.98239215
0.98101068
0.98388798
0.98807575
0.98693791
0.98561478
0.98338229
0.98334338
0.98484531
0.98274709
0.98385433
0.98764154
0.99069567
0.99073737
0.99118944
0.98979136
0.98632303
0.98340375
0.98032891
0.98974336
0.99217656
0.99213132
0.99145467
0.99005564
0.98928190
0.99063983
0.98943293
0.98734599
0.98728201
0.98647640
0.98664720
0.98669041
0.98249341
0.98548000
0.98553398
0.98478015
0.98462970
0.98299123
0.98474982
0.98222586
0.98386609
0.98260154
0.98397350
0.98134689
0.97656413
0.97354052
0.98083945
0.98294877
0.97803756
0.98064078
0.98321182
0.97231229
0.96438702
0.97381870
0.97788840
0.96498464
0.95783593
0.97671702
0.97832694
0.97619058
0.97353654
0.97726712
0.97790088
0.97858214
0.97222250
0.97640957
0.97235104
0.97196335
0.97932173
0.97257405
0.97939483
0.97538416
0.97893183
0.98175079
0.98333300
0.98423689
0.97600931
0.96029176
0.97803419
0.97967192
0.98078496
0.95901242
0.94929679
0.98199355
0.97380040
0.96882607
0.94808917
0.95395112
0.95387380
0.94843615
0.96155232
0.95583078
0.94259867
0.91884485
0.91894780
0.92920107
0.95883380
0.94248786
0.96793865
0.96591233
0.91542025
0.90745402
0.88567027
0.91768755
0.97096061
0.97356772
0.97968571
0.97502773
0.98328081
0.93136648
0.95158563
0.93032403
0.90762957
0.93921134
0.89861922
0.87598024
0.90735403
0.89872776
0.86495535
0.89985142
0.90724384
0.88778767
0.79273034
0.80759129
0.80527511
0.82073614
0.83302322
0.87009649
0.80076524
0.75815300
0.77529559
0.84703207
0.86600346
0.88290688
0.84404970
0.90656684
0.93217428
0.85917165
0.87016780
0.85740828
0.86225608
0.91118521
0.92204018
0.92355866
0.87444972
0.81370865
0.77278642
0.76850119
0.89506898
0.80813117
0.86184000
0.89624733
0.85621278
0.79795722
0.81754952
0.84942189
0.74786361
0.76637885
0.83527278
0.84653204
0.85610061
0.82882793
0.86416698
0.87506072
0.79377033
0.72410633
0.79786887
0.92176906
0.77416408
0.73249682
0.74392133
0.80473980
0.86298081
0.75822529
0.64943318
0.60510382
0.76486093
0.61787489
0.70349929
0.81934054
0.76413536
0.59147985
0.50481531
0.62114770
0.60860259
0.58454824
0.66708645
0.44438374
0.50798016
0.72881174
0.83430176
0.70457445
0.75381451
0.59341041
0.46701829
0.56785242
0.73742468
0.59612568
0.52569438
0.56897803
0.73114823
0.71004945
0.52595391
0.67782286
0.69255579
0.43931606
0.34737703
0.54691352
0.62638825
0.59863761
0.36817547
0.35301332
0.54271599
0.62269780
0.68174500
0.48626944
0.36364211
0.32314732
0.31171708
0.23659635
0.20182532
0.32714752
0.46098090
0.39119307
0.50810801
0.50610092
0.39153307
0.56943169
0.47424382
0.62699605
0.40320817
0.36875219
0.34964234
0.44999050
0.61188499
0.62008711
0.69541235
0.71125720
0.79063739
0.71014573
0.67676202
0.52300084
0.35076782
0.29170666
0.39009459
0.33075996
0.29545788
0.37641250
0.51149512
0.44790673
0.38883826
0.51336180
0.30945686
0.29650908
0.45963382
0.73804326
0.67539340
0.65218317
0.46198663
0.24689845
0.19607886
0.35717625
0.42000552
0.30288061
0.22347330
0.16752815
0.39461596
0.38816078
0.45785921
0.44539452
0.33441752
0.26000747
0.23464774
0.31365811
0.46710692
0.33485940
0.17036193
0.13272522
0.12928862
0.30755874
0.33860226
0.36051785
0.39384272
0.42627322
0.30059682
0.27707361
0.30793844
0.35738937
0.24109570
0.28063210
0.25376409
0.30291415
0.29692395
0.37571324
0.41559534
0.37453728
0.28258524
0.17732110
0.18041975
0.21286986
0.25768804
0.22224184
0.24107700
0.13117969
0.15319223
0.25655008
0.12730613
0.08306945
0.08544905
0.09135351
0.20095377
0.15640964
0.13428716
0.09347138
0.21313549
0.14899334
0.15082731
0.10400247
0.13433339
0.25856573
0.32913618
0.25295681
0.22457637
0.22844149
0.19449302
0.21380274
0.13424719
0.14761399
0.14348662
0.16083008
0.29593395
0.25614424
0.21963640
0.22893896
0.32940476
0.22389186
0.17329740
0.13475445
0.13218878
0.13087181
0.14048516
0.08325182
0.28147275
0.11705978
0.10337876
0.16487237
0.13157419
0.10787685
0.17768396
0.19572714
0.16959114
0.28891212
0.16479401
0.16598846
0.24647123
0.33682069
0.22325019
0.17536469
0.20678861
0.27216668
0.28838020
0.10541096
0.06381745
0.04279699
0.05046023
0.12537517
0.21035064
0.13079118
0.20422225
0.28881262
0.21542072
0.18352468
0.18681461
0.19405145
0.19869328
0.37041278
0.25375264
0.53021423
0.36612697
0.36826634
0.49206583
0.52771228
0.43770688
0.31651810
0.32453015
0.26431763
0.20555139
0.10573914
0.07681659
0.15560271
0.18138480
0.10782134
0.14596672
0.14036314
0.26493450
0.28506929
0.14171203
0.14269693
0.11447694
0.18952591
0.12490949
0.29917557
0.07892239
0.11088560
0.14902191
0.16176817
0.34345257
0.43477451
0.19728037
0.21692604
0.24122301
0.21254816
0.24338299
0.19741947
0.09992012
0.11485891
0.09422181
0.10721211
0.19256150
0.16839385
0.37421888
0.21058400
0.21738870
0.18343156
0.15575465
0.13032025
0.14983815
0.20162567
0.19517406
0.09991814
0.16290277
0.13841230
0.15321917
0.12881989
0.09368047
0.17197442
0.13566391
0.19421633
0.25306387
0.28118511
0.17689036
0.18213685
0.17373423
0.31112426
0.15413126
0.19895939
0.18594015
0.17814187
0.13004337
0.12984589
0.31172198
0.15665984
0.08218791
0.11406517
0.10893259
0.17416324
0.19548388
0.22111127
0.18806645
0.23293429
0.25872214
0.26319742
0.47095203
0.40122958
0.33953730
0.29903936
0.27372236
0.52602516
0.33784243
0.29529645
0.28751599
0.30167842
0.30487929
0.32718994
0.36766222
0.21196992
0.24799377
0.39391792
0.31828161
0.42103216
0.47819857
0.29396315
0.26869434
0.27509963
0.32714064
0.21617696
0.15554421
0.17129808
0.15462170
0.14221314
0.12722521
0.38155052
0.19490391
0.21222135
0.20600560
0.27718546
0.25749739
0.29469958
0.41500654
0.35054991
0.30861594
0.34594539
0.55772490
0.64609577
0.57911755
0.30339479
0.28185070
0.28590494
0.53182235
0.38788034
0.35946486
0.36410320
0.38869039
0.22907535
0.26454221
0.29114759
0.19819550
0.26717772
0.17533015
0.13583525
0.15551897
0.20002240
0.19695468
0.29707876
0.37324514
0.52059752
0.34314325
0.40243035
0.43187615
0.48681113
0.32447626
0.44828710
0.36264578
0.35197462
0.43529630
0.40061892
0.35230831
0.33817721
0.35045996
0.33163911
0.43136955
0.65690455
0.39440426
0.36726819
0.25876894
0.23680943
0.17881953
0.22230282
0.21715209
0.25565794
0.20968926
0.25298233
0.30364486
0.36853976
0.37246357
0.43127625
0.64207947
0.33657529
0.32232975
0.27775527
0.31999473
0.31738903
0.29326229
0.45950787
0.45522566
0.42255455
0.39084167
0.33021905
0.35091057
0.40884150
0.47372396
0.30356055
0.27005742
0.20181962
0.17920156
0.17306531
0.22730226
0.27736845
0.33350386
0.37502757
0.40160717
0.50314396
0.55367968
0.63267427
0.49368629
0.42217262
0.33531751
0.47955201
0.38672503
0.29891093
0.21163897
0.24230498
0.18148940
0.14181673
0.13832860
0.26580024
0.27487213
0.31797716
0.51653218
0.33732919
0.52609084
0.34992537
0.37831090
0.37860278
0.30843810
0.24863282
0.24556292
0.31595116
0.28157469
0.34637819
0.28907219
0.32407750
0.31134028
0.33060006
0.38073351
0.34092280
0.43931619
0.40176629
0.39034423
0.19585469
0.22752281
0.25560378
0.22275451
0.20274369
0.20132944
0.16508565
0.23608898
0.21819974
0.19391407
0.23333020
0.30493258
0.18401762
0.22665235
0.16295805
0.27730071
0.22366087
0.25675706
0.23776274
0.19304656
0.15276236
0.20033860
0.17891312
0.12650573
0.12176765
0.11891253
0.15279185
0.15595080
0.26559741
0.11286469
0.16059721
0.14647502
0.19796419
0.18761963
0.28126809
0.21374253
0.41435044
0.43458553
0.36090643
0.27686983
0.25222187
0.21670707
0.16373027
0.12440396
0.15195438
0.19623535
0.14526306
0.16487570
0.34678395
0.36260558
0.36684250
0.22596113
0.21082680
0.22062075
0.24635360
0.25466721
0.21816774
0.24860460
0.19367040
0.28938742
0.37645066
0.22288466
0.26434586
0.32263943
0.18395043
0.20468947
0.19498830
0.17371750
0.15889145
0.22331409
0.24866309
0.31987346
0.29217845
0.21104669
0.22796761
0.21481123
0.27312039
0.20821591
0.14311791
0.08823834
0.13442000
0.14973781
0.15008837
0.16700505
0.31546908
0.28161184
0.29028174
0.31926227
0.44086330
0.41439730
0.32067570
0.21680581
0.30354764
0.24654772
0.35615261
0.24541286
0.19125947
0.21224398
0.16438096
0.16863042
0.17985105
0.25616984
0.26152860
0.35580422
0.26015564
0.29109379
0.22992790
0.18820075
0.16629976
0.22760507
0.23253680
0.25520387
0.25693639
0.43799672
0.25969061
0.22477462
0.25518007
0.33540003
0.22878455
0.19478946
0.23271856
0.26386840
0.31642628
0.36001099
0.30689282
0.27531151
0.23709741
0.32788393
0.23245459
0.22148978
0.14644857
0.17794924
0.23157324
0.19547235
0.20984058
0.25552945
0.22695410
0.23781782
0.31131238
0.21748173
0.18492009
0.19897377
0.28346938
0.28709631
0.35506232
0.19783764
0.34763703
0.30296814
0.19885651
0.21956603
0.30388940
0.27984373
0.33723832
0.47628548
0.47868207
0.27628334
0.23940805
0.24068719
0.23909605
0.26404512
0.27916373
0.24575559
0.28624881
0.23275424
0.23555517
0.19006992
0.24193118
0.26693572
0.22825752
0.21478980
0.18466205
0.23042327
0.14603306
0.32047246
0.24307863
0.18362637
0.24178769
0.25217103
0.24932000
0.24433049
0.24434319
0.22485631
0.33028128
0.42850215
0.55481503
0.31472501
0.43421559
0.42441058
0.50756138
0.53659552
0.45003533
0.40686154
0.41403268
0.37735957
0.44258839
0.53754650
0.33415444
0.21565100
0.25701109
0.29364836
0.31110659
0.25026358
0.26045355
0.32909866
0.35093680
0.34928918
0.33280387
0.30783593
0.29881842
0.23574208
0.31877959
0.24947570
0.32138820
0.34195356
0.20344212
0.16137796
0.19060616
0.14075620
0.19428288
0.20079152
0.28057817
0.22725387
0.21403024
0.34159795
0.28529591
0.19096481
0.19639155
0.17892508
0.14130118
0.16156358
0.21965119
0.22840731
0.45094041
0.30983808
0.34297058
0.33037175
0.56139138
0.50963571
0.32560784
0.33291567
0.31790038
0.20081222
0.20762344
0.20430739
0.22423667
0.15334676
0.10779408
0.13007050
0.19012302
0.19481210
0.25999854
0.24419536
0.30411471
0.52981271
0.47311714
0.58181962
0.52740637
0.30642134
0.24668922
0.20555322
0.10857042
0.16950103
0.21077676
0.27875328
0.25458359
0.39679590
0.26250870
0.21274104
0.24887316
0.29550736
0.33079361
0.36906254
0.27269852
0.27654281
0.27936192
0.35156325
0.43939454
0.32980283
0.47093301
0.34882697
0.31609460
0.43345051
0.57984526
0.48127527
0.28617853
0.22543681
0.27801742
0.52382938
0.47632960
0.45387195
0.46575075
0.53508264
0.56158859
0.29381546
0.26091701
0.23800202
0.40150371
0.44097548
0.64497944
0.52167100
0.49148260
0.41744582
0.44999473
0.37989283
0.32099011
0.26841982
0.20764520
0.17652201
0.20075052
0.21735026
0.22958597
0.15335973
0.21893658
0.30366723
0.26127818
0.21871608
0.21892100
0.24506199
0.23506411
0.31030324
0.26915449
0.27107562
0.23158687
0.55969132
0.37017975
0.31503090
0.28288095
0.31753992
0.24790753
0.22957634
0.22829739
0.27234755
0.23974600
0.19894238
0.29221647
0.34111454
0.44622687
0.18158632
0.18230852
0.20618094
0.33331623
0.51246995
0.46999337
0.51556194
0.60111647
0.39224250
0.39710628
0.47125201
0.32004064
0.31562561
0.49334712
0.38629439
0.29189852
0.27973209
0.25399658
0.28949754
0.21000399
0.25953395
0.33084662
0.40267592
0.30057363
0.25692539
0.29265130
0.29136592
0.26486276
0.19380277
0.19613135
0.19216560
0.35646227
0.24910727
0.27246650
0.21684615
0.16578679
0.13065242
0.13435338
0.11159071
0.31544614
0.18139796
0.28241857
0.41997399
0.25376809
0.28270246
0.22661770
0.19607224
0.20883837
0.21063785
0.18246190
0.30326354
0.21293968
0.22419602
0.20798590
0.17796117
0.19896344
0.28559795
0.44247811
0.47823550
0.42659223
0.56116135
0.59805981
0.60936094
0.43117541
0.27195417
0.48337489
0.33332405
0.25787094
0.28381580
0.33199002
0.39344179
0.44963277
0.41170806
0.32814020
0.29174346
0.25813509
0.19329329
0.20454820
0.26527631
0.31940849
0.16087711
0.12605241
0.27969386
0.16982947
0.13846807
0.14105908
0.14356429
0.15919618
0.15701421
0.13233852
0.15315519
0.29370569
0.29381898
0.40617640
0.33150334
0.38989524
0.32664690
0.29374184
0.26066544
0.38699159
0.25122861
0.26735322
0.13931279
0.13591692
0.17456481
0.18639324
0.23114537
0.13184831
0.12433011
0.14219682
0.16744210
0.14729672
0.13649627
0.29892204
0.18807248
0.15718064
0.19156566
0.31070571
0.37752834
0.37271568
0.28207223
0.25106803
0.28330436
0.36066853
0.31682464
0.33746685
0.34864061
0.40369732
0.52964743
0.49289336
0.61485588
0.62993325
0.45807361
0.47127832
0.45275685
0.44457726
0.44822043
0.48004320
0.29760103
0.38227242
0.35618811
0.22172864
0.22548802
0.25531172
0.46365669
0.26573706
0.22623498
0.35220192
0.37111205
0.25807396
0.37363475
0.38750336
0.40918891
0.36578667
0.36078148
0.39398839
0.53178923
0.62651244
0.38617745
0.46740542
0.49233261
0.43653303
0.43587460
0.49691971
0.58219748
0.45981646
0.44661421
0.60335698
0.57545073
0.42626336
0.50358211
0.47942881
0.51219746
0.51334157
0.51851627
0.56240939
0.65623183
0.64270232
0.72916040
0.65179956
0.68586549
0.75258005
0.71806604
0.63635541
0.59002605
0.51637241
0.43013743
0.48341033
0.50573985
0.55673596
0.57614459
0.68573221
0.64904150
0.44087526
0.33511852
0.29716005
0.38711079
0.51235148
0.46397603
0.31468329
0.28746712
0.31691627
0.41482070
0.52547151
0.58285710
0.33394892
0.26911980
0.28187981
0.51251050
0.44155221
0.45090358
0.66237110
0.58023613
0.51186621
0.71301736
0.58027714
0.54226435
0.53756990
0.63974093
0.47482072
0.39122969
0.40436061
0.55622619
0.51476989
0.53503932
0.57964465
0.68254252
0.60864407
0.60160962
0.74192316
0.67240716
0.59209330
0.72948828
0.69399453
0.75711081
0.67451120
0.75585884
0.80738292
0.73506479
0.71261455
0.69963842
0.69485169
0.55856875
0.57308879
0.48502484
0.51768538
0.66396483
0.63232001
0.55157936
0.58013112
0.54096839
0.70712688
0.67018641
0.67734853
0.73196911
0.75019529
0.71777525
0.61736793
0.74941656
0.78038473
0.72771329
0.70159896
0.75771071
0.77813770
0.83646901
0.83381027
0.81303383
0.80152036
0.84310872
0.76607855
0.82481055
0.84805096
0.72390092
0.66261923
0.75085961
0.81799280
0.78945398
0.78293138
0.85454915
0.88362334
0.85802869
0.85439356
0.82426981
0.83713324
0.87151762
0.86501985
0.82440818
0.86036041
0.83003211
0.75467075
0.80468788
0.75476165
0.78817140
0.87159829
0.81911628
0.82019824
0.85329152
0.85309365
0.85797315
0.90842313
0.93031221
0.91477186
0.90844750
0.94009450
0.92669111
0.91852505
0.91159128
0.93862648
0.92879334
0.92479207
0.94256496
0.92468003
0.90309054
0.91857779
0.90404569
0.93634356
0.91364224
0.92100601
0.90162018
0.92462501
0.90935246
0.93064095
0.91120943
0.89174431
0.89647311
0.91772778
0.94246748
0.94181959
0.93750058
0.94436495
0.94851662
0.95085149
0.93880637
0.94027162
0.93256240
0.94564415
0.96110325
0.96546381
0.96102968
0.95648016
0.96042861
0.96033592
0.96252728
0.96503306
0.96073755
0.96079328
0.96082851
0.96322850
0.95317660
0.95776877
0.95437679
0.95156788
0.94886306
0.95625913
0.94548396
0.94821293
0.94610893
0.95475441
0.95894682
0.94887676
0.94026741
0.93814389
0.92395174
0.93753248
0.94365744
0.94151374
0.94938230
0.95107691
0.94196064
0.93549421
0.94388364
0.94961441
0.95476804
0.96439265
0.96109015
0.96563497
0.96023056
0.94486998
0.93222475
0.93399621
0.93676798
0.94450208
0.95994899
0.96404997
0.96690649
0.96952485
0.97109426
0.97427051
0.96422431
0.95783084
0.96385637
0.97529648
0.97915131
0.98217333
0.98491860
0.98171262
0.98075062
0.98052641
0.98125375
0.98126645
0.96910251
0.97474787
0.98114632
0.97950551
0.97319755
0.96987546
0.96768029
0.97247674
0.97524768
0.97736361
0.96998421
0.97177864
0.96940985
0.96297763
0.96464101
0.96400663
0.96473457
0.96671611
0.96618769
0.96614593
0.96561273
0.96406187
0.96343541
0.95360238
0.95359825
0.95122916
0.95235127
0.95572663
0.95751631
0.96341037
0.96323484
0.96862536
0.97444646
0.96901768
0.97210786
0.97681231
0.97693159
0.97514013
0.97756373
0.97995187
0.97972819
0.98005825
0.98002647
0.98270624
0.98409693
0.98602138
0.98930225
0.98738222
0.98811431
0.98820035
0.98455147
0.98112067
0.97911518
0.97707396
0.97744575
0.97301284
0.96454241
0.96515991
0.96889633
0.96865437
0.97252757
0.97459407
0.96627378
0.97045692
0.97916254
0.97775961
0.98397753
0.98432232
0.98826575
0.99322966
0.99001431
0.99110306
0.99389896
0.99389727
0.99391733
0.99356438
0.98712594
0.98618657
0.99283926
0.99407466
0.99487561
0.99317988
0.99114483
0.99323802
0.99352875
0.99159628
0.99421086
0.99452769
0.99344589
0.98870074
0.98933376
0.99248539
0.98965456
0.99317566
0.99195478
0.99201626
0.98944887
0.98370386
0.98615056
0.98937703
0.98792834
0.98732608
0.98404810
0.98413000
0.98910950
0.99370488
0.99246493
0.99016286
0.99029605
0.98773975
0.97943743
0.97182637
0.97649060
0.97200751
0.97172765
0.97490181
0.97727054
0.97836156
0.98037840
0.98485955
0.98403148
0.97860402
0.97431813
0.97408070
0.97004176
0.97331505
0.98195750
0.98053030
0.97853087
0.98026751
0.98450346
0.98880732
0.98859155
0.98332761
0.98475070
0.98580424
0.98953358
0.98815223
0.98517089
0.99179911
0.99003678
0.99013287
0.98936636
0.98904795
0.98318542
0.98559341
0.98760973
0.98758159
0.98573812
0.98146112
0.98189917
0.98359530
0.98617425
0.98739439
0.98813366
0.99049652
0.99051795
0.98480627
0.98815711
0.99312910
0.98985991
0.98942009
0.99129212
0.98758898
0.98912124
0.98522539
0.98414064
0.98570242
0.98300001
0.97931914
0.97705389
0.97192949
0.97497342
0.98349966
0.98530949
0.98338475
0.98140985
0.97999878
0.98046542
0.98363877
0.98565542
0.98619461
0.98651698
0.98704440
0.98489590
0.98805955
0.98854754
0.98449073
0.98601243
0.98606252
0.98918810
0.98833242
0.98719523
0.99035630
0.98947976
0.98582171
0.98490016
0.98630747
0.97815563
0.97827214
0.97711549
0.97431506
0.96943759
0.96083049
0.96163850
0.96690143
0.97220830
0.97255099
0.97933934
0.97992632
0.98273541
0.98522700
0.98676847
0.98832793
0.98403821
0.97751853
0.97843427
0.98322761
0.98609144
0.98688316
0.98586504
0.98169343
0.98381034
0.98314132
0.98610257
0.99104554
0.99173617
0.99021623
0.98360394
0.99077233
0.99612519
0.99218773
0.99455803
0.99469290
0.99339358
0.99338712
0.99483649
0.99072495
0.98469237
0.98970142
0.98864366
0.98964282
0.99237721
0.99058063
0.98963187
0.99162972
0.99194470
0.99252645
0.99125591
0.99228881
0.99227651
0.99174370
0.99030559
0.98912198
0.98551052
0.98316172
0.98149239
0.98071844
0.98237848
0.98139097
0.97941099
0.97921279
0.97731384
0.97537713
0.97507985
0.97166892
0.97094749
0.97086988
0.96426387
0.96344432
0.96837766
0.97088354
0.96871722
0.97058918
0.97251880
0.97502206
0.97589380
0.97905606
0.97898596
0.97938669
0.97962595
0.97643064
0.98090768
0.98181654
0.98009335
0.98846848
0.98923634
0.98403611
0.98304973
0.98547753
0.97447698
0.96927715
0.98119992
0.97765937
0.97330411
0.96347258
0.95389118
0.94831448
0.94789458
0.93607498
0.94894491
0.94111367
0.93743866
0.92395869
0.92399648
0.93179020
0.92440542
0.90994914
0.89764272
0.89750939
0.93704907
0.95256610
0.96279474
0.95429681
0.96462261
0.96658492
0.91979372
0.89970626
0.93558029
0.92912986
0.93347484
0.94836568
0.95417626
0.94795899
0.95449423
0.91090548
0.92616841
0.97407737
0.98266548
0.98582950
0.96210246
0.96721276
0.97732010
0.96378740
0.97755647
0.96611512
0.96377593
0.93118546
0.96416504
0.96723336
0.96353577
0.95488428
0.96775612
0.91231553
0.89951826
0.91511362
0.88689070
0.92955204
0.95653538
0.90157263
0.87977968
0.88313729
0.88364991
0.90861199
0.88961236
0.87010772
0.84109969
0.84026383
0.82907749
0.77724663
0.76031659
0.79513030
0.82713849
0.82357793
0.75861601
0.64644183
0.77408224
0.80109509
0.81580917
0.77264218
0.77914661
0.80964381
0.82285032
0.70019880
0.74045856
0.73785660
0.81558332
0.69445047
0.66939474
0.66096964
0.65219231
0.68148048
0.64025745
0.66810893
0.75793371
0.69376772
0.66578570
0.70805591
0.61819993
0.66915537
0.80337754
0.80129531
0.80360154
0.83351942
0.81691154
0.85218698
0.76401722
0.73001427
0.78531014
0.84029332
0.80552905
0.68902940
0.68588017
0.75507142
0.76089861
0.86231825
0.86159065
0.76503504
0.76786622
0.76026071
0.81512906
0.88145440
0.83780683
0.84378506
0.69768678
0.66902458
0.69563687
0.61721336
0.56060125
0.62731437
0.61869762
0.56595607
0.52339216
0.44966754
0.40537570
0.43251340
0.42814236
0.37677489
0.41823530
0.48361233
0.43307285
0.43287667
0.52323718
0.62779838
0.49433221
0.51124903
0.39221012
0.41101964
0.44498518
0.47880641
0.61659702
0.67674430
0.48474820
0.46607837
0.53534403
0.52364568
0.46706510
0.44735702
0.56335081
0.61604506
0.50626062
0.43743477
0.39934651
0.53349777
0.45495288
0.38318148
0.41286404
0.41586816
0.45086011
0.58154644
0.47985642
0.41517835
0.41226436
0.56613659
0.51267050
0.58045025
0.39041394
0.36054598
0.31437650
0.27054801
0.33469916
0.33348625
0.33815067
0.27127880
0.32615227
0.42591806
0.58841983
0.46333131
0.48740036
0.46404101
0.40265376
0.25553651
0.19088611
0.34363755
0.48765999
0.28418425
0.17263053
0.20769256
0.21344134
0.38834890
0.39171713
0.51075826
0.20697067
0.20293263
0.20304500
0.22116283
0.28694380
0.27977996
0.42340303
0.24716931
0.28159808
0.12052836
0.14829578
0.17100319
0.33263465
0.42491629
0.24929310
0.40371170
0.41092694
0.34947345
0.39421798
0.39666621
0.39055252
0.37714900
0.43210754
0.59550343
0.56736913
0.57199127
0.48078710
0.48130284
0.48866591
0.63677697
0.46530768
0.47325211
0.28862265
0.31844216
0.39593416
0.44085137
0.40537409
0.49227338
0.35564913
0.35502322
0.34539327
0.38361329
0.36404350
0.28725451
0.27518132
0.31461417
0.35378323
0.49632091
0.58189952
0.36489810
0.37505833
0.34574406
0.41482288
0.40504181
0.35688265
0.33187556
0.37153182
0.37259031
0.46792468
0.43642999
0.39013681
0.41362303
0.43620326
0.42809658
0.44327087
0.30323604
0.25701811
0.27715087
0.26346208
0.35293832
0.50753880
0.57832296
0.49806508
0.37202403
0.51390216
0.49456837
0.41088732
0.55602134
0.48772720
0.51399048
0.33173512
0.26937689
0.29142179
0.49519936
0.30016304
0.30338499
0.34711571
0.32418721
0.31842642
0.31044086
0.24172528
0.25879837
0.32051563
0.35223155
0.66926385
0.49619768
0.47024014
0.54029207
0.51315560
0.39383233
0.38414251
0.36019583
0.42085648
0.58293937
0.57953350
0.46571750
0.35041855
0.32143397
0.40068855
0.28402985
0.27903356
0.29409976
0.20618090
0.26084062
0.26652878
0.23238227
0.36425342
0.56745079
0.46406584
0.34647448
0.32589435
0.37494642
0.32055029
0.27883462
0.26633631
0.32907403
0.35706855
0.48894828
0.19795911
0.14533224
0.28182325
0.22968207
0.20883358
0.18548775
0.18160007
0.17994106
0.21802809
0.16534548
0.37359120
0.33585696
0.48382509
0.34698841
0.35562161
0.29684017
0.28284069
0.24429976
0.26180458
0.27183095
0.27953068
0.25762280
0.34800673
0.41838107
0.39253827
0.31918586
0.47698079
0.57651541
0.38136660
0.37033905
0.34753177
0.35017718
0.34801357
0.29204857
0.40002405
0.38108465
0.34956728
0.49923835
0.48138912
0.28376453
0.31643552
0.33370122
0.48717017
0.23576301
0.19335117
0.26620030
0.36761270
0.40107027
0.32874151
0.39141002
0.38512803
0.60513420
0.47509254
0.34874722
0.29265574
0.33249686
0.30011132
0.26392087
0.21748125
0.19597983
0.17696273
0.42500363
0.34677684
0.39738170
0.33985046
0.32346133
0.26326646
0.50012560
0.46203270
0.31731902
0.30752401
0.28475634
0.35632579
0.33836265
0.38361690
0.50660106
0.49212331
0.33837722
0.35410374
0.40400347
0.40334792
0.29729256
0.27422561
0.32361986
0.34493182
0.39830789
0.31783865
0.41985883
0.26967630
0.26233102
0.43415168
0.36275096
0.39978836
0.49162269
0.38627847
0.32991068
0.34291025
0.40699532
0.41607856
0.36623473
0.51485172
0.39553150
0.35720376
0.33051265
0.39377317
0.39675614
0.33572273
0.40045708
0.50297951
0.44594132
0.57865203
0.48590536
0.48445030
0.43224628
0.47892854
0.36712397
0.42765749
0.42161997
0.59207838
0.45592209
0.56855114
0.64054621
0.48801512
0.47058632
0.44562005
0.43072207
0.36784725
0.40332150
0.32483763
0.30553802
0.40777862
0.57916889
0.58625390
0.49301918
0.47832367
0.40552445
0.48818480
0.37775288
0.33997691
0.31394857
0.55529946
0.38408034
0.57507679
0.51139230
0.59075349
0.48474339
0.36497014
0.34641875
0.66448109
0.61775462
0.62956068
0.38947107
0.40913022
0.36720100
0.57451237
0.50490410
0.33867050
0.29357585
0.40748420
0.45162017
0.41546882
0.38779163
0.34513397
0.42629614
0.61946040
0.54816906
0.52679000
0.40060433
0.39021164
0.35336269
0.29981490
0.25624055
0.25726889
0.24620732
0.19464079
0.41036583
0.32912319
0.38253577
0.33003335
0.26609191
0.28312183
0.18627158
0.25422133
0.24891695
0.27997821
0.21716254
0.39850043
0.25554963
0.23839317
0.19399424
0.19271284
0.25378197
0.19704101
0.19659956
0.34945139
0.45847697
0.37150764
0.35910133
0.27715121
0.29309639
0.33906600
0.41541492
0.30966442
0.32069567
0.37288604
0.35183299
0.27450848
0.26324127
0.22589278
0.27571773
0.26403521
0.43978316
0.34713574
0.34950133
0.36007470
0.28192299
0.43148097
0.21159345
0.26852247
0.36140566
0.61271260
0.35121987
0.33917663
0.50935692
0.55202928
0.42592586
0.39226965
0.39657104
0.44373059
0.54771071
0.52126053
0.50486572
0.50583364
0.71189158
0.58769217
0.57709363
0.51140676
0.45067381
0.47493264
0.61521185
0.32090935
0.30354095
0.39121183
0.54280773
0.47920990
0.31792417
0.25372544
0.24292816
0.28726480
0.38813127
0.39612036
0.50278221
0.40266465
0.35005609
0.45584406
0.48801813
0.29419878
0.37551035
0.39323310
0.50128242
0.44475790
0.39758080
0.23025147
0.33751625
0.38230468
0.26175672
0.22041664
0.26615526
0.32214462
0.39397535
0.44706401
0.35128792
0.33825175
0.29424553
0.35498285
0.52393712
0.43541282
0.46135510
0.27956059
0.28796994
0.39874272
0.38659004
0.38237668
0.36591373
0.23741506
0.25398044
0.24634999
0.27582867
0.51417956
0.53545224
0.59341735
0.48133051
0.56985686
0.51571004
0.44020977
0.46367282
0.52006868
0.52560738
0.42482670
0.51702762
0.52323413
0.49972121
0.50941854
0.44575845
0.58472519
0.56429341
0.47865950
0.59365304
0.41482353
0.36616908
0.51889564
0.66190947
0.47458164
0.56784258
0.66883226
0.57499301
0.50907733
0.55476659
0.54158732
0.42720775
0.37504206
0.51017301
0.55317325
0.61186524
0.55053144
0.70586144
0.73536762
0.69683622
0.74795653
0.77429747
0.74919790
0.71242530
0.70052608
0.75994847
0.78072829
0.75826888
0.80165239
0.82113747
0.79986032
0.84486576
0.84818777
0.88012966
0.86383444
0.87851205
0.90533218
0.89039829
0.88488002
0.78827784
0.85443398
0.90144511
0.84303626
0.88481375
0.88919526
0.91900527
0.90063541
0.84455291
0.87323347
0.88725924
0.90196904
0.88150943
0.86958710
0.89865438
0.88980389
0.89736050
0.94375337
0.96687241
0.94397007
0.94565175
0.94570927
0.94496529
0.95832213
0.96769240
0.96782050
0.95798301
0.96068631
0.96416969
0.97809954
0.97806360
0.97992672
0.98040062
0.97515015
0.97986170
0.97301521
0.96474166
0.96439038
0.96446352
0.96212945
0.96271897
0.97097992
0.97217119
0.95709118
0.96870121
0.96357894
0.96817372
0.96348920
0.96275687
0.95844951
0.96209003
0.96948379
0.96561598
0.96906966
0.97522904
0.96864714
0.95767047
0.95751175
0.96440859
0.96225562
0.96071247
0.96054804
0.96559668
0.96971568
0.96822929
0.97062586
0.97479610
0.97984234
0.97846092
0.97811719
0.97769928
0.98285324
0.98477676
0.98389030
0.98614160
0.98746551
0.97854394
0.97621457
0.98559461
0.98863999
0.98986273
0.98963513
0.99029843
0.98988632
0.98747054
0.98700294
0.98788392
0.98828175
0.98761382
0.98581395
0.98669896
0.98515437
0.98653309
0.98736348
0.98618085
0.98539073
0.98449686
0.98744547
0.98912723
0.98512474
0.98361357
0.98371298
0.98203595
0.97947397
0.97281448
0.97649700
0.97804174
0.97844020
0.97675309
0.97793483
0.97802846
0.98307339
0.98384592
0.98481224
0.98015783
0.97129971
0.97548911
0.98073930
0.97646458
0.97668703
0.98548639
0.98535452
0.98627970
0.98339802
0.98328653
0.98295346
0.98076563
0.97659461
0.97671224
0.98015854
0.97585934
0.98067303
0.98216005
0.98215826
0.97954013
0.98419187
0.98482498
0.98697660
0.98683363
0.98579560
0.98423742
0.98453433
0.98398229
0.98238588
0.98215713
0.98518645
0.98475055
0.98234712
0.98128997
0.98198835
0.97797496
0.97121366
0.97077556
0.97440680
0.97886660
0.97864717
0.98076408
0.98139188
0.98143369
0.98377745
0.98286234
0.98246033
0.98458750
0.98591232
0.98799828
0.98824675
0.98837835
0.98821270
0.98975653
0.99035491
0.99060627
0.99024417
0.98949233
0.99107332
0.98942703
0.98536095
0.97922950
0.97627078
0.97483346
0.97684714
0.98158323
0.98166956
0.98785320
0.98938503
0.99098697
0.99301001
0.99310238
0.99328140
0.99065026
0.98989318
0.99093814
0.98920248
0.98700309
0.98635939
0.98872498
0.99099268
0.99069169
0.98973312
0.98798310
0.98982662
0.98995585
0.99073133
0.98995419
0.98995274
0.99167082
0.99101533
0.98512591
0.98484897
0.98924130
0.98816062
0.98873809
0.98664715
0.99002901
0.99300421
0.99182185
0.98886683
0.98557248
0.98260474
0.98400256
0.99023873
0.98934370
0.98952651
0.98993088
0.98771018
0.99070988
0.99147786
0.99115785
0.99025318
0.99287843
0.99142661
0.99110586
0.99014460
0.98336453
0.98263697
0.98659758
0.97733651
0.96579337
0.95833360
0.95221389
0.94753555
0.93942551
0.94501478
0.94661543
0.96167356
0.97089922
0.97185280
0.98320727
0.99126799
0.99292354
0.98894431
0.98785278
0.98805422
0.98728721
0.98753141
0.98588458
0.98927660
0.99468963
0.99541841
0.99399452
0.99334993
0.99418436
0.98822531
0.99113644
0.99379844
0.99256716
0.98926815
0.99279842
0.99255155
0.99082355
0.98682240
0.98606852
0.99045022
0.99265877
0.99211825
0.99239431
0.99423345
0.99382917
0.99002833
0.98382804
0.98588313
0.99425015
0.99569254
0.99443155
0.99386422
0.99443994
0.99564637
0.99450804
0.99161133
0.98998015
0.99055295
0.98870055
0.98909570
0.99014640
0.98705934
0.98628765
0.99013568
0.99262409
0.99097707
0.99204819
0.99126702
0.99260469
0.99183296
0.98554729
0.98734921
0.99032273
0.98889902
0.99183146
0.99136181
0.98839558
0.99044169
0.98787602
0.98978226
0.98552709
0.98322483
0.98138821
0.98490526
0.98375401
0.98257872
0.98779739
0.98763453
0.98665932
0.98833363
0.98763630
0.98780076
0.98731120
0.98920515
0.99039560
0.98761148
