3.00000000
3.00000010
3.00000203
3.00000268
3.00000002
3.00000071
3.00000126
3.00000006
3.00000142
3.00000281
3.00000003
3.00000000
3.00000018
3.00000005
3.00000001
3.00000000
3.00000000
3.00000001
3.00000007
3.00000040
3.00000001
3.00000000
3.00000001
3.00000012
3.00000006
3.00000000
3.00000072
3.00000002
3.00000000
3.00000001
3.00000002
3.00000026
3.00000041
3.00000077
3.00000021
3.00000000
3.00000015
3.00000005
3.00000001
3.00000001
3.00000046
3.00000318
3.00000371
3.00000051
3.00000000
3.00000001
3.00000012
3.00000058
3.00000204
3.00000178
3.00000031
3.00000083
3.00000002
3.00000000
3.00000001
3.00000043
3.00000010
3.00000002
3.00000000
3.00000053
3.00000033
3.00000419
3.00000015
3.00000930
3.00001055
3.00002097
3.00001808
3.00001377
3.00000343
3.00000503
3.00001544
3.00001298
3.00001220
3.00001081
3.00000534
3.00000275
3.00000251
3.00000316
3.00002099
3.00000710
3.00000848
3.00000339
3.00000189
3.00000140
3.00000105
3.00000498
3.00000495
3.00000461
3.00000698
3.00000261
3.00000195
3.00000119
3.00000245
3.00000340
3.00000786
3.00000449
3.00000861
3.00002011
3.00000755
3.00000847
3.00000970
3.00003109
3.00004077
3.00001310
3.00000817
3.00000639
3.00000498
3.00000721
3.00000820
3.00001180
3.00002202
3.00002080
3.00000758
3.00001182
3.00000557
3.00000992
3.00000779
3.00001109
3.00000324
3.00001131
3.00002294
3.00004067
3.00001888
3.00001821
3.00011881
3.00008964
3.00014044
3.00019212
3.00038632
3.00044582
3.00057306
3.00021824
3.00018537
3.00037521
3.00022629
3.00009035
3.00005331
3.00006126
3.00005329
3.00002934
3.00000794
3.00000358
3.00000707
3.00001322
3.00001666
3.00001016
3.00001172
3.00005994
3.00004999
3.00002722
3.00002483
3.00000992
3.00000518
3.00000151
3.00000140
3.00000182
3.00000213
3.00001193
3.00000643
3.00000157
3.00000206
3.00000156
3.00000664
3.00000660
3.00000446
3.00001161
3.00001250
3.00000537
3.00000871
3.00001300
3.00007041
3.00002883
3.00001950
3.00001336
3.00001823
3.00001522
3.00001345
3.00002220
3.00002075
3.00002095
3.00002279
3.00002981
3.00002410
3.00003855
3.00007206
3.00005740
3.00005626
3.00003856
3.00002198
3.00002408
3.00002004
3.00002090
3.00002379
3.00002547
3.00001850
3.00003276
3.00005489
3.00008725
3.00009869
3.00018541
3.00037406
3.00045162
3.00042919
3.00031271
3.00025325
3.00015591
3.00017693
3.00012882
3.00006833
3.00008330
3.00010201
3.00003948
3.00007111
3.00008666
3.00004535
3.00004819
3.00002998
3.00002167
3.00002424
3.00001381
3.00006118
3.00007072
3.00005773
3.00006534
3.00007532
3.00010291
3.00017690
3.00040500
3.00012513
3.00009909
3.00022505
3.00008086
3.00005680
3.00001790
3.00000978
3.00000478
3.00000292
3.00000544
3.00000256
3.00000204
3.00000361
3.00000433
3.00000812
3.00000326
3.00000194
3.00000294
3.00000384
3.00000246
3.00000307
3.00000311
3.00000542
3.00001456
3.00000505
3.00001903
3.00000571
3.00000610
3.00000197
3.00001092
3.00001924
3.00001027
3.00000929
3.00000631
3.00000662
3.00000226
3.00000273
3.00001037
3.00001133
3.00001000
3.00003607
3.00002076
3.00001807
3.00003516
3.00019187
3.00088466
3.00140759
3.00060487
3.00048166
3.00062889
3.00112351
3.00213877
3.00337820
3.00525680
3.00268201
3.00046787
3.00026993
3.00015413
3.00004669
3.00003622
3.00001336
3.00001321
3.00006030
3.00004733
3.00000286
3.00000242
3.00000654
3.00001163
3.00000728
3.00001468
3.00002460
3.00001662
3.00004548
3.00003708
3.00002545
3.00001772
3.00000906
3.00000363
3.00000437
3.00000435
3.00000187
3.00000367
3.00000959
3.00000548
3.00000915
3.00002526
3.00001172
3.00002361
3.00002559
3.00009747
3.00045236
3.00027369
3.00005706
3.00018714
3.00037250
3.00015144
3.00013338
3.00016993
3.00050134
3.00050816
3.00043899
3.00018894
3.00025464
3.00044181
3.00030811
3.00004130
3.00007658
3.00010445
3.00008713
3.00003667
3.00003823
3.00003972
3.00010428
3.00004810
3.00001811
3.00002208
3.00004677
3.00002333
3.00000921
3.00004269
3.00007565
3.00001422
3.00000986
3.00000706
3.00001218
3.00001146
3.00000912
3.00001527
3.00001801
3.00002435
3.00003787
3.00003030
3.00002872
3.00004831
3.00004054
3.00003081
3.00003782
3.00005541
3.00004301
3.00004149
3.00013215
3.00012513
3.00001588
3.00000548
3.00000686
3.00001074
3.00000522
3.00001589
3.00002453
3.00003148
3.00001534
3.00000294
3.00001896
3.00001663
3.00006972
3.00012182
3.00020703
3.00032771
3.00025176
3.00005604
3.00003353
3.00002747
3.00002518
3.00002742
3.00002841
3.00000966
3.00000927
3.00001632
3.00001047
3.00000592
3.00000419
3.00000246
3.00002239
3.00007972
3.00003168
3.00000594
3.00000187
3.00000290
3.00000959
3.00000765
3.00000448
3.00000813
3.00000527
3.00000813
3.00001886
3.00002982
3.00002260
3.00002687
3.00001047
3.00000784
3.00001766
3.00007798
3.00016104
3.00008996
3.00004098
3.00003117
3.00006458
3.00011251
3.00006832
3.00004724
3.00001741
3.00004135
3.00011066
3.00001616
3.00001175
3.00001959
3.00004808
3.00001655
3.00002099
3.00001343
3.00001362
3.00000706
3.00000658
3.00002587
3.00002948
3.00003857
3.00011917
3.00009311
3.00013255
3.00022536
3.00014855
3.00018018
3.00028865
3.00017286
3.00014499
3.00025364
3.00011609
3.00010601
3.00005769
3.00005910
3.00006256
3.00003660
3.00006407
3.00005973
3.00006539
3.00005646
3.00006413
3.00006822
3.00003985
3.00006659
3.00010757
3.00008143
3.00004621
3.00003069
3.00002467
3.00001343
3.00000331
3.00000265
3.00000520
3.00000181
3.00000118
3.00000409
3.00001111
3.00000870
3.00001028
3.00002191
3.00005332
3.00003867
3.00000735
3.00000910
3.00003217
3.00004586
3.00004762
3.00003560
3.00001886
3.00000826
3.00000330
3.00000577
3.00000583
3.00003221
3.00001385
3.00000871
3.00001902
3.00000751
3.00000643
3.00001031
3.00001371
3.00001610
3.00001504
3.00002686
3.00005393
3.00010709
3.00014916
3.00026166
3.00025810
3.00023510
3.00026667
3.00050402
3.00030197
3.00025907
3.00018329
3.00027083
3.00026819
3.00036143
3.00045936
3.00051295
3.00086443
3.00069030
3.00057134
3.00069202
3.00061241
3.00050035
3.00047466
3.00034127
3.00029631
3.00028590
3.00024411
3.00029358
3.00027022
3.00013897
3.00012093
3.00016448
3.00013965
3.00009337
3.00009485
3.00005663
3.00005783
3.00007562
3.00008396
3.00009542
3.00014692
3.00019792
3.00006748
3.00002545
3.00004522
3.00004155
3.00002526
3.00003141
3.00003014
3.00002488
3.00001744
3.00002723
3.00004652
3.00003566
3.00003215
3.00003968
3.00004069
3.00003109
3.00003340
3.00005531
3.00006483
3.00002270
3.00001691
3.00001209
3.00000906
3.00000925
3.00001194
3.00000299
3.00000359
3.00000302
3.00000428
3.00000803
3.00000694
3.00000913
3.00000972
3.00001074
3.00001045
3.00001257
3.00002388
3.00009802
3.00008046
3.00004244
3.00002957
3.00005370
3.00003990
3.00003528
3.00002449
3.00003023
3.00005584
3.00009011
3.00006494
3.00001778
3.00002237
3.00001143
3.00002657
3.00001925
3.00002072
3.00002133
3.00004788
3.00008560
3.00015535
3.00014239
3.00010593
3.00006071
3.00004776
3.00004468
3.00005767
3.00008516
3.00001858
3.00003721
3.00008797
3.00003284
3.00002027
3.00001313
3.00001023
3.00001139
3.00002242
3.00002009
3.00001036
3.00001672
3.00002202
3.00003036
3.00009154
3.00003717
3.00002554
3.00002335
3.00001359
3.00001292
3.00001163
3.00001010
3.00002223
3.00004324
3.00002942
3.00001178
3.00001034
3.00000614
3.00001159
3.00001116
3.00000701
3.00000565
3.00000805
3.00000930
3.00005503
3.00002578
3.00000384
3.00000446
3.00000918
3.00000819
3.00003600
3.00001905
3.00000749
3.00000714
3.00000508
3.00000768
3.00000345
3.00000354
3.00000662
3.00000720
3.00001767
3.00000566
3.00000573
3.00003288
3.00002698
3.00003074
3.00002715
3.00001603
3.00001518
3.00001708
3.00002996
3.00001589
3.00001303
3.00001638
3.00002447
3.00001541
3.00000842
3.00000670
3.00002750
3.00001359
3.00000420
3.00001754
3.00001591
3.00002036
3.00001270
3.00000839
3.00000674
3.00000698
3.00001235
3.00000404
3.00001277
3.00000957
3.00002180
3.00001927
3.00001047
3.00000251
3.00002123
3.00001207
3.00000429
3.00000588
3.00001860
3.00000876
3.00000526
3.00001639
3.00002617
3.00001872
3.00001155
3.00001535
3.00001099
3.00001378
3.00001751
3.00001224
3.00000943
3.00000746
3.00002726
3.00003340
3.00001112
3.00001840
3.00002815
3.00000614
3.00002168
3.00000638
3.00001358
3.00004008
3.00007107
3.00011063
3.00015856
3.00012366
3.00018557
3.00016254
3.00014003
3.00010224
3.00013148
3.00015502
3.00013248
3.00011030
3.00009746
3.00022757
3.00013971
3.00044742
3.00098744
3.00025247
3.00100184
3.00042958
3.00037084
3.00026197
3.00113750
3.00391438
3.00362787
3.00086707
3.00082453
3.00048426
3.00099768
3.00113734
3.00082660
3.00112767
3.00196230
3.00142706
3.00214126
3.00413083
3.00306259
3.00153204
3.00146726
3.00061128
3.00015238
3.00019316
3.00024598
3.00061559
3.00045264
3.00008642
3.00004544
3.00021413
3.00125806
3.00008614
3.00143515
3.00025653
3.00027416
3.00021034
3.00014423
3.00007560
3.00019673
3.00010552
3.00000841
3.00007354
3.00012121
3.00002945
3.00006215
3.00022493
3.00187735
3.00761795
3.00096244
3.00092920
3.00053485
3.00326125
3.00403562
3.00055869
3.00062245
3.00049117
3.00040728
3.00120702
3.00161238
3.00199350
3.00187702
3.01054299
3.00742963
3.00614240
3.01163163
3.01392911
3.09055075
3.07563899
3.03204102
3.11835908
3.03478795
3.03741786
3.06738052
3.27904743
3.20281898
3.03283662
3.00638467
3.02904386
3.10238716
3.06028297
3.02709634
3.09508262
3.07674072
3.13580292
3.08489849
3.12794089
3.28464349
3.15381076
3.20334326
3.40860745
3.22330796
3.06289514
3.14402209
3.30137914
3.10138307
3.05736164
3.18327579
3.24923912
3.09872047
3.14363685
3.44021111
3.14945534
3.18200658
3.42426582
3.42249475
3.13314783
3.87611425
4.14856904
3.45698078
3.12184010
3.08078353
3.10068130
3.04355907
3.03681770
3.02716270
3.05742240
3.09498321
3.23461307
3.50877022
3.17660928
3.14157564
3.16034311
3.12712421
3.47664624
3.57959731
3.84171322
3.33685562
3.38253391
3.76422804
4.48333173
3.78654160
3.72571979
3.50774950
3.52057197
4.81863554
4.26339260
4.04642194
3.95899171
4.39692126
4.85098308
5.41404813
4.32399891
3.41745155
4.02879678
5.53560424
4.49847390
4.74370632
6.57014904
7.99431992
6.51728370
4.01024048
6.16471861
6.03192826
7.57795209
8.71246996
5.34701704
5.22686396
5.45888442
4.28345167
5.77930246
6.91622963
4.85308955
4.22363167
5.02979633
4.80109523
3.79895722
5.12483255
7.10690093
7.67868257
5.56459369
5.10894987
8.06555723
7.63107122
4.45232882
7.61694322
6.79004738
4.76322987
4.52681478
4.15775850
3.38150923
4.28288744
4.55416716
4.24121190
3.59540195
3.74033477
3.76001771
3.97002396
5.41216736
5.68756723
4.48524644
3.22586921
3.57719531
3.32435251
3.29778897
3.37479279
3.60536702
3.34652359
3.39501757
3.55786137
4.48382238
5.99026283
5.97375413
5.03184611
4.28037569
6.28467110
5.84555164
4.65064917
3.55483177
5.82358275
6.69269206
6.16494198
3.99329001
6.48176742
7.16858808
5.94854461
3.91625775
5.96239447
5.74936378
3.80609105
3.70037556
4.98543476
3.54104503
5.38135294
7.06961895
6.17964162
4.52165633
5.50115637
5.30168759
4.50123780
4.74784513
3.53766460
6.21978731
6.26135771
7.37106961
5.87930747
3.54734109
6.55957690
7.06739668
7.58453860
4.15655241
4.66451511
5.98537468
7.32311775
4.69399244
7.08136917
7.30715006
4.68376225
4.39765357
4.88311320
5.27749118
5.15470721
4.70229255
4.52577169
4.41299994
4.99119389
4.54488808
4.28226201
4.32838867
3.51721091
3.63458459
4.47320293
3.68099282
3.92339150
7.09459627
9.37252093
8.50069607
3.76216621
5.19068758
4.74873981
3.53695143
3.69657744
4.00787705
3.49771186
3.49855756
3.20799770
3.12953244
3.34935490
3.57274172
3.45239952
3.11455117
3.11080213
3.17183090
3.84402837
5.87543981
5.32637637
5.79122132
6.81211483
5.91035649
3.66912040
5.53536840
5.55152612
5.19370522
3.78128976
3.50771070
3.78965898
3.27091365
3.38480483
3.21733110
4.00716969
4.46858165
4.97149436
4.87283987
3.53354688
3.28264548
3.65354408
3.81640077
5.33801002
5.03884792
5.61720694
4.74499833
3.46323924
3.59078334
4.19419911
4.66286906
4.01568585
4.11599983
3.35497304
3.94384990
3.88299479
4.29433303
4.35346485
7.44649729
6.51339345
5.39895548
5.64361919
4.81849030
7.89893022
6.26130595
4.14797338
3.43692908
3.71750302
5.50893465
5.81962939
3.97193264
4.85944177
4.98392101
4.57932596
3.76280296
3.90079922
5.23617429
5.31090485
3.93993464
3.40524693
3.27925077
4.22921719
4.21051007
3.81843583
3.67197206
3.91936552
4.64057957
7.08228694
5.79492840
6.14821821
4.07763041
3.78070515
3.54438166
3.61212129
3.89145000
3.34660423
3.34172351
3.58241050
4.69782735
3.87456770
6.76655304
4.01654268
6.56508544
5.91410957
3.94771345
3.42296656
3.86451960
3.32963961
4.05779843
3.60189359
3.76570051
4.00689052
4.03517454
4.69010138
3.71736971
7.67317666
5.96181968
3.58663999
5.87683360
5.27609500
4.47865190
5.62719792
5.37575165
4.25686663
4.79218477
5.37571626
4.84094190
6.02068514
5.03867462
4.49273463
3.87002230
4.89459397
5.26235574
7.67549631
7.95542253
7.87634112
3.86678544
6.61060455
7.70660440
7.21344942
6.77312471
3.75140725
4.18501414
4.67534910
3.34934522
3.61566670
3.42428071
3.76463509
5.00492931
5.52064054
4.04040116
3.25038981
4.61283580
6.06920222
5.45516904
3.89309480
3.70137883
4.11576004
3.59929125
4.39478245
8.06826382
6.10268027
4.07857388
4.35685168
5.18699622
4.46216076
5.63558764
4.10569853
5.39853577
5.59044170
6.35160774
5.40826024
4.42209342
3.45834274
3.68523644
5.05730285
6.15819332
4.91793829
3.83247704
3.56995550
3.64854023
3.65477375
4.68801662
7.84104978
8.71605106
6.50995587
5.07089791
8.09297850
9.67503309
7.02610362
6.85507960
8.45343293
8.37899063
8.28880061
8.37501585
8.74190863
8.88215828
5.27141163
3.72429489
3.56875094
5.35112264
7.31082143
9.06399889
4.83786218
5.26120426
8.28118797
10.53194008
8.72638359
6.07742846
7.12761397
7.18964990
5.44040575
4.91017688
9.12068180
5.27455370
9.24607010
8.89698750
8.36008468
4.40410845
6.49933470
7.33707826
5.30368541
4.99024506
8.03820750
7.82589290
6.59195274
5.83615012
6.29319142
6.99218826
5.96510031
6.25937344
6.62777497
6.55989124
5.75405718
4.42519477
4.30219509
4.37447871
4.83825001
5.30580275
7.09707903
7.05145468
8.50831550
8.97481574
7.91536429
8.91905107
6.16447258
7.36543579
7.81980120
5.41667767
3.50291798
3.41151783
3.98983860
4.69265997
4.77258542
4.00341389
4.69428551
6.66302489
3.78838005
3.31532716
3.46330387
5.38807873
4.66474688
4.68156450
4.73534920
5.99653705
6.46315780
7.26506882
11.60151663
11.81206443
8.38187389
4.48526686
7.28795103
9.58688811
9.71449834
6.03022914
5.86965836
6.40038386
5.13088820
5.32808296
4.41984181
3.51684903
4.14899566
3.58129025
3.40029270
3.50616279
3.43804186
3.39655312
3.61252464
4.55927180
4.54255982
4.24413620
3.46847369
6.22127039
10.96948140
7.86840148
5.72699152
7.08197284
6.70698576
6.20784523
6.19289433
5.59317154
6.01029803
8.17202217
8.96829719
9.05735339
7.90170419
7.46079923
5.05627285
3.89775287
3.82288436
4.36392377
5.24212955
5.48303989
7.35634486
5.87794403
6.08416961
5.98735044
8.47873916
8.67533033
5.43728938
5.19340127
6.68589704
8.37999325
7.25688042
6.17296446
7.46245067
6.14958224
4.20184534
5.77621854
6.83150512
7.32432793
7.83163673
7.97164014
7.11066200
5.22841799
9.87004103
9.65361428
9.29559889
7.41119833
6.95919189
5.31746564
6.01442310
6.41717867
6.07352901
5.81453578
6.91747124
9.90084889
9.84972116
7.45738339
5.43854201
5.56662947
8.02535083
6.45410627
4.62365750
5.77438336
8.67329425
5.38278917
5.32596692
6.36406615
9.37210929
10.01192066
9.21438858
7.34302148
6.30426868
4.90685278
4.64586606
5.23088247
5.52659062
4.92463688
7.04485178
5.81995767
3.70217147
3.35271882
4.32036085
4.28029004
4.08659061
3.46586677
3.46498827
3.58813016
4.12066363
6.16516647
9.07987714
8.19892171
5.95445728
6.68416777
7.22549245
5.29718331
8.75390783
11.85178886
11.64586930
11.01492698
9.17445989
10.59930928
11.73217554
12.41385614
11.67134854
10.96858292
11.85979622
7.90360650
5.62015482
9.36115092
7.40130863
6.17372768
6.83729267
8.89449648
9.70587008
11.17712761
11.16454825
9.69177274
6.20396622
7.19276190
6.70623328
6.11853144
5.26262510
4.72517270
4.12135928
3.79814704
5.86557308
7.99148959
8.60656977
7.63247602
4.70077771
5.32643580
3.90568797
3.61917451
5.98884254
7.57513369
8.75390920
7.12856053
7.29338696
6.32197579
4.08147806
5.83024851
5.20587447
4.79490759
4.20020955
4.50963016
4.29930959
6.15163030
5.63077877
8.65488556
8.24584425
7.07993849
5.58488761
4.15970184
4.35454136
3.70313691
7.10241311
6.35355604
5.88338219
4.40896055
5.34073410
5.98680217
5.71380244
6.36106505
5.37957233
3.70967208
5.30190368
5.41733433
3.71052049
4.13953595
5.30128151
3.86413698
5.08015795
4.15604392
3.91110017
6.35367072
6.06647474
6.65577379
5.50074132
4.15710572
6.48083290
5.37829254
4.26090273
4.84058135
6.53677648
4.40636448
6.41828561
6.83833935
5.77417802
3.66865332
4.59772892
6.80466008
7.25435209
5.52106120
4.52310755
4.26031703
5.33204764
4.49101045
6.34819262
7.12312465
6.70182961
6.82412185
5.57155601
4.22220137
5.39681482
5.80389120
4.62938618
4.84831808
5.41329519
4.09963472
3.36320955
4.75825069
6.33577586
4.19705863
4.16514761
4.90650890
4.10965151
3.50581356
3.43131869
4.05465656
3.58771668
3.86452481
4.73096850
5.96773091
6.25760082
4.83434931
4.01729469
4.03368933
4.44890854
4.43324344
4.19474656
3.58527935
3.53161758
3.34605569
3.53196291
4.41480352
4.23963032
3.73604001
4.27596970
3.38717693
3.70833798
3.55490365
3.35502934
3.96696242
3.40853808
3.73435118
3.72931552
4.16904683
3.84279140
4.12003593
3.95466224
3.99947346
3.51042212
3.75942451
3.73132440
3.27903554
3.22528223
3.13968009
3.32482062
3.95538626
3.62010987
3.20580943
3.29853836
3.57762049
3.62458830
4.29760819
4.42722586
4.00461917
3.15285408
3.26687588
3.68587635
3.46885571
3.46423576
3.58377262
3.34374502
3.07234476
3.07857692
3.08230452
3.10953866
3.00831811
3.12730582
3.03249969
3.00985169
3.02229324
3.07306828
3.06282202
3.02111181
3.01554522
3.03447915
3.03139127
3.02381689
3.14328592
3.12820692
3.02024969
3.03397436
3.10445596
3.02832512
3.00121655
3.01694197
3.00341742
3.00917133
3.01094491
3.00400578
3.02203415
3.03269421
3.01926333
3.01019307
3.00545714
3.00538809
3.00241142
3.00162768
3.00385027
3.00084586
3.02123607
3.00849653
3.00024085
3.00011991
3.00200118
3.00416565
3.00111920
3.00086772
3.00030067
3.00165918
3.00175109
3.00149638
3.00246541
3.00014221
3.00020457
3.00051315
3.00041608
3.00004573
3.00021830
3.00005288
3.00008247
3.00469558
3.00807363
3.00031626
3.00097180
3.00276708
3.00104285
3.00023455
3.00025192
3.00025548
3.00003619
3.00006192
3.00005204
3.00008774
3.00011182
3.00002950
3.00010573
3.00216743
3.00324633
3.00008012
3.00041730
3.00025576
3.00006892
3.00005647
3.00002385
3.00026780
3.00010432
3.00005045
3.00020038
3.00035984
3.00010304
3.00006388
3.00002238
3.00006829
3.00002219
3.00007499
3.00006719
3.00005809
3.00003400
3.00001975
3.00001324
3.00004777
3.00004883
3.00003608
3.00003736
3.00009725
3.00020083
3.00009979
3.00005216
3.00003628
3.00003045
3.00002602
3.00013448
3.00016122
3.00007217
3.00001801
3.00001892
3.00001588
3.00001291
3.00001641
3.00002218
3.00005001
3.00013818
3.00039057
3.00064144
3.00045375
3.00051159
3.00047379
3.00015709
3.00007339
3.00006397
3.00003594
3.00004975
3.00006286
3.00012760
3.00009154
3.00006824
3.00006464
3.00006583
3.00010958
3.00015250
3.00001913
3.00000622
3.00001153
3.00003608
3.00001514
3.00000923
3.00003198
3.00002558
3.00001250
3.00001931
3.00001516
3.00004563
3.00007994
3.00008550
3.00002295
3.00003019
3.00002041
3.00002168
3.00003803
3.00002023
3.00000801
3.00000825
3.00000889
3.00000583
3.00000811
3.00000621
3.00000445
3.00000418
3.00000675
3.00000819
3.00000618
3.00001152
3.00001002
3.00000476
3.00000722
3.00001297
3.00000475
3.00003155
3.00004867
3.00002197
3.00003872
3.00004897
3.00008483
3.00012510
3.00014968
3.00034350
3.00020576
3.00011358
3.00048437
3.00081915
3.00055888
3.00024987
3.00011389
3.00012154
3.00009569
3.00017047
3.00017101
3.00020699
3.00007856
3.00004057
3.00004714
3.00016954
3.00053910
3.00043158
3.00055300
3.00042758
3.00023612
3.00012933
3.00014971
3.00013964
3.00018893
3.00012831
3.00015215
3.00018434
3.00034352
3.00078286
3.00083456
3.00060966
3.00039106
3.00012787
3.00008933
3.00005890
3.00002191
3.00003439
3.00005158
3.00003785
3.00001526
3.00004736
3.00009100
3.00020571
3.00021138
3.00060808
3.00067451
3.00029906
3.00040743
3.00025785
3.00039349
3.00034796
3.00025295
3.00021991
3.00011044
3.00005557
3.00001390
3.00001302
3.00002603
3.00013566
3.00006831
3.00000299
3.00001964
3.00001514
3.00000617
3.00001440
3.00003025
3.00001584
3.00001361
3.00002310
3.00002314
3.00001103
3.00000444
3.00000578
3.00000857
3.00000671
3.00000480
3.00001029
3.00000464
3.00000835
3.00001898
3.00001511
3.00000681
3.00000835
3.00002032
3.00001231
3.00000303
3.00000583
3.00000429
3.00000328
3.00001321
3.00002630
3.00000602
3.00000307
3.00000306
3.00001505
3.00004804
3.00003134
3.00007408
3.00011919
3.00026245
3.00023318
3.00012730
3.00006042
3.00006909
3.00004770
3.00002923
3.00003802
3.00001371
3.00002614
3.00010207
3.00007164
3.00001676
3.00000385
3.00001321
3.00001754
3.00002845
3.00024016
3.00006458
3.00001582
3.00003170
3.00001653
3.00002673
3.00004167
3.00004543
3.00007119
3.00003832
3.00004255
3.00007255
3.00002240
3.00002224
3.00009280
3.00011641
3.00007110
3.00002882
3.00003789
3.00005061
3.00007801
3.00007856
3.00005917
3.00008730
3.00007155
3.00003209
3.00001369
3.00001351
3.00001163
3.00001809
3.00004349
3.00007771
3.00012940
3.00001834
3.00000814
3.00000828
3.00001061
3.00001672
3.00002093
3.00001394
3.00002006
3.00003445
3.00003497
3.00004205
3.00004047
3.00004008
3.00009121
3.00005204
3.00005146
3.00005993
3.00006173
3.00008365
3.00006029
3.00009546
3.00007140
3.00008953
3.00006998
3.00011033
3.00021882
3.00031491
3.00011958
3.00008428
3.00018009
3.00012334
3.00008044
3.00036084
3.00076785
3.00030509
3.00018378
3.00072984
3.00127431
3.00021457
3.00017307
3.00022945
3.00031506
3.00019972
3.00018347
3.00016702
3.00036436
3.00022318
3.00035932
3.00037465
3.00015031
3.00035070
3.00014872
3.00025357
3.00015898
3.00010332
3.00007871
3.00006658
3.00023473
3.00106437
3.00018017
3.00014280
3.00012061
3.00117059
3.00221593
3.00009925
3.00030573
3.00051502
3.00237806
3.00165999
3.00166837
3.00233069
3.00096618
3.00146490
3.00321525
3.00908651
3.00905197
3.00603294
3.00118596
3.00323391
3.00056027
3.00067335
3.01028604
3.01347478
3.02540542
3.00948081
3.00041630
3.00031394
3.00014251
3.00026474
3.00007945
3.00549614
3.00192918
3.00575040
3.01339824
3.00381871
3.01771397
3.03242811
3.01351850
3.01765713
3.04186789
3.01707589
3.01356679
3.02401987
3.15137569
3.12109413
3.12552011
3.09793256
3.07914384
3.03726589
3.13444487
3.24047561
3.19287845
3.06084853
3.04090060
3.02729248
3.06447741
3.01386603
3.00530435
3.04748092
3.03720456
3.04928694
3.04442897
3.01190981
3.00805492
3.00759336
3.03364356
3.10990741
3.19941223
3.21090904
3.01964087
3.12007766
3.04483280
3.01898658
3.05053704
3.14020998
3.10324855
3.05804094
3.27249312
3.21676312
3.07598801
3.06144720
3.05065540
3.08526045
3.04260543
3.03315476
3.14910848
3.35700485
3.14039400
3.00813925
3.19580689
3.32541367
3.28547571
3.12655815
3.04373137
3.24026003
3.73242193
4.04688198
3.22101580
3.94856184
3.44312488
3.10023769
3.22306809
4.15901587
5.06419421
3.92439740
4.01930176
4.21901973
3.62725386
5.91590755
5.02486828
3.33904829
3.07733972
3.43832180
3.25365083
4.14266170
5.57386550
4.37197173
3.30775890
4.11992166
4.81394343
4.36127902
3.33036013
3.41440096
4.81096733
3.56850342
3.49402383
5.99642410
7.72537175
4.58121980
3.88656480
4.09915499
7.28783803
7.60399596
4.62557484
3.91309707
3.54799251
5.30491605
7.38079793
8.27146567
8.54306402
10.56330505
11.64455748
8.17855385
5.66232692
6.83608015
5.02329021
5.04815852
6.82965691
4.35698524
5.47059795
3.88224500
6.61341233
7.27610715
7.67633583
5.82852155
3.99387147
3.93218263
3.48038096
3.40924410
3.15600778
3.41398825
3.57413770
4.84502288
7.65209984
9.04071569
6.85688226
8.09559224
8.94524582
7.12231443
4.98178093
5.86079195
6.88076551
4.95914917
8.59785140
8.91867400
5.68233731
3.30558896
3.58146151
3.71532055
5.64745224
10.26121921
11.83261431
7.51569558
6.31680934
8.75930945
10.96009225
12.80748348
6.77174064
6.89368547
5.70885140
5.90002271
8.01250200
9.88859931
10.62136964
8.49630019
5.57258159
8.00252535
12.70766853
14.08968155
14.22203393
8.64413941
7.91854937
7.44563917
6.78621165
6.21043807
8.81609815
9.42289983
8.63485973
7.51120573
10.43036185
9.32851899
10.06443359
8.75847819
8.90820872
7.13619768
6.39304746
7.15961578
9.27711162
12.46542242
12.35886897
11.29064925
9.95357746
10.99802315
10.43091112
14.14907445
13.32294051
9.98560584
14.29886185
16.10564042
16.00387049
15.75362887
11.67290595
13.20572242
14.02987271
15.66465835
11.28225873
13.47726199
13.40967053
15.22839225
14.02810574
9.92894128
8.13277267
10.08738561
10.92621813
10.80828261
11.88498790
11.26120677
14.03140041
13.52829053
13.68197056
13.04612666
8.93320199
9.99705228
11.07867111
10.79318873
8.12661047
10.94722728
12.60498799
14.01202127
14.11027241
14.16093110
13.79466246
16.09782241
9.30635848
14.70153446
15.25394696
12.90164802
14.13389431
15.07044677
12.45290327
11.84421224
12.73475087
9.11249826
12.90443538
12.86200233
10.27358376
7.95840302
10.96695533
12.53311212
11.48429478
9.55457772
9.12622560
15.17081449
16.94859786
17.90943180
17.55420187
14.37402908
11.37050725
14.16403755
11.56691173
9.11506463
11.21030763
12.25290519
12.14150326
11.89960788
11.74672105
7.24244909
10.06475877
4.76257858
7.32967946
7.28598832
5.22777439
4.79088983
6.02229770
8.42787670
8.23922239
9.76892905
11.52405701
15.15742470
16.37558834
13.23503676
12.32584817
15.07270023
13.58944752
13.79926028
9.75191612
9.21213359
13.74850323
13.71154373
14.80452571
12.05036971
14.39220648
8.85162680
16.28426716
14.94873307
13.47620659
13.01247310
7.81113158
6.06982861
11.79307089
11.16314044
10.42662301
11.30081864
10.36338029
11.78850056
15.39630017
14.78925666
15.63323271
15.09744900
11.94905718
12.77691871
7.16597146
11.36308858
11.14868015
12.25607147
13.22951288
14.18219341
13.44609003
11.65104595
11.86247094
15.39638190
12.97187079
13.87295014
13.32195547
14.24016726
15.65589697
12.65117466
13.97733351
11.89414718
10.08433876
9.31393524
12.48029776
12.30016905
12.58977025
8.55739927
13.28863722
11.73800984
12.17102605
12.43712026
14.19287689
14.20050091
8.54294575
13.19664421
16.14347609
14.82100079
15.02764518
12.57484077
11.85223977
11.03295215
12.09935034
10.67267190
9.92455732
9.79989712
5.51729480
6.64947112
7.89771846
8.85503941
9.51263795
4.81015090
7.93552058
8.94933328
9.14857245
8.78915679
8.70991447
8.17757438
7.29829592
11.31911836
10.22958295
6.78480270
8.38597021
6.29922728
5.41526459
8.98316571
9.64883765
9.47565783
8.17871266
11.18658909
13.23716418
12.67484381
13.27075109
13.72968780
14.30200501
7.02125497
11.87139835
11.31115794
11.50944516
9.41991906
9.95893650
8.96446303
6.40331351
7.65678587
8.61832696
7.75653783
4.47070776
3.75353980
4.26745152
8.74657497
9.29641205
9.19037576
4.74454011
6.89904202
7.46763622
7.37128209
6.88358305
10.78905392
9.76273191
9.05503103
11.76303194
9.69028961
12.53431005
13.97080666
13.23808245
11.70326888
11.80377797
8.90430692
7.18544890
4.87305167
7.81793481
6.62755932
6.11729552
5.29763274
8.24047630
5.85488313
7.40140679
7.62620608
6.06133474
6.66064840
7.61906304
7.92803821
7.65872106
8.07553707
6.12564222
3.68658419
6.77569896
7.30633621
9.92324582
10.55697361
12.41379540
10.99614194
11.15607297
10.01078416
11.39155756
10.08665908
8.74038839
7.28042555
7.20112637
6.12718094
3.77948678
7.96390953
8.29059092
9.40474824
8.34546836
8.40715365
9.00100118
5.68421340
5.74851961
6.27326993
6.84272666
8.10795772
7.64903191
6.51205032
5.47793396
8.74247379
9.61172854
11.64474265
12.40066305
12.61307978
10.84292124
9.41504460
8.03317272
7.14984131
6.64257127
5.08516609
4.51143296
3.84256415
5.20652053
6.27976919
7.99219617
5.39651933
6.92116063
8.85825832
11.32960437
10.39489848
12.32227354
13.74457040
13.87611929
9.72808767
9.48175665
8.39318942
4.92110742
7.94700617
4.80939853
7.67023336
7.08478016
7.07902942
8.62266351
10.21116763
10.29991838
8.44139498
9.30367476
7.74710162
9.10837137
8.24976226
8.55217271
8.09924554
7.03721296
7.86696011
5.99642198
6.63966628
6.85214818
11.84000524
10.83620720
10.01231458
10.98221743
11.61475267
11.66067929
12.89406347
10.57839506
11.12337215
11.90415989
10.66079767
8.70860137
12.23615618
10.86272765
12.96989521
9.41684882
10.95432532
9.97977295
10.52869043
11.93293881
13.33866922
11.69295287
12.41057703
14.32997892
14.51535168
14.62802600
13.33758988
13.22238439
9.73366534
14.86911983
13.05449236
13.57055092
11.77061804
12.11438107
9.31174883
11.26310519
6.41477727
6.07290882
7.43753982
9.42833306
10.10832379
11.16999031
12.94232730
14.41196117
13.36827642
11.82745734
13.61564403
12.90152936
7.73826625
7.40223982
7.31503362
10.88382967
11.35537421
11.04813848
10.27699059
10.03881589
11.12436970
10.21197999
11.91223711
9.10024951
7.12155775
10.97820818
9.76815005
8.28334120
12.23843785
11.55183122
11.86860869
12.59035281
13.11591264
10.96498944
10.21029590
8.34832859
9.02865257
11.34839179
10.82267864
11.22945648
9.52884525
11.43857739
13.69577142
15.88525135
14.02479607
13.44978906
13.43686915
12.82598337
8.45290753
9.30269699
9.07724670
8.36276039
5.97168599
6.41395772
8.32942513
11.16690108
8.74279298
10.27136873
7.53730247
10.30427511
11.99241936
11.31044190
12.91913716
12.76857701
12.37836478
9.99632979
9.84620600
7.54467202
9.88446225
9.05640987
10.76324134
12.09483577
12.85096328
10.83370425
10.68460605
10.02362250
9.97472206
6.01762649
9.89745200
10.92014020
10.02429563
7.99033687
10.79787156
11.87518202
10.67914729
9.78133665
8.43006451
7.45621838
8.66043890
9.46998098
10.54842232
8.16156924
10.68707563
11.02124682
13.57153379
12.44375765
10.71358673
11.85262058
11.38673809
10.01441551
10.85352744
10.52705858
8.55284753
11.14577432
12.20554466
11.73753907
9.25393232
9.15944393
7.56039191
11.77477023
7.71972637
8.75714020
11.74137700
11.08085692
8.73434295
9.34934834
7.94904140
5.44192751
5.40855682
9.44398655
10.48004290
10.44236730
10.48925186
9.77645387
9.36735131
10.29432703
9.18143706
10.67807619
10.59429320
12.03215746
10.40584854
9.69691984
10.81386922
11.23013039
12.21429034
10.74826933
13.58698000
8.33421005
10.37226976
12.24944810
10.41005471
10.10977380
10.19140009
10.33575157
10.33538192
10.91763662
8.10653418
6.17316545
4.49992792
8.47070843
6.07894439
6.24180834
5.03004298
4.69172432
5.82782993
6.54745725
6.42033858
7.10356076
5.94426537
4.68133069
8.01844830
11.20308045
9.97261860
8.99117200
8.55782676
10.16431617
9.87614928
8.13363399
7.64846841
7.68395805
8.04904780
8.63736407
8.86057765
10.58872419
8.37417585
10.18692628
8.31267360
7.84416082
11.59213180
13.02646264
12.01422941
13.78445349
11.89194360
11.67819019
9.32994245
10.84439457
11.25403749
7.85201857
9.20622799
12.00225185
11.82231192
12.41016587
13.76394614
13.01980628
11.07821194
10.80932014
5.81389167
8.58858560
7.82173536
8.10446485
4.43443351
5.00449712
8.21418523
8.04651012
8.39501116
11.67751613
11.45753446
11.56416257
10.93663956
13.31729028
15.07380694
14.19182974
12.03038135
11.87443340
9.88884878
10.33968769
8.72877666
4.76710181
5.48651533
4.24319677
4.79437206
8.67199832
10.26727299
11.52399817
15.04231685
12.73792047
11.35696357
9.37823434
10.04118526
6.73114207
9.81898339
11.29472049
10.20424992
8.94399316
8.09482375
7.26980319
9.54021964
9.43705813
9.36210085
7.63502177
5.99516597
8.11748626
5.51756634
7.69394642
8.43797264
6.09145187
4.26088865
5.37279266
9.18326330
10.89986155
9.39777660
4.83542532
5.44131033
5.76905997
5.59227269
4.70834747
4.43249949
8.98692127
9.86322971
10.52160249
6.64446106
5.96989766
3.76069304
4.86049738
5.23545731
6.36091784
5.82845637
7.05367729
8.32202880
9.65632804
11.45683780
12.49303132
11.67952606
11.14988079
10.77358702
13.31681589
11.10042530
8.73983529
9.85317319
11.10728761
11.10091005
10.31446899
10.60893777
8.57729334
9.63629489
9.58409899
10.71317628
4.45117789
7.24716155
8.46338573
9.26935256
8.40356868
10.23207048
10.77387849
10.81265833
9.54969254
10.47007674
11.73856646
9.02768119
7.86271365
5.88698521
12.31896252
12.29431382
11.50380881
8.03742466
4.96994041
5.53100392
4.93269661
4.07891498
6.81627702
6.72538531
5.51301511
8.34438572
8.44916753
5.21095789
6.92942680
9.03580822
9.35230170
10.05783305
9.09741407
11.38153593
9.90183188
8.09361314
6.62308888
8.81667662
9.97503175
9.01657874
9.04943781
9.75389315
11.90784869
11.83088444
11.96222730
7.53075893
10.19751573
9.54648094
11.16563903
12.86915825
14.16938515
14.02734159
14.92032767
8.45345569
12.32539836
9.28148752
6.31735033
10.06431999
9.27403513
10.86378442
11.83283266
11.41869105
11.36137709
12.28908464
8.74982374
11.28844344
10.93788741
11.44593370
12.44334627
11.73787714
9.19836297
5.94601321
5.41475176
6.20508571
4.43669152
4.10390889
4.01338834
6.12884470
9.56032073
5.34409630
8.03724753
9.94843871
9.24486606
8.06754691
6.79372959
5.83404424
6.46120726
8.15566738
9.03977418
9.94102196
11.92474734
11.55638909
9.74250138
8.35930534
13.04443774
14.34762802
9.35331339
12.72637150
13.87083873
13.77305300
13.67906493
13.10492172
13.18379565
14.10452226
13.32429503
8.98971340
8.98683174
6.55976464
8.07863096
6.86066529
8.19012129
8.98879388
9.87024045
6.91604989
10.13668688
9.68548418
13.83889396
13.96769647
12.56088002
12.15572142
10.72647902
14.12335421
14.41484895
13.73030033
12.81052525
13.54005135
13.94565059
8.85797976
12.09914758
13.17776530
11.98220940
8.56753510
7.10022485
7.19606512
9.29058719
10.14127951
9.25825446
7.44249723
8.42057671
7.94392363
7.69797783
6.60453473
4.76896595
5.21690359
3.97122253
3.86156713
5.70563880
5.51264009
5.78605649
5.91286187
5.85591819
5.38974027
8.89115597
7.00718975
7.53655208
11.01386593
10.89829481
10.02057178
5.62287460
9.72982470
10.87546475
7.62133972
7.22832879
9.94273778
7.17764847
6.90625020
6.50586217
7.33665641
7.44014312
6.78348264
4.74491040
3.88568100
6.93167348
5.56826096
5.22426597
6.04126539
6.05193923
5.16451612
4.23982989
5.67961846
5.88093155
4.06083627
4.30086792
6.21060354
5.07965451
5.39822162
4.97324541
4.95939359
4.89755237
4.42446870
3.69063076
3.77542450
3.33774225
3.71768994
3.52698212
3.25748568
3.38097027
3.81748597
4.17143371
4.92301257
6.14600432
5.34361399
5.05265385
4.48059550
4.29450014
3.52765314
3.73487963
5.97149534
7.99668106
8.90225867
6.91376600
4.97137690
5.61819234
8.47170768
9.14983761
8.41839612
6.40655795
4.81650163
4.23396688
8.02309669
9.63723991
9.29564640
4.96944886
5.96071538
5.81445788
3.65428623
4.25737292
4.97726804
3.40180543
4.25700439
4.63039614
4.68107545
3.79486558
5.46247417
6.83538806
6.59251967
4.48570960
4.94219198
4.70882501
4.26269562
3.54388318
4.01897772
4.07491826
3.29221065
3.59765716
4.15380239
3.33651714
3.48712061
3.24359788
3.58621520
3.24738420
3.12148799
3.31613164
3.40349973
3.46066166
3.48303859
4.46230557
4.32270076
5.32170894
4.90739312
3.64506448
3.84500428
4.53287131
4.25831679
4.64428356
3.42705860
3.60989428
3.57101809
3.32734332
3.26500299
3.38215031
3.95234220
3.26748907
3.18006799
3.34318496
3.45169982
3.24179737
3.18565192
3.07434455
3.07802997
3.11110613
3.13292199
3.06565161
3.21760010
3.09140560
3.05964071
3.35780284
3.65284472
3.26289441
3.10249782
3.15866826
3.17387616
3.05231157
3.02679456
3.04864640
3.05247962
3.09225461
3.07344231
3.03605618
3.04180792
3.09203685
3.04628867
3.08347368
3.25101339
3.12665913
3.25073448
3.16158562
3.03598830
3.10061144
3.09881679
3.05368025
3.05389775
3.04870351
3.01305589
3.00575333
3.01052442
3.01304546
3.00365468
3.00669759
3.00919435
3.01174720
3.00393000
3.00613777
3.00723169
3.00322092
3.00726406
3.01547203
3.00917651
3.01501905
3.00438506
3.01094846
3.00837975
3.01618702
3.00727999
3.01266243
3.00567229
3.01190007
3.02156756
3.01886290
3.00946692
3.00323735
3.00334795
3.00415027
3.00292748
3.00231980
3.00201827
3.00389554
3.00362236
3.00521381
3.00273016
3.00100043
3.00070028
3.00100612
3.00140123
3.00105340
3.00106082
3.00089453
3.00072681
3.00102892
3.00102454
3.00102178
3.00084525
3.00174517
3.00128041
3.00161438
3.00193130
3.00227328
3.00142269
3.00275437
3.00236109
3.00266072
3.00157463
3.00117622
3.00227145
3.00362312
3.00402343
3.00747682
3.00414392
3.00304060
3.00340103
3.00220473
3.00199063
3.00332366
3.00456294
3.00300412
3.00217454
3.00157320
3.00076748
3.00100145
3.00068992
3.00106929
3.00284848
3.00529252
3.00488827
3.00429794
3.00290589
3.00109217
3.00078985
3.00061614
3.00048116
3.00041058
3.00028956
3.00077842
3.00127478
3.00080268
3.00025629
3.00015406
3.00009631
3.00005831
3.00010397
3.00012125
3.00012554
3.00011199
3.00011177
3.00050144
3.00027374
3.00011393
3.00014634
3.00032732
3.00046474
3.00057392
3.00035444
3.00025781
3.00019718
3.00045973
3.00038211
3.00048662
3.00086266
3.00075153
3.00079271
3.00074558
3.00062683
3.00065716
3.00065960
3.00069126
3.00078907
3.00083106
3.00169799
3.00169845
3.00197210
3.00183909
3.00147529
3.00130351
3.00083277
3.00084481
3.00052503
3.00028366
3.00050558
3.00036889
3.00021194
3.00020869
3.00026118
3.00019200
3.00013698
3.00014162
3.00013482
3.00013546
3.00008793
3.00006837
3.00004643
3.00002081
3.00003415
3.00002854
3.00002793
3.00006268
3.00011440
3.00015486
3.00020485
3.00019504
3.00033413
3.00075784
3.00071893
3.00051155
3.00052358
3.00035248
3.00027878
3.00065216
3.00043835
3.00015381
3.00018701
3.00006993
3.00006551
3.00002747
3.00000528
3.00001693
3.00001197
3.00000386
3.00000386
3.00000383
3.00000453
3.00003627
3.00004481
3.00000624
3.00000354
3.00000229
3.00000539
3.00001180
3.00000526
3.00000461
3.00001009
3.00000330
3.00000279
3.00000479
3.00002452
3.00002063
3.00000721
3.00001882
3.00000540
3.00000885
3.00000865
3.00001997
3.00007357
3.00004516
3.00002038
3.00002991
3.00003461
3.00006901
3.00006795
3.00002196
3.00000424
3.00000727
3.00001618
3.00001553
3.00003133
3.00014780
3.00038017
3.00022089
3.00037288
3.00038418
3.00026877
3.00019963
3.00017224
3.00012843
3.00005900
3.00006922
3.00016651
3.00028796
3.00029602
3.00045709
3.00032303
3.00009985
3.00012547
3.00016823
3.00013062
3.00006326
3.00002384
3.00002524
3.00007878
3.00006028
3.00004863
3.00001949
3.00002827
3.00005544
3.00000938
3.00001681
3.00001633
3.00002044
3.00002233
3.00008082
3.00005083
3.00003234
3.00003256
3.00004932
3.00010832
3.00010082
3.00007505
3.00004493
3.00003405
3.00002841
3.00001459
3.00001449
3.00005963
3.00002824
3.00000551
3.00001772
3.00002013
3.00001122
3.00003250
3.00002189
3.00005483
3.00006781
3.00004969
3.00008352
3.00015037
3.00020539
3.00037601
3.00026647
3.00007637
3.00005390
3.00007798
3.00010922
3.00013602
3.00012672
3.00007446
3.00005018
3.00004473
3.00004167
3.00003697
3.00005858
3.00002894
3.00002554
3.00006342
3.00004652
3.00004603
3.00002149
3.00002700
3.00003569
3.00001525
3.00001979
3.00004845
3.00005853
3.00004364
3.00017720
3.00017438
3.00020374
3.00028806
3.00048530
3.00102163
3.00095970
3.00061642
3.00036492
3.00035158
3.00014993
3.00013751
3.00008748
3.00005481
3.00003938
3.00002703
3.00006913
3.00019316
3.00017051
3.00008021
3.00004574
3.00003837
3.00004801
3.00010430
3.00007214
3.00008146
3.00004563
3.00001221
3.00000959
3.00001592
3.00007493
3.00001336
3.00000099
3.00000811
3.00000274
3.00000254
3.00000490
3.00000492
3.00000234
3.00001356
3.00006098
3.00001857
3.00002490
3.00001889
3.00000753
3.00001421
3.00001895
3.00000997
3.00000889
3.00000710
3.00001137
3.00000779
3.00000783
3.00000957
3.00001549
3.00002188
3.00005171
3.00008116
3.00010777
3.00012186
3.00009302
3.00010955
3.00014837
3.00015270
3.00019849
3.00025378
3.00026309
3.00038658
3.00041687
3.00042022
3.00077584
3.00083045
3.00053756
3.00041963
3.00052043
3.00043248
3.00035282
3.00026492
3.00023814
3.00015618
3.00015775
3.00014890
3.00014377
3.00022258
3.00011831
3.00010221
3.00013410
3.00002607
3.00002120
3.00006916
3.00008279
3.00005207
3.00028265
3.00049298
3.00011296
3.00018955
3.00032343
3.00082853
3.00166648
3.00234723
3.00240490
3.00444080
3.00226238
3.00347130
3.00416262
3.00747477
3.00746363
3.00539497
3.00734380
3.01241402
3.01823077
3.01830211
3.00424087
3.00181433
3.00087551
3.00162289
3.00075271
3.00063427
3.00877150
3.01715025
3.00454470
3.00605116
3.00500503
3.00234026
3.00163576
3.00239600
3.00160195
3.01202270
3.00684188
3.00029613
3.00008855
3.00004837
3.00092530
3.00059919
3.00019832
3.00080729
3.00019219
3.00066140
3.00080805
3.00553974
3.00078229
3.00059806
3.00082423
3.00156111
3.00056989
3.01146085
3.01724687
3.01039831
3.02460049
3.00594366
3.00139591
3.01621050
3.02953810
3.02713169
3.02677621
3.01297527
3.02286706
3.03725624
3.06820609
3.06928811
3.08488808
3.18789782
3.23407921
3.14617802
3.08780997
3.09334857
3.23909711
3.75133140
3.19601986
3.13377822
3.10623141
3.19979223
3.18313069
3.11726000
3.09450833
3.45808809
3.29721384
3.30624267
3.10662267
3.48494642
3.61429670
3.66246766
3.71526414
3.54936004
3.79145159
3.62149213
3.24113034
3.48820456
3.63463498
3.42300742
3.94614333
3.61563201
3.12922553
3.13337465
3.12878437
3.07844037
3.10433544
3.05490185
3.22340344
3.33455793
3.16822228
3.06924974
3.12502969
3.51121890
3.52690825
3.24978556
3.23237812
3.04436884
3.04507599
3.22052521
3.21264930
3.23424296
3.10741250
3.02832078
3.07253483
3.06480621
3.46969977
3.61636244
3.47931944
3.95349683
4.44219959
3.87998825
3.94244816
4.39011258
4.84048582
5.83350707
6.57418383
6.10681759
6.17916240
7.11513173
6.34727206
5.34086582
6.09763813
6.10085502
4.84228174
3.87656417
5.19808655
4.98477745
6.81688704
6.47337255
5.90644865
5.40683389
3.95811001
3.57423211
5.32545247
5.58750655
4.70546761
4.83755031
5.57318731
5.86934588
4.41529474
3.96225397
5.04617235
6.02668744
6.68401108
4.72587802
5.75265045
6.98952452
6.44084383
6.38829778
5.81512640
4.24563481
5.39231652
6.40031576
6.45139765
4.38837884
4.96751037
4.25544974
6.85082690
7.44505238
8.47905935
9.59840637
8.00614166
8.03357168
7.92863115
9.57859473
8.20156741
6.21640389
4.18525622
5.62765116
5.28972754
5.61724032
6.62349218
10.01421585
12.00487935
7.80706614
5.28625006
9.23523285
12.62825074
11.45532160
11.27260465
6.89009501
6.82618256
4.99076237
11.47845418
11.60862934
11.60498897
11.03135698
9.16339781
9.35103516
6.25886217
10.25338742
9.30305898
14.56416941
13.50304708
12.68517547
8.05289050
6.23327111
10.19217333
6.60427391
6.47501284
7.67997993
6.77918418
6.73354903
6.84820130
7.10772547
6.11348818
4.12510600
4.37657992
4.33292833
5.37949797
5.37241428
5.27281015
3.81464622
5.59872758
5.48460483
9.11996623
8.38216587
6.74715577
5.97187615
6.57421291
5.22504458
7.54795520
7.56122158
7.76859374
6.98115164
7.37251349
9.15534446
9.47346867
8.47336350
7.58757932
5.17225442
4.24248429
7.35490968
7.14922868
7.76093165
6.40652000
6.58020801
7.52188597
8.07015212
7.21986732
7.19858143
5.56075636
6.04293415
6.85608134
6.42751714
6.04660816
6.17992589
5.93346404
8.75050467
9.97242117
9.42084084
9.79257215
7.60559741
5.03032227
4.27464366
5.14976586
7.20996020
4.95263018
5.19500836
6.47571408
4.48776803
5.28535042
4.95156597
8.07335011
9.63023838
9.04800727
5.18679772
8.82692654
8.74681739
7.73105048
8.24720622
8.38253864
8.57395534
10.41188474
9.92242112
8.33319334
7.62070550
3.61502662
5.17384921
5.52747040
4.65156213
4.96164064
6.78640641
6.97090606
7.45235841
6.30223153
4.23323693
4.26369746
5.59275672
7.65961215
8.31159882
6.65937278
9.23926831
9.37080151
8.97969338
11.50381025
9.86535813
9.70807869
10.68924881
7.36818486
4.37580064
5.61687657
7.74500401
8.20754251
7.15145815
8.33237743
9.37607671
9.71336101
8.13419930
7.51796563
5.26904692
11.77078486
13.61306648
9.29713412
10.77067854
11.41884386
12.18632437
12.31849266
12.37527726
11.12872402
12.88482920
7.17851986
7.98005106
5.33797350
7.73381843
7.54853801
8.91032124
9.27040863
10.33664652
9.83853330
9.56365225
9.35763213
9.95541112
7.71170677
6.34475663
6.81070819
8.36456634
5.43221427
4.29110557
7.02484371
7.24393966
7.72201143
7.66480823
7.71155864
9.03197199
6.67155838
7.03034920
7.67795524
5.13472588
5.37123061
9.24620744
8.42984441
8.02870291
5.29281363
10.58810081
11.92282653
9.71709539
7.29930585
6.65238479
8.14183701
6.83198077
6.95187334
4.04664034
5.45865260
7.69567139
9.01646533
8.05602080
8.82821862
9.77988661
11.14578931
11.83587894
12.47779762
6.23179810
7.73842107
6.72028215
7.89075478
8.26413227
9.79798563
5.12339899
5.64677219
8.40881757
8.64498885
9.22029497
7.53364223
7.92389707
6.98108161
5.04194273
5.22701813
7.92357165
7.58075672
6.59898572
6.61087456
8.89892084
9.49910939
8.26043252
7.77868526
6.70315493
8.39647603
6.31932663
9.62209032
9.82391319
6.07998787
7.39922824
6.67588712
5.23361030
6.92973259
8.11501616
7.82306380
6.54505755
6.38463766
7.32747156
4.94120949
6.75465420
7.51511601
8.10124352
6.78751516
6.73187976
7.98307127
6.66361437
5.08723720
5.89145346
4.27166185
5.30982009
5.32948835
6.11120689
5.40514236
7.30928152
6.18725582
6.28918876
4.15392897
5.73799213
4.36532772
3.78954725
5.28149926
5.52251875
5.89648617
6.13633160
7.29452372
6.61135415
8.23207083
8.69369682
6.53102802
4.26698785
4.20406704
5.21525393
5.41352791
6.57150209
5.27923161
7.09578923
7.88794489
8.48932502
4.49503682
6.97210876
4.30430834
4.98303259
4.16520911
5.32551763
7.35342790
7.74621782
3.64209594
3.94945780
3.86417194
6.86872331
6.50690713
7.30770821
4.30951274
5.06308406
7.91702711
8.99301737
6.53629694
5.80345333
6.39525162
6.90073732
7.77426265
6.21005323
3.93680349
4.56811107
4.80140207
6.66091572
6.85466213
7.59654154
8.83562691
9.99433459
9.96536311
10.28122868
11.88009918
6.48495244
8.13307084
7.00206681
8.11220759
9.72007240
9.26303718
12.15982905
10.05145583
10.20299000
9.34579217
11.15574638
6.69960102
10.01384518
10.51002560
11.90150319
11.94402623
10.06392587
11.80093912
11.81546279
7.68045622
5.69960191
7.22035441
7.47524730
9.42083197
9.00522824
7.90821069
6.39619097
8.59280514
8.32895531
7.19264722
7.62923982
9.49151326
9.79868312
10.88591845
9.45910719
9.77672758
5.98894136
7.73061508
7.67937828
7.45488773
9.29451097
6.12380524
11.33104710
9.65352652
7.42714881
3.98752714
7.64238924
7.90574642
5.00791793
4.52826200
6.21627284
6.81576575
6.73531625
5.92620300
4.57288816
4.86529115
5.06356385
5.05148547
3.40655263
4.19155388
4.28582419
4.98285655
5.81799257
5.46090007
3.96853201
8.32392802
8.74295858
6.83572570
4.62459669
5.40124839
8.39444660
10.06553134
10.37666740
9.15507779
6.89424888
6.74369176
5.08972380
6.62329401
7.66741647
5.73917038
5.28145900
8.97717727
7.14023184
6.79764677
5.10869101
5.91002076
6.71659591
10.75345943
7.94281780
7.00656190
9.83986339
11.05446332
9.71833232
8.29492797
6.78372704
5.87391225
7.64092841
7.92637341
8.97598972
7.56207796
4.83417974
6.05944013
5.65678602
9.35684047
9.13682747
6.69513216
6.92375064
7.00516102
7.33405043
10.53899732
10.05829096
10.27709512
9.45613940
4.94928923
4.70427645
4.14260324
5.37203462
4.35296929
4.93092456
5.98211825
5.62263797
4.87925705
4.81494171
6.23478249
4.91520741
4.84231714
5.12855653
5.00716154
5.89431744
4.21746276
4.40614892
5.40886979
4.14061731
6.40650855
7.32881663
4.89307059
3.65697361
5.46583861
4.37206551
3.61743747
4.30508005
5.01135243
4.50041764
4.63764130
6.19477530
7.14955270
4.99791525
4.51658380
3.99402325
4.54364308
3.43261820
3.31504882
3.47367545
3.27219195
3.19546013
3.26818992
3.40429741
3.45658951
3.23515942
3.17922423
3.24013011
3.13265689
3.09727630
3.13628515
3.06347050
3.05947976
3.02928088
3.04291911
3.03048236
3.01442301
3.02238211
3.02593588
3.16134215
3.05243592
3.01627359
3.06574261
3.02598070
3.02312724
3.00903274
3.01667800
3.06385526
3.03463081
3.02436081
3.01601543
3.02828136
3.03770601
3.01769554
3.02274824
3.01838199
3.00302509
3.00061804
3.00299026
3.00272901
3.00272036
3.00283373
3.00123074
3.00057327
3.00056648
3.00126102
3.00103295
3.00078199
3.00017857
3.00017945
3.00013750
3.00012799
3.00026087
3.00013884
3.00033405
3.00074513
3.00076763
3.00076291
3.00092332
3.00088087
3.00041547
3.00036638
3.00134304
3.00052123
3.00082131
3.00054803
3.00082740
3.00087819
3.00121949
3.00092621
3.00048310
3.00069106
3.00050304
3.00025839
3.00052394
3.00128938
3.00130393
3.00076645
3.00091413
3.00103089
3.00104389
3.00069223
3.00047217
3.00054517
3.00043087
3.00027218
3.00013924
3.00016988
3.00017814
3.00018854
3.00008570
3.00005998
3.00007107
3.00004525
3.00003348
3.00016792
3.00022876
3.00005082
3.00002492
3.00001771
3.00001893
3.00001552
3.00001759
3.00003344
3.00003732
3.00003024
3.00002735
3.00003230
3.00004853
3.00004000
3.00005562
3.00004152
3.00003430
3.00004486
3.00005301
3.00006334
3.00003364
3.00002185
3.00005596
3.00007480
3.00007345
3.00009855
3.00014702
3.00034156
3.00022071
3.00017999
3.00017037
3.00021357
3.00018263
3.00018031
3.00008244
3.00007166
3.00005956
3.00013281
3.00040189
3.00025034
3.00012147
3.00022162
3.00021540
3.00005197
3.00005340
3.00004391
3.00007779
3.00007937
3.00008421
3.00012097
3.00021797
3.00021470
3.00013279
3.00023916
3.00012273
3.00009652
3.00009655
3.00014560
3.00006716
3.00005941
3.00003755
3.00003880
3.00004872
3.00006658
3.00006289
3.00006986
3.00009290
3.00009657
3.00005526
3.00006029
3.00009352
3.00011135
3.00009934
3.00018163
3.00040552
3.00042431
3.00028499
3.00016046
3.00016551
3.00012100
3.00010954
3.00010880
3.00007258
3.00008557
3.00009173
3.00006224
3.00004753
3.00002939
3.00002760
3.00002668
3.00002784
3.00001827
3.00001525
3.00001409
3.00001578
3.00001972
3.00001209
3.00002009
3.00005333
3.00015233
3.00022714
3.00027097
3.00021099
3.00010619
3.00010471
3.00003047
3.00002033
3.00001245
3.00000581
3.00000558
3.00000516
3.00001389
3.00001755
3.00001265
3.00002140
3.00003732
3.00004315
3.00002437
3.00001242
3.00001371
3.00001840
3.00002950
3.00001790
3.00001723
3.00001354
3.00001723
3.00001724
3.00000982
3.00001233
3.00005594
3.00005913
3.00002117
3.00002821
3.00002428
3.00004047
3.00001685
3.00000582
3.00000930
3.00002346
3.00005105
3.00008948
3.00006960
3.00001581
3.00002057
3.00001953
3.00001735
3.00003156
3.00001363
3.00001052
3.00001175
3.00001574
3.00000614
3.00001071
3.00001196
3.00001627
3.00007826
3.00008899
3.00004093
3.00019789
3.00068042
3.00122972
3.00185504
3.00245496
3.00377849
3.00282610
3.00258640
3.00095707
3.00041895
3.00037910
3.00008050
3.00001132
3.00000602
3.00002297
3.00003047
3.00002898
3.00003493
3.00003295
3.00004781
3.00002096
3.00000255
3.00000163
3.00000368
3.00000500
3.00000334
3.00002775
3.00001184
3.00000405
3.00000698
3.00002101
3.00000635
3.00000703
3.00001314
3.00003890
3.00004597
3.00001481
3.00000673
3.00000832
3.00000748
3.00000326
3.00000399
3.00001686
3.00007190
3.00004783
3.00000323
3.00000136
3.00000294
3.00000393
3.00000292
3.00000140
3.00000282
3.00001004
3.00001710
3.00001433
3.00002453
3.00002204
3.00001626
3.00003684
3.00004383
3.00001632
3.00000682
3.00001249
3.00000855
3.00001132
3.00000688
3.00000926
3.00005132
3.00003442
3.00001541
3.00002326
3.00000927
3.00001096
3.00002657
3.00001485
3.00003030
3.00001813
3.00005154
3.00008025
3.00010960
3.00005847
3.00007289
3.00008989
3.00003089
3.00003214
3.00004036
3.00002699
3.00003213
3.00003086
3.00003473
3.00002138
3.00001506
3.00003232
