0.82785432
1.55861097
1.81749168
0.85207513
2.58737861
1.20031063
2.22872994
1.44410585
1.27806258
0.76616029
1.94760552
1.81267562
2.37655396
0.78323353
1.51329620
1.35936404
1.82521610
0.99028232
1.62312362
1.07565575
1.21985824
1.98254801
1.06913260
1.70655932
3.05163206
0.87892372
2.00177581
1.60633252
1.32037247
0.80756789
1.20023985
1.55015716
0.39479477
1.49507470
0.88719509
1.93686146
1.93740970
2.46412090
0.35935814
1.79923759
1.84947218
2.66602417
1.14533197
1.63179187
1.48260570
1.76621193
1.49284097
2.08007551
1.48621471
1.45059651
0.80324776
0.80630668
2.26381026
1.41441541
1.71579630
2.10807839
1.19145641
0.88762343
0.87232945
3.09550057
1.50764343
0.89023084
0.97278895
1.79654010
1.27581094
0.97637276
1.19907475
1.61182441
1.74434763
3.92081454
1.58919681
1.04868428
0.94282550
2.97506777
1.81508278
1.53345378
1.22757860
0.68812344
3.01654659
1.09515653
0.94671313
1.51727820
1.94145290
1.61130678
2.80678023
1.52981746
1.28694692
3.39981261
2.07014943
1.50201039
2.34348417
1.08489807
0.63620567
0.77444848
2.93214353
2.04445669
0.71416144
1.14552374
1.19032102
1.07313121
1.24879293
0.62189553
1.51052945
1.13823456
1.74567623
0.74951096
0.36253141
2.32417315
1.95641157
1.18788668
0.90053380
1.19625798
0.97736701
1.02626262
0.73408231
2.03267051
0.81140938
1.71401181
1.00288022
0.93369304
1.62198609
0.89367151
0.24477823
0.91986260
2.76807017
1.17617225
2.48066843
2.26861731
0.84598962
2.18085800
1.67097247
2.22832828
2.18653158
2.10562093
0.45254085
1.24419708
0.88629257
2.29145890
1.75406326
1.18687860
2.71843474
1.79822522
1.58808178
2.94138265
1.68657144
2.13601473
1.74702654
2.06962020
1.51145559
1.50644217
1.37400169
1.07883480
1.17885904
2.30136907
0.74028474
0.99992360
0.82985016
3.07619710
1.76078296
3.29087115
1.87352301
1.62365972
2.10576610
1.72266854
1.75148584
1.18428552
1.88059789
2.43285837
1.00576226
1.19971361
0.36437205
1.31413575
1.10290456
1.90964279
1.16069724
2.43080319
1.13712137
2.05707925
1.08048478
1.22201199
1.50176939
2.97021747
0.71553387
0.62970710
1.24194228
0.77104390
0.64559233
2.27429983
2.40070694
2.15398734
1.70811636
2.37171616
1.68403202
1.26301895
2.36421974
0.99742720
1.19476332
0.75426015
1.18719758
1.13917976
1.47635877
2.35181762
2.30472565
1.63383971
2.70680826
0.74525370
0.95202040
2.36102761
1.94394050
1.10280723
2.28668483
1.98623603
1.53198740
2.13906887
1.54506181
2.71118532
1.98913852
1.60182701
2.57407896
0.24629148
0.79323112
0.90265580
3.05853726
2.65387668
1.49549106
2.21558762
1.73584444
1.33767243
1.43517215
0.91832702
1.62574282
0.90937598
1.58917427
1.18652769
2.21426211
2.25522693
2.69386702
0.68234864
1.10983771
0.39755154
2.19932250
0.78452914
0.64225689
1.26543576
2.03091725
1.12008075
2.68170976
1.42421797
0.91080026
1.70975229
1.90571237
2.99014296
1.00712733
0.91470194
2.80786238
1.90562767
2.04425338
1.28925183
1.83874480
0.67233895
1.39973989
1.36171498
0.95456558
1.72814854
1.69485321
1.25504560
0.93918273
0.69945684
0.57768297
1.61444895
1.52382080
1.81940278
0.93248575
1.84094907
2.36961117
2.20924316
1.43649170
1.56260501
1.56847377
1.41823545
1.31085165
0.64533066
2.55319978
0.98935192
1.95904447
1.11391227
0.86413593
2.81379271
0.77944980
2.14160356
1.60346788
1.93798722
0.56415595
2.84244352
1.33970074
1.96987040
1.50042947
1.66203959
1.53594160
1.46443620
0.53987186
1.29348937
1.68010505
2.19600233
1.59988489
0.69441699
1.17883838
1.24963334
2.01510044
1.61166912
2.43797934
2.29791609
1.26654017
1.64880098
1.96027177
1.98772360
0.34566857
1.94287158
1.17156287
0.85656353
1.48941635
1.60769282
1.92418910
1.58976714
1.15398427
3.10646669
1.92469772
1.05751285
1.89790095
0.90515856
2.06717241
1.24393007
1.99213547
1.77228489
0.95372878
1.16603792
1.76736101
2.19561702
1.86469439
0.71880780
0.77658309
2.78641422
0.62630345
1.97396074
0.90094971
2.47473867
1.99559676
1.17286405
1.11183649
2.56316860
0.88997501
0.90656714
1.29284464
2.97440268
2.11604149
2.06818257
0.58396132
1.37096251
1.91292745
1.77720018
0.58905725
2.15492290
1.08885536
0.21228637
1.03387870
2.00137601
1.39847592
3.57338614
1.63858659
2.27206684
0.91687243
0.63365847
2.41250269
1.93264114
2.09345087
1.40521425
0.46418580
1.72851775
1.55045647
1.53478068
1.41549669
0.21439672
2.41205555
2.51739737
2.20341845
2.56256682
2.70488596
3.14430724
2.98567429
1.18323478
0.81602663
0.80694458
1.96292800
1.78548036
2.07102465
1.37869169
1.11863819
1.49784068
1.65288649
1.48871106
0.46371070
0.54699884
1.70280101
2.25573318
1.18490214
1.44509096
2.59033933
0.81785815
0.23044422
2.41600585
1.48153680
3.16030008
1.85603932
1.68429797
1.33777669
1.44639178
1.60777792
2.19309655
2.40164519
0.82202739
0.77959209
1.69555626
1.17065165
1.75782039
1.66278936
2.35670838
0.38764509
1.19997674
2.40033515
2.47192501
2.52310909
0.84825844
1.00022935
1.23853994
0.94318847
0.89895610
1.18538376
1.70662577
1.68981913
0.70684180
0.53735836
2.03551246
1.53833468
2.04658111
1.51324942
0.76248168
0.45332881
1.26829097
3.10307708
1.67087742
2.21573431
2.76082936
1.62452257
0.60781029
1.54691538
0.94703035
1.00463207
2.72316649
1.62966757
2.18688950
2.31335657
1.00357957
2.03319219
1.11288389
2.05081183
1.67119386
1.72294113
1.48687048
1.89377845
1.55597023
1.51040557
2.44176906
1.55293483
1.30304691
1.38891683
3.05149389
0.46912454
1.32129460
0.41185972
1.83430185
1.35986081
1.50525402
1.46853787
1.73013474
2.67329721
1.95271399
1.46143954
1.50531740
1.86333403
1.33550513
1.34971168
1.01810980
0.98907915
0.92315126
1.78678397
2.44579975
2.05579470
2.62617916
3.26378785
1.69113620
1.25662304
0.48413835
1.18548652
1.87724598
2.00115724
1.64416461
2.44490161
1.14483897
2.20807084
1.96827783
1.80323679
1.66794928
1.38429083
3.37513307
1.82520616
1.14350342
1.44992206
1.22313850
1.01039006
1.71660280
2.53687246
1.18474473
1.64688520
1.57606943
1.46425680
1.99161708
1.11191800
1.53462234
0.83391350
0.90941495
3.14234824
2.72398657
2.14873678
1.56643651
1.13534978
1.88771362
0.50320596
1.79708318
3.21212781
1.43732358
1.71068865
2.26322016
1.35856667
1.29557313
1.25978195
1.12010168
2.32254659
1.48504251
1.16066824
3.01452996
0.69275002
0.57145375
1.66660505
1.74586836
2.56006099
1.11978803
1.03084846
1.06718058
2.04812251
1.87011311
0.99008114
1.70467753
0.58016066
0.79798212
1.60835087
2.28461070
0.64752801
1.36879829
0.82371890
2.13935742
2.44143705
1.00642751
0.80611607
0.72131163
1.34147787
1.45587464
1.88779162
0.46294451
2.08868720
2.22923426
0.21051780
1.50557758
1.11267591
2.96126170
2.01006495
1.67743913
2.64913653
1.76712700
2.34192347
0.59182013
1.80631968
1.52695638
0.74828688
1.56973914
1.68779849
1.66907273
2.32700428
0.69969347
0.84421904
1.33861968
2.02979000
2.83762767
1.68235636
1.02761332
1.86431908
2.43756272
1.01800227
0.69207684
1.18858165
1.41449780
1.21013508
0.76694486
1.14934706
1.89768026
0.57902786
1.84618303
1.24094759
2.32837766
1.84115570
0.46220696
1.14239805
2.74272613
1.87771729
1.19897570
1.55552753
1.51912492
2.10103054
2.11772035
0.85711499
0.63605030
0.69921398
0.39589205
1.71384880
0.82733816
1.23465428
1.98436534
2.10890916
2.37416374
2.03934024
0.79786876
2.37229328
2.28129967
2.77421495
2.36508479
2.68705941
1.59437748
1.13288452
0.58617321
0.81557815
1.12760200
2.35721023
1.63441177
3.93977520
0.36659254
0.99828234
0.26429257
1.29450124
3.01894281
1.18950675
1.28873475
1.80006593
1.38398886
1.09713404
1.18159577
1.42783906
1.38694913
1.01849725
0.86235479
1.90559008
1.40757850
1.93844732
1.26846953
2.11877019
1.27133408
3.56115928
2.19331436
0.96804462
1.19591332
2.98224058
1.84101284
0.96166841
1.39867695
0.32802693
1.20697365
1.52863825
1.28938987
0.91128633
0.42660141
2.52147842
1.70297297
1.57094604
0.72133885
1.35939538
0.75107940
2.76771665
1.33048223
1.55623242
1.33205359
1.23896679
2.05717975
1.30831802
2.31941360
1.15180394
0.82849029
1.24694561
1.14209304
3.52459336
0.82769926
1.30160027
1.50641117
0.80336041
0.89699950
1.98625874
1.47762154
0.37333584
2.33858775
1.65579477
1.67754038
1.45213248
1.43337832
1.24271025
2.19737694
1.51451592
1.09457240
0.90708162
2.64289167
2.03252117
1.43004190
3.04489850
0.77572439
2.62019755
1.52723668
0.77022851
1.87886538
1.76220783
1.59756951
1.28900193
1.16117840
0.69451778
2.11523708
1.04954272
1.48336499
2.42069272
1.45220252
2.47890637
1.20175678
0.80493741
2.58741389
1.85312729
1.62939880
2.09899261
1.30417123
2.78308099
0.62751550
1.77115997
2.16509307
0.61783661
0.83375042
1.68007960
1.40630406
2.20531187
1.17977039
1.01685374
2.45052497
1.16198551
1.55324097
1.94651722
1.09825294
3.74464895
1.05223058
1.83808138
0.93216869
1.18174633
1.41783032
1.73594668
1.33748770
1.13629394
1.56094126
1.17230931
0.66223195
0.95271273
2.47332642
1.20605988
1.28756938
1.94984887
0.47452893
2.09323070
2.32063949
1.74223311
2.38514748
0.59205454
1.89697550
1.43484854
1.38300963
0.34875901
1.21762306
2.29621495
1.87779683
1.71995883
1.02747158
0.92251311
2.16126670
1.74233494
2.08665765
1.77131390
0.70273479
1.73466029
1.19266561
1.71347574
1.17458283
1.16578270
0.46659749
0.94361093
2.74782623
1.54874938
0.45928234
1.38944010
1.09943308
1.73595999
0.72786382
0.88876871
1.75343226
1.02517478
2.60441644
1.61782733
1.63887761
1.62452156
2.74119311
1.09122630
1.92037786
0.84798968
2.07946762
0.88361412
1.17414483
1.28924467
3.30570523
1.95102305
0.81595048
0.36141611
2.38809395
3.01289117
1.08674178
2.18497605
1.53669018
1.15185750
1.37217152
1.43468894
1.31380858
2.82386902
2.39244374
3.09030198
1.09158599
2.65605827
1.37462809
1.31273641
1.25784420
0.89075658
1.48011578
3.20138108
2.04088920
0.54104408
1.75807766
1.55617362
1.32076241
0.85149025
2.33692875
2.28114190
1.48426216
0.88857902
2.70084340
1.32642730
0.89737124
0.86881517
1.79954404
1.47116528
1.78829206
0.71704871
0.59192717
2.01851438
1.45276223
2.00987951
1.49277310
1.45366389
1.98654187
1.32504813
1.64774826
1.31058724
1.43429269
1.67422377
1.48847653
0.94449811
2.27143891
1.60622353
0.78858813
0.86973272
1.63650495
1.40765485
0.28144188
1.82496406
1.96848996
2.32144117
1.48403035
0.38086177
2.33714311
1.53071457
2.36326206
2.04569776
1.89007710
2.20789918
1.60821711
2.16128676
2.23705483
1.62632287
1.05642108
2.59076969
1.21286654
1.80907430
1.64745842
0.49749262
1.49701398
1.35826832
1.06580841
0.68892609
0.79897179
1.63422734
0.45288272
0.99922941
1.71922741
0.97678503
1.38595866
0.91397334
1.25681716
1.90974522
2.71604360
1.06752043
1.96354998
1.07404253
1.87902470
2.06240084
2.00174007
0.89132412
2.20936244
1.56966218
1.97285188
1.60528189
2.52178175
2.24403065
2.41769522
1.26405303
1.16669331
1.48854516
1.33993753
1.40010733
0.74431390
1.35877106
1.25864031
1.48411085
2.21530552
1.30595992
0.75259487
3.14250404
2.82983943
1.53383875
2.16931915
0.94597846
4.76796094
0.40896901
0.78311047
1.74310161
1.74928307
0.97435594
2.11227891
0.69824033
1.65862477
0.22460065
0.35104967
2.05353318
1.38234086
1.81686853
1.70136240
1.27317947
1.20768330
2.99818032
2.17191800
1.85248065
1.99454698
1.78699260
1.32910283
1.29892155
1.92686957
2.35238512
2.18884269
1.61510853
1.31473012
1.83263664
0.97234981
3.06479980
0.64247029
0.98923596
1.29527964
68.75850321
72.45744081
69.98339661
70.32433693
68.81512274
70.45077041
70.79552805
70.10175802
69.12204312
70.67109796
68.49943965
70.06309354
70.59649250
70.99859289
70.46043896
70.11827207
71.87328872
70.01001241
71.35733457
70.01333732
70.70134082
69.26974111
71.97544284
70.33725130
72.01846868
72.55021549
70.71143692
69.44397864
70.79935833
70.22891290
69.98617315
70.41400498
71.86076391
70.63189299
72.63889120
70.06395627
69.73612907
70.30813338
71.16387837
70.94859322
69.93766557
70.36300237
70.32981902
70.35698971
70.58050230
71.70494871
70.86321986
69.15393125
71.35221950
70.13586462
71.10958817
69.73194050
69.93215700
70.50774339
69.90462636
69.20311139
70.35494084
70.22690666
69.48565935
71.05532710
71.78094824
69.93847126
70.51751036
71.73573764
71.93291851
69.93467559
70.75919413
71.18033025
69.56314491
71.93582307
70.75389300
72.33202821
69.17696883
70.49348145
72.17351378
69.42465122
71.23774601
68.55098938
69.95421941
69.96761634
72.79493330
71.34661399
70.50957246
69.84582523
71.91203268
70.19976902
72.56607399
70.11657936
72.56477075
70.61131784
69.94799893
70.59520465
71.63688461
70.50025471
69.85876031
71.55238678
70.07789913
69.90600613
69.11721993
69.23605916
70.29298649
70.78769162
71.36443310
69.88118526
71.50273270
70.97461063
73.14963789
68.97811443
71.82860736
69.52764395
70.30331463
72.12112264
69.64668807
72.48467669
70.87919435
71.69149976
71.09812295
70.77461781
70.17436868
69.56036716
68.72647054
69.27992690
70.46740757
70.75884470
73.03434120
69.79737361
70.59209056
71.71352449
71.10838601
71.37748777
69.03010151
72.07985301
72.16025750
70.77734712
70.78065949
69.43972717
72.02175626
71.85867226
70.22333712
69.95366370
70.22890206
69.77593056
71.87411309
71.83334672
71.04843344
71.75671830
70.01576462
70.39607062
70.40765029
69.86918319
69.48770902
68.29425266
71.22200697
71.13546833
71.54806353
69.47747143
70.23491067
70.69845935
69.30339380
70.08909175
68.67653443
69.95579088
72.27136807
69.35591703
70.68863141
72.66001428
70.33898189
70.30070546
69.38886628
71.02437814
70.99010436
69.80102144
70.46512535
69.56993632
71.20586536
69.77472041
68.69063556
71.97516313
73.32410502
70.10381599
71.98036844
70.94410146
72.24416317
70.32790207
72.77115303
71.14248158
69.71743362
68.64493354
71.42813415
71.63719380
71.43782542
69.95807427
69.67596854
71.50718546
71.23858268
69.31146955
71.32440256
72.79173352
72.41833236
71.66245081
69.64979049
71.27074118
70.94937221
70.44194251
70.86848028
70.54413970
72.20147917
69.57991531
71.41556914
70.18181501
70.68966857
71.53583651
70.73444111
70.68647154
69.99387377
70.11287159
70.96576688
71.41946588
71.07394219
69.40227403
69.94274454
71.78867410
71.64554362
71.68507393
70.49607958
70.81412530
71.50859709
70.57063318
70.58696270
71.80345636
71.69209147
72.07589427
70.55065166
71.32698923
69.47111332
70.57267778
71.05346316
70.02055129
71.39339184
72.23584572
72.63918103
69.01504652
71.82962529
69.72068287
69.40736319
70.30120496
69.50253471
71.30707787
69.91493242
71.86779567
70.54317216
69.93217624
72.24132544
70.92308973
70.72776223
70.04909337
70.80204379
69.81030622
69.83379862
68.37705279
70.38120982
70.22183763
70.31377839
72.04968154
70.72324606
70.36464604
69.30384566
68.71908522
70.44958960
69.81123546
70.31735784
69.91524100
70.35385851
69.59340032
70.81133508
70.72869659
71.88844869
71.09259127
69.75573654
70.30184797
69.78128846
70.91445283
71.16332606
69.33102834
70.86557536
69.62479452
70.06303303
70.15006196
69.93381894
71.99372659
69.85639357
69.15575898
71.57243082
70.78631409
68.78070331
69.56402210
71.41770408
70.58953723
71.16148800
71.51798613
70.24595418
71.20970249
70.68196999
69.19096666
70.85501470
70.58603782
71.36782295
70.64381248
70.29366708
70.21357400
72.27399045
71.29394494
70.67625107
70.44794153
68.61131144
71.73853375
69.61377338
71.69918608
69.86784870
71.33773637
71.55412206
70.83187283
69.64104390
71.36093767
71.01887648
71.21916509
70.39265512
74.11583177
69.43182557
71.70861033
69.21656797
69.80996438
69.04570649
70.36044388
71.07149010
69.25950568
70.81769078
69.02122639
70.24780237
70.84213376
71.30771503
70.79315324
69.99383848
71.90151416
67.90447204
71.75372174
70.20967446
70.13049657
71.08632938
72.65754575
70.32146778
70.13298102
72.07182466
71.07731927
70.27624172
70.40006773
70.63517360
69.12778390
70.47739439
69.02676075
70.69125165
70.32337058
71.38615021
69.67622727
70.79826466
70.41392701
70.68439969
71.13677614
70.83923991
71.53710373
71.00150290
70.81705325
69.21392186
69.54655985
71.53736527
69.33674351
71.38237404
71.48446472
70.35808794
71.58096714
72.31139081
69.91851799
70.92094210
70.84947031
70.25286142
70.93301705
70.31261355
70.88577236
70.97189777
71.24282385
69.51472555
69.90739279
70.94471067
70.66824847
69.70050827
72.64306779
70.37300205
71.84963772
68.69400700
67.48700134
70.12534571
70.11008481
69.08741484
69.73796458
69.98533031
72.42575009
69.72187784
71.31636535
70.14484239
71.20310052
70.59141302
69.98738175
71.50573824
69.36988968
70.79347763
69.78072299
71.02780798
71.01619626
71.61532606
71.66662218
71.22315763
70.46398941
69.53316085
71.28031185
69.01643445
70.22343468
70.95141573
70.49345134
70.30840646
71.91773575
70.78471709
71.43980406
70.06580194
69.86458501
70.54136050
69.14257868
70.24319384
69.84510827
71.14852328
71.62157227
70.63134638
69.41825982
70.95458762
70.92188237
71.38801620
69.08519177
69.04468746
72.24200865
70.26928257
68.93072238
69.32054305
69.83270249
70.64561535
71.41428135
71.75701951
71.84642988
70.41744049
69.55352548
71.91019618
72.37814028
70.94950472
70.42454261
69.21452010
71.49334415
70.57092551
69.12137763
72.14275666
70.86119101
71.22441263
70.82940799
70.20419227
69.11505739
69.53591206
70.16489125
72.27315665
70.17034519
70.46546565
69.31784273
70.82686285
70.27891598
69.92007831
69.85084886
70.16533930
71.43463592
71.74706646
70.11676414
70.10928801
72.62733549
69.48923047
71.08339158
71.86188018
71.69573292
70.93848874
70.62971157
70.51131239
69.89741503
71.33848947
69.61885162
72.50933549
69.98578632
69.09506196
70.85374684
71.39039822
69.83466372
69.63320507
69.77178330
70.32934307
71.85248638
72.36760594
71.21773082
71.50171458
70.62668037
70.65069126
70.55535285
69.00677661
71.05447637
70.85274164
71.92786030
70.44943162
70.59107688
71.20244887
71.42910376
70.47463901
70.30091903
70.88020792
69.74882650
70.90541917
70.01810554
71.43519898
71.05031702
70.42001267
69.18650431
71.43735240
71.49870772
72.80290278
70.28896614
70.61108642
70.34645434
70.54100782
68.72154912
71.63261895
71.52005953
69.72924748
69.93494819
71.58021511
69.07352991
67.28883854
70.65616003
72.32095699
69.55243469
70.98067576
71.68132172
69.82416125
71.21016904
69.98120418
70.16600757
70.13629157
69.92065330
70.62645961
72.10239317
70.15538186
69.48633977
69.49100982
70.31171053
71.75680760
70.94445064
70.47652178
70.17815253
71.04364763
71.05113307
70.70577688
71.02084604
73.24542419
71.50657860
70.51498766
68.66113939
71.86899196
69.94083837
71.59962501
69.78004827
71.42816428
72.14387305
70.05144302
71.56443682
70.25828761
69.88376705
70.76881324
71.65978627
70.19944932
71.27007306
70.03859552
69.10791020
71.55744472
68.70583924
68.88025741
71.01820793
69.12606455
70.34764376
69.71688692
67.88650457
71.04343841
70.04320989
70.67063745
70.97969516
70.61675417
71.48311488
70.95989694
69.98425869
70.83733805
71.93569263
70.50355618
69.82039855
69.85623747
69.67838739
71.10727543
69.57430110
70.70492923
72.90271055
73.21317653
71.47648323
69.79391184
69.72822358
70.82032165
72.57453000
70.00575181
69.04749506
70.92977632
71.09847309
70.83112363
72.01908405
69.27012874
69.87362838
68.72918213
70.87132971
69.72476670
71.03245827
70.32388951
72.23368004
69.97670689
71.42258606
72.11174530
72.03200276
70.57566753
71.42375888
72.59139992
71.10880437
70.43814266
70.62789731
72.68772161
69.49885124
71.77454921
71.64230210
71.32744103
70.85089564
70.84568406
69.89043897
71.55672068
69.97445969
68.71220630
71.10301314
70.50684841
71.02661650
70.60399114
70.99205364
71.03494597
71.24916359
70.69334276
69.12765856
70.34998026
70.54184044
72.36214344
70.59898629
70.72741611
70.95580435
69.49277554
69.10958690
71.64806964
72.11748428
72.95224112
71.39308368
69.88436456
70.73907745
69.25251224
71.09801826
70.77220438
70.43112728
70.31395174
71.23323430
71.09482034
71.84267574
69.72768773
69.76400781
71.47750592
71.07488019
70.02561131
72.36315457
70.29171227
69.25002907
70.39048661
69.37571289
71.79426940
71.04957674
70.02732662
70.47502790
69.69632763
72.26817857
70.20340629
70.22025312
70.72178045
70.80653185
71.61732283
69.92744806
71.56874690
69.84080229
71.16671574
70.71064119
71.50567606
70.48306514
70.09107820
72.68582911
69.45663555
71.29265099
70.25272101
70.15107827
69.71717391
71.12212846
70.63387824
70.25438436
70.09692596
70.23865491
70.23563420
68.99389390
71.21196738
71.13871130
71.40244782
72.11791144
70.03366387
69.82816461
71.32276600
69.99905454
71.99346263
72.18946859
70.70654840
72.67045741
69.78523041
71.23706696
71.43192027
70.65794919
71.39453801
70.20925488
69.64915622
69.09476692
69.91598785
73.03273033
71.20853724
70.91906099
70.30506709
71.74568630
70.99506834
69.27003902
70.73681609
72.28408871
70.84034055
72.47019569
69.01734678
70.65165142
71.40110950
71.10318763
71.30031570
69.57870363
71.40291213
70.38262019
69.49322616
71.26103289
71.62896881
70.33933248
69.83149213
70.72253539
69.81501229
69.90340279
70.29642924
70.10097089
69.00226115
71.17091358
71.65649368
70.21803806
69.24705392
70.84119990
69.53681135
70.16840264
69.04511874
70.97262946
71.02324945
69.90481954
71.28778613
71.70449586
68.23588647
70.89791837
70.29867254
69.91599347
69.59414772
70.17612741
70.46690042
71.14073602
70.80292123
70.92729025
69.47499193
70.53963067
71.05786692
70.17558139
69.78923181
70.95947242
71.51375059
70.24648548
69.73109251
69.62637031
69.95412280
72.01176044
72.39377821
69.78402429
71.16130252
68.79599092
71.09536334
71.87821337
70.09323684
71.74996034
71.18249962
71.08832433
69.58694253
70.51613618
71.15065646
72.50863867
70.19426199
72.34361359
69.86064570
70.62067412
70.45000816
71.67717031
70.50990900
70.30565614
69.71953389
69.67349774
71.51539092
71.55730765
71.79415717
71.77757357
70.54985847
72.75790643
69.30678100
70.71016757
70.31733153
71.13386987
71.50909509
70.53122162
70.80392705
71.97163366
70.20371520
70.09156469
68.64044978
69.90261385
72.79897935
71.81854904
68.34454625
71.42449016
70.46175847
69.78501373
71.11608646
70.49292011
71.17424911
71.08418425
72.43782540
70.46280796
70.36225780
70.39789481
70.41110265
70.88055294
70.40548577
71.43166397
70.69583923
69.75971520
70.93407915
72.23180139
71.42118557
71.25427529
71.42680566
70.86691356
71.22534381
70.08232303
69.35699994
70.02798842
72.53269832
71.83490256
71.79448516
69.68707505
70.03873433
70.57029134
69.69936554
69.73359863
72.29703366
70.11368059
70.53925088
70.07229456
71.61625553
72.13363613
71.59976700
70.73137021
69.77983826
71.41027678
69.57209374
70.64419073
70.64619768
70.17116197
72.12393104
71.02702714
69.71909677
70.70084780
70.01090076
70.85958718
69.84013418
70.11488441
71.10441820
69.80204701
71.09918116
70.94176444
70.62173920
70.12097253
71.23709479
70.58585840
71.03298777
70.89666041
67.79234603
70.60862532
72.75945806
70.46383748
71.73354015
69.20051965
72.49698790
71.89524606
69.51221296
69.95924835
70.93340121
71.16596326
70.65814926
71.51569003
70.52418942
69.08994309
69.42686381
68.84160572
70.90110771
69.35832238
70.55457714
69.06578030
68.78327533
71.16635250
69.21545348
69.82537378
69.97842411
71.11871581
70.95275687
70.40776502
70.05031932
68.62440737
69.63632734
70.30531297
68.64791009
70.34351069
71.51316717
68.84827075
69.80550997
69.92278931
71.01935152
70.83877215
69.97860045
70.83873257
71.24678058
70.58602366
71.83953216
70.26154289
72.22201924
70.53667797
70.33770099
69.98691381
71.14054972
69.75985736
70.78667154
71.23633180
71.87415326
72.25194823
71.77750277
71.82021990
71.40776791
69.53108112
72.32440047
70.37510387
72.42290881
69.74478328
70.74410925
70.22939440
71.45350502
70.20060689
69.48399476
70.17715003
69.37750794
70.08082878
71.62992055
71.67461861
71.29285789
72.77078573
70.57722373
68.25883649
69.26201912
69.07297935
70.15017245
71.97362059
72.03873870
70.43491339
69.16531426
71.18702721
72.01751110
73.31544360
71.25893132
72.54387093
70.91408450
70.78675793
71.18234948
69.26841228
70.75295154
71.80364368
70.40881552
69.81484404
71.30553402
70.15272751
69.96986984
69.78769428
70.17021483
73.12594752
70.58784398
70.17212304
69.84254516
70.51682071
70.73855888
71.95180200
72.60354224
69.90850178
72.07272377
70.69020173
71.42207772
70.66979282
70.97509760
69.40784405
71.45492443
70.61777920
69.95155986
69.72165135
68.76072305
71.09224391
70.91294444
70.54790990
70.76457646
71.01330559
71.20311838
72.06635983
71.83264388
72.38869897
70.97255695
69.60077599
70.24824713
71.61997414
71.03533039
70.76049224
71.49954415
69.17641356
69.87888438
72.52762744
71.99369209
69.47599384
70.85858284
70.36756932
71.24707947
70.21653395
69.90799847
70.94983524
71.56495767
71.02926619
72.80916353
70.19295802
69.78283318
71.14954713
70.38687481
72.08129273
70.98336040
69.66218575
71.23898608
70.83128142
72.08409641
69.54362508
71.52363557
72.10985677
70.36706153
69.66828694
69.54701046
70.17161532
70.75337978
70.61070844
70.28473643
72.87181247
71.32720644
70.44359326
69.36912684
72.13487731
70.70912929
70.42577704
70.88938524
70.02693002
70.49237405
70.47091818
69.43032899
69.02372733
69.12116135
68.23395454
72.14325070
72.20069870
68.92931594
70.22613617
72.40330010
71.74227033
71.43487404
69.33247604
71.92039166
70.32304694
69.36665685
69.60722473
69.89681545
69.94610918
70.81327078
71.60558403
70.53256824
69.37699224
70.50307788
72.10551100
69.33815807
70.42222220
71.22773578
69.98530658
68.71610029
69.53300301
71.46649792
69.65330429
70.64432081
68.80403126
71.21766063
69.21774867
70.59940379
70.54157102
71.02764413
70.69334596
70.62186548
70.62047426
69.88155262
69.89652277
69.79922057
71.02044260
69.56072951
71.73199920
71.86490721
71.69662537
70.42148846
70.18814441
71.29897556
70.21813597
72.43699266
70.60135481
72.06844149
70.70616585
71.03438326
70.67228000
70.16193011
72.14020239
70.82026299
70.85005334
69.07130700
70.64467210
69.01872072
71.12125490
70.46835741
69.65713169
72.18903581
71.54924538
71.21245684
70.74066989
69.72062410
70.50164136
69.56877349
69.24781481
69.45254652
71.80247583
70.28378436
70.94460449
70.38604208
69.05936374
69.85267248
70.98791003
70.27885931
71.34383463
71.44203589
71.52317491
69.58002082
71.10539193
68.80671155
71.33794813
69.94090197
69.63502111
70.06463250
69.93129851
69.64079613
72.38477698
71.63814144
69.93858073
71.64060107
71.72827492
70.86698237
68.30775705
69.67725731
71.38171054
71.06587100
71.28920622
69.86096266
71.40664071
70.82534895
68.82105888
70.55351091
71.41684722
72.22175923
70.98481789
68.15425672
69.59797366
71.55803938
72.73573184
69.67725315
71.90369364
71.88240183
68.61997925
69.99062384
73.16647129
70.33877541
71.64612839
72.13423320
69.34502685
69.35714786
70.72312213
70.81135423
69.65637403
71.33327400
71.40391220
72.13756189
72.52400743
71.45108415
69.19448586
70.53480473
71.52359743
71.57178261
71.01128164
70.62486103
71.13771653
70.91883212
72.80546842
71.39574523
68.43544187
70.01813952
70.95266029
70.02674630
68.21593516
68.27506866
71.78070701
70.50210434
69.23360223
70.28196362
69.36591233
70.16642587
69.05560069
69.88631191
71.87425442
71.15803057
69.22002085
69.52421893
72.02410770
70.92183476
73.38384414
71.44351249
69.78123519
71.48428728
69.44483308
70.58814073
69.70403769
70.06284546
69.11577504
70.20276985
72.40623053
69.83319719
69.90528137
71.42309866
70.12200485
69.64207067
68.60756246
71.06793085
69.07932766
71.93798493
70.57797068
68.34095710
69.87563477
70.77063173
71.32975295
71.42239845
69.49675309
72.33160082
70.21269521
70.96392771
70.53073031
68.76659542
73.87613403
71.66887280
70.60975007
70.24776605
70.55394477
72.90018918
70.96232179
70.48999105
71.45276776
69.44731674
72.18893500
71.81370932
71.03461801
70.88747333
71.57045884
71.05749915
72.41205391
72.68429363
71.35684261
70.78019734
71.03555686
71.05963011
71.54338737
70.15002872
69.98633859
70.39639441
70.49885315
68.55353948
70.76292351
70.88886837
69.76039468
71.68596113
71.06243637
70.52739450
72.28755249
70.29336791
69.77619800
70.43329749
69.08882000
72.12067884
72.57021785
71.83947897
70.06329128
69.48938238
71.01147975
70.54845127
71.48267858
69.09660759
70.69398384
70.91441896
68.94975355
70.15068430
70.80582544
71.71274404
70.89791991
70.35472314
69.37601195
71.77806138
71.00121603
70.80549496
69.91828095
68.76038770
69.75695875
69.30388146
70.68555667
70.56719996
70.11341825
69.82271001
71.07163702
70.13079400
71.40261232
70.19462133
72.11247475
70.88540536
70.42560998
70.57817145
69.79537283
69.08970079
70.68341520
71.45195690
71.91984830
70.86009353
68.88413735
71.97912694
73.20718184
69.51288194
70.71298006
68.70311581
69.04390201
69.91407841
70.79160883
71.19572565
70.79860224
70.73233983
70.50384094
69.65580115
70.18361958
68.31622078
70.95466296
72.51020465
70.80412976
72.13623080
71.57874193
71.38659817
68.90941785
71.20989240
69.46762137
71.20349599
73.07012437
70.87422214
72.06187517
68.19042141
70.11095675
69.38279182
71.04932988
70.63116347
69.35470155
69.28205023
70.36478484
71.03947764
71.86669903
71.08017402
71.22320526
71.84765914
72.50069695
73.37636762
70.91963656
71.58699482
71.61059161
69.67778968
69.17859704
70.15842905
72.47660511
70.77482019
71.57639579
71.08401429
72.47763701
69.44650593
70.50021784
72.44728928
71.54728846
71.65072288
69.97355189
70.71221373
72.20763973
69.54526022
70.43158602
71.95203313
71.04078605
71.36422503
69.91311018
71.52714620
72.64562388
70.62920082
70.23265060
70.67577667
70.87377468
69.76395798
70.04949169
70.60582216
69.60972309
73.93667537
70.04861101
70.93375036
70.20862047
70.70443165
69.32916047
69.32594935
69.86716461
71.62664029
70.15581998
71.18103934
71.57190232
69.30904405
70.30211426
70.09591258
71.14956036
71.46122295
69.73721926
69.61099962
70.33714631
72.02995421
70.27654329
70.17409240
71.43763302
70.26430226
71.95556502
69.11866875
69.23182081
69.54341158
68.77366463
71.33268285
69.25586467
68.07238989
70.00586265
71.24574310
69.99873003
71.29420522
69.83754847
70.24301643
68.74545870
67.42227774
70.12164129
68.04833868
67.90477339
69.63020627
66.43331228
67.47773310
69.26853344
68.63332223
69.51958935
68.43257695
69.48145136
66.59984156
68.46864798
68.05653693
67.08712033
67.86591418
64.94835119
68.34887561
68.11178518
66.96327581
69.26693872
68.88784635
68.71504451
68.80521623
66.45987466
67.25165911
67.13858464
67.62851641
68.02863210
67.69192709
68.21416445
66.65273274
67.35802754
66.89781678
66.55962955
66.72304251
65.51352961
65.49191803
63.53564500
66.28228322
68.19806383
66.36164459
66.41100260
67.14070288
67.88852173
66.96646561
64.72969548
65.17166395
65.29159939
65.06465449
66.85131000
65.96211277
64.57377193
65.62429950
63.50684416
65.73616394
65.15394599
64.16611848
65.64388511
65.46186997
65.68489495
66.13206161
65.84929581
64.84030918
64.15944660
62.73037107
64.35235609
65.56475665
63.72256111
64.83777078
65.17020417
64.23718212
63.20623772
66.00749621
64.11363604
64.68455620
62.63823456
64.69598911
63.61349385
62.57457050
63.59396599
65.04631055
62.50117972
63.18617144
62.99223212
63.06840995
63.40639475
64.57890388
62.99330340
63.32883114
62.83099393
63.23651390
62.42208566
62.86013238
63.00667559
61.85002834
62.47889106
61.06662000
59.67300476
63.81241809
61.38427249
63.27571731
63.63656756
63.44964329
61.20355170
61.68974752
62.47996600
62.10737578
60.85310411
62.40024440
59.36910208
62.25524132
59.92540910
60.70058843
61.17570566
62.19519263
61.27757238
60.71636444
60.07335981
62.57871053
61.44055525
60.13475237
60.01273544
61.37651875
59.57827722
61.28777688
59.51313030
59.88898130
61.43454427
59.81916601
60.07468519
61.47997620
59.20002403
59.80171807
60.16396687
60.22559944
59.61124328
59.83022991
60.06561320
58.38446487
60.84760516
59.16487146
60.45205592
60.92141686
60.85753759
61.61144377
58.42881426
60.14042685
59.62128668
58.79325929
58.32875500
57.54586221
57.53458590
56.54396542
57.43639522
57.18935239
60.26006117
59.33996034
57.05393857
57.72811911
59.26017000
56.91141017
57.08405029
57.05698812
58.01628679
56.99293521
56.55231613
56.87373443
58.02974473
58.42631372
55.18509575
57.88669039
57.54304367
57.19471995
55.70773394
56.80816222
57.31183557
58.64405563
57.77182192
54.40981726
54.39211463
56.99294754
56.01029973
54.15449344
55.38924037
55.99936635
55.54659635
56.40645123
55.13743497
56.08604958
56.05506288
55.53862767
55.45783031
54.24218910
55.96057713
55.23358308
54.64605272
55.68579687
54.81594411
55.68512446
53.91507348
56.76803277
54.49312533
54.50967380
56.74661082
55.18664179
54.86877061
53.70070765
55.45555411
54.58917284
54.52624054
56.28225201
51.66757849
53.21735305
54.23837821
53.51660269
53.86772516
53.71604598
52.23996858
53.29052255
54.64158969
54.87011794
54.08635809
51.62330808
54.59931374
53.80753824
53.13186379
51.72353789
55.27787708
52.03277276
52.34431016
53.85140436
52.67520306
52.60207910
53.14848148
52.67045298
52.92309912
52.00900169
52.36332467
53.09348163
49.49209451
51.57840252
50.76781404
54.17713750
54.10022681
52.52665726
50.98178956
52.93167844
52.61948144
52.95034124
51.57723408
51.95067500
49.66592265
53.77497469
52.34436306
51.14677069
52.04810312
52.06792293
50.14251871
51.02762990
48.49664415
50.73331276
50.58337489
51.52410294
51.20651222
49.67363236
49.67696395
51.21969217
51.70413544
49.28614093
48.30451702
48.44969789
50.22857939
50.87272538
50.02165540
48.48125413
50.75511464
49.70392879
50.16699496
50.49478032
50.33043810
49.67588250
49.16319033
48.66338742
49.30756115
48.32454730
49.26649043
49.35168966
46.96941725
48.19942268
49.04551269
48.89827840
48.40572219
47.41932921
48.36780080
48.08350744
48.00347262
47.99175482
47.58996117
46.03695865
47.95477526
49.37776274
47.44363195
46.91695174
47.45757339
48.33852870
48.95505672
49.46503381
47.17286041
47.61160919
46.22147805
48.50326696
49.70062744
48.29093863
47.56470035
46.95467160
47.46579844
46.68021926
47.23538475
46.65034017
44.66163216
46.46094168
45.54197963
47.72480562
47.29951213
46.93810460
44.72998040
47.52681251
46.57360058
44.50233906
46.56838444
47.12365487
46.30712702
46.54510382
46.50225290
44.66724390
46.06404229
45.58244604
43.04409564
44.97336464
45.44920784
45.01191926
45.96757919
46.45445546
44.46542018
44.33219665
46.11223174
45.95080832
44.19293871
44.64108514
44.36149485
43.89498303
44.93410118
44.92978751
44.11562328
44.12695107
44.95301825
42.38896699
43.48836417
44.48602147
44.12299327
42.00965883
42.06678619
43.86811431
42.44104754
43.61500434
42.97962078
43.67215322
43.00493700
45.03719918
43.68758687
43.45634123
40.99334634
42.29183977
42.25350878
44.27689580
43.15700866
43.25259463
41.46065717
43.18819316
44.05231998
42.74277326
41.52300225
41.10477929
42.92938333
41.81771166
42.26468901
41.61634569
42.72540741
41.30940905
39.21498300
41.58263484
39.95994300
42.20809314
40.80800217
39.72024212
42.04605147
41.61243386
41.43224236
40.83195432
41.31035193
41.72562548
41.12428037
40.67475873
39.46527882
41.30218349
42.04650440
39.77231530
40.65674636
38.52863488
39.26703736
40.46671114
40.39719840
40.82458004
37.92308346
40.76864188
40.11025719
40.00839629
40.07073695
40.82324008
39.73144907
38.94568436
38.24443477
39.65742356
38.87007632
40.60699780
39.56716598
38.82615627
38.70257911
39.75735546
37.32717739
39.02317576
37.63453336
37.14835032
39.64854076
37.56027903
37.22770053
38.42240824
37.81607279
36.43150881
39.09963220
38.19258140
37.57538908
36.49584133
39.66736160
37.47153111
37.15954390
36.78513603
36.89572265
36.27530753
37.50106078
38.29498144
39.04551014
36.36065627
36.65053188
36.44252056
37.13574895
37.33590680
38.78210319
39.07404906
36.25846176
36.62058289
37.14175589
35.43895303
36.37214320
36.82066159
36.35927767
35.61925084
36.75096447
36.86173337
37.52212829
36.10821301
35.50163953
36.30075995
36.45066036
36.46335072
36.14184605
35.57422047
36.10959166
36.65961671
33.84452552
35.77469769
36.22445107
33.44920766
33.12056068
35.27014771
35.32565705
35.31996848
35.69618098
34.47418464
33.73466459
35.50319275
34.58565972
33.39820350
34.20478916
34.73251005
33.31513769
32.36998254
32.91682097
33.89799329
33.64936375
33.62040682
34.89833400
33.71583885
34.48600706
31.57593782
34.50481965
34.14635911
34.65799292
33.50941726
34.92981497
31.33040315
32.44352948
34.46136632
33.18665158
34.24961161
33.87551691
33.36760994
33.08813008
29.98396747
32.89706133
32.23328024
33.94115425
32.64591666
31.67938476
32.24906003
32.08645396
30.46675319
31.18907002
32.46637917
31.95672519
32.33605142
32.09063853
32.78128523
30.56227957
31.84930655
31.82622233
31.81067644
30.08577777
30.77217890
31.15921230
30.07648769
31.47858908
31.52864361
30.87330751
28.68979668
29.93551839
28.57133971
29.39856081
28.75388477
30.30998047
31.32752170
30.10827093
29.79372198
29.84273643
28.77277054
30.42451729
29.80098906
28.02714383
30.21109534
28.64914140
29.17393471
27.78871131
28.18590954
28.43999361
31.18671852
30.70772709
28.97253579
29.08599033
30.96945979
29.27447497
28.84046735
29.38885240
28.63018674
27.24048094
29.22610576
27.66210074
29.18769059
27.97136723
29.18738758
27.75155406
28.99614080
30.18390836
28.71491178
26.67619594
26.76300274
27.62008423
26.99442784
28.57972536
28.38757241
28.48488905
28.29232723
26.72784088
28.60455559
27.35567842
27.35905611
26.73058584
25.90040758
27.20377932
28.87664720
27.73255659
27.48693172
25.88827463
26.42458877
24.37286468
26.27718291
24.75079606
26.07578249
28.21109417
27.17454518
26.20011395
26.15318513
26.91197508
24.63842698
26.32819497
26.45086123
25.44580070
24.16364784
25.87637449
25.86223320
26.08613265
24.27206178
27.31197668
24.57311603
24.20380545
25.61159818
24.10140469
24.78907199
24.17041840
24.93137915
25.40410589
25.22380004
24.66723523
24.58809684
24.66881526
23.78082221
24.18188728
22.75438451
25.36533008
24.19850209
23.18026889
24.65409914
24.16771559
23.75559176
23.78612531
24.86855995
24.64078140
25.49074223
23.66201666
20.96800331
23.27528053
25.34663035
23.66925310
25.29328906
21.56697634
22.94243194
22.72384208
23.04985878
22.56763758
22.47676528
23.19302504
23.49661488
21.28702907
22.58830170
22.79809688
21.56240956
22.03366789
22.49032281
23.91239479
21.26373551
20.33485911
21.26624454
22.58580682
20.81504186
20.79722190
20.72202085
22.14725900
21.13436431
21.66691479
20.70292783
21.55195177
19.58414443
21.45548076
19.28251703
21.90093181
21.09346078
20.51173666
19.30388517
21.88257560
21.90712953
19.95233617
21.40687618
18.95271091
20.45695689
20.30822465
20.48751413
20.68485066
21.17827842
19.61699447
19.96556719
19.52053783
19.32980029
19.91308822
17.67330305
19.91260423
19.57560563
19.11299881
19.51479638
18.10612488
19.39505404
18.71381630
19.51316972
17.68024535
19.24081209
19.36591691
16.98975883
18.22380341
18.80632479
18.17082957
18.32794128
17.81119278
17.30618255
17.62095537
18.25682550
18.23672735
18.92141380
16.03574908
18.68464642
16.49169767
17.47518761
17.56154697
17.75586916
16.10671181
17.76582842
17.79208749
17.04656427
16.42178018
18.07471878
17.76056133
17.47341553
16.08989543
18.24855285
16.94850583
16.16991528
17.48904450
15.67435326
18.53354410
16.13063560
15.70940163
15.37398768
16.91545285
16.24090867
17.05811682
15.08863369
13.64515734
15.80163857
14.87681557
18.02107158
15.86865063
15.82129826
14.30978943
15.80389322
15.40637338
15.34466481
15.05451574
17.02131328
15.80744099
15.05514141
15.27513492
14.05559389
16.00540575
15.30137371
15.92620006
14.09375372
13.64340062
13.90520934
14.77434337
13.65149951
15.24997359
15.11126946
14.79928510
16.17215432
15.13891317
13.97089660
14.95147528
13.69332831
12.71030180
13.27343095
13.85276342
12.35577201
12.90835506
14.18278277
11.64968222
15.87866390
10.19080268
13.85824241
12.53351441
13.55121728
12.59091057
11.43878253
13.68519458
12.23998500
11.37782959
13.55575807
13.29857417
10.36618053
12.27269929
11.06170780
10.18685611
13.21577443
11.95931459
10.02173224
11.82557965
11.46728861
11.92155588
11.67229243
11.31144655
12.12671660
11.37615276
12.92233783
11.93228282
11.30035645
11.68104001
11.20531318
10.40036578
12.76816169
10.48296448
10.27913937
11.15892437
9.97346873
8.99051167
9.18911467
9.54395274
12.30215485
10.03117755
10.10317611
10.14097529
10.52685890
9.57257840
10.52504893
11.38228625
8.13798086
10.59365373
7.26139865
11.17603911
8.89269321
8.25015870
8.36257567
9.22676558
10.20252719
8.99057211
9.70138782
10.29248816
8.43121492
9.49192759
8.13253143
7.36589530
7.65099644
8.33171137
8.93685895
8.10306212
7.64471828
8.07037222
6.91674387
8.26766353
9.40628488
8.07812953
7.02040663
7.26600031
9.71333595
7.52913471
8.12396276
7.57227260
8.47769701
9.14385179
9.15198245
7.91420531
7.40828336
8.79091681
7.44504136
7.14003740
7.25777801
6.17100243
7.45330696
7.32930922
7.97843084
5.16732758
8.09155488
6.18937444
6.43944649
4.46957615
7.13896733
7.98641700
6.35802766
4.77754397
6.55696052
6.99565222
5.02379770
5.23558373
6.37446602
6.06387573
5.13217613
5.59033508
7.50480906
5.81274247
6.22521066
5.91136056
5.40164277
4.69185733
3.38744590
4.84031779
5.19783617
6.55776227
5.69382777
3.83569698
4.96005544
3.77288212
4.85825731
4.86314341
4.96027368
4.32334895
4.58768919
4.46325777
5.39523505
3.68139864
2.71946297
2.31352816
3.85380058
5.17045885
2.81851632
4.36263065
2.95069843
3.54795836
2.91370357
3.19357261
4.12421257
3.19120985
3.62121290
3.40928201
5.33538693
2.61314547
2.43837759
2.79139974
3.30758052
2.16253438
1.43971227
3.25311346
2.89820297
2.82745156
2.49409137
1.73248947
3.23863157
2.79216855
2.07163379
2.19142733
2.34537662
2.62535868
2.40049550
2.83479831
0.82607291
1.49591401
1.71446126
1.65034403
2.80485026
2.65408299
2.70747323
0.91208147
0.89075532
2.63939096
1.28333863
1.51378263
2.52522228
1.65354035
1.49429417
1.01458321
1.40102845
1.18450104
1.61400641
1.31155659
2.18176369
0.76777255
1.98478196
1.48493516
1.42491930
1.95596400
2.66201601
1.89864632
0.61374924
1.47479682
1.68527348
2.18442987
2.42628299
2.33838012
2.82415667
1.06909274
1.06441801
2.41065982
1.84073237
1.39308163
0.75344955
2.71853526
1.52403271
2.51841851
1.69385732
0.67237123
1.18673099
3.60594122
1.73136909
0.63194065
0.47140061
1.02997118
1.05585381
1.40865815
1.47382664
1.91359132
1.33424833
1.90657062
0.50925774
2.29823105
0.76619016
1.82954483
1.75102005
2.18294895
1.59471090
1.81401437
0.53629118
1.24391569
2.12773457
1.60534559
0.50353930
2.36910295
1.81523816
1.84966982
2.07425985
1.25013014
0.98653444
1.26966604
1.91267876
0.97983204
0.85695771
1.95385002
2.05397136
1.12968029
1.27219439
2.77048405
2.21984836
1.47366641
0.91982500
1.06763669
2.81173819
2.46261167
1.67197518
1.99796797
0.64345438
1.69579370
2.99077130
0.81947354
3.70047936
1.81310316
1.28378305
1.72495129
2.12336116
1.15785921
2.58047280
0.18935467
1.36202056
1.68910614
3.52198952
2.67402062
2.18963944
2.41710558
1.64878757
2.05424143
1.92334111
1.40170610
1.81907522
0.66701113
2.10458634
1.31542432
0.81808210
1.14216014
0.86067924
0.90439622
0.51729064
0.40624218
1.97226697
1.61829375
1.20816553
0.85957366
1.56762210
1.68089659
1.11618174
1.80409327
1.08769001
1.82567323
1.10671728
0.81928135
1.16484918
1.73353164
1.34538248
1.50871805
1.08121952
1.45611201
1.69110871
2.28337883
1.81670621
0.90666551
1.61882273
1.69209589
0.48145903
0.67851793
1.79252335
1.13281217
1.61286392
1.92820530
0.88665877
1.57600998
0.80127703
1.18629483
2.71289139
1.11787607
1.39328833
1.90648867
1.19643991
1.33266004
2.80979841
1.30060077
1.65007252
2.48732647
1.49834092
0.75661125
2.19329347
3.23422402
0.85347652
1.21888733
0.86041531
1.90473212
1.25122366
1.29550595
2.39621911
1.10371759
1.78756761
1.12423237
1.50160816
1.24688748
1.44745272
1.41118239
1.19946788
0.74318503
0.27801071
1.22301059
1.53722902
2.15766168
1.20367201
2.14669899
0.74651873
2.02269609
1.32445196
0.87514518
1.26110719
1.37632872
1.58074916
3.09792579
0.91263818
1.31034625
1.54502162
2.14534351
1.34583343
1.59576637
2.08582328
0.68762514
1.67654473
2.49518443
1.49253836
0.22737321
3.39123909
0.37324013
1.56378293
0.62406322
1.43286704
2.00788136
0.77765577
1.85821352
0.40145788
0.66256501
1.51895827
0.73062789
1.72375980
1.61985016
1.66493861
1.78563237
1.61457744
1.88535273
2.23001667
1.18555203
1.57063745
2.79340843
1.57453524
1.92843561
2.54453447
3.27896597
1.59800080
0.96157592
1.39597202
1.09557679
3.39960229
0.96857648
1.51945230
1.99046134
0.42769969
1.10506792
2.65553734
1.71229810
1.52356184
0.74317890
2.01027937
0.89243995
1.64710125
0.75824788
0.96462805
3.34052570
3.11351852
0.66256350
0.25831275
1.32659326
0.29983427
1.21304097
1.31729914
1.26759487
1.54803166
0.96922224
2.76783490
1.32880790
1.40424794
1.61242897
2.49487342
1.17441086
2.16164264
1.06906487
2.18354194
1.03353991
1.66023762
2.27968052
2.80852482
1.54247552
0.58157329
2.29276026
1.16124948
1.67217513
1.37404309
1.57700618
0.99591704
1.12153719
1.67436141
1.14413251
0.98338390
1.25919277
1.74149498
3.49284798
0.70880151
0.47119256
1.94899160
1.46713497
2.19806144
1.55584396
1.52201690
1.04833564
0.82353714
2.48759958
1.96650285
2.03053835
1.13775998
0.48296138
2.02591414
1.15043070
1.53327899
2.48005752
1.08980836
0.83136427
0.97306248
1.27968213
1.73354316
2.61931569
0.47404725
0.82160996
0.91306947
0.73673542
3.53514572
0.82024005
2.22363332
2.06977277
1.34226508
0.71412894
1.54848082
1.08820729
2.01522859
2.25478056
3.16342008
1.17621581
0.93326963
3.62068703
0.42174383
1.29877142
1.26241536
1.84677278
1.77149814
0.69571458
2.45550660
1.75047925
0.86381923
1.81162795
0.85139392
0.81948032
2.32514635
1.16104552
1.88359915
1.54927723
1.56452413
1.18707853
3.41879958
1.27412223
0.77114428
1.59490496
1.95117741
2.09905502
1.63699227
1.46434907
1.32848628
2.28212635
1.72084282
1.31580072
2.06109398
1.60661836
2.26354688
0.30922337
1.33016046
0.49070968
0.86385510
1.48849317
0.64795636
1.30288856
1.16217563
1.61396013
2.66881082
3.13032018
1.95124590
1.21276792
1.45078067
1.50130570
2.72780580
0.98850399
0.99242435
1.63707683
2.38990585
2.06626332
3.43338890
2.47615796
0.99487700
0.69108907
1.55386260
3.09463364
1.16746010
1.81273037
2.72036350
1.95408096
1.11883468
1.77223185
1.13517857
1.77017662
2.08783530
3.05312109
1.16307232
1.40756204
2.28371483
3.05573422
1.45882783
2.35123893
1.29497480
1.95530675
1.87578663
1.79660241
1.49388400
2.00483340
1.31532619
1.86312103
1.95038008
1.68129739
1.67933138
1.54020344
2.81419181
0.80458982
2.33056202
0.17970170
0.88742006
3.12272926
1.80242811
1.76084905
1.37642659
1.79362636
1.92180013
0.73377297
1.05558249
2.32548593
1.50036935
1.57963890
0.91465549
1.98484563
1.33243794
2.06631754
2.67473179
1.43346838
2.65544494
1.49147095
0.68196335
1.54418711
1.60123224
2.02590871
1.30545355
0.79387780
1.67979985
1.85956777
1.86925297
0.83580934
2.20102841
0.34481861
1.97109150
1.34851062
1.04114569
2.64097969
1.32703950
2.43244689
1.12548582
1.09961999
1.76024313
2.49541688
1.76799644
0.97278521
1.57834490
0.75604725
0.47747272
0.76647637
0.41190462
2.18309126
1.02994167
0.49878678
2.09775677
2.76552182
2.64800335
1.93541689
1.34578706
1.34189409
1.27912269
0.92383602
0.79937134
2.45951035
1.14379116
2.39215927
0.91454886
1.86814007
1.48808235
2.06991717
1.76605226
3.09526506
3.13291792
1.52191077
1.35304206
1.55819092
0.83006621
3.14060570
1.76199523
1.72935553
1.46934655
2.61766700
2.62135123
1.14721159
3.11246087
1.77972983
1.26658491
1.26803680
2.24013551
0.18592326
0.71369275
1.07717435
1.06554237
1.08780665
0.89896311
1.38494337
1.56404975
2.97772000
1.25700679
1.48981931
2.92151346
1.12385770
1.85973044
0.77494927
1.55116935
1.68549458
1.40174531
1.62004186
1.56792573
0.72645279
0.69286877
1.83054076
1.85398207
0.63284572
2.21862938
0.81480712
1.92370139
2.42468845
1.43657645
0.76624216
1.63537837
1.88264310
1.21437059
2.33544176
0.60109990
1.02148899
0.80894775
1.21785229
0.99071351
1.12739572
1.41845922
2.05251198
1.17072047
0.44245711
1.77421876
1.98328568
1.32956471
1.39676197
2.51599722
1.62997974
0.97321871
0.83582342
1.57702948
0.96052473
2.52692652
2.13940716
2.79145648
1.79439222
0.32049520
2.42955133
1.54539404
1.47696078
1.09939912
0.84877221
0.91077988
2.18301708
1.86110470
1.79266979
2.56738290
1.78673663
0.38132848
0.59799325
1.20701563
1.90679925
1.24643009
1.02028083
2.37204893
1.32155503
1.26990954
3.45868249
0.84115583
1.61583317
3.02947162
1.59765313
2.43292595
1.24450767
1.63029991
1.33308414
2.03450751
1.58262116
0.43941098
2.42933251
1.02062074
1.56151539
0.83596203
2.35279811
1.63997167
1.19408560
1.31716809
1.15367306
1.36186377
2.54282294
1.60291967
2.01946307
1.34682226
2.18349284
1.55206666
2.45853884
1.02869868
2.77984180
0.81211269
0.69066203
1.40281330
0.87623800
1.63957816
2.40002673
1.19264098
0.57762646
1.89239249
1.91073196
0.97602450
0.75761347
1.38233191
1.83485119
0.90013300
2.49697273
0.51956007
1.51240265
2.85355116
1.05392119
2.23031181
1.14031986
2.38211122
1.20217299
2.59053283
0.97027793
1.61276748
1.30681783
2.18569815
1.10410747
0.75972381
2.06416316
1.81741646
0.45003471
0.76991950
1.69912917
2.28170124
1.24043855
1.52486318
0.84478763
2.01879333
2.67126352
1.01261234
0.58768942
2.25929391
1.10464108
1.43736815
1.90041424
0.95977532
1.50472224
1.38487717
1.17578040
1.80455106
1.30225323
1.27876185
1.60335383
1.17837059
1.68189959
0.86505118
0.85483105
2.33762366
0.53229524
1.34322007
1.83079219
0.75232547
1.25197911
1.82763096
1.37765070
1.16951998
1.03411449
0.42486059
2.03259775
0.91102638
1.49523963
1.83624400
0.48517251
1.29985375
1.77240151
1.14815366
2.13649080
1.99672810
1.25635100
1.76049524
1.44662705
2.04674552
3.38736035
1.66978596
1.17378167
1.31053639
0.99522661
2.21902181
1.71138404
2.18336876
1.83364899
0.67286733
0.71746547
2.37812297
1.48876877
1.93750207
1.69003577
1.44973726
1.50729642
1.11862691
2.05959183
2.64390503
2.07131697
2.10749177
1.01395659
0.98856345
0.80557344
0.61310964
1.63158840
1.62456597
0.88884653
1.16133700
1.72764153
3.06112462
1.18430408
0.55270037
1.30273531
1.99143865
0.75088822
1.36692735
1.74510652
3.38678126
1.23396341
0.21595735
2.59569071
1.67910782
1.21091768
0.87158298
1.89255057
2.53975759
1.01167674
2.90789032
1.94050597
1.99633620
0.91580845
2.87280026
1.79937612
1.09662236
1.80902423
0.61952645
0.64805883
1.32558477
1.19666764
1.14145104
3.05979327
1.82252672
1.22240025
2.26522375
2.05153835
3.03556196
1.15274912
3.19665194
1.04514424
2.01169367
0.55096029
1.47120482
1.10133227
1.25788098
2.04166324
0.86471020
1.55350823
1.51764407
1.53612718
1.56259903
0.80205166
1.46713558
2.16517754
2.67138762
2.39844008
1.48001406
1.96160475
2.15632293
1.62907111
0.47767838
1.24360114
0.32491439
1.83382169
2.50127248
2.31428031
1.04954267
0.43110578
1.17785189
1.59706942
1.05416180
1.48687387
1.62049027
2.45788863
1.37676785
0.72706535
3.34520081
0.44895873
1.77737914
2.66117931
1.41876380
2.70132492
1.34087569
1.74370572
2.35049531
1.38266122
1.94436236
1.52143823
2.10117912
2.88382017
1.55663420
1.81498238
1.77788307
2.25132227
1.01371557
0.88656965
1.19170383
1.60113140
1.63987578
1.20331543
2.22924625
1.59755716
1.44809509
2.67179108
1.63239583
1.33926714
1.86104810
1.25449960
1.30476578
2.50472250
2.27731226
1.15615930
1.04097542
2.57679424
0.99713329
0.83561703
2.41672427
2.14381269
1.75718154
2.05108008
2.35915246
0.61735028
1.62240535
2.34571918
1.15764454
2.27152866
1.24214054
2.97497577
1.16877953
0.95287465
0.75213588
2.18337819
1.20666069
0.86773746
1.52650681
2.00022890
1.73844302
1.81544040
0.28462561
2.04034040
2.84392761
1.39460306
1.57573136
2.75199658
2.40508532
1.19895657
0.98662127
2.73089139
1.63086326
1.29261904
0.65371720
1.05818075
1.09583008
0.73847349
1.12657251
0.94904627
2.32659627
2.40251213
1.92876531
0.75370247
1.38037599
3.53583386
1.61178146
1.40066145
2.08400655
1.17210580
0.54271338
2.83768236
1.21749846
2.01180925
2.23965613
1.16059187
1.59200999
1.52153503
3.09997425
1.55509964
1.60905319
1.39849690
1.74807437
1.70175550
3.58628302
1.56703678
1.65793531
2.19561329
2.45423464
1.91377986
2.32846337
2.74904266
2.10163363
1.00617424
1.88246702
0.81499278
0.69646168
1.62309430
0.82779160
0.50829734
1.35129912
1.49943480
0.93388686
0.96676163
1.25200405
0.81441241
2.01391641
1.93827805
1.62270808
1.51201763
2.10905987
1.78847635
2.10423194
1.57157680
2.44802430
0.95745104
1.76513585
1.61640778
2.68345672
1.20238536
2.63285302
1.41373890
2.24988486
0.93287377
0.38594241
2.12693088
1.41056097
1.21314573
1.76157719
1.60239249
1.19857441
2.51684215
0.33282825
0.66735422
0.59636024
1.56664720
1.56964654
1.84334360
1.92575610
0.75136754
1.17220612
0.81028668
1.68105828
1.24678693
1.74915436
2.33375557
1.02670513
1.39949141
2.30171816
1.00364522
1.23127754
1.71408133
0.77627853
1.16983786
3.30454876
1.32497445
1.27600117
3.47520402
1.15991979
1.16480389
1.41160909
0.87271711
0.84782850
1.32409949
1.46045821
0.78571806
2.66034598
1.85385538
1.11291817
2.21005679
1.62328952
0.97986709
1.05320021
0.79581035
1.48042254
1.30774521
0.91102472
1.62170110
1.43786493
1.74982646
1.77565537
1.65807902
2.78412638
1.59284796
1.71191708
1.97108963
2.02163788
1.57295014
1.54875953
3.13018205
1.34218663
1.87510527
2.37554593
0.93992250
2.36208555
1.07832075
1.89423218
1.01852986
1.21062231
2.37186780
0.96010863
1.75039545
2.23321743
3.39073743
1.07655974
0.84911543
2.36901807
1.32650528
1.56002777
0.94577619
2.43779060
1.57005135
1.43161785
1.51667778
2.51521234
2.35890743
1.59325562
1.67976873
1.60423361
2.63556573
