0.99160698
0.99545662
0.99635835
0.99911867
0.99910250
0.99793074
0.99665892
0.99918157
0.99904514
0.99934251
0.99969457
0.99916203
0.99701877
0.99820812
0.99040431
0.99739782
0.99971284
0.99819782
0.99912101
0.99954950
0.99706446
0.99809322
0.99905611
0.99805138
0.99887761
0.99891416
0.99922652
0.99869713
0.99938074
0.99965572
0.99671995
0.99986177
0.99621836
0.99930595
0.99807667
0.99794859
0.99709130
0.99834240
0.99620580
0.99867234
0.99739736
0.99906710
0.99982297
0.99941092
0.99909244
0.99658059
0.99731685
0.99887692
0.99737282
0.99989564
0.99962928
0.99572836
0.99844243
0.99826077
0.99982153
0.99805307
0.99618865
0.99800924
0.99936305
0.99889966
0.99867923
0.99931264
0.99902956
0.99684670
0.99931179
0.99772266
0.99823874
0.99868391
0.99887152
0.99930376
0.99909840
0.99600159
0.99934817
0.99873250
0.99781894
0.99845597
0.99968779
0.99900919
0.99778234
0.99966481
0.99722953
0.99692955
0.99775816
0.99983816
0.99864083
0.99691778
0.99735013
0.99796690
0.99900073
0.99954786
0.99942734
0.99854554
0.99794928
0.99838932
0.99526950
0.99873427
0.99403108
0.99932118
0.99747884
0.99994669
0.99367861
0.99979322
0.99663035
0.99907111
0.99808258
0.99961013
0.98868876
0.99910133
0.99961569
0.99630483
0.99871312
0.99889188
0.99947131
0.99925502
0.99978866
0.99973265
0.99851630
0.99915457
0.99794317
0.99828594
0.99916642
0.99412456
0.99953743
0.99772707
0.99993397
0.99859215
0.99601030
0.99727398
0.99995346
0.99607044
0.99517860
0.99660320
0.99793881
0.99872215
0.99979546
0.99977198
0.99961329
0.99768031
0.99946671
0.99921749
0.99650270
0.99907297
0.99806271
0.99738047
0.99843007
0.99900694
0.99824064
0.99922854
0.99696456
0.99835747
0.99934307
0.99901823
0.99869101
0.99893652
0.99683615
0.99849855
0.99876949
0.99911195
0.99791991
0.99342289
0.99787919
0.99970135
0.99788628
0.99859775
0.99629790
0.99736224
0.99733908
0.99890593
0.99677524
0.99970355
0.99649237
0.99926561
0.99915564
0.99784991
0.99740933
0.99821767
0.99576696
0.99933539
0.99845861
0.99919549
0.99896177
0.99958016
0.99578027
0.99753876
0.99902025
0.99802029
0.99882114
0.99984827
0.99922167
0.99587977
0.99206148
0.99645584
0.99548924
0.99822842
0.99876058
0.99679273
0.99390987
0.99824033
0.99664138
0.99918610
0.99958710
0.99943061
0.99577209
0.99674281
0.99984542
0.99811477
0.99909993
0.99937434
0.99886590
0.99824125
0.99832566
0.99911303
0.99911925
0.99676008
0.99924843
0.99686072
0.99736153
0.99617058
0.99790077
0.99970370
0.99974854
0.99941495
0.99942897
0.99922693
0.99623332
0.99868043
0.99275338
0.99674137
0.99571059
0.99507323
0.99951330
0.99731783
0.99626160
0.99869728
0.99919350
0.99970483
0.99955673
0.99969775
0.99918204
0.99570121
0.99215711
0.99792707
0.99662939
0.99797084
0.99744176
0.99484156
0.99938244
0.99828472
0.99772843
0.99195967
0.99851590
0.99931531
0.99909675
0.99926620
0.99936143
0.99739042
0.98655010
0.99922234
0.99932006
0.99943148
0.99894936
0.99770728
0.99743502
0.99930060
0.99752208
0.99973593
0.99757291
0.99988546
0.99497623
0.99725016
0.99972249
0.99940788
0.99720881
0.99910437
0.99844101
0.99802175
0.99701386
0.99899817
0.99883742
0.99713825
0.99563611
0.99967017
0.99796225
0.99819919
0.99978825
0.99681217
0.99648017
0.99892481
0.99940438
0.99678396
0.99880846
0.99786521
0.99975733
0.99938819
0.99511984
0.99753009
0.99951368
0.99720168
0.99461598
0.99835545
0.99917500
0.99382275
0.99736521
0.99911286
0.99820994
0.99971655
0.99850501
0.99876889
0.99713115
0.99912869
0.99903925
0.99437749
0.99973184
0.99968248
0.99988810
0.99573335
0.99295289
0.99812764
0.99671066
0.99698281
0.99852738
0.99995144
0.99947245
0.99706673
0.99732374
0.99553298
0.99750818
0.99936458
0.99650233
0.99715324
0.99890527
0.99973281
0.99360766
0.99910247
0.99899542
0.99834311
0.99556118
0.99580203
0.99956678
0.99842118
0.99668957
0.99913799
0.99823782
0.99818416
0.99939624
0.99047859
0.99674411
0.99024460
0.99821051
0.99976656
0.99601310
0.99922305
0.99780039
0.99932551
0.99851811
0.99542750
0.99882932
0.99840170
0.99538256
0.99221656
0.99753173
0.99922102
0.99980801
0.99888942
0.99634200
0.99961818
0.99969056
0.99604781
0.99892106
0.99762543
0.99930937
0.99791933
0.99963254
0.99892645
0.99782391
0.99880715
0.99995236
0.99506239
0.99753284
0.99936097
0.99899011
0.99714724
0.99866601
0.99892185
0.99482682
0.99656204
0.99747913
0.99717905
0.99565530
0.99916873
0.99568927
0.99955152
0.99956787
0.99950049
0.99947354
0.99985111
0.99677627
0.99770485
0.99664189
0.99864077
0.99993788
0.99511248
0.99818229
0.99749690
0.99520632
0.99656027
0.99582775
0.99617926
0.99758451
0.99798786
0.99768851
0.99966001
0.99924381
0.99805370
0.99932831
0.99874970
0.99692833
0.99228686
0.99495314
0.99485885
0.99949305
0.99857196
0.99932670
0.99999720
0.99816001
0.99681035
0.99835489
0.99654314
0.99977774
0.99952648
0.99915591
0.99876574
0.99964417
0.99929222
0.99672194
0.99850485
0.99810242
0.99627450
0.99900289
0.99991803
0.99866512
0.99937553
0.99943932
0.99899746
0.99842466
0.99837695
0.99973306
0.99900961
0.99841485
0.99559488
0.99957984
0.99885835
0.99790592
0.99434471
0.99973211
0.99648379
0.99958697
0.99526027
0.99850938
0.99830100
0.99812435
0.99883532
0.99457460
0.99891147
0.99375268
0.99802618
0.99620702
0.99981394
0.99878935
0.99993508
0.99991026
0.99701994
0.99869474
0.99684780
0.99878201
0.99925026
0.99793634
0.99790653
0.99684082
0.99549101
0.99864738
0.99869325
0.99765085
0.99867413
0.99505790
0.99639366
0.99912919
0.99840846
0.99589188
0.99753085
0.99859148
0.99956160
0.99955662
0.99521303
0.99959944
0.99457003
0.99838596
0.99681402
0.99603572
0.99880349
0.99802450
0.99898955
0.99951276
0.99845808
0.99684388
0.99757312
0.99540534
0.99684282
0.99877794
0.99683202
0.99796569
0.99767146
0.99980889
0.99628087
0.99903585
0.99854092
0.99865299
0.99881572
0.99804044
0.99945233
0.99738311
0.99865699
0.99828935
0.99798668
0.99960633
0.99761842
0.99850724
0.99783257
0.99964484
0.99359176
0.99268883
0.99805307
0.99772687
0.99575094
0.99848032
0.99923458
0.99717504
0.99654366
0.99861352
0.99967940
0.99927147
0.99972360
0.99636048
0.99917806
0.99860126
0.99879083
0.99780812
0.99944110
0.99966382
0.99647053
0.99720832
0.99644959
0.99713629
0.99858897
0.99750019
0.99621139
0.99826410
0.99641529
0.99927628
0.99267720
0.99947667
0.99936510
0.99832326
0.99733010
0.99947253
0.99779373
0.99290214
0.99944909
0.99902665
0.99977278
0.99946736
0.99797634
0.99986549
0.99665724
0.99880300
0.99986977
0.99908809
0.99370986
0.99420081
0.99725611
0.99802875
0.99758265
0.99726336
0.99526112
0.99682666
0.99733360
0.99786891
0.99857853
0.99510617
0.99868704
0.99987672
0.99959812
0.99929275
0.99631546
0.99937368
0.99847444
0.99879641
0.99708458
0.99848140
0.99942584
0.99715945
0.99112823
0.99576338
0.99797334
0.99906195
0.99974194
0.99704770
0.99797713
0.99981577
0.99607484
0.99745031
0.99839756
0.99883701
0.99736826
0.99824359
0.99834402
0.99564787
0.99426723
0.99742226
0.99698054
0.99909277
0.99781969
0.99943460
0.99759754
0.99974119
0.99936192
0.99543246
0.99915452
0.99698370
0.99833061
0.99830774
0.99570765
0.99877922
0.99929843
0.99932539
0.99715323
0.99805750
0.99302809
0.99765291
0.99502431
0.99743390
0.99844980
0.99577003
0.99787220
0.99915769
0.99840844
0.99892339
0.99891391
0.99771688
0.99772087
0.99837966
0.99590272
0.99546526
0.99531668
0.99817933
0.99490045
0.99826000
0.99287463
0.99767245
0.99807900
0.99918539
0.99994317
0.99866213
0.99100123
0.99731088
0.99882739
0.99617040
0.99135680
0.99734876
0.99985216
0.99854447
0.99907709
0.99905794
0.99554401
0.99899839
0.99748982
0.99818599
0.99741107
0.99638965
0.99955210
0.99661697
0.99931741
0.99608016
0.99812004
0.99453966
0.99732094
0.99711191
0.99922327
0.99552262
0.99773814
0.99778499
0.99846122
0.99717600
0.99386552
0.99929961
0.99925838
0.99689475
0.99895988
0.99492489
0.99960164
0.99837251
0.99806047
0.99859540
0.99606555
0.99970173
0.99912914
0.99847290
0.99849730
0.99893432
0.99880269
0.99521476
0.99918265
0.99730123
0.99631679
0.99794351
0.99895422
0.99980789
0.99649267
0.99895279
0.99568155
0.99821041
0.99965727
0.99953467
0.99838828
0.99901245
0.99564598
0.99938993
0.99204506
0.99885801
0.99782146
0.99395069
0.99922618
0.99477544
0.99947760
0.99547428
0.99891615
0.99672014
0.99982822
0.99967492
0.99956154
0.99829581
0.99862016
0.99829955
0.99733124
0.99736480
0.99887033
0.99920638
0.99766368
0.99596439
0.99887014
0.99607204
0.99943324
0.99413295
0.99968917
0.99972676
0.99993536
0.99646241
0.99851590
0.99867057
0.99645155
0.99946030
0.99649220
0.99949985
0.99935675
0.99884179
0.99565529
0.99883993
0.99879799
0.99989008
0.99983901
0.99970700
0.99901385
0.99907633
0.99604419
0.99963520
0.99750605
0.99863928
0.99764356
0.99909195
0.99820045
0.99704773
0.99898563
0.99668695
0.99795731
0.99688504
0.99825315
0.99390930
0.99637161
0.99915908
0.99810598
0.99896885
0.99953847
0.99381179
0.99803518
0.99856042
0.99804950
0.99684378
0.99921863
0.99740951
0.99960831
0.99123844
0.99744164
0.99906953
0.99763131
0.99833242
0.99861754
0.99850096
0.99976964
0.99880745
0.99361016
0.99822066
0.99959840
0.99674303
0.99847502
0.99738009
0.99878884
0.99913644
0.99556843
0.99709127
0.99835388
0.98967459
0.99569591
0.99594161
0.99704815
0.99765247
0.99659024
0.99506459
0.99907586
0.99835194
0.99425379
0.99839655
0.99081447
0.99683390
0.99648622
0.99695680
0.99519961
0.99946694
0.99835100
0.99438044
0.99479560
0.99529315
0.99813170
0.99271217
0.99909810
0.99864071
0.99996696
0.99878611
0.99806446
0.99718425
0.99884311
0.99731155
0.99901518
0.99804511
0.99941319
0.99733496
0.99825773
0.99759020
0.99810645
0.99483750
0.99873472
0.99532996
0.99340948
0.99880963
0.99438276
0.99876764
0.99984865
0.99490542
0.99709812
0.99951019
0.99889589
0.99690034
0.99856713
0.99797962
0.99709627
0.99653342
0.99905911
0.99707957
0.99884307
0.99935903
0.99851451
0.98491975
0.99597163
0.99804375
0.99760385
0.99904838
0.99737767
0.99561353
0.99806442
0.99675042
0.99778829
0.99697406
0.99968179
0.98885436
0.99734847
0.99902908
0.99975554
0.99630068
0.99884122
0.99952260
0.99950271
0.99419957
0.99512714
0.99606780
0.99930066
0.99942784
0.99988638
0.99863290
0.99136207
0.99664109
0.99912939
0.99756817
0.99823547
0.99716852
0.99623613
0.99592677
0.99874297
0.99941551
0.99464844
0.99493393
0.99922459
0.99888418
0.99885061
0.99780427
0.99562324
0.99546268
0.99927405
0.99578420
0.99828433
0.99640201
0.99948096
0.99708739
0.99855186
0.99757560
0.99864721
0.99935855
0.99893893
0.99974302
0.99744272
0.99775937
0.99913050
0.99759953
0.99829235
0.99516920
0.99737317
0.99893044
0.99874626
0.99818890
0.99758556
0.99814591
0.99890064
0.99187637
0.99922750
0.99612196
0.99291744
0.99131535
0.99422487
0.99918994
0.99778143
0.99388749
0.98693410
0.99836506
0.99962482
0.99956149
0.99680274
0.99277300
0.99947886
0.99873225
0.99783684
0.98999108
0.99476164
0.99831059
0.99278717
0.98819779
0.99821826
0.99659561
0.98713041
0.99378904
0.98621370
0.98753675
0.99620249
0.98404548
0.99151381
0.98429738
0.99713377
0.99826353
0.98881681
0.99566986
0.99039615
0.99118864
0.99578248
0.99356105
0.99297704
0.98700717
0.99551845
0.98674832
0.97972797
0.98314276
0.99003257
0.97662834
0.99019595
0.98478615
0.99015243
0.98675134
0.98744636
0.98327192
0.99701181
0.97543535
0.98998375
0.96857858
0.98180828
0.99099497
0.98996777
0.98858905
0.97605705
0.98840052
0.98219555
0.96155182
0.98478466
0.96959734
0.95735089
0.98083768
0.98048447
0.97370220
0.98639485
0.99093636
0.97041067
0.98144428
0.99002383
0.98620512
0.98271673
0.96863138
0.98344691
0.97828008
0.96231990
0.97077249
0.97654306
0.97684801
0.96648321
0.95889497
0.96104673
0.97234555
0.97164906
0.95740208
0.96919604
0.97519366
0.96033917
0.96445131
0.97299388
0.96332636
0.97284354
0.95692971
0.93894108
0.95427557
0.94772383
0.96722806
0.96446551
0.95398909
0.96789379
0.96849432
0.96058879
0.93227048
0.96166826
0.96366937
0.95946584
0.91433617
0.92029791
0.91230024
0.92765270
0.93622164
0.93900277
0.95553362
0.94107754
0.90729101
0.94931802
0.93449574
0.90092233
0.87886306
0.90694757
0.92634032
0.93974429
0.90111338
0.91342236
0.92275037
0.92734321
0.89674606
0.89768911
0.89244663
0.93132473
0.90913681
0.88040694
0.90343279
0.86927343
0.90141983
0.90474012
0.91345135
0.87650542
0.88784136
0.91076008
0.91807046
0.86419574
0.90420969
0.90859491
0.87229623
0.87831764
0.84669769
0.87584217
0.87460488
0.87453252
0.83660742
0.85959807
0.89057096
0.87307619
0.88841277
0.86739053
0.83063301
0.86473290
0.85780103
0.82548943
0.82500477
0.85137332
0.86822475
0.84553990
0.86336204
0.88865847
0.81982179
0.80410448
0.79271317
0.86932468
0.78738569
0.87515380
0.80525146
0.78479621
0.83063293
0.79474701
0.82314614
0.79839573
0.77694455
0.83152792
0.80608124
0.80582463
0.77502159
0.81063984
0.84492925
0.75311129
0.74801707
0.76587093
0.78833039
0.82966841
0.75034646
0.81359969
0.76274089
0.78233255
0.69217437
0.75820701
0.76935257
0.77985732
0.78269808
0.79940179
0.78580250
0.75568387
0.72839970
0.75315472
0.78351827
0.79898292
0.74546997
0.70711338
0.74490311
0.71556639
0.70712542
0.72015112
0.71245685
0.68776155
0.69131375
0.75171787
0.69458736
0.65265299
0.73719216
0.70000549
0.66368043
0.70982330
0.65229457
0.74921322
0.68852341
0.67836036
0.65918418
0.69008639
0.66314434
0.66960952
0.63826550
0.72763285
0.65366998
0.69242673
0.60539005
0.64972614
0.66663516
0.67180638
0.66156556
0.67740405
0.65583639
0.63263722
0.62567183
0.60734838
0.61852415
0.66765904
0.62924973
0.59412837
0.63096813
0.62848930
0.61992436
0.61323037
0.60386940
0.61987659
0.60759248
0.55018798
0.60168686
0.55364578
0.55783106
0.60602592
0.57993926
0.59905284
0.56621319
0.56930030
0.55750231
0.57271664
0.54741619
0.56784105
0.56663520
0.60797160
0.56592221
0.57630325
0.52718863
0.53631197
0.54443403
0.60093862
0.51069403
0.56204098
0.53363107
0.53022606
0.52213758
0.54873222
0.50214587
0.51895355
0.55499732
0.51687047
0.48134116
0.45950453
0.51254123
0.45075936
0.46942126
0.51308674
0.47745178
0.51188270
0.48285309
0.45318418
0.49072523
0.52729545
0.46411080
0.42064645
0.43719273
0.48720866
0.47875621
0.42007764
0.48952766
0.42772872
0.46965539
0.45981191
0.48161283
0.43142300
0.37765504
0.43257680
0.43006342
0.41146778
0.44367677
0.44363152
0.40616536
0.42994557
0.37493190
0.37430366
0.42723151
0.36426799
0.41964501
0.42771131
0.39619684
0.39368759
0.38543714
0.40201779
0.40186400
0.35326043
0.37849201
0.35880230
0.37443292
0.36095792
0.40146675
0.40747431
0.36483350
0.39764182
0.33873523
0.36560947
0.34568423
0.35371473
0.41061643
0.34309435
0.37587397
0.33579325
0.35353247
0.29894153
0.32399943
0.36244085
0.33054540
0.31430180
0.33767297
0.31763486
0.29158163
0.29537674
0.31441473
0.31847014
0.27914943
0.30387280
0.33113180
0.28210304
0.33048702
0.32552963
0.28782039
0.26759427
0.28012401
0.29319490
0.28580238
0.29135710
0.30593256
0.29965541
0.28728990
0.25100748
0.31363888
0.26790195
0.28184807
0.25189098
0.29280073
0.26509069
0.27110050
0.25378864
0.26449437
0.26673638
0.24734249
0.27109478
0.23857404
0.27129687
0.27529178
0.25934684
0.22907169
0.21205342
0.23952217
0.24859825
0.19724145
0.27578202
0.23653362
0.23618076
0.24377428
0.22966859
0.26870962
0.24076667
0.26817256
0.22353143
0.24335826
0.23884358
0.23654443
0.21064198
0.19656273
0.20370342
0.20197887
0.21273871
0.21896819
0.22923412
0.20794716
0.18745404
0.23165579
0.19923873
0.22088019
0.21823135
0.20462430
0.22287965
0.20023680
0.18046185
0.19646782
0.19818083
0.20002839
0.21349493
0.17238758
0.16462158
0.17277243
0.15206854
0.16746577
0.17302001
0.20003572
0.20132061
0.20223399
0.17525024
0.16750833
0.15942249
0.17853520
0.16198468
0.16915593
0.20136499
0.15879430
0.16353796
0.16923984
0.17121951
0.14763111
0.15244138
0.17383463
0.15198223
0.16076516
0.15639742
0.16247581
0.15970988
0.14527118
0.14824569
0.14636606
0.14233959
0.14084687
0.19236913
0.15735076
0.15089381
0.16549443
0.15125413
0.13170751
0.12887304
0.13420256
0.16021439
0.15286676
0.13173206
0.15626420
0.12852165
0.13563761
0.13673215
0.13039516
0.13966480
0.15625816
0.14389755
0.14142514
0.16226842
0.11913673
0.14202927
0.16115023
0.12382960
0.13793524
0.13331046
0.13798313
0.11714574
0.13415724
0.12204116
0.13987712
0.12298503
0.12617718
0.13431763
0.09705037
0.12841520
0.12929353
0.10867498
0.10521223
0.12931152
0.11774017
0.13385486
0.12681348
0.11105957
0.11845750
0.12431391
0.11797622
0.13353443
0.12216910
0.10158560
0.12219084
0.09998182
0.11833854
0.10162586
0.12693418
0.13078934
0.11731663
0.12235779
0.12023425
0.12787054
0.12535412
0.11369224
0.09892160
0.10784403
0.10856880
0.10929241
0.13084702
0.10496258
0.11318016
0.12570121
0.09302478
0.10141524
0.11474630
0.09948044
0.09467230
0.11227652
0.09833744
0.12682927
0.12114472
0.11015938
0.11375954
0.09852982
0.10525595
0.08234389
0.10205627
0.10412778
0.09541226
0.11556242
0.10598337
0.09803781
0.10801171
0.10995869
0.10830289
0.09825257
0.10571031
0.09622294
0.10868960
0.08530719
0.09061677
0.09555107
0.09599072
0.09972009
0.09408813
0.09199462
0.10905398
0.09486216
0.10367258
0.10291679
0.10558223
0.10179664
0.10269934
0.11853784
0.08277392
0.09321374
0.09971808
0.09327818
0.08710530
0.09008050
0.10094778
0.09494405
0.08165011
0.08685190
0.10139851
0.08940227
0.09756350
0.10132915
0.09517554
0.08790005
0.09090434
0.10007486
0.09697046
0.10135861
0.10248464
0.09800214
0.10171810
0.11152104
0.08864188
0.09218486
0.08112551
0.09639875
0.11030963
0.08528038
0.09697587
0.09816240
0.09800968
0.10969219
0.09037389
0.12887173
0.10869597
0.08283931
0.09938263
0.09993332
0.10275023
0.09250966
0.10233734
0.10664564
0.08412907
0.10387981
0.09874425
0.10120596
0.10957621
0.09958942
0.10390771
0.09118229
0.11749231
0.11284558
0.11982588
0.10945861
0.11385504
0.10479832
0.11965941
0.11524662
0.10963946
0.11798921
0.12301182
0.12734452
0.13576090
0.11920953
0.13558620
0.11085570
0.13119694
0.12090154
0.11953387
0.12810583
0.11701794
0.11608518
0.12537313
0.13847918
0.14768711
0.15154918
0.13939874
0.14694563
0.12599066
0.13455864
0.14076826
0.13807972
0.14442781
0.14566655
0.14494097
0.14472070
0.14542661
0.14311793
0.17314786
0.16157322
0.12871684
0.16595072
0.17310656
0.15911094
0.16530612
0.16693688
0.22080798
0.17286862
0.16795490
0.16270388
0.19971662
0.20465218
0.19418350
0.18940219
0.20474759
0.22897295
0.18614583
0.21307612
0.23074833
0.21303371
0.20229298
0.18718068
0.22996889
0.20011422
0.28340937
0.21428220
0.22795218
0.20061330
0.24346124
0.24647447
0.21333380
0.22300285
0.25977542
0.23511112
0.24705026
0.26366055
0.27180829
0.26584274
0.26469696
0.30724997
0.24916464
0.24344840
0.26584147
0.25324730
0.26129889
0.26401663
0.30197469
0.29990902
0.29849117
0.31702080
0.30993620
0.27375041
0.30430237
0.34751935
0.29063247
0.32509629
0.33968903
0.31795639
0.36164772
0.34989051
0.31203199
0.33200792
0.35920157
0.32955382
0.35575874
0.36825617
0.37757834
0.42705546
0.39161046
0.41892527
0.40391059
0.39953883
0.38559047
0.44362074
0.42472584
0.44433922
0.40476953
0.36695345
0.45979938
0.46915067
0.42521095
0.42046694
0.49735000
0.43858269
0.44807996
0.47312254
0.51834298
0.45242067
0.52543920
0.49798643
0.47954678
0.45857727
0.53170075
0.51512965
0.53191232
0.49874652
0.58585283
0.56938862
0.54925782
0.53613166
0.55006004
0.57039004
0.56527008
0.55835715
0.64826084
0.56039881
0.56706500
0.59569040
0.58112579
0.54596845
0.55614277
0.60792363
0.65131025
0.60181033
0.62722109
0.65760146
0.63432441
0.62724963
0.63125286
0.66896650
0.69755128
0.68448918
0.66051562
0.68014394
0.67938231
0.69030454
0.71205303
0.71164647
0.68693867
0.71458643
0.68867395
0.69910193
0.67982571
0.75589070
0.73434032
0.74230265
0.73897831
0.76896372
0.78051989
0.81224352
0.78033459
0.77474289
0.78689354
0.80348293
0.75294499
0.80937248
0.83890487
0.83479246
0.80713669
0.80984344
0.78102625
0.82492679
0.83168907
0.81069502
0.81607576
0.86387953
0.84722321
0.85141961
0.88709690
0.87346662
0.84580302
0.85787911
0.86515298
0.88306593
0.85060208
0.86002193
0.88389178
0.90021346
0.89947275
0.91501066
0.87604888
0.88984417
0.90280286
0.87811706
0.91959963
0.92213209
0.88934198
0.92715115
0.91575771
0.90171937
0.95627856
0.90257233
0.95601289
0.90126230
0.95002597
0.90606460
0.93247440
0.95831409
0.91947154
0.93927258
0.97051229
0.92991000
0.94264340
0.93482994
0.96056964
0.94631667
0.95358100
0.96007291
0.96342026
0.97622359
0.95693653
0.95119954
0.97362728
0.98016757
0.97901019
0.97142364
0.97282841
0.97879595
0.97811816
0.97063248
0.96440674
0.98610256
0.97817508
0.98505091
0.97931587
0.99390718
0.98251028
0.98643501
0.97648728
0.97794388
0.98848453
0.99144449
0.99325520
0.99044953
0.99474947
0.99017943
0.98963582
0.99501078
0.98111213
0.98773928
0.98863642
0.99249151
0.99743693
0.99902701
0.99564795
0.99492388
0.99201455
0.99084978
0.99849082
0.98704193
0.99980358
0.99731369
0.99329638
0.99388920
0.99745628
0.99177793
0.99282868
0.99628917
0.99816541
0.99800384
0.99891754
0.99947300
0.99882656
0.99973080
0.99792232
0.99933409
0.99777847
0.99961143
0.99720337
0.99957047
0.99383522
0.99615391
0.99880467
0.99898972
0.99829708
0.99806774
0.99539146
0.99932845
0.99861088
0.99825542
0.99553178
0.99960817
0.99910672
0.99804550
0.99865591
0.99520812
0.99793845
0.99923673
0.99946609
0.99808250
0.99664802
0.99852314
0.99564151
0.99946884
0.99928656
0.99518511
0.99370001
0.99772271
0.99990141
0.99950984
0.99664317
0.99967832
0.99827813
0.99968186
0.99775436
0.99832600
0.99846289
0.99825722
0.99698610
0.99880855
0.99719711
0.99926509
0.99631351
0.99947361
0.99945880
0.99752293
0.99086086
0.99908361
0.99728940
0.99628983
0.99860116
0.99720301
0.99607517
0.99575205
0.99939266
0.99818980
0.99808403
0.99930948
0.99589346
0.99912632
0.99855797
0.99713009
0.99823018
0.99798314
0.99851725
0.99934286
0.99612502
0.99896771
0.99873154
0.99881442
0.99929164
0.99857688
0.99764255
0.99907043
0.99975927
0.99916969
0.99649377
0.99645800
0.99986507
0.99716894
0.99955623
0.99718208
0.99933563
0.99777478
0.99966925
0.99733366
0.99513899
0.99638060
0.99960708
0.99605703
0.99901726
0.99935565
0.99718770
0.99826339
0.99700384
0.99918821
0.99834245
0.99992653
0.99636830
0.99979124
0.99882049
0.99781709
0.99441358
0.99411397
0.99945665
0.99641972
0.99641564
0.99344966
0.99874874
0.99933048
0.99948631
0.99567725
0.99588536
0.99686737
0.99279830
0.99813386
0.99674024
0.99957113
0.99746492
0.99357021
0.99515896
0.99493353
0.99821432
0.99571855
0.99975964
0.99977635
0.99974317
0.99786387
0.99966436
0.99844466
0.99765323
0.99960218
0.99966119
0.99912804
0.99741674
0.99520748
0.99253782
0.99941755
0.99892056
0.99822477
0.99513085
0.99988442
0.99504804
0.99406889
0.99823103
0.99742904
0.99955053
0.99768073
0.99940121
0.99858418
0.99835967
0.99955124
0.99607461
0.99758158
0.99977496
0.99969960
0.99942314
0.99877583
0.99835431
0.99821508
0.99995929
0.99821979
0.99729729
0.99215767
0.99874306
0.98754675
0.99736909
0.99826103
0.99878441
0.99582644
0.99997334
0.99873984
0.99916791
0.99913361
0.99647402
0.99866042
0.99849070
0.99923989
0.99916909
0.99864821
0.99681791
0.99492099
0.99982172
0.99722158
0.99906286
0.99911352
0.99609667
0.99858345
0.99813004
0.99642728
0.99862904
0.99897578
0.99790275
0.99789665
0.99513275
0.99781617
0.99712962
0.99418991
0.99973751
0.99477189
0.99900303
0.99803850
0.99869658
0.99841545
0.99837773
0.99799814
0.99115394
0.99832518
0.99861419
0.99937738
0.99825826
0.99898639
0.99859882
0.99829255
0.99932998
0.99828972
0.99281255
0.99849361
0.99651047
0.99896441
0.99961930
0.99949567
0.99545628
0.99779095
0.99182914
0.99773707
0.99920449
0.99945047
0.99885131
0.99965934
0.99349223
0.99676133
0.99838875
0.99973536
0.99665718
0.99768725
0.99951602
0.99897990
0.99935001
0.99997642
0.99865655
0.99680395
0.99893856
0.99817257
0.99975565
0.99911049
0.99979716
0.99828096
0.99662542
0.99803145
0.99863121
0.99865367
0.99832172
0.99196499
0.99824859
0.99524558
0.99883822
0.99565758
0.99930794
0.99873459
0.99714701
0.99739243
0.99838130
0.99631339
0.99783490
0.99839969
0.99883397
0.99819148
0.99880482
0.99738456
0.99728416
0.99836388
0.99745199
0.99745595
0.99735346
0.99659128
0.99853377
0.99743581
0.99647046
0.99697605
0.99626043
0.99603858
0.99917807
0.99726275
0.99876058
0.99768645
0.99854257
0.99443640
0.99957751
0.99925177
0.99734892
0.99857086
0.99720312
0.99845368
0.99950615
0.99755233
0.99619797
0.99906239
0.99749377
0.99851169
0.99962433
0.99967026
0.99423115
0.99864730
0.99939392
0.99268712
0.99831192
0.98850997
0.99882267
0.99872557
0.99829775
0.99672354
0.99631342
0.99676428
0.99574507
0.99237107
0.99733705
0.99744612
0.99790089
0.99282621
0.99699668
0.99904139
0.99918825
0.99925284
0.99680429
0.99291304
0.99635369
0.99894471
0.99712683
0.99941980
0.99919067
0.99686873
0.99665461
0.99413475
0.99777860
0.99947698
0.99574791
0.99882703
0.99921044
0.99439410
0.99882172
0.99665343
0.99797817
0.99915303
0.99849607
0.99866879
0.99765541
0.99875506
0.99980776
0.99839378
0.99842002
0.99725652
0.99902066
0.99943056
0.99920731
0.99815992
0.99903803
0.99550831
0.99951655
0.99751589
0.99926561
0.99959890
0.99757075
0.99496408
0.99877748
0.99840535
0.99703144
0.99474176
0.99946189
0.99938184
0.99509262
0.99784488
0.99890263
0.99583918
0.99970562
0.99700662
0.99977993
0.99985095
0.99832249
0.99218351
0.99789399
0.99851301
0.99879569
0.99851480
0.99163258
0.99796286
0.99868953
0.99927458
0.99937836
0.98706143
0.99962419
0.99952485
0.99920376
0.99990034
0.99899810
0.99783146
0.99873011
0.99983772
0.99717012
0.99950980
0.99904778
0.99133983
0.99969810
0.99965605
0.99898609
0.99613916
0.99620835
0.99835700
0.99863764
0.99856552
0.99878904
0.99866095
0.99300495
0.99986807
0.99933856
0.99904930
0.99819704
0.99887639
0.99798217
0.99749565
0.99622819
0.99901568
0.99618614
0.99849882
0.99983856
0.99955040
0.99689544
0.99583898
0.99882661
0.99655056
0.99995856
0.99746746
0.99594296
0.99905265
0.99728207
0.99977056
0.99993305
0.99911942
0.99870464
0.99890976
0.99657842
0.99961117
0.99437858
0.99929695
0.99941014
0.99936042
0.99935899
0.99696485
0.99710880
0.99769725
0.99949966
0.99755896
0.99947978
0.99994703
0.99468996
0.99722222
0.99992394
0.99468170
0.99886963
0.99374463
0.99758547
0.99781765
0.99934764
0.99859232
0.99791530
0.99694423
0.99912057
0.99807221
0.99899927
0.99938091
0.99871691
0.99795024
0.99898650
0.99891578
0.99849757
0.99934079
0.99982177
0.99667096
0.99833644
0.99903484
0.99976477
0.99838518
0.99951099
0.99875829
0.99835877
0.99698634
0.99386542
0.99903319
0.99920161
0.99168607
0.99709132
0.99827324
0.99841071
0.99967464
0.99609669
0.99642942
0.99280145
0.99686032
0.99181032
0.99958260
0.99540862
0.99798618
0.99834081
0.99841343
0.99831225
0.99733265
0.99794559
0.99683723
0.99768235
0.99327493
0.99749732
0.99893618
0.99760812
0.99858437
0.99906418
0.99673448
0.99933182
0.99805443
0.99902012
0.98899943
0.99673983
0.99759192
0.99664442
0.99796106
0.99823493
0.99916446
0.99783788
0.99304801
0.98956187
0.99296387
0.99272019
0.99380555
0.99896767
0.99748627
0.99747235
0.99326965
0.99808883
0.99380485
0.99199297
0.99511785
0.99236948
0.98368383
0.99630301
0.98016691
0.97854139
0.99206562
0.98540571
0.99200743
0.99093666
0.98920251
0.99476486
0.99441166
0.99262536
0.99465075
0.98902333
0.98972587
0.99379982
0.99210646
0.98779805
0.99176384
0.98754010
0.98953870
0.98793655
0.99176049
0.98246551
0.99360043
0.97918962
0.98195332
0.99142313
0.98752863
0.97877644
0.98058187
0.98393740
0.98197180
0.99208851
0.96922817
0.98915043
0.97026197
0.98496377
0.96465610
0.98168742
0.96849108
0.99413588
0.97144697
0.97692443
0.93738647
0.97094096
0.97907591
0.96379829
0.97363817
0.95906667
0.95508443
0.97974062
0.96038626
0.94910989
0.96049913
0.97449567
0.96481403
0.96702293
0.95082844
0.96262065
0.95394673
0.96067421
0.98130356
0.94329142
0.93625185
0.95917850
0.94739614
0.96155933
0.93972869
0.93068527
0.95376093
0.93878153
0.93250851
0.94130527
0.87145857
0.95943468
0.96874336
0.92536243
0.94981317
0.93811094
0.92238265
0.93914313
0.92389940
0.91472540
0.93509170
0.92629970
0.91557270
0.90940723
0.91288471
0.94120627
0.91073512
0.91660705
0.87544963
0.89806261
0.90646531
0.92501176
0.88892863
0.88536171
0.90253518
0.93352524
0.86593542
0.89932025
0.86479933
0.89469255
0.89496580
0.86663774
0.86431669
0.87473304
0.87185953
0.81571664
0.84406743
0.86884037
0.85959794
0.86369503
0.88373368
0.85033447
0.85131322
0.88318261
0.83003133
0.81667810
0.89785557
0.84054627
0.85928867
0.83549581
0.81089661
0.86071180
0.84822939
0.82680304
0.85191453
0.83347231
0.81393322
0.79300292
0.80951538
0.79293028
0.80716066
0.82109258
0.79734007
0.79902974
0.82134891
0.81298819
0.80833801
0.79191936
0.80489211
0.76613687
0.78175183
0.74942572
0.77369436
0.77896096
0.74191228
0.74433518
0.77262605
0.74155954
0.77446447
0.74771331
0.75200844
0.79469126
0.74427295
0.72297050
0.68395869
0.73728181
0.75802560
0.72776911
0.74409938
0.69891367
0.68271140
0.69724178
0.77363756
0.72184432
0.71032982
0.68769562
0.68400333
0.73962482
0.71117597
0.69125625
0.67649133
0.68161444
0.66001953
0.66596783
0.68338309
0.66639259
0.66282079
0.66731792
0.65609308
0.66946282
0.62671318
0.65538836
0.64213734
0.63926925
0.57114708
0.64732411
0.61304308
0.61494805
0.64363637
0.60279889
0.65716103
0.61468490
0.61014813
0.63407488
0.62475013
0.54737425
0.58765364
0.60420159
0.61804128
0.60241632
0.61985069
0.57273464
0.53134674
0.54109166
0.56268697
0.56562725
0.55471919
0.52303707
0.56204828
0.60613219
0.51349736
0.52305399
0.55359964
0.50668045
0.54090725
0.53701597
0.51113674
0.47828936
0.48797868
0.49717850
0.51686098
0.53318548
0.48475730
0.47624250
0.48810981
0.52106634
0.45790514
0.51808181
0.45363488
0.48115391
0.47734023
0.46876026
0.48595286
0.46311804
0.43553836
0.45715986
0.45087036
0.45498585
0.41366269
0.40205651
0.43674738
0.44382496
0.41481215
0.40886120
0.38820136
0.38205376
0.39486233
0.40539729
0.39924204
0.41149698
0.38265885
0.36020862
0.42165807
0.33462017
0.39911728
0.36031446
0.35882924
0.40342454
0.35611295
0.39937498
0.38058196
0.38970161
0.37218485
0.34800587
0.33185897
0.35585582
0.34019446
0.31466531
0.32472488
0.35101974
0.33533729
0.35877696
0.31147663
0.29196441
0.31530203
0.34086077
0.30624295
0.30799865
0.31737399
0.33643798
0.32306415
0.32065146
0.28721443
0.29176176
0.26566565
0.28635081
0.29450131
0.29005089
0.28582358
0.23691201
0.24277410
0.25473763
0.28181022
0.22176652
0.28165214
0.25379160
0.25745539
0.29068299
0.25665038
0.28313315
0.25976779
0.24992605
0.23039645
0.24533372
0.23424119
0.22367335
0.24705526
0.22874156
0.23402431
0.25190945
0.20574265
0.22922393
0.21715250
0.21416033
0.21842218
0.22648633
0.21333380
0.20291430
0.18483267
0.23012246
0.17331373
0.19383362
0.17961331
0.18589950
0.17884605
0.18476853
0.17538409
0.19776407
0.21863544
0.15797629
0.15832496
0.18635758
0.16283946
0.19196394
0.15968799
0.16673918
0.17414103
0.17223254
0.16521312
0.14145497
0.15254922
0.15907406
0.16837056
0.14334854
0.14413887
0.13684914
0.15793447
0.15707221
0.13526226
0.14616364
0.14069886
0.11563607
0.13786961
0.09960644
0.12788014
0.11919150
0.15095592
0.15186353
0.10210424
0.12309689
0.12246471
0.12573304
0.10961467
0.11215973
0.10364902
0.11498498
0.11058119
0.09449195
0.11483563
0.11567359
0.08828180
0.11049937
0.10319086
0.09397884
0.10346105
0.10587942
0.09083320
0.08983901
0.09189881
0.08651471
0.09014819
0.09782431
0.07916608
0.08926501
0.09671308
0.08641389
0.10262800
0.09156424
0.09201435
0.08136834
0.07119136
0.07804361
0.08259541
0.08011478
0.08224096
0.06239958
0.08074001
0.07767844
0.08863654
0.06585351
0.07765218
0.07107072
0.08269772
0.07280523
0.08268995
0.06097709
0.07189910
0.07111586
0.06176271
0.07085349
0.05563118
0.08302267
0.06705293
0.05849112
0.06506352
0.05738087
0.05981273
0.05356641
0.06289791
0.05013701
0.06515386
0.05981116
0.04889952
0.05402325
0.04809049
0.04977417
0.05286502
0.06405760
0.05515072
0.05167661
0.04068222
0.04701313
0.05405242
0.05118794
0.04839411
0.04167826
0.04889933
0.04501772
0.05364825
0.05226915
0.04121212
0.04682458
0.04032041
0.05315090
0.04188298
0.03675614
0.03742919
0.04287356
0.04046327
0.03433190
0.03799644
0.03893497
0.04247703
0.03382308
0.04010807
0.03277988
0.03282158
0.04507966
0.02952951
0.03662497
0.03445839
0.03025892
0.04310192
0.03408035
0.03881870
0.03448411
0.02578903
0.02936601
0.03128710
0.03650684
0.03022675
0.03281648
0.02761346
0.02853572
0.03298675
0.03754042
0.02327934
0.03032262
0.02854607
0.03031834
0.03193115
0.02431556
0.02038686
0.02678695
0.02762484
0.03293373
0.02911362
0.02407092
0.02463151
0.02487766
0.02634264
0.02833603
0.02646384
0.02889988
0.02644651
0.02588478
0.02484436
0.03000376
0.02293529
0.02404179
0.02408119
0.02045997
0.02165148
0.02212096
0.02285203
0.02337843
0.01461467
0.01939894
0.02326322
0.02059650
0.01899064
0.02145037
0.01218234
0.02462375
0.01831064
0.02021296
0.01775452
0.02091098
0.01735906
0.01776960
0.02008797
0.01890185
0.02115346
0.01713582
0.01976207
0.01713603
0.01906898
0.01987778
0.01810022
0.01640684
0.01654985
0.01688780
0.01394858
0.01700553
0.01874088
0.01711779
0.01591490
0.01447691
0.01488904
0.01494922
0.01541158
0.01533049
0.01568333
0.01678694
0.01438749
0.01584207
0.01565242
0.01365831
0.01632786
0.01674260
0.01721509
0.01580134
0.01708700
0.01367276
0.01528869
0.01609121
0.01624023
0.01305488
0.01367083
0.01186940
0.01438013
0.01200961
0.01468269
0.01291061
0.01441215
0.01374762
0.01220980
0.01383796
0.00935907
0.01437148
0.01216224
0.01507673
0.01350268
0.01244577
0.01150094
0.01383928
0.01167954
0.01238797
0.01048905
0.01220062
0.01200183
0.01282491
0.00966493
0.01181045
0.01357936
0.01025526
0.01087751
0.01247302
0.01214681
0.01153494
0.01264534
0.01088708
0.01099571
0.01134768
0.01174541
0.01322223
0.01182839
0.00923980
0.01033676
0.01018745
0.00940248
0.01495262
0.01368353
0.01138137
0.01176650
0.01272273
0.01140974
0.01318787
0.01438828
0.00821965
0.00893701
0.01254920
0.01299352
0.01033586
0.01230951
0.01124750
0.01223529
0.01046569
0.01186988
0.00996123
0.01233185
0.01320858
0.01291057
0.01113659
0.01040516
0.01219876
0.01010944
0.01028004
0.01115753
0.01219071
0.01298977
0.01171136
0.01022421
0.00863799
0.01153272
0.01527965
0.01352234
0.01203815
0.01309156
0.01422049
0.01070099
0.01299270
0.01125735
0.01280169
0.01319801
0.01446758
0.01525143
0.01466593
0.01202872
0.01380575
0.01126153
0.01619495
0.01812483
0.01260692
0.01362087
0.01624274
0.01539911
0.01526172
0.01385645
0.01720429
0.01368627
0.01720641
0.01436831
0.01216663
0.01585361
0.01888933
0.01530322
0.01618346
0.01954789
0.01835424
0.01630719
0.01656407
0.01752818
0.01397378
0.02351391
0.02411953
0.01970573
0.02008408
0.01925039
0.02128194
0.02014850
0.02274746
0.02487194
0.02897871
0.03028632
0.02560045
0.02651577
0.02317512
0.02598044
0.02494600
0.02087042
0.02958096
0.02653251
0.03664013
0.03236068
0.02862629
0.03513701
0.03437043
0.03851321
0.03877633
0.03458908
0.02798094
0.02743085
0.04208677
0.03365194
0.04496067
0.03981916
0.04090937
0.04558058
0.05192295
0.04076641
0.03518678
0.04539601
0.04569582
0.05256332
0.04396256
0.05089479
0.05378954
0.05496113
0.05833971
0.06633366
0.06332138
0.05960580
0.05266962
0.06889399
0.07041794
0.07232161
0.06508695
0.06600011
0.06363612
0.07364916
0.07387577
0.06595757
0.08028490
0.07844591
0.09367455
0.07020963
0.09024267
0.07220637
0.08925905
0.11018678
0.10260645
0.09051537
0.10297595
0.09923520
0.09392059
0.11035404
0.11330464
0.11297228
0.10147720
0.11485976
0.13206314
0.13362276
0.11203369
0.12834635
0.14636226
0.16060147
0.13036667
0.14810664
0.12966956
0.15689282
0.17172119
0.15677345
0.12009006
0.16473581
0.16256039
0.17508667
0.19450007
0.18942575
0.18549652
0.19575435
0.21957138
0.21811706
0.21223990
0.22197739
0.21586330
0.21453977
0.22569021
0.20933906
0.23653953
0.22651149
0.25523288
0.26924358
0.25010858
0.28635815
0.27829806
0.24960384
0.26779163
0.29316396
0.27142923
0.26794315
0.29543441
0.31244589
0.31555507
0.30145068
0.32157882
0.31682542
0.34008914
0.38517842
0.32764651
0.34971517
0.34881839
0.38196016
0.38864289
0.38487598
0.35624860
0.41787791
0.36840632
0.38192395
0.42655713
0.45601592
0.41920883
0.47241016
0.43270247
0.42244193
0.48244532
0.50177016
0.50611541
0.44323350
0.42686487
0.50810717
0.48861528
0.50116209
0.51509191
0.55072586
0.54776055
0.51027346
0.55705031
0.53868269
0.59446308
0.59906609
0.55510797
0.61719586
0.62383271
0.52932276
0.66940438
0.60332338
0.59826136
0.58567074
0.63004164
0.64599475
0.61282981
0.64625194
0.65501411
0.65125910
0.68143078
0.64399793
0.68596365
0.69529385
0.71833694
0.67661658
0.70110837
0.76763378
0.73888070
0.79218699
0.72850667
0.75232816
0.75769079
0.74748305
0.70866096
0.75638711
0.76393129
0.79928583
0.79258815
0.81348008
0.75168368
0.85314177
0.81842018
0.81271132
0.81107373
0.86744069
0.81581223
0.86462804
0.84693162
0.85145815
0.89979252
0.88252704
0.88143275
0.88524435
0.89461792
0.86782371
0.92311471
0.88350945
0.85930461
0.88393195
0.91315830
0.90164953
0.89311741
0.91560553
0.89298016
0.92901977
0.89927619
0.94033309
0.90295059
0.92767571
0.90742398
0.93049786
0.96328405
0.92437506
0.94949985
0.94523392
0.95810644
0.95175694
0.97324698
0.97171018
0.96652848
0.97035907
0.97819643
0.96785855
0.97350412
0.96991775
0.99061635
0.99168984
0.98138374
0.98027134
0.97884542
0.98649620
0.99407490
0.98449643
0.99720942
0.97947876
0.97814668
0.99087922
0.99324842
0.99651536
0.99024299
0.99171339
0.98679671
0.98039234
0.99169363
0.97932548
0.98776985
0.99209622
0.99167014
0.98874244
0.98935900
0.99333568
0.99207496
0.99829225
0.99564455
0.99669586
0.99673318
0.99772386
0.99848614
0.99957738
0.99864996
0.99775566
0.99546307
0.99884858
0.99976111
0.99818980
0.99461689
0.99640108
0.99091855
0.99834056
0.99949212
0.99958273
0.99913677
0.99773391
0.99837872
0.99951729
0.99924994
0.99975502
0.99528278
0.99762797
0.99548644
0.99332948
0.99948912
0.99731112
0.99867831
0.99927021
0.99494715
0.99905114
0.99821389
0.99927124
0.99862827
0.99936685
0.99922863
0.99929491
0.99783272
0.99931660
0.99941718
0.99860932
0.99965187
0.99839422
0.99592112
0.99766582
0.99786239
0.99345686
0.99953640
0.99161794
0.99464602
0.99988056
0.99908249
0.99732678
0.99915460
0.99858462
0.99907420
0.99877009
0.99613139
0.99925696
0.99778320
0.99869381
0.99777429
0.99720010
0.99762330
0.99945779
0.99856076
0.99775327
0.99815645
0.99973692
0.99688368
0.99555619
0.99766923
0.99272906
0.99843167
0.99948839
0.99754293
0.99798037
0.99784022
0.99936766
0.99835737
0.99776115
0.99759220
0.99768246
0.99597178
0.99941046
0.99853184
0.99888124
0.99914961
0.99954906
0.99986563
0.99995129
0.99805694
0.99998669
0.99446181
0.99580494
0.99646975
0.99836053
0.99469901
0.99958558
0.99784278
0.99258958
0.99510678
0.99804334
0.99810533
0.99676784
0.99799854
0.99742169
0.99789676
0.99723328
0.99952849
0.99974958
0.99835186
0.99840639
0.99976921
0.99912319
0.99769297
0.99897203
0.99923093
0.99836113
0.99758195
0.99989297
0.99471656
0.99899530
0.99835260
0.99892724
0.99894835
0.99683021
0.99722750
0.99945473
0.99917018
0.99996676
0.99951721
0.99864012
0.99965473
0.99701338
0.99539689
0.99885205
0.99821435
0.99706362
0.99832176
0.99355719
0.99888690
0.99170880
0.99808870
0.99861461
0.99679897
0.99775888
0.99629537
0.99834259
0.99677968
0.99847619
0.99912712
0.99850325
0.99804988
0.99837159
0.99935359
0.99803084
0.99535908
0.99702929
0.99914556
0.99755001
0.99823398
0.99989734
0.99790186
0.99921660
0.99952211
0.99697307
0.99889846
0.99592176
0.99430541
0.99418790
0.99609128
0.99539926
0.99846297
0.99965976
0.99705348
0.99850973
0.99926699
0.99736629
0.99640283
0.99729070
0.99490047
0.99887189
0.99635867
0.99757859
0.99914157
0.99996118
0.99871039
0.99988558
0.99783351
0.99686736
0.99773684
0.99785139
0.99891375
0.99946810
0.99905603
0.99218256
0.99723598
0.99956391
0.99819910
0.99849615
0.99840021
0.99837019
0.99947358
0.99948094
0.99713332
0.99835904
0.99717412
0.98991847
0.99762849
0.99893072
0.99616966
0.99806795
0.99901294
0.99739630
0.99748267
0.99750513
0.99708541
0.99961609
0.99231690
0.99733420
0.99923582
0.99899330
0.99091755
0.99900717
0.99857545
0.99825258
0.99937579
0.99373523
0.99958089
0.99739904
0.99970421
0.99750208
0.99659412
0.99958443
0.99958717
0.99899409
0.99872471
0.99983747
0.99771438
0.99889111
0.99953830
0.99961621
0.99836410
0.99663643
0.99914074
0.99716498
0.99762888
0.99551499
0.99925191
0.99793644
0.99956912
0.99974481
0.99864715
0.99903681
0.99911631
0.99821939
0.99658958
0.99919888
0.99592593
0.99701255
0.99884364
0.99767105
0.99751023
0.99881867
0.99807290
0.99980216
0.99145409
0.99883210
0.99863630
0.99511475
0.99864054
0.99884343
0.99684572
0.99883275
0.99967513
0.99912547
0.99812339
0.99611574
0.99689069
0.99816598
0.99951865
0.99918468
0.99821581
0.99404823
0.99968542
0.99992015
0.99641739
0.99787340
0.99948811
0.99919533
0.99370421
0.99573774
0.99848753
0.99897921
0.99884093
0.99688298
0.99908196
0.99968342
0.99497795
0.99515554
0.99958717
0.99761052
0.99822664
0.99899573
0.99828933
0.99735011
0.99759678
0.99524395
0.99650140
0.99832690
0.99831771
0.99733440
0.99784403
0.99838073
0.99933895
0.99911053
0.99927568
0.99905321
0.99257272
0.99926213
0.99870782
0.99715043
0.99894391
0.99799899
0.99787367
0.99807804
0.99971065
0.99801505
0.99867809
0.99984500
0.99700575
0.99388786
0.99967832
0.99804074
0.99846141
0.99872324
0.99962185
0.99920762
0.99938347
0.99821173
0.99983077
0.99749300
0.98800211
0.99340555
0.99930755
0.99779915
0.99867917
0.99883816
0.98550848
0.99805176
0.99545683
0.99739559
0.99805187
0.99950429
0.99805964
0.99886235
0.99890535
0.99929251
0.99673964
0.99809269
0.99956916
0.99833401
0.99933930
0.99676162
0.99833220
0.99900818
0.99928737
0.99870834
0.99908568
0.99557238
0.99465271
0.99900456
0.99987043
0.99885863
0.99786501
0.99929093
0.99559831
0.99918688
0.99908156
0.99986456
0.99906098
0.99947464
0.99482276
0.99816824
0.99945481
0.99696044
0.99974490
0.99757240
0.99838665
0.99820279
0.99456573
0.99871491
0.99883639
0.99209833
0.99220665
0.99935030
0.99978356
0.99734170
0.99908903
0.99796753
0.99933170
0.99721534
0.99833789
0.99963063
0.99903355
0.99823965
0.99891454
0.99507762
0.99591451
0.99873845
0.99405024
0.99848772
0.99707743
0.99843512
0.99866976
0.99901656
0.99686695
0.99951499
0.99198825
0.99681787
0.99915852
0.99780197
0.99683607
0.99673307
0.99378169
0.99938816
0.99922372
0.99703177
0.99727677
0.99859031
0.99629457
0.99748411
0.99758147
0.99797420
0.99959105
0.99570059
0.99688164
0.99477727
0.99641282
0.99931519
0.99836745
0.99839163
0.99741456
0.99933136
0.99948562
0.99966115
0.99179462
0.99751442
0.99796651
0.99511888
0.99822215
0.99425625
0.99482052
0.99747327
0.99705944
0.99864699
0.99492401
0.99846807
0.99886080
0.99866325
0.99910744
0.99904457
0.99708035
0.99969076
0.99885947
0.99756264
0.99866636
0.99960844
0.99466018
0.99880425
0.99912394
0.99923832
0.99969360
0.99865848
0.99889313
0.99730253
0.99722625
0.99967487
0.99390695
0.99814780
0.99772868
0.99253678
0.99896431
0.99729457
0.99486108
0.99804161
0.99945918
0.99869866
0.99923468
0.99640040
0.99979223
0.99969926
0.99833006
0.99252433
0.99957591
0.99835577
0.99855805
0.99900230
0.98854784
0.99272552
0.99934305
0.99692494
0.99638841
0.99778206
0.99899185
0.99980393
0.99615520
0.99930855
0.99719698
0.99937262
0.99786509
0.99672256
0.99909047
0.99776507
0.99857228
0.99619915
0.99703360
0.99978727
0.99625562
0.99835595
0.99914723
0.99072624
0.99538203
0.99988965
0.99919794
0.99967533
0.99941847
0.99874782
0.99888055
0.99917311
0.99720247
0.99707065
0.99481836
0.99748609
0.99863181
0.99988224
0.99869287
0.99922719
0.99825937
0.99647061
0.99528753
0.99571280
0.99771951
0.99596076
0.99850228
0.99969810
0.99877243
0.99802863
0.99792611
0.99799089
0.99868307
0.99724586
0.99486748
0.99751899
0.99845775
0.99879921
0.99859749
0.99794789
0.99927267
0.99440441
0.99771776
0.99834018
0.99989799
0.99332941
0.99713523
0.99865016
0.99885582
0.99627308
0.99985486
0.99927285
0.99892988
0.99540933
0.99730761
0.99915765
0.99949408
0.99773874
0.99198825
0.99873533
0.99653697
0.99869132
0.99598964
0.99964341
0.99510953
0.99855781
0.99573890
0.99890423
0.99435402
0.99229740
0.99814702
0.99632161
0.99999754
0.99631088
0.99914264
0.99763558
0.99929617
0.99589032
0.99807280
0.99892604
0.99883129
0.99607706
0.99669059
0.99982478
0.99955052
0.99845179
0.99798045
0.99789133
0.99936004
0.99942716
0.99768403
0.99979116
0.99735962
0.99839310
0.99580967
0.99945975
0.99628683
0.99759966
0.99776107
0.99859067
0.99451605
0.99798628
0.99916824
0.99825703
0.99510481
0.99781936
0.99293175
0.99995482
0.99929104
0.99425807
0.99951434
0.99796467
0.99953038
0.99967606
0.99741023
0.99911158
0.99998860
0.99946430
0.99847612
0.99906838
0.99686458
0.99726808
0.99901294
0.99931936
0.99668045
0.99984157
0.99947130
0.99113251
0.99652783
0.99951350
0.99073971
0.99277879
0.99859622
0.99664630
0.99892985
0.99894995
0.99426885
0.99899236
0.99977222
0.99702296
0.99892346
0.99872532
0.99949286
0.99597298
0.99565561
0.99321433
0.99916023
0.99894956
0.99775175
0.99845004
0.99878020
0.99322434
0.99891280
0.99594724
0.99792768
0.99110312
0.99789274
0.99768519
0.99800510
0.99874226
0.99943659
0.99961779
0.99714250
0.99815433
0.99676057
0.99980306
0.99953154
0.99748722
0.99722168
0.99824578
0.99950376
0.99845992
0.99676385
0.99790229
0.99907795
0.99810347
0.99609938
0.99750915
0.99847377
0.99929649
0.99752382
0.99908025
0.99923517
0.99455476
0.99174209
0.99606676
0.99927915
0.99453818
0.99868633
0.99753269
0.99640356
0.99408727
0.99926968
0.99907965
0.99588422
0.99923333
0.99987303
0.99874709
0.99614335
0.99915668
0.99724174
0.99819625
0.99884075
0.99982436
0.99752839
0.99949362
0.99951812
0.99841439
0.98972399
0.99668723
0.99943648
0.99858832
0.99949570
0.99463040
0.99773730
0.99966468
0.99810094
0.99600200
0.99779349
0.99952269
0.99245654
0.99797033
0.99902041
0.99832397
0.99832303
0.99736038
0.99813305
0.99885977
0.99844199
0.99482718
0.99896744
0.99377410
0.99773745
0.99930973
0.99928610
0.99839846
0.99924614
0.99963364
0.99935677
0.99576934
0.99795018
0.99872345
0.99396209
0.99940860
0.99686441
0.99982146
0.99933755
0.99900571
0.99945017
0.99702478
0.99900965
0.99964225
0.99678758
0.99708643
0.99579519
0.99926443
0.99703306
0.99507178
0.99775479
0.99891647
0.99690234
0.99987128
0.99040799
0.99948276
0.99960785
0.99799537
0.99906799
0.99895189
0.99677659
0.99775339
0.99231283
0.99940563
0.99339806
0.99654960
0.99483938
0.99852106
0.99367998
0.99928357
0.99850314
0.99689283
0.99958908
0.99924668
0.99987222
0.99301433
0.99944719
0.99741137
0.99797686
0.99879078
0.99885645
0.99966173
0.99894570
0.99809278
0.99891692
0.99705063
0.99748576
0.99618133
0.99894457
0.99774073
0.99759854
0.99976592
0.99753747
0.99812457
0.99791625
0.99882813
0.99853003
0.99540039
0.99847143
0.99765938
0.99895758
0.99938176
0.99621392
0.99661543
0.99942455
0.99828169
0.99538657
0.99923348
0.99654334
0.99893448
0.99888765
0.99713605
0.99878558
0.99773070
0.99391243
0.99671637
0.99997149
0.99451207
0.99889807
0.99808823
0.99861111
0.99819802
0.99752774
0.99947131
0.99858942
0.99831726
0.99886873
0.99889905
0.99872051
0.99946913
0.99764339
0.99014779
0.99617386
0.99907127
0.99643652
0.99992444
0.99937359
0.99491673
0.99619214
0.99816743
0.99559604
0.99858927
0.99842958
0.99955938
0.99600190
0.99830924
0.99036201
0.99170237
0.99858327
0.99922533
0.99812175
0.99802106
0.99942557
0.99756238
0.99851436
0.99868072
0.99630949
0.99953115
0.99709515
0.99428073
0.99723244
0.99659261
0.99763843
0.99873304
0.99856760
0.99797439
0.99913834
0.99698207
0.99821935
0.99933018
0.99529798
0.99614291
0.99528632
0.99811243
0.99748429
0.99835068
0.99977968
0.99812774
0.99691904
0.99657082
0.99874448
0.99599965
0.99421410
0.99906402
0.99710781
0.99789322
0.99912273
0.99917101
0.99958242
0.99456700
0.99755339
0.99618399
0.99848693
0.99896411
0.99971851
0.99794629
0.99939842
0.99873136
0.99580698
0.99927339
0.98732528
0.99967412
0.99704752
0.99736767
0.99657389
0.99679709
0.99175833
0.99979471
0.99826599
0.99556821
0.99687748
0.99869225
0.99947989
0.99473292
0.99865730
0.99905320
0.99757043
0.99944269
0.99736549
0.99416481
0.99944207
0.99839995
0.99902153
0.99925657
0.99524095
0.99993157
0.99816264
0.99731366
0.99835378
0.99964293
0.99801707
0.99932893
0.99793742
0.99885549
0.99805563
0.99880242
0.99993056
0.99986506
0.99923546
0.99735185
0.99595244
0.99211073
0.99114149
0.99648121
0.99987997
0.99851775
0.99533137
0.99928987
0.99834688
0.99830318
0.99622252
0.99618023
0.99679762
0.99701857
0.99932096
0.99869923
0.99899968
0.99805252
0.99884303
0.99947085
0.99804145
0.99910114
0.99821171
0.99852060
0.99901140
0.99939537
0.99814356
0.99556185
0.99985025
0.99924602
0.99872661
0.99532448
0.99979300
0.99905878
0.99719632
0.99127017
0.99774396
0.99631100
0.99976633
0.99905524
0.99960381
0.99580551
0.99517565
0.99932624
0.99901191
0.99505925
0.99882097
0.99827459
0.99876740
0.99898941
0.99555283
0.99844285
0.99846082
0.99830387
0.99955892
0.99836543
0.99756118
0.99783406
0.99549452
0.99725793
0.99503956
0.99986030
0.99925784
0.99536199
0.99720299
0.99947387
0.99781167
0.99669212
0.99769826
0.99847764
0.99894678
0.99327967
0.99822031
0.99845174
0.99347191
0.99441157
0.99970813
0.99651299
0.99913987
0.99741249
0.99934875
0.99957702
0.99768100
0.99790191
0.99860417
0.99738645
0.99928572
0.99878243
0.99903402
0.99616281
0.99836345
0.99545585
0.99943390
0.99455755
0.99733453
0.99648613
0.99875089
0.99854558
0.99616522
0.99782621
0.99887157
0.99808360
0.99982915
0.99968421
0.99862366
0.99671354
0.99816947
0.99675152
0.99895934
0.99921742
0.99732874
0.99318684
0.99992226
0.99916917
0.99869967
0.99898645
0.99663408
0.99881931
0.99763100
0.99943693
0.99827286
0.99913536
0.99963540
0.99789192
0.99825091
0.99826501
0.99983813
0.99521570
0.99918895
0.99979945
0.99852677
0.99895040
0.99905748
0.99934979
0.99756531
0.99450941
0.99356812
0.99937430
0.99914658
0.99962073
0.99939134
0.99950249
0.99872075
0.99756952
0.99950891
0.99652437
0.99910196
0.99915668
0.99947370
0.99463906
0.99656777
0.99702034
0.99834474
0.99437896
0.99777793
0.99964741
0.99910905
0.99881850
0.99808781
0.99913926
0.99922884
0.99682509
0.99912861
0.99899036
0.99871177
0.99755769
0.99868806
0.99916819
0.99031201
0.99757696
0.99319838
0.99783355
0.99792687
0.99892050
0.99855587
0.99466594
0.99933171
0.99531316
0.99927352
0.99825091
0.99977984
0.99939108
0.99934885
0.99904078
0.99756233
0.99925925
0.99901730
0.99964221
0.99806304
0.99827257
0.99554048
0.99832844
0.99782937
0.99847889
0.99831080
0.99440658
0.99553110
0.99778594
0.99946631
0.99330312
0.99955969
0.99867894
0.99851032
0.99892426
0.99252970
0.99943140
