3.00001596
3.00000253
3.00000130
3.00000002
3.00000002
3.00000024
3.00000101
3.00000001
3.00000002
3.00000001
3.00000000
3.00000002
3.00000072
3.00000016
3.00002386
3.00000048
3.00000000
3.00000016
3.00000002
3.00000000
3.00000068
3.00000019
3.00000002
3.00000020
3.00000004
3.00000003
3.00000001
3.00000006
3.00000001
3.00000000
3.00000095
3.00000000
3.00000146
3.00000001
3.00000019
3.00000023
3.00000066
3.00000012
3.00000147
3.00000006
3.00000048
3.00000002
3.00000000
3.00000001
3.00000002
3.00000108
3.00000052
3.00000004
3.00000049
3.00000000
3.00000000
3.00000210
3.00000010
3.00000014
3.00000000
3.00000020
3.00000149
3.00000021
3.00000001
3.00000004
3.00000006
3.00000001
3.00000002
3.00000085
3.00000001
3.00000032
3.00000015
3.00000006
3.00000004
3.00000001
3.00000002
3.00000173
3.00000001
3.00000005
3.00000028
3.00000010
3.00000000
3.00000003
3.00000029
3.00000000
3.00000057
3.00000078
3.00000030
3.00000000
3.00000007
3.00000079
3.00000050
3.00000023
3.00000003
3.00000000
3.00000001
3.00000008
3.00000023
3.00000011
3.00000286
3.00000005
3.00000574
3.00000001
3.00000043
3.00000000
3.00000682
3.00000000
3.00000103
3.00000002
3.00000019
3.00000000
3.00003907
3.00000002
3.00000000
3.00000136
3.00000006
3.00000004
3.00000000
3.00000001
3.00000000
3.00000000
3.00000009
3.00000002
3.00000023
3.00000014
3.00000002
3.00000548
3.00000000
3.00000032
3.00000000
3.00000008
3.00000171
3.00000055
3.00000000
3.00000164
3.00000303
3.00000106
3.00000024
3.00000006
3.00000000
3.00000000
3.00000000
3.00000034
3.00000000
3.00000001
3.00000115
3.00000002
3.00000020
3.00000049
3.00000010
3.00000003
3.00000015
3.00000001
3.00000076
3.00000012
3.00000001
3.00000003
3.00000006
3.00000003
3.00000086
3.00000009
3.00000005
3.00000002
3.00000024
3.00000768
3.00000026
3.00000000
3.00000025
3.00000007
3.00000137
3.00000050
3.00000051
3.00000004
3.00000091
3.00000000
3.00000117
3.00000001
3.00000002
3.00000027
3.00000047
3.00000015
3.00000205
3.00000001
3.00000010
3.00000001
3.00000003
3.00000000
3.00000203
3.00000040
3.00000003
3.00000021
3.00000004
3.00000000
3.00000001
3.00000189
3.00001351
3.00000120
3.00000248
3.00000015
3.00000005
3.00000089
3.00000610
3.00000015
3.00000102
3.00000001
3.00000000
3.00000000
3.00000204
3.00000093
3.00000000
3.00000018
3.00000002
3.00000001
3.00000004
3.00000015
3.00000013
3.00000002
3.00000002
3.00000092
3.00000001
3.00000084
3.00000050
3.00000152
3.00000025
3.00000000
3.00000000
3.00000001
3.00000001
3.00000001
3.00000144
3.00000006
3.00001027
3.00000093
3.00000213
3.00000323
3.00000000
3.00000052
3.00000141
3.00000006
3.00000001
3.00000000
3.00000000
3.00000000
3.00000001
3.00000214
3.00001303
3.00000024
3.00000103
3.00000023
3.00000045
3.00000371
3.00000001
3.00000014
3.00000032
3.00001403
3.00000009
3.00000001
3.00000002
3.00000001
3.00000001
3.00000048
3.00006569
3.00000001
3.00000001
3.00000000
3.00000003
3.00000033
3.00000046
3.00000001
3.00000041
3.00000000
3.00000039
3.00000000
3.00000342
3.00000056
3.00000000
3.00000001
3.00000059
3.00000002
3.00000010
3.00000021
3.00000072
3.00000003
3.00000004
3.00000063
3.00000224
3.00000000
3.00000023
3.00000016
3.00000000
3.00000087
3.00000118
3.00000003
3.00000001
3.00000090
3.00000005
3.00000026
3.00000000
3.00000001
3.00000314
3.00000041
3.00000000
3.00000059
3.00000421
3.00000012
3.00000002
3.00000636
3.00000049
3.00000002
3.00000015
3.00000000
3.00000009
3.00000005
3.00000064
3.00000002
3.00000002
3.00000480
3.00000000
3.00000000
3.00000000
3.00000210
3.00000945
3.00000018
3.00000096
3.00000074
3.00000009
3.00000000
3.00000000
3.00000068
3.00000052
3.00000241
3.00000042
3.00000001
3.00000116
3.00000062
3.00000004
3.00000000
3.00000705
3.00000002
3.00000003
3.00000012
3.00000236
3.00000200
3.00000000
3.00000011
3.00000098
3.00000002
3.00000015
3.00000016
3.00000001
3.00002331
3.00000093
3.00002507
3.00000015
3.00000000
3.00000171
3.00000001
3.00000029
3.00000001
3.00000009
3.00000258
3.00000004
3.00000011
3.00000266
3.00001273
3.00000041
3.00000001
3.00000000
3.00000004
3.00000132
3.00000000
3.00000000
3.00000167
3.00000003
3.00000036
3.00000001
3.00000024
3.00000000
3.00000003
3.00000028
3.00000005
3.00000000
3.00000325
3.00000041
3.00000001
3.00000003
3.00000063
3.00000006
3.00000003
3.00000374
3.00000110
3.00000043
3.00000061
3.00000221
3.00000002
3.00000216
3.00000000
3.00000000
3.00000000
3.00000000
3.00000000
3.00000090
3.00000033
3.00000102
3.00000007
3.00000000
3.00000315
3.00000016
3.00000042
3.00000297
3.00000110
3.00000196
3.00000151
3.00000038
3.00000022
3.00000033
3.00000000
3.00000001
3.00000020
3.00000001
3.00000005
3.00000078
3.00001239
3.00000347
3.00000367
3.00000000
3.00000008
3.00000001
3.00000000
3.00000017
3.00000088
3.00000012
3.00000112
3.00000000
3.00000000
3.00000002
3.00000005
3.00000000
3.00000001
3.00000095
3.00000009
3.00000018
3.00000140
3.00000003
3.00000000
3.00000006
3.00000001
3.00000000
3.00000003
3.00000011
3.00000012
3.00000000
3.00000003
3.00000011
3.00000231
3.00000000
3.00000004
3.00000025
3.00000488
3.00000000
3.00000117
3.00000000
3.00000287
3.00000009
3.00000013
3.00000018
3.00000004
3.00000431
3.00000003
3.00000658
3.00000021
3.00000147
3.00000000
3.00000005
3.00000000
3.00000000
3.00000071
3.00000006
3.00000085
3.00000005
3.00000001
3.00000024
3.00000025
3.00000085
3.00000248
3.00000007
3.00000006
3.00000035
3.00000006
3.00000326
3.00000127
3.00000002
3.00000011
3.00000187
3.00000041
3.00000008
3.00000000
3.00000000
3.00000296
3.00000000
3.00000432
3.00000011
3.00000087
3.00000168
3.00000005
3.00000021
3.00000003
3.00000000
3.00000010
3.00000085
3.00000039
3.00000262
3.00000085
3.00000005
3.00000086
3.00000023
3.00000034
3.00000000
3.00000139
3.00000002
3.00000008
3.00000007
3.00000004
3.00000020
3.00000000
3.00000048
3.00000007
3.00000014
3.00000022
3.00000000
3.00000036
3.00000009
3.00000027
3.00000000
3.00000711
3.00001055
3.00000020
3.00000032
3.00000207
3.00000009
3.00000001
3.00000061
3.00000111
3.00000007
3.00000000
3.00000001
3.00000000
3.00000130
3.00000001
3.00000007
3.00000005
3.00000028
3.00000000
3.00000000
3.00000119
3.00000059
3.00000121
3.00000063
3.00000008
3.00000042
3.00000147
3.00000014
3.00000124
3.00000001
3.00001060
3.00000000
3.00000001
3.00000013
3.00000051
3.00000000
3.00000029
3.00000965
3.00000000
3.00000002
3.00000000
3.00000000
3.00000022
3.00000000
3.00000101
3.00000005
3.00000000
3.00000002
3.00000672
3.00000527
3.00000056
3.00000021
3.00000038
3.00000055
3.00000287
3.00000086
3.00000051
3.00000026
3.00000008
3.00000316
3.00000006
3.00000000
3.00000000
3.00000001
3.00000135
3.00000001
3.00000010
3.00000005
3.00000067
3.00000009
3.00000001
3.00000062
3.00001885
3.00000205
3.00000022
3.00000002
3.00000000
3.00000069
3.00000022
3.00000000
3.00000163
3.00000045
3.00000011
3.00000004
3.00000049
3.00000015
3.00000012
3.00000223
3.00000509
3.00000046
3.00000074
3.00000002
3.00000028
3.00000000
3.00000037
3.00000000
3.00000001
3.00000257
3.00000002
3.00000074
3.00000013
3.00000013
3.00000214
3.00000005
3.00000001
3.00000001
3.00000062
3.00000020
3.00000915
3.00000035
3.00000333
3.00000046
3.00000010
3.00000204
3.00000026
3.00000002
3.00000011
3.00000003
3.00000003
3.00000032
3.00000032
3.00000011
3.00000186
3.00000252
3.00000277
3.00000016
3.00000358
3.00000014
3.00000977
3.00000034
3.00000019
3.00000001
3.00000000
3.00000006
3.00001967
3.00000053
3.00000004
3.00000152
3.00001743
3.00000050
3.00000000
3.00000008
3.00000002
3.00000002
3.00000239
3.00000003
3.00000043
3.00000016
3.00000047
3.00000127
3.00000000
3.00000105
3.00000001
3.00000163
3.00000018
3.00000440
3.00000052
3.00000065
3.00000001
3.00000242
3.00000031
3.00000029
3.00000010
3.00000061
3.00000623
3.00000001
3.00000001
3.00000081
3.00000003
3.00000353
3.00000000
3.00000012
3.00000020
3.00000007
3.00000164
3.00000000
3.00000002
3.00000010
3.00000009
3.00000003
3.00000005
3.00000296
3.00000001
3.00000053
3.00000135
3.00000023
3.00000003
3.00000000
3.00000116
3.00000003
3.00000217
3.00000015
3.00000000
3.00000000
3.00000011
3.00000003
3.00000223
3.00000001
3.00001359
3.00000004
3.00000028
3.00000598
3.00000001
3.00000385
3.00000000
3.00000250
3.00000003
3.00000095
3.00000000
3.00000000
3.00000000
3.00000013
3.00000007
3.00000013
3.00000051
3.00000049
3.00000004
3.00000001
3.00000034
3.00000177
3.00000004
3.00000164
3.00000000
3.00000545
3.00000000
3.00000000
3.00000000
3.00000120
3.00000009
3.00000006
3.00000121
3.00000000
3.00000117
3.00000000
3.00000001
3.00000004
3.00000221
3.00000004
3.00000005
3.00000000
3.00000000
3.00000000
3.00000003
3.00000002
3.00000167
3.00000000
3.00000042
3.00000007
3.00000035
3.00000002
3.00000016
3.00000069
3.00000003
3.00000098
3.00000023
3.00000082
3.00000014
3.00000610
3.00000129
3.00000002
3.00000018
3.00000003
3.00000000
3.00000640
3.00000020
3.00000008
3.00000020
3.00000085
3.00000001
3.00000047
3.00000000
3.00001816
3.00000045
3.00000002
3.00000036
3.00000013
3.00000007
3.00000009
3.00000000
3.00000005
3.00000704
3.00000015
3.00000000
3.00000093
3.00000010
3.00000049
3.00000005
3.00000002
3.00000235
3.00000066
3.00000012
3.00002972
3.00000215
3.00000180
3.00000069
3.00000035
3.00000107
3.00000325
3.00000002
3.00000012
3.00000512
3.00000011
3.00002093
3.00000086
3.00000117
3.00000076
3.00000299
3.00000000
3.00000012
3.00000479
3.00000381
3.00000282
3.00000018
3.00001045
3.00000002
3.00000007
3.00000000
3.00000005
3.00000020
3.00000060
3.00000004
3.00000052
3.00000003
3.00000020
3.00000001
3.00000051
3.00000014
3.00000038
3.00000018
3.00000371
3.00000005
3.00000275
3.00000773
3.00000005
3.00000479
3.00000005
3.00000000
3.00000357
3.00000066
3.00000000
3.00000004
3.00000080
3.00000008
3.00000022
3.00000066
3.00000112
3.00000002
3.00000067
3.00000004
3.00000001
3.00000009
3.00009260
3.00000177
3.00000020
3.00000037
3.00000002
3.00000049
3.00000228
3.00000020
3.00000093
3.00000029
3.00000075
3.00000000
3.00003738
3.00000050
3.00000002
3.00000000
3.00000137
3.00000004
3.00000000
3.00000000
3.00000527
3.00000312
3.00000164
3.00000001
3.00000001
3.00000000
3.00000007
3.00001740
3.00000102
3.00000002
3.00000039
3.00000015
3.00000061
3.00000144
3.00000182
3.00000005
3.00000001
3.00000414
3.00000351
3.00000001
3.00000004
3.00000004
3.00000029
3.00000226
3.00000252
3.00000001
3.00000202
3.00000014
3.00000126
3.00000000
3.00000067
3.00000008
3.00000038
3.00000007
3.00000001
3.00000003
3.00000000
3.00000045
3.00000030
3.00000002
3.00000037
3.00000013
3.00000304
3.00000049
3.00000003
3.00000005
3.00000016
3.00000038
3.00000017
3.00000004
3.00001447
3.00000001
3.00000157
3.00000959
3.00001769
3.00000520
3.00000001
3.00000029
3.00000617
3.00006023
3.00000012
3.00000000
3.00000000
3.00000088
3.00001019
3.00000000
3.00000006
3.00000027
3.00002707
3.00000388
3.00000013
3.00001013
3.00004439
3.00000015
3.00000107
3.00005755
3.00000647
3.00007075
3.00005227
3.00000148
3.00010965
3.00001650
3.00010454
3.00000064
3.00000014
3.00003776
3.00000219
3.00002392
3.00001847
3.00000203
3.00000721
3.00000935
3.00005922
3.00000243
3.00006283
3.00022493
3.00012934
3.00002674
3.00034469
3.00002544
3.00009508
3.00002578
3.00006279
3.00005342
3.00012639
3.00000072
3.00040022
3.00002713
3.00083761
3.00016255
3.00001972
3.00002726
3.00004012
3.00037059
3.00004214
3.00015239
3.00153459
3.00009511
3.00075875
3.00209456
3.00018998
3.00020068
3.00049105
3.00006799
3.00002010
3.00069947
3.00017250
3.00002681
3.00007088
3.00013939
3.00083339
3.00012246
3.00027665
3.00144444
3.00067412
3.00034848
3.00033506
3.00101660
3.00187520
3.00159586
3.00057103
3.00061527
3.00208703
3.00078919
3.00041215
3.00168442
3.00121293
3.00053180
3.00133176
3.00054073
3.00215723
3.00614626
3.00258112
3.00385722
3.00095032
3.00121147
3.00262994
3.00089357
3.00084437
3.00165281
3.00838876
3.00152069
3.00129474
3.00179816
3.01697291
3.01367014
3.01821205
3.01022423
3.00700461
3.00612765
3.00237388
3.00552340
3.02151441
3.00351499
3.00758879
3.02625978
3.04799473
3.02175439
3.01079079
3.00590688
3.02610816
3.01752189
3.01244667
3.01035601
3.02972239
3.02891541
3.03359200
3.00874510
3.02025479
3.04618296
3.02431380
3.06031917
3.02586619
3.02333962
3.01750430
3.05085193
3.03809447
3.01918851
3.01484859
3.06762448
3.02373168
3.02061935
3.05623088
3.04864594
3.09727693
3.05167566
3.05323604
3.05332825
3.11777707
3.07472794
3.03538031
3.05520687
3.03751520
3.06296329
3.13117471
3.06682521
3.07763421
3.14349244
3.14469129
3.08864497
3.06178248
3.09949763
3.06887757
3.03726793
3.15793216
3.20297255
3.24047995
3.06024826
3.25950232
3.05253996
3.19942811
3.26909989
3.13117488
3.23347061
3.14935073
3.22123963
3.29964172
3.12910635
3.19688982
3.19767248
3.30745834
3.18332835
3.10068237
3.40631931
3.43199341
3.34652116
3.25605855
3.13342873
3.42012347
3.17486530
3.36060561
3.27844810
3.78754991
3.38167601
3.33129098
3.28805572
3.27704763
3.21794399
3.26534259
3.39374963
3.54094671
3.40610493
3.27392239
3.21931214
3.44522633
3.67836336
3.44820767
3.62130735
3.67827966
3.59174487
3.64190805
3.82190742
3.79417394
3.41323788
3.76917436
4.13149974
3.49009326
3.72896001
4.02711767
3.65970744
4.13500604
3.42587062
3.81590576
3.89840559
4.06886540
3.80368471
4.03203711
3.97374746
4.27800796
3.54554171
4.12159014
3.78561457
4.65908209
4.16034452
4.00028356
3.95445218
4.04661608
3.90644298
4.10067375
4.33859508
4.41618925
4.63450386
4.49887332
3.99109522
4.37596760
4.80521880
4.35692361
4.38445152
4.48242890
4.56214329
4.67833617
4.48298792
4.63145733
5.45729302
4.70623042
5.40105825
5.33414841
4.65107466
5.00124402
4.74030431
5.20390459
5.15718537
5.33935860
5.10625860
5.50299968
5.17918603
5.19747868
4.62673332
5.20834263
5.05366286
5.85382602
5.69179158
5.55280471
4.71586401
6.16304453
5.26811042
5.73875131
5.79917805
5.94626901
5.48122836
6.33173229
6.00555592
5.37931336
6.04477015
6.76711702
7.26324152
6.12735672
7.47354444
7.03286136
6.11686917
6.85250218
6.14004856
6.73426876
7.41455547
6.56631948
5.85189225
7.15516989
8.25042876
7.81329928
6.64070760
6.82372322
8.26590868
6.59153753
8.06022249
7.02752495
7.25597222
6.76120065
7.96285540
9.50814611
7.93270382
7.99854229
8.50395017
7.64884810
7.64998241
8.65405901
8.00164358
9.59395197
9.61385391
8.07342348
9.93722861
8.27770274
8.06068440
8.94360448
9.01801319
9.26704343
8.77335895
8.77781435
10.30385379
9.48192383
10.11769916
9.60975586
10.04615413
8.78933402
8.61675298
9.91873224
8.90103526
10.80710321
9.89340583
10.56355426
10.28847276
8.52787011
10.65372319
9.56418245
10.91176931
10.29464080
12.30307410
11.34074704
9.99721482
11.10078577
11.70487995
10.84478785
11.57855750
12.59915939
12.44571198
11.70057995
11.54709295
13.11345382
12.10813752
11.07951737
12.98964613
11.10290546
11.28423464
12.75286857
13.60764471
13.07248953
12.53372885
12.83600998
12.60828951
12.02752651
12.27468354
12.77467919
14.34478346
11.73015171
13.59428174
13.00029384
14.30468410
12.54968767
13.71679739
13.45602781
14.21887560
13.74290573
13.64496362
14.51213757
13.45627380
14.91919167
13.44757916
13.27669182
13.97004510
15.37102664
16.20851795
14.87472139
14.45461184
16.96749705
13.25585037
15.01526949
15.03193679
14.67664570
15.34231380
13.55925670
14.81651910
13.58253772
15.63966060
14.69592698
14.90653802
15.01475923
16.27962607
17.00295474
16.63290210
16.72166871
16.17408510
15.86381932
15.36320892
16.41609834
17.48463524
15.24704259
16.86350170
15.76957661
15.90026172
16.58565909
15.67151698
16.81172780
17.86179557
17.00791797
16.91852036
16.82252806
16.13615754
18.30540274
18.74031880
18.28406112
19.46061318
18.58009341
18.27034189
16.82214833
16.75565263
16.70851293
18.14713030
18.57770416
19.03603765
17.96685808
18.88984447
18.48539653
16.75335936
19.07201732
18.80165111
18.48070555
18.37029914
19.72039486
19.43890905
18.22526030
19.46564007
18.95931616
19.20979255
18.86192336
19.01959489
19.85966008
19.68425377
19.79495285
20.03373401
20.12282803
17.22336984
19.15489946
19.52912210
18.69103106
19.50808855
20.67510075
20.84876323
20.52316928
18.99075821
19.41416998
20.67360158
19.21747355
20.87037099
20.43618043
20.37002581
20.75536544
20.19360113
19.21782152
19.94107562
20.08827678
18.87370962
21.45394724
20.05223010
18.93735794
21.16057060
20.29750379
20.57739158
20.29462154
21.57936254
20.52592126
21.27200598
20.18087420
21.21313832
21.01498520
20.51618366
22.87716050
20.87692058
20.82292912
22.11930336
22.34300228
20.82182454
21.54185905
20.54428945
20.97565955
21.96626206
21.49666936
21.13047211
21.52698070
20.56376806
21.26401897
22.57915178
21.26266264
22.68419272
21.50415826
22.57651986
20.96820650
20.73123154
21.56857620
21.25224414
21.38505404
20.91045592
21.06593846
21.79825010
22.75383832
22.17282556
22.12613679
22.07959812
20.72770168
22.35919731
21.83085210
21.04443961
23.14420053
22.59029218
21.73126090
22.71710800
23.03462396
21.88847448
22.79228248
20.97468444
21.32803294
22.02393888
21.79396803
22.77961617
22.34016725
23.86429201
22.54839596
22.41341653
22.98553838
21.67950316
22.29303507
22.81202012
22.16201719
22.03681361
22.14325756
22.79787148
22.31071878
22.93185433
22.11836209
23.66281812
23.30507469
22.97633954
22.94722272
22.70137069
23.07343100
23.21291873
22.09492428
23.02202142
22.44302379
22.49224911
22.31901705
22.56535767
22.50642718
21.49161251
23.83497302
23.13161228
22.70150277
23.12732054
23.54120048
23.34101806
22.62088163
23.01658797
23.91164955
23.55831088
22.59138618
23.38653706
22.84329213
22.59592325
23.00123281
23.48759875
23.28581751
22.67808880
22.88243805
22.59399639
22.52043259
22.81437057
22.57049067
21.93673967
23.43765051
23.20021677
23.94750711
22.92022481
22.01430428
23.66463572
22.88208058
22.80381110
22.81387400
22.05391908
23.32134805
20.84884399
22.11795253
23.83051731
22.72353367
22.68737506
22.50310855
23.17854250
22.53004485
22.25019136
23.74276193
22.42954141
22.76550455
22.60398301
22.06136656
22.70995037
22.42772652
23.26721660
21.55749105
21.85217315
21.41066784
22.06892006
21.78789327
22.36985737
21.42111611
21.69952017
22.05730445
21.52616178
21.21146933
20.94288329
20.42872024
21.44937201
20.43929152
21.97931366
20.70629895
21.34325147
21.42899821
20.89596374
21.58743258
21.64640067
21.06476065
20.26478197
19.71709979
19.49087821
20.20955744
19.76076750
21.02652348
20.50155799
20.12752871
20.28880872
19.90961603
19.83627420
19.87920796
19.89225549
19.85046397
19.98740083
18.26326102
18.91326091
20.85836644
18.66530681
18.26554816
19.05387477
18.70165555
18.60980561
15.77312764
18.27872995
18.55264879
18.84896854
16.83869574
16.58423092
17.12772514
17.38070044
16.57934274
15.37578091
17.55470945
16.15715333
15.29048751
16.15928075
16.70547208
17.49925930
15.32788499
16.81807976
12.93521192
16.09675015
15.42499893
16.79223074
14.69115229
14.55201308
16.14423263
15.66549149
13.95101250
15.08255584
14.52555164
13.77948375
13.42559765
13.68393057
13.73403092
11.97621885
14.42872857
14.69174748
13.68398609
14.24330940
13.88353606
13.76385334
12.18284530
12.26461134
12.32101479
11.60173775
11.87220377
13.34240324
12.09128614
10.50009351
12.63779500
11.30021260
10.77336914
11.56643648
10.02336112
10.41862262
11.79161180
11.04780974
10.10441107
11.13683519
10.21953747
9.80748662
9.51055258
8.07810323
9.08007557
8.29736287
8.71870881
8.84545796
9.26235371
7.65025269
8.14029888
7.63226085
8.69402305
9.84968669
7.25626830
7.03903462
8.12730569
8.25531074
6.42894750
7.77772523
7.53933525
6.94904994
6.01701486
7.43307329
5.88562141
6.41593913
6.80635124
7.28522081
5.77289964
6.07780188
5.76914300
6.40044668
4.91790841
5.15585856
5.47256876
5.69493292
5.45939040
5.14085267
5.21831056
5.32582683
4.17496767
5.29371965
5.19094692
4.78445633
4.98433333
5.52709678
5.36098727
4.62733049
4.14467270
4.70464411
4.39867802
4.08382577
4.32023633
4.39835688
4.35378514
3.97944399
3.74699726
3.84802084
4.05638722
3.88354266
3.88986924
3.80198875
3.64461632
3.64735064
3.82842280
3.62775131
3.81472331
3.73556656
3.88618240
3.39275048
3.50622164
3.46205495
3.48016839
3.33296939
3.28546264
3.17870989
3.28618627
3.30860237
3.26130855
3.20491069
3.40714095
3.18703399
3.11287845
3.12174563
3.19369242
3.18565118
3.28349143
3.14488480
3.12873621
3.18316813
3.16798893
3.06809796
3.09627996
3.08856218
3.03885808
3.05469896
3.09899001
3.07750639
3.06620454
3.04317049
3.09003211
3.07405319
3.04226225
3.02682746
3.02742933
3.01657514
3.05141799
3.03608994
3.02479272
3.04888691
3.01403259
3.01274792
3.03658579
3.01043835
3.01614189
3.02563112
3.00225656
3.02496955
3.00229795
3.02599039
3.00336974
3.02237956
3.00831322
3.00195583
3.01409977
3.00604670
3.00069229
3.00929677
3.00509465
3.00747323
3.00165522
3.00417717
3.00270054
3.00171857
3.00132156
3.00036291
3.00215621
3.00313787
3.00049525
3.00021062
3.00024968
3.00063006
3.00054164
3.00025741
3.00028289
3.00068386
3.00121749
3.00007247
3.00028069
3.00009020
3.00023893
3.00000611
3.00014445
3.00006739
3.00035097
3.00028970
3.00004123
3.00001691
3.00000828
3.00002352
3.00000391
3.00002557
3.00003006
3.00000335
3.00018193
3.00004976
3.00003962
3.00001143
3.00000045
3.00000002
3.00000223
3.00000353
3.00001375
3.00002069
3.00000009
3.00005875
3.00000000
3.00000052
3.00000813
3.00000616
3.00000044
3.00001501
3.00000996
3.00000138
3.00000017
3.00000021
3.00000003
3.00000000
3.00000004
3.00000000
3.00000024
3.00000001
3.00000030
3.00000000
3.00000059
3.00000000
3.00000633
3.00000154
3.00000005
3.00000003
3.00000013
3.00000019
3.00000264
3.00000001
3.00000007
3.00000014
3.00000241
3.00000000
3.00000002
3.00000020
3.00000007
3.00000297
3.00000024
3.00000001
3.00000000
3.00000019
3.00000102
3.00000009
3.00000224
3.00000000
3.00000001
3.00000301
3.00000675
3.00000032
3.00000000
3.00000000
3.00000102
3.00000000
3.00000014
3.00000000
3.00000031
3.00000013
3.00000010
3.00000014
3.00000074
3.00000005
3.00000059
3.00000001
3.00000135
3.00000000
3.00000000
3.00000041
3.00002061
3.00000002
3.00000054
3.00000138
3.00000007
3.00000059
3.00000163
3.00000207
3.00000001
3.00000016
3.00000019
3.00000001
3.00000187
3.00000002
3.00000008
3.00000064
3.00000015
3.00000022
3.00000009
3.00000001
3.00000157
3.00000003
3.00000006
3.00000004
3.00000001
3.00000008
3.00000035
3.00000002
3.00000000
3.00000002
3.00000116
3.00000120
3.00000000
3.00000061
3.00000000
3.00000060
3.00000001
3.00000030
3.00000000
3.00000051
3.00000310
3.00000128
3.00000000
3.00000166
3.00000003
3.00000001
3.00000060
3.00000014
3.00000073
3.00000001
3.00000012
3.00000000
3.00000129
3.00000000
3.00000004
3.00000028
3.00000471
3.00000551
3.00000000
3.00000124
3.00000124
3.00000759
3.00000005
3.00000001
3.00000000
3.00000218
3.00000188
3.00000083
3.00001008
3.00000018
3.00000094
3.00000000
3.00000044
3.00000718
3.00000306
3.00000351
3.00000015
3.00000212
3.00000000
3.00000000
3.00000000
3.00000026
3.00000000
3.00000010
3.00000035
3.00000000
3.00000000
3.00000002
3.00000047
3.00000297
3.00001122
3.00000001
3.00000003
3.00000015
3.00000312
3.00000000
3.00000328
3.00000563
3.00000015
3.00000046
3.00000000
3.00000034
3.00000001
3.00000008
3.00000012
3.00000000
3.00000163
3.00000038
3.00000000
3.00000000
3.00000001
3.00000005
3.00000012
3.00000015
3.00000000
3.00000015
3.00000053
3.00001302
3.00000005
3.00005214
3.00000049
3.00000014
3.00000005
3.00000196
3.00000000
3.00000005
3.00000002
3.00000002
3.00000118
3.00000006
3.00000009
3.00000001
3.00000002
3.00000007
3.00000087
3.00000354
3.00000000
3.00000058
3.00000002
3.00000002
3.00000161
3.00000008
3.00000018
3.00000123
3.00000007
3.00000003
3.00000025
3.00000025
3.00000311
3.00000028
3.00000064
3.00000530
3.00000000
3.00000386
3.00000003
3.00000020
3.00000006
3.00000011
3.00000012
3.00000022
3.00001869
3.00000013
3.00000007
3.00000001
3.00000014
3.00000003
3.00000007
3.00000013
3.00000001
3.00000014
3.00001003
3.00000009
3.00000115
3.00000003
3.00000000
3.00000000
3.00000253
3.00000029
3.00001473
3.00000031
3.00000001
3.00000000
3.00000004
3.00000000
3.00000744
3.00000092
3.00000011
3.00000000
3.00000101
3.00000033
3.00000000
3.00000003
3.00000001
3.00000000
3.00000007
3.00000088
3.00000003
3.00000016
3.00000000
3.00000002
3.00000000
3.00000014
3.00000104
3.00000021
3.00000007
3.00000007
3.00000013
3.00001401
3.00000015
3.00000290
3.00000004
3.00000221
3.00000001
3.00000005
3.00000063
3.00000048
3.00000011
3.00000135
3.00000027
3.00000011
3.00000004
3.00000016
3.00000005
3.00000048
3.00000054
3.00000012
3.00000045
3.00000044
3.00000050
3.00000107
3.00000009
3.00000046
3.00000119
3.00000075
3.00000141
3.00000168
3.00000001
3.00000055
3.00000005
3.00000033
3.00000008
3.00000465
3.00000000
3.00000001
3.00000050
3.00000008
3.00000059
3.00000010
3.00000000
3.00000040
3.00000148
3.00000002
3.00000043
3.00000009
3.00000000
3.00000000
3.00000518
3.00000007
3.00000001
3.00001056
3.00000013
3.00004096
3.00000004
3.00000006
3.00000013
3.00000095
3.00000135
3.00000091
3.00000208
3.00001199
3.00000051
3.00000045
3.00000025
3.00000997
3.00000073
3.00000002
3.00000001
3.00000001
3.00000088
3.00000961
3.00000131
3.00000003
3.00000064
3.00000001
3.00000001
3.00000083
3.00000101
3.00000545
3.00000030
3.00000000
3.00000208
3.00000004
3.00000001
3.00000476
3.00000004
3.00000101
3.00000022
3.00000002
3.00000009
3.00000006
3.00000035
3.00000005
3.00000000
3.00000011
3.00000011
3.00000056
3.00000003
3.00000000
3.00000001
3.00000017
3.00000002
3.00000245
3.00000000
3.00000041
3.00000001
3.00000000
3.00000039
3.00000345
3.00000005
3.00000011
3.00000071
3.00000393
3.00000000
3.00000001
3.00000319
3.00000027
3.00000004
3.00000194
3.00000000
3.00000072
3.00000000
3.00000000
3.00000013
3.00001289
3.00000025
3.00000009
3.00000005
3.00000009
3.00001582
3.00000023
3.00000006
3.00000001
3.00000001
3.00005848
3.00000000
3.00000000
3.00000001
3.00000000
3.00000003
3.00000028
3.00000006
3.00000000
3.00000061
3.00000000
3.00000002
3.00001754
3.00000000
3.00000000
3.00000003
3.00000155
3.00000147
3.00000012
3.00000007
3.00000008
3.00000005
3.00000006
3.00000924
3.00000000
3.00000001
3.00000002
3.00000016
3.00000004
3.00000022
3.00000042
3.00000145
3.00000003
3.00000150
3.00000009
3.00000000
3.00000000
3.00000081
3.00000195
3.00000004
3.00000111
3.00000000
3.00000044
3.00000180
3.00000002
3.00000054
3.00000000
3.00000000
3.00000002
3.00000006
3.00000003
3.00000108
3.00000000
3.00000480
3.00000001
3.00000001
3.00000001
3.00000001
3.00000075
3.00000065
3.00000033
3.00000000
3.00000039
3.00000000
3.00000000
3.00000404
3.00000058
3.00000000
3.00000406
3.00000004
3.00000661
3.00000038
3.00000028
3.00000001
3.00000008
3.00000024
3.00000077
3.00000002
3.00000019
3.00000003
3.00000001
3.00000006
3.00000023
3.00000003
3.00000003
3.00000009
3.00000001
3.00000000
3.00000100
3.00000012
3.00000002
3.00000000
3.00000011
3.00000000
3.00000005
3.00000012
3.00000074
3.00000623
3.00000002
3.00000001
3.00001552
3.00000066
3.00000014
3.00000011
3.00000000
3.00000161
3.00000123
3.00001007
3.00000084
3.00001483
3.00000000
3.00000261
3.00000022
3.00000012
3.00000011
3.00000013
3.00000051
3.00000023
3.00000085
3.00000034
3.00000821
3.00000042
3.00000003
3.00000037
3.00000008
3.00000002
3.00000094
3.00000001
3.00000020
3.00000003
3.00003594
3.00000094
3.00000038
3.00000102
3.00000023
3.00000015
3.00000002
3.00000027
3.00000907
3.00003071
3.00000941
3.00001042
3.00000642
3.00000003
3.00000043
3.00000044
3.00000823
3.00000019
3.00000642
3.00001386
3.00000314
3.00001200
3.00011728
3.00000136
3.00021064
3.00026679
3.00001349
3.00008393
3.00001379
3.00002010
3.00003399
3.00000387
3.00000471
3.00001083
3.00000413
3.00003571
3.00002928
3.00000644
3.00001328
3.00004905
3.00001508
3.00005223
3.00003091
3.00004740
3.00001510
3.00014556
3.00000708
3.00024333
3.00015869
3.00001704
3.00005237
3.00025812
3.00019769
3.00011190
3.00015821
3.00001337
3.00078673
3.00003448
3.00071007
3.00009179
3.00119208
3.00016581
3.00084463
3.00000544
3.00062852
3.00033176
3.00662778
3.00066253
3.00024735
3.00128101
3.00049464
3.00185180
3.00244655
3.00022451
3.00167842
3.00355847
3.00166412
3.00044793
3.00117618
3.00096828
3.00321001
3.00141013
3.00263721
3.00164209
3.00017646
3.00492391
3.00699466
3.00183667
3.00393022
3.00153369
3.00591147
3.00899167
3.00266926
3.00619457
3.00830063
3.00545960
3.05734468
3.00180231
3.00082450
3.01122629
3.00341297
3.00640038
3.01262526
3.00608545
3.01189948
3.01674259
3.00738354
3.01080865
3.01624847
3.02007448
3.01785036
3.00548727
3.01920462
3.01565856
3.05216735
3.02859988
3.02209438
3.01138527
3.03699731
3.04067737
3.02499813
3.00793111
3.06505878
3.02755435
3.06672680
3.03153124
3.03128643
3.06404167
3.06744395
3.05307297
3.05680973
3.16897487
3.10237036
3.06092062
3.07472815
3.06837524
3.04243513
3.09051678
3.08875255
3.04304138
3.13257768
3.16634388
3.02877450
3.10946312
3.07522306
3.12019729
3.18258358
3.07296368
3.09439018
3.14027638
3.08768011
3.12468755
3.17392833
3.23947294
3.18661369
3.23972513
3.19362021
3.15461400
3.22473330
3.21915891
3.15395037
3.17659193
3.19009545
3.24325332
3.20053413
3.34534171
3.28068267
3.42478898
3.31293195
3.29158872
3.46415796
3.45120788
3.31738463
3.46606370
3.30974810
3.43355756
3.41178874
3.23366093
3.45153744
3.57403957
3.85230558
3.48959188
3.38253574
3.54472332
3.45245751
3.73694807
3.86243657
3.74929286
3.31316761
3.58106883
3.65625879
3.82242820
3.85194449
3.47660930
3.65052460
3.79461780
3.91415856
3.87141260
4.06102514
4.00630274
3.85697092
4.00246876
4.03501382
3.99415017
4.09821278
3.97504514
4.40440299
4.10497793
4.23740798
4.26739875
5.12955508
4.18438002
4.56441375
4.54142267
4.22192317
4.69197960
4.08801355
4.54458516
4.59978877
4.32294085
4.42667624
5.50369570
4.89299851
4.67411736
4.50457229
4.69687326
4.48329110
5.10599246
5.77919294
5.60940575
5.25808885
5.21284754
5.38377746
5.92966290
5.26799692
4.64973893
6.10899036
5.92935107
5.40180296
6.24152022
5.61255277
5.67954950
6.15446675
6.83400643
6.62433137
6.43245831
6.04494968
5.74660898
6.69317008
6.87931032
6.62154745
5.96612775
7.30120000
6.02192529
7.40364855
6.77119869
6.85496976
7.04795267
6.66752106
7.17830559
7.85587018
7.31896430
7.47083278
7.37106334
8.44259925
8.77223745
7.82473455
7.64513398
8.41065268
8.57740473
9.18285826
9.37112095
8.98310108
8.67602649
8.85412996
8.50313091
9.35242337
10.07096862
8.22297325
10.95376326
8.85777794
10.06746007
10.11680198
8.73270921
10.20763577
8.85024446
9.41675293
9.13748505
9.68127186
10.48332858
11.05319451
10.21627403
10.75553260
11.69104327
11.31392308
10.38003161
10.92807425
10.11854314
11.81292004
12.58360791
11.66684223
10.73206061
12.01542077
11.94714732
11.58840005
10.88875244
11.37541460
11.46528744
12.77778468
12.59183906
13.69166363
12.81336835
12.48096172
12.66151901
12.83513404
14.99741316
14.72303724
14.17612734
13.00187509
15.72604613
13.00848111
14.21874233
14.05430447
12.63573589
14.09029578
12.94670551
13.95135119
14.39399482
15.30736151
14.60455784
15.12382798
15.63273101
14.52532223
15.38692627
15.13413229
14.30384699
16.52843282
15.36369905
15.95374287
16.10284530
15.89081715
15.49590595
16.14423270
16.67347241
17.62527596
15.32051095
18.25407692
17.14613550
17.90800671
17.56792931
17.94987393
17.62872820
18.13975638
16.94023485
15.88026763
19.11894912
19.09893381
17.54335216
18.84127052
17.24478799
19.02084719
18.62092172
18.20832653
18.31400600
18.70690498
20.08649559
19.43263509
19.05598736
18.52935160
19.97368918
19.92675390
20.36296488
19.12135093
19.17092585
20.45890530
19.80690307
20.13167895
21.67483729
20.30145523
22.70883268
20.90986392
21.45050480
19.52549532
19.47255558
22.54526327
21.20617027
21.24557434
21.04246888
22.05889644
21.89593073
22.44455746
21.71611439
21.99689791
23.04659916
21.72559131
21.67246078
23.46188488
22.00214126
22.47438899
23.08069705
22.45679234
22.29976550
23.29058036
23.35721728
23.21931756
23.58109332
23.33647853
22.82609246
24.08179986
23.39575704
22.89944348
23.58790835
22.51107977
23.24167437
23.21160093
23.93090404
24.63428318
24.15898807
23.84714042
24.01670789
23.87131363
25.25446417
23.97388289
24.18414074
23.43800952
25.00942608
24.18594961
24.64271412
23.84016675
24.52170517
23.84069598
25.35590890
24.58486569
24.63955910
25.29984462
24.65790077
25.73990665
23.81802698
24.92475676
25.53393472
25.06531270
25.61374630
25.43917369
25.88938873
25.21899887
26.13911070
25.05891699
25.43928635
26.22966625
25.85625947
26.28899593
26.16563757
25.94031567
25.13661115
25.77463208
26.02677674
26.83698051
26.36815996
25.85414472
26.06239217
26.26671818
26.76280967
26.22967985
26.51525562
25.88345165
25.98364021
26.79750203
26.38203324
26.86396170
25.91954927
26.74758380
27.13084428
27.08029610
26.67400365
26.85330552
27.31349629
27.03774919
26.96746401
26.70343945
27.35194972
26.87980531
27.43091502
27.42775538
26.51068008
27.67804569
27.14070342
27.30394330
27.62244321
26.65706231
27.33250183
26.97616420
27.30200145
27.96449665
27.69052097
27.54420769
27.14958480
27.62489390
27.42814180
27.82450429
27.75393627
27.41524256
27.07194967
28.15792903
27.61759120
27.75314522
27.61791743
27.49528512
28.07794230
28.38210096
27.88785885
27.82363212
27.41925877
27.70978659
28.09681127
28.05358789
28.03462479
27.92196155
27.76920500
27.91265591
27.72610960
27.91398649
27.95713667
28.03718969
27.64188443
28.18452366
28.09905821
28.09601843
28.37641846
28.28392768
28.24754620
28.19096257
28.15027251
28.83342773
28.45897067
28.15917451
28.36580936
28.49078554
28.29952290
29.02520276
28.05418547
28.54383043
28.39562109
28.58726613
28.34138285
28.61818297
28.58608737
28.40534140
28.49770726
28.32255896
28.63564761
28.43069803
28.63563092
28.48467918
28.42169291
28.56025905
28.69273085
28.68152532
28.65505938
28.88585110
28.64584348
28.51025968
28.63705807
28.73130026
28.84426439
28.81185516
28.80712488
28.77080198
28.77717007
28.74946932
28.66295566
28.85130003
28.73701346
28.75189520
28.90871856
28.69892027
28.66642803
28.62944542
28.74020941
28.63946784
28.90758013
28.78045268
28.71747245
28.70578898
28.95629975
28.90773180
29.04994470
28.85187936
29.03885718
28.82807835
28.96768404
28.84935948
28.90168123
29.02303248
28.89456435
29.24898794
28.85256002
29.02679146
28.79710404
28.92098454
29.00438711
29.07909699
28.89446053
29.06496329
29.00895382
29.15926717
29.02375831
29.03947299
28.97444780
29.22468236
29.05460734
28.91494074
29.17781342
29.12847087
29.00223447
29.02801123
29.07640552
28.98862492
29.12771230
29.11910520
29.09122901
29.05975249
28.94309762
29.05318813
29.25846991
29.17134754
29.18319447
29.24553786
28.80685752
28.90673156
29.08856195
29.05808393
28.98251467
29.08631541
28.94580798
28.85123789
29.33966617
29.28255230
28.99621784
28.96114092
29.17141873
29.01515268
29.09916079
29.02101794
29.16112042
29.04990673
29.20115064
29.01338729
28.94417451
28.96768667
29.10794509
29.16592108
29.02390473
29.18938557
29.17584776
29.10628663
29.02454103
28.96143686
29.06244610
29.18027761
29.30634919
29.07658187
28.78116318
28.91943502
29.03660093
28.95340543
28.86444265
29.14246243
28.96120606
29.09838083
28.97628106
28.94500806
28.84499811
28.78337939
28.82939638
29.03734630
28.89710164
29.09805017
28.70933900
28.55833715
28.99165903
28.91166901
28.70559266
28.77178127
28.78257088
28.89310788
28.63029031
28.90651518
28.63012377
28.85280874
29.02644482
28.73610847
28.49868373
28.77931135
28.71023992
28.44737069
28.54042659
28.70054034
28.68041173
28.60495846
28.88386669
28.13980771
28.09306108
28.43508283
28.40564365
28.47054246
28.31258891
28.40063339
28.19905108
28.03506524
27.72008842
27.62035620
27.97899620
27.90866895
28.16598299
27.94978446
28.02936134
28.34453225
27.67412112
27.90738457
27.13956361
27.46269409
27.74701390
27.25273437
27.31058671
26.99903254
26.97933498
27.29407593
27.79636960
27.83849217
26.73243379
27.36489290
26.51947052
26.90137418
26.82005252
26.47370112
26.00883687
26.83070563
27.24898147
26.48732164
26.46519935
25.96224514
26.59328798
26.08377513
25.87320347
25.78834446
25.54480756
24.97550555
25.18889045
25.45399346
25.95451683
24.79521488
24.68837258
24.55539991
25.06365345
24.99906601
25.16653045
24.46299207
24.44724486
25.00207206
24.00504969
24.13130220
23.10093631
24.70295633
23.33014405
24.56343385
23.39615747
22.02218188
22.51248563
23.31186785
22.48839271
22.73322106
23.08457017
22.01145694
21.82292331
21.84409722
22.58623996
21.72405995
20.65339206
20.55839733
21.90397924
20.88115731
19.79517691
18.96865630
20.75711038
19.69242627
20.79984733
19.18125233
18.34240385
19.18812606
21.39409572
18.73386228
18.85711817
18.15614448
17.11108097
17.37944659
17.58957347
17.04526466
15.83403828
15.90592035
16.19914216
15.71570402
16.01784525
16.08387426
15.53452904
16.34549286
15.01499034
15.49468657
14.15386153
13.53614356
14.38567871
12.81306553
13.14933017
14.40868467
13.59907179
12.53498090
13.44188732
13.59249330
12.44339261
11.77575325
11.65723692
12.20354178
11.43066736
11.60912186
10.75924717
9.27496162
11.20647680
10.42462674
10.45538632
9.37401630
9.16948164
9.28422627
10.20308142
8.32605948
9.80263387
9.37513691
8.09136504
7.34632639
8.28961161
6.96508996
7.92942690
8.20176513
6.74310906
6.33928104
6.25267143
7.65996923
8.08317246
6.21347733
6.61082976
6.35152230
6.07852045
5.44848825
5.49729064
6.17120779
5.34653470
5.65071494
4.80075639
4.74013173
5.37753890
4.51458498
4.43716571
5.81535618
3.97556237
4.68528582
4.75063091
4.92043929
4.36716929
4.19782366
4.56700181
4.19521480
4.10858182
4.14517652
3.87292149
4.21820768
3.83618722
3.76384881
3.60332794
3.91309718
3.72094980
3.33875269
3.48070728
3.24231592
3.54030781
3.41019810
3.38412583
3.43474576
3.66766683
3.39035934
3.35520499
3.21832219
3.24091535
3.17520214
3.41340864
3.08551821
3.16164657
3.17737743
3.18207101
3.06289186
3.16871207
3.06698074
3.09683229
3.08849327
3.02716841
3.04377009
3.04500471
3.04080243
3.03159833
3.06234827
3.01227138
3.04268113
3.07519749
3.04221841
3.01768270
3.02568580
3.03296740
3.01622952
3.03309457
3.00965553
3.02759054
3.00573541
3.02467984
3.01021448
3.02142197
3.00906480
3.00133637
3.01167774
3.00347730
3.00443505
3.00198521
3.00303158
3.00051699
3.00061130
3.00101249
3.00070314
3.00027986
3.00089652
3.00050223
3.00073501
3.00002231
3.00001550
3.00017420
3.00020733
3.00025561
3.00006649
3.00000562
3.00010061
3.00000059
3.00023333
3.00028178
3.00002049
3.00000831
3.00000114
3.00002508
3.00001536
3.00006215
3.00020354
3.00001547
3.00023860
3.00004939
3.00001333
3.00001561
3.00003852
3.00003253
3.00000799
3.00001344
3.00000013
3.00000223
3.00000097
3.00000094
3.00000032
3.00000009
3.00000000
3.00000007
3.00000031
3.00000252
3.00000004
3.00000000
3.00000016
3.00000421
3.00000126
3.00002022
3.00000012
3.00000000
3.00000000
3.00000002
3.00000031
3.00000012
3.00000000
3.00000001
3.00000000
3.00000283
3.00000036
3.00000248
3.00000801
3.00000000
3.00000052
3.00000006
3.00000001
3.00000348
3.00000002
3.00000015
3.00000001
3.00000007
3.00000001
3.00000001
3.00000001
3.00000027
3.00000001
3.00000001
3.00000007
3.00000000
3.00000011
3.00000183
3.00000034
3.00000026
3.00000756
3.00000000
3.00001590
3.00000414
3.00000000
3.00000002
3.00000052
3.00000002
3.00000008
3.00000002
3.00000005
3.00000156
3.00000001
3.00000029
3.00000006
3.00000030
3.00000059
3.00000036
3.00000000
3.00000008
3.00000031
3.00000017
3.00000000
3.00000082
3.00000237
3.00000034
3.00001038
3.00000010
3.00000000
3.00000040
3.00000022
3.00000027
3.00000001
3.00000012
3.00000030
3.00000038
3.00000034
3.00000176
3.00000001
3.00000009
3.00000004
3.00000002
3.00000000
3.00000000
3.00000000
3.00000020
3.00000000
3.00000459
3.00000199
3.00000119
3.00000012
3.00000402
3.00000000
3.00000027
3.00001099
3.00000316
3.00000020
3.00000018
3.00000091
3.00000022
3.00000046
3.00000025
3.00000057
3.00000000
3.00000000
3.00000012
3.00000011
3.00000000
3.00000002
3.00000033
3.00000003
3.00000001
3.00000012
3.00000038
3.00000000
3.00000398
3.00000003
3.00000012
3.00000003
3.00000003
3.00000086
3.00000058
3.00000000
3.00000002
3.00000000
3.00000000
3.00000007
3.00000000
3.00000072
3.00000263
3.00000004
3.00000015
3.00000068
3.00000013
3.00000722
3.00000004
3.00001539
3.00000019
3.00000007
3.00000089
3.00000030
3.00000137
3.00000012
3.00000090
3.00000010
3.00000002
3.00000009
3.00000020
3.00000012
3.00000001
3.00000021
3.00000270
3.00000071
3.00000002
3.00000040
3.00000015
3.00000000
3.00000025
3.00000001
3.00000000
3.00000075
3.00000004
3.00000183
3.00000499
3.00000530
3.00000161
3.00000263
3.00000010
3.00000000
3.00000069
3.00000009
3.00000001
3.00000049
3.00000126
3.00000054
3.00000358
3.00000004
3.00000130
3.00000038
3.00000002
3.00000000
3.00000006
3.00000000
3.00000027
3.00000083
3.00000031
3.00000027
3.00000003
3.00000000
3.00000002
3.00001290
3.00000057
3.00000000
3.00000016
3.00000009
3.00000011
3.00000012
3.00000000
3.00000000
3.00000064
3.00000012
3.00000061
3.00002767
3.00000036
3.00000003
3.00000152
3.00000019
3.00000003
3.00000048
3.00000043
3.00000042
3.00000067
3.00000000
3.00001225
3.00000051
3.00000001
3.00000003
3.00002023
3.00000003
3.00000008
3.00000014
3.00000001
3.00000664
3.00000000
3.00000048
3.00000000
3.00000042
3.00000107
3.00000000
3.00000000
3.00000003
3.00000006
3.00000000
3.00000032
3.00000004
3.00000000
3.00000000
3.00000012
3.00000103
3.00000002
3.00000062
3.00000036
3.00000244
3.00000001
3.00000024
3.00000000
3.00000000
3.00000007
3.00000002
3.00000002
3.00000015
3.00000107
3.00000001
3.00000183
3.00000072
3.00000004
3.00000034
3.00000042
3.00000004
3.00000019
3.00000000
3.00001685
3.00000004
3.00000007
3.00000315
3.00000007
3.00000004
3.00000085
3.00000004
3.00000000
3.00000002
3.00000018
3.00000158
3.00000081
3.00000017
3.00000000
3.00000001
3.00000015
3.00000569
3.00000000
3.00000000
3.00000124
3.00000026
3.00000000
3.00000001
3.00000674
3.00000209
3.00000009
3.00000003
3.00000004
3.00000082
3.00000002
3.00000000
3.00000342
3.00000307
3.00000000
3.00000037
3.00000015
3.00000003
3.00000014
3.00000050
3.00000037
3.00000290
3.00000116
3.00000013
3.00000013
3.00000051
3.00000027
3.00000011
3.00000001
3.00000002
3.00000001
3.00000002
3.00001106
3.00000001
3.00000006
3.00000062
3.00000003
3.00000022
3.00000026
3.00000019
3.00000000
3.00000021
3.00000006
3.00000000
3.00000072
3.00000617
3.00000000
3.00000020
3.00000010
3.00000006
3.00000000
3.00000001
3.00000001
3.00000015
3.00000000
3.00000043
3.00004663
3.00000774
3.00000001
3.00000029
3.00000006
3.00000004
3.00008217
3.00000020
3.00000253
3.00000048
3.00000020
3.00000000
3.00000020
3.00000004
3.00000004
3.00000001
3.00000094
3.00000019
3.00000000
3.00000012
3.00000001
3.00000092
3.00000013
3.00000003
3.00000001
3.00000006
3.00000002
3.00000234
3.00000413
3.00000003
3.00000000
3.00000004
3.00000026
3.00000001
3.00000230
3.00000001
3.00000002
3.00000000
3.00000002
3.00000000
3.00000375
3.00000017
3.00000000
3.00000076
3.00000000
3.00000039
3.00000011
3.00000016
3.00000433
3.00000006
3.00000004
3.00001332
3.00001278
3.00000001
3.00000000
3.00000051
3.00000002
3.00000023
3.00000001
3.00000058
3.00000012
3.00000000
3.00000002
3.00000015
3.00000003
3.00000322
3.00000184
3.00000005
3.00000569
3.00000009
3.00000067
3.00000010
3.00000006
3.00000003
3.00000083
3.00000000
3.00001389
3.00000087
3.00000002
3.00000029
3.00000086
3.00000094
3.00000649
3.00000001
3.00000001
3.00000071
3.00000055
3.00000008
3.00000137
3.00000043
3.00000038
3.00000022
3.00000000
3.00000215
3.00000082
3.00000385
3.00000125
3.00000001
3.00000012
3.00000011
3.00000047
3.00000001
3.00000000
3.00000000
3.00001492
3.00000041
3.00000023
3.00000314
3.00000015
3.00000512
3.00000375
3.00000044
3.00000069
3.00000007
3.00000353
3.00000010
3.00000004
3.00000006
3.00000002
3.00000002
3.00000067
3.00000000
3.00000004
3.00000039
3.00000006
3.00000000
3.00000411
3.00000005
3.00000002
3.00000001
3.00000000
3.00000007
3.00000004
3.00000053
3.00000058
3.00000000
3.00000611
3.00000017
3.00000032
3.00001122
3.00000003
3.00000053
3.00000366
3.00000020
3.00000000
3.00000006
3.00000001
3.00000126
3.00000000
3.00000000
3.00000013
3.00001128
3.00000000
3.00000012
3.00000008
3.00000003
3.00004055
3.00001039
3.00000001
3.00000079
3.00000127
3.00000029
3.00000003
3.00000000
3.00000153
3.00000001
3.00000059
3.00000001
3.00000026
3.00000095
3.00000002
3.00000030
3.00000008
3.00000148
3.00000070
3.00000000
3.00000142
3.00000012
3.00000002
3.00002153
3.00000266
3.00000000
3.00000001
3.00000000
3.00000001
3.00000005
3.00000004
3.00000002
3.00000059
3.00000068
3.00000376
3.00000043
3.00000007
3.00000000
3.00000006
3.00000001
3.00000014
3.00000119
3.00000283
3.00000213
3.00000032
3.00000178
3.00000009
3.00000000
3.00000005
3.00000021
3.00000024
3.00000022
3.00000006
3.00000056
3.00000365
3.00000041
3.00000010
3.00000005
3.00000007
3.00000023
3.00000001
3.00000473
3.00000032
3.00000012
3.00000000
3.00000801
3.00000063
3.00000007
3.00000004
3.00000140
3.00000000
3.00000001
3.00000003
3.00000261
3.00000053
3.00000002
3.00000000
3.00000031
3.00001388
3.00000005
3.00000112
3.00000006
3.00000174
3.00000000
3.00000316
3.00000008
3.00000209
3.00000004
3.00000486
3.00001234
3.00000017
3.00000134
3.00000000
3.00000136
3.00000002
3.00000036
3.00000001
3.00000187
3.00000019
3.00000003
3.00000004
3.00000163
3.00000098
3.00000000
3.00000000
3.00000010
3.00000022
3.00000025
3.00000001
3.00000001
3.00000034
3.00000000
3.00000050
3.00000011
3.00000199
3.00000000
3.00000138
3.00000037
3.00000030
3.00000008
3.00000445
3.00000022
3.00000002
3.00000014
3.00000317
3.00000028
3.00000953
3.00000000
3.00000001
3.00000511
3.00000000
3.00000023
3.00000000
3.00000000
3.00000047
3.00000002
3.00000000
3.00000000
3.00000010
3.00000002
3.00000083
3.00000055
3.00000003
3.00000001
3.00000099
3.00000000
3.00000000
3.00001883
3.00000113
3.00000000
3.00002144
3.00001017
3.00000007
3.00000102
3.00000003
3.00000003
3.00000508
3.00000003
3.00000000
3.00000071
3.00000003
3.00000006
3.00000000
3.00000176
3.00000221
3.00000844
3.00000002
3.00000003
3.00000031
3.00000010
3.00000005
3.00000840
3.00000003
3.00000180
3.00000024
3.00001901
3.00000025
3.00000033
3.00000021
3.00000005
3.00000000
3.00000000
3.00000063
3.00000017
3.00000092
3.00000000
3.00000000
3.00000043
3.00000058
3.00000015
3.00000000
3.00000010
3.00000092
3.00000025
3.00000002
3.00000018
3.00000160
3.00000042
3.00000010
3.00000001
3.00000041
3.00000002
3.00000001
3.00000436
3.00001520
3.00000164
3.00000001
3.00000440
3.00000006
3.00000041
3.00000126
3.00000558
3.00000001
3.00000002
3.00000188
3.00000001
3.00000000
3.00000005
3.00000155
3.00000002
3.00000057
3.00000016
3.00000004
3.00000000
3.00000041
3.00000000
3.00000000
3.00000011
3.00002930
3.00000098
3.00000000
3.00000008
3.00000000
3.00000418
3.00000031
3.00000000
3.00000018
3.00000173
3.00000029
3.00000000
3.00001159
3.00000023
3.00000003
3.00000013
3.00000013
3.00000050
3.00000018
3.00000004
3.00000010
3.00000374
3.00000003
3.00000652
3.00000031
3.00000001
3.00000001
3.00000011
3.00000001
3.00000000
3.00000001
3.00000204
3.00000023
3.00000006
3.00000594
3.00000001
3.00000083
3.00000000
3.00000001
3.00000003
3.00000000
3.00000071
3.00000003
3.00000000
3.00000090
3.00000067
3.00000201
3.00000001
3.00000071
3.00000323
3.00000031
3.00000003
3.00000080
3.00000000
3.00002383
3.00000000
3.00000000
3.00000022
3.00000002
3.00000003
3.00000090
3.00000031
3.00001226
3.00000001
3.00000777
3.00000111
3.00000371
3.00000009
3.00000682
3.00000001
3.00000009
3.00000081
3.00000000
3.00000001
3.00000000
3.00000920
3.00000000
3.00000047
3.00000022
3.00000005
3.00000004
3.00000000
3.00000003
3.00000019
3.00000003
3.00000069
3.00000043
3.00000150
3.00000003
3.00000031
3.00000037
3.00000000
3.00000040
3.00000018
3.00000024
3.00000004
3.00000009
3.00000263
3.00000010
3.00000035
3.00000003
3.00000001
3.00000147
3.00000105
3.00000001
3.00000014
3.00000265
3.00000001
3.00000112
3.00000003
3.00000004
3.00000063
3.00000005
3.00000032
3.00000609
3.00000096
3.00000000
3.00000446
3.00000004
3.00000019
3.00000007
3.00000016
3.00000041
3.00000000
3.00000008
3.00000013
3.00000004
3.00000004
3.00000006
3.00000000
3.00000035
3.00002582
3.00000151
3.00000002
3.00000122
3.00000000
3.00000001
3.00000355
3.00000149
3.00000017
3.00000231
3.00000008
3.00000010
3.00000000
3.00000173
3.00000013
3.00002417
3.00001543
3.00000008
3.00000001
3.00000018
3.00000021
3.00000001
3.00000039
3.00000009
3.00000006
3.00000136
3.00000000
3.00000066
3.00000505
3.00000057
3.00000107
3.00000036
3.00000005
3.00000008
3.00000022
3.00000002
3.00000074
3.00000015
3.00000001
3.00000281
3.00000155
3.00000283
3.00000018
3.00000043
3.00000012
3.00000000
3.00000018
3.00000079
3.00000109
3.00000005
3.00000173
3.00000523
3.00000002
3.00000065
3.00000025
3.00000002
3.00000002
3.00000000
3.00000433
3.00000040
3.00000150
3.00000009
3.00000003
3.00000000
3.00000023
3.00000001
3.00000006
3.00000199
3.00000001
3.00005498
3.00000000
3.00000069
3.00000049
3.00000109
3.00000089
3.00001512
3.00000000
3.00000014
3.00000235
3.00000082
3.00000006
3.00000000
3.00000395
3.00000007
3.00000002
3.00000039
3.00000000
3.00000049
3.00000536
3.00000000
3.00000011
3.00000003
3.00000001
3.00000291
3.00000000
3.00000017
3.00000052
3.00000012
3.00000000
3.00000021
3.00000001
3.00000024
3.00000004
3.00000020
3.00000005
3.00000000
3.00000000
3.00000001
3.00000050
3.00000179
3.00001326
3.00001877
3.00000118
3.00000000
3.00000009
3.00000275
3.00000001
3.00000012
3.00000013
3.00000146
3.00000150
3.00000089
3.00000072
3.00000001
3.00000006
3.00000003
3.00000020
3.00000004
3.00000000
3.00000020
3.00000002
3.00000015
3.00000009
3.00000003
3.00000001
3.00000017
3.00000236
3.00000000
3.00000001
3.00000006
3.00000276
3.00000000
3.00000002
3.00000060
3.00001796
3.00000031
3.00000136
3.00000000
3.00000002
3.00000000
3.00000199
3.00000303
3.00000001
3.00000003
3.00000326
3.00000004
3.00000014
3.00000005
3.00000003
3.00000237
3.00000010
3.00000010
3.00000013
3.00000000
3.00000012
3.00000039
3.00000027
3.00000247
3.00000056
3.00000330
3.00000000
3.00000001
3.00000269
3.00000059
3.00000000
3.00000028
3.00000098
3.00000033
3.00000010
3.00000003
3.00000819
3.00000015
3.00000010
3.00000751
3.00000471
3.00000000
3.00000114
3.00000002
3.00000047
3.00000001
3.00000000
3.00000034
3.00000025
3.00000007
3.00000048
3.00000001
3.00000005
3.00000002
3.00000153
3.00000012
3.00000253
3.00000000
3.00000435
3.00000051
3.00000117
3.00000005
3.00000008
3.00000152
3.00000028
3.00000004
3.00000019
3.00000000
3.00000000
3.00000007
3.00000096
3.00000017
3.00000093
3.00000003
3.00000001
3.00000051
3.00000854
3.00000000
3.00000002
3.00000006
3.00000003
3.00000103
3.00000004
3.00000036
3.00000000
3.00000014
3.00000002
3.00000000
3.00000025
3.00000014
3.00000014
3.00000000
3.00000296
3.00000001
3.00000000
3.00000009
3.00000003
3.00000002
3.00000001
3.00000039
3.00000447
3.00000718
3.00000001
3.00000002
3.00000000
3.00000001
3.00000000
3.00000006
3.00000039
3.00000000
3.00000113
3.00000002
3.00000002
3.00000000
3.00000416
3.00000109
3.00000071
3.00000012
3.00000480
3.00000030
3.00000000
3.00000002
3.00000004
3.00000019
3.00000002
3.00000001
3.00000086
3.00000002
3.00000003
3.00000006
3.00000039
3.00000006
3.00000002
3.00002455
3.00000038
3.00000850
3.00000027
3.00000024
3.00000003
3.00000008
3.00000410
3.00000001
3.00000278
3.00000001
3.00000014
3.00000000
3.00000001
3.00000001
3.00000002
3.00000039
3.00000001
3.00000003
3.00000000
3.00000020
3.00000014
3.00000239
3.00000013
3.00000028
3.00000010
3.00000013
3.00000472
3.00000241
3.00000029
3.00000000
3.00000811
3.00000000
3.00000006
3.00000009
3.00000003
3.00001126
3.00000000
