0.40358339
0.48832495
0.85343122
0.19627478
0.56824732
0.55049047
0.32091560
0.73270728
0.78779861
0.48113180
0.35465750
0.35107994
0.47918617
0.30818969
0.33048933
0.36229530
0.96923625
0.89894771
0.65794396
0.42181315
0.21846440
0.34447063
0.50268360
0.36730096
0.35114171
1.09611059
0.57313860
0.30130513
0.37023381
0.52814426
0.41007701
0.42677958
0.54733145
0.44834134
0.20713121
0.45455424
0.76279717
0.68147404
0.28737918
0.54437294
0.63566362
0.70337057
0.58823237
0.34772796
0.52083785
0.55954107
0.37046748
0.63932574
0.58534216
0.47019303
0.53261176
0.12001091
0.07215694
0.16935554
0.58965655
0.23965780
0.44253077
0.30465989
0.82943237
0.24214763
1.02987994
0.23649043
0.53076255
0.47214770
0.35381986
0.64887662
0.57040875
0.46745333
0.43886496
0.80072731
0.34671056
0.56267693
0.67487415
0.45992497
0.23416460
0.37386243
0.30963911
1.15481732
0.48674956
0.63809223
0.11597264
0.46721659
0.55066624
0.54436195
0.80377424
0.08443369
0.38683532
0.50096302
0.24726123
0.53268644
0.22930826
0.35814136
0.17759734
0.48749924
0.43530043
0.38043177
0.64233889
0.20468220
0.36613205
0.74838374
0.71372153
0.72408113
0.34730545
0.21308281
0.41325766
0.30959675
0.34421491
0.34773484
0.33158135
0.24155983
0.76994248
0.48746488
0.56702290
0.34089421
0.36841478
0.40758211
1.12243799
0.24715969
0.50021657
0.82137958
0.64636577
0.61238009
0.43579170
0.91282407
0.36130856
0.49534401
0.32608937
0.53682681
0.17003198
0.78351669
0.40088019
0.22460225
0.84157499
0.54115659
0.26132530
0.40001599
0.52909111
0.59605258
0.39525756
0.26563529
0.53358214
0.72504864
0.56401736
0.79857460
0.18414235
0.15038651
0.79176844
0.37975215
0.27781992
0.37038014
0.37447137
0.37126998
0.39157312
0.43304429
0.23390354
0.35014267
0.64968493
0.59662744
0.30257653
0.47842777
0.33502760
0.56061795
0.38727259
0.32937469
0.51246137
0.44360179
0.33016464
0.46817105
0.29274150
1.07938671
0.13657659
0.58494501
0.23255958
0.81506835
0.35817045
0.35617532
0.59469791
0.48888742
0.39652107
0.40917298
0.44322004
0.56986402
0.61417225
0.74009768
0.34926292
0.71735999
0.46076514
0.32548306
0.40566725
0.34420174
0.55202719
0.57845452
0.35649364
0.31733975
0.37365940
0.42826421
0.69163779
0.36662506
0.29261226
0.40169687
0.23791256
0.65698463
0.54327667
0.42471012
0.24096961
0.41720452
0.37608520
0.44072887
0.62975991
0.75699127
0.34961144
0.75696726
0.46955497
0.19500637
0.35732505
0.43776086
0.71042610
0.88495691
0.30987983
0.43770324
0.45588371
0.68137907
0.52834084
0.30117450
0.83467052
0.11676323
1.01397241
0.70622720
0.60581555
0.43876259
0.87609963
0.89447330
0.17670447
0.34066520
0.36884446
0.40998227
0.56142582
0.71466762
0.70118560
0.26631147
0.14251154
0.56749858
0.44965297
0.62977164
0.30841520
0.41372416
0.06860898
0.69630879
0.48309677
0.79736109
0.53857405
0.46681240
1.13088100
0.19639297
0.67679848
0.39093544
0.83815835
0.58126716
0.59226967
0.57542279
0.18097591
0.49938793
0.38156698
0.21124646
0.62703935
0.54593424
0.52658116
1.02276844
0.36589600
0.46874948
0.27239455
0.52540436
0.80567975
0.27687173
0.18538633
0.48200449
0.61114101
0.31484098
0.51090560
0.52019605
0.47970386
0.54788139
0.39739684
0.38381330
0.64209374
0.70701254
0.34104404
0.67129823
0.25067050
1.04288383
0.68550015
0.44778339
0.25155644
0.45946713
1.06235600
0.32730109
0.22023672
0.94859478
0.56752773
0.60837298
0.35765783
0.26103254
0.35897496
0.20186163
0.47529840
0.62665385
0.42336302
0.40684018
0.51253710
0.34827780
0.33052347
0.46798520
0.38115115
0.97110094
0.83652988
0.67267670
0.34199723
0.91067747
1.03404578
0.29889479
0.27357472
0.51595368
0.77148565
0.57875291
0.28083036
0.31663606
0.59533769
0.51305626
0.70470787
0.76965444
0.82341669
0.45760759
0.50992089
0.81971831
0.70900001
0.20470336
0.65277837
0.36005230
0.73732961
0.75176929
0.60384108
0.37858523
0.51681319
0.77312806
0.55347833
0.06245352
0.64673506
0.97164107
0.17992327
0.36924770
0.40462675
0.57124265
0.19907763
0.26710717
0.47488011
0.44336472
0.45072980
0.38455693
0.53682508
0.47968757
0.47611125
0.39983383
0.34729527
0.50002146
0.41929806
0.51328113
0.38037739
0.62587090
1.18831793
0.64961944
0.46138897
0.28374639
0.51120765
0.40081830
0.51384286
0.36619324
0.79457746
0.37612121
0.27253234
0.37443496
0.58037431
0.66699371
0.25166241
0.44611667
0.47618864
1.27563922
0.53170442
0.63709559
0.46420157
0.58205418
0.17017424
0.17428585
0.25683862
0.51822430
0.60795396
0.69441533
0.84817519
0.32844274
0.26925483
0.89226722
0.94902159
0.72563319
0.72343528
0.28703174
0.46805141
0.74263854
0.33853916
0.45080866
0.53954561
0.51114488
0.39907552
0.64134721
0.38557731
0.38880061
0.73629686
0.50401152
0.27726961
0.44658392
0.46608195
1.06351242
0.80488999
0.29693136
0.25882193
0.62511649
0.63519837
0.42022221
0.55131956
0.50036936
0.61616520
0.96734848
0.33783720
0.56237768
0.36331740
0.68848778
0.34947643
0.84413804
0.38024899
0.37501848
0.48994311
0.51517809
0.74454390
0.38336533
0.27307118
0.97613663
0.55242721
0.17365628
0.51377073
0.36921443
0.32107258
0.80677012
0.45547286
0.47765787
0.79813855
0.19333326
0.64450290
0.22237463
0.29458596
0.49485177
0.10556750
0.66639933
0.39150829
0.73675504
0.40320258
0.51916148
0.72901506
0.29627349
0.72393874
0.70447541
0.64982224
0.05507296
0.21300590
0.45664668
0.47247902
0.41866964
0.24997055
0.57763769
0.33293361
0.19140025
0.45457721
0.40922650
0.32265530
0.36953929
0.09707367
0.60284382
0.23655364
0.36867380
0.40651146
0.20138996
0.54217238
0.60542362
0.78983043
0.41596827
0.64785310
0.30491652
0.24681605
0.15114011
0.88714676
0.64806462
0.62936303
0.37844636
0.26442834
0.11845120
0.62556106
0.52206973
0.48144549
0.39421521
0.16656860
0.42553628
0.34293905
0.32945226
0.48886159
0.78108939
0.28726375
0.42894476
0.96093873
0.55832642
0.34537454
0.62797801
0.54738257
0.13533044
0.72585468
0.55932619
0.35796876
0.73176300
0.59006966
0.41366956
0.50586240
0.36684186
0.54222442
0.61950548
0.34697040
0.41012291
0.73816915
0.30119528
0.57444327
0.72333205
0.28491090
0.27325058
0.26502568
0.16361477
0.31229653
0.73544198
0.30413521
0.36961260
0.47051426
0.56423480
0.45751796
0.63239903
0.96035890
0.49479680
0.06904472
0.49660735
0.49284194
0.12426297
0.64971409
0.53199083
0.38051115
0.21132591
0.50551838
0.53838608
0.40638962
0.46554659
0.56977261
0.22834783
0.28495547
0.46054071
0.57298294
0.48167270
0.29168713
0.50311614
0.44638479
0.24387533
0.32042386
0.75821521
0.39353238
0.28873922
0.36100908
0.19580381
0.53174891
0.22448304
0.40270437
0.44677698
0.44933981
0.35654472
0.47610230
0.51707272
0.80641141
0.48962596
0.68404856
0.78494463
0.92952882
0.27857519
0.22707270
0.33097330
0.28703573
0.51996995
0.34269004
0.45995221
0.39050136
0.97107378
0.55210381
0.55321949
0.33879728
0.49287209
0.14527849
0.35751718
0.17450408
0.84991806
0.35234329
0.34424908
0.46720416
0.55030616
0.79684886
0.22756561
0.97660012
0.54303650
0.66700419
0.90663925
0.31368524
0.57635043
0.31301152
0.72152284
0.72321165
0.73442816
0.21712603
0.06095400
0.28700927
0.40675881
0.55199458
0.91814927
0.61874940
0.88620453
0.37035031
0.33144353
0.49853867
0.40488100
0.30728596
0.49809459
0.81785391
0.55384776
0.33691203
0.52560122
0.40791736
0.62692181
0.60514952
0.06186875
0.55196200
0.78605899
0.25206480
0.95561240
0.59063136
0.39334876
0.25710444
0.86348852
0.29889657
0.92298445
0.47930526
0.34600809
0.59124022
0.51345366
0.53696833
0.10346242
0.30775011
0.68004298
0.20189306
0.98196365
0.39948257
0.31678058
0.78820673
0.27899324
0.56187708
1.01112879
0.56543737
0.22378698
0.66645785
0.42183246
0.25265551
0.32821891
0.42116798
0.82098063
0.58998327
0.45835500
0.45731651
0.79292833
0.48561031
0.40174471
0.59093370
0.40675144
0.79421424
0.46880427
0.22521622
0.60254936
0.67967496
0.47237432
0.24926629
0.76890255
0.40981613
0.99553547
0.45917051
0.57419332
0.21114505
0.98892827
0.36394007
0.15708028
0.72377249
0.98765920
0.26308414
0.23683416
0.66962175
0.53111486
0.49404069
0.31692643
0.32405004
0.21649168
0.45550822
0.27312121
0.57368424
0.56636868
0.56740779
0.66890529
0.44987639
0.40857339
0.55200432
0.58275846
0.56941481
1.01498113
0.17333141
0.75384963
0.83148815
0.25106231
0.74120954
0.35452992
0.57056865
0.65309304
0.47102577
0.65060644
0.40271932
0.40932270
0.12168958
0.42253690
0.33802258
0.15122948
0.88230689
0.51892220
0.67194353
1.04699791
0.46075991
1.10895451
0.70595821
0.94993543
0.46295294
0.92805983
1.15170894
1.19970797
0.70938900
0.77601630
0.22264003
0.69159259
0.55747434
0.31990076
0.67674683
0.56590395
0.59702394
0.52692442
0.54026352
1.04270868
0.69353195
0.50378169
0.96566235
0.42939885
0.32267336
0.44643438
0.81252219
0.75426036
0.51063742
0.53683745
0.84042082
0.96267683
1.01898747
2.26669121
0.47109940
1.30091767
1.19197307
0.60104126
1.01498443
1.09087360
0.80638244
0.51066894
0.64283266
1.64128556
0.98589707
0.64585021
0.47329694
0.82284567
2.20123325
1.42507836
0.96991777
1.49370432
1.42455144
1.27409893
1.28643798
1.02557214
0.43775079
0.97674516
1.45330010
1.41598748
1.35930839
0.89955161
0.75630587
1.90103878
1.77914860
1.52367623
1.48671834
3.62274954
0.29065802
1.73538168
1.77638912
2.29132702
1.62056059
1.04872757
2.50802031
2.65125654
1.77762263
0.79943946
1.04340861
2.22591342
1.09955840
0.97167364
0.41976554
1.66263110
2.98132545
2.10822685
1.45621683
3.16967350
0.58599578
0.57508413
3.38383816
2.73886150
2.10580652
2.87305017
2.30342623
2.10094774
2.19168653
1.49687010
2.87034649
1.36973826
1.17983886
3.76233900
2.43266581
1.05312338
1.62982350
2.53604408
1.53224345
1.16637353
4.47285867
3.40502251
2.68073395
1.18312803
2.15716022
2.04910635
2.21294382
2.15756828
2.13236778
2.53301044
0.51280755
3.00714778
0.84503660
1.09802142
2.62864108
1.79720932
2.15147250
4.02559035
4.76118743
2.84970358
1.56916416
0.98697685
3.91262710
2.71039854
1.09615468
2.82242813
3.12055740
5.12509989
3.06900612
2.43317740
2.35707531
3.89172678
2.00934710
5.52851958
3.35874077
1.75598837
1.91409169
5.04304725
2.98913915
2.56810488
5.55001720
4.85528221
4.09125743
3.60001444
5.37494558
2.32373397
3.03421888
6.89617818
5.30934528
3.91578200
1.61832193
2.50135489
4.25002887
1.39538578
3.19633101
3.11792216
3.84790193
5.05844871
4.99342415
4.01857166
6.31366011
1.45204392
3.33356489
3.88182667
1.87653376
5.81076846
4.51514233
1.15752886
6.19507947
4.62922007
0.69639851
2.83032532
1.86038979
3.46843413
1.23477224
4.47614851
3.59076343
2.81227283
1.29787863
2.99680845
4.57011032
1.13534743
4.31331304
2.12012586
1.72432601
1.60387093
3.47228506
2.92264223
1.85498180
2.10489204
2.18561516
0.95678627
2.29373720
2.08467713
5.61623388
4.94826666
3.38374633
4.82212999
4.70276216
4.04807070
1.88431811
2.26819895
4.96734931
3.55541397
3.54787859
4.47829789
3.46982460
3.67918482
3.99951958
5.74188861
1.01165137
2.26098679
2.62784367
4.25971742
2.16360999
2.84396365
5.06292581
3.58383454
1.39937271
3.90928934
4.43918104
2.39822910
3.33559529
1.93784386
4.64547038
4.57811271
3.28874716
5.45343127
2.89272039
1.27390091
5.33653029
4.08152610
3.49307413
3.69392455
1.69002562
6.24492037
2.30117192
1.77774164
6.08417181
3.19845529
1.81262585
3.02729812
3.22699303
2.41810449
1.83939168
3.97215551
3.31248984
6.00378329
1.69170757
1.47030497
3.03401481
1.44190464
1.09430593
4.08463715
2.46037186
1.79211305
1.08601610
4.81209136
6.38286297
3.62438788
1.89044362
4.42276022
3.32580465
2.69453910
1.87325646
1.58472779
2.69737452
1.95549928
0.67388255
0.37865087
2.39116016
0.91239893
1.19086312
2.10176320
2.32536025
2.00441319
2.93976394
3.98488098
2.87496179
5.18601610
2.91416438
1.94331535
3.55794004
5.19512788
3.77251933
1.41453161
0.57006630
2.38855280
2.16622352
2.78922093
0.78120019
1.91703652
1.77677783
4.24805141
1.71565491
2.52588491
1.49204143
1.69397869
3.01027159
3.25297977
5.01683237
3.90403080
4.74025123
2.62174948
2.68768833
2.57286801
4.05597762
2.75273351
3.26698437
1.87370871
2.11623517
1.07273646
2.76499109
4.65235017
5.95985497
1.47607591
1.93044882
3.39066578
1.83854740
3.42894625
6.01304400
2.18528722
1.81667357
1.13858344
3.01896388
4.67346863
1.16864838
3.00260382
2.64567324
3.65377746
0.93749470
2.05832718
2.51507364
5.15018739
1.75896466
2.83844168
1.21981104
2.15576966
2.82261806
2.07792496
2.83198582
1.63267819
3.32739274
2.96931276
5.19493172
4.02445392
3.82472946
1.38780450
2.91976297
0.48943810
2.87673187
1.34895713
2.67522826
1.71673312
3.97510010
2.16151955
4.92839365
0.69236024
2.76762263
5.09897224
0.83628368
1.94125099
2.36102733
2.87257673
4.83944100
2.45062534
1.87361497
1.74364351
3.35989556
3.30278165
2.67423882
5.68996622
1.08335028
0.56399606
3.49424794
1.65276010
3.59846201
1.74866432
5.00305384
1.14416985
3.08498240
3.53624292
2.66870741
4.63599268
4.32311510
0.33593180
1.42986237
2.31876043
1.01177247
2.74170249
6.77116989
0.74927981
1.98474117
3.79857387
0.82708485
5.33395047
3.03648437
1.18028774
1.76424447
3.64355938
3.70808997
4.14047144
1.59975249
1.93382344
3.48701079
4.22410848
1.90693363
2.13284584
1.73376508
4.67412920
3.16952386
2.87783786
2.97454108
1.91655437
1.20868299
1.83641825
6.11951477
3.73372392
3.16171291
1.27933988
4.52362643
1.63775730
4.72736930
1.75269181
2.24646132
4.44136603
3.00381687
3.77630699
1.04697798
0.85308918
1.96795915
2.12894572
3.41658279
3.81979851
3.75040185
1.42767787
2.61674430
2.24802731
1.25707666
2.93177543
5.12211026
3.60643362
3.33570772
5.66840741
2.88650438
3.44667980
6.89530181
6.34794863
2.14918070
3.11866004
3.20947844
5.57704075
4.56249947
2.20195701
3.11428268
2.01954959
1.18761513
3.62845244
6.14724831
4.41695589
3.25339506
3.16340406
6.76698013
3.43773239
1.67731929
5.19264131
5.83263088
2.53705237
2.70527529
6.69058396
2.28375304
3.63527279
6.22107141
3.74322896
2.81144081
5.48708782
1.88734585
3.79214683
2.91963895
5.45566158
2.52827949
4.56311971
2.00758195
1.89628191
5.14549571
2.19797113
5.13368460
3.05392227
2.97406964
3.16403331
3.65791754
2.48401764
1.44359550
2.36525089
4.33689603
3.07150649
5.90718240
5.98279982
1.78889319
4.05900108
6.18854550
2.46997540
1.58498247
5.54951299
2.36208324
2.23185852
2.91728111
2.56553852
2.38275701
4.40968437
4.74058498
3.66165221
4.15558248
4.00208618
3.06267321
0.94093252
2.23241282
2.57927161
4.77633723
5.05921697
4.46462667
3.72084224
5.61456306
6.87891542
1.16395161
4.91867465
2.93641043
4.68648062
3.27150565
5.81868616
4.50095877
2.72407947
2.58401724
3.70630394
1.57721170
4.22688197
3.66859685
4.27901677
1.70787457
1.30364597
1.51967429
2.20538030
2.69653836
3.65620740
3.75513825
3.58911898
3.83543963
3.96007674
4.07581628
6.30014142
4.32296710
5.27628487
6.61009274
2.32115878
3.53954962
1.58160342
2.56447187
2.10676835
3.09985912
6.24398029
3.43386279
2.67318858
4.22088793
2.02503436
3.46792347
4.31636452
4.29436605
4.00251347
4.09439573
1.10887124
5.16530737
5.08880179
1.45059071
1.68378656
6.63991860
4.15624405
1.49594690
4.72380825
5.39066070
1.40316008
2.35850778
3.54595519
4.34861599
3.07704021
0.65963817
4.35186563
3.14482148
5.89019862
3.36239392
3.73255931
3.42475366
2.55246443
7.54453841
2.49784588
3.93192306
1.87108004
2.15145901
4.70147324
2.96626787
3.66792996
3.53934180
5.00085284
3.83627334
7.14376857
2.41106934
1.81443475
2.02480474
4.36436393
2.33115499
3.76366445
2.42657507
3.86098066
1.25382070
2.78839476
1.92364579
4.09217710
5.44684051
2.44238123
3.53679016
3.81273916
2.37630085
1.34705213
4.69461159
3.83427650
2.42199238
5.21579229
3.06222376
3.79081066
4.41647247
4.49375862
4.15918865
3.37256202
2.95119807
3.58183245
1.95122877
2.87648946
2.80472825
5.85834649
2.50744361
1.77902776
3.43913436
5.23770532
4.18932602
3.75693808
5.49697616
6.25335363
1.76618912
3.78397591
3.98132892
6.69909470
2.32584571
2.76508057
8.34918022
1.76053195
3.62382481
3.48944227
2.88797293
4.86621666
2.68246251
4.75446829
1.56089949
5.59155751
2.48855652
9.48916973
1.23879254
2.96436285
5.47298307
2.30320545
2.98697678
1.72122402
2.13582026
2.20046145
2.08369938
4.37392012
1.44261600
5.77042033
2.23407043
4.04252113
4.75748430
2.82073865
2.22940191
2.54926277
4.32826448
5.61043654
0.82268726
3.10961971
5.32356502
4.71646270
4.78655883
2.32362710
2.38643933
2.81832309
2.47516389
1.39019397
2.72382688
4.36819276
6.23041435
2.67331486
5.06038573
3.53709914
5.00570904
5.08986678
4.42656323
5.11040179
4.05079916
3.33255713
4.06977173
4.35806903
2.15192995
2.75314929
4.18790957
3.84779241
2.82214934
1.54926396
4.25486993
1.82666353
3.28557309
4.94861369
3.57876363
4.81832733
2.51812908
2.82217269
4.14762182
4.32505862
2.47384006
4.92338164
3.38700665
2.27597063
5.78546319
5.46224960
3.70224527
2.74571607
3.28622893
4.79303373
4.33652958
4.02626660
2.20923689
0.97376827
4.72242530
4.73940641
4.57069635
1.13469670
2.42101598
0.70425617
4.30973022
5.75318531
4.72410510
2.78533431
2.90424758
3.68378592
1.81426326
2.23657829
3.21675982
2.89142765
3.87345374
1.40074773
3.88665074
4.37326862
4.49724669
2.34437775
2.34936271
4.44335261
4.71736493
2.48759094
1.03044083
2.22944817
3.69104964
2.15636553
2.26702078
2.80194039
5.74963424
2.04235513
4.17974300
1.90563052
3.53573804
3.21060128
2.17349459
3.82186918
0.84607104
1.56453607
3.29200400
3.70918413
3.37122886
1.48495810
1.24507575
3.98972910
1.81033169
2.59556086
1.19890880
1.94264877
4.08743242
1.56942943
1.14372094
3.21199754
4.33302789
1.51008980
1.47795951
2.20938584
2.90650480
1.85230098
3.37450673
1.61438710
2.48116577
2.90724947
2.08073149
1.53817911
3.37816216
1.82842453
2.69160323
2.06540010
2.20903553
1.95468528
2.18648604
4.05757925
1.69120323
2.60035316
3.31078336
4.00260747
1.85633893
1.56048323
2.15008760
3.02623496
2.24963510
1.42192743
2.71667026
2.48655130
1.72461119
2.67123771
1.37615924
1.15621615
0.45186068
2.20546157
1.24463142
1.89728044
1.57501261
1.92115760
1.67062673
1.34322825
1.16103792
2.49626174
1.47566500
1.93664065
1.32227288
1.55586900
0.73231003
1.73943152
1.28353026
2.04825174
1.56512849
0.95720514
0.96403252
1.50076151
1.18526295
0.82759114
0.51269178
0.90995167
0.90336288
0.76587517
2.37461903
1.04486270
2.65673113
1.82696824
0.44115878
0.92153854
0.69869839
1.78820662
0.55733193
1.15958581
0.39424837
0.99248057
1.18315988
0.38091472
1.58456922
0.70950654
0.58309420
1.42049162
1.32261316
0.48061608
1.12696861
0.97676793
0.36235780
1.74553077
1.32377926
0.90687827
1.43558767
0.99614716
0.59504918
0.89971076
0.25466251
1.40893244
0.35319662
0.74746484
0.59951821
0.50299479
0.48279147
0.48494944
0.62533958
1.08659242
1.31757035
0.56400485
1.57418982
0.73291403
0.47400523
0.88079126
0.39258894
1.02873382
0.41075166
0.29518096
0.61497474
0.88673813
0.53823006
0.42137702
0.15908809
1.13977978
0.25292711
0.52971850
0.45966496
0.66485208
0.23009315
0.48517229
0.14812324
0.93293158
0.66745878
0.48955668
0.71570552
1.03903673
0.43822917
0.82768022
0.47598686
0.34653088
0.40755907
0.27475165
0.81502480
1.00123698
0.45708949
0.69843635
1.04090791
0.40436375
0.40910299
0.27912610
0.34371127
0.15416981
0.15691174
0.39486320
0.53340474
0.39545025
0.56433801
0.74780658
0.40252288
0.73759181
1.14854199
0.79937748
0.65125054
0.36044868
0.64614108
0.75032113
0.82082113
0.50779482
1.22777129
0.36034323
1.53739884
0.15208142
0.38953008
0.24924866
0.97326116
0.48428439
0.19452604
0.44065767
0.39447563
0.28839377
0.30679671
0.21572117
0.59040347
0.31396011
0.64193134
0.50066332
0.18853079
0.52211700
0.66641535
0.92615788
0.26881009
0.48242982
0.46237264
0.34286929
0.57029572
0.55039116
0.13680378
0.68623002
0.57616583
0.72032190
0.36468600
0.42160496
0.70696705
0.32863009
0.43414265
0.16009967
0.72294313
0.10634442
0.18303389
0.93995125
0.33801924
0.48073019
0.82199780
0.79011084
0.20637952
0.31142265
0.63586588
0.61788542
0.40817218
0.75377630
0.11219619
1.27168174
0.42010836
0.10993966
0.80330892
0.47139376
0.72955152
0.61014750
0.51213630
0.30606765
0.58258167
0.35258822
0.15503366
0.53749102
0.52690351
0.57031819
0.57473766
0.38726622
0.41067317
0.63552618
0.69735889
0.79953292
0.36657291
0.39527087
0.20913248
0.55943451
1.08873574
0.50139016
0.73478143
0.90741948
0.20519951
0.49277235
0.62114668
0.53137157
0.75737919
0.58609621
0.75683204
0.54205089
0.87545407
0.75909013
0.39474821
0.16084129
0.15982654
0.73261294
0.72826111
0.61056382
0.81536747
0.85166665
0.78003895
0.54699934
0.61844581
0.74322015
0.70702269
0.32625927
0.66727539
0.63079379
0.87378236
0.93388768
0.40901894
0.39513477
0.67770171
0.64506350
0.37360969
0.78848541
0.60776862
0.66133566
0.34055865
0.66708931
0.41040937
0.49918320
0.34933075
0.76058327
0.24767191
0.60809076
0.33991888
0.54716372
0.57938698
0.62301900
0.69036290
0.56646906
0.46955333
1.07885505
0.50044422
0.30679642
0.41857422
0.34804845
0.38472502
0.61528116
0.87556319
0.40543696
0.23958489
0.29670562
0.49384888
0.83712311
0.47319344
0.24806352
0.63588143
0.31413723
0.51401703
0.76029447
0.27321582
0.43380584
0.56299422
0.37686677
0.71817994
0.56441330
0.37801037
1.30763648
0.64760690
0.46279413
0.40048825
0.53045948
0.67082988
0.48382919
1.18953119
0.60874807
0.62092827
0.65469946
0.65721347
0.51001597
0.27200572
0.29034601
0.47772279
0.32873655
0.43647004
0.83769488
0.32033752
0.20244780
0.50340479
0.49813327
0.54870465
0.74789880
0.66920049
0.98664709
0.66478773
0.45944730
0.52691939
0.21476498
0.47764294
0.20649592
0.06871304
0.52655113
0.30305655
0.33230225
0.44675973
0.50892235
1.13066630
0.35450165
0.48062295
0.37648651
0.42683173
0.42470381
0.44560728
0.17972488
0.40658862
0.11056263
0.97034403
1.00255606
0.36754313
0.50387257
1.25853806
0.57872158
0.22660648
0.27375462
0.25884167
0.54906480
0.42041822
0.65420139
0.23130735
0.57852589
0.46894214
0.80790849
0.48438094
1.14651280
0.59484003
0.52823746
0.70076493
0.74421268
0.45418057
0.51229491
1.06698193
0.34826792
0.50788135
0.38173076
1.18860475
0.64921731
0.64123132
0.63364423
0.92578494
0.32237172
0.34030287
0.63134391
1.00204683
0.80690774
1.15206330
0.80983277
0.41978300
0.82037335
0.64453723
1.20899554
1.04415989
0.41290831
1.04218726
0.93037863
1.18602573
0.61710719
1.19739758
1.49276887
0.72642828
0.57894249
1.70891169
0.46161343
0.69160399
0.78774998
0.89482784
1.06332628
1.22579735
1.50381975
0.67591585
0.41554544
0.52226347
1.43697251
1.16738623
1.01220973
1.47668250
1.20132959
0.79966055
1.26457190
1.75202119
1.44541278
2.91495605
2.10196701
1.33326366
0.72100047
0.83499089
1.27423954
0.51746564
1.76169867
0.75734526
1.34406073
1.00076764
0.24120929
1.48633545
1.95106122
0.61369351
1.29079637
1.62834323
1.81354938
0.91732520
1.86320159
2.25897329
1.34797450
2.73095694
1.94568720
2.56409194
1.84867844
1.47589382
2.92686335
0.81783227
1.92201636
0.47576726
0.88684448
1.94982855
2.33530883
1.64571477
0.83175727
2.29776440
1.83657533
2.17230131
0.88761877
0.66693890
0.19970619
1.48426211
1.33569583
1.80013343
2.51860129
0.78351284
1.59081944
1.74661787
1.67787888
1.38775328
2.05217623
1.70565223
1.24282950
3.83649065
1.28141274
1.58813892
1.38020607
0.67774863
2.08746804
1.22043631
1.04359601
2.28736677
2.50495925
2.42685328
1.19090491
1.28888888
3.38221445
2.18925671
1.88554909
1.85345535
2.84569068
0.54667915
3.38274688
1.42159467
2.29297998
2.04734152
1.97984848
2.08814198
2.29003198
4.33370728
1.74197076
2.46607948
2.33370310
2.26357902
4.94211594
1.92488926
1.20162167
1.83526767
3.13102186
1.14533562
2.62087513
2.61992530
3.43419760
2.52275419
1.35729038
3.35106565
2.07958089
1.47997412
2.88989566
2.98908279
2.10052408
3.38204769
1.97263640
5.36262587
2.09949309
1.69134367
2.89185851
3.07404558
5.75939081
2.60602427
3.98519092
1.95300233
1.40764456
4.37515611
3.87137803
3.26261777
4.87570685
7.87406495
2.23413278
1.88885248
3.00812671
2.35104063
2.80662442
5.48453498
1.94936331
2.76580340
1.83679516
4.85173925
1.54655760
5.55807355
3.03091311
2.50523426
2.72829826
2.67787575
2.01664628
1.58893105
1.57567764
2.01459310
3.66243044
1.83433136
5.59837997
2.00440610
5.04807081
6.03744583
4.86209404
2.39383933
1.25497271
4.53612206
3.64244712
6.01142336
4.85154739
2.56152234
1.23521296
1.39743577
1.99187815
3.68221485
4.89013898
8.75805890
5.64084700
1.80205977
2.44485040
7.23673442
2.66758592
3.58577375
2.76752422
3.43309579
3.05527303
1.93606389
6.82485196
1.44867537
5.50503978
4.67188808
3.55509049
1.65906511
9.23177299
2.51711682
4.63686396
6.77948682
4.76067993
3.90927833
5.71566440
5.17688615
6.32596385
2.98058260
3.72923040
5.00844480
5.24656372
6.14104935
4.88003654
4.65513616
5.29032850
5.34837259
6.74660095
5.80226682
8.43056510
4.62428399
4.07327855
5.02499229
3.15922594
3.07494055
8.48437701
6.97139707
6.34463750
9.32160072
5.70202688
5.00736978
9.58665137
6.92372278
7.11463490
7.42763136
3.79972061
3.42604453
5.12680975
5.89833664
10.98460451
2.33605767
3.35132550
3.77164482
5.44332328
5.65255163
2.73151292
6.93501908
5.61179823
8.31136110
5.65136891
7.42228363
1.24067861
4.38737801
5.68681736
6.86650019
5.96881089
3.22907958
4.37287175
6.64419871
7.84411646
3.50586009
6.95617285
8.86908615
2.55850283
8.04236472
11.52453188
3.27884284
8.78569110
9.14572306
7.96611207
4.67848673
5.11560232
5.62794849
4.02192911
4.78249315
7.08712587
5.13816919
2.23044755
4.86711391
2.01020599
7.79732259
6.00514139
4.52887671
1.56292177
8.01905093
10.98519687
8.70310029
6.33728982
5.29782271
8.16390758
2.90679510
4.23195288
4.29112316
4.95712421
6.19556672
4.57582167
6.82215507
6.62881775
5.66080395
3.71330013
5.64692699
4.88165363
4.43682182
2.46660236
4.58973571
5.95837076
2.08178044
3.80412642
3.56835513
11.15450031
4.28687946
6.50446891
4.48997452
6.84887678
11.99638061
1.47046901
5.38211320
2.15195401
5.72444046
3.93588446
3.38307452
8.94961626
9.57054122
4.98534119
4.76945058
10.14026098
3.00410199
6.29658512
2.58931521
1.98116083
5.49328310
5.80985733
2.12977323
4.60363175
5.68530464
6.16694169
0.77547617
12.98188011
2.54604551
4.90845629
7.52356706
7.28695960
4.93178055
7.52959419
2.60343351
5.19562641
3.62983369
9.35807117
5.99549172
3.32068020
3.64947024
7.95988332
5.49729621
8.11107776
3.74346663
3.08491821
6.09677624
4.56767381
5.07445118
7.11385087
3.95202755
1.63632856
2.08301106
7.66416470
6.09494197
6.37592681
3.08885914
5.84081116
6.96068482
5.02465002
9.23196950
2.33761706
2.01586769
3.70534660
5.94893703
11.67647825
7.62666611
6.35309073
7.40644147
7.56567489
3.62677095
5.45172789
3.52385391
7.23542796
4.58484151
2.57732141
4.14550400
1.03596619
4.85410365
3.25816674
4.64865586
1.89421879
4.73084846
3.70770628
2.41839629
4.19814671
3.68836919
7.12569857
8.49326644
3.86140978
3.02922545
5.62443898
4.87746911
3.75052560
5.81061331
3.74971062
2.17808305
5.23622470
5.95515686
7.89728216
6.68138155
0.72928874
8.15662554
4.96729462
3.40388212
8.02152978
3.29469499
5.30701335
3.82340475
6.16464656
3.64151012
5.38320453
5.06198199
2.80023559
3.23478629
2.91762271
3.33125539
2.93900648
6.29235444
4.97652865
3.85845869
5.06953454
1.14253747
2.23652234
5.27557701
7.04802042
8.06654302
6.78869259
3.44652850
4.61406195
7.43831764
1.50367606
7.32177373
5.53298295
5.10302871
2.27937712
3.84251841
4.54130770
3.76211733
2.86039094
4.88670981
5.37897717
4.90306020
1.44132112
4.28261829
4.93300068
0.84056919
3.46258998
3.23301423
4.90640205
3.74135845
4.96558869
4.15255674
1.50252931
3.03341737
2.28725398
7.17132332
4.62727148
4.64219627
3.45866734
4.34093213
7.62925847
8.16234825
3.32493890
4.14678520
2.72952936
5.44057565
4.53140765
0.73423695
4.33564250
4.58942181
6.13772320
5.48536352
2.64050855
6.42221225
4.58568175
4.17894157
0.88768132
3.42938095
5.32705273
3.82131623
3.76257501
1.46280270
1.08206528
5.27151124
3.70457083
3.74250244
9.75120440
3.39921488
7.14876361
4.53521599
2.99534620
4.13833079
3.40206704
4.33888092
3.27657370
2.81386747
1.40424181
5.25232402
1.42488372
1.69806464
3.76817331
5.33510308
2.59799317
5.44705817
9.41984090
2.79201593
5.46722417
4.77236962
3.66679292
2.34481482
7.16363751
4.64560118
1.89445895
3.34834881
4.71515158
2.72857163
7.95981063
2.37716006
6.20215910
3.23067943
4.49151275
5.04647174
1.98861268
5.40254468
3.28231490
0.97145502
4.04392248
3.73554200
3.74927472
5.79929240
8.71532102
6.57703160
6.03637135
2.06311419
6.68669776
3.83836990
8.66824387
2.85819510
4.94813909
5.80599173
3.07019629
4.08957434
6.36411864
9.23426882
4.64305133
3.78489384
2.49278256
6.37441805
4.54295917
9.01128805
1.70529498
4.78594513
6.46603557
2.59269679
10.38011874
1.50088932
8.98029419
5.01394628
1.42747348
3.72540146
8.21183868
3.83015707
11.29416442
5.07118749
4.38137789
3.99178247
2.48403341
3.29368643
2.31207753
4.94289084
6.53931859
2.22614986
2.37314390
9.04244630
3.04961178
1.38253446
8.26609383
4.54276738
3.90110970
5.29666723
5.51028787
3.51843347
7.46701085
8.09940407
1.30023441
6.12851661
6.02240872
2.15723317
5.81349843
1.59498967
2.43747135
6.47124695
3.77915297
4.23643890
2.22213018
7.38636812
7.51779898
4.52025959
10.44336461
5.71923236
2.59669779
4.32883123
3.46541893
3.27090136
5.86244522
5.93941422
5.70516494
3.58329342
4.32425299
9.85563277
11.15447288
5.25882992
9.49070638
5.58832034
4.86049720
3.44530183
6.86513568
6.07284249
2.77198903
3.09068999
5.50500639
3.18562409
5.16954188
6.06180242
3.38510367
6.00965125
7.41135280
4.20555026
6.49353324
3.12295947
8.64756795
3.83722107
5.69905072
4.91104409
5.85792948
1.86206183
3.72936783
9.81184774
8.81573997
5.32045542
6.08545410
4.71199678
3.50356295
0.95236993
1.95226261
7.40478586
4.94268786
4.60663348
7.21339663
10.33256725
4.84896770
5.33909960
3.04322587
3.78683584
3.37464125
4.52979633
4.80881708
3.64406657
4.56351643
8.91022840
5.84298314
6.81549172
3.51326253
5.09733462
4.73827842
6.42577626
4.25535607
4.16019460
6.32159539
4.38840920
9.28163760
5.87235728
5.40541455
4.30782435
4.14131895
7.88223239
5.25219763
5.47931465
6.92879539
5.98097621
0.52950379
5.69822920
5.03206394
4.91807455
4.27454629
5.61390953
4.19221769
2.52635738
6.80052359
7.47648008
2.82148008
7.03079739
5.22746954
4.05431063
6.74883665
7.36466323
2.28406219
4.85691052
4.14586104
6.21376941
5.97954617
5.17058201
7.69164898
2.08036834
2.46904658
5.94136601
7.05027634
5.36767415
3.99689747
2.91701047
7.92242648
2.37654616
6.21534085
4.08895421
4.64842219
7.07266846
2.08901699
2.88675568
2.09304792
2.55077333
4.19271510
2.23153609
3.23630013
2.63295551
4.97318936
3.46666420
4.01719243
8.50382404
6.98642762
3.25114331
5.39211664
3.80353265
6.76457837
5.81989940
2.88378177
4.20141462
3.43589126
3.37778103
7.42943025
4.39589970
3.79012293
3.81188742
5.45944394
4.62128431
6.99637696
4.17463687
6.66672960
4.12619677
3.24632261
6.38468114
5.19437516
6.49236542
0.96799827
3.21672737
5.18587972
8.71145001
2.92387381
6.92069015
4.96121797
4.22933042
7.36321907
5.74248144
3.28310349
5.83295207
6.45878832
4.16874338
3.51799835
3.36331529
5.57983440
3.27646704
2.76457710
5.22959176
2.14789263
4.75796545
2.18447392
3.74584111
11.57457332
1.67797261
6.27115997
6.98465410
6.40505392
1.57675104
5.09037956
1.78421646
2.98665153
3.27341760
2.49830317
2.21126255
3.37013129
7.34871370
12.86542786
7.66779612
7.66319722
6.05884508
3.13662822
1.67896943
5.02070225
1.24652376
8.54264013
4.64689652
3.40369627
3.45783815
4.19909860
3.14609636
5.83391374
1.94254034
3.52003620
6.31424238
3.27281429
2.60592899
3.69023453
1.69876062
2.47986644
4.05823270
2.94359061
6.53408901
6.25990469
2.34059655
1.97675947
2.82609038
3.20522600
2.93615605
1.27351666
3.24772172
9.10982336
2.70177810
2.08456280
2.91413017
1.85103743
3.02343381
1.55730585
5.39065116
5.77794391
4.74164874
3.40467138
4.37317537
7.19488827
3.62641064
5.12908608
6.52984616
4.77646891
7.34285315
1.76186810
4.48007660
4.44781145
8.31093293
6.64225691
6.16531134
6.02130270
2.54846985
4.88852004
8.54780299
1.31241937
2.48407342
3.60156624
3.91718576
4.90577364
5.04121739
6.99845377
9.31398528
7.34627010
7.78758821
6.50226586
3.54096905
3.60992729
6.25655288
6.03826381
5.99867058
7.73224217
2.32037721
3.29471165
1.39690678
3.90183025
2.58567505
2.23154388
6.54509096
5.98198783
5.49440474
6.58323675
2.33564992
2.17814196
3.65593547
6.35943183
5.50088377
3.75091002
1.39691559
4.88912643
7.57506262
0.36305208
2.31049332
4.64729570
2.47542165
1.90872622
5.48484762
3.66196153
8.07128997
3.82638808
6.67168140
0.86171378
3.37574852
2.08413127
3.68507119
6.63466959
9.18186004
3.26425084
9.33860177
3.69785927
6.34775856
5.33801354
2.65786677
5.62247139
7.76994259
3.78373032
2.87458644
7.62779448
1.90533392
5.69353277
7.46478118
6.51174253
4.01936547
3.37433375
8.09236764
1.86618609
6.25220329
4.98268940
3.72113029
3.98899704
2.57266640
2.62313072
1.53955261
2.20073928
5.53536831
1.28613408
2.45667164
6.81283848
3.28813999
4.49621618
4.51806625
2.91855354
4.13088284
2.60041099
5.61182421
1.60758692
7.21067066
4.93481856
3.72668414
3.11435564
8.40116899
4.29071581
2.36716196
1.94456795
8.11060275
7.18597861
7.66921307
2.55069556
6.10378256
4.25755537
9.27175264
2.33271096
1.78991568
2.65944491
4.74727841
4.31056729
4.51162560
4.88123741
6.84299512
5.35902635
1.99749907
5.63106908
7.40494155
4.07019315
7.64919326
8.69284074
3.76947884
5.58117833
5.79357628
3.09872792
2.58256950
8.41899295
2.06871935
4.91544955
6.77445898
6.46175722
8.08480893
2.61882337
1.33407699
0.99205739
5.87692874
5.80536891
4.04009370
2.58382517
5.51106812
5.74757877
2.27932802
4.22822262
1.09179687
2.84078080
1.50961967
0.77838531
3.73161361
3.47835207
2.55131087
1.09893056
4.65597888
4.27414964
2.25503509
4.28646608
5.05353165
4.66452647
6.48919559
2.31729467
2.66452397
5.75172908
1.39150718
3.31412933
4.33409123
7.87986293
4.04324273
3.57765277
2.49369156
4.69377916
4.75204449
3.88902147
2.35437184
3.57641785
6.10538798
2.75116874
4.05296541
4.15911957
4.02050012
0.44470688
1.84450253
3.92906496
2.48755644
0.92701324
2.49989977
3.35823167
4.27345461
5.12194637
2.78019405
3.29606064
2.56197375
3.84626242
1.63709259
1.69620883
3.76688730
3.98614134
2.26198183
1.60749797
2.32787266
1.79624886
1.79484357
2.39016124
1.96999380
4.28269013
3.35208595
3.54150691
2.59571071
2.74306885
1.34850695
3.21434626
2.28729817
7.19752719
2.48104461
1.26215896
2.17314418
5.10783663
1.07707979
6.27003907
3.48145381
0.59647970
2.81589199
4.25380095
7.27489249
4.27713302
2.94059420
4.56524626
1.44891543
2.70924618
3.73763795
3.21064400
2.40831172
3.03922860
2.35000071
3.59099764
0.76494777
1.11221876
5.39884719
3.04825823
1.95861866
1.59985122
4.90373576
4.42088788
2.54603107
4.08443170
1.52953239
1.79552986
2.24080513
2.36506580
1.75574770
3.10366892
0.21497783
2.18866355
1.50429259
1.78725592
1.49671194
3.08776025
2.96744212
1.08262997
4.18919184
0.51220096
4.64175919
1.24861895
1.68651250
2.35272246
2.52105618
2.11678900
4.89861364
4.09598899
3.46415706
2.73357158
1.36796570
2.19449349
1.60497102
2.19228464
2.12516469
3.46298402
2.93089661
0.51758031
2.16646543
2.11996984
1.23822438
0.95594403
0.48182475
2.23531044
1.15715523
1.55366584
1.53760297
2.21686624
2.99906802
1.13549044
2.10970254
1.25629986
1.55074519
1.88625029
0.58201748
1.58844477
1.74735777
1.45606525
2.18406688
1.30711510
1.10114291
2.14942780
1.94021690
1.82430507
1.93813338
1.08892158
2.54114582
2.80123701
1.72871702
0.23232283
0.81857279
2.76585777
1.81016439
1.34814542
0.84267616
0.80624323
1.57602939
1.46252329
1.59822551
0.50074499
0.37225082
1.91347528
1.96875208
1.16030832
0.94517134
0.81999148
1.28310462
1.12971848
1.95361895
1.40562036
1.15804362
0.83258015
1.30548806
0.60387604
1.64568314
0.76068980
1.63029610
0.94068342
1.21270703
1.20935412
1.51963328
1.54796295
0.40528406
0.74530058
0.53870330
0.93157361
1.31051112
0.56266575
1.35094269
0.79500763
1.23898727
0.56487560
0.54670257
0.95246305
0.63201780
1.26595209
0.46552653
1.54104093
1.25018555
0.96423368
0.53961985
0.56975559
1.35062681
0.74180713
0.88822692
1.13017981
0.74162809
0.60998527
1.22155484
1.23175725
0.62848476
1.09225881
0.55263298
1.26391856
0.66990998
0.58116297
1.13235106
0.73492796
0.83021000
0.53516690
0.52515167
0.49239807
0.69126969
0.46367006
0.66871105
0.63117340
0.76862813
1.38985804
0.66042216
0.57192433
0.68718420
0.82685496
0.51966357
0.93560777
0.85233357
0.64752143
0.94974695
0.67630230
0.42761738
0.37393552
0.15081491
0.15294788
0.36355067
0.26552934
0.59218539
0.53718863
0.60733175
0.62168026
0.90858623
0.35448663
0.29366181
0.84588154
0.75675838
0.61952463
0.76721427
0.57854931
1.19253807
0.60896041
0.39500480
0.88049016
0.71061025
0.55471456
0.59531114
0.41391432
1.27489052
0.68991734
0.42118720
0.44053188
0.36937848
0.53851730
0.37263152
0.25024618
0.55379316
0.62571391
1.14362392
0.91021977
0.52229542
0.64132181
0.48116165
0.52755772
0.75951442
0.66309793
0.19135486
0.32095422
0.65500558
0.62745339
0.26553725
0.65793441
0.69266256
0.62483679
0.70823055
0.51809212
0.48657065
0.74822558
0.62961238
0.31173379
0.12793775
0.49402470
1.19165491
0.73351596
0.98044475
0.49718278
0.37978447
0.93942963
0.71343808
0.31074506
0.87561556
0.41769984
0.64591517
1.00028641
0.52153377
0.68202795
0.49146948
0.47545648
0.22890247
0.64350690
0.29400941
0.56509607
1.08838893
0.42995821
0.14739468
1.26791514
0.66363165
0.35236914
0.86343167
0.36491259
0.55987083
0.53847536
0.51673564
0.34580368
0.60890043
0.80527658
0.84631981
0.60043626
0.38880843
0.43677793
0.38518108
0.72257975
0.59090813
0.23032093
0.37599203
0.86073534
0.44516864
0.63024543
0.66690103
0.72416234
0.39322202
0.40998420
0.53108909
0.35847444
0.80817177
0.33804713
0.25150158
0.59109580
0.84488368
0.53930444
0.36467762
0.87015368
0.72864130
1.07844938
0.61849629
0.37253221
0.71683675
0.57389894
0.49150317
0.51933633
0.73450372
1.16048585
0.37510193
0.33370892
0.13443450
0.29488651
0.18862388
0.75492112
0.64972827
0.52772103
0.30068745
0.53278199
0.51762636
0.60783918
0.30597935
1.14974704
0.66149723
0.24017839
0.53942094
0.38234029
0.47038485
0.50049115
0.33972827
0.57478550
0.20974944
0.59615201
0.50128127
0.57949698
1.14526443
0.35670200
0.57351544
0.52055770
0.48446437
0.08773302
0.66169907
0.38548430
0.36278661
0.19838710
0.39227729
0.95618285
0.31569360
0.75334917
0.36986289
0.34926440
0.60116708
0.37714414
0.50278776
0.90984674
0.55019409
0.54768334
0.35771225
1.01977663
0.71828678
0.88575767
0.24669768
0.30987190
0.99229765
0.69578933
0.84790192
0.46706043
0.22666631
0.71470273
0.60416150
0.16144746
0.45015662
0.38142418
0.27502937
0.37135599
0.23752542
0.44092377
0.24614833
0.50233540
0.34227535
0.33542733
0.69246795
0.52446382
0.23679482
0.98726219
0.33750336
0.72021472
0.36302979
0.61672414
0.61881221
0.21934052
0.58889822
0.54228106
0.72225315
0.44557771
0.66670578
0.93885732
0.51595570
0.85325026
0.50321072
0.59056395
0.82300978
0.30065787
0.44479785
0.49411132
0.20575542
0.46680953
0.42090618
0.45295123
0.50180672
0.67563016
0.46245201
0.88186468
0.50424767
0.31332563
0.17611644
0.58328423
0.28039490
0.66437845
0.58913533
0.17651416
0.72350045
0.32559749
0.26842112
0.21482050
1.16078236
0.58037877
0.25665544
0.55756979
0.38779527
0.61799735
0.58837330
0.29152024
0.56554024
0.33343249
0.85869768
0.45849282
0.42855416
0.38139222
0.89033889
0.98890806
0.30831068
0.48876310
0.15216577
0.21788319
0.74851233
0.29903532
0.60161495
0.47144487
0.69322118
0.71186734
0.54680383
0.61780364
0.39240653
0.77476823
0.47490986
0.08713132
0.49308811
0.46143411
0.70984244
0.32321681
0.43764062
0.76461656
0.18526640
0.36223546
0.61010168
0.57297208
0.73961151
0.45402273
0.65876913
0.43856504
0.72318634
0.42095847
0.58323411
0.58959328
0.44840918
0.62029599
0.46927588
1.01536978
0.50591265
0.49783408
0.76941412
0.21906445
0.47530922
0.71664375
0.60546050
0.55203475
0.73104593
1.25428585
0.14022107
0.30899951
0.63947934
1.14837480
0.40713361
0.97842208
0.72834026
1.17413917
0.54965611
0.49072417
0.48886599
1.17953043
0.80317539
0.45736457
0.86762496
0.63578187
0.64100107
0.52646274
0.80454732
0.64323393
0.24139460
1.14991822
0.72027903
0.66935427
1.23453141
1.37844513
0.73351773
1.35313994
1.23689149
0.96417822
1.63100999
0.36916395
1.71679443
2.07351156
1.62988309
0.65712938
1.23912629
1.04332161
1.14582985
0.96354508
0.69769065
0.77927368
0.71456693
1.91280206
1.00910086
2.04004596
2.10339380
1.13001782
0.64994998
1.30196555
1.47727914
2.48735636
1.31112365
0.91861360
1.33620590
1.35872700
1.10702712
1.57497388
2.06742745
1.04865798
2.23672983
1.86077704
1.60259469
1.34964455
2.50020001
1.34288751
2.50368389
1.65132108
3.23915636
0.60242147
2.02400308
1.86850250
2.95448567
2.06674274
1.63819478
1.36420277
1.76702792
0.96983171
2.20972597
2.39791942
1.16666502
3.13145190
2.77103768
4.70195841
3.57996185
3.92917060
2.29973757
2.55048253
1.64145705
1.87766323
3.51429847
2.15602172
2.52982097
2.41170011
2.13893719
3.47147490
6.65361900
1.87903573
4.39153019
2.74079986
1.22689293
2.47770280
3.43379818
2.15728121
1.15331736
3.85472961
3.93842371
3.68418813
4.19009901
3.55861334
3.55647473
1.66846288
2.10777452
1.23068012
1.36235530
2.85110499
3.86520966
2.24881597
2.95068715
2.05785365
2.30821234
2.97782122
6.58834957
2.59442545
3.09231809
3.96503041
4.15255157
2.64029315
2.52053407
4.64708196
3.48356106
6.61836478
1.42276442
7.43937979
1.52950574
5.58234744
3.85035246
1.06065269
2.02543651
3.18964972
1.78325426
1.41008178
4.16893049
3.79972266
1.86965751
6.18300260
4.50162608
2.12563630
3.03040519
2.19916226
4.14537403
2.04395458
3.85979936
4.66704938
4.72445911
2.88424906
0.38353156
2.15962806
3.14958048
3.59202695
4.96573581
2.59811527
2.23660269
6.80828720
2.84052411
5.29332988
3.67031429
1.57421207
4.33829710
0.96283634
6.13607680
2.08955993
3.46031874
0.62908742
2.49312542
2.30667468
0.81790158
7.12205169
1.58977342
4.84296137
5.49465735
6.66522533
3.47448335
5.57577135
3.20630261
2.96140957
1.37635249
2.17014095
1.75545094
6.13034451
1.32041256
2.05919949
2.93457187
2.40502550
6.73673599
0.72371284
3.98654401
3.59815509
2.76659220
1.57257060
2.86561661
4.08515763
2.56822734
5.37581958
2.25128474
2.42191479
1.08516678
1.65839655
2.38091206
7.54797843
6.33804888
2.29091742
2.72915756
2.44382988
3.95084153
3.40425009
5.34055999
2.78883108
5.71961095
1.03736767
4.27984174
2.03787217
4.16098067
4.26756283
2.95577915
4.39522221
4.58655735
4.64643260
5.00294863
4.17359272
4.27483848
2.32356951
3.44410637
6.39030699
6.13135454
2.77254707
2.63126328
2.02720937
3.15103564
4.30502033
2.62763593
2.10369679
2.55949884
4.82067736
3.71398808
4.54446539
4.25354587
2.35839517
2.92514209
4.03672173
6.06030920
1.81245722
3.43870420
1.81018093
1.97472069
4.62431410
3.78921748
6.16099859
2.04595238
1.89423110
5.78394026
2.08408145
4.00824178
4.01120448
1.78200452
3.25860366
3.67531452
4.03446951
5.81719271
2.05830188
2.24906143
3.30912131
2.46240217
4.58797889
2.36145329
1.89230895
2.54724086
0.46091680
2.05119136
2.08819420
3.09320446
5.00479597
3.26532348
0.86959472
1.90911512
3.49690687
1.81842263
2.80326858
0.86857088
7.35911688
3.67616436
3.95160275
5.82368494
4.53646725
2.58782197
3.40748111
4.39037017
3.40558076
3.40536296
3.14570222
3.93032000
4.07180781
5.60601459
3.12298387
4.85895877
4.68530833
2.01593408
3.65253710
1.36956792
3.43097550
1.90970229
5.76567031
7.23831310
4.66828452
6.38377518
4.42928711
2.98777844
3.32225276
1.71357477
7.62933582
5.44750406
2.03842887
6.83247451
1.82177451
4.52865187
5.51569608
3.35971571
2.30976656
3.78550770
3.61855694
3.62634617
4.01991644
3.63793805
1.77629544
4.24373844
6.53603275
2.35278228
7.07374578
2.08152902
3.87397979
2.64147240
4.03199773
1.83170856
2.86847629
3.92693216
1.89808292
4.57588243
4.26110083
2.12186444
6.36708195
1.89325700
5.40888032
5.37071490
6.21495268
4.14132965
1.08361669
1.24755019
6.23317331
3.04944093
3.84453550
4.61746213
3.79699945
2.89629797
2.35713786
3.10233335
1.44991989
1.68851777
4.20842576
3.08880830
3.24115491
2.63457822
4.62731616
6.93450997
4.10607802
2.04488347
4.39363656
5.08034733
3.65220450
7.32193564
2.17624572
1.72658148
4.89379685
4.97400330
3.34454209
1.72880866
4.06758944
3.78728843
5.56446705
5.03259265
2.96786413
4.70202162
5.04846386
4.70328988
6.74227106
4.75168570
2.06383610
1.45462430
1.52427393
3.05144004
4.79294228
2.09976222
7.32969088
8.85379092
6.22328584
6.42679910
9.34590044
5.16235662
5.56135974
4.90413406
5.91790426
5.07324204
2.93738895
5.29512269
2.55039520
4.04072408
2.57809615
6.04635218
7.07079590
3.45160209
4.61601750
3.55762774
3.73550325
5.31094989
1.74564989
3.80976833
2.38758086
2.89795294
2.48805363
5.44288568
6.85425082
1.25794067
8.60044506
4.10643779
1.07835844
5.00121610
6.04626777
6.03452456
1.94527152
1.59408606
4.29794123
2.62761675
5.23241033
3.08965682
3.40491038
3.59096532
5.69650922
2.07704705
1.05869531
4.16289097
4.81524915
4.84422804
7.41473732
3.93489669
5.04050061
5.72076302
2.89581776
6.27072385
6.01035438
1.66317277
1.86261158
4.60473319
5.86198309
5.83320121
2.03596505
4.51912313
1.06928373
7.13671524
2.11318123
5.55151091
9.29853862
3.93240113
1.64766728
4.73535974
5.39360629
3.03935670
5.47221263
4.22298349
5.81310869
3.71489627
1.71236986
7.52048987
2.16651361
2.88707007
1.73518407
7.49607811
5.98776708
3.90866974
6.39448970
5.27122126
4.49439270
8.24052403
3.55981458
2.53131193
2.20079688
4.91455959
2.86506095
4.29793303
2.02007009
10.01131623
5.31786058
1.41991943
8.17333855
2.90434238
5.14074630
6.58039960
2.51018461
2.64019460
2.58348750
6.02066564
3.90692377
6.61609510
5.02118416
6.16451747
1.69358336
4.82150263
7.14544144
5.81119874
2.06812514
5.11075714
4.93300695
6.68223811
6.28215677
3.15153413
4.18416525
3.54221935
5.45810903
6.92459293
3.25818528
5.69820464
5.71844151
1.64365257
8.45933370
2.62626749
2.44338694
4.64473725
6.03290672
7.62264259
3.71562438
7.68206208
4.05256045
2.80037241
3.30482722
1.88480575
2.14225790
1.93710657
6.94523369
4.30490986
4.21226579
2.65211948
4.69315897
4.56937776
1.80519975
1.61422853
4.36656491
4.21618379
3.78174822
5.79574811
3.22134363
4.64113967
1.35649593
5.21735189
3.43508535
2.18848992
2.35413645
1.56041328
4.21094976
5.15427253
3.77765356
4.45772482
4.08652509
2.49316559
3.66337955
5.32063967
4.91054270
1.87356590
4.40150423
4.36879823
4.45167941
3.38893977
2.75794549
1.46021712
4.00073875
1.46048410
0.80407248
3.68062949
3.08171186
4.43524981
4.14512714
3.67810636
1.79583799
4.66656105
1.68333989
1.60862050
4.31809446
5.92069101
2.66627721
3.00554248
2.00941345
1.60510733
4.07284516
2.00735423
5.09385091
2.66185194
0.54414591
1.73063675
2.56332662
5.32640633
2.37429716
2.79566511
1.99246603
1.79107444
1.02161474
3.45851697
1.54817754
3.25543007
3.78732551
2.50116801
1.44672803
1.67033350
2.72743228
1.22420417
2.04570359
2.93940561
1.06597760
3.91132838
3.28723698
1.95534974
1.99305040
2.01042078
2.38502638
1.74909832
3.39873115
2.33301347
1.61405067
2.60878018
2.37342423
3.45984460
3.43565609
1.75949001
2.53039569
3.71316975
1.44555148
1.29422541
2.63364026
0.81004786
1.80934684
1.66058410
1.05510124
2.17430267
1.29579671
2.35288984
1.45645265
0.50698582
2.54250533
2.09833406
3.33438711
0.90278909
2.08937300
0.71196977
1.91406714
1.19499266
1.06123098
2.64950296
2.90230830
1.18741417
1.07687091
2.69783436
1.94092195
1.05826512
0.87345358
2.23801332
1.58887329
1.05667898
1.54762456
1.02294367
2.08365754
1.70839106
1.85416698
2.88196275
1.77090363
1.27056662
1.08285819
1.64931731
1.09470250
1.60027210
0.69821555
0.91310911
1.25240201
1.05572177
0.72662095
0.45552052
2.14833828
1.49710628
0.52324666
1.66175964
0.75340921
1.49408324
0.90657358
0.81746332
0.41094458
0.89397982
1.34800891
1.13388117
0.63542775
0.51760118
1.02406509
0.90197984
0.83915711
0.60641931
0.48334701
0.84066777
0.70655094
1.27474046
0.75927471
0.58617789
0.93363273
0.59193151
0.49611218
1.69384848
0.71026943
0.83850903
0.28941178
0.77676387
0.70017056
0.64005888
0.96000198
0.75305242
0.49674757
1.09827404
0.68314511
0.57216767
1.40154266
0.71288284
0.60265337
0.45291206
0.60122228
0.72621834
0.42407626
0.48941697
0.87062621
0.56667919
0.43426014
0.10220935
0.59310798
0.51012015
0.42883471
0.50246107
0.86597394
0.98781730
0.69352476
0.19875856
0.94796905
0.86968369
0.36053511
0.33601146
0.29634903
0.54450000
0.61303786
0.40427536
0.35718405
0.58972842
0.41327561
0.21599595
0.38575174
0.68041086
0.16482034
0.58392509
0.79974332
0.75160048
0.19029106
0.42466047
0.66317425
0.35959477
0.35962202
0.40647834
0.68868883
0.32381110
0.43107147
0.53879604
1.05359479
0.49888256
0.27278734
0.42571187
0.46901885
0.27470585
0.76197126
0.45989823
0.37834713
0.26245142
0.74725839
0.60421094
0.62559074
0.47499946
0.71250095
1.03088205
0.49440954
0.49757944
0.65153976
0.78259345
0.45690252
0.25643062
0.38418563
0.65436507
0.63389912
0.18219948
0.77146644
0.12558549
0.44428454
0.43236580
0.85284892
0.27911145
0.56460675
0.51295798
0.18961204
0.35167166
0.27749030
0.41811774
0.18705311
0.81750237
0.54040330
0.27515510
0.20497596
0.42746327
0.70649782
0.50190666
0.61224724
0.48318167
0.77975865
0.65176816
0.29435963
0.58263507
0.38664254
0.26236912
0.48646450
0.30506750
0.24737625
0.62980110
0.18755260
0.54042308
0.46937718
0.45772477
0.69894965
0.77294131
0.41036068
0.37000999
0.31075396
0.34020385
0.67818203
0.46858998
0.93067903
0.78777494
0.60050669
0.62776418
0.38506766
0.65622772
0.21991746
0.47994837
0.66190339
0.77344974
0.47723642
0.38132298
0.20626757
0.52936996
0.55021243
0.67009198
0.54218090
0.81901213
0.88731771
0.50365552
0.46107140
0.48430558
0.19568852
0.35100088
0.64745836
0.17895446
0.25155110
0.70020415
0.38890860
0.89379787
0.47279720
0.24346450
0.59320495
0.99351325
0.56749160
0.19999472
0.42155619
0.61206075
0.57778985
0.42612335
0.23954029
0.51858138
0.58479743
0.48886496
1.01334469
0.26470246
0.26564344
0.60698479
0.23567698
0.70886465
0.48351689
0.42138507
0.42610132
0.79787641
0.30159403
0.54261742
0.45267229
0.53830700
0.84879856
0.86048185
0.27849542
0.25503796
0.46168444
0.62120544
0.32823005
0.44154386
1.13193171
0.73779208
0.63918612
0.49793742
0.31282642
0.76186126
0.70964285
0.68726915
0.44271112
0.58653104
0.18662485
0.37190032
0.85120757
0.53291728
0.52556449
0.95152429
0.47915872
0.27264646
0.48281178
0.33536920
0.61180615
1.13512138
0.36873884
0.10249990
0.11578686
0.96673574
0.15265273
0.39814249
0.64763766
0.46674298
0.94716848
0.33802968
0.44275551
0.29509397
0.65744470
0.22343436
0.25253183
0.53043217
0.81921873
0.98625734
0.08932049
0.18543861
0.53235286
0.33709021
0.56537623
0.22765978
0.22461972
0.69123406
0.62089388
0.69366819
0.34778557
0.63114115
0.57432495
0.55685307
0.79052453
0.47918487
0.27695560
0.72083842
0.54831093
0.41384094
0.33518478
0.61212976
0.71341072
0.74563821
0.60795909
0.69648985
0.37991155
0.48345160
0.41550578
0.62015260
0.26150404
0.46148812
0.26713000
0.56919458
0.66527009
0.26381751
0.52294511
0.40696740
0.26870698
0.37236404
0.79014174
0.39832652
0.37948953
0.45066547
0.42233360
0.63334405
0.43145119
0.42609314
0.39295429
