0.99872831
0.99813876
0.99432596
0.99969908
0.99748048
0.99763530
0.99919574
0.99581457
0.99516309
0.99819314
0.99901781
0.99903752
0.99820771
0.99925824
0.99914706
0.99897507
0.99268766
0.99370655
0.99662376
0.99861092
0.99962720
0.99907340
0.99802780
0.99894657
0.99903718
0.99065752
0.99743698
0.99929100
0.99892969
0.99782318
0.99868709
0.99857804
0.99766233
0.99843084
0.99966487
0.99838709
0.99546454
0.99637840
0.99935500
0.99768751
0.99684819
0.99614238
0.99730039
0.99905580
0.99788293
0.99755700
0.99892834
0.99681183
0.99732682
0.99827429
0.99778624
0.99988749
0.99995932
0.99977595
0.99728732
0.99955138
0.99847122
0.99927512
0.99463975
0.99954202
0.99174789
0.99956316
0.99780157
0.99825993
0.99902244
0.99671602
0.99746130
0.99829433
0.99849642
0.99500343
0.99906131
0.99752958
0.99644808
0.99834878
0.99957171
0.99890862
0.99925125
0.98963531
0.99815073
0.99682410
0.99989493
0.99829605
0.99763379
0.99768760
0.99496543
0.99994431
0.99883161
0.99804127
0.99952247
0.99778562
0.99958929
0.99899843
0.99975362
0.99814504
0.99852073
0.99886995
0.99678176
0.99967275
0.99895326
0.99563395
0.99602823
0.99591233
0.99905809
0.99964534
0.99866666
0.99925145
0.99907477
0.99905576
0.99914141
0.99954424
0.99537937
0.99814530
0.99749132
0.99909253
0.99894018
0.99870300
0.99020557
0.99952286
0.99804709
0.99474305
0.99674135
0.99707453
0.99851739
0.99351139
0.99898065
0.99808492
0.99916961
0.99775110
0.99977416
0.99521540
0.99874528
0.99960597
0.99448209
0.99771472
0.99946662
0.99875068
0.99781538
0.99722823
0.99878021
0.99944889
0.99777818
0.99590143
0.99751781
0.99503019
0.99973513
0.99982333
0.99511434
0.99887398
0.99939718
0.99892884
0.99890506
0.99892369
0.99880283
0.99853602
0.99957266
0.99904265
0.99670785
0.99722289
0.99928500
0.99821337
0.99912348
0.99754760
0.99882897
0.99915280
0.99795041
0.99846382
0.99914873
0.99828909
0.99933071
0.99093915
0.99985428
0.99733044
0.99957756
0.99482332
0.99899827
0.99900939
0.99724080
0.99813447
0.99877240
0.99869287
0.99846646
0.99746615
0.99705740
0.99572989
0.99904745
0.99598772
0.99834275
0.99917269
0.99871515
0.99907484
0.99762210
0.99738928
0.99900762
0.99921356
0.99890980
0.99856813
0.99626977
0.99895044
0.99933130
0.99874017
0.99955789
0.99663358
0.99769680
0.99859178
0.99954646
0.99864108
0.99889561
0.99848364
0.99690638
0.99553316
0.99904555
0.99553345
0.99827897
0.99970295
0.99900299
0.99850398
0.99606475
0.99390033
0.99925008
0.99850437
0.99837765
0.99637940
0.99782156
0.99929161
0.99457201
0.99989349
0.99199983
0.99611104
0.99713682
0.99849713
0.99402145
0.99376885
0.99975609
0.99909375
0.99893770
0.99868769
0.99754054
0.99601772
0.99616626
0.99944608
0.99984134
0.99748711
0.99842165
0.99690626
0.99925715
0.99866365
0.99996323
0.99621931
0.99817836
0.99504525
0.99773646
0.99829900
0.99005841
0.99969872
0.99642783
0.99880672
0.99452668
0.99736386
0.99726326
0.99741654
0.99974416
0.99805355
0.99886320
0.99965143
0.99693301
0.99767424
0.99783603
0.99186100
0.99895461
0.99828486
0.99942049
0.99784569
0.99494159
0.99940129
0.99973154
0.99818658
0.99708634
0.99922589
0.99796282
0.99788814
0.99820384
0.99765764
0.99876698
0.99884978
0.99678421
0.99610241
0.99909173
0.99648555
0.99950922
0.99153907
0.99633556
0.99843474
0.99950574
0.99835206
0.99122157
0.99916343
0.99962113
0.99299471
0.99748685
0.99711263
0.99900113
0.99946781
0.99899376
0.99968171
0.99823665
0.99693677
0.99860070
0.99870772
0.99794981
0.99905281
0.99914688
0.99829045
0.99886567
0.99265960
0.99454787
0.99647113
0.99908665
0.99354178
0.99168127
0.99930229
0.99941546
0.99792241
0.99536087
0.99738659
0.99938405
0.99921704
0.99723487
0.99794565
0.99612773
0.99538282
0.99471701
0.99836536
0.99797066
0.99476424
0.99608051
0.99967268
0.99667648
0.99898772
0.99576170
0.99559444
0.99715543
0.99888089
0.99791549
0.99534114
0.99760959
0.99996953
0.99673763
0.99265146
0.99974712
0.99893538
0.99872173
0.99745389
0.99969042
0.99944276
0.99823975
0.99846546
0.99841409
0.99884532
0.99775112
0.99820396
0.99823061
0.99875182
0.99905815
0.99804861
0.99862742
0.99794385
0.99887027
0.99694441
0.98902860
0.99670851
0.99833826
0.99937120
0.99796042
0.99874567
0.99793936
0.99895291
0.99507970
0.99889540
0.99941990
0.99890528
0.99737194
0.99653040
0.99950533
0.99844636
0.99823004
0.98736754
0.99779377
0.99683400
0.99831795
0.99735673
0.99977378
0.99976272
0.99948477
0.99790410
0.99711660
0.99623980
0.99439544
0.99915758
0.99943377
0.99379945
0.99298843
0.99589483
0.99591961
0.99935656
0.99828996
0.99570058
0.99910502
0.99841354
0.99772829
0.99796092
0.99875655
0.99679167
0.99883919
0.99881971
0.99577354
0.99801738
0.99939957
0.99844311
0.99830431
0.99120253
0.99495148
0.99931142
0.99947679
0.99695176
0.99685280
0.99862137
0.99762818
0.99804590
0.99703830
0.99271601
0.99910873
0.99753220
0.99896929
0.99630360
0.99904628
0.99444852
0.99887103
0.99890186
0.99812641
0.99792864
0.99567854
0.99885246
0.99941761
0.99258355
0.99761865
0.99976443
0.99793993
0.99893557
0.99919495
0.99492792
0.99838057
0.99821911
0.99503560
0.99970803
0.99676007
0.99961374
0.99932225
0.99808872
0.99991294
0.99653657
0.99880323
0.99576829
0.99873071
0.99789652
0.99585655
0.99931447
0.99591394
0.99613028
0.99670646
0.99997630
0.99964560
0.99837222
0.99825749
0.99863153
0.99951195
0.99739663
0.99913440
0.99971384
0.99838692
0.99869252
0.99918700
0.99893370
0.99992638
0.99716480
0.99956293
0.99893869
0.99870981
0.99968319
0.99770614
0.99714052
0.99513817
0.99864912
0.99672636
0.99927390
0.99952419
0.99982155
0.99387020
0.99672422
0.99691027
0.99888171
0.99945388
0.99989039
0.99694743
0.99787292
0.99819078
0.99878663
0.99978326
0.99858630
0.99908162
0.99915240
0.99813467
0.99524493
0.99935552
0.99856358
0.99281187
0.99756759
0.99906853
0.99692383
0.99766190
0.99985693
0.99589233
0.99755888
0.99899939
0.99582532
0.99728352
0.99866400
0.99800280
0.99894920
0.99770570
0.99700615
0.99905991
0.99868679
0.99575207
0.99929151
0.99742531
0.99592077
0.99936603
0.99941684
0.99945141
0.99979088
0.99923834
0.99578333
0.99927762
0.99893328
0.99827193
0.99751590
0.99836600
0.99688043
0.99282051
0.99808914
0.99996276
0.99807515
0.99810420
0.99987937
0.99670755
0.99779139
0.99886948
0.99965117
0.99800552
0.99773803
0.99871058
0.99830820
0.99746696
0.99959272
0.99936583
0.99834436
0.99743837
0.99818907
0.99933552
0.99802441
0.99844450
0.99953546
0.99919820
0.99551874
0.99879083
0.99934888
0.99898233
0.99970052
0.99779340
0.99960639
0.99873384
0.99844176
0.99842385
0.99900734
0.99823068
0.99791340
0.99493242
0.99812883
0.99635103
0.99519799
0.99327255
0.99939390
0.99959725
0.99914456
0.99935654
0.99788997
0.99908295
0.99834858
0.99880937
0.99266001
0.99762144
0.99761183
0.99910366
0.99810396
0.99983512
0.99900192
0.99976212
0.99437245
0.99903058
0.99907459
0.99829614
0.99763688
0.99505160
0.99959550
0.99257654
0.99769883
0.99653029
0.99359874
0.99923156
0.99740821
0.99923485
0.99594111
0.99592213
0.99579492
0.99963176
0.99997097
0.99935666
0.99870824
0.99762238
0.99343572
0.99701345
0.99388317
0.99892902
0.99914213
0.99806016
0.99872013
0.99926258
0.99806361
0.99478797
0.99760641
0.99911360
0.99784407
0.99870087
0.99693415
0.99714310
0.99997010
0.99762266
0.99518438
0.99950374
0.99289105
0.99727836
0.99879195
0.99948371
0.99419184
0.99930228
0.99336663
0.99820682
0.99906511
0.99727275
0.99794247
0.99774992
0.99991637
0.99926035
0.99639356
0.99968161
0.99249508
0.99875401
0.99921632
0.99515809
0.99939208
0.99753659
0.99204446
0.99750531
0.99960882
0.99653597
0.99861079
0.99950141
0.99915873
0.99861516
0.99474814
0.99728432
0.99836002
0.99836744
0.99510005
0.99815937
0.99873987
0.99727557
0.99870828
0.99508418
0.99828446
0.99960381
0.99716757
0.99639746
0.99825826
0.99951470
0.99539181
0.99868876
0.99228700
0.99835419
0.99742755
0.99965176
0.99238865
0.99896575
0.99980725
0.99591581
0.99240810
0.99945942
0.99956189
0.99650306
0.99779865
0.99809497
0.99921560
0.99917996
0.99963391
0.99838032
0.99941739
0.99743210
0.99749709
0.99748791
0.99651052
0.99842009
0.99869669
0.99762229
0.99735033
0.99747013
0.99198397
0.99976531
0.99557008
0.99461321
0.99950768
0.99571708
0.99901852
0.99745988
0.99667328
0.99826818
0.99669852
0.99873375
0.99869191
0.99988432
0.99860615
0.99910775
0.99982134
0.99393670
0.99789846
0.99647881
0.99147247
0.99834278
0.99043835
0.99611400
0.99297497
0.99832698
0.99329372
0.98969075
0.98881846
0.99607621
0.99530635
0.99961282
0.99627025
0.99757499
0.99920082
0.99642838
0.99750120
0.99721920
0.99783322
0.99772225
0.99154190
0.99624934
0.99801918
0.99274129
0.99856054
0.99918691
0.99844415
0.99485553
0.99556526
0.99796496
0.99775101
0.99449717
0.99278594
0.99192082
0.96065517
0.99826764
0.98686525
0.98896138
0.99718171
0.99198392
0.99074617
0.99493278
0.99796471
0.99677682
0.97917445
0.99243506
0.99674653
0.99825145
0.99472432
0.96285264
0.98425920
0.99267741
0.98272016
0.98427075
0.98739783
0.98715414
0.99181650
0.99850404
0.99257434
0.98363476
0.98445782
0.98566838
0.99369812
0.99554123
0.97216088
0.97557382
0.98202608
0.98288003
0.90254773
0.99934020
0.97674689
0.97564860
0.95981279
0.97969173
0.99144439
0.95204600
0.94656530
0.97561518
0.99501945
0.99153059
0.96203108
0.99059893
0.99265097
0.99862436
0.97863511
0.93291624
0.96587235
0.98356954
0.92451051
0.99732085
0.99741957
0.91442855
0.94307978
0.96594932
0.93754771
0.95939601
0.96610358
0.96316816
0.98264748
0.93766145
0.98544922
0.98918377
0.89530802
0.95481917
0.99137283
0.97946132
0.95099522
0.98182524
0.98942794
0.85530213
0.91340170
0.94540371
0.98912370
0.96429866
0.96772878
0.96246387
0.96428539
0.96510017
0.95110947
0.99794764
0.93178987
0.99443673
0.99062507
0.94744873
0.97508165
0.96448330
0.88108206
0.83769532
0.93852683
0.98094731
0.99241855
0.88727631
0.94422324
0.99065677
0.93966189
0.92674468
0.81447773
0.92905776
0.95480060
0.95752378
0.88840771
0.96894950
0.78758390
0.91563826
0.97619804
0.97178273
0.81980396
0.93257629
0.94978018
0.78611985
0.83179435
0.87742074
0.90370634
0.79795471
0.95869196
0.93060008
0.68967059
0.80233607
0.88710512
0.97974723
0.95229438
0.86838927
0.98490338
0.92328561
0.92686372
0.89076503
0.81880813
0.82299998
0.88147078
0.73240309
0.98366280
0.91684430
0.88894202
0.97286420
0.76813537
0.85276641
0.98958684
0.74093972
0.84584482
0.99621833
0.93933423
0.97332284
0.91029673
0.98815923
0.85510543
0.90417612
0.94008206
0.98692615
0.93224187
0.84944579
0.98998012
0.86472047
0.96549277
0.97703881
0.98010371
0.91010667
0.93544483
0.97347564
0.96597837
0.96336816
0.99287364
0.95972993
0.96661773
0.78159191
0.82589161
0.91443299
0.83388183
0.84132182
0.87983361
0.97264172
0.96060386
0.82467163
0.90596232
0.90634124
0.85497686
0.91022813
0.89964671
0.88252340
0.77292556
0.99203627
0.96084903
0.94747976
0.86783010
0.96408874
0.93876649
0.81851831
0.90452735
0.98481765
0.88745730
0.85731001
0.95606095
0.91674731
0.97108837
0.84484945
0.84896010
0.91897268
0.79267414
0.93671736
0.98740172
0.80052404
0.87796609
0.90907767
0.89888320
0.97793316
0.73735935
0.95947382
0.97561196
0.74886507
0.92318763
0.97465780
0.93090512
0.92186605
0.95534621
0.97391377
0.88402868
0.91784812
0.75457184
0.97788970
0.98325278
0.93060908
0.98388832
0.99068812
0.87779185
0.95380844
0.97522100
0.99082802
0.83451214
0.72739284
0.90246401
0.97246603
0.85828522
0.91721454
0.94485578
0.97295761
0.98057120
0.94474293
0.97056702
0.99645849
0.99888050
0.95631386
0.99351742
0.98898181
0.96607771
0.95863533
0.96909943
0.93471157
0.88332962
0.93746723
0.81049076
0.93580654
0.97092728
0.90583515
0.80989204
0.89477165
0.98448952
0.99746435
0.95640697
0.96400351
0.94103088
0.99524358
0.97169708
0.97563807
0.86850328
0.97726652
0.95137736
0.98275828
0.97783096
0.93165304
0.92065407
0.82149474
0.88774221
0.83899819
0.94771660
0.94512800
0.94959850
0.87939326
0.94251868
0.91999755
0.97294473
0.96561710
0.99104995
0.94202079
0.84442735
0.75767633
0.98312218
0.97130542
0.91409818
0.97393739
0.91223576
0.75391609
0.96337895
0.97454594
0.98992321
0.93127167
0.84312907
0.98938688
0.93198868
0.94678403
0.90095715
0.99315714
0.96744248
0.95178252
0.81283909
0.97611826
0.93899665
0.98844278
0.96434384
0.93965402
0.96683001
0.93926524
0.97939005
0.91713883
0.93343739
0.80990493
0.88114503
0.89200317
0.98506575
0.93556778
0.99813027
0.93739267
0.98588428
0.94562153
0.97723826
0.88386707
0.96415684
0.82715902
0.99626198
0.94191365
0.81617929
0.99455107
0.97098811
0.95738431
0.93756763
0.83279295
0.95416518
0.97294740
0.97652758
0.91558276
0.91830875
0.94566064
0.77651814
0.99087278
0.99751799
0.90901942
0.97888535
0.90378525
0.97639382
0.82238127
0.98982459
0.92834442
0.90692509
0.94587901
0.84543026
0.86414876
0.99911875
0.98415418
0.95886491
0.99203437
0.94296507
0.69893796
0.99562351
0.96969375
0.89339377
0.99466996
0.80069622
0.93050009
0.98917558
0.97597641
0.90148215
0.89814717
0.87464812
0.98020474
0.97120647
0.90937830
0.86988074
0.97199041
0.96508480
0.97678968
0.84308840
0.92451736
0.93734606
0.93321079
0.97171112
0.98865149
0.97399693
0.74634591
0.89680963
0.92487462
0.98729460
0.85225567
0.97926296
0.83979799
0.97628625
0.96134064
0.85718006
0.93193563
0.89457180
0.99147279
0.99433050
0.97019641
0.96521013
0.91283913
0.89226590
0.89593552
0.98420218
0.94791075
0.96128778
0.98773026
0.93505415
0.81467269
0.90337980
0.91674194
0.77800509
0.93698029
0.91136720
0.68973572
0.72992315
0.96455757
0.92683040
0.92267832
0.78427529
0.84990718
0.96282866
0.92702797
0.96863839
0.98904150
0.90225619
0.74436489
0.85862933
0.92063463
0.92479733
0.69924776
0.91180589
0.97826011
0.81005549
0.76660930
0.95095721
0.94442794
0.70488679
0.96007266
0.90190705
0.73907398
0.89631183
0.94011642
0.79039711
0.97255495
0.89373435
0.93557307
0.79252348
0.95128741
0.84986960
0.96900318
0.97229808
0.81314589
0.96296059
0.81391753
0.92972836
0.93323124
0.92476857
0.90074411
0.95293764
0.98385082
0.95723502
0.86334343
0.92894633
0.76138537
0.75605603
0.97530885
0.87922472
0.74140824
0.95345568
0.98056502
0.78615422
0.95734701
0.96183192
0.93567367
0.94987795
0.95661362
0.85905998
0.83897745
0.90055176
0.87379192
0.88238181
0.92933965
0.99310704
0.96181332
0.94935377
0.83675023
0.81875841
0.85579389
0.89748268
0.78170650
0.69095304
0.98947157
0.82777771
0.93485548
0.84232722
0.91978510
0.76758300
0.85361881
0.94367495
0.94917205
0.89824009
0.98075328
0.86972146
0.90019368
0.86671355
0.97746990
0.98681047
0.98211952
0.96271518
0.94477622
0.90083214
0.89568673
0.90425953
0.89143163
0.88469065
0.87828563
0.73337945
0.86415740
0.80453275
0.71080716
0.95878155
0.90675933
0.98064699
0.94991855
0.96591874
0.92767734
0.73742698
0.91199532
0.94570213
0.87006559
0.96847053
0.91032193
0.86454259
0.86582295
0.88235824
0.87724466
0.99043978
0.81184924
0.81684024
0.98369522
0.97809399
0.70861597
0.87375438
0.98266869
0.84001883
0.79690072
0.98473599
0.95747325
0.90643786
0.86265712
0.92869943
0.99660638
0.86246659
0.92564465
0.76257813
0.91546264
0.89687055
0.91244057
0.95037463
0.64102427
0.95242490
0.88622767
0.97301956
0.96448373
0.84140149
0.93356919
0.90022809
0.90676975
0.82252275
0.89138708
0.67119292
0.95559981
0.97460784
0.96847757
0.86173288
0.95843327
0.89523825
0.95503997
0.89006367
0.98779334
0.94106476
0.97150440
0.87736915
0.79311916
0.95446593
0.90689767
0.89264157
0.95684327
0.98592384
0.84182541
0.89149376
0.95520577
0.80853196
0.92935964
0.89380509
0.85865798
0.85405082
0.87358725
0.91497298
0.93421982
0.90462874
0.97069353
0.93740288
0.94039335
0.76481084
0.95206752
0.97557709
0.91173721
0.80708631
0.87187178
0.89559213
0.78972671
0.73675242
0.97592406
0.89416668
0.88352492
0.70425952
0.95861842
0.94201715
0.58007372
0.97607619
0.90249279
0.90925780
0.93691822
0.83110386
0.94533524
0.83811386
0.98114558
0.78328251
0.95276963
0.49486443
0.98808247
0.93365160
0.79135227
0.95940363
0.93267044
0.97712039
0.96498907
0.96287819
0.96664851
0.86117088
0.98387255
0.77094467
0.96175769
0.88014229
0.83792604
0.93973188
0.96191427
0.95049592
0.86384806
0.78198944
0.99472634
0.92723819
0.80138889
0.84047403
0.83611148
0.95869568
0.95648238
0.93983189
0.95326458
0.98501467
0.94368509
0.86150781
0.73840257
0.94569714
0.81868276
0.90688218
0.82221055
0.81677107
0.85805959
0.81543557
0.87968173
0.91689242
0.87862353
0.86210261
0.96446846
0.94250182
0.87195261
0.89077089
0.93967344
0.98142301
0.86810999
0.97426887
0.91912250
0.82586945
0.90478405
0.83412069
0.95166818
0.93967247
0.87424326
0.86403530
0.95331338
0.82747817
0.91427530
0.96033886
0.76989838
0.79207826
0.89845113
0.94280284
0.91909156
0.83570641
0.86336487
0.88104458
0.96258714
0.99261937
0.84010457
0.83905068
0.84941024
0.98999154
0.95524106
0.99613268
0.86492921
0.77214182
0.84000042
0.94119018
0.93622848
0.89940864
0.97461258
0.96167345
0.92234108
0.93677209
0.88939309
0.98478803
0.88868179
0.86120923
0.85384159
0.95797046
0.95779536
0.85706187
0.84041815
0.95280539
0.99173893
0.96191272
0.89903231
0.96432448
0.96064396
0.94050819
0.77238827
0.96793764
0.87241824
0.97202814
0.90695039
0.92262636
0.96376589
0.89215560
0.99442314
0.98105846
0.91881882
0.89809023
0.91503725
0.98292019
0.98796200
0.88306286
0.97472109
0.94872878
0.98883327
0.97094693
0.87763521
0.98094093
0.98983253
0.92256172
0.86356966
0.98234236
0.98307944
0.96258219
0.93613255
0.97355123
0.91487920
0.97984460
0.95304307
0.93610088
0.96674185
0.98168545
0.91470279
0.97421988
0.94497251
0.96722206
0.96259383
0.97059115
0.96333950
0.87930399
0.97790274
0.94854424
0.91792917
0.88235305
0.97343733
0.98115554
0.96452819
0.93095193
0.96123347
0.98432818
0.94397219
0.95284389
0.97703130
0.94577916
0.98531349
0.98961032
0.99840613
0.96271248
0.98797054
0.97226931
0.98080640
0.97157702
0.97843136
0.98600308
0.98952394
0.95248377
0.98313149
0.97112374
0.98643345
0.98126577
0.99581909
0.97663951
0.98721177
0.96775526
0.98104425
0.99286742
0.99276568
0.98255793
0.98908463
0.99466345
0.99794857
0.99355203
0.99364478
0.99542795
0.95690300
0.99150707
0.94635043
0.97426040
0.99848068
0.99338733
0.99619336
0.97532757
0.99757623
0.98954999
0.99878643
0.99233408
0.98912312
0.99886708
0.98057505
0.99607491
0.99734728
0.98435957
0.98642651
0.99819700
0.99012673
0.99257399
0.99897472
0.97647734
0.98640273
0.99359538
0.98402805
0.99227756
0.99723755
0.99369590
0.99949346
0.98461112
0.99902588
0.99564464
0.99719595
0.99802536
0.99818066
0.99816437
0.99694959
0.99081832
0.98652912
0.99751792
0.98082625
0.99581221
0.99824622
0.99395745
0.99879661
0.99176617
0.99868277
0.99931951
0.99704972
0.99387583
0.99773934
0.99861379
0.99980229
0.98990213
0.99950034
0.99781020
0.99835064
0.99655261
0.99958647
0.99816269
0.99982860
0.99322337
0.99652557
0.99812936
0.99600617
0.99160112
0.99850077
0.99466231
0.99823154
0.99906229
0.99870315
0.99941042
0.99482387
0.99219875
0.99836906
0.99619621
0.99157097
0.99872339
0.99869331
0.99939150
0.99907748
0.99981433
0.99980766
0.99878264
0.99777965
0.99877902
0.99751499
0.99564066
0.99873498
0.99575869
0.98974707
0.99502022
0.99669199
0.99898549
0.99674361
0.99561136
0.99475018
0.99798753
0.98829234
0.99898608
0.98170386
0.99981932
0.99881528
0.99951477
0.99262702
0.99816940
0.99970442
0.99848413
0.99878503
0.99935044
0.99926492
0.99963651
0.99728045
0.99923021
0.99678583
0.99804361
0.99972235
0.99787253
0.99653641
0.99332109
0.99943564
0.99818338
0.99833117
0.99908199
0.99746231
0.99763615
0.99985380
0.99632776
0.99740987
0.99595458
0.99896151
0.99861229
0.99610291
0.99915662
0.99852858
0.99979977
0.99592515
0.99991165
0.99973830
0.99312136
0.99910777
0.99819615
0.99473516
0.99513472
0.99966730
0.99924260
0.99684619
0.99702177
0.99869925
0.99557094
0.99990166
0.98744530
0.99862211
0.99990558
0.99497124
0.99826547
0.99585047
0.99709579
0.99795301
0.99926841
0.99735194
0.99902923
0.99981224
0.99774554
0.99783339
0.99746211
0.99742268
0.99882901
0.99868327
0.99684955
0.99620792
0.99501829
0.99895074
0.99878013
0.99965837
0.99755793
0.99078223
0.99803793
0.99579089
0.99358776
0.99967109
0.99810473
0.99699029
0.99779653
0.99552860
0.99731994
0.99553504
0.99770717
0.99403024
0.99550842
0.99878335
0.99979791
0.99980045
0.99581564
0.99586510
0.99709183
0.99481953
0.99434934
0.99525768
0.99766517
0.99701637
0.99569386
0.99610229
0.99916874
0.99652748
0.99689623
0.99405294
0.99320952
0.99869385
0.99878097
0.99641831
0.99675444
0.99891009
0.99515467
0.99711836
0.99658892
0.99909432
0.99652941
0.99868496
0.99805514
0.99904708
0.99549077
0.99952089
0.99711531
0.99909771
0.99766376
0.99738086
0.99697215
0.99628348
0.99749621
0.99827898
0.99094803
0.99804532
0.99926493
0.99863215
0.99905406
0.99884431
0.99704678
0.99402875
0.99871661
0.99955166
0.99931247
0.99809645
0.99454015
0.99825222
0.99951937
0.99684604
0.99922934
0.99793796
0.99549418
0.99941699
0.99853087
0.99752679
0.99889102
0.99597856
0.99751433
0.99888428
0.98673013
0.99672884
0.99832813
0.99874773
0.99780408
0.99649045
0.99817284
0.98900631
0.99710908
0.99699241
0.99665692
0.99663124
0.99796990
0.99942214
0.99934162
0.99821863
0.99915608
0.99851278
0.99453271
0.99919863
0.99967986
0.99802214
0.99806331
0.99765060
0.99563959
0.99650745
0.99242359
0.99655328
0.99835220
0.99783326
0.99963972
0.99821922
0.99966693
0.99996311
0.99783628
0.99928273
0.99913768
0.99844188
0.99797859
0.99006216
0.99901867
0.99819695
0.99889325
0.99857769
0.99859183
0.99844991
0.99974768
0.99870932
0.99990450
0.99267099
0.99217826
0.99894518
0.99801847
0.98770189
0.99738687
0.99959890
0.99941469
0.99947671
0.99764752
0.99862008
0.99666199
0.99958209
0.99738863
0.99828345
0.99491363
0.99816867
0.98978309
0.99723948
0.99782241
0.99617085
0.99568238
0.99838974
0.99795174
0.99114529
0.99905287
0.99798685
0.99886222
0.98902333
0.99671258
0.99679283
0.99686816
0.99332645
0.99918843
0.99909567
0.99689082
0.99218617
0.99492620
0.98968443
0.99488944
0.99862425
0.99475589
0.99675973
0.98864565
0.99151844
0.99866891
0.99155032
0.99326028
0.98907066
0.99702926
0.98886124
0.98274161
0.99588585
0.99738488
0.97744284
0.99833664
0.99627013
0.99516369
0.99376393
0.99120560
0.98832973
0.98248740
0.99643713
0.99865186
0.99787134
0.98399747
0.98940967
0.99202751
0.98310842
0.98878838
0.99501670
0.98758442
0.97630418
0.98381047
0.93577280
0.96607124
0.98620855
0.99594697
0.99456786
0.98739507
0.99791023
0.97604485
0.99552899
0.98598585
0.99220603
0.99954556
0.98288877
0.97069849
0.99706198
0.98706751
0.97949822
0.97463230
0.99344746
0.97324323
0.96091735
0.98590469
0.94339840
0.97085731
0.94993301
0.97365320
0.98312631
0.93526440
0.99478824
0.97155196
0.99823317
0.99387436
0.97073496
0.95828814
0.97906309
0.99460973
0.95959129
0.97399254
0.96380494
0.99386369
0.99653097
0.99968847
0.98293606
0.98615854
0.97500152
0.95165049
0.99521545
0.98042302
0.97644838
0.97824576
0.98506685
0.96763360
0.97752783
0.98800513
0.89137547
0.98725366
0.98048829
0.98522763
0.99641781
0.96652980
0.98843100
0.99152756
0.95994877
0.95216015
0.95502990
0.98898105
0.98710546
0.91450704
0.96324826
0.97260645
0.97351869
0.93869443
0.99766789
0.91448131
0.98433546
0.95975597
0.96778344
0.96984071
0.96650855
0.95985728
0.86352994
0.97657206
0.95359894
0.95834427
0.96076099
0.82628421
0.97146808
0.98878296
0.97402908
0.92627115
0.98980395
0.94775054
0.94778740
0.91197894
0.95149485
0.98571060
0.91600673
0.96677801
0.98303368
0.93683691
0.93257874
0.96611701
0.91451510
0.97005672
0.79877980
0.96614969
0.97789911
0.93675385
0.92883309
0.77171098
0.94832546
0.88331258
0.97064102
0.98463902
0.86109813
0.88950480
0.92020250
0.83050379
0.61607780
0.96175560
0.97251172
0.93174700
0.95773635
0.94031518
0.79057008
0.97074871
0.94198773
0.97398640
0.83201787
0.98148725
0.78557043
0.93074586
0.95214990
0.94350538
0.94551684
0.96872708
0.98046902
0.98079034
0.96878972
0.90051166
0.97405523
0.78281548
0.96909964
0.81947935
0.75218611
0.83136431
0.95621808
0.98777104
0.85150224
0.90153922
0.75403088
0.83202997
0.95003076
0.98815083
0.98485933
0.96947877
0.89948996
0.82958981
0.54922513
0.77990189
0.97494866
0.95437595
0.66421913
0.94592323
0.90442911
0.94191765
0.91203285
0.92966842
0.97114069
0.69496392
0.98373790
0.78917954
0.84322637
0.90597860
0.97872568
0.51384930
0.95170607
0.84537690
0.69832284
0.83772694
0.88745790
0.77474204
0.81109007
0.73151379
0.93294852
0.89704461
0.82203459
0.80650092
0.74480800
0.83022977
0.84425630
0.80360057
0.79973308
0.70075383
0.76872808
0.57391787
0.84614671
0.87842754
0.82096902
0.92498821
0.92879316
0.56985114
0.68407313
0.73016284
0.50720216
0.77568507
0.82210374
0.48772717
0.68762260
0.67337469
0.64985024
0.89333296
0.91237753
0.81436620
0.76200680
0.38958693
0.95826195
0.91599426
0.89481777
0.79335653
0.77909691
0.94337601
0.68678211
0.78189608
0.58293620
0.77917829
0.65025354
0.98804637
0.86037797
0.77673550
0.69187485
0.75704421
0.92176904
0.86123258
0.70830127
0.61834767
0.90844233
0.68520726
0.54089147
0.95014552
0.60331875
0.35429836
0.91943980
0.54714900
0.52023705
0.60909990
0.84282001
0.81509685
0.78078801
0.88128490
0.83636565
0.67543308
0.81362467
0.96187923
0.83104716
0.96892337
0.62189361
0.75447570
0.85193927
0.98109716
0.60508629
0.38954732
0.55335826
0.73069459
0.80310256
0.59410552
0.93612020
0.86943006
0.86601129
0.82532569
0.74090477
0.84909921
0.69516378
0.70943187
0.77852885
0.89787590
0.77948384
0.83012739
0.85745027
0.95357973
0.84825365
0.75778104
0.96670887
0.89309918
0.90531005
0.37830530
0.86625762
0.71854126
0.85427767
0.69318260
0.32487283
0.98324908
0.79747420
0.96446768
0.77413460
0.88601190
0.91446547
0.53486167
0.48890457
0.82351875
0.83718008
0.44783990
0.93192316
0.73363616
0.94896883
0.96980132
0.78997716
0.76819891
0.96518355
0.84740746
0.77683989
0.74295596
0.99531287
0.26803587
0.95061766
0.82842736
0.64260874
0.66044460
0.82694324
0.64215342
0.94842546
0.80985926
0.90218552
0.50450984
0.75515858
0.91745863
0.90117860
0.60957213
0.78970500
0.59810969
0.89629937
0.92834729
0.74796736
0.84959355
0.81777151
0.67343338
0.88513093
0.97929875
0.96667017
0.63197735
0.74809805
0.72789592
0.92817085
0.76603760
0.68487121
0.82099108
0.51383473
0.95820739
0.96875084
0.89828989
0.75844635
0.34467361
0.63481469
0.72955081
0.65144805
0.63942682
0.90234219
0.79278918
0.90754504
0.66431725
0.84855126
0.94942836
0.87436322
0.99165047
0.83186872
0.92041118
0.84465406
0.97235749
0.83958211
0.89816714
0.95533568
0.87136799
0.89917125
0.67254637
0.56917964
0.89004063
0.93082023
0.78102894
0.83039227
0.89592903
0.76814619
0.89597181
0.96361556
0.80718410
0.75800775
0.61431792
0.70556476
0.99585345
0.59465740
0.82467513
0.91345711
0.60489835
0.91869159
0.80249127
0.89207378
0.74312025
0.90158730
0.79740100
0.81857942
0.94057837
0.92150344
0.93565910
0.91695456
0.93474409
0.73394149
0.82408376
0.89019906
0.81809022
0.98985345
0.96167533
0.80457969
0.67835621
0.60148573
0.69764173
0.91137463
0.84677120
0.64904421
0.98249071
0.65782562
0.78728017
0.81591545
0.96022244
0.89105319
0.85118915
0.89531969
0.93807948
0.82980713
0.79768448
0.82877009
0.98390125
0.86650478
0.82686549
0.99449523
0.91058485
0.92158596
0.82855786
0.89640987
0.82478431
0.87396354
0.98251717
0.93063543
0.95995264
0.66912774
0.84596402
0.84505018
0.91077801
0.86310723
0.63461857
0.59422369
0.91725580
0.87429065
0.94345585
0.79354190
0.85178666
0.99579711
0.86341676
0.84827274
0.74504569
0.79051395
0.94698599
0.72453509
0.84850018
0.87246390
0.99386283
0.91221451
0.80115636
0.89218506
0.89529560
0.98342183
0.99089433
0.80484929
0.89833023
0.89634992
0.47575166
0.91368373
0.67081867
0.85155692
0.93230569
0.87476923
0.91354527
0.86322729
0.91954666
0.94001617
0.98471263
0.80611996
0.98426347
0.97772509
0.89500077
0.80061930
0.94863516
0.79310446
0.49995874
0.94091620
0.79174188
0.83699793
0.90028675
0.95795512
0.66970394
0.84484143
0.97235058
0.91613699
0.84055523
0.94349438
0.60957764
0.95681274
0.74043184
0.92169462
0.85418547
0.81958270
0.96957722
0.79610256
0.91927618
0.99265426
0.88006437
0.89671449
0.89599469
0.76893535
0.55243878
0.71323237
0.75226235
0.96729338
0.70517313
0.89127504
0.55598211
0.93817152
0.82589975
0.76846844
0.92900473
0.87751513
0.72875191
0.51366431
0.84499777
0.89411815
0.95261295
0.72800532
0.85108939
0.53025308
0.97753714
0.83614986
0.72134509
0.94883893
0.43094604
0.98255498
0.53256815
0.82168056
0.98420666
0.89724467
0.59047356
0.89171368
0.36915154
0.81798309
0.86073170
0.88294980
0.95293706
0.91873928
0.95909677
0.82623476
0.71599400
0.96202317
0.95695536
0.52792788
0.92991948
0.98517812
0.58636378
0.85110098
0.88790035
0.80317937
0.78882320
0.90781573
0.64687920
0.59899459
0.98687895
0.74570331
0.75325253
0.96429629
0.76794496
0.98032127
0.95464461
0.72096524
0.89442153
0.86917206
0.96215757
0.65296107
0.64304446
0.85245843
0.42653475
0.77449514
0.94868503
0.86381494
0.91044543
0.91981351
0.76452385
0.75911746
0.77546817
0.90455476
0.86408234
0.46820200
0.37830711
0.80568940
0.49475169
0.78350401
0.83146516
0.91143482
0.69197613
0.74967130
0.94173567
0.92808881
0.78918181
0.92377863
0.81157171
0.75045633
0.91436736
0.75415638
0.65107777
0.87094454
0.71933963
0.92663610
0.55753939
0.89133644
0.77589073
0.82826292
0.76484003
0.97327551
0.89703743
0.47136253
0.54489281
0.80159614
0.74877378
0.84075056
0.90855662
0.99293904
0.97066293
0.65157287
0.82624772
0.84722445
0.66597142
0.43427483
0.83219265
0.80035252
0.93020219
0.89401544
0.91487271
0.85188383
0.83471754
0.90145612
0.84984556
0.53780925
0.76588574
0.69565748
0.90807365
0.81628577
0.83912077
0.72427595
0.86808193
0.87353014
0.73182961
0.86031715
0.51015664
0.76382942
0.79590967
0.86504020
0.87460016
0.61545872
0.80612832
0.79092367
0.68724522
0.75618491
0.99781197
0.77594748
0.82051300
0.82781589
0.86697250
0.78175132
0.87170671
0.95135962
0.69676601
0.64616447
0.93970117
0.67964249
0.80776202
0.87948615
0.70058867
0.65459638
0.96006207
0.83169159
0.87434300
0.73959844
0.75628596
0.81150352
0.62989702
0.96675326
0.95348986
0.75897995
0.67818767
0.79844182
0.88266798
0.93568521
0.61241181
0.95683456
0.73948559
0.87754990
0.84466839
0.67651418
0.96648095
0.93696967
0.96635368
0.95043871
0.87167830
0.96184273
0.92143292
0.94728072
0.82429769
0.91038403
0.88154711
0.56838225
0.68295285
0.92073999
0.79680298
0.89313070
0.69942532
0.76749833
0.93709530
0.87118114
0.91189604
0.91472119
0.64971457
0.85987501
0.89384150
0.89268686
0.79226790
0.84633006
0.68221097
0.87270904
0.70664365
0.87545483
0.92096532
0.72726093
0.80994152
0.71942486
0.99270626
0.92234259
0.81049972
0.55273000
0.93539221
0.68784819
0.82506393
0.86958079
0.65470517
0.77288445
0.91923900
0.76658686
0.72187316
0.87304436
0.90783745
0.91541832
0.78408434
0.91955168
0.94203764
0.80762198
0.96459928
0.83789607
0.96340569
0.89617486
0.35111325
0.97824335
0.73546989
0.68308506
0.72578200
0.98076441
0.81673776
0.97543619
0.93268460
0.91969518
0.95240790
0.96251980
0.91509015
0.65579760
0.27441355
0.63170252
0.63205057
0.75066652
0.92601691
0.97821778
0.82124548
0.98793415
0.56545166
0.84476198
0.91346614
0.91081882
0.87131357
0.92558666
0.76651967
0.97095012
0.90773573
0.73236102
0.91972356
0.94832914
0.89907457
0.97770703
0.95309106
0.87926756
0.93454718
0.71637653
0.73628073
0.95810305
0.96993332
0.93951004
0.92287497
0.93486639
0.98740927
0.92089995
0.52290753
0.94456747
0.96662133
0.93580799
0.97358682
0.93107518
0.98123148
0.79690136
0.77042153
0.83891134
0.91341876
0.86121471
0.66736034
0.90236061
0.81421768
0.71668681
0.83674200
0.65623888
0.97604030
0.85487043
0.85679646
0.58296862
0.70844405
0.74307267
0.75333092
0.95052593
0.82969242
0.56506200
0.98663354
0.95293558
0.90362745
0.88702892
0.82859778
0.81992215
0.68205608
0.50776482
0.65598160
0.62263113
0.71870213
0.90668813
0.90320188
0.73652209
0.75212806
0.75493368
0.62682343
0.95880873
0.91869080
0.98487070
0.88786135
0.94910850
0.96184247
0.71557164
0.75611342
0.78990110
0.71277749
0.95827621
0.96361363
0.90084613
0.72909150
0.78946160
0.89590884
0.98487052
0.82965399
0.63871716
0.99897079
0.95915164
0.84473750
0.95325508
0.97193847
0.79054890
0.90053583
0.60112586
0.89191474
0.70627910
0.99421562
0.91481929
0.96663491
0.89934209
0.70900182
0.51755217
0.92012588
0.50594663
0.89867897
0.72993691
0.80042503
0.94630581
0.78116398
0.62396793
0.89417967
0.93748303
0.63472933
0.97203672
0.77627188
0.64704747
0.71800998
0.88142684
0.91488754
0.59952799
0.97315860
0.73683523
0.82368883
0.89746765
0.88310316
0.94960620
0.94766296
0.98165303
0.96286899
0.78711780
0.98716017
0.95394403
0.69585402
0.91900135
0.85390342
0.85259047
0.93561939
0.87519023
0.94854201
0.78189430
0.98001233
0.66617603
0.82674962
0.89717767
0.92702468
0.57614066
0.86603495
0.95716738
0.97089034
0.59814570
0.66802871
0.63159528
0.95044166
0.74746802
0.86795496
0.51088812
0.95837893
0.97528097
0.94624377
0.83856130
0.86488045
0.85297793
0.83015374
0.69361885
0.79902067
0.96930894
0.78057372
0.65156113
0.87859999
0.63311031
0.55413036
0.89493196
0.78399246
0.76933354
0.92772816
0.94922752
0.57479280
0.96711838
0.82798284
0.69869473
0.72165686
0.60010100
0.94783014
0.98619183
0.99234059
0.76350897
0.76851186
0.88027721
0.94917942
0.78877021
0.77253088
0.96022412
0.86964445
0.99073057
0.93889920
0.98235325
0.99527772
0.89692001
0.90980689
0.95041835
0.99060961
0.84420454
0.86699547
0.96105082
0.86628160
0.81912626
0.84367927
0.71965618
0.95891582
0.94604389
0.77224289
0.98498656
0.91777022
0.86350749
0.61563832
0.88010217
0.90484025
0.95257921
0.84187681
0.83826474
0.88855382
0.95761907
0.90490271
0.74735356
0.94258209
0.87956109
0.87359117
0.88136403
0.99845616
0.97377052
0.88638324
0.95280667
0.99330879
0.95234853
0.91566272
0.86703571
0.81468337
0.94140056
0.91862699
0.95001360
0.89085282
0.97927962
0.97777320
0.89506853
0.88326030
0.96081525
0.98001452
0.95854778
0.97510794
0.97514638
0.95634954
0.97013568
0.86650062
0.91595778
0.90666115
0.94872302
0.94290987
0.98589364
0.92245294
0.95995112
0.66716235
0.95304754
0.98763146
0.96377736
0.81560257
0.99097766
0.73555066
0.90965346
0.99722427
0.93993247
0.86817168
0.66135189
0.86682269
0.93467592
0.84974072
0.98373255
0.94426931
0.89660476
0.92262438
0.95569904
0.93037889
0.95777293
0.90416424
0.99543899
0.99038225
0.79635099
0.92997944
0.97047444
0.98020232
0.82872720
0.85839625
0.95061820
0.87780336
0.98188891
0.97512761
0.96153128
0.95724156
0.97620448
0.92750607
0.99963901
0.96326780
0.98247648
0.97535347
0.98265111
0.92822007
0.93351838
0.99088486
0.87187944
0.99795249
0.84507697
0.98789380
0.97802379
0.95767716
0.95155852
0.96559941
0.82905233
0.87715523
0.91050763
0.94329310
0.98548658
0.96307552
0.98007668
0.96314843
0.96533143
0.91056543
0.93509179
0.99790930
0.96399561
0.96549776
0.98809333
0.99288614
0.99818793
0.96171605
0.98959352
0.98131829
0.98169904
0.96233323
0.93214321
0.98997760
0.96582538
0.98774532
0.98138780
0.97258636
0.99735706
0.98048085
0.97642866
0.98357294
0.96341908
0.98674064
0.99057195
0.96454956
0.97101856
0.97433441
0.97107986
0.99077910
0.95080279
0.94053715
0.97692308
0.99957842
0.99477882
0.94198551
0.97472570
0.98590115
0.99446768
0.99493453
0.98078185
0.98342811
0.98024213
0.99804297
0.99891800
0.97180065
0.97017275
0.98953703
0.99304501
0.99476076
0.98722020
0.99007873
0.97062275
0.98468283
0.98957762
0.99459909
0.98677341
0.99715510
0.97906389
0.99548951
0.97944953
0.99311067
0.98857623
0.98863896
0.98212048
0.98145391
0.99871758
0.99566977
0.99773537
0.99324301
0.98667212
0.99752968
0.98584299
0.99507438
0.98807874
0.99751026
0.99766770
0.99293767
0.99688419
0.98755747
0.99830835
0.98161787
0.98786359
0.99276267
0.99772767
0.99746711
0.98584957
0.99571018
0.99385531
0.99007067
0.99571225
0.99709733
0.98840991
0.98821665
0.99691887
0.99072276
0.99761688
0.98759717
0.99650005
0.99736480
0.99003267
0.99578921
0.99462972
0.99776497
0.99784775
0.99810761
0.99627373
0.99832180
0.99651254
0.99689250
0.99539509
0.98502186
0.99659832
0.99744781
0.99631756
0.99467292
0.99789246
0.99318457
0.99434051
0.99672970
0.99297775
0.99643306
0.99857245
0.99890819
0.99982232
0.99981726
0.99896796
0.99944932
0.99726403
0.99774807
0.99712249
0.99698513
0.99357131
0.99901876
0.99932650
0.99442563
0.99553591
0.99700597
0.99541198
0.99738842
0.98895097
0.99710706
0.99878177
0.99396156
0.99606272
0.99759892
0.99723512
0.99866242
0.98738227
0.99628827
0.99861503
0.99848499
0.99893463
0.99773693
0.99891579
0.99951088
0.99760688
0.99694594
0.98983425
0.99354825
0.99787108
0.99679193
0.99819291
0.99782801
0.99550340
0.99657075
0.99971397
0.99919555
0.99665380
0.99692896
0.99944929
0.99662386
0.99625872
0.99695448
0.99608899
0.99790517
0.99815209
0.99563579
0.99690782
0.99924109
0.99987213
0.99809509
0.98896724
0.99580534
0.99251819
0.99807069
0.99887379
0.99312896
0.99603138
0.99924589
0.99402804
0.99863786
0.99674588
0.99221350
0.99787728
0.99637252
0.99811473
0.99823547
0.99959074
0.99677006
0.99932490
0.99750832
0.99078808
0.99855679
0.99983029
0.98751910
0.99656523
0.99903044
0.99419260
0.99896022
0.99755413
0.99773728
0.99791611
0.99906622
0.99710763
0.99494664
0.99441987
0.99718737
0.99881967
0.99851068
0.99884157
0.99592923
0.99727581
0.99958565
0.99889616
0.99422871
0.99845295
0.99690161
0.99653137
0.99591142
0.99879273
0.99868768
0.99779887
0.99899657
0.99491033
0.99910762
0.99950596
0.99727408
0.99443874
0.99773032
0.99896156
0.99410209
0.99586079
0.99095480
0.99701589
0.99891637
0.99599356
0.99743018
0.99811447
0.99789511
0.99579406
0.98953385
0.99890137
0.99913037
0.99985882
0.99932087
0.99972208
0.99555751
0.99670741
0.99782667
0.99929390
0.99778483
0.99790893
0.99711769
0.99926883
0.98972566
0.99658725
0.99954943
0.99772934
0.99885859
0.99827288
0.99804495
0.99909872
0.99742225
0.99965635
0.99722731
0.99803878
0.99737987
0.98980521
0.99900646
0.99743361
0.99788521
0.99816804
0.99993987
0.99658517
0.99883975
0.99897229
0.99969257
0.99879852
0.99288259
0.99922169
0.99557595
0.99893183
0.99904744
0.99718053
0.99888939
0.99802698
0.99355352
0.99763784
0.99765933
0.99900083
0.99190835
0.99597736
0.99388932
0.99952465
0.99925012
0.99233690
0.99622493
0.99439904
0.99829719
0.99959869
0.99601733
0.99715241
0.99979639
0.99841812
0.99886405
0.99940923
0.99892320
0.99955933
0.99848230
0.99952676
0.99803053
0.99908517
0.99912139
0.99626082
0.99785338
0.99956204
0.99241418
0.99911049
0.99595578
0.99897092
0.99703294
0.99701284
0.99962421
0.99729428
0.99770522
0.99593291
0.99845011
0.99653339
0.99313730
0.99792239
0.99432836
0.99802367
0.99727898
0.99472222
0.99929404
0.99845553
0.99809443
0.99966931
0.99829902
0.99861688
0.99839843
0.99803467
0.99644013
0.99833060
0.99394275
0.99801552
0.99923332
0.99975771
0.99734556
0.99938596
0.99655751
0.99729211
0.99975661
0.99591887
0.99917211
0.99943727
0.99963953
0.98952853
0.99737190
0.99948551
0.99757417
0.99882581
0.99702069
0.99729910
0.99933628
0.99750440
0.99913181
0.99425592
0.99835904
0.99856620
0.99886424
0.99382614
0.99238896
0.99925765
0.99813542
0.99981912
0.99962919
0.99563245
0.99930163
0.99717633
0.99826510
0.99625270
0.99604880
0.99766683
0.99702256
0.99879773
0.99532140
0.99823953
0.99994069
0.99810230
0.99833793
0.99607120
0.99918417
0.99850480
0.99544293
0.99973188
0.99897541
0.99709622
0.99743847
0.99573548
0.99839085
0.99661530
0.99849848
0.99592241
0.99861654
0.99734601
0.99728790
0.99843037
0.99699852
0.99828101
0.99197785
0.99800241
0.99806563
0.99538569
0.99962515
0.99823657
0.99599571
0.99714017
0.99762203
0.99583348
0.98778434
0.99984640
0.99925434
0.99681030
0.98975004
0.99870586
0.99254892
0.99586420
0.98928746
0.99764246
0.99812044
0.99813463
0.98918939
0.99497291
0.99836710
0.99413622
0.99684702
0.99679513
0.99783701
0.99495576
0.99677280
0.99954486
0.98972262
0.99595506
0.99650584
0.98816383
0.98526502
0.99580532
0.98579723
0.98811880
0.99276350
0.97943171
0.99893586
0.97723665
0.96696841
0.97945983
0.99663210
0.98807608
0.99153199
0.98979519
0.99277297
0.99620431
0.99526696
0.99601884
0.97182020
0.99207621
0.96800893
0.96602596
0.99007350
0.99670517
0.98684422
0.98309488
0.95281408
0.98665974
0.99342910
0.98614804
0.98568055
0.99047140
0.98080733
0.96715875
0.99144552
0.96166836
0.97331188
0.98013504
0.98586999
0.95233736
0.98601013
0.95220766
0.97892171
0.92129978
0.99716877
0.96850213
0.97309283
0.93407812
0.96718014
0.97925200
0.98556574
0.97590147
0.99267870
0.96257088
0.95607204
0.98942269
0.92625167
0.94177447
0.84137150
0.90472342
0.88637749
0.95952329
0.95044973
0.97917015
0.97283197
0.90802200
0.96433565
0.95122947
0.95557710
0.96488863
0.91014667
0.70760842
0.97279279
0.86013299
0.94300153
0.98830898
0.95317094
0.91199848
0.96429473
0.98966208
0.89039912
0.88587351
0.89938781
0.87182766
0.90580124
0.90590892
0.97848660
0.96588674
0.98823712
0.98560453
0.93846826
0.88983650
0.96126114
0.93424183
0.96745722
0.95923059
0.93306845
0.71240258
0.94877246
0.92801583
0.88441935
0.87396383
0.94699441
0.95157808
0.84475061
0.90954916
0.71019976
0.98430987
0.64896408
0.98188953
0.78391253
0.89063376
0.99124957
0.96845821
0.92359342
0.97546235
0.98458619
0.87303371
0.89333285
0.97306001
0.74180555
0.85357875
0.96531631
0.93076824
0.96292119
0.87437058
0.96788822
0.89012709
0.84352411
0.83997847
0.93707557
0.99885147
0.96421841
0.92542806
0.90411202
0.82477490
0.94863046
0.96167263
0.69619113
0.93890990
0.80340117
0.90010505
0.98082571
0.86326146
0.99278356
0.74516332
0.96646382
0.91069671
0.99691297
0.95260022
0.95928377
0.99478736
0.67281944
0.98044851
0.83257121
0.78988397
0.70675437
0.90999810
0.78436204
0.92282520
0.93377926
0.98530940
0.96387558
0.97621243
0.74557278
0.98647134
0.96741534
0.93493432
0.95581715
0.70148240
0.99591648
0.88323814
0.90380084
0.94195561
0.98086529
0.93786022
0.87776269
0.94977552
0.79789614
0.96117771
0.95520858
0.99084229
0.97874264
0.95667930
0.64076431
0.73063967
0.95982686
0.94347081
0.95441315
0.88519575
0.91343923
0.80025500
0.94104687
0.77446893
0.99162796
0.86666574
0.96807597
0.87348550
0.86737665
0.93402234
0.85991502
0.84844695
0.84479044
0.82238804
0.87276847
0.86695559
0.95869768
0.91149347
0.72685270
0.74550064
0.94171291
0.94734665
0.96840385
0.92536177
0.86520343
0.94748784
0.96601634
0.95010768
0.83397309
0.89784005
0.85099839
0.86818639
0.95747723
0.93533800
0.88046452
0.75056246
0.97466245
0.91175828
0.97472524
0.96999437
0.84614487
0.89388943
0.74338134
0.96782644
0.97235713
0.77000436
0.96663648
0.88204197
0.88187826
0.97549630
0.92039071
0.89984680
0.88058957
0.76768722
0.96744327
0.96125285
0.91800807
0.95373397
0.84836050
0.95736926
0.97241242
0.95057244
0.99834166
0.96766415
0.96650690
0.92797608
0.82226926
0.92007553
0.99410964
0.97192720
0.90888742
0.97449754
0.94045349
0.99412346
0.65501415
0.89980288
0.88515415
0.76723408
0.85148140
0.94902615
0.91328219
0.86020145
0.91337457
0.91338515
0.92560459
0.88631494
0.87850975
0.78229251
0.92663500
0.83156229
0.84239952
0.96874881
0.90102094
0.98545281
0.91213655
0.97191017
0.77127478
0.66410056
0.84344813
0.72732666
0.85789790
0.93263555
0.91738376
0.97732098
0.63461272
0.79307437
0.96805881
0.69439893
0.97440465
0.85195283
0.78845580
0.91559141
0.95917681
0.89408569
0.90276183
0.90236391
0.88139634
0.90177047
0.97565114
0.86875183
0.71623436
0.95767505
0.67643364
0.96671678
0.88936477
0.94694833
0.88072675
0.97412840
0.93774008
0.88649928
0.97224617
0.84909552
0.86775019
0.96543714
0.72853715
0.97238516
0.79567665
0.79823817
0.73951347
0.87459955
0.99086832
0.98791439
0.73820423
0.92992705
0.89094526
0.84656358
0.89347724
0.93656581
0.95752158
0.92756613
0.98371017
0.97797208
0.87077993
0.92817313
0.92120657
0.94721746
0.84596129
0.68682000
0.87658835
0.96785950
0.86000865
0.81738908
0.90103805
0.65781344
0.96367579
0.97697940
0.82935790
0.82424556
0.91631936
0.97692066
0.87874544
0.89399150
0.78513411
0.82047889
0.93350011
0.84136760
0.81945394
0.84128919
0.70107365
0.83828708
0.96727086
0.98360516
0.98201210
0.92983844
0.83571214
0.96614116
0.65722975
0.54203817
0.73891488
0.72420156
0.50540788
0.81204254
0.78534620
0.82870190
0.76063157
0.81784991
0.93481350
0.80328203
0.95045304
0.88024217
0.94939874
0.75155394
0.67665417
0.91112547
0.84665180
0.90585087
0.89671651
0.80222926
0.97647417
0.89279951
0.95644166
0.93649565
0.95278826
0.79338605
0.69278391
0.98771349
0.56109093
0.87656811
0.99095632
0.82249941
0.75155993
0.75239337
0.97086958
0.98034334
0.86561518
0.94748859
0.80743595
0.92813511
0.91340715
0.90416588
0.77606630
0.96685756
0.99128170
0.87337699
0.83431395
0.83249140
0.65082259
0.88606572
0.81996844
0.77438919
0.93658616
0.73550132
0.75410659
0.97862134
0.97325994
0.84734032
0.76455621
0.76656945
0.96813473
0.85252685
0.99110722
0.67172130
0.96571454
0.78601801
0.50890660
0.88620164
0.97901390
0.83930205
0.79670297
0.93037323
0.79140441
0.86994532
0.76797214
0.89779273
0.97735250
0.64284119
0.96399404
0.93695639
0.97675212
0.64468487
0.75570489
0.88749089
0.72654910
0.80486851
0.85401279
0.58830046
0.90574073
0.95117339
0.96286709
0.82803943
0.93788355
0.86561566
0.96862248
0.45702410
0.80176904
0.98437207
0.59339081
0.93622445
0.81345630
0.71298549
0.95196523
0.94699826
0.94919235
0.75337608
0.88758551
0.71036644
0.82121443
0.74312949
0.97784119
0.83392125
0.67106759
0.76810536
0.96713695
0.81541243
0.82686509
0.70550167
0.73467712
0.92533906
0.87216618
0.90662540
0.79235811
0.68755787
0.92041032
0.77594918
0.77454987
0.97911498
0.57174336
0.94754106
0.95442929
0.84489440
0.75250814
0.63511905
0.89775478
0.63062273
0.87958365
0.94057274
0.91821179
0.97262775
0.96478147
0.97111005
0.68602180
0.86520985
0.87055998
0.94653145
0.84191510
0.84949022
0.97486239
0.97984852
0.86160352
0.87033542
0.89428443
0.76918227
0.92212846
0.84511494
0.98572720
0.80842918
0.91193549
0.96327352
0.95762736
0.98115721
0.87063538
0.81257182
0.89450071
0.85620571
0.87768606
0.95259873
0.90046275
0.80158387
0.82829478
0.97294880
0.85954385
0.86147221
0.85656607
0.91418175
0.94230721
0.98347990
0.88245615
0.98347391
0.99496170
0.89957199
0.92849071
0.85754371
0.87438457
0.89970248
0.97511918
0.84355415
0.97810548
0.97998688
0.86444171
0.76043555
0.94597482
0.93186014
0.96894749
0.98007333
0.87845177
0.96901010
0.81651221
0.94614909
0.99768943
0.97687239
0.94996214
0.80119946
0.95691443
0.94076633
0.96946102
0.97524936
0.99187927
0.91078541
0.98144881
0.92053937
0.89398954
0.95230134
0.98378123
0.97843885
0.94354020
0.98835987
0.96783413
0.93472695
0.99116188
0.88734675
0.91904398
0.97057145
0.96944338
0.96891683
0.95653276
0.97638224
0.91370720
0.95836836
0.97985291
0.94821899
0.95694542
0.91072005
0.91190755
0.97610416
0.95120786
0.89788269
0.98380738
0.98699916
0.94725403
0.99488673
0.97474823
0.97868712
0.99134053
0.96373944
0.98696778
0.95767126
0.98356427
0.99799393
0.95075145
0.96618642
0.91680503
0.99365282
0.96646972
0.99604767
0.97178345
0.98890569
0.99124007
0.94663404
0.93631084
0.98904519
0.99098114
0.94472462
0.97099780
0.99128875
0.99405741
0.96162521
0.98047042
0.99131473
0.98146194
0.99185822
0.96664982
0.97745643
0.97349862
0.93717209
0.97579693
0.98746717
0.99088104
0.97897230
0.99068140
0.98019200
0.99619861
0.99350735
0.98782078
0.99133039
0.99588367
0.99838023
0.96458485
0.98264205
0.99786332
0.97865726
0.99557524
0.98271147
0.99359967
0.99479293
0.99868153
0.99377570
0.98590398
0.99000585
0.99685053
0.99790913
0.99184043
0.99366416
0.99451366
0.99713112
0.99817647
0.99449395
0.99610748
0.98738522
0.99550624
0.99731919
0.99321321
0.99726638
0.99807898
0.97783433
0.99606649
0.99452211
0.99934585
0.99529733
0.99617733
0.99680453
0.99282583
0.99557943
0.99807406
0.99062078
0.99636064
0.99744564
0.98477089
0.99603754
0.99716659
0.99839871
0.99718001
0.99588822
0.99859598
0.99813043
0.99409570
0.99749435
0.99852779
0.99991839
0.99725551
0.99796908
0.99856432
0.99802954
0.99415845
0.99240568
0.99624942
0.99969142
0.99300392
0.99410844
0.99898500
0.99911833
0.99931412
0.99768643
0.99706825
0.99872395
0.99900377
0.99728666
0.99866654
0.99963558
0.99883814
0.99638967
0.99978779
0.99733973
0.99501567
0.99559642
0.99971714
0.99859211
0.99656996
0.99899029
0.99899014
0.99871002
0.99630145
0.99918117
0.99854931
0.99773459
0.99136514
0.99805748
0.99941882
0.99858514
0.99828289
0.99941062
0.99547433
0.99834897
0.99888229
0.99946201
0.99564704
0.99715195
0.99694714
0.99823886
0.99604178
0.99173189
0.99809213
0.99806761
0.99668906
0.99522664
0.99837039
0.99948641
0.99884755
0.99666033
0.99686564
0.99974068
0.99536110
0.99987679
0.99845909
0.99854060
0.99433368
0.99939157
0.99751262
0.99794644
0.99971916
0.99903427
0.99939861
0.99863513
0.99972669
0.99479243
0.99772107
0.99940869
0.99967181
0.99857348
0.99610807
0.99803389
0.99707579
0.99817772
0.99526108
0.99668674
0.99932329
0.99735145
0.99883277
0.99946235
0.99815290
0.99927318
0.99952203
0.99690597
0.99972523
0.99772090
0.99828027
0.99836453
0.99619063
0.99534339
0.99868527
0.99893098
0.99924585
0.99909620
0.99641324
0.99828603
0.99325594
0.99516338
0.99718671
0.99692592
0.99884226
0.99664132
0.99962223
0.99820201
0.99658307
0.99533728
0.99822225
0.99886465
0.99966766
0.99781308
0.99763769
0.99649815
0.99770607
0.99477323
0.99386784
0.99802017
0.99834054
0.99816924
0.99970087
0.99903795
0.99673034
0.99974984
0.99950576
0.99617697
0.99881906
0.99377823
0.99825514
0.99953702
0.99725462
0.99231818
0.99748717
0.99968757
0.99861261
0.99707757
0.99739526
0.99858240
0.99955182
0.99790122
0.99733178
0.99813464
0.99200969
0.99945275
0.99944885
0.99712577
0.99956616
0.99608200
0.99817519
0.99861373
0.99858255
0.99503886
0.99928964
0.99770238
0.99840040
0.99773870
0.99438722
0.99423210
0.99939425
0.99949197
0.99833613
0.99698973
0.99915867
0.99847803
0.99004002
0.99575640
0.99681322
0.99806483
0.99923576
0.99547564
0.99607341
0.99631665
0.99846998
0.99731596
0.99972794
0.99892004
0.99435541
0.99778370
0.99784437
0.99295153
0.99820791
0.99941942
0.99818051
0.99912169
0.99708000
0.98998409
0.99893831
0.99991792
0.99989527
0.99272520
0.99981796
0.99876235
0.99672853
0.99829950
0.99301569
0.99910771
0.99846967
0.99931992
0.99662887
0.99961005
0.99950190
0.99780430
0.99477060
0.99242955
0.99993767
0.99973138
0.99778839
0.99911266
0.99750585
0.99959517
0.99960591
0.99627411
0.99699274
0.99624787
0.99905549
0.99689281
0.99742637
0.99758039
0.99512964
0.99820772
0.99940093
0.99594879
0.99765397
0.99866289
0.99912266
0.99707691
0.99603168
0.99566585
0.99711655
0.99621734
0.99887304
0.99817569
0.99865212
0.99699991
0.99946589
0.99833755
0.99944267
0.99747209
0.99654828
0.99945640
0.99786578
0.99870691
0.99943607
0.99891734
0.99513434
0.99876121
0.99887554
0.99841454
0.99860749
0.99687112
0.99854676
0.99858260
0.99879438
