1.00000000
1.00000000
1.00000000
1.00000000
1.00000000
1.00000000
1.00000000
1.00000000
1.00000000
1.00000000
1.00000000
1.00000000
1.00000000
1.00000000
1.00000000
1.00000000
1.00000000
1.00000000
1.00000000
1.00000000
1.00000000
1.00000000
1.00000000
1.00000000
1.00000000
1.00000000
1.00000000
1.00000000
1.00000000
1.00000000
1.00000000
1.00000000
1.00000000
1.00000000
1.00000000
1.00000000
1.00000000
1.00000000
1.00000000
1.00000000
1.00000000
1.00000000
1.00000000
1.00000000
1.00000000
1.00000000
1.00000000
1.00000000
1.00000000
1.00000000
1.00000000
1.00000000
1.00000000
1.00000000
1.00000000
1.00000000
1.00000000
1.00000000
1.00000000
1.00000000
1.00000000
1.00000000
1.00000000
0.99559611
0.99596488
0.99610966
0.99526936
0.99570245
0.99587327
0.99630606
0.99630558
0.99614799
0.99615943
0.99625373
0.99604082
0.99609852
0.99586535
0.99631953
0.99632972
0.99628830
0.99626440
0.99589622
0.99591738
0.99615842
0.99615794
0.99580932
0.99590814
0.99546224
0.99531907
0.99556053
0.99530017
0.99554294
0.99573565
0.99563509
0.99545574
0.99505627
0.99492306
0.99498451
0.99497896
0.99472612
0.99457681
0.99499315
0.99488938
0.99474406
0.99427658
0.99412328
0.99441457
0.99383330
0.99396294
0.99397308
0.99461091
0.99297673
0.99249589
0.99398804
0.99358118
0.99197376
0.99312913
0.99300897
0.99352247
0.99253792
0.99274045
0.99161327
0.99292397
0.99226004
0.99266291
0.99193209
0.99280918
0.99223924
0.99307257
0.99219149
0.99116451
0.99293160
0.99371827
0.99470818
0.99496174
0.99555510
0.99529892
0.99569124
0.99620843
0.99630886
0.99639767
0.99647826
0.99664009
0.99654716
0.99642688
0.99590045
0.99488091
0.99430144
0.99435920
0.99437213
0.99472058
0.99487525
0.99335420
0.99362856
0.99403548
0.99410361
0.99423754
0.99472177
0.99471843
0.99501038
0.99506986
0.99532652
0.99511105
0.99465561
0.99489069
0.99528885
0.99567872
0.99538726
0.99516869
0.99455076
0.99580139
0.99579006
0.99563640
0.99601632
0.99531436
0.99535781
0.99572134
0.99462223
0.99483693
0.99421161
0.99440682
0.99505073
0.99479443
0.99519867
0.99555367
0.99499112
0.99477035
0.99422580
0.99440020
0.99402821
0.99462885
0.99437666
0.99392647
0.99384600
0.99495465
0.99467564
0.99474442
0.99409890
0.99399155
0.99340218
0.99218810
0.99185246
0.98769802
0.98631531
0.98817760
0.99092066
0.99342221
0.99460560
0.99480766
0.99576902
0.99587953
0.99507195
0.99482048
0.99522191
0.99569690
0.99538237
0.99567813
0.99577349
0.99552202
0.99595261
0.99457473
0.99589878
0.99599874
0.99576074
0.99588877
0.99569869
0.99534792
0.99556315
0.99552840
0.99557000
0.99560463
0.99635410
0.99607533
0.99632096
0.99624985
0.99589455
0.99576724
0.99606401
0.99598962
0.99577737
0.99590188
0.99590081
0.99631989
0.99636477
0.99607241
0.99608082
0.99588460
0.99567837
0.99579561
0.99585837
0.99628264
0.99640781
0.99658382
0.99649823
0.99637103
0.99652714
0.99655849
0.99612939
0.99577206
0.99552333
0.99547052
0.99550015
0.99516332
0.99558145
0.99547982
0.99501258
0.99462402
0.99445701
0.99504519
0.99540508
0.99619520
0.99468225
0.99501377
0.99482948
0.99442381
0.99424225
0.99493992
0.99517882
0.99631906
0.99647826
0.99604130
0.99574512
0.99619186
0.99518210
0.99545300
0.99565142
0.99537933
0.99617803
0.99635375
0.99565876
0.99565518
0.99540222
0.99571759
0.99496472
0.99560517
0.99547923
0.99578828
0.99583602
0.99533480
0.99573553
0.99553668
0.99545324
0.99502891
0.99574524
0.99551141
0.99533278
0.99549758
0.99558431
0.99603373
0.99600357
0.99575269
0.99576473
0.99595177
0.99649823
0.99656880
0.99629080
0.99624616
0.99605417
0.99593532
0.99602950
0.99603242
0.99642074
0.99643636
0.99616736
0.99585307
0.99566710
0.99539185
0.99577624
0.99596369
0.99526536
0.99570101
0.99575764
0.99569017
0.99505782
0.99536288
0.99580979
0.99548727
0.99544686
0.99502891
0.99526429
0.99545586
0.99563181
0.99594384
0.99620265
0.99595898
0.99585450
0.99533576
0.99523771
0.99523854
0.99539703
0.99544936
0.99561453
0.99475360
0.99511516
0.99482024
0.99503338
0.99569172
0.99569893
0.99521011
0.99489415
0.99533290
0.99490476
0.99530125
0.99536127
0.99568498
0.99580353
0.99577063
0.99614966
0.99607533
0.99604577
0.99599385
0.99601388
0.99599659
0.99600863
0.99571359
0.99537706
0.99532253
0.99510866
0.99533999
0.99517065
0.99547064
0.99504542
0.99396849
0.99388701
0.99458057
0.99459237
0.99491704
0.99558288
0.99538416
0.99542302
0.99494511
0.99493128
0.99426115
0.99419314
0.99472874
0.99392611
0.99483138
0.99492562
0.99479300
0.99528658
0.99509180
0.99444926
0.99494451
0.99510336
0.99518615
0.99504119
0.99468404
0.99504638
0.99459910
0.99502951
0.99521375
0.99539763
0.99511355
0.99489588
0.99527729
0.99547076
0.99599057
0.99617141
0.99650627
0.99626142
0.99635160
0.99574524
0.99570245
0.99523830
0.99384081
0.99383485
0.99382955
0.99325776
0.99311370
0.99271119
0.99257433
0.99367261
0.99302602
0.99382895
0.99300039
0.99470347
0.99454206
0.99550772
0.99644190
0.99562562
0.99564785
0.99592137
0.99591881
0.99651283
0.99622476
0.99658453
0.99625957
0.99630177
0.99644202
0.99634039
0.99657488
0.99677902
0.99697566
0.99701679
0.99689376
0.99685931
0.99640489
0.99677438
0.99660504
0.99623388
0.99631941
0.99638438
0.99652123
0.99654526
0.99644804
0.99657804
0.99653167
0.99656540
0.99695086
0.99698871
0.99709892
0.99670166
0.99680579
0.99708909
0.99699652
0.99665219
0.99659508
0.99615842
0.99621212
0.99617589
0.99617946
0.99610412
0.99589765
0.99578357
0.99564749
0.99536705
0.99507046
0.99518871
0.99531639
0.99568605
0.99565697
0.99560225
0.99528861
0.99556363
0.99586844
0.99597174
0.99570197
0.99613214
0.99609500
0.99601966
0.99621284
0.99666721
0.99658477
0.99645221
0.99683040
0.99654835
0.99644679
0.99649894
0.99609971
0.99622887
0.99611998
0.99583614
0.99601585
0.99578166
0.99583876
0.99589646
0.99588710
0.99572492
0.99566865
0.99541998
0.99518859
0.99515522
0.99520606
0.99524540
0.99528921
0.99516344
0.99507695
0.99505556
0.99505013
0.99498427
0.99454463
0.99444491
0.99427611
0.99372900
0.99314111
0.99275136
0.99287438
0.99240768
0.99204999
0.99148738
0.99100280
0.99120831
0.99150777
0.99178481
0.99155504
0.99143463
0.99146724
0.99177283
0.99193233
0.99169320
0.99185002
0.99147964
0.99143124
0.99171877
0.99133915
0.99165511
0.99175316
0.99117541
0.99141383
0.99089372
0.99090236
0.99121374
0.99095869
0.99095154
0.99093115
0.99161035
0.99089956
0.99097985
0.99097121
0.99112129
0.99160129
0.99105293
0.99127710
0.99123210
0.99118996
0.99150777
0.99038965
0.99073291
0.98990661
0.98972297
0.98981863
0.98991710
0.99056494
0.99032366
0.99014914
0.99021482
0.98908049
0.98750985
0.98941642
0.98815733
0.98603868
0.98674113
0.98376715
0.98370415
0.98394138
0.98686892
0.98538733
0.98522472
0.98646486
0.98610479
0.98737389
0.98617792
0.98597622
0.98787528
0.98890615
0.98874515
0.98805398
0.98694777
0.98625714
0.98663437
0.98865277
0.98811859
0.98799008
0.98853302
0.98956949
0.98917389
0.98787773
0.98788691
0.98718309
0.98679763
0.98648840
0.98472995
0.98104572
0.98245746
0.97970814
0.98107439
0.98207098
0.98398155
0.98359042
0.98154861
0.98016709
0.97656858
0.97829562
0.97956890
0.97669286
0.97887254
0.97909683
0.97823882
0.97897607
0.98145193
0.98269051
0.98318833
0.98394603
0.98410994
0.98243064
0.98045647
0.98206133
0.98135847
0.98059195
0.97929436
0.97811252
0.98059195
0.98019296
0.97979844
0.98038745
0.98145926
0.98177046
0.98053944
0.98063558
0.97862875
0.97861052
0.97864699
0.97958916
0.97503757
0.97817528
0.97772491
0.97691333
0.97767651
0.97737610
0.97756803
0.97780687
0.97763056
0.98035002
0.98062193
0.98061877
0.97872800
0.97945571
0.97779298
0.97625208
0.97679728
0.97813737
0.97611982
0.97584957
0.97970611
0.97672766
0.97614527
0.97681129
0.97440583
0.97264940
0.97123587
0.97019035
0.97208101
0.97068620
0.97402263
0.97404569
0.97177202
0.97029412
0.97247642
0.97478920
0.97567648
0.97603172
0.97599822
0.97880358
0.97983140
0.97751743
0.97850776
0.97907823
0.98272413
0.98130035
0.97748137
0.97951388
0.97973651
0.97999579
0.97578216
0.97614413
0.97646391
0.98091990
0.97711974
0.97907442
0.97328353
0.97774529
0.97852933
0.97835565
0.97742385
0.97826731
0.97720635
0.97680306
0.97629821
0.97558129
0.97782451
0.97762769
0.97753656
0.97567636
0.97591215
0.97509074
0.97566742
0.97552311
0.97674805
0.97668457
0.97347426
0.97237229
0.97324353
0.97333872
0.96931714
0.97265911
0.97128785
0.97008902
0.97245818
0.97447115
0.96839106
0.97022623
0.96750587
0.96112704
0.95372039
0.95451498
0.95780373
0.96403384
0.95732552
0.95864940
0.96356773
0.96285474
0.96793807
0.97177112
0.95856899
0.96540761
0.96575791
0.96715641
0.96506149
0.97112966
0.97095931
0.96734917
0.97152609
0.96610916
0.95981979
0.96750456
0.96735382
0.96909761
0.96779948
0.96978867
0.96990955
0.97348267
0.97164637
0.97344977
0.96984148
0.97343308
0.95791477
0.96239114
0.96638894
0.97567368
0.97724062
0.98008305
0.98077410
0.97445458
0.97640038
0.97474277
0.98006541
0.97775203
0.98130494
0.98107213
0.97748190
0.98074156
0.97800899
0.98046505
0.98199183
0.98314041
0.97795880
0.98309213
0.98333943
0.97538787
0.97388059
0.97300828
0.96944642
0.97373545
0.97558105
0.98019582
0.97228414
0.97550619
0.97644264
0.97848308
0.97955483
0.97943568
0.97751826
0.97709125
0.97903442
0.97776461
0.97831571
0.97729480
0.97989821
0.97768629
0.97746426
0.97527689
0.97870570
0.98075074
0.98250294
0.98288053
0.98309845
0.98464626
0.98266691
0.98342741
0.98441470
0.98295528
0.98149580
0.98082310
0.97900635
0.98017222
0.98267764
0.98592234
0.98108667
0.98255426
0.97961491
0.97760713
0.96490520
0.96482939
0.94579196
0.94402266
0.93497783
0.94604069
0.96747857
0.94873804
0.94688267
0.94427836
0.94238806
0.95210743
0.94850105
0.95226032
0.94264847
0.94517791
0.95591468
0.95567811
0.95979047
0.96991134
0.96245682
0.97153383
0.98081756
0.96807456
0.96601361
0.96642172
0.96305346
0.95899433
0.96198124
0.96393293
0.97307581
0.95714104
0.94264030
0.94638413
0.93890858
0.92330194
0.92706889
0.92044085
0.91662508
0.92989182
0.91868699
0.91888988
0.93416965
0.91911811
0.92098057
0.92371255
0.93257499
0.94184971
0.94995058
0.92336553
0.92665720
0.89977694
0.92838371
0.93604332
0.93178731
0.92485327
0.87270045
0.92173845
0.89511681
0.95177168
0.94990456
0.95405656
0.91053176
0.90146136
0.89990014
0.89122933
0.87133330
0.82095945
0.79522175
0.77108705
0.78150219
0.78431940
0.81413311
0.81531286
0.74368900
0.77989280
0.77175397
0.78281128
0.78679305
0.83602035
0.81614304
0.78433287
0.79959911
0.74443436
0.75746948
0.72625482
0.76064074
0.75459373
0.73723274
0.76109332
0.72137380
0.70917809
0.71697617
0.71131045
0.73253584
0.66002458
0.70511615
0.65652049
0.63607323
0.62047893
0.64193565
0.65442353
0.72951663
0.72062933
0.73290086
0.78567529
0.72514200
0.70509511
0.68848145
0.64917654
0.64359611
0.65274471
0.63329953
0.62166256
0.64550692
0.64982462
0.62600410
0.62235534
0.60246462
0.59277844
0.58045787
0.57507801
0.57963574
0.56010568
0.58220565
0.58066738
0.54929423
0.55330336
0.54724687
0.52008653
0.50654089
0.50644267
0.48202008
0.51798439
0.50643635
0.50164849
0.54517263
0.51337379
0.52363139
0.52238935
0.49952337
0.51491487
0.52694732
0.51197129
0.50546688
0.46392667
0.43122733
0.46626654
0.46895170
0.50376707
0.49743372
0.48379391
0.46463099
0.46741796
0.49450874
0.45491257
0.46650338
0.40941337
0.44602257
0.41213459
0.41600290
0.41385716
0.46407989
0.45325741
0.42444772
0.41679165
0.39447653
0.36709729
0.37004739
0.38758233
0.36637509
0.37155265
0.35352474
0.40000805
0.37896648
0.33524302
0.33606938
0.36027282
0.35014755
0.31192920
0.33715874
0.31101120
0.34903306
0.33180726
0.29653847
0.33046550
0.30867746
0.31918532
0.31217444
0.29156744
0.29351661
0.28574243
0.33518931
0.31418887
0.31388932
0.27350524
0.26150963
0.25513691
0.26351154
0.25370246
0.24886706
0.25401014
0.24836163
0.25538310
0.26667222
0.25817832
0.25795761
0.26185015
0.24371186
0.24135640
0.23150600
0.25695688
0.26604375
0.22748348
0.26752627
0.23419929
0.24360940
0.20350084
0.23711959
0.20514442
0.19026281
0.17187601
0.16928999
0.15885827
0.16088675
0.16314381
0.16292290
0.17343771
0.15529568
0.15522453
0.14639559
0.14048140
0.14324787
0.15746769
0.13901272
0.13353850
0.12054013
0.12662138
0.12852092
0.12979521
0.12476262
0.12426766
0.13261290
0.12760070
0.12749505
0.13277262
0.13292210
0.13636753
0.13815756
0.14036466
0.13469960
0.13773908
0.14207919
0.14990145
0.15008278
0.14085214
0.13478874
0.13390563
0.11746582
0.11390167
0.11997814
0.11958110
0.12593268
0.12559636
0.12264132
0.13296825
0.13919291
0.14830793
0.15322290
0.15227306
0.15424776
0.14369197
0.14285849
0.13485910
0.14179313
0.12954731
0.12880735
0.13072909
0.13238063
0.12734848
0.12123152
0.12814468
0.12971669
0.12712777
0.12720464
0.13112329
0.11966461
0.12650754
0.12231809
0.11167586
0.11782712
0.12242638
0.12321217
0.11935582
0.12947412
0.11918757
0.12051348
0.12990737
0.12628581
0.12811898
0.11272337
0.11365527
0.10866243
0.10448912
0.10476568
0.11657489
0.11266191
0.10372265
0.10322730
0.10753388
0.11101841
0.11927745
0.11218342
0.11924403
0.11953834
0.11048474
0.11836664
0.11615505
0.11789249
0.11513302
0.11339535
0.11878271
0.10701096
0.10978024
0.11356431
0.11514539
0.10685386
0.10060522
0.10649171
0.09703124
0.09300035
0.08736615
0.08828063
0.09050514
0.09571902
0.08918207
0.08643857
0.09252596
0.09005876
0.09265111
0.08824662
0.08913026
0.09063127
0.08998857
0.09139406
0.08314764
0.08836647
0.08428236
0.08293664
0.08434737
0.08135026
0.08156285
0.08498278
0.08155058
0.08315694
0.08737025
0.08880460
0.08880401
0.09397238
0.09032747
0.08753402
0.08469230
0.08431902
0.08642564
0.08663954
0.07257733
0.07509413
0.07149062
0.07144278
0.07410385
0.08298248
0.07565110
0.07321483
0.07067003
0.07558721
0.07265154
0.07243493
0.07122684
0.07230207
0.06901605
0.06775063
0.06631946
0.07052121
0.06856250
0.06885126
0.07283138
0.07400084
0.07155821
0.07332528
0.07442214
0.07237643
0.07085347
0.06967089
0.06941576
0.06580997
0.06280710
0.06472947
0.06601302
0.06808821
0.06763384
0.07306472
0.07414820
0.07585068
0.06851892
0.06603987
0.07015171
0.06841046
0.06923252
0.07878173
0.07360019
0.06944565
0.06613920
0.06501744
0.06729304
0.06622570
0.06637716
0.06125653
0.06711781
0.06239004
0.06507280
0.06477851
0.06216913
0.06281016
0.06275991
0.06385682
0.06302130
0.06608993
0.06250877
0.06396655
0.05854550
0.06089794
0.06216845
0.06041557
0.06133602
0.06343440
0.06849150
0.06949397
0.07677148
0.07971238
0.08503486
0.08191159
0.08358230
0.07652121
0.06662979
0.06457382
0.06397314
0.06440362
0.06417773
0.06272274
0.06281710
0.06324087
0.06101007
0.06004737
0.06334532
0.06611561
0.06207962
0.06276225
0.06005727
0.06498387
0.06606168
0.06457242
0.06357963
0.06042406
0.06228012
0.07021876
0.06011836
0.06420930
0.06433251
0.06821120
0.06167313
0.06444756
0.06243380
0.06500832
0.06402396
0.06553676
0.06942706
0.06322311
0.06425781
0.05897457
0.06351476
0.06398435
0.06401947
0.06576367
0.06751192
0.06665717
0.06766197
0.06781944
0.07662169
0.07724322
0.07242543
0.07820869
0.07044854
0.07163443
0.07077225
0.06856205
0.07160624
0.06814969
0.06635550
0.07627200
0.06928555
0.06610226
0.07242098
0.06714267
0.06446242
0.06581011
0.06105886
0.06852666
0.06160555
0.05950342
0.05972981
0.06071042
0.05696058
0.06323770
0.06400967
0.06331133
0.06356460
0.06624452
0.06239055
0.06302985
0.06003899
0.06433336
0.06397897
0.05963949
0.05818919
0.06323394
0.06102864
0.06312089
0.06394607
0.05901935
0.06339999
0.06027441
0.05718618
0.06183218
0.05692725
0.05782584
0.05618051
0.05780928
0.05947776
0.05562851
0.05662727
0.05571823
0.06040293
0.05842734
0.06123281
0.06308927
0.06238975
0.06676182
0.06666696
0.07048602
0.07431750
0.08045741
0.07954027
0.07896934
0.08013330
0.08027363
0.08140269
0.07942413
0.07680004
0.07764588
0.08071806
0.07797258
0.08058026
0.07987522
0.08320156
0.08315843
0.08283881
0.08767412
0.08889370
0.09145502
0.09001973
0.08567231
0.08585376
0.08973466
0.09397579
0.09727607
0.09337369
0.08892066
0.09022065
0.08603536
0.08437996
0.08900089
0.08846162
0.08352766
0.09242778
0.09299609
0.09444670
0.10268364
0.11101326
0.09944419
0.09449339
0.10228393
0.09704766
0.08888445
0.09680662
0.09193134
0.08190666
0.07942089
0.08525540
0.08283019
0.08070955
0.07699697
0.08063304
0.08208791
0.08835603
0.09478264
0.08436690
0.08573600
0.09504350
0.09537748
0.08062931
0.07981145
0.06616079
0.06708063
0.07364066
0.07848570
0.08034320
0.08094494
0.08297963
0.08050031
0.07751556
0.07575567
0.08531786
0.07985765
0.07524567
0.07638522
0.07674813
0.08177361
0.08738192
0.08151758
0.09500051
0.08314237
0.09488625
0.08847976
0.09273571
0.08874547
0.09045354
0.09492771
0.08632756
0.09015378
0.09760291
0.09335029
0.08719503
0.09697715
0.09202380
0.08529337
0.07813132
0.08061348
0.07747136
0.08010257
0.08711046
0.07596733
0.07696143
0.07715894
0.08690760
0.09140667
0.08816478
0.09677898
0.09140210
0.08314575
0.07712355
0.08240546
0.08527461
0.08595379
0.08288377
0.08617207
0.08089726
0.08885130
0.08372667
0.09135578
0.08834821
0.08574314
0.09103782
0.08187436
0.08337189
0.07882201
0.08979426
0.08823085
0.09106708
0.08838227
0.09126450
0.08738267
0.08300259
0.08197851
0.07997695
0.08096447
0.07974714
0.08633260
0.08590949
0.07928203
0.08529927
0.09060251
0.08541209
0.08548661
0.08036850
0.08991765
0.08639265
0.08373725
0.08622672
0.08822989
0.08415116
0.08477106
0.08540497
0.07984878
0.08561973
0.07851217
0.08738485
0.08366911
0.08710268
0.08279139
0.08483764
0.09103482
0.08595845
0.08186443
0.07921344
0.08217137
0.08085477
0.07936842
0.08193094
0.08091385
0.08616169
0.08140064
0.08593673
0.08525044
0.08553287
0.08460838
0.08443715
0.08328437
0.08757586
0.08770061
0.08983245
0.09237505
0.09347444
0.10045541
0.10129596
0.10041618
0.10579869
0.10674862
0.10394750
0.11005313
0.10352234
0.10449651
0.10178860
0.08585398
0.09388545
0.09291496
0.08811127
0.09041241
0.09558963
0.10055327
0.09749367
0.09101690
0.09658785
0.09270073
0.08449517
0.08144565
0.07870567
0.08167257
0.08363035
0.08242990
0.08098379
0.08041663
0.07996269
0.07922267
0.08120103
0.08755919
0.08655803
0.08834122
0.08214532
0.07610475
0.07376518
0.07190569
0.08706241
0.09345464
0.08624322
0.08348996
0.07855475
0.08163402
0.08184214
0.08808479
0.08255658
0.08135473
0.08315177
0.08255927
0.08195134
0.08133034
0.08494482
0.08087237
0.07972728
0.08135632
0.07982232
0.07951070
0.08551758
0.09122370
0.09551634
0.10400732
0.11063027
0.10907032
0.10573628
0.09760180
0.09834126
0.10162118
0.11601997
0.10954212
0.11041515
0.11135636
0.10925655
0.11263210
0.11085887
0.10870788
0.10047819
0.09606416
0.09695745
0.09523902
0.09541100
0.09641908
0.09482789
0.09336868
0.09547994
0.09682288
0.09387089
0.09406543
0.09400910
0.09040006
0.09191693
0.08866440
0.09000050
0.09834903
0.08737669
0.08479372
0.08805373
0.08727102
0.08026818
0.08258909
0.08381996
0.09216172
0.08690576
0.08650901
0.08830626
0.08466955
0.08366854
0.08730964
0.08896413
0.08784847
0.09106607
0.09394816
0.08642074
0.08262064
0.08545575
0.08353655
0.07873195
0.07383742
0.07122857
0.06842742
0.07327866
0.07716135
0.08302397
0.08454074
0.09139857
0.08574226
0.08392894
0.08394719
0.09020053
0.09347533
0.09029854
0.09251179
0.09681751
0.09491828
0.09863960
0.10159225
0.10053808
0.10174237
0.09555052
0.09388448
0.09393457
0.09712894
0.09868231
0.09906739
0.09907624
0.10329742
0.09840483
0.10416995
0.10244583
0.10500770
0.10574071
0.10934953
0.10495317
0.10522713
0.10525639
0.10729514
0.11289081
0.11322281
0.11309808
0.09855853
0.09390659
0.10104860
0.09452520
0.09799428
0.10629708
0.10132466
0.10302833
0.10799007
0.10210809
0.10019031
0.09916364
0.09874948
0.09550789
0.09210648
0.08140929
0.08164784
0.08570415
0.08463326
0.08853666
0.10182416
0.10367914
0.09886017
0.10421687
0.10605624
0.11469030
0.11358351
0.11979787
0.11903223
0.12618327
0.12410261
0.13227315
0.13573079
0.14767456
0.15882534
0.15430400
0.16330862
0.16420186
0.17623521
0.18485700
0.20676205
0.22329594
0.23218489
0.24024375
0.24942210
0.25565130
0.26539722
0.25529990
0.26046008
0.26719579
0.23654735
0.21738537
0.20214511
0.18178611
0.18190834
0.17806424
0.18415135
0.20413928
0.23307778
0.25413981
0.24538746
0.26115409
0.26472452
0.26502547
0.32137114
0.32200596
0.31155989
0.27995217
0.25960168
0.28005075
0.26108494
0.28063110
0.28421065
0.26296037
0.28288025
0.24660236
0.26293409
0.29705954
0.26953569
0.29288232
0.28062400
0.28348562
0.29531810
0.27224821
0.26587212
0.25648731
0.28130051
0.32881495
0.30805856
0.34288532
0.35265028
0.34863636
0.33126456
0.34165847
0.32528704
0.34188998
0.32543737
0.32353365
0.31233272
0.33394161
0.33488515
0.33495882
0.34692547
0.30620953
0.32445753
0.35947290
0.29821727
0.31362900
0.31678268
0.34633428
0.37456477
0.39516237
0.43010801
0.38498348
0.36669981
0.37035626
0.37701061
0.36594185
0.36022684
0.36112317
0.38314810
0.38402382
0.40297079
0.40461686
0.42926481
0.43601120
0.39467525
0.38672814
0.40830067
0.43715125
0.43184647
0.42184094
0.42474249
0.42615145
0.40894809
0.37916350
0.39814007
0.42775390
0.38537338
0.38811180
0.37896883
0.45448145
0.46703723
0.50199002
0.50463110
0.44815001
0.41208360
0.48519644
0.46201277
0.47842553
0.52077264
0.51653087
0.50453937
0.48231769
0.50145334
0.47747070
0.49872321
0.51845223
0.51188809
0.52315158
0.52811474
0.55118048
0.58578265
0.61061597
0.60886586
0.61945057
0.57013696
0.54686213
0.57763618
0.54003024
0.55577105
0.56827813
0.59634137
0.60246515
0.63169098
0.62989670
0.63688242
0.67045605
0.65514523
0.68621010
0.66935503
0.67122275
0.61345160
0.66358376
0.65590286
0.65488172
0.58364826
0.64447767
0.64925241
0.63181376
0.63506979
0.62438208
0.61099041
0.61334103
0.61182618
0.62456095
0.64509588
0.65205431
0.66211045
0.68900144
0.69262183
0.67541641
0.70309818
0.70966828
0.71144176
0.70872444
0.74220020
0.78227615
0.73757935
0.75320011
0.78981888
0.81410879
0.77942902
0.78925169
0.82925135
0.82160676
0.80713737
0.81354111
0.80398780
0.81128556
0.88811213
0.85733324
0.87256753
0.86467880
0.87375027
0.88538057
0.86197007
0.90316057
0.84117073
0.84196198
0.85013312
0.82421201
0.89084595
0.88950342
0.90836370
0.92015642
0.93950802
0.93594623
0.92479157
0.93690270
0.91108477
0.91311646
0.94106257
0.91992307
0.89298546
0.90564811
0.89024031
0.87722701
0.87275910
0.89169031
0.90915847
0.88646197
0.87296265
0.88309431
0.89951730
0.93039638
0.88295209
0.88837612
0.89411259
0.89241505
0.88987643
0.92805898
0.91627097
0.95613527
0.96810782
0.95753020
0.95081985
0.94102663
0.94092184
0.92595023
0.94202763
0.95461535
0.95768619
0.94749916
0.93926126
0.93725359
0.92595065
0.94166279
0.91319215
0.94264585
0.95030570
0.93667895
0.94154090
0.95791900
0.94801742
0.94326091
0.94152403
0.95129663
0.93878800
0.94562125
0.90862244
0.93069899
0.93668950
0.94059753
0.91898018
0.94026566
0.94333380
0.94956553
0.94770342
0.90119809
0.92229819
0.91258997
0.83615756
0.82713139
0.71889371
0.58622926
0.51068413
0.11843885
0.06953613
0.07379121
0.05254178
0.04936270
0.04877341
0.04492179
0.03998778
0.03681552
0.03201101
0.03292483
0.04708624
0.05226870
0.04946572
0.05012599
0.05594629
0.05072899
0.04242171
0.04340714
0.04970040
0.05426961
0.04256512
0.04068089
0.04085143
0.04844766
0.04554675
0.04582071
0.05289970
0.05832813
0.05629970
0.06211215
0.06918736
0.06965153
0.05987311
0.05995641
0.06500802
0.06107789
0.06929352
0.05969987
0.07691204
0.73468482
0.92106622
0.97206622
0.97846758
0.98554939
0.98577976
0.98420942
0.98690611
0.98414570
0.98458534
0.98302585
0.98442703
0.98177725
0.97232705
0.97345835
0.96716422
0.97421265
0.98115724
0.97905374
0.97792327
0.98066837
0.98376197
0.98296899
0.98678118
0.98814940
0.98969567
0.98991030
0.99149102
0.99293375
0.99375868
0.99361247
0.99369109
0.99215227
0.99158561
0.99213505
0.99156934
0.99124080
0.99223423
0.99272692
0.99333727
0.99380541
0.99434459
0.99360693
0.99505782
0.99562848
0.99579644
0.99573827
0.99592245
0.99628663
0.99630511
0.99618405
0.99644840
0.99648523
0.99638867
0.99573070
0.99626070
0.99617720
0.99524754
0.99567360
0.99559337
0.99620676
0.99556398
0.99725550
0.99711871
0.99698788
0.99658918
0.99702376
0.99633116
0.99576437
0.99620903
0.99597174
0.99580365
0.99591368
0.99616915
0.99605125
0.99649137
0.99707687
0.99715233
0.99723959
0.99673575
0.99679822
0.99642271
0.99702901
0.99615461
0.99708611
0.99699831
0.99659121
0.99740607
0.99660420
0.99497521
0.99527317
0.99584061
0.99585503
0.99511468
0.99568707
0.99463993
0.99433160
0.99543804
0.99514139
0.99599385
0.99641341
0.99583650
0.99685210
0.99669290
0.99722761
0.99797028
0.99729449
0.99695206
0.99669564
0.99717546
0.99719667
0.99703729
0.99745101
0.99748212
0.99736291
0.99759501
0.99769884
0.99784505
0.99765378
0.99784958
0.99800450
0.99771202
0.99747437
0.99738652
0.99728048
0.99694914
0.99730551
0.99632794
0.99730730
0.99755079
0.99722928
0.99714345
0.99646592
0.99668068
0.99658799
0.99689639
0.99705446
0.99634320
0.99677390
0.99655825
0.99703181
0.99640828
0.99679035
0.99724483
0.99678838
0.99701738
0.99729711
0.99716091
0.99730325
0.99750048
0.99740690
0.99759716
0.99771798
0.99721944
0.99715734
0.99682790
0.99701512
0.99683315
0.99605763
0.99625313
0.99492776
0.99644887
0.99497873
0.99567658
0.99586344
0.99608409
0.99619377
0.99655116
0.99661821
0.99718225
0.99660444
0.99721283
0.99704677
0.99581212
0.99644864
0.99653661
0.99616003
0.99619746
0.99502975
0.99475706
0.99526405
0.99313813
0.99248332
0.99354196
0.99354088
0.99464911
0.99522674
0.99614173
0.99668652
0.99667668
0.99666971
0.99666804
0.99682754
0.99677283
0.99683607
0.99702901
0.99678457
0.99657369
0.99513113
0.99536502
0.99631703
0.99648774
0.99582160
0.99644911
0.99608213
0.99533099
0.99432123
0.99217576
0.99303389
0.99327749
0.99285758
0.99181420
0.99367541
0.99300355
0.99257725
0.99286216
0.99262804
0.99150300
0.99136132
0.98772299
0.99007100
0.98798835
0.98600477
0.98524344
0.98868412
0.98875463
0.98515791
0.98482043
0.98369813
0.98550689
0.98481768
0.98576552
0.98544401
0.97994083
0.97968036
0.98289317
0.98351711
0.98500603
0.99066192
0.99063873
0.98607326
0.98736703
0.99221838
0.99119979
0.99210042
0.99281573
0.99205267
0.99203968
0.99453813
0.99540967
0.99530292
0.99339408
0.99411595
0.99530518
0.99552768
0.99427778
0.99303341
0.98962057
0.98691142
0.98789120
0.96647090
0.96602428
0.95155466
0.94329923
0.92579621
0.94912374
0.93964368
0.94688165
0.93955559
0.92206681
0.95656902
0.96993464
0.96400547
0.98016810
0.97795951
0.98282176
0.97899300
0.98910975
0.99381703
0.99402738
0.99328125
0.99239069
0.98954952
0.98952091
0.99010789
0.98920047
0.98778778
0.98548430
0.98208147
0.98633099
0.98330587
0.97600174
0.98276478
0.97825593
0.98179287
0.97517073
0.97719496
0.96431887
0.96506840
0.96237707
0.97640330
0.97815359
0.97982520
0.97015059
0.97759789
0.97929513
0.96999502
0.98174769
0.98390108
0.98834842
0.98821694
0.98757660
0.98970431
0.99162900
0.99205220
0.99094826
0.99261618
0.99169064
0.99337113
0.99059665
0.99328786
0.99368358
0.99364281
0.99424827
0.99453568
0.99397463
0.99357986
0.99387783
0.99370736
0.99287546
0.99162889
0.99257553
0.99248332
0.99247146
0.99420750
0.99356318
0.99481529
0.99333853
0.99330771
0.99576449
0.99324340
0.99469709
0.99498183
0.99534285
0.99504858
0.99479866
0.99537754
0.99566758
0.99562377
0.99637306
0.99576974
0.99662942
0.99666327
0.99660802
0.99666315
0.99657899
0.99496210
0.99545020
0.99565756
0.99376220
0.99084634
0.98832196
0.99240124
0.99336571
0.99402505
0.99394470
0.99387205
0.99243015
0.99173814
0.98976946
0.98821801
0.99087840
0.98957026
0.99000299
0.99104512
0.99132431
0.98952824
0.99024349
0.98750556
0.98749799
0.98874038
0.98686230
0.98992282
0.98688567
0.99145859
0.98454732
0.98426270
0.98574859
0.98062825
0.98927993
0.98788470
0.98737699
0.98036057
0.98671550
0.98361683
0.99011457
0.98913658
0.98590046
0.98642957
0.98350322
0.98525894
0.98106742
0.98205572
0.97608715
0.98027396
0.97563350
0.97747737
0.97246981
0.97514182
0.98224026
0.97508574
0.96208328
0.97437853
0.98261249
0.97973102
0.97301823
0.97139651
0.96246487
0.96918094
0.96616858
0.97117907
0.96273547
0.96726507
0.96207851
0.96530914
0.96326935
0.97099048
0.97108817
0.96334279
0.96365088
0.95060867
0.95357293
0.94842601
0.95360571
0.94918066
0.96120280
0.95565230
0.94921988
0.95451164
0.95325202
0.94581443
0.95534921
0.94469148
0.95673126
0.95933133
0.95855850
0.95439792
0.94971699
0.95389968
0.95845628
0.96656346
0.95758039
0.92116690
0.93246531
0.93009049
0.93719548
0.93278641
0.91072601
0.90059495
0.90282243
0.91796017
0.91770977
0.92212713
0.93414003
0.93413270
0.93947268
0.93324840
0.91818482
0.90612286
0.90592402
0.87876940
0.90235490
0.90460992
0.90742284
0.87353879
0.89691287
0.87332916
0.86818957
0.86927074
0.86584985
0.82882112
0.84502882
0.85429293
0.84149283
0.87573409
0.86817372
0.82371384
0.84082663
0.84083003
0.82017922
0.80793869
0.78346294
0.81763101
0.76173365
0.79095846
0.74417049
0.79108065
0.78470796
0.76672375
0.81154376
0.80903608
0.74506158
0.72757107
0.75906628
0.72730488
0.71459764
0.69395512
0.73052382
0.74050760
0.77078754
0.70076448
0.72773629
0.72151750
0.71842170
0.72233802
0.75698632
0.66646075
0.65018022
0.64866728
0.68419659
0.67925471
0.76890123
0.75562572
0.73695171
0.72101879
0.64195347
0.70676094
0.62542999
0.63865316
0.64568770
0.62912720
0.66786337
0.62693381
0.64434731
0.64749569
0.61346811
0.59367353
0.54786760
0.54365778
0.51532370
0.51542622
0.54192609
0.57895374
0.54212242
0.48548153
0.45606327
0.44691506
0.48796102
0.55533308
0.48972723
0.46476084
0.45507270
0.45912868
0.48140028
0.46195325
0.50671262
0.43987167
0.46103144
0.44705847
0.38157517
0.39401245
0.35436484
0.38174638
0.36626858
0.35937300
0.36071312
0.32845828
0.36471105
0.32779664
0.32378584
0.35217130
0.34233034
0.33807650
0.32823980
0.37143889
0.29123941
0.29502624
0.28136554
0.35080102
0.28964606
0.31696871
0.27493301
0.31647182
0.27109081
0.29878044
0.28863576
0.24980363
0.28511709
0.31994158
0.29419291
0.28845781
0.31198844
0.31277201
0.32389450
0.27231854
0.22953990
0.21750955
0.24082613
0.19959636
0.23145485
0.24348645
0.23822215
0.25053480
0.23772904
0.21795684
0.22319488
0.22888516
0.21243113
0.22118768
0.23021518
0.23179112
0.24761413
0.26443574
0.25714532
0.23371111
0.20777336
0.17922753
0.20535640
0.19852678
0.15565468
0.16044162
0.13709153
0.14358217
0.16924584
0.15176387
0.18104129
0.15454130
0.16727334
0.17740542
0.17099090
0.15212275
0.15648693
0.15067120
0.14303310
0.12740929
0.12350343
0.12534085
0.11743451
0.11813791
0.12052645
0.12701039
0.10759529
0.09594195
0.10902851
0.08596840
0.08307639
0.07367140
0.07276499
0.06425880
0.06560237
0.06484515
0.06256436
0.07168472
0.06454253
0.05621636
0.05050281
0.04819720
0.05672252
0.06270711
0.05430385
0.05513430
0.05730352
0.05406678
0.05224110
0.05356120
0.05578277
0.05742900
0.05269325
0.06097032
0.06091523
0.06407720
0.06252695
0.06634907
0.06175218
0.06352373
0.06308290
0.06859785
0.06073837
0.05791850
0.05912098
0.06796321
0.05703915
0.04193196
0.04389792
0.04535041
0.04937115
0.05611954
0.05301464
0.05032998
0.05392076
0.04494248
0.04615349
0.04099270
0.04325842
0.04403976
0.03788828
0.03790181
0.04111058
0.03490708
0.04421901
0.04008873
0.03822282
0.03519975
0.04109294
0.03830798
0.03937865
0.03543471
0.03674604
0.03009219
0.03165635
0.03001435
0.02825987
0.02291590
0.02954312
0.02534742
0.02360199
0.02483967
0.02341761
0.02179232
0.02205979
0.02040741
0.02060976
0.01807551
0.02101971
0.01978842
0.01907101
0.01622945
0.01769051
0.01981338
0.01801793
0.01766779
0.01946191
0.01919319
0.01873720
0.01977768
0.01975968
0.02073109
0.02103526
0.02115613
0.02098776
0.02125161
0.01854774
0.02289586
0.02253693
0.01912864
0.01873392
0.02009627
0.02022563
0.02126119
0.02169950
0.02205204
0.02222009
0.02009945
0.02080009
0.02093128
0.02003324
0.02085902
0.01846406
0.01845032
0.01963490
0.02012637
0.02107937
0.02224829
0.01939977
0.01904813
0.01967265
0.02018292
0.01906037
0.01787810
0.01860442
0.01781720
0.01669601
0.01604449
0.01670344
0.01559160
0.01599397
0.01563499
0.01544637
0.01343670
0.01387270
0.01307634
0.01429797
0.01468759
0.01511752
0.01562268
0.01529191
0.01418488
0.01332411
0.01225345
0.01058368
0.01057412
0.01052751
0.01023505
0.01030204
0.01176898
0.01039627
0.01218471
0.01252638
0.01082079
0.01273762
0.01196864
0.01258468
0.01319766
0.01111321
0.01144480
0.01048157
0.01167713
0.01133048
0.01327955
0.01160368
0.01395567
0.01124130
0.01091287
0.01044331
0.00980339
0.00938912
0.00954760
0.00939808
0.00913413
0.00834633
0.00820823
0.00914180
0.00896928
0.00944185
0.00924468
0.00935856
0.00888456
0.00946031
0.00866391
0.00877321
0.00949411
0.00883336
0.01003357
0.00870435
0.00900845
0.00864318
0.00925312
0.00906155
0.00905844
0.00922281
0.00960334
0.00789084
0.00856155
0.00826098
0.00880690
0.00891255
0.00995994
0.00799756
0.00888680
0.00841029
0.00956691
0.00979133
0.00997460
0.01024027
0.00894348
0.01045021
0.00810882
0.00965363
0.00890694
0.00974826
0.00859693
0.01078260
0.01036345
0.01136901
0.00954529
0.00995147
0.00919713
0.01023512
0.01056806
0.00992163
0.00988596
0.00967907
0.00909874
0.01123691
0.01145126
0.01067530
0.01025855
0.01124995
0.01110822
0.01173468
0.01011208
0.01085115
0.01216797
0.01102411
0.01168465
0.01359605
0.01530059
0.01354584
0.01350677
0.01412878
0.01534064
0.01600121
0.01484805
0.01365312
0.01230115
0.01226900
0.01051576
0.01226043
0.01194293
0.01172533
0.01261534
0.00977955
0.00968071
0.00972832
0.00982872
0.00961179
0.00933329
0.01097355
0.01058111
0.01083575
0.01325200
0.01157569
0.01299875
0.01341495
0.01273799
0.01476815
0.01220447
0.01205074
0.01233931
0.01292875
0.01386984
0.01395126
0.01351391
0.01401950
0.01631697
0.01640443
0.01471638
0.01710989
0.01473050
0.01420435
0.01302871
0.01413679
0.01227316
0.01048690
0.01099079
0.01193987
0.01169050
0.01244640
0.01209256
0.01226085
0.01160197
0.01365221
0.01117610
0.01227611
0.01335299
0.01289666
0.01232961
0.01394760
0.01267520
0.01243774
0.01176272
0.01404723
0.01131344
0.01370616
0.01414840
0.01297834
0.01157459
0.01308120
0.01247021
0.01139765
0.01109063
0.01320111
0.01213921
0.01048063
0.01088752
0.01175923
0.01065208
0.01497081
0.01081408
0.01262107
0.01184358
0.01591559
0.01437499
0.01877940
0.01487045
0.01049121
0.01353817
0.01393149
0.01125736
0.01164891
0.01243575
0.01061988
0.01306484
0.01057776
0.01346403
0.01263321
0.01263994
0.01069462
0.01468544
0.01351696
0.01042280
0.01539273
0.01472019
0.01414599
0.01513407
0.01249022
0.01355613
0.01106863
0.01312030
0.01429307
0.01385271
0.01028731
0.01218974
0.01463546
0.01230976
0.01359156
0.01885217
0.01684684
0.02059083
0.02136230
0.02476490
0.02304934
0.02004910
0.02034627
0.01889574
0.01842501
0.02098718
0.01832332
0.02410095
0.02191465
0.02222330
0.02422099
0.02376178
0.01874000
0.02469961
0.02383004
0.02814244
0.03009872
0.02659375
0.02362492
0.01719940
0.01753747
0.02197723
0.02026414
0.02397122
0.01946839
0.01849062
0.01954232
0.01993841
0.02524760
0.02200812
0.02620819
0.02294548
0.02667151
0.02291063
0.02167418
0.02082722
0.02370616
0.02288472
0.02234073
0.02158558
0.02609015
0.02218006
0.02517503
0.02385517
0.02516286
0.02151985
0.02097515
0.02252379
0.02481166
0.02467071
0.02267366
0.02343451
0.02126224
0.02616625
0.02541529
0.02198082
0.02833842
0.02670711
0.02640350
0.02362853
0.02326503
0.02291210
0.03065270
0.03352408
0.02743950
0.04015697
0.03548500
0.03651075
0.03417765
0.03701495
0.03696688
0.03666265
0.02850489
0.03284599
0.03962515
0.03157156
0.03567310
0.03171701
0.03445970
0.02942437
0.02814527
0.03065115
0.02924068
0.03412861
0.03319382
0.03212264
0.02537894
0.02399571
0.02322946
0.02604293
0.02500234
0.02186797
0.02373947
0.02531979
0.01883060
0.02480146
0.02617480
0.02457343
0.02623305
0.02623001
0.02621760
0.03146657
0.02833223
0.03007789
0.03787929
0.03100748
0.03078449
0.03287440
0.04058949
0.05037311
0.04304589
0.06518189
0.06496498
0.05983848
0.06087303
0.05889299
0.05797113
0.05719589
0.07667263
0.07502939
0.05511111
0.04321678
0.04525523
0.04688084
0.04623286
0.04795261
0.05868370
0.04234054
0.03624683
0.03557757
0.04971628
0.05675993
0.06011122
0.05063959
0.05789376
0.04807784
0.04800368
0.06074402
0.05332469
0.04809038
0.03618551
0.02982031
0.02865249
0.02304067
0.03522785
0.03706766
0.03875906
0.03569868
0.03843914
0.03594838
0.03924614
0.03776485
0.03630879
0.03141253
0.03009553
0.03008178
0.02995635
0.02630941
0.02959309
0.02900537
0.02752514
0.03024137
0.02840361
0.02467131
0.02500796
0.02384661
0.02757751
0.03271041
0.02832999
0.03503682
0.04604532
0.05060898
0.03766093
0.03102474
0.04783818
0.05221647
0.04157520
0.03556098
0.03381027
0.04245925
0.03834343
0.03362935
0.03404421
0.03062279
0.03535954
0.03631234
0.03240801
0.03362048
0.05208975
0.05389669
0.05354899
0.06473992
0.06279825
0.07723845
0.09607136
0.07636173
0.08498071
0.08917630
0.10870612
0.09672681
0.10707025
0.11879237
0.09885748
0.10463539
0.10224053
0.10225738
0.11401965
0.11080130
0.10083517
0.11046091
0.11528359
0.10526250
0.11332196
0.10915009
0.09524348
0.08826730
0.07295021
0.09553161
0.07484688
0.07443023
0.09248357
0.06214011
0.06823554
0.06909031
0.06168584
0.08002461
0.07569810
0.07928946
0.06526182
0.07542333
0.07787273
0.06182614
0.06478402
0.06483538
0.07244436
0.07677417
0.06527457
0.05187640
0.04592711
0.05355955
0.04479113
0.04128497
0.04391641
0.03444689
0.03058993
0.03062764
0.02811865
0.02785609
0.02847855
0.03141452
0.04449605
0.03990585
0.02986077
0.02870990
0.02798951
0.02680558
0.02636207
0.04036637
0.03738664
0.03281120
0.05638004
0.06341036
0.06762070
0.04045981
0.06606948
0.07818809
0.06194533
0.04422208
0.04672268
0.06214719
0.08752466
0.09653663
0.06638534
0.09382536
0.11449844
0.08579175
0.12335077
0.10196435
0.15008375
0.11625808
0.09908852
0.07784946
0.08747197
0.06799641
0.09503856
0.05734925
0.10061620
0.08498147
0.09033051
0.06328022
0.10074754
0.08993662
0.06539468
0.05906845
0.12469659
0.15288185
0.12717827
0.12578034
0.14057483
0.08977158
0.13923082
0.06058766
0.11227295
0.08981686
0.10436682
0.05837605
0.11386961
0.09808685
0.06444719
0.07272967
0.09891452
0.13084625
0.15545298
0.07955905
0.08876093
0.06361502
0.08327281
0.18904011
0.21677501
0.20860378
0.22100002
0.12644979
0.18743654
0.22632155
0.16546175
0.16664919
0.22304511
0.16502050
0.13934094
0.18860401
0.10818458
0.08476193
0.13518548
0.14621200
0.08691853
0.09298384
0.07880833
0.17661326
0.10239307
0.15734372
0.12122072
0.09788264
0.12384670
0.12451734
0.19207744
0.21019688
0.17213942
0.25415549
0.29096091
0.39737627
0.42030111
0.28529376
0.17994201
0.17935143
0.40105256
0.41782424
0.50744933
0.38377789
0.28048745
0.42551258
0.31769103
0.24657837
0.20059623
0.24924712
0.22652088
0.15367444
0.14977644
0.34485993
0.20321244
0.49943796
0.22280551
0.23824234
0.27722958
0.41254234
0.37341845
0.26066777
0.28000292
0.26323566
0.25716317
0.35150573
0.19545043
0.37169370
0.36498520
0.43971673
0.30647355
0.36519122
0.27002084
0.29436007
0.50206339
0.51417607
0.54134285
0.50990075
0.60356712
0.65552223
0.44885030
0.54259932
0.47635210
0.62522542
0.73570698
0.55263942
0.51608926
0.60067177
0.59560865
0.71659982
0.66679937
0.69531095
0.70024222
0.64897954
0.69768184
0.54849118
0.69365877
0.80084407
0.80326074
0.70710272
0.76514739
0.69033045
0.61006045
0.65551919
0.58392435
0.61476576
0.59808528
0.60595679
0.63813913
0.50893629
0.48600018
0.57871729
0.34704775
0.57933688
0.57127172
0.41205099
0.67631114
0.64311498
0.56937265
0.47307768
0.61341912
0.49728140
0.41070074
0.40978834
0.55799109
0.40863484
0.63674629
0.59004867
0.57766694
0.48798671
0.38914806
0.49276605
0.50749952
0.44674978
0.37231022
0.37298292
0.42249364
0.36497983
0.31571072
0.37766540
0.44366747
0.43815637
0.51957697
0.42524183
0.69275093
0.60060138
0.58608896
0.73626840
0.66264045
0.68695980
0.70043916
0.84976870
0.92252690
0.91817939
0.95584601
0.92885339
0.92617911
0.88512623
0.91716969
0.94310993
0.86941266
0.80073440
0.84085935
0.76413053
0.74899375
0.63050479
0.49548414
0.61228406
0.78588372
0.64246756
0.83185840
0.84509653
0.75770921
0.79166460
0.83651114
0.84957886
0.84400392
0.91018331
0.93840861
0.95077509
0.96392727
0.94335330
0.95582438
0.94389808
0.96003598
0.94413859
0.96476603
0.93787110
0.97527462
0.97022802
0.93866462
0.93828589
0.97212541
0.95861775
0.94226146
0.96303147
0.91457099
0.86810875
0.89651763
0.80061257
0.77142149
0.82339579
0.67994612
0.74364197
0.66657639
0.83950049
0.86493623
0.85693032
0.91708022
0.89343387
0.93834037
0.85644776
0.82555413
0.89761823
0.95423269
0.94327587
0.92148662
0.93933183
0.87732017
0.87603885
0.85034567
0.85656112
0.82805204
0.89643562
0.90076566
0.95977485
0.94775307
0.95772773
0.94822288
0.96525198
0.97814798
0.95889205
0.98386323
0.96427697
0.98364842
0.97990912
0.98962080
0.98554623
0.97895664
0.98570442
0.96818674
0.98307019
0.97261488
0.97406286
0.97492993
0.94245994
0.96770144
0.92822224
0.96376294
0.97109216
0.96869028
0.95840341
0.97072697
0.96680564
0.94347352
0.94565195
0.97281659
0.97526461
0.98058230
0.97450757
0.98812717
0.99235815
0.99405670
0.99045992
0.98813593
0.98907590
0.99404436
0.99116689
0.99224275
0.99287814
0.98766720
0.98972780
0.97866994
0.98904884
0.98973668
0.98912513
0.99023777
0.99093127
0.98452193
0.97536474
0.98268008
0.99386120
0.99462932
0.99469638
0.99648893
0.99526453
0.99536079
0.99444467
0.99292243
0.99472976
0.99525499
0.99485588
0.99552721
0.99584937
0.99624759
0.99664682
0.99642038
0.99479562
0.99385118
0.99263775
0.99172431
0.99274981
0.99288565
0.99293339
0.99225569
0.99124759
0.98950326
0.98920190
0.98562485
0.99250197
0.99317545
0.99503607
0.99544084
0.99556327
0.99512792
0.99513692
0.99456656
0.99535912
0.99603868
0.99560094
0.99552000
0.99609512
0.99594080
0.99652064
0.99655139
0.99660563
0.99638426
0.99598938
0.99600130
0.99592990
0.99579740
0.99615049
0.99625957
0.99601716
0.99583364
0.99562424
0.99607605
0.99613768
0.99631554
0.99607795
0.99623555
0.99618053
0.99604404
0.99638832
0.99604756
0.99623340
0.99647540
0.99664271
0.99641514
0.99649930
0.99663723
0.99688148
0.99646288
0.99642533
0.99641585
0.99653232
0.99618983
0.99625802
0.99621308
0.99633777
0.99616855
0.99636626
0.99591428
0.99522108
0.99513549
0.99453294
0.99452353
0.99576086
0.99367964
0.99373120
0.99385589
0.99506736
0.99578744
0.99553961
0.99511647
0.99372709
0.99447244
0.99467671
0.99571347
0.99545872
0.99481887
0.99443144
0.99198091
0.99092251
0.99268591
0.98973656
0.98847324
0.98644769
0.98313832
0.97674054
0.97576749
0.98232150
0.97777873
0.97701800
0.97997034
0.97896647
0.97885966
0.98943299
0.99254191
0.99040937
0.99354327
0.99273694
0.99273723
0.99371415
0.99476975
0.99448472
0.99527574
0.99551421
0.99572766
0.99598396
0.99593109
0.99531072
0.99580425
0.99606752
0.99561608
0.99540049
0.99550301
0.99552381
0.99618202
0.99591261
0.99583960
0.99584490
0.99599326
0.99644095
0.99596918
0.99550581
0.99611014
0.99612755
0.99569774
0.99504387
0.99603832
0.99559999
0.99619031
0.99603611
0.99593782
0.99609262
0.99503469
0.99490345
0.99509144
0.99591559
0.99624532
0.99605334
0.99609333
0.99615037
0.99599957
0.99555701
0.99498004
0.99475682
0.99455136
0.99513161
0.99574405
0.99565852
0.99557567
0.99564195
0.99534851
0.99542761
0.99519366
0.99508011
0.99530149
0.99584097
0.99599504
0.99618667
0.99613935
0.99597651
0.99587148
0.99546367
0.99552816
0.99557769
0.99582434
0.99596018
0.99597567
0.99595660
0.99630666
0.99617529
0.99561667
0.99623388
0.99640131
0.99606520
0.99598527
0.99584752
0.99542087
0.99466079
0.99385369
0.99322623
0.99356455
0.99288017
0.99390370
0.99084294
0.98811471
0.98543537
0.97734320
0.97284412
0.97348118
0.97813547
0.96618003
0.97220552
0.97214204
0.96647316
0.97407973
0.96948606
0.96892995
0.97343665
0.97385740
0.96735382
0.97258729
0.97442222
0.96779758
0.97485256
0.97738695
0.97740763
0.98075509
0.97373760
0.97061390
0.97198558
0.97154748
0.97142392
0.96191835
0.95813566
0.96784335
0.95706898
0.95930201
0.96220213
0.95524859
0.95364463
0.95686340
0.94903427
0.93415332
0.94640338
0.93696415
0.94213563
0.95048815
0.95681024
0.95782387
0.95986450
0.96884298
0.96541238
0.96808648
0.96311796
0.95278448
0.94928992
0.92744976
0.92320126
0.90716439
0.89321947
0.86696666
0.88678205
0.84376246
0.83555901
0.82362819
0.83070928
0.83877271
0.82985276
0.86774224
0.89676374
0.87485880
0.91487575
0.92033631
0.92553186
0.93851990
0.96602941
0.97296870
0.97806209
0.98065335
0.98543340
0.98991138
0.99059522
0.99304503
0.99402833
0.99334067
0.99449265
0.99440032
0.99528092
0.99443579
0.99519783
0.99572635
0.99544048
0.99539244
0.99427408
0.99468178
0.99468154
0.99550891
0.99600631
0.99571472
0.99589264
0.99585730
0.99570751
0.99375159
0.99248850
0.98992914
0.99112880
0.99002075
0.99049860
0.99273348
0.99367261
0.99182630
0.99204659
0.98989689
0.98267168
0.97254622
0.97428972
0.97146600
0.97359246
0.96710020
0.96556735
0.96385872
0.96510673
0.96027458
0.96336848
0.97030926
0.97597778
0.97814775
0.97728455
0.98107958
0.97627193
0.97827607
0.98909980
0.99240828
0.99475467
0.99573308
0.99505061
0.99526155
0.99477249
0.99453497
0.99422050
0.99380386
0.99396741
0.99340981
0.99335736
0.99235207
0.99247897
0.99279964
0.99389702
0.99435294
0.99430436
0.99480337
0.99703729
0.99804795
0.99786443
0.99851245
0.99793279
0.99725157
0.99739456
0.99506313
0.99634224
0.99632901
0.99621034
0.99571604
0.99480033
0.99414438
0.99552888
0.99466008
0.99300581
0.99308527
0.99520457
0.99556643
0.99580330
0.99583340
0.99642545
0.99670726
0.99656278
0.99533135
0.99567670
0.99321038
0.99300212
0.99503279
0.99515581
0.99536091
0.99465311
0.99649823
0.99650890
0.99686915
0.99619579
0.99627435
0.99602050
0.99588650
0.99529773
0.99513692
0.99486417
0.99518991
0.99549967
0.99508202
0.99543971
0.99481010
0.99373227
0.99420905
0.99403918
0.99350148
0.99369347
0.99356139
0.99355572
0.99370050
0.99246478
0.99233526
0.99193573
0.99301827
0.99328363
0.99277169
0.99388641
0.99394614
0.99444950
0.99438357
0.99476564
0.99509370
0.99532431
0.99477994
0.99545598
0.99541461
0.99462068
0.99416900
0.99483925
0.99494910
0.99465251
0.99461585
0.99484861
0.99442828
0.99448013
0.99429953
0.99442202
0.99393398
0.99367875
0.99329901
0.99344653
0.99354571
0.99287945
0.99249095
0.99227577
0.99115270
0.99268275
0.99272811
0.99225873
0.99368435
0.99416757
0.99401557
0.99340641
0.99357867
0.95860940
0.94246525
0.90787560
0.86155641
0.80017304
0.77338260
0.76336735
0.69885147
0.65744245
0.69483572
0.64167774
0.53360701
0.58899307
0.59366602
0.58953923
0.56148970
0.63272953
0.65521783
0.65224057
0.56583887
0.65139431
0.61351126
0.70496732
0.67633259
0.57589108
0.49666604
0.65455371
0.66666675
0.79668069
0.67580539
0.67435253
0.68723363
0.71195990
0.80395538
0.84344584
0.98685360
0.99115682
0.99229443
0.99414259
0.99404103
0.99450690
0.99461454
0.99467647
0.99452376
0.99497128
0.99417430
0.99452013
0.99451882
0.99442106
0.99435437
0.99454910
0.99464852
0.99517304
0.99553818
0.99500567
0.99402821
0.99355173
0.99352759
0.99304396
0.99322283
0.99385071
0.99461305
0.99504721
0.99555618
0.99524659
0.99498016
0.99359196
0.99157989
0.99319190
0.99283373
0.99367744
0.99222589
0.99053615
0.99120247
0.99266088
0.99380964
0.99374491
0.99286956
0.99323022
0.99311757
0.99322915
0.99351799
0.99363273
0.99421871
0.99498147
0.99409497
0.99394834
0.99250495
0.99399108
0.99427819
0.99453330
0.99304515
0.99271238
0.99408334
0.99305278
0.99419701
0.99406612
0.99382162
0.99261427
0.99378610
0.99368602
0.99252898
0.99414188
0.99391925
0.99311525
0.99371272
0.99446023
0.99406296
0.99215490
0.99399215
0.99281186
0.99412715
0.99468505
0.99423224
0.99507010
0.99475819
0.99479926
0.99437004
0.99324292
0.99339867
0.99397087
0.99402714
0.99400312
0.99432421
0.99410218
0.99259186
0.99208063
0.99218577
0.99190629
0.99151224
0.99162686
0.99126458
0.99205244
0.99188882
0.99179649
0.99225134
0.99268335
0.99283350
0.99197268
0.99222189
0.99237990
0.99397177
0.99412161
0.99477911
0.99420810
0.99468201
0.99377090
0.99491477
0.99369848
0.99257565
0.99388546
0.99517077
0.99416107
0.99388665
0.99419194
0.99411064
0.99432158
0.99464947
0.99448580
0.99476975
0.99429435
0.99448818
0.99516618
0.99512249
0.99470830
0.99512911
0.99540627
0.99476963
0.99501675
0.99430460
0.99378610
0.99310029
0.99404836
0.99279833
0.99456739
0.99448836
0.99340630
0.99171197
0.99369472
0.99300718
0.99384212
0.99417031
0.99412364
0.99332821
0.99487394
0.99451858
0.99416095
0.99361032
0.99198806
0.99220252
0.99282247
0.99372202
0.99475563
0.99533337
0.99532062
0.99548066
0.99601597
0.99555051
0.99584961
0.99528909
0.99501181
0.99436331
0.99431229
0.99457645
0.99473864
0.99482477
0.99449700
0.99487889
0.99448663
0.99501824
0.99376291
0.99299157
0.99214959
0.99266702
0.99224651
0.99243999
0.99209291
0.99178910
0.99143070
0.99214923
0.99277413
0.99392468
0.99341762
0.99378818
0.99412787
0.99406058
0.99442875
0.99381351
0.99385309
0.99336350
0.99165338
0.99124289
0.99131083
0.99215579
0.99059170
0.99065584
0.99071199
0.99049288
0.99076194
0.99206477
0.99358177
0.99351221
0.99417698
0.99456018
0.99342597
0.99395281
0.99421495
0.99461371
0.99416566
0.99450338
0.99440670
0.99407262
0.99405754
0.99336505
0.99397850
0.99342453
0.99416578
0.99354339
0.99307078
0.99240327
0.99292690
0.99178421
0.99195999
0.99180579
0.99151891
0.99179488
0.99199623
0.99077165
0.99197513
0.99163264
0.99158889
0.99176109
0.99136037
0.99188304
0.99057531
0.99138439
0.99079907
0.99116421
0.99223846
0.99075222
0.99217683
0.99074519
0.99118173
0.99053079
0.99144191
0.99151903
0.99145132
0.99190181
0.99176413
0.99037349
0.98972845
0.98957902
0.99007004
0.99022490
0.99008614
0.98951834
0.98990601
0.99067289
0.99077004
0.99067700
0.98897099
0.98799652
0.98937279
0.99037582
0.99106652
0.99159992
0.99190849
0.99095929
0.98850679
0.98898089
0.99042690
0.99193549
0.99219877
0.99231309
0.99235713
0.99133086
0.99155313
0.99306762
0.99278599
0.99076742
0.99223024
0.99203604
0.99100810
0.99234653
0.99236542
0.99206454
0.99180412
0.99230909
0.99271941
0.99339384
0.99345160
0.99391162
0.99301153
0.99261683
0.99316907
0.99266160
0.99348432
0.99335468
0.99263155
0.99341959
0.99175382
0.99152386
0.99153066
0.99228728
0.99320966
0.99317282
0.99389863
0.99452919
0.99508423
0.99626464
0.99638844
0.99608374
0.99580884
0.99558288
0.99567479
0.99541217
0.99525273
0.99569702
0.99569052
0.99595356
0.99581063
0.99579263
0.99587291
0.99566048
0.99601787
0.99610609
0.99601716
0.99578577
0.99590081
0.99634260
0.99592906
0.99554187
0.99563283
0.99574900
0.99523443
0.99505866
0.99518871
0.99532950
0.99563366
0.99534214
0.99544609
0.99594539
0.99544120
0.99513549
0.99477911
0.99473852
0.99443495
0.99471754
0.99519521
0.99533421
0.99529594
0.99498838
0.99492210
0.99479139
