1.00000000
1.00000000
1.00000000
1.00000000
1.00000000
1.00000000
1.00000000
1.00000000
1.00000000
1.00000000
1.00000000
1.00000000
1.00000000
1.00000000
1.00000000
1.00000000
1.00000000
1.00000000
1.00000000
1.00000000
1.00000000
1.00000000
1.00000000
1.00000000
1.00000000
1.00000000
1.00000000
1.00000000
1.00000000
1.00000000
1.00000000
1.00000000
1.00000000
1.00000000
1.00000000
1.00000000
1.00000000
1.00000000
1.00000000
1.00000000
1.00000000
1.00000000
1.00000000
1.00000000
1.00000000
1.00000000
1.00000000
1.00000000
1.00000000
1.00000000
1.00000000
1.00000000
1.00000000
1.00000000
1.00000000
1.00000000
1.00000000
1.00000000
1.00000000
1.00000000
1.00000000
1.00000000
1.00000000
0.99328679
0.99295181
0.99321848
0.99481368
0.99422628
0.99380022
0.99349582
0.99342114
0.99328148
0.99354070
0.99334335
0.99349833
0.99327105
0.99379784
0.99286735
0.99265748
0.99249685
0.99245644
0.99261779
0.99273056
0.99269366
0.99230134
0.99259734
0.99289954
0.99344975
0.99369484
0.99329704
0.99338961
0.99298394
0.99302471
0.99315119
0.99311262
0.99302506
0.99325210
0.99306339
0.99305046
0.99326891
0.99361479
0.99357706
0.99346620
0.99371696
0.99402159
0.99356502
0.99354517
0.99408829
0.99391961
0.99369603
0.99372417
0.99457920
0.99526089
0.99444431
0.99383861
0.99485898
0.99444085
0.99418044
0.99427694
0.99501556
0.99475080
0.99525529
0.99426669
0.99471325
0.99433953
0.99489284
0.99441576
0.99280894
0.99312735
0.99377394
0.99448872
0.99435788
0.99447602
0.99389714
0.99323225
0.99285311
0.99344617
0.99350291
0.99176723
0.99172056
0.99191988
0.98976833
0.98839080
0.98953211
0.99047852
0.99236453
0.99353832
0.99352044
0.99338299
0.99375135
0.99388736
0.99385613
0.99467939
0.99423212
0.99380493
0.99380231
0.99361706
0.99353117
0.99364167
0.99380177
0.99374348
0.99378902
0.99410433
0.99420136
0.99420702
0.99419844
0.99366462
0.99335045
0.99345922
0.99494320
0.99282420
0.99233103
0.99211276
0.99169558
0.99198091
0.99196070
0.99150324
0.99203992
0.99133354
0.99206007
0.99217832
0.99203742
0.99199599
0.99071372
0.99111158
0.99373204
0.99404860
0.99458814
0.99463224
0.99417996
0.99457031
0.99482489
0.99489516
0.99444491
0.99252892
0.99166769
0.99060166
0.99123102
0.99120611
0.99174702
0.99293184
0.99338514
0.99404413
0.99440503
0.99457330
0.99440068
0.99337763
0.99252397
0.99218315
0.99170637
0.99214220
0.99265629
0.99254394
0.99337912
0.99348676
0.99408394
0.99401182
0.99356222
0.99374992
0.99231565
0.99336457
0.99190933
0.99223292
0.99297321
0.99314922
0.99319386
0.99351197
0.99329901
0.99261886
0.99315017
0.99316883
0.99037361
0.99039406
0.99102646
0.99239963
0.99320179
0.99386251
0.99452883
0.99343675
0.99272490
0.99320602
0.99376184
0.99351633
0.99323976
0.99315780
0.99283642
0.99307960
0.99353677
0.99296737
0.99282539
0.99259609
0.99333751
0.99271202
0.99301004
0.99289191
0.99261659
0.99210572
0.99298781
0.99261451
0.99249530
0.99291784
0.99348253
0.99342740
0.99360716
0.99406475
0.99498415
0.99520689
0.99460030
0.99442744
0.99424404
0.99301940
0.99337077
0.99342442
0.99312359
0.99279660
0.99293584
0.99206287
0.99124193
0.99115974
0.99178278
0.99299544
0.99350315
0.99323374
0.99407876
0.99398357
0.99315274
0.99017030
0.99092215
0.99134386
0.99439681
0.99391645
0.99426091
0.99291950
0.99436498
0.99359906
0.99365884
0.99349350
0.99403316
0.99508506
0.99513382
0.99488908
0.99524009
0.99518222
0.99475127
0.99512911
0.99456787
0.99470419
0.99469721
0.99423051
0.99312854
0.99371171
0.99396378
0.99313194
0.99289000
0.99268264
0.99303943
0.99322790
0.99347347
0.99384695
0.99326503
0.99288177
0.99267733
0.99277765
0.99390310
0.99441081
0.99498051
0.99486309
0.99422729
0.99353892
0.99407542
0.99424970
0.99454486
0.99459827
0.99518293
0.99445206
0.99424112
0.99484539
0.99474925
0.99548042
0.99561971
0.99493611
0.99483442
0.99395198
0.99373370
0.99357539
0.99360621
0.99358255
0.99362260
0.99364692
0.99374288
0.99376667
0.99360657
0.99400043
0.99347597
0.99363494
0.99363434
0.99350184
0.99381387
0.99391562
0.99420059
0.99397647
0.99431217
0.99405152
0.99348444
0.99258548
0.99299896
0.99377584
0.99321622
0.99335313
0.99318707
0.99329877
0.99350363
0.99377728
0.99458623
0.99511081
0.99505723
0.99481934
0.99518663
0.99463046
0.99409157
0.99409580
0.99487370
0.99490994
0.99438053
0.99372983
0.99364847
0.99324834
0.99388862
0.99392337
0.99350387
0.99349725
0.99361986
0.99394083
0.99424744
0.99428695
0.99433535
0.99421328
0.99397767
0.99375761
0.99375993
0.99421751
0.99437165
0.99458861
0.99446011
0.99415731
0.99388909
0.99410880
0.99399132
0.99420989
0.99451077
0.99398428
0.99467057
0.99485731
0.99517751
0.99489623
0.99467987
0.99425238
0.99364752
0.99321127
0.99135756
0.99120420
0.99106783
0.99112540
0.99183065
0.99195039
0.99183935
0.99313217
0.99426901
0.99521470
0.99556088
0.99545872
0.99526560
0.99566841
0.99546486
0.99582481
0.99538177
0.99433208
0.99385047
0.99227941
0.99267900
0.99167788
0.99199235
0.99161243
0.99093950
0.99119055
0.99098223
0.99090368
0.99068260
0.99025351
0.99132174
0.99115819
0.99051911
0.98971212
0.99029386
0.99102753
0.99104321
0.99302578
0.99197114
0.99215102
0.99295169
0.99312663
0.99332970
0.99364686
0.99341887
0.99302292
0.99181467
0.99181211
0.99187124
0.99027258
0.99004132
0.98924434
0.99009037
0.99015629
0.98961216
0.99114299
0.99177855
0.99109685
0.99240327
0.99243414
0.99209505
0.99098492
0.99116474
0.99179029
0.99118429
0.99054015
0.99098712
0.98990369
0.98951131
0.98912919
0.98841453
0.98717821
0.98731297
0.98697668
0.98657167
0.98542064
0.98543650
0.98456651
0.98376250
0.98712373
0.98774159
0.98812664
0.98508346
0.98568195
0.98750943
0.98238200
0.98475295
0.98452896
0.98256862
0.98426461
0.98371279
0.98107535
0.98098963
0.97802860
0.97818208
0.97550541
0.97605020
0.97430432
0.97437525
0.96999848
0.97381479
0.97392887
0.97208458
0.97223616
0.97379750
0.97191226
0.97552806
0.97628307
0.97704154
0.97860247
0.97801900
0.97891599
0.97686356
0.97718173
0.97658998
0.97548318
0.97609746
0.97261965
0.97135484
0.97189224
0.97098285
0.97031218
0.97120708
0.97148973
0.97035766
0.97047722
0.97038931
0.97371912
0.97153699
0.97055489
0.97082514
0.97140831
0.96940517
0.96933895
0.96953893
0.97119373
0.97054815
0.97155219
0.97343314
0.97225326
0.97320437
0.97239530
0.97210848
0.97338265
0.97278410
0.97310740
0.97178733
0.97245657
0.97027463
0.96947664
0.97037899
0.96786457
0.96660858
0.96537560
0.96716267
0.96790206
0.96701872
0.97057343
0.96761650
0.96768391
0.96810013
0.96846563
0.96966344
0.96721238
0.97036844
0.97023678
0.97002292
0.96983814
0.97648048
0.97467291
0.97268683
0.97387457
0.97439629
0.97757757
0.97741038
0.97566164
0.97683251
0.97904807
0.97585344
0.97636443
0.97525150
0.97189909
0.97156143
0.97105950
0.96788555
0.95926440
0.95923603
0.95963299
0.96006858
0.95955104
0.95805907
0.95920992
0.96585578
0.96943462
0.97091031
0.96883821
0.96626586
0.96602660
0.96268564
0.97068352
0.97129762
0.97114950
0.96618170
0.96763545
0.96515387
0.96799356
0.96600592
0.96646458
0.96649075
0.96106499
0.96423042
0.96737891
0.96482611
0.97202998
0.97312587
0.97480416
0.97608191
0.97356069
0.97513324
0.97608668
0.97361428
0.97196770
0.97056746
0.97112525
0.97033209
0.96896690
0.96717685
0.96682501
0.96864110
0.96844625
0.96172547
0.95708740
0.96247667
0.96342355
0.96480358
0.96304053
0.95501494
0.95958591
0.95440543
0.95817089
0.95937830
0.95945412
0.96027917
0.96310544
0.96764106
0.96222830
0.96296424
0.96424896
0.96507049
0.96564275
0.96727830
0.96666360
0.97025913
0.96758544
0.96845150
0.96798486
0.97062868
0.96900660
0.96140206
0.96145427
0.95906985
0.95695400
0.96161127
0.96353465
0.96255577
0.96205932
0.96141309
0.96322310
0.96371734
0.96357340
0.96003872
0.95954782
0.95660698
0.96101856
0.95579755
0.94038898
0.94591373
0.94377798
0.93952256
0.93255001
0.92135888
0.91959798
0.91737992
0.89751524
0.89864796
0.89507139
0.89193827
0.89429510
0.89197314
0.88447297
0.91585809
0.92329210
0.92650491
0.92630470
0.93131775
0.92558968
0.92570895
0.93444127
0.94265980
0.93324155
0.93721515
0.93161708
0.94028693
0.94019324
0.93116260
0.93130350
0.93073642
0.91733515
0.90777183
0.90230626
0.90862471
0.89616507
0.87719911
0.88639373
0.87031198
0.86076576
0.86413866
0.84064800
0.84071237
0.78754759
0.80072010
0.77573305
0.76760304
0.79020739
0.78135967
0.83355635
0.80951571
0.77122992
0.84426266
0.75819087
0.80100626
0.74243689
0.77326113
0.80520731
0.80350834
0.79136044
0.71977812
0.74916750
0.78762722
0.73074567
0.69056976
0.68923950
0.66458583
0.66338164
0.71436363
0.67670375
0.70505530
0.70217133
0.63788170
0.67223883
0.67596769
0.71348763
0.70067984
0.78974587
0.66268486
0.66845441
0.55544734
0.62277859
0.60994595
0.63149911
0.63365388
0.64690304
0.63371944
0.61338532
0.58036596
0.50408036
0.65688848
0.68116587
0.59257746
0.59481388
0.57645577
0.63358086
0.56031519
0.48165825
0.54006785
0.60145479
0.58694112
0.59953392
0.54179657
0.55267388
0.56369549
0.50329560
0.49364796
0.65376920
0.65183002
0.49210322
0.43528298
0.49530345
0.50379968
0.48651734
0.53373033
0.48326540
0.52712649
0.48916018
0.41885439
0.43047732
0.43692118
0.44010052
0.40629452
0.39302036
0.38927677
0.38142624
0.39484161
0.43243930
0.44040361
0.46942979
0.48580900
0.47730604
0.45650747
0.48704025
0.46008831
0.47049323
0.45138299
0.44931430
0.43439850
0.38587505
0.36632675
0.40429989
0.37271675
0.34865707
0.33595461
0.32160366
0.35130933
0.41829607
0.38746399
0.47627550
0.44088474
0.41697955
0.41077548
0.33730409
0.42262974
0.36250827
0.39268297
0.38797322
0.36652637
0.33322802
0.32427257
0.30717862
0.33283517
0.30333483
0.30935901
0.30520836
0.31666970
0.33988014
0.31371874
0.31745657
0.32185149
0.32685435
0.30395341
0.33016217
0.30917600
0.28820217
0.27510795
0.28005803
0.26676622
0.26737046
0.26508233
0.28641716
0.27514088
0.29527548
0.27317962
0.27098107
0.24998558
0.26387414
0.28317598
0.26643637
0.25209111
0.23437643
0.23265941
0.24926344
0.24603307
0.22531606
0.22862241
0.22079779
0.22477265
0.22435433
0.22045223
0.22235473
0.21973826
0.22102967
0.22294854
0.22821376
0.21160115
0.23123063
0.22107960
0.24059536
0.20666502
0.21518339
0.21353962
0.20795462
0.21159163
0.20562832
0.23430337
0.21791413
0.21396354
0.21116754
0.19309370
0.17890656
0.18402337
0.17556506
0.16887699
0.17429793
0.15775116
0.19793712
0.19063157
0.15850429
0.16785318
0.17330743
0.16829668
0.19347116
0.17845422
0.17172787
0.18497176
0.18230575
0.18062893
0.17081600
0.16346377
0.16510548
0.15214422
0.15130493
0.16721345
0.17245020
0.18105589
0.17751287
0.18526627
0.18854138
0.18658634
0.19547224
0.17780265
0.18080457
0.18618248
0.18710071
0.18751757
0.17956710
0.16129500
0.16926377
0.19040354
0.16479431
0.18997918
0.19046582
0.20102134
0.19183278
0.18902029
0.19200274
0.19627897
0.20164543
0.19108537
0.19640814
0.19129422
0.17577605
0.20682254
0.18477283
0.17506035
0.18639101
0.16868022
0.19167073
0.17097308
0.17245774
0.16276091
0.15324961
0.17336220
0.16017319
0.16568652
0.17167649
0.16050176
0.16144063
0.16811864
0.16270685
0.16632339
0.16851331
0.17913514
0.17833510
0.18932766
0.20092374
0.19443394
0.19240595
0.20624277
0.21732613
0.19757414
0.18411900
0.18315847
0.17608017
0.17367262
0.18643902
0.19717358
0.18968132
0.17931397
0.19898981
0.19279765
0.20446092
0.19980541
0.19809656
0.20105439
0.17981637
0.18121898
0.18205157
0.17382449
0.19553573
0.18593770
0.18008132
0.17658040
0.18326160
0.19505519
0.18896164
0.18742248
0.17780389
0.16497509
0.17002307
0.18370759
0.18901756
0.18436553
0.17311470
0.19135240
0.19426453
0.17484973
0.17620766
0.17080256
0.17714921
0.15841316
0.15684970
0.15224174
0.14809139
0.13819471
0.13684741
0.14181192
0.15567282
0.16373983
0.17645402
0.17452784
0.18609594
0.19027857
0.17589399
0.15587723
0.15434361
0.14263749
0.14310895
0.14037538
0.13436933
0.12493764
0.12811165
0.13082264
0.14268799
0.14074141
0.16181543
0.16020821
0.17384331
0.17839749
0.18491206
0.16218601
0.19029564
0.17822999
0.17149079
0.15715778
0.16176696
0.15506940
0.15883118
0.15243666
0.15286718
0.13507552
0.13888219
0.13222088
0.13198531
0.13184576
0.12619452
0.14051597
0.14001900
0.14237122
0.14663300
0.15192436
0.15000212
0.14588678
0.14855167
0.14675386
0.14408134
0.15552065
0.15358812
0.15170282
0.14961156
0.14818117
0.14577127
0.13892786
0.14278197
0.14724560
0.14396548
0.16225682
0.14876148
0.15711246
0.14579085
0.15479878
0.15715288
0.14692742
0.14465739
0.15538481
0.15559648
0.15733220
0.15407920
0.15449905
0.14924593
0.14188562
0.14182301
0.14376542
0.13013227
0.13447060
0.14181878
0.15389727
0.16083393
0.16221368
0.16302685
0.16964112
0.16111262
0.17324267
0.16562887
0.17075551
0.17130771
0.16155151
0.16095364
0.15927257
0.14239851
0.15863031
0.16546679
0.16280782
0.16158801
0.16193135
0.15897492
0.15440968
0.15926410
0.16581830
0.15376742
0.15369180
0.16267942
0.17516837
0.16825292
0.16767436
0.16945243
0.17645119
0.16738780
0.16796990
0.16149457
0.17836756
0.17799684
0.17852768
0.17086031
0.16379905
0.16468045
0.16337715
0.14805511
0.15033914
0.15610470
0.15702468
0.14630656
0.14764619
0.16087846
0.16803260
0.16038911
0.16546649
0.16487181
0.17075399
0.17174068
0.18096986
0.18167964
0.18035324
0.19265443
0.20878662
0.19071169
0.18914838
0.18754765
0.19810802
0.19392087
0.17636448
0.18645027
0.17953277
0.19415785
0.18484947
0.17333508
0.18611747
0.18854989
0.18425968
0.17292047
0.18509980
0.18863127
0.19200286
0.18334574
0.17782533
0.17593729
0.16492295
0.17555588
0.16187882
0.17284003
0.16283087
0.17405827
0.16962853
0.17019422
0.16937026
0.18747036
0.17481646
0.17452425
0.18517233
0.18408926
0.17996493
0.17762446
0.18353523
0.16965333
0.16440007
0.16139857
0.18395242
0.17355314
0.18746665
0.17125347
0.20126463
0.17590120
0.18707862
0.18603455
0.19092409
0.18686020
0.18885846
0.19263467
0.18705025
0.18007612
0.19290407
0.18910562
0.18994577
0.18772002
0.18695341
0.19266050
0.19276544
0.19007766
0.19816452
0.18157071
0.19230139
0.18895233
0.20310187
0.19149166
0.19421951
0.19215673
0.19965702
0.20411615
0.18547629
0.20434466
0.20737281
0.18703197
0.19476697
0.18732820
0.18652536
0.19379808
0.19896066
0.20680752
0.19124584
0.18881701
0.18038416
0.18464257
0.18069160
0.19315681
0.18903555
0.18760470
0.19662611
0.19573408
0.20156492
0.20340073
0.20418534
0.19430101
0.20857625
0.20737346
0.20671575
0.20430739
0.18694399
0.18314451
0.18519419
0.19908300
0.18739167
0.17323312
0.17017381
0.16911210
0.16016832
0.16835643
0.15480614
0.17592581
0.15382554
0.16818954
0.15943751
0.17598908
0.16609618
0.15669604
0.16207726
0.15811214
0.16724198
0.16733938
0.14614062
0.16061555
0.15930827
0.16763291
0.15792744
0.15262227
0.14633863
0.15331310
0.14721809
0.15937987
0.15822700
0.15561679
0.15455498
0.16432770
0.16028005
0.16372448
0.16357447
0.17238845
0.14982909
0.16429147
0.17211989
0.15131100
0.15604407
0.16608782
0.18130149
0.16287954
0.16792546
0.15910336
0.17008424
0.16910228
0.17539302
0.17096448
0.16937666
0.17235488
0.17028667
0.18683080
0.18590021
0.17623562
0.17871708
0.19553050
0.20168841
0.20228113
0.21670063
0.19717900
0.18081392
0.19502397
0.19011159
0.18445037
0.20502469
0.18418381
0.17512266
0.17933327
0.18002568
0.18022168
0.18672903
0.19753397
0.18752731
0.18641305
0.20409639
0.19154058
0.18368833
0.17746128
0.18550032
0.20601930
0.19325934
0.21169414
0.22327849
0.21174756
0.24283163
0.24710664
0.22761117
0.22766988
0.23081136
0.22476119
0.22686534
0.22943608
0.22809386
0.22016110
0.20484449
0.20674607
0.22048210
0.21371208
0.23693313
0.22020181
0.22951575
0.24060208
0.23242825
0.23124690
0.24416795
0.23597029
0.23014362
0.24667820
0.24786292
0.23016270
0.21854335
0.21504822
0.22082341
0.21296847
0.22329582
0.21860763
0.22312777
0.21094823
0.19634685
0.21598461
0.22497831
0.23400503
0.23729098
0.25094965
0.25252742
0.25424972
0.25910091
0.25539163
0.23611826
0.24940492
0.24407421
0.23536605
0.23892796
0.23316124
0.24525099
0.25285441
0.26171473
0.27834442
0.29845056
0.30544284
0.30883113
0.29563341
0.29032677
0.28086326
0.28380591
0.27765819
0.27020621
0.29179054
0.27701789
0.26255319
0.26883981
0.27055824
0.28396735
0.28842050
0.30498913
0.28670388
0.31567946
0.29940078
0.31856018
0.33014631
0.32758912
0.32420507
0.34994474
0.32939899
0.31570333
0.35530463
0.35634518
0.37425992
0.37433851
0.37308016
0.39078137
0.39242539
0.36107573
0.34923601
0.38747901
0.36708027
0.38494545
0.42554319
0.41330683
0.40657437
0.41553068
0.44967043
0.46545336
0.44882494
0.46943584
0.48227510
0.47644120
0.52062839
0.49441648
0.51448947
0.51587456
0.47909820
0.49168485
0.48937118
0.47549039
0.45542896
0.49090803
0.48277736
0.45634526
0.45712423
0.43540516
0.46509862
0.44985768
0.47728053
0.46212620
0.47978428
0.52730459
0.42554229
0.44131309
0.45158812
0.51216388
0.52809393
0.49660435
0.54077262
0.53621542
0.53064305
0.50230968
0.53511435
0.54496640
0.56386089
0.57941133
0.60985076
0.58962250
0.64023519
0.60255980
0.59292316
0.60005820
0.60053056
0.59787303
0.58558798
0.56814557
0.60798472
0.60471946
0.65032172
0.66650468
0.73546422
0.63467169
0.67906219
0.67560709
0.71378571
0.62683225
0.70340854
0.63277411
0.66169673
0.58300471
0.60329765
0.64274621
0.63174790
0.62961143
0.66181755
0.69449139
0.72138876
0.67358553
0.64338821
0.70135492
0.62772614
0.64845341
0.65826637
0.72639477
0.70500267
0.71026659
0.70793176
0.73483092
0.70670426
0.81216109
0.78233504
0.78649598
0.80809253
0.75526953
0.76706463
0.80445319
0.71910369
0.76485229
0.70832223
0.73565811
0.81205827
0.81467855
0.79469740
0.79225093
0.80221611
0.82114381
0.71164149
0.75382489
0.81333333
0.78996235
0.75685376
0.78102684
0.81526840
0.82872558
0.82300186
0.81259763
0.83288854
0.85219926
0.84243375
0.84868395
0.82698274
0.85390401
0.82549733
0.80381918
0.81657112
0.82632965
0.82054543
0.82140511
0.83625728
0.87816590
0.86310649
0.87625140
0.92096317
0.90558559
0.91853476
0.92941058
0.94646996
0.92681992
0.94453532
0.95511645
0.95554495
0.96500057
0.97026843
0.97175950
0.97266483
0.97232360
0.97248048
0.97180462
0.97338426
0.97365743
0.97539061
0.97236639
0.97671813
0.97431380
0.97458839
0.97973925
0.97852463
0.98110068
0.97449374
0.97474039
0.97394955
0.97058195
0.97533435
0.97848654
0.97753567
0.97357357
0.97635728
0.97510934
0.96633077
0.96840334
0.96368176
0.97462702
0.96643382
0.96320289
0.96943879
0.96461463
0.97063118
0.97205734
0.97604978
0.97613370
0.97843206
0.97983515
0.97680229
0.97427988
0.97107118
0.96178633
0.97664422
0.97555804
0.97495461
0.98095715
0.98156828
0.98033845
0.98022914
0.97533745
0.97245985
0.97629958
0.97591746
0.97673655
0.96770936
0.96949279
0.96886653
0.96369451
0.96714795
0.96906638
0.96914893
0.96623945
0.97034395
0.97048396
0.97376662
0.97067821
0.97257710
0.97359246
0.97285438
0.97571045
0.97861868
0.97892147
0.97661656
0.97401333
0.97389597
0.97275871
0.97356433
0.97250372
0.97192997
0.97416741
0.97503370
0.97047698
0.97058702
0.96961570
0.97047353
0.97067982
0.96780491
0.96873850
0.96697092
0.96796286
0.96707046
0.96415353
0.96252251
0.96227783
0.96071523
0.96759593
0.96805066
0.96938288
0.96816391
0.96937525
0.96518266
0.96335101
0.96217442
0.96638930
0.96389514
0.96477556
0.96509349
0.96701741
0.96296704
0.97485262
0.97151428
0.96676654
0.96725690
0.96832216
0.96962386
0.97007757
0.97160578
0.96656847
0.96671039
0.96326792
0.96775794
0.95662171
0.96676517
0.95867121
0.96756047
0.97194731
0.96665108
0.96465045
0.96296716
0.95680261
0.95972776
0.96367943
0.97098351
0.96163297
0.96131140
0.96498591
0.96987402
0.96996921
0.97666466
0.97286803
0.97460949
0.97449261
0.97698694
0.97479093
0.97547537
0.97329199
0.97557926
0.96273768
0.97545743
0.97543573
0.97600812
0.98018217
0.97989410
0.97835219
0.97600216
0.97873986
0.97892946
0.97689372
0.97814512
0.97796118
0.97644478
0.97852570
0.97826821
0.98109126
0.97834396
0.98197216
0.97966915
0.97970587
0.98100442
0.98184437
0.98358178
0.98213899
0.98283017
0.98126179
0.98266429
0.98297936
0.98546350
0.98652762
0.98681343
0.98834735
0.98916656
0.99218166
0.99174964
0.99137455
0.99165887
0.99116009
0.99126220
0.99120116
0.99024397
0.98915064
0.98875403
0.98686475
0.98294765
0.97314781
0.95878208
0.95492053
0.94587576
0.96262842
0.97308367
0.95706582
0.96884835
0.96122515
0.97257680
0.97397423
0.96269685
0.97641993
0.98102552
0.96960932
0.97340411
0.96340895
0.97840470
0.98607868
0.97653413
0.98526150
0.97467345
0.98717833
0.98767382
0.98390055
0.98810673
0.98729569
0.98801130
0.98799020
0.98032254
0.98714417
0.98260039
0.98013353
0.98537028
0.98628902
0.97551507
0.97912347
0.96104324
0.96818382
0.96768814
0.98047137
0.97779834
0.97978503
0.97999036
0.98015219
0.98327154
0.98852789
0.98381203
0.98824513
0.98887199
0.98693061
0.98311687
0.98372471
0.98197538
0.98694915
0.98440522
0.98323214
0.98153138
0.98288107
0.98420358
0.98695499
0.98625225
0.98836201
0.98436999
0.98577613
0.98485953
0.98647028
0.98674369
0.98678952
0.98518848
0.98496115
0.98722559
0.98892933
0.98838055
0.98444855
0.98564506
0.98654664
0.98777485
0.98716867
0.99075830
0.99132663
0.98978311
0.98913491
0.99106979
0.99100554
0.99180448
0.99160492
0.99013126
0.99049461
0.99151433
0.99074429
0.99066985
0.99079061
0.99111277
0.99002916
0.98928928
0.98906446
0.98866719
0.98926777
0.98899555
0.98815316
0.98656124
0.98451322
0.98083067
0.97736436
0.97443366
0.97451729
0.97045183
0.97237951
0.96891016
0.96953052
0.96910131
0.97323900
0.97852451
0.97007793
0.97649163
0.97775686
0.97787660
0.98156863
0.97860008
0.97598958
0.97624445
0.97657543
0.97953475
0.97890031
0.97667533
0.97535354
0.97748178
0.97589952
0.97770303
0.97807020
0.97889555
0.97188741
0.97455376
0.97809017
0.97724688
0.97993225
0.97363317
0.97871715
0.97758555
0.97655350
0.97856450
0.97267026
0.96353763
0.95776129
0.95570838
0.94502938
0.92441320
0.91850269
0.89521122
0.86531156
0.87244534
0.87955391
0.90594310
0.90139586
0.89417797
0.88530338
0.87601376
0.90110761
0.89357722
0.85454816
0.82944369
0.84699929
0.85048038
0.81078291
0.84752059
0.77529556
0.80752474
0.80451298
0.81373352
0.79664862
0.78408188
0.71461082
0.66201484
0.76703870
0.72941279
0.74147356
0.74195498
0.66115564
0.73690659
0.73504299
0.75915295
0.70835185
0.66850263
0.75418442
0.72478473
0.73295909
0.71504158
0.75847560
0.75135547
0.73926550
0.72305650
0.75152761
0.71481913
0.73184615
0.69970894
0.77121121
0.76185775
0.60765034
0.60077202
0.65128136
0.62869978
0.59871101
0.62615627
0.59427255
0.63106060
0.60907781
0.61562353
0.65906787
0.62687463
0.60661024
0.63472575
0.59230149
0.57473087
0.63999844
0.60851169
0.55730891
0.52786130
0.55757880
0.54153794
0.55298471
0.55945152
0.54237771
0.49470618
0.52976376
0.50331718
0.55117553
0.47569504
0.47582683
0.53237760
0.51900339
0.50027227
0.49320278
0.46165153
0.45784068
0.44785476
0.39554432
0.45672023
0.41596669
0.38834649
0.47228882
0.39925706
0.37860546
0.42213985
0.45217600
0.41698179
0.35956690
0.37942708
0.46172413
0.36898115
0.40233266
0.37295508
0.29782325
0.29669467
0.33375925
0.32479903
0.25542742
0.30421692
0.28070661
0.27480796
0.33208317
0.30375460
0.28733560
0.30416337
0.27441362
0.27345499
0.27427721
0.26498845
0.30796000
0.24586383
0.22830665
0.23180793
0.19503383
0.23211108
0.20724136
0.23758765
0.19878092
0.20141423
0.17288968
0.18190747
0.18257809
0.20155868
0.21716543
0.18637457
0.15846461
0.15108968
0.15599561
0.18162253
0.19294548
0.15159275
0.13207749
0.11691174
0.11538009
0.10811441
0.09236839
0.06013408
0.07545333
0.07766466
0.07277213
0.07686718
0.05618836
0.05534818
0.05599826
0.08027841
0.08073585
0.07295432
0.06998453
0.07224935
0.06450000
0.05999978
0.05305248
0.05125506
0.05975529
0.05273532
0.04929484
0.04336876
0.03236287
0.02923382
0.03823515
0.03591454
0.03008929
0.03070553
0.03045624
0.03657304
0.03113854
0.03152782
0.04089491
0.04577682
0.03403464
0.02678966
0.02508990
0.02286819
0.02069580
0.02563991
0.02678328
0.02580904
0.02405255
0.02588764
0.02756727
0.02785403
0.02396315
0.02300708
0.01932214
0.01811706
0.01803331
0.01725708
0.01453910
0.01645105
0.01838763
0.01776124
0.01498324
0.01755648
0.01773318
0.02238271
0.01820981
0.01576567
0.02174728
0.02073813
0.02218684
0.02314132
0.02198975
0.02323322
0.02651038
0.02386870
0.01852757
0.02232709
0.02035216
0.02317405
0.01955267
0.01703608
0.02082040
0.02359300
0.02298974
0.01709515
0.01693973
0.01744074
0.01761105
0.01713478
0.01829901
0.01681515
0.02118370
0.03550278
0.02489827
0.02644979
0.01977354
0.01813737
0.01870542
0.01733951
0.01554682
0.01572077
0.01273328
0.01170131
0.01148492
0.01250864
0.01762177
0.01145217
0.01180021
0.01250023
0.01548460
0.01536367
0.01414016
0.01680858
0.01391484
0.01452466
0.01543947
0.01484460
0.01988274
0.01890365
0.02055205
0.02144752
0.01833944
0.02567448
0.01956431
0.01721328
0.01556131
0.01661908
0.01707772
0.01615728
0.01325093
0.01282935
0.01191318
0.01436279
0.01342782
0.01233878
0.01196568
0.01240642
0.01091723
0.01237459
0.01026057
0.01167542
0.01307744
0.01267895
0.01396673
0.01249792
0.01293568
0.01676194
0.01635398
0.02202791
0.02467497
0.02869344
0.03622715
0.02929850
0.02602305
0.02884909
0.02813764
0.03104980
0.02608575
0.03647059
0.03140698
0.02467063
0.02290689
0.02426496
0.02533510
0.02728410
0.02241869
0.02304651
0.02016898
0.02545504
0.02786937
0.02458109
0.02880006
0.02850722
0.02779798
0.02625657
0.03325857
0.03353766
0.02910912
0.03105698
0.03002186
0.03034392
0.02731807
0.02847411
0.02489845
0.02816545
0.02400439
0.02515198
0.02661950
0.02212601
0.02892434
0.02090669
0.01909765
0.01601790
0.02306968
0.02165608
0.02371063
0.02443327
0.02467986
0.02284862
0.01896131
0.01734411
0.01445505
0.01624837
0.01609102
0.01365490
0.01406773
0.01408462
0.01308928
0.01542174
0.01599601
0.01955579
0.01913941
0.02072713
0.01534998
0.01702472
0.01635137
0.01324733
0.01455890
0.01604206
0.01801681
0.01795896
0.01332208
0.01630142
0.01533627
0.01542043
0.01927795
0.01984802
0.01991788
0.01412113
0.01594155
0.01809209
0.01665010
0.01639438
0.01742354
0.01562463
0.01595169
0.01703555
0.01566561
0.01356480
0.01488330
0.01930820
0.01814623
0.01689191
0.01833662
0.01438927
0.01513727
0.01591150
0.01857268
0.01466605
0.01410493
0.01742790
0.01936863
0.02434198
0.01817155
0.01731288
0.01870552
0.02518657
0.03770569
0.04761503
0.04874645
0.07535713
0.07454069
0.06036702
0.08678771
0.06876087
0.08849233
0.08646800
0.08480331
0.06518655
0.06180044
0.06590237
0.06507393
0.05670746
0.05372207
0.05778809
0.04263259
0.04157113
0.03251443
0.03455307
0.02236465
0.01949830
0.01692234
0.01602528
0.01618225
0.01590754
0.01698831
0.01393510
0.01548614
0.01496144
0.01492606
0.01393311
0.01427745
0.01296208
0.01397431
0.01276592
0.01079931
0.00893842
0.00851591
0.00804791
0.00712652
0.00862047
0.00961248
0.00925173
0.00917903
0.00869429
0.00914857
0.00969186
0.00977024
0.00909933
0.00944019
0.00843212
0.00850397
0.00841826
0.00849737
0.00842493
0.00785484
0.00739175
0.00783140
0.00837805
0.00865987
0.00893203
0.01107989
0.01081662
0.01246512
0.01302410
0.01426157
0.01313269
0.01456919
0.01600852
0.01615714
0.01669373
0.01651559
0.01687174
0.01721978
0.01815042
0.01937974
0.01892460
0.01909312
0.02048036
0.01829147
0.01876430
0.02247115
0.02451485
0.02710225
0.02533164
0.02893374
0.03572132
0.03951152
0.03285503
0.03055797
0.03125541
0.02407096
0.03290689
0.03005469
0.02584351
0.02281597
0.01641709
0.01267136
0.01215932
0.01187791
0.00982970
0.01105735
0.01598372
0.01875083
0.01831248
0.01497132
0.01197607
0.01338732
0.01686562
0.01813185
0.02097722
0.01932824
0.01978632
0.01703842
0.01555367
0.01491277
0.02139667
0.02039808
0.02360184
0.02820703
0.02123097
0.02382830
0.02000410
0.02237093
0.02127234
0.01934338
0.02155606
0.02266296
0.02233463
0.02205039
0.01716128
0.02509127
0.02200229
0.02285123
0.01996315
0.01360851
0.01571975
0.01463503
0.01182405
0.01202567
0.01138266
0.01529526
0.01109467
0.01068966
0.01596700
0.01432056
0.02230524
0.03198385
0.03800967
0.04433790
0.05854065
0.04507378
0.02396545
0.01575479
0.01733987
0.01444589
0.01721890
0.01922941
0.01796004
0.02288014
0.02037630
0.02246387
0.02889184
0.02588344
0.01970572
0.02096032
0.01764756
0.02218490
0.02388779
0.02392102
0.02721602
0.02086079
0.02038126
0.02109765
0.01839180
0.01972600
0.01686966
0.01788468
0.02273928
0.02110576
0.01627508
0.01874686
0.01547229
0.01654764
0.01769285
0.01551186
0.01407661
0.01336558
0.01592713
0.01636846
0.02039383
0.02283976
0.02699729
0.02246285
0.02025205
0.02048838
0.01891390
0.01811631
0.01766874
0.02146536
0.01973685
0.02077561
0.01771893
0.01788706
0.02282370
0.01876459
0.01773417
0.01676007
0.01921000
0.01820755
0.01872066
0.01937770
0.02013223
0.01770959
0.01694932
0.01450089
0.01214454
0.01499172
0.01487935
0.01358639
0.01232280
0.01261595
0.01311816
0.01198112
0.01306116
0.01272140
0.01181526
0.01279560
0.01139385
0.01235053
0.01054303
0.01261142
0.01251599
0.01189021
0.01098458
0.01167921
0.01243974
0.01407024
0.01276915
0.01335897
0.01142615
0.01248734
0.01214821
0.01166174
0.01240254
0.01437481
0.01198769
0.01305421
0.01028133
0.01091865
0.01120567
0.01135188
0.01491877
0.01629854
0.01714542
0.01632040
0.01441264
0.01606174
0.01695462
0.01405170
0.01394951
0.01088786
0.01179303
0.01202351
0.01268513
0.01325281
0.01170997
0.01170148
0.01377597
0.01407231
0.01491774
0.01761864
0.01827654
0.01772483
0.01297493
0.01419215
0.01259649
0.01115244
0.01071542
0.01028082
0.00998811
0.01057590
0.01219647
0.01171058
0.00996308
0.00987125
0.00943181
0.01071249
0.01041166
0.00902188
0.00785375
0.00822122
0.00876155
0.00922023
0.00875461
0.00983708
0.01080439
0.01149945
0.01110507
0.01101953
0.01139974
0.01219869
0.01100388
0.00993092
0.01071971
0.01070547
0.01087188
0.01032478
0.01113172
0.01029104
0.00979791
0.01091758
0.01011916
0.01154286
0.01308847
0.01456067
0.01308635
0.01456264
0.01278394
0.01520947
0.01468730
0.01428154
0.01347206
0.01621262
0.01556261
0.01742559
0.01664212
0.01592258
0.01419478
0.01607353
0.01587708
0.01711180
0.01933360
0.01511101
0.01713015
0.01940007
0.01359543
0.01468261
0.02247119
0.01818611
0.01248629
0.01300931
0.01242240
0.01245359
0.01357649
0.01572710
0.01398983
0.01272961
0.01231165
0.01170574
0.01119682
0.01145542
0.01210741
0.01152012
0.01240356
0.01362822
0.01201410
0.01288905
0.01345570
0.01513022
0.01439811
0.01252776
0.01058912
0.01249668
0.01347695
0.01264198
0.01339057
0.01374608
0.01378279
0.01290069
0.01378814
0.01395865
0.01391594
0.01374356
0.01372631
0.01475294
0.01150012
0.01246627
0.01191871
0.01261333
0.01217290
0.01281757
0.01202487
0.01290471
0.01343923
0.01183511
0.01324584
0.01353201
0.01438791
0.01468232
0.01395435
0.01501227
0.01364238
0.01316517
0.01530436
0.01621212
0.01622884
0.01540399
0.01316949
0.01485099
0.01561672
0.01431739
0.01653324
0.01498491
0.01611426
0.01579508
0.01600436
0.01592355
0.01524322
0.01754999
0.01748088
0.01572474
0.01724483
0.01749784
0.01569257
0.01650727
0.01593542
0.01626474
0.01462753
0.01587726
0.01581948
0.01675428
0.01654366
0.01388062
0.01545155
0.01373712
0.01401486
0.01594272
0.01606709
0.01680225
0.01676749
0.01643348
0.01585679
0.01557202
0.01763662
0.01711395
0.01852868
0.01539533
0.01661086
0.01670803
0.01481615
0.01573125
0.01375977
0.01632959
0.01672709
0.01645711
0.01681920
0.01696063
0.01639048
0.01803196
0.01891116
0.02015687
0.01968194
0.01923953
0.01900323
0.01901108
0.01801082
0.01893011
0.01917313
0.02003410
0.02181666
0.02539556
0.02235099
0.02484731
0.02979412
0.02987195
0.02495275
0.02571689
0.02360783
0.02161253
0.02418293
0.02674166
0.02697257
0.02357679
0.02310030
0.02165416
0.02203030
0.02095055
0.02121031
0.01776099
0.02159699
0.02390364
0.02084989
0.02098364
0.02188938
0.01955425
0.01801759
0.01933192
0.01926872
0.01972910
0.02036280
0.02061890
0.01990943
0.02098969
0.01804522
0.01884465
0.02114053
0.02076872
0.02057693
0.02083541
0.02083148
0.02163233
0.02105122
0.01908993
0.02084198
0.01713790
0.02364876
0.02686192
0.03273957
0.03044549
0.03664730
0.02413845
0.02885037
0.02805785
0.03268703
0.02962976
0.03598440
0.03457317
0.03716461
0.03517462
0.03930250
0.04385260
0.04079545
0.04572626
0.03686043
0.04178181
0.04278446
0.03535752
0.04175087
0.04134678
0.04341738
0.03470488
0.03877330
0.03257524
0.03386710
0.03289745
0.03721337
0.02822786
0.03273013
0.03102216
0.02600972
0.02272931
0.02513862
0.02721416
0.02940596
0.02676586
0.02498142
0.02547792
0.02398014
0.02598234
0.02488745
0.02493783
0.02780826
0.03033551
0.03611009
0.03460375
0.03248143
0.02990708
0.03449368
0.04087203
0.04442672
0.04102466
0.03860516
0.03840262
0.03558648
0.04259644
0.04312756
0.05523206
0.04423575
0.04659928
0.04913466
0.04039849
0.04805566
0.05246474
0.05485885
0.05100435
0.05302300
0.06133914
0.07051144
0.06550809
0.07472801
0.08531854
0.09138022
0.09686966
0.10634841
0.09258375
0.08709916
0.10287658
0.08512942
0.12312087
0.08732446
0.07492395
0.08226970
0.06130963
0.06957700
0.08239931
0.09993721
0.09186984
0.09633847
0.10157663
0.11026052
0.09117712
0.12123502
0.09866089
0.10368143
0.12022986
0.10638794
0.10203341
0.09374521
0.09058876
0.08866403
0.09735427
0.09028162
0.10429996
0.10190248
0.13119669
0.10732383
0.12514369
0.13592702
0.15658356
0.16068916
0.17203966
0.15366289
0.16076781
0.18018161
0.17418952
0.19580014
0.19889423
0.18803641
0.19013181
0.17059052
0.18195544
0.19216171
0.21355671
0.18151377
0.19098896
0.17442530
0.20188484
0.21523322
0.21788226
0.21606649
0.22457959
0.22274247
0.19675490
0.18716724
0.19093621
0.16414574
0.20168339
0.18509473
0.20485097
0.24538730
0.29271814
0.30549172
0.31429923
0.34516647
0.31601235
0.31230262
0.32208136
0.31486663
0.32760930
0.31325394
0.28337437
0.25694677
0.27283439
0.30311996
0.27937707
0.28794971
0.27317566
0.34910062
0.36948302
0.34991831
0.34523711
0.33896369
0.33058107
0.39579666
0.38821375
0.37969550
0.37583208
0.37183252
0.40470079
0.40103906
0.43281513
0.44747117
0.38625190
0.42638370
0.42655510
0.45192626
0.43244678
0.45524013
0.45708850
0.47517133
0.42910922
0.47129098
0.46140939
0.45942289
0.48984870
0.48065180
0.45188227
0.51381046
0.56109542
0.50977278
0.54403448
0.49612719
0.58713502
0.60635275
0.60708946
0.62213975
0.50629401
0.61615032
0.56782442
0.59293967
0.64132404
0.60618144
0.54532033
0.57451200
0.63950592
0.60090166
0.64880717
0.63640082
0.65689665
0.70224351
0.64931118
0.60052395
0.64686602
0.59348696
0.59705806
0.58601612
0.60400075
0.60737246
0.64984173
0.67816091
0.63724416
0.68553877
0.68981397
0.70747697
0.67887342
0.66420484
0.65830189
0.71079504
0.72006840
0.63787419
0.68523729
0.66695827
0.70755726
0.76127243
0.71197557
0.73958355
0.73148769
0.69797379
0.75375128
0.74857831
0.72847080
0.74137163
0.74552083
0.75836968
0.74637854
0.75767434
0.73755354
0.76226014
0.75269228
0.76074404
0.76595640
0.76615345
0.73406029
0.80138332
0.79716933
0.82543361
0.83278066
0.83030248
0.82166040
0.80375373
0.81963527
0.88357860
0.85386091
0.87370014
0.87034792
0.83530641
0.86562473
0.87106287
0.88935781
0.89129031
0.89171839
0.87591827
0.89578623
0.86488867
0.88030475
0.87933701
0.90432858
0.90559912
0.90618461
0.89055002
0.93710470
0.91686541
0.92816782
0.92298728
0.92669755
0.90859473
0.91120183
0.92054248
0.92427009
0.93432593
0.91828781
0.92832905
0.90736562
0.93375951
0.93946594
0.92872447
0.94834858
0.94512975
0.93772411
0.93169868
0.93351418
0.93944556
0.95199257
0.95512903
0.94808888
0.96400470
0.95001054
0.94570792
0.94410658
0.94789153
0.94347286
0.95171225
0.93829346
0.93806356
0.94352412
0.93697196
0.94950402
0.92747533
0.94575727
0.92350054
0.91434050
0.91632468
0.91850358
0.92680228
0.93428463
0.92930543
0.89694309
0.91582608
0.91735619
0.93126005
0.93357426
0.92423618
0.93894428
0.94222498
0.91079116
0.93341398
0.91502851
0.92329705
0.93043661
0.94009429
0.93277252
0.94026625
0.93948698
0.94320631
0.95648503
0.94039035
0.93811673
0.94774765
0.95633519
0.95473289
0.96141529
0.96207654
0.95783931
0.95601147
0.95286834
0.94586539
0.95175171
0.95782661
0.96264976
0.96287066
0.94566888
0.93794000
0.94903547
0.94995189
0.95308161
0.96636093
0.97185487
0.96260792
0.95535356
0.95731384
0.95678002
0.95072705
0.94844335
0.94108564
0.95035177
0.94457650
0.94549483
0.97488064
0.96074700
0.95333564
0.93616575
0.92888302
0.93813586
0.92839420
0.94904512
0.95181829
0.94787836
0.94106400
0.94059563
0.94033152
0.93137026
0.92910188
0.93911171
0.93268198
0.93580389
0.94686836
0.94510889
0.94580889
0.94926840
0.95460439
0.95803344
0.95305854
0.95473194
0.94118112
0.93507975
0.92423058
0.92367810
0.92860663
0.91396564
0.93104607
0.94149947
0.94980848
0.93844688
0.92283744
0.95959336
0.95542407
0.95126516
0.93831414
0.94162709
0.95852637
0.95099962
0.95410657
0.95103908
0.95276654
0.96208560
0.96039307
0.95544845
0.95450282
0.96546572
0.96019983
0.96176374
0.96022147
0.95748103
0.96163625
0.96531028
0.95262337
0.94908929
0.93945563
0.95141071
0.94911516
0.95767474
0.96074253
0.95693803
0.96464056
0.97088361
0.96902812
0.97304565
0.97539943
0.97491914
0.97627437
0.97588921
0.97321385
0.98288947
0.97828692
0.98321402
0.98468876
0.98567039
0.98493594
0.98044866
0.97847521
0.98210090
0.97271889
0.97769588
0.97818333
0.97331017
0.98285216
0.97890818
0.97842377
0.97760105
0.97906429
0.97996396
0.97883260
0.97752643
0.97414535
0.97963160
0.97845423
0.97833771
0.97377044
0.96765900
0.97450691
0.96931040
0.96738452
0.96819466
0.96925420
0.96781099
0.96840447
0.96517998
0.96352768
0.97086155
0.97279626
0.98056340
0.97920269
0.96876806
0.96943599
0.96080679
0.95665944
0.96432966
0.97602344
0.97568262
0.97443366
0.98665917
0.98621887
0.98884416
0.98388577
0.98935425
0.98753512
0.98751801
0.98381364
0.98353183
0.98819065
0.98856062
0.98845440
0.98291701
0.98666555
0.98857331
0.98571461
0.99050003
0.98805934
0.98999804
0.98637497
0.98664790
0.98744291
0.98895490
0.98776311
0.99063337
0.98494893
0.99062926
0.98982203
0.99038261
0.99076742
0.99239618
0.99087054
0.99022651
0.98979551
0.99225336
0.99347478
0.99233425
0.99233854
0.99326384
0.99220473
0.99284887
0.99013644
0.99198675
0.99176168
0.99138522
0.98744106
0.99175972
0.98927301
0.98951352
0.98887396
0.98966402
0.99050140
0.99202979
0.99012429
0.99163556
0.99172485
0.99268180
0.99469239
0.99594563
0.99600214
0.99609464
0.99524128
0.99585766
0.99577290
0.99520928
0.99562871
0.99467021
0.99539351
0.99436486
0.99616122
0.99489707
0.99256027
0.99376363
0.99394083
0.99215066
0.99084395
0.99023867
0.99378681
0.99240524
0.99274880
0.99309373
0.99188930
0.99355447
0.99295604
0.99470866
0.99466503
0.99385542
0.99472249
0.99519157
0.99537575
0.99435991
0.99295372
0.99336231
0.99260169
0.99542904
0.99496609
0.99614751
0.99527305
0.99518836
0.99552047
0.99439299
0.99439996
0.99338406
0.99455851
0.99280643
0.99167424
0.99185658
0.99498886
0.99380773
0.99630898
0.99466681
0.99396133
0.99422508
0.99573672
0.99430746
0.99252349
0.99239153
0.99292481
0.99293423
0.99492210
0.99188459
0.99494356
0.99405354
0.99487925
0.99405080
0.99456185
0.99375945
0.99193186
0.99396199
0.99387735
0.99395895
0.99427289
0.99488503
0.99423707
0.99124545
0.99360496
0.99225897
0.99338067
0.99431902
0.99308395
0.99242413
0.99154353
0.99178666
0.99361825
0.99323386
0.99267238
0.99276757
0.99194455
0.99271166
0.99152136
0.99353337
0.99449474
0.99210888
0.99042541
0.99103278
0.99020201
0.98683178
0.98712277
0.98270494
0.97481966
0.97524250
0.97337931
0.96330631
0.95307177
0.96692210
0.97389537
0.95806575
0.97248793
0.97657448
0.96632248
0.97571188
0.97782910
0.98027980
0.98046726
0.98458487
0.98793191
0.99011785
0.99070460
0.99309289
0.99264681
0.99312252
0.99163896
0.99161923
0.99109906
0.99012613
0.99242920
0.99293888
0.99008524
0.99189091
0.99066925
0.99396259
0.99132907
0.99242485
0.99116749
0.99110925
0.99310535
0.99346739
0.99113256
0.99428940
0.99353069
0.99209189
0.99312651
0.99413091
0.99342281
0.99354964
0.99474913
0.99470598
0.99401504
0.99459827
0.99274230
0.99342453
0.99310338
0.99467033
0.99572706
0.99387544
0.99373490
0.99434811
0.99401712
0.99574691
0.99385613
0.99171352
0.99249506
0.99517572
0.99363083
0.99438655
0.99329281
0.99280727
0.99247485
0.99320281
0.99230933
0.99058199
0.99141240
0.99036366
0.98907769
0.98978525
0.99001020
0.99219948
0.98977435
0.98904246
0.99102426
0.99308455
0.99125791
0.99285114
0.99371052
0.99474180
0.99521047
0.99423212
0.99553066
0.99311650
0.99130440
0.99128270
0.99150461
0.99374300
0.99049604
0.99007142
0.99127567
0.98842156
0.99097985
0.98744047
0.98926300
0.99410325
0.99166226
0.99375981
0.99056458
0.99366027
0.98759657
0.98828143
0.98972160
0.99301392
0.99067956
0.99402493
0.99199450
0.99356681
0.99203706
0.99072242
0.99235946
0.99069011
0.99050879
0.99285150
0.99398685
0.99272823
0.99055254
0.99152982
0.99147522
0.99061722
0.99337584
0.99090791
0.99340904
0.99136519
0.80392408
0.63057339
0.36955157
0.22240604
0.10935894
0.11562461
0.08171549
0.09617322
0.06902757
0.08487823
0.07512106
0.05539721
0.05826061
0.04485621
0.04081314
0.04801232
0.04365290
0.03578196
0.03629960
0.04207906
0.05775852
0.04509504
0.04319926
0.04287080
0.04147017
0.04485314
0.04417773
0.03185719
0.03704459
0.03392667
0.03768450
0.03025241
0.03074930
0.02681428
0.02967506
0.03517760
0.04289842
0.04307606
0.03821900
0.04560180
0.04926686
0.05600568
0.06169158
0.06714775
0.07476892
0.32217279
0.55423999
0.69135267
0.82362533
0.79218858
0.85451412
0.84651065
0.84425366
0.86105359
0.89669293
0.90498382
0.90285975
0.91723698
0.91885072
0.93021208
0.94626629
0.96775293
0.98357093
0.99165183
0.99393904
0.99488443
0.99530101
0.99414009
0.99419892
0.99552995
0.99536347
0.99648798
0.99665242
0.99662977
0.99625850
0.99601078
0.99461031
0.99412042
0.99460298
0.99417818
0.99463320
0.99384105
0.99308240
0.99335241
0.99341631
0.99374241
0.99324328
0.99174106
0.99088860
0.99087805
0.99065888
0.99122065
0.99205267
0.99277037
0.99261934
0.99325621
0.99287993
0.99214703
0.99222481
0.99170482
0.99227881
0.99155653
0.99192762
0.99204987
0.99279201
0.99264091
0.99274701
0.99296558
0.99233377
0.99205995
0.99165040
0.99152803
0.99092180
0.99106783
0.99110448
0.99134010
0.99144542
0.99315274
0.99237192
0.99354196
0.99385393
0.99425501
0.99416512
0.99431944
0.99394166
0.99408519
0.99353337
0.99387830
0.99461126
0.99459851
0.99460620
0.99493557
0.99474466
0.99506277
0.99383038
0.99409097
0.99440610
0.99398273
0.99310172
0.99287450
0.99244106
0.99241501
0.99175209
0.99102026
0.98968762
0.98891443
0.98895407
0.99010438
0.99161923
0.98964292
0.98944002
0.98862177
0.98990518
0.99091727
0.99120611
0.98999691
0.99049735
0.99172324
0.99107587
0.99151200
0.99082547
0.99044681
0.99365401
0.99452680
0.99579191
0.99552530
0.99532712
0.99505854
0.99501675
0.99418652
0.99412847
0.99345583
0.99304080
0.99252534
0.99159425
0.99168551
0.99204332
0.99167681
0.99172837
0.99148095
0.99198347
0.99189395
0.99197596
0.98988080
0.99117953
0.99181646
0.99112999
0.99049848
0.98950911
0.99133646
0.99178481
0.99172795
0.99165088
0.99164551
0.99153179
0.99145925
0.99318087
0.99332631
0.99366730
0.99432820
0.99395955
0.99445206
0.99479419
0.99511576
0.99474770
0.99421966
0.99406660
0.99400383
0.99326718
0.99345547
0.99404645
0.99411666
0.99463612
0.99490523
0.99447471
0.99395293
0.99399590
0.99398154
0.99358267
0.99349195
0.99374515
0.99287862
0.99338949
0.99255657
0.99083483
0.98960239
0.98857516
0.98806107
0.98718029
0.98858917
0.98809415
0.98717868
0.98929906
0.98879224
0.98842269
0.98984385
0.99168032
0.99173111
0.98863375
0.99042410
0.99171537
0.99124473
0.99182034
0.99188250
0.99187297
0.99094123
0.99185091
0.99197328
0.99196565
0.99245995
0.99366355
0.99271637
0.99217075
0.98738050
0.98509049
0.97644365
0.97247249
0.97625524
0.97751129
0.95567626
0.96037811
0.95939386
0.93533444
0.94263905
0.91620177
0.89456338
0.89061022
0.89833558
0.86882770
0.88399196
0.88883287
0.85273808
0.89238870
0.90691221
0.91427284
0.92689884
0.88823694
0.89644313
0.93079239
0.92586613
0.91298199
0.89605969
0.89768058
0.92095923
0.91932541
0.90293425
0.88084298
0.91560358
0.92888963
0.92284667
0.94391322
0.92200583
0.90341669
0.88651335
0.92346406
0.95151323
0.96849614
0.97881103
0.98498029
0.98793948
0.99190521
0.99321741
0.99449289
0.99520528
0.99553299
0.99567211
0.99564350
0.99548787
0.99555862
0.99552226
0.99396884
0.99349856
0.99311489
0.99307775
0.99424273
0.99386048
0.99382496
0.99251854
0.99226588
0.99368095
0.99377996
0.99566287
0.99628794
0.99654657
0.99590898
0.99640453
0.99619687
0.99650562
0.99604106
0.99553865
0.99507916
0.99445313
0.99374348
0.99337113
0.99217355
0.99198043
0.99164683
0.99151468
0.99220443
0.99326754
0.99292588
0.99290162
0.99383718
0.99367565
0.99374950
0.99354643
0.99335140
0.99427718
0.99364293
0.99449265
0.99362683
0.99361223
0.99260038
0.99247909
0.99088925
0.98999572
0.98926228
0.98666453
0.98755008
0.97993511
0.97114974
0.96207458
0.94256544
0.93044227
0.92534041
0.91726124
0.90878183
0.87506449
0.88964355
0.88655937
0.90438408
0.89343834
0.88595724
0.86756396
0.85494661
0.85413659
0.87031668
0.85061926
0.85507196
0.84566176
0.92762339
0.96163684
0.98085666
0.98634744
0.99134094
0.99171269
0.99248213
0.99331266
0.99450785
0.99496353
0.99512637
0.99521846
0.99518627
0.99553925
0.99562472
0.99547172
0.99474525
0.99379748
0.99366015
0.99327117
0.95800018
0.85746503
0.76427948
0.51223797
0.14447886
0.06025214
0.04999951
0.02087210
0.01614911
0.01683681
0.01415948
0.01319620
0.01174198
0.01069464
0.01145654
0.01313821
0.01252991
0.01031317
0.01084757
0.01087849
0.00928428
0.00917984
0.00883766
0.00932637
0.00932231
0.00861128
0.00880392
0.00865167
0.00830562
0.00879286
0.00965703
0.01055846
0.01200699
0.01243454
0.01406843
0.12578376
0.64547098
0.91565764
0.97606331
0.98626560
0.99140656
0.99383980
0.99444592
0.99394929
0.99363846
0.99442494
0.99430156
0.99463600
0.99525577
0.99511492
0.99471939
0.99498296
0.99487287
0.99520737
0.99504471
0.99482793
0.99525297
0.99507231
0.99543732
0.99490756
0.99493623
0.99500954
0.99415344
0.99393070
0.99346596
0.99369287
0.99352247
0.99340373
0.99286991
0.99357480
0.99257267
0.99269134
0.99282610
0.99345326
0.99374253
0.99360037
0.99388570
0.99371970
0.99393314
0.99406862
0.99419928
0.99420941
0.99409992
0.99442613
0.99455243
0.99452341
0.99416107
0.99377692
0.99395424
0.99401665
0.99336022
0.99366027
0.99300981
0.99265325
0.99385238
0.99317509
0.99266851
0.99317217
0.99390310
0.99284184
0.99515271
0.99578398
0.99606848
0.99604070
0.99590504
0.99611086
0.99629420
0.99630070
0.99620229
0.99661106
0.99666035
0.99626440
0.99681240
0.99694222
0.99704450
0.99663627
0.99639350
0.99595380
0.99590057
0.99523324
0.99446207
0.99391019
0.99299073
0.99311769
0.99325788
0.99417502
0.99463719
0.99425250
0.99445313
0.99441898
0.99483573
0.99519277
0.99544638
0.99484020
0.99531871
0.99553466
0.99493164
0.99465191
0.99469793
0.99443650
0.99339277
0.99406248
0.99410713
0.99425703
0.99359351
0.99459511
0.99431807
0.99440706
0.99378926
0.99444216
0.99435234
0.99368471
0.99301261
0.99280679
0.99419147
0.99464452
0.99484164
0.99503654
0.99534446
0.99526322
0.99537402
0.99524516
0.99461985
0.99396330
0.99380046
0.99382693
0.99431509
0.99465227
0.99380243
0.99351573
0.99329245
0.99366379
0.99395210
0.99354726
0.99360025
0.99351066
0.99331045
0.99468464
0.99439937
0.99421459
0.99474829
0.99506313
0.99457717
0.99374640
0.99309933
0.99360788
0.99398404
0.99429423
0.99475807
0.99448436
0.99425358
0.99464107
0.99501759
0.99503952
0.99521244
0.99495053
0.99489886
0.99502110
0.99544287
0.99547726
0.99509060
0.99569619
0.99462342
0.99457896
0.99533325
0.99517161
0.99489403
0.99448639
0.99522251
0.99464756
0.99514413
0.99456525
0.99431831
0.99433881
0.99382073
0.99433351
0.99396425
0.99457401
0.99528837
0.99488717
0.99447340
0.99435765
0.99447966
0.99424946
0.99398559
0.99436522
0.99413496
0.99382579
0.99353176
0.99341291
0.99330163
0.99244142
0.99112213
0.99130285
0.99091196
0.98953420
0.98882198
0.98784071
0.98823047
0.98735774
0.98739308
0.98494822
0.98491251
0.98111975
0.98284882
0.98301101
0.98878747
0.98646975
0.99097908
0.99301916
0.99318933
0.99218750
0.99294609
0.99367625
0.99373877
0.99413270
0.99422580
0.99415082
0.99438900
0.99405873
0.99449289
0.99390805
0.99361211
0.99388206
0.99445397
0.99346042
0.99356997
0.99354559
0.99338597
0.99415082
0.99458069
0.99462587
0.99444348
0.99482536
0.99390680
0.99362695
0.99481428
0.99541545
0.99485391
0.99487263
0.99497187
0.99429494
0.99422604
0.99481863
0.99367923
0.99347258
0.99443793
0.99444062
0.99400312
0.99472332
0.99459165
0.99491572
0.99389827
0.99374229
0.99330658
0.99326080
0.99233973
0.99316096
0.99288881
0.99303573
0.99366522
0.99413306
0.99336749
0.99366075
0.99403965
0.99373490
0.99382186
0.99314123
0.99323314
0.99256271
0.99321306
0.99404728
0.99412525
0.99363375
0.99308467
0.99256152
0.99267632
0.99242568
0.99136555
0.99098301
0.99091715
0.98992413
0.99040610
0.99066597
0.99004024
0.98995310
0.99088144
0.99270880
0.99146116
0.99224478
0.99355501
0.99391562
0.99351901
0.99256039
0.99360508
0.99408120
0.99319345
0.99399889
0.99304539
0.99218255
0.99289602
0.99241865
0.99321657
0.99267840
0.99323225
0.99293679
0.99293172
0.99289328
0.99304247
0.99346018
0.99391276
0.99298793
0.99322551
0.99343348
0.99367428
0.99310005
0.99187911
0.99135309
0.99083459
0.99000919
0.98989505
0.98949826
0.98896295
0.98952419
0.98947209
0.98982155
0.99000239
0.99062109
0.99009728
0.98962188
0.98982847
0.98942673
0.98982692
0.98911637
0.98948240
0.98985064
0.98733342
0.98609585
0.98537570
0.98772335
0.98680973
0.98604196
0.98475152
0.98547125
0.98403871
0.98630422
0.98632139
0.98416901
0.98494858
0.98473758
0.98679566
0.98810148
0.98868191
0.98900920
0.99065018
0.99132276
0.99126536
0.99286783
0.99294186
0.99341464
0.99462342
0.99520606
0.99536407
0.99483007
0.99422812
0.99405682
0.99390572
0.99315262
0.99237376
0.98997998
0.98861569
0.98820102
0.98833406
0.98823327
0.98711783
0.98692316
0.98633981
0.98774427
0.98626351
0.98726857
0.98437405
0.98411614
0.98685104
0.98619938
0.98635465
0.98580962
0.98593628
0.98480886
0.98471493
0.98598504
0.98786640
0.98808974
0.98830903
0.98930043
0.98956865
0.98988056
0.98862785
0.98751754
0.98672003
0.98677480
0.98639423
0.98519355
0.98641568
0.98455542
0.98567200
0.98613966
0.98657507
0.98829764
0.99095786
0.99109906
0.99193585
0.99303073
0.99356765
0.99421978
0.99440563
0.99482071
0.99445456
0.99393702
0.99412835
0.99430853
0.99449581
0.99458116
0.99418288
0.99432254
0.99366647
0.99347574
0.99340981
0.99357575
0.99346548
0.99232703
0.99289507
0.99262071
0.99240971
0.99253923
0.99354386
0.99364871
0.99395162
0.99383634
0.99378455
0.99413896
0.99372816
0.99319410
0.99423003
0.99443418
0.99495560
0.99476790
0.99479622
0.99452412
0.99394953
0.99380350
0.99383992
0.99404824
0.99386013
0.99384707
