1.00000000
1.00000000
1.00000000
1.00000000
1.00000000
1.00000000
1.00000000
1.00000000
1.00000000
1.00000000
1.00000000
1.00000000
1.00000000
1.00000000
1.00000000
1.00000000
1.00000000
1.00000000
1.00000000
1.00000000
1.00000000
1.00000000
1.00000000
1.00000000
1.00000000
1.00000000
1.00000000
1.00000000
1.00000000
1.00000000
1.00000000
1.00000000
1.00000000
1.00000000
1.00000000
1.00000000
1.00000000
1.00000000
1.00000000
1.00000000
1.00000000
1.00000000
1.00000000
1.00000000
1.00000000
1.00000000
1.00000000
1.00000000
1.00000000
1.00000000
1.00000000
1.00000000
1.00000000
1.00000000
1.00000000
1.00000000
1.00000000
1.00000000
1.00000000
1.00000000
1.00000000
1.00000000
1.00000000
0.99448049
0.99418950
0.99457186
0.99586248
0.99556559
0.99507469
0.99485356
0.99471420
0.99465680
0.99474585
0.99451989
0.99463552
0.99452740
0.99489909
0.99426442
0.99408120
0.99388534
0.99394315
0.99427783
0.99439740
0.99403113
0.99351066
0.99378127
0.99421036
0.99462920
0.99495453
0.99470550
0.99490178
0.99443710
0.99459088
0.99475670
0.99475139
0.99490923
0.99513811
0.99490225
0.99489093
0.99496657
0.99548471
0.99551743
0.99556631
0.99568212
0.99586642
0.99568558
0.99576843
0.99603420
0.99609596
0.99584877
0.99594915
0.99643278
0.99671566
0.99614441
0.99563617
0.99635482
0.99607819
0.99583924
0.99566948
0.99628276
0.99623543
0.99685377
0.99597317
0.99622631
0.99565470
0.99604392
0.99607497
0.99459982
0.99435413
0.99478626
0.99517018
0.99527043
0.99549496
0.99521542
0.99468142
0.99464697
0.99527019
0.99540412
0.99426794
0.99400973
0.99410570
0.99254042
0.99112308
0.99167752
0.99227577
0.99351865
0.99434787
0.99452907
0.99439764
0.99489659
0.99496210
0.99491102
0.99585801
0.99549931
0.99514413
0.99488705
0.99483287
0.99471843
0.99468493
0.99478513
0.99479538
0.99509639
0.99535900
0.99531734
0.99532783
0.99526358
0.99489671
0.99483043
0.99501711
0.99580884
0.99443251
0.99380833
0.99356538
0.99345994
0.99345374
0.99341631
0.99316037
0.99305290
0.99265176
0.99342704
0.99373722
0.99393141
0.99360597
0.99289024
0.99347091
0.99545741
0.99562764
0.99603659
0.99608767
0.99582088
0.99598557
0.99610281
0.99616182
0.99585956
0.99427491
0.99391729
0.99323106
0.99360847
0.99343598
0.99376774
0.99457246
0.99499726
0.99537992
0.99572963
0.99586403
0.99577385
0.99510139
0.99433595
0.99397027
0.99376619
0.99382979
0.99406648
0.99384344
0.99472082
0.99498123
0.99533409
0.99548364
0.99522251
0.99523830
0.99430132
0.99495751
0.99412823
0.99452728
0.99524105
0.99540269
0.99559671
0.99582374
0.99556327
0.99509984
0.99570221
0.99566275
0.99365306
0.99355596
0.99407309
0.99489212
0.99508864
0.99554837
0.99600691
0.99511707
0.99449933
0.99451327
0.99483901
0.99476349
0.99477613
0.99486721
0.99437076
0.99453187
0.99471974
0.99404234
0.99429131
0.99406177
0.99474335
0.99432963
0.99450868
0.99469042
0.99417627
0.99372780
0.99482626
0.99430496
0.99417549
0.99421883
0.99449992
0.99470443
0.99468201
0.99488896
0.99576879
0.99610871
0.99570870
0.99557060
0.99540955
0.99508792
0.99505359
0.99544781
0.99537981
0.99486685
0.99506193
0.99467492
0.99385381
0.99415576
0.99474746
0.99525392
0.99560356
0.99558723
0.99597639
0.99603671
0.99554271
0.99345773
0.99394011
0.99419183
0.99624628
0.99537969
0.99588352
0.99555308
0.99610788
0.99535948
0.99527490
0.99535573
0.99577135
0.99618214
0.99610007
0.99590296
0.99601561
0.99604625
0.99592447
0.99599421
0.99602365
0.99592185
0.99601436
0.99542904
0.99426877
0.99511898
0.99566829
0.99534649
0.99461162
0.99425548
0.99459815
0.99464697
0.99477214
0.99529701
0.99524695
0.99481368
0.99443877
0.99440372
0.99523795
0.99558359
0.99608839
0.99620938
0.99583519
0.99526829
0.99539089
0.99562150
0.99595958
0.99608153
0.99649733
0.99591017
0.99566406
0.99588972
0.99588925
0.99642760
0.99675083
0.99602485
0.99596357
0.99546802
0.99539447
0.99500859
0.99481541
0.99542624
0.99542648
0.99508399
0.99511409
0.99508119
0.99495417
0.99510705
0.99523020
0.99527550
0.99516594
0.99499571
0.99509734
0.99521047
0.99544215
0.99539137
0.99556315
0.99538970
0.99505037
0.99420565
0.99416816
0.99471790
0.99431783
0.99445564
0.99439394
0.99452066
0.99454874
0.99476802
0.99544346
0.99598986
0.99606282
0.99573898
0.99603903
0.99560225
0.99481565
0.99510586
0.99582148
0.99585992
0.99565840
0.99518114
0.99484164
0.99443370
0.99503928
0.99516511
0.99491715
0.99468601
0.99475741
0.99485886
0.99543875
0.99548352
0.99550664
0.99553078
0.99550748
0.99514943
0.99492270
0.99516016
0.99522108
0.99535048
0.99514669
0.99497163
0.99472332
0.99486154
0.99486417
0.99522460
0.99550855
0.99530834
0.99554956
0.99581414
0.99608010
0.99608922
0.99588168
0.99555957
0.99505132
0.99475878
0.99326009
0.99302435
0.99247074
0.99240631
0.99298543
0.99308938
0.99293983
0.99386406
0.99493021
0.99573815
0.99607795
0.99597389
0.99573320
0.99607193
0.99574202
0.99598360
0.99603027
0.99559152
0.99565178
0.99443626
0.99439311
0.99381095
0.99444854
0.99398613
0.99393809
0.99417555
0.99339288
0.99406707
0.99406886
0.99345881
0.99419099
0.99411714
0.99348831
0.99279600
0.99273258
0.99310935
0.99343491
0.99477357
0.99418157
0.99413717
0.99473792
0.99459416
0.99456441
0.99497318
0.99492353
0.99478430
0.99372697
0.99349159
0.99356693
0.99259430
0.99257666
0.99213105
0.99299157
0.99322248
0.99272811
0.99382257
0.99437863
0.99417120
0.99492294
0.99474686
0.99399042
0.99318391
0.99307877
0.99345136
0.99312121
0.99244738
0.99282902
0.99188471
0.99155045
0.99143702
0.99117744
0.99016643
0.99032742
0.98997307
0.98970932
0.98955417
0.99007344
0.98915219
0.98854291
0.99036461
0.99072826
0.99145496
0.98928845
0.98923081
0.99084705
0.98725337
0.98841327
0.98825186
0.98713070
0.98814422
0.98785454
0.98633468
0.98609877
0.98447901
0.98418933
0.98220128
0.98233759
0.98154688
0.98118168
0.97899389
0.98056233
0.98048061
0.97943866
0.97902042
0.98001099
0.97958714
0.98157954
0.98179239
0.98251110
0.98362547
0.98392093
0.98453832
0.98289549
0.98199892
0.98231769
0.98169404
0.98106474
0.97820377
0.97770727
0.97769731
0.97772753
0.97695678
0.97720271
0.97712928
0.97611260
0.97670120
0.97683084
0.97957784
0.97722363
0.97663963
0.97798342
0.97761202
0.97715080
0.97621197
0.97656417
0.97754431
0.97690386
0.97715420
0.97936249
0.97762281
0.97925788
0.97845596
0.97834420
0.97946155
0.97857249
0.97856575
0.97736436
0.97879869
0.97653675
0.97593349
0.97692072
0.97533131
0.97435081
0.97354525
0.97464460
0.97478682
0.97478980
0.97665173
0.97412080
0.97375971
0.97637081
0.97545820
0.97575569
0.97402000
0.97691464
0.97718185
0.97798461
0.97739464
0.98237151
0.98073465
0.97867614
0.97920954
0.97967243
0.98182422
0.98228538
0.98131210
0.98143631
0.98310757
0.98090255
0.98056716
0.97942483
0.97705817
0.97656506
0.97615367
0.97357708
0.96848631
0.96789145
0.96775705
0.96788353
0.96661210
0.96524638
0.96524453
0.97179848
0.97409183
0.97494817
0.97529048
0.97323781
0.97348207
0.96863604
0.97371167
0.97365743
0.97487712
0.97296077
0.97334045
0.96949399
0.97049898
0.96797734
0.96762240
0.96460098
0.96201342
0.96263474
0.96865249
0.96663630
0.97013164
0.97137398
0.97300613
0.97398573
0.97374797
0.97624409
0.97726989
0.97412997
0.97209901
0.97083896
0.97049886
0.97036582
0.96920848
0.96790981
0.96690291
0.96877915
0.96924698
0.96315730
0.95899564
0.96116203
0.96272707
0.96424615
0.96299732
0.95390648
0.95769507
0.95440423
0.95922095
0.95850700
0.95869106
0.95969307
0.96172899
0.96571052
0.96051043
0.96116799
0.96354538
0.96384972
0.96443331
0.96616703
0.96577483
0.96917230
0.96621245
0.96945029
0.96705359
0.96975696
0.96577305
0.96078104
0.96176171
0.95905912
0.95579606
0.96278799
0.96403009
0.96407950
0.96359944
0.96213102
0.96410894
0.96358460
0.96364790
0.96273315
0.96146512
0.95933288
0.96176803
0.95764238
0.94337589
0.94667923
0.94636512
0.94399780
0.93837911
0.93066078
0.92985737
0.92753017
0.91167617
0.90982795
0.91087407
0.90612811
0.90917563
0.90674609
0.90213597
0.92774498
0.93448400
0.93638253
0.93692553
0.93936294
0.93479341
0.93206930
0.94083983
0.94969612
0.94134378
0.94446141
0.93689537
0.94588470
0.94562435
0.93905157
0.93900663
0.93900311
0.92934304
0.91977012
0.91599309
0.91881657
0.90993482
0.89630604
0.89951199
0.88762826
0.87462306
0.88051444
0.86013669
0.85716683
0.81247139
0.81918401
0.79420745
0.79336894
0.81027192
0.79958040
0.84478700
0.82891262
0.79549509
0.85854703
0.78282893
0.82186216
0.76631057
0.79199868
0.81586355
0.81318110
0.80340016
0.73671782
0.76569313
0.79678541
0.75225472
0.71771580
0.71409220
0.69033825
0.68066996
0.72060287
0.69728696
0.71851867
0.70466745
0.64636713
0.69274592
0.70378786
0.74471879
0.73339528
0.80447143
0.69659364
0.69037145
0.59017324
0.65645033
0.63578635
0.66554427
0.65342629
0.63528460
0.65135235
0.65949255
0.62308931
0.51565313
0.66297895
0.70676821
0.63719583
0.63824254
0.62452513
0.66711009
0.60640329
0.50569791
0.58589941
0.65455592
0.62230742
0.61666638
0.56388515
0.58755207
0.60112560
0.54179001
0.52600926
0.68807256
0.64936119
0.50458264
0.47306153
0.52468294
0.52102202
0.51391745
0.55700940
0.50982660
0.55774605
0.50996834
0.45172366
0.45785487
0.46924293
0.46833119
0.42738357
0.42725307
0.40782338
0.40837491
0.42105752
0.46426314
0.47425419
0.51023644
0.51584709
0.50439763
0.49296987
0.50815392
0.49541715
0.50608218
0.47107571
0.47676155
0.46067324
0.38757849
0.38382551
0.42427972
0.40427861
0.38008699
0.35520792
0.34489810
0.37741533
0.44553170
0.41629818
0.51467973
0.48190704
0.45316872
0.45071015
0.37710679
0.46205619
0.39451760
0.43762240
0.41635841
0.40092412
0.34580332
0.33969364
0.29305074
0.33461154
0.30860382
0.30832794
0.29750356
0.31346735
0.32859257
0.31719986
0.31803134
0.31993648
0.30625498
0.29781160
0.32504222
0.29125205
0.28308693
0.26545420
0.27996916
0.25291115
0.26729846
0.25520691
0.28173363
0.27107790
0.29371914
0.26408255
0.23858161
0.23924884
0.23992738
0.28431249
0.26304340
0.24852039
0.21851203
0.21516174
0.24169427
0.23132549
0.21845686
0.19957180
0.20186776
0.21439005
0.20241088
0.21756190
0.21102783
0.21063213
0.21305291
0.22095393
0.20421135
0.20002972
0.21366553
0.21292223
0.23104413
0.18817939
0.21190234
0.20943314
0.20007326
0.20887972
0.20744349
0.23107506
0.22260706
0.21569043
0.21004303
0.19513482
0.17909066
0.18745549
0.16502875
0.17898619
0.17638679
0.16192143
0.20655866
0.19443437
0.16657469
0.16998038
0.17192145
0.17624529
0.19930500
0.18098101
0.19268897
0.18851447
0.18296893
0.19059457
0.17556326
0.17543180
0.17225277
0.16357888
0.16000265
0.17277776
0.18711780
0.18410380
0.17701602
0.19512406
0.18700027
0.19309357
0.19627345
0.18496355
0.18113731
0.18660864
0.18879421
0.19177829
0.17697902
0.17458509
0.17213129
0.19191153
0.16372016
0.18912880
0.19307037
0.19681093
0.18396452
0.18491273
0.18710515
0.19246827
0.19376665
0.19381486
0.20126466
0.18931387
0.17690682
0.20614015
0.18405537
0.18396801
0.18584135
0.17847592
0.19623822
0.17472212
0.17844200
0.16602995
0.15857647
0.17866094
0.17054048
0.16836247
0.17562769
0.16507553
0.17061959
0.16736685
0.15593626
0.17611666
0.17774838
0.18059455
0.18719973
0.20019333
0.20630559
0.20122474
0.20128816
0.21401235
0.21637809
0.20241733
0.17932153
0.18372189
0.17599209
0.17700535
0.18671329
0.19507770
0.19735932
0.18380885
0.19873033
0.19702394
0.20387813
0.20538463
0.19911879
0.20315300
0.19222024
0.19172414
0.19201285
0.18785556
0.19555573
0.19282819
0.18879716
0.17975271
0.18684594
0.20363557
0.19604313
0.19710948
0.19207582
0.18153815
0.18083183
0.19299455
0.19710119
0.19709451
0.18073376
0.21118641
0.20313194
0.18282883
0.18197849
0.18566579
0.18849190
0.16517551
0.15713370
0.14961950
0.14141388
0.14370298
0.13795847
0.13835058
0.15132549
0.15353924
0.18243174
0.17484905
0.19462228
0.19121417
0.17573960
0.15440039
0.15025398
0.14383362
0.14216271
0.14401060
0.13096681
0.12860504
0.11957292
0.12490750
0.14704414
0.14459656
0.16215856
0.16334294
0.17039885
0.17764366
0.19220449
0.17138915
0.19993153
0.17852211
0.16624592
0.15515019
0.16239481
0.15727898
0.15651880
0.16190191
0.15999338
0.14259988
0.14768076
0.13854352
0.13579752
0.13347334
0.13709021
0.13963151
0.14662731
0.14413910
0.14780185
0.15524068
0.15592535
0.15432665
0.15461256
0.15475868
0.15570407
0.16677848
0.16511136
0.16314706
0.15898274
0.16155711
0.15455289
0.15220186
0.15547107
0.15928169
0.15413262
0.16323730
0.16253446
0.16070360
0.15698583
0.16699180
0.16536281
0.15636091
0.15285710
0.16119333
0.17254697
0.16508670
0.16452689
0.16660035
0.16317523
0.15506509
0.15335800
0.15400475
0.13583928
0.13935752
0.14669222
0.16346070
0.16572300
0.16526844
0.16736019
0.17558317
0.16353488
0.18003030
0.17157541
0.17308952
0.17885652
0.16507873
0.16057804
0.16619085
0.14081356
0.15927215
0.17087173
0.17001621
0.16375874
0.16454719
0.16740660
0.15496784
0.16359703
0.16786480
0.15972501
0.15298861
0.16386797
0.17655806
0.17935754
0.18247101
0.17614816
0.18709143
0.18336135
0.18298672
0.17954886
0.19265008
0.19062379
0.18932767
0.18433349
0.17310254
0.17835626
0.17496938
0.15979184
0.16028237
0.16027172
0.16608603
0.15385197
0.15629545
0.16444816
0.16953944
0.17070851
0.17418905
0.17666899
0.17435835
0.18066090
0.19508754
0.20532398
0.18994951
0.21370603
0.22596203
0.21636108
0.20460491
0.20387910
0.20863821
0.20156801
0.18768489
0.19229558
0.19348976
0.20028460
0.19737288
0.18266797
0.18876873
0.19134930
0.18663925
0.18816368
0.18921459
0.19820303
0.19558246
0.18716036
0.18331943
0.18322767
0.16268554
0.17398247
0.16222109
0.17464527
0.15466647
0.17200936
0.16154598
0.16824889
0.16297340
0.17790155
0.17197593
0.17769144
0.18030705
0.18557173
0.17668770
0.17832248
0.18469533
0.16330090
0.15876485
0.16543360
0.18538740
0.18016447
0.18941827
0.17988096
0.19836260
0.18162875
0.19019336
0.19123928
0.19969557
0.18867907
0.19455685
0.18694577
0.19107567
0.17891292
0.19009945
0.19191673
0.18549009
0.19027637
0.18617538
0.19404818
0.18767333
0.18999173
0.20059155
0.18333934
0.19756678
0.18408875
0.20328140
0.19730289
0.19191422
0.19629368
0.21032237
0.21006303
0.19606528
0.20933741
0.21712984
0.20516004
0.19776008
0.19826843
0.19046474
0.19528888
0.19820307
0.20857623
0.19806573
0.19533868
0.18438455
0.18821923
0.18676129
0.19387564
0.19353923
0.19372758
0.19731234
0.19900551
0.20389850
0.20657310
0.20353191
0.19626379
0.21408327
0.21051511
0.20973030
0.20753379
0.19501555
0.19789182
0.20113730
0.21159078
0.20319919
0.18744710
0.18193397
0.18537460
0.18303874
0.18618876
0.17667298
0.19606659
0.17144936
0.18513499
0.18223462
0.18794718
0.18557529
0.17327234
0.18002890
0.17197859
0.18210985
0.18142393
0.16605680
0.17479333
0.17354041
0.18242656
0.17149152
0.16889261
0.16238877
0.16997439
0.16857915
0.17557321
0.17223078
0.17122942
0.17390214
0.18150547
0.18205702
0.18495534
0.18066254
0.19583964
0.17730266
0.18405284
0.18886653
0.17258383
0.17874072
0.19263694
0.20330736
0.18139240
0.17907701
0.17226492
0.17650832
0.17977017
0.17877345
0.17505060
0.16430122
0.16059628
0.15889612
0.18153383
0.18369330
0.16887984
0.17685728
0.18674529
0.19668710
0.19589445
0.21221034
0.19475789
0.17779258
0.19064468
0.19441141
0.18821743
0.20874813
0.18618552
0.17959076
0.18336582
0.19475615
0.18525547
0.19129845
0.18989027
0.19555181
0.18862958
0.19781363
0.19454564
0.18129930
0.17452404
0.18042716
0.19567424
0.18730094
0.20475900
0.22087535
0.20651938
0.23781763
0.24897343
0.22834127
0.22623640
0.22745587
0.22450894
0.23379037
0.22735947
0.22142780
0.21317516
0.20101225
0.20914538
0.22523932
0.22606097
0.23982710
0.21803086
0.23723273
0.23850174
0.23098610
0.22935236
0.23882191
0.23019670
0.22938056
0.24276602
0.25660881
0.23123942
0.21799994
0.21833770
0.21425527
0.20575927
0.22460200
0.21284916
0.21432444
0.21194212
0.19154547
0.21235064
0.22169161
0.23619843
0.24333701
0.25021160
0.25239080
0.25505966
0.26211250
0.25739470
0.22955522
0.25373179
0.23591080
0.24040662
0.23315191
0.22901718
0.24439451
0.24592943
0.25745964
0.27385122
0.29297376
0.30678770
0.30414504
0.29089424
0.29181710
0.27473998
0.27783585
0.28193837
0.26442629
0.28486297
0.27456579
0.25487256
0.26770514
0.27125371
0.26681638
0.28492168
0.29166645
0.28299576
0.30457705
0.29476371
0.32890067
0.33257496
0.33088753
0.32471433
0.35550070
0.32695538
0.31310308
0.35584658
0.35741040
0.37800351
0.37453008
0.39550298
0.39325702
0.39883360
0.35704923
0.35151020
0.39773417
0.37381142
0.40117386
0.43879637
0.41678464
0.41387406
0.42570388
0.44727978
0.47036901
0.45918766
0.47711068
0.49746045
0.46867827
0.50924158
0.50440592
0.53358603
0.53725654
0.49292710
0.51662660
0.50359267
0.49565470
0.45977238
0.50995231
0.50134242
0.47475126
0.46238422
0.44890448
0.45332927
0.45538238
0.47152525
0.46377689
0.47857812
0.54064894
0.44302258
0.45522165
0.46506649
0.52560240
0.52500111
0.52090597
0.56260228
0.55917084
0.54842889
0.51830584
0.54817104
0.56176758
0.58936530
0.60139781
0.63127649
0.60226983
0.65402770
0.61474353
0.61004215
0.60497671
0.61604589
0.60392118
0.60391957
0.58396131
0.61867809
0.61707938
0.66291600
0.68913323
0.74718940
0.65810180
0.67997539
0.68455356
0.71577448
0.64152068
0.70673287
0.65097475
0.67657977
0.60872185
0.61563706
0.66208351
0.64957732
0.63866717
0.66805756
0.70931721
0.73529738
0.67381483
0.65391493
0.70902652
0.64242047
0.62491149
0.67456490
0.73748922
0.71787685
0.71259946
0.71552271
0.72715336
0.72575527
0.80926532
0.78132570
0.77683747
0.80252588
0.76639837
0.76202130
0.80571383
0.74052429
0.76274717
0.72843808
0.75277936
0.80864960
0.82046390
0.80248773
0.80086142
0.81615013
0.82573092
0.73256147
0.75456172
0.81337237
0.79724848
0.76773423
0.78539807
0.81553394
0.82984632
0.81900734
0.81963509
0.83361650
0.85085529
0.85046315
0.85249925
0.83454734
0.85508919
0.83356392
0.81356514
0.82591164
0.82782549
0.82417935
0.81950462
0.82704818
0.86485070
0.86358941
0.87371266
0.91768456
0.91617036
0.92896891
0.93737751
0.95166445
0.94320643
0.95439953
0.96299255
0.96467984
0.97103095
0.97536558
0.97562331
0.97664398
0.97748077
0.97764331
0.97700852
0.97787762
0.97716546
0.97885305
0.97632152
0.97876519
0.97800511
0.97810626
0.98175895
0.97941762
0.98106605
0.97642171
0.97738636
0.97867763
0.97729582
0.98202080
0.98279172
0.98341274
0.98109412
0.98305488
0.98212320
0.97440809
0.97494501
0.97087896
0.97809768
0.97062939
0.96990907
0.97349554
0.96978027
0.97378641
0.97526914
0.97778612
0.97777653
0.97687942
0.97752893
0.97662443
0.97711563
0.97484934
0.96891987
0.97824931
0.97766876
0.97706008
0.98296261
0.98423821
0.98375040
0.98383915
0.98032540
0.97789586
0.98034769
0.98032790
0.98129499
0.97399455
0.97414434
0.97421205
0.97272247
0.97344255
0.97642833
0.97578555
0.97333670
0.97619253
0.97566241
0.97735047
0.97581017
0.97660136
0.97766203
0.97663987
0.97940254
0.98073721
0.98094410
0.97890979
0.97869772
0.97872055
0.97746825
0.97576457
0.97433937
0.97761077
0.97831362
0.97871280
0.97661406
0.97713006
0.97666854
0.97659475
0.97744375
0.97540343
0.97563851
0.97507143
0.97573131
0.97518402
0.97339433
0.97327572
0.97285312
0.97177124
0.97699213
0.97619289
0.97576195
0.97429729
0.97614336
0.97365904
0.97231400
0.97224277
0.97426051
0.97107321
0.97160709
0.97276366
0.97385287
0.97013509
0.97688860
0.97550380
0.97244400
0.97211617
0.97291946
0.97526783
0.97521520
0.97588873
0.97338551
0.97345924
0.97084326
0.97171682
0.96664912
0.97161859
0.96738315
0.97339183
0.97701716
0.97297961
0.96681702
0.96685290
0.96200460
0.96426010
0.96880275
0.97295207
0.96650934
0.96559519
0.96915060
0.97258806
0.97315139
0.97900462
0.97651684
0.97588909
0.97704208
0.97734660
0.97617495
0.97698146
0.97658676
0.97734082
0.96859509
0.97915524
0.98045748
0.98150933
0.98444343
0.98457575
0.98367304
0.98141128
0.98273879
0.98222017
0.98149455
0.98164153
0.98179674
0.98051834
0.98204249
0.98232907
0.98272026
0.98033488
0.98304707
0.98155183
0.98157424
0.98240411
0.98287892
0.98419607
0.98298371
0.98345691
0.98236924
0.98327613
0.98390847
0.98503923
0.98593730
0.98641658
0.98760313
0.98796022
0.99004513
0.99009550
0.99014342
0.99008638
0.98977703
0.99006373
0.98917222
0.98729867
0.98538345
0.98464835
0.98586953
0.98013526
0.97327203
0.95776898
0.96198994
0.95127398
0.96972895
0.97658646
0.96623850
0.97409135
0.96878529
0.97953367
0.98043746
0.97404093
0.97940284
0.98313808
0.97483182
0.98013580
0.97205895
0.98248452
0.98702037
0.98066175
0.98352504
0.97629935
0.98684818
0.98854804
0.98533404
0.98747265
0.98642075
0.98727185
0.98912805
0.98426086
0.98813677
0.98540145
0.98193550
0.98768592
0.98575938
0.98176688
0.98241097
0.97392589
0.97720474
0.97206646
0.98620111
0.98613352
0.98641151
0.98561007
0.98629087
0.98642945
0.99030346
0.98797733
0.99065977
0.99202603
0.99069363
0.98762751
0.98672765
0.98552585
0.98806131
0.98607558
0.98522842
0.98429179
0.98549622
0.98633438
0.98770976
0.98706019
0.98923701
0.98631787
0.98770547
0.98715335
0.98821485
0.98769093
0.98839450
0.98803294
0.98716438
0.98841608
0.98935062
0.98942709
0.98729742
0.98722059
0.98731661
0.98887873
0.98911148
0.99052948
0.99137247
0.98963284
0.99012148
0.99137431
0.99143231
0.99145448
0.99176651
0.99106407
0.99117482
0.99195051
0.99163264
0.99123442
0.99096113
0.99138671
0.99068660
0.98992437
0.98986560
0.98947316
0.99012250
0.98975402
0.98920244
0.98788971
0.98636222
0.98374498
0.98076743
0.97822863
0.97821951
0.97412157
0.97530532
0.97301710
0.97452945
0.97382301
0.97575414
0.98111331
0.97447330
0.98022741
0.98145145
0.98164719
0.98352778
0.98245645
0.98081619
0.98008323
0.97925031
0.98161250
0.98104423
0.97921801
0.97940046
0.98028874
0.97892433
0.98012507
0.98035026
0.98116577
0.97676760
0.97850960
0.98146212
0.97936547
0.98235309
0.97451210
0.97906619
0.97613907
0.97365892
0.97479373
0.96939790
0.96221769
0.95155770
0.94658810
0.93413979
0.91949791
0.90886080
0.89028943
0.85560638
0.85951054
0.85715723
0.89228135
0.88708919
0.88675433
0.87308776
0.86921155
0.88857687
0.89129382
0.84920824
0.83462244
0.85569263
0.84843469
0.81855220
0.84779334
0.80273932
0.81936800
0.82128835
0.82688051
0.80717963
0.80011356
0.71999842
0.68907785
0.79141146
0.74335933
0.75887287
0.75799870
0.69567353
0.76485711
0.76207113
0.78681391
0.72286630
0.68743861
0.77778226
0.73641604
0.74978191
0.72449619
0.78166932
0.77504170
0.76926196
0.74278671
0.78266585
0.73529494
0.74059296
0.71187323
0.80452442
0.78966165
0.62578160
0.61271709
0.68453884
0.63847929
0.62296122
0.64422286
0.61461473
0.64146662
0.63222986
0.64885342
0.68488550
0.66536719
0.63856852
0.65999949
0.60739690
0.61627901
0.67829770
0.61840582
0.54044390
0.55114704
0.55300426
0.54758310
0.57396686
0.57253110
0.56892818
0.48829755
0.52943945
0.51873076
0.56898820
0.46849304
0.48785657
0.55033755
0.53778338
0.49853113
0.50321376
0.47838438
0.45116749
0.45692110
0.39430234
0.48378515
0.42052722
0.41193318
0.48966736
0.40965554
0.39378136
0.43576247
0.44165158
0.43549737
0.36152911
0.36614960
0.42523420
0.35004902
0.37557203
0.39001298
0.29801232
0.30552155
0.35724506
0.33211020
0.27837515
0.30824241
0.31336004
0.29595026
0.35280624
0.32932806
0.30854145
0.33182228
0.28083497
0.29304850
0.28075761
0.28065583
0.31374466
0.26193672
0.23841934
0.24642617
0.22210361
0.23941201
0.21727376
0.23725307
0.21609510
0.21538757
0.18994249
0.20817466
0.20800604
0.22005136
0.21416368
0.19059235
0.16479626
0.15794331
0.16945757
0.18357123
0.20666157
0.19704063
0.14160523
0.12376285
0.11423039
0.11964609
0.08833728
0.06598081
0.08186284
0.07680481
0.07481251
0.07896142
0.06745511
0.06176611
0.05605962
0.08057270
0.08444354
0.08342329
0.07685009
0.08244790
0.07873914
0.08080261
0.06773780
0.06842382
0.08629081
0.06635296
0.06640193
0.05297480
0.04190863
0.03887171
0.04520975
0.03907638
0.03765217
0.03723497
0.03946169
0.04618079
0.03814740
0.04208942
0.04861971
0.05736799
0.04271988
0.03633554
0.03207181
0.02834340
0.02520975
0.02858393
0.03299899
0.02974260
0.03030883
0.03208640
0.03256476
0.03349328
0.03167805
0.02840138
0.02817779
0.02469392
0.02706715
0.02370647
0.02055170
0.02335865
0.02692356
0.02810403
0.02233818
0.02347563
0.02146599
0.02902402
0.02421325
0.01874507
0.02904364
0.02453765
0.02744329
0.02642852
0.02797275
0.03000587
0.03286273
0.02719281
0.02396797
0.02843633
0.02467033
0.03015625
0.02403963
0.02213329
0.02558795
0.02836100
0.02615616
0.01932846
0.02072841
0.02344198
0.02348258
0.02160546
0.02574069
0.02190963
0.02649751
0.03943385
0.03097099
0.03244555
0.02383512
0.02306860
0.02290521
0.02177874
0.01959371
0.02106814
0.01635614
0.01547548
0.01475448
0.01451677
0.02035562
0.01400637
0.01498614
0.01517625
0.01857893
0.01926943
0.01899325
0.02232584
0.01740545
0.01820466
0.02002585
0.01722101
0.02354180
0.02293585
0.02550396
0.02451109
0.02062526
0.02762053
0.02057657
0.01994288
0.01725269
0.01942472
0.01930010
0.01756728
0.01656409
0.01490512
0.01419168
0.01630317
0.01582956
0.01362648
0.01429515
0.01458970
0.01205853
0.01423713
0.01294564
0.01333796
0.01374806
0.01376568
0.01685977
0.01445958
0.01569678
0.01830506
0.01761545
0.02221494
0.02773540
0.03309905
0.04063774
0.03369920
0.03157885
0.03368883
0.03304990
0.04009935
0.03610694
0.04662306
0.03424604
0.02959960
0.02878810
0.02653574
0.03032700
0.02953766
0.02847034
0.02945912
0.02333736
0.03279615
0.03051824
0.03139675
0.03351589
0.03891100
0.03425238
0.03026635
0.03913043
0.03822307
0.03548889
0.03752204
0.03558572
0.03617283
0.03219261
0.03314478
0.03355734
0.03424308
0.02876648
0.03039237
0.03386093
0.02604929
0.03470255
0.02436288
0.02551021
0.02045451
0.02861992
0.02807053
0.02629671
0.02968873
0.02954527
0.02828519
0.02260777
0.02344061
0.01880705
0.02073367
0.02061152
0.01657675
0.01800765
0.01822934
0.01780853
0.02070631
0.01901358
0.02435641
0.02240363
0.02656624
0.01768674
0.01976411
0.01855437
0.01488839
0.01674958
0.01996032
0.02074893
0.02123411
0.01513191
0.01763332
0.01864883
0.01771790
0.02238376
0.02469443
0.02363434
0.01662516
0.01899618
0.02209759
0.01866762
0.02252382
0.02010381
0.01876550
0.02054382
0.02084982
0.02067984
0.01673594
0.01846905
0.02362475
0.02405345
0.02099439
0.02249022
0.02084416
0.02182003
0.02200926
0.02650980
0.01968506
0.02102527
0.02381696
0.02286905
0.03274878
0.02298168
0.02271084
0.02367773
0.03240601
0.04602199
0.05664387
0.05881512
0.08360311
0.08908869
0.08090568
0.10547515
0.08889192
0.11447922
0.09223086
0.10114203
0.08087251
0.07379563
0.07740785
0.07989144
0.07333803
0.07585156
0.07291953
0.05968875
0.05272749
0.03901784
0.04663919
0.02712398
0.02482956
0.02158392
0.01896912
0.02361094
0.01965480
0.02580829
0.01840489
0.02186623
0.02094481
0.01994810
0.01888066
0.02023351
0.01596627
0.01777096
0.01796057
0.01401455
0.01036367
0.00928078
0.00856823
0.00725337
0.01028152
0.01084746
0.01038464
0.01003445
0.00976528
0.01007550
0.01037130
0.00987379
0.01011770
0.01108845
0.00980145
0.00976109
0.00953821
0.00990243
0.00988538
0.00818021
0.00854240
0.00833825
0.00954378
0.00862442
0.00932912
0.01088453
0.01179383
0.01314188
0.01371989
0.01352380
0.01397442
0.01575104
0.01718360
0.01599716
0.01554498
0.01663817
0.01585084
0.01809333
0.01685446
0.01866667
0.02026784
0.01859162
0.01854350
0.01872594
0.01889089
0.02311043
0.02270293
0.02859474
0.02610143
0.02775172
0.03946832
0.04159612
0.03592486
0.03294589
0.03149910
0.02668665
0.03481004
0.03099148
0.02556287
0.02150724
0.01536571
0.01332115
0.01225445
0.01257954
0.00959312
0.01091664
0.01790974
0.02007847
0.01888319
0.01478500
0.01380361
0.01404331
0.01633547
0.01817015
0.01957531
0.02000414
0.01927197
0.01861418
0.01737457
0.01687761
0.02237556
0.02210269
0.02686272
0.02890179
0.02521417
0.02407356
0.02246188
0.02172051
0.02177083
0.01922960
0.02160323
0.02259504
0.02257014
0.02134943
0.01743827
0.02295129
0.02272810
0.02423736
0.01856504
0.01294861
0.01571098
0.01425176
0.01163345
0.01236227
0.01161077
0.01336497
0.01073332
0.01094865
0.01435018
0.01392689
0.02164468
0.02807440
0.03763077
0.04427604
0.05578709
0.04329871
0.02491660
0.01427607
0.01589466
0.01391682
0.01484061
0.01873385
0.01587726
0.02061240
0.01861382
0.02155515
0.02723375
0.02630739
0.02103990
0.01825036
0.01738236
0.02190280
0.02320126
0.02247805
0.02589556
0.02075501
0.02059511
0.02176571
0.01899476
0.02282414
0.01923498
0.02051322
0.02571568
0.02168456
0.01764737
0.01940994
0.01764770
0.01927190
0.01871726
0.01664756
0.01630454
0.01536292
0.01931518
0.01978612
0.02408002
0.02613365
0.02875512
0.02273266
0.02205203
0.02402600
0.02039151
0.01971794
0.02019832
0.02285893
0.02185208
0.02267209
0.02114808
0.02192385
0.02515815
0.02257076
0.02167103
0.02101736
0.02229814
0.02125105
0.02288507
0.02155966
0.02345409
0.02076870
0.01869556
0.01684953
0.01575683
0.01910380
0.01802759
0.01573277
0.01517932
0.01541512
0.01503780
0.01466988
0.01550023
0.01391933
0.01429537
0.01549684
0.01326266
0.01441568
0.01398570
0.01480776
0.01540137
0.01486336
0.01367029
0.01409941
0.01628493
0.01699369
0.01608037
0.01672855
0.01442224
0.01503219
0.01482606
0.01470902
0.01535328
0.01833358
0.01485500
0.01538908
0.01321859
0.01422512
0.01315968
0.01399755
0.01674683
0.01876609
0.01714942
0.01797029
0.01615746
0.01856618
0.01695816
0.01371387
0.01424619
0.01280533
0.01250041
0.01440402
0.01210266
0.01218577
0.01370679
0.01367082
0.01417520
0.01420443
0.01413494
0.01773015
0.01743329
0.01798599
0.01418346
0.01413301
0.01374347
0.01195589
0.01203358
0.01173829
0.01273943
0.01279719
0.01455016
0.01290415
0.01173735
0.01167825
0.01136572
0.01504169
0.01224133
0.01199308
0.00981293
0.01073858
0.01039202
0.01013650
0.01127882
0.01219299
0.01185696
0.01311498
0.01256041
0.01242507
0.01352932
0.01325307
0.01222093
0.01090795
0.01255930
0.01206167
0.01172211
0.01081080
0.01230573
0.01128969
0.01162825
0.01315418
0.01139395
0.01260388
0.01592473
0.01570628
0.01511225
0.01581721
0.01318797
0.01602626
0.01617526
0.01669935
0.01477887
0.01710074
0.01709652
0.01794198
0.01790134
0.01670795
0.01467610
0.01678112
0.01748543
0.01839508
0.02142760
0.01459918
0.01841834
0.02071899
0.01388244
0.01543823
0.02150860
0.01857352
0.01380966
0.01408307
0.01275967
0.01274239
0.01521118
0.01644181
0.01547669
0.01382891
0.01316537
0.01315437
0.01192665
0.01255798
0.01300503
0.01213914
0.01400999
0.01460976
0.01407896
0.01420574
0.01637736
0.01770691
0.01587792
0.01502347
0.01228474
0.01447923
0.01476119
0.01519142
0.01561515
0.01579950
0.01620112
0.01419475
0.01576480
0.01648943
0.01649586
0.01660600
0.01598589
0.01706676
0.01430656
0.01572874
0.01517183
0.01615794
0.01410419
0.01494931
0.01387405
0.01593530
0.01571399
0.01445064
0.01558589
0.01555571
0.01619772
0.01582234
0.01561886
0.01582796
0.01473042
0.01435393
0.01804764
0.01922381
0.01940110
0.01837813
0.01599132
0.01764367
0.01854296
0.01810010
0.01941635
0.01781124
0.01845325
0.01800951
0.01878369
0.01719590
0.01813494
0.01819438
0.01848568
0.01646089
0.01846926
0.01794131
0.01679520
0.01733633
0.01849437
0.01686997
0.01530083
0.01853640
0.01838098
0.01702694
0.01848411
0.01642074
0.01646245
0.01500022
0.01767514
0.01841729
0.01843671
0.01892657
0.01985284
0.01962625
0.01831559
0.01856488
0.01920304
0.02051253
0.02109912
0.01876933
0.01939492
0.01924201
0.01854707
0.01689090
0.01561652
0.01963751
0.01849270
0.01855500
0.01933780
0.01910008
0.02064746
0.02158577
0.02230952
0.02272410
0.02432725
0.02481137
0.02513016
0.02517715
0.02333976
0.02366462
0.02635974
0.02755970
0.02831270
0.03419780
0.03225454
0.03336859
0.03757707
0.03662677
0.03505702
0.03230414
0.03302142
0.03106398
0.03179738
0.03457787
0.03543070
0.03190621
0.03112691
0.03023101
0.02819440
0.02695513
0.02659356
0.02419301
0.02749572
0.02974764
0.02726998
0.02699538
0.02953636
0.02631377
0.02520556
0.02506145
0.02431669
0.02556667
0.02481134
0.02649118
0.02495173
0.02459336
0.02352752
0.02318166
0.02511929
0.02424118
0.02455373
0.02356781
0.02402882
0.02790859
0.02580996
0.02274113
0.02326718
0.01965228
0.02776943
0.03123133
0.03554448
0.03450920
0.04022199
0.02832568
0.03342157
0.03213811
0.03643028
0.03452265
0.04171455
0.04012657
0.04398541
0.04546260
0.05017391
0.04990447
0.04795187
0.05409442
0.04461344
0.05339817
0.04973129
0.04363370
0.05186436
0.05462077
0.05402672
0.04564090
0.04848274
0.04621389
0.04357648
0.04299527
0.04846725
0.04062640
0.04479497
0.04052239
0.03558800
0.03175173
0.03536506
0.03545204
0.03854374
0.03694062
0.03868126
0.03645889
0.03724316
0.03769944
0.03475968
0.03774859
0.03814297
0.04432486
0.05008908
0.04934488
0.04325867
0.03995526
0.04729578
0.05351024
0.06048023
0.05502469
0.05286859
0.04895768
0.04932640
0.05931387
0.06107089
0.07012422
0.05872172
0.06718623
0.06832300
0.05497439
0.06814720
0.07022776
0.07084037
0.06647285
0.06919066
0.07625475
0.08822253
0.07998272
0.08904549
0.09375533
0.09748098
0.10027858
0.11299973
0.09456985
0.09275758
0.10288670
0.08616637
0.13003822
0.08869579
0.07645745
0.09162837
0.06421474
0.07753862
0.09139475
0.10336627
0.10292015
0.10532261
0.11078525
0.11504088
0.10322867
0.13254572
0.11652742
0.11187663
0.13068224
0.11316796
0.10748240
0.10310946
0.09454606
0.09605583
0.10451519
0.09085982
0.11610837
0.11117991
0.13483317
0.10938600
0.13231218
0.13515416
0.14188386
0.16637807
0.17054580
0.14647742
0.15181302
0.16936411
0.16039008
0.17610693
0.18222037
0.16855757
0.16615379
0.15151668
0.16142270
0.16697948
0.19847162
0.16861202
0.16942549
0.16062333
0.18371405
0.19673295
0.20523953
0.18907292
0.19780855
0.21559191
0.17888021
0.16017579
0.17626026
0.13972031
0.18582323
0.15709744
0.19034237
0.24592333
0.27385074
0.30989197
0.28441164
0.31957164
0.30330715
0.29910848
0.30957964
0.29977974
0.29824901
0.27991155
0.24864914
0.21651047
0.27564690
0.27043584
0.26244202
0.26596329
0.25326079
0.34902674
0.34082809
0.34151581
0.31779546
0.33437100
0.32172284
0.40562212
0.38792747
0.37859800
0.36794174
0.36341462
0.41400531
0.40562597
0.43432304
0.45785746
0.36765888
0.42566857
0.41654515
0.44862321
0.43099141
0.44704509
0.45541891
0.45162115
0.42485905
0.47868589
0.46967328
0.46565732
0.48228142
0.48330161
0.44877273
0.50571948
0.55974567
0.51212841
0.55321187
0.48837692
0.59786850
0.61528999
0.62518501
0.61503839
0.51024926
0.62285608
0.58890015
0.58449960
0.66315705
0.60783660
0.54156160
0.58101815
0.64064538
0.60584944
0.65083462
0.65019280
0.65252483
0.71506512
0.64708072
0.60843128
0.64643538
0.61498165
0.60517591
0.59613538
0.60078663
0.61987770
0.65847659
0.68888688
0.62723696
0.68659878
0.70102000
0.71376252
0.68288064
0.65659523
0.64931214
0.71178782
0.71130371
0.62802905
0.68647575
0.67510039
0.71711665
0.75942963
0.71824878
0.74671084
0.73668379
0.70681381
0.75185645
0.75111914
0.73687953
0.73801339
0.74778789
0.75744730
0.75106543
0.76392579
0.74037832
0.76801902
0.76068127
0.76331913
0.76862252
0.77085674
0.74042207
0.79984593
0.80575979
0.82858008
0.82833463
0.82063329
0.81056643
0.79726774
0.81642842
0.87670261
0.85162503
0.86274070
0.86793047
0.83359897
0.86122137
0.87161052
0.87995654
0.89204961
0.88706148
0.88089472
0.88915056
0.86926150
0.87823027
0.88052058
0.89918739
0.90600151
0.90177000
0.89109075
0.93274772
0.91200733
0.92297226
0.91776794
0.92060649
0.91645426
0.91469926
0.92299145
0.92274833
0.93484688
0.92514724
0.93194228
0.90844142
0.93385911
0.93926901
0.93392318
0.94943053
0.94955635
0.93886197
0.93401152
0.93953478
0.94562358
0.95690829
0.95514619
0.94959271
0.96325749
0.95049542
0.94468623
0.94660509
0.94982380
0.94394052
0.95419055
0.94036132
0.94111365
0.94343275
0.93975854
0.95003527
0.93356198
0.94887924
0.93183655
0.91546756
0.92392236
0.92515093
0.92967314
0.93309218
0.93192941
0.89530331
0.91735339
0.92245179
0.93364686
0.93695492
0.92858946
0.94445693
0.94449979
0.91763741
0.93318987
0.91579491
0.91989022
0.92806524
0.94134885
0.93447310
0.94598603
0.93828201
0.94665390
0.95410407
0.93976390
0.94272941
0.94991434
0.95984864
0.95503813
0.96036094
0.96544838
0.95761675
0.95377916
0.95425290
0.94504237
0.95365220
0.96100026
0.96269739
0.96273780
0.94656301
0.93899292
0.95004827
0.95108718
0.95296836
0.96671027
0.97346538
0.96549815
0.96063358
0.96226645
0.95859110
0.95666564
0.95365232
0.95059097
0.95818609
0.95262843
0.94927162
0.97831464
0.96537083
0.95814991
0.94136894
0.93744105
0.94580239
0.93507487
0.95482701
0.95815074
0.95561713
0.95011401
0.95079869
0.95060647
0.94302392
0.93963063
0.95010972
0.94050050
0.94247848
0.94890076
0.95041448
0.94846308
0.95166594
0.95881093
0.96216613
0.95968121
0.95972621
0.94690931
0.94195557
0.93410939
0.93341404
0.93627578
0.91963291
0.93639868
0.94849849
0.95533019
0.94336861
0.92581356
0.95780843
0.95529097
0.95096868
0.94019020
0.94209671
0.95818931
0.94975519
0.95371181
0.94988692
0.95136654
0.96154433
0.95774359
0.95137703
0.94975227
0.96025246
0.95227689
0.95407891
0.95497996
0.95214283
0.95748878
0.96159458
0.94947201
0.94311035
0.92891234
0.94345379
0.94074130
0.94887155
0.95561010
0.95244330
0.95924520
0.96331513
0.96182781
0.96787560
0.97109491
0.97041368
0.96885556
0.96796119
0.96261543
0.97644627
0.97048306
0.97861588
0.98158145
0.98173827
0.98036665
0.97687715
0.97433555
0.97644138
0.97030973
0.97677284
0.97751254
0.97107804
0.98067117
0.97672981
0.97560436
0.97690684
0.98096234
0.97949803
0.97960508
0.97859669
0.97576606
0.98225486
0.98013133
0.98184526
0.97822273
0.97214341
0.97615701
0.97608918
0.97306764
0.97388905
0.97638321
0.97450757
0.97553283
0.97255051
0.97073144
0.97565722
0.97788709
0.98618513
0.98469108
0.97702914
0.97420031
0.96658820
0.96822369
0.97399265
0.98261017
0.98147583
0.98106945
0.98971236
0.98937511
0.99207348
0.98798114
0.99187815
0.99125731
0.99104673
0.98741490
0.98755473
0.98995727
0.99219900
0.99199283
0.98727554
0.98979974
0.98962677
0.98775870
0.99184835
0.98843026
0.99080956
0.98773009
0.98760682
0.98836285
0.99111581
0.98958558
0.99261850
0.98731416
0.99195343
0.99231875
0.99214327
0.99216181
0.99348480
0.99253368
0.99097013
0.99116522
0.99310124
0.99395281
0.99263155
0.99281245
0.99298894
0.99135172
0.99226415
0.98961383
0.99060810
0.99011070
0.98964232
0.98645324
0.98986536
0.98874950
0.98803794
0.98891604
0.98961091
0.98946172
0.99039525
0.98999155
0.99018425
0.99029303
0.99110782
0.99382389
0.99557650
0.99556643
0.99566889
0.99488813
0.99507540
0.99510008
0.99466276
0.99441791
0.99365151
0.99449569
0.99401313
0.99545825
0.99432421
0.99247724
0.99386674
0.99395931
0.99186885
0.99002212
0.98933965
0.99293596
0.99246091
0.99267006
0.99349099
0.99133837
0.99330783
0.99379104
0.99517375
0.99481165
0.99470347
0.99540150
0.99587268
0.99636263
0.99542952
0.99450004
0.99438632
0.99381602
0.99606663
0.99527389
0.99577385
0.99532759
0.99533939
0.99547207
0.99529284
0.99398535
0.99411410
0.99446905
0.99322391
0.99215382
0.99167705
0.99453968
0.99375701
0.99669337
0.99479288
0.99492526
0.99491501
0.99617368
0.99535072
0.99457526
0.99479598
0.99528909
0.99397814
0.99560708
0.99360561
0.99613899
0.99545127
0.99577951
0.99414575
0.99558419
0.99448615
0.99365163
0.99547571
0.99571049
0.99547809
0.99487174
0.99573493
0.99550432
0.99404013
0.99532431
0.99434668
0.99486142
0.99518919
0.99407613
0.99343199
0.99280095
0.99294090
0.99426240
0.99391657
0.99351877
0.99361706
0.99268335
0.99357349
0.99272412
0.99426830
0.99494249
0.99309784
0.99183345
0.99214935
0.99136883
0.98877370
0.98923188
0.98460072
0.97923422
0.97896975
0.97841257
0.96897763
0.96192592
0.97454292
0.97977507
0.96564519
0.97928602
0.98230791
0.97409749
0.98164153
0.98333228
0.98465967
0.98591149
0.98895264
0.99089581
0.99122787
0.99207121
0.99410170
0.99329889
0.99345291
0.99256283
0.99239820
0.99155492
0.99114406
0.99342763
0.99396580
0.99147707
0.99236894
0.99178910
0.99441224
0.99269730
0.99368978
0.99317217
0.99358177
0.99447542
0.99487042
0.99356329
0.99538285
0.99515766
0.99398559
0.99518073
0.99552816
0.99521279
0.99560732
0.99632663
0.99629837
0.99572194
0.99610090
0.99447685
0.99503005
0.99463791
0.99571711
0.99636286
0.99527246
0.99463379
0.99574983
0.99556750
0.99652725
0.99469721
0.99237764
0.99308276
0.99499089
0.99423718
0.99483925
0.99417651
0.99317342
0.99384391
0.99369389
0.99348348
0.99224079
0.99307209
0.99198592
0.99155653
0.99150300
0.99123353
0.99312097
0.99175769
0.99177212
0.99358690
0.99432844
0.99368459
0.99354351
0.99421680
0.99503541
0.99582964
0.99532121
0.99627656
0.99517727
0.99407417
0.99376750
0.99346763
0.99498242
0.99286276
0.99218106
0.99376148
0.99219733
0.99398959
0.99211252
0.99342257
0.99602246
0.99492407
0.99588531
0.99430841
0.99564171
0.99219245
0.99311572
0.99402833
0.99544311
0.99426961
0.99578851
0.99474865
0.99510926
0.99450433
0.99346173
0.99476492
0.99363106
0.99363047
0.99510741
0.99576205
0.99513006
0.99368954
0.99452198
0.99442047
0.99385649
0.99548656
0.99360979
0.99557483
0.99430168
0.88390595
0.75616169
0.48828673
0.27606985
0.15637237
0.14390536
0.11181468
0.14372766
0.09672181
0.11873368
0.09443945
0.08576140
0.07991996
0.06739804
0.06095373
0.06401799
0.06150654
0.05143532
0.05080390
0.04963659
0.07624869
0.05946510
0.05950450
0.05831428
0.04979298
0.06280038
0.05336982
0.04112678
0.04321417
0.03932455
0.04606136
0.03874636
0.03572013
0.03396454
0.03780420
0.04078403
0.05528666
0.05789151
0.05551904
0.06426350
0.06712308
0.07575776
0.08211854
0.07999399
0.08544061
0.31914088
0.53969920
0.67749143
0.81095409
0.78829682
0.85209644
0.84223807
0.83337867
0.84495300
0.88196731
0.89860559
0.89483917
0.91526055
0.92503238
0.93043959
0.95043319
0.97582757
0.98673987
0.99335891
0.99518460
0.99570411
0.99642229
0.99541277
0.99519181
0.99618679
0.99602711
0.99689746
0.99736005
0.99703038
0.99712080
0.99714547
0.99633020
0.99592423
0.99615341
0.99621141
0.99623042
0.99582446
0.99509698
0.99503583
0.99550807
0.99547452
0.99474066
0.99418205
0.99335277
0.99343550
0.99323696
0.99316758
0.99372876
0.99435979
0.99421847
0.99481261
0.99454606
0.99410099
0.99416441
0.99338055
0.99408746
0.99360526
0.99383694
0.99383187
0.99439466
0.99439806
0.99475163
0.99447155
0.99415755
0.99415612
0.99363822
0.99365014
0.99306929
0.99338830
0.99316096
0.99354690
0.99346244
0.99446493
0.99391186
0.99491298
0.99555725
0.99559021
0.99563807
0.99592680
0.99570483
0.99572635
0.99531400
0.99532288
0.99560779
0.99571347
0.99635810
0.99681216
0.99657214
0.99648321
0.99592221
0.99616647
0.99636334
0.99606800
0.99529946
0.99495077
0.99462378
0.99465275
0.99427658
0.99374008
0.99238867
0.99178594
0.99164820
0.99241275
0.99380302
0.99227202
0.99167949
0.99061733
0.99200881
0.99278098
0.99255157
0.99088424
0.99149585
0.99211371
0.99158210
0.99262130
0.99223959
0.99137759
0.99426597
0.99526739
0.99619091
0.99642110
0.99663758
0.99603552
0.99596500
0.99540162
0.99551129
0.99530691
0.99485213
0.99446362
0.99364543
0.99364966
0.99424464
0.99350524
0.99352360
0.99366260
0.99414319
0.99407685
0.99393409
0.99207956
0.99280012
0.99395847
0.99332219
0.99224854
0.99152452
0.99306643
0.99382848
0.99363917
0.99338299
0.99328387
0.99295568
0.99325162
0.99463046
0.99489671
0.99526536
0.99518257
0.99513113
0.99546742
0.99603027
0.99616879
0.99593818
0.99573475
0.99562645
0.99572939
0.99492103
0.99508142
0.99546534
0.99539822
0.99570495
0.99589962
0.99569368
0.99546033
0.99540246
0.99548495
0.99537802
0.99505275
0.99485755
0.99445748
0.99475974
0.99425960
0.99272859
0.99210382
0.99139470
0.99084049
0.99005848
0.99087840
0.99045944
0.98937958
0.99111736
0.99107188
0.99087524
0.99173462
0.99302673
0.99341327
0.99218678
0.99285936
0.99368519
0.99321485
0.99388534
0.99396050
0.99376100
0.99281222
0.99352103
0.99402183
0.99411798
0.99440974
0.99521220
0.99465162
0.99401009
0.98901284
0.98560482
0.97989708
0.97568345
0.97610986
0.97846437
0.95989138
0.95937192
0.95803380
0.93844104
0.94200337
0.91756523
0.89368325
0.89315480
0.90379983
0.87622130
0.89349461
0.89692688
0.86265659
0.90199846
0.91201180
0.92355365
0.93225133
0.89399844
0.90122241
0.93261296
0.92699945
0.91559440
0.89109653
0.89360994
0.91819358
0.91545463
0.89587307
0.87628710
0.91124499
0.92410392
0.91564953
0.93630713
0.91389334
0.89200521
0.87404948
0.91749239
0.94762760
0.96679986
0.97888076
0.98436940
0.98786575
0.99281514
0.99438298
0.99560475
0.99615151
0.99634558
0.99641728
0.99627483
0.99593312
0.99582052
0.99572384
0.99383932
0.99352807
0.99251151
0.99233270
0.99345100
0.99314016
0.99304032
0.99132091
0.99108267
0.99302071
0.99342763
0.99560034
0.99640143
0.99677557
0.99615318
0.99697363
0.99678338
0.99718142
0.99688691
0.99661011
0.99611509
0.99602747
0.99508518
0.99519604
0.99388796
0.99388945
0.99367911
0.99294853
0.99416345
0.99523664
0.99506122
0.99487126
0.99541891
0.99543035
0.99561286
0.99487323
0.99509579
0.99587703
0.99497521
0.99571145
0.99520564
0.99505651
0.99438113
0.99401724
0.99196988
0.99148953
0.99043310
0.98978990
0.99209106
0.98463887
0.97661871
0.96695220
0.94250154
0.93020391
0.92829227
0.92432594
0.91439456
0.87296712
0.89635223
0.89235049
0.90601796
0.89205831
0.88575161
0.86413699
0.85683155
0.85675251
0.87700534
0.85931307
0.87022924
0.84945977
0.92639196
0.96447474
0.98419768
0.98867130
0.99316251
0.99360186
0.99394083
0.99462682
0.99552310
0.99577576
0.99618727
0.99601412
0.99608326
0.99635053
0.99652439
0.99628532
0.99567753
0.99513382
0.99501652
0.99487299
0.97463340
0.91307670
0.84405267
0.63155770
0.21958411
0.07729232
0.06596730
0.02830524
0.02044044
0.02157081
0.01944474
0.01790231
0.01549319
0.01432896
0.01631952
0.01696583
0.01730113
0.01378057
0.01484155
0.01497413
0.01341545
0.01350363
0.01235993
0.01358697
0.01177294
0.01199412
0.01147653
0.01206316
0.01062730
0.01131099
0.01224710
0.01401975
0.01625714
0.01686771
0.01925818
0.11573073
0.61368608
0.91142350
0.97675109
0.98728251
0.99262506
0.99518520
0.99584562
0.99547774
0.99529207
0.99570245
0.99572122
0.99570906
0.99643087
0.99614954
0.99583697
0.99596488
0.99584430
0.99610007
0.99578154
0.99560189
0.99615675
0.99597138
0.99628651
0.99585402
0.99599034
0.99624026
0.99566901
0.99525213
0.99505359
0.99492162
0.99487334
0.99503654
0.99475890
0.99529785
0.99433243
0.99439150
0.99439383
0.99458271
0.99511272
0.99504447
0.99540663
0.99489057
0.99507266
0.99512744
0.99543339
0.99558192
0.99554080
0.99580848
0.99595523
0.99599248
0.99587846
0.99551880
0.99554968
0.99570543
0.99522531
0.99564433
0.99474019
0.99431205
0.99525177
0.99466360
0.99415636
0.99479079
0.99519050
0.99429882
0.99536371
0.99574739
0.99581593
0.99587643
0.99555343
0.99553478
0.99557436
0.99555945
0.99552059
0.99585813
0.99569988
0.99539906
0.99600309
0.99613792
0.99616724
0.99580222
0.99547416
0.99465734
0.99471223
0.99385154
0.99281365
0.99191850
0.99103218
0.99109393
0.99121583
0.99237776
0.99320716
0.99258024
0.99320650
0.99310392
0.99365246
0.99397582
0.99411666
0.99358869
0.99442506
0.99602389
0.99582040
0.99572587
0.99589431
0.99576980
0.99471068
0.99522972
0.99552035
0.99572891
0.99527609
0.99577183
0.99535841
0.99561137
0.99504894
0.99547935
0.99550676
0.99499989
0.99470890
0.99447954
0.99514943
0.99527019
0.99559140
0.99589753
0.99587256
0.99586934
0.99601376
0.99609238
0.99567020
0.99520254
0.99485505
0.99500448
0.99521577
0.99547970
0.99482721
0.99444771
0.99424124
0.99467826
0.99488270
0.99440855
0.99477381
0.99468791
0.99456221
0.99573755
0.99559647
0.99535573
0.99561703
0.99613637
0.99556750
0.99495572
0.99430591
0.99465793
0.99502027
0.99509430
0.99575609
0.99556088
0.99540812
0.99541026
0.99561727
0.99597436
0.99579078
0.99591476
0.99582016
0.99586004
0.99601138
0.99616599
0.99567407
0.99623883
0.99549770
0.99539560
0.99551868
0.99557459
0.99569404
0.99514198
0.99598640
0.99550444
0.99548531
0.99530089
0.99534672
0.99530518
0.99500895
0.99543458
0.99510646
0.99583340
0.99635613
0.99599898
0.99594516
0.99585032
0.99591905
0.99568921
0.99566191
0.99603575
0.99577761
0.99547207
0.99522674
0.99493992
0.99491787
0.99472392
0.99370617
0.99425888
0.99395305
0.99305224
0.99245656
0.99164647
0.99214268
0.99199206
0.99199921
0.98941654
0.98961264
0.98605412
0.98742944
0.98824292
0.99099803
0.98955524
0.99311090
0.99432915
0.99454689
0.99400795
0.99486637
0.99547207
0.99531847
0.99543804
0.99544972
0.99553853
0.99593949
0.99555308
0.99558228
0.99500400
0.99498886
0.99517471
0.99559373
0.99484777
0.99495077
0.99470139
0.99458849
0.99513477
0.99544001
0.99542505
0.99553692
0.99613732
0.99511164
0.99480587
0.99574226
0.99609816
0.99597293
0.99599910
0.99600923
0.99521255
0.99539065
0.99590576
0.99513489
0.99492681
0.99555945
0.99556679
0.99494851
0.99560440
0.99510008
0.99549073
0.99476898
0.99488330
0.99473166
0.99484128
0.99404895
0.99471176
0.99479914
0.99444538
0.99474841
0.99535024
0.99450880
0.99452138
0.99509418
0.99457461
0.99447918
0.99417180
0.99394858
0.99367368
0.99383956
0.99468344
0.99469525
0.99452567
0.99418795
0.99369663
0.99379927
0.99374938
0.99292612
0.99271762
0.99303705
0.99237627
0.99220943
0.99256271
0.99194020
0.99187940
0.99246854
0.99409229
0.99304706
0.99366981
0.99459922
0.99486357
0.99439740
0.99358118
0.99446470
0.99485129
0.99406308
0.99488527
0.99423885
0.99397969
0.99468035
0.99447966
0.99506420
0.99481046
0.99492776
0.99488151
0.99493033
0.99485391
0.99505287
0.99522996
0.99561715
0.99511153
0.99523747
0.99532431
0.99541652
0.99501050
0.99405318
0.99373078
0.99332798
0.99275315
0.99270880
0.99234688
0.99178714
0.99216229
0.99218243
0.99232411
0.99266911
0.99285901
0.99270368
0.99224186
0.99231428
0.99218267
0.99217659
0.99174529
0.99196386
0.99203616
0.99040926
0.98931098
0.98905945
0.99071479
0.99019659
0.98906708
0.98814654
0.98851562
0.98754591
0.98864019
0.98894429
0.98737156
0.98765332
0.98748338
0.98854792
0.98970091
0.98990285
0.98991954
0.99136621
0.99214488
0.99204808
0.99329042
0.99357742
0.99410421
0.99535757
0.99590033
0.99622923
0.99579525
0.99521732
0.99522418
0.99478441
0.99461162
0.99393207
0.99183238
0.99057966
0.99037254
0.99077940
0.99073166
0.99014246
0.98951334
0.98938519
0.99039209
0.98977846
0.99025691
0.98770905
0.98708224
0.98912537
0.98857236
0.98902076
0.98830217
0.98812568
0.98756558
0.98725629
0.98781359
0.99029201
0.99091798
0.99078768
0.99145520
0.99136692
0.99211299
0.99139917
0.99077457
0.98964149
0.98901993
0.98834103
0.98770010
0.98859233
0.98755348
0.98804039
0.98970568
0.98958695
0.99039286
0.99251008
0.99287671
0.99410820
0.99483287
0.99488670
0.99541134
0.99558431
0.99590367
0.99563897
0.99495333
0.99518740
0.99546766
0.99561477
0.99584299
0.99545610
0.99539775
0.99483067
0.99470454
0.99474031
0.99474168
0.99478614
0.99376911
0.99447930
0.99457234
0.99403447
0.99408722
0.99484301
0.99538016
0.99535888
0.99511355
0.99512380
0.99548078
0.99514586
0.99477553
0.99567884
0.99592054
0.99615943
0.99600226
0.99592042
0.99578673
0.99524647
0.99506819
0.99521327
0.99534154
0.99537683
0.99516833
