1.0000000000
0.7413878512
0.7218441802
0.7197981886
0.7342504876
0.7572712596
0.7392192225
0.7393053810
0.7248570635
0.6680757990
0.7256011475
0.7752836839
0.7448414917
0.7350526712
0.7701780944
0.7448317379
0.7425736954
0.7563547995
0.7341480075
0.7397875133
0.7205058042
0.7409893858
0.7446552697
0.7244088366
0.7329494638
0.7080933111
0.6846158551
0.7135488289
0.7029761174
0.7312333330
0.7563923958
0.7323606893
0.7415139231
0.7391247699
0.7432095509
0.7399680130
0.7414204809
0.7666593887
0.7591192448
0.7564190262
0.7293293433
0.7832009744
0.7507455903
0.7402316357
0.7604375843
0.7479809789
0.7537583742
0.7641034340
0.7348260980
0.7419467411
0.7223558059
0.7624245323
0.7480204786
0.7515463117
0.7629850484
0.7379005903
0.7361780329
0.7368980012
0.7655516711
0.7519581658
0.7599882080
0.7598047112
0.7479645655
0.7228222690
0.7370692398
0.7330544892
0.7416129988
0.7377870729
0.7634232078
0.7574136877
0.7870283913
0.7676188321
0.7602855126
0.7764836093
0.8128476911
0.7972896186
0.7795012057
0.7850787328
0.8254601984
0.8141623721
0.8279005699
0.8316772907
0.8389310653
0.8440443217
0.8506083884
0.8423561433
0.8498606087
0.8599115694
0.8376552522
0.8262028915
0.8317378612
0.8195592589
0.8362888762
0.8260404948
0.7926944057
0.8162157003
0.8260258755
0.8035345507
0.7779137669
0.7934535625
0.7755743291
0.7832605387
0.7726064323
0.7718149029
0.7453067166
0.7607413961
0.8150304714
0.8290154177
0.8253824796
0.8164970370
0.8202338539
0.7999724438
0.8086386993
0.8055588284
0.7868645633
0.7807811311
0.7910072392
0.8204156656
0.8176918914
0.8009855880
0.8177204101
0.8141887774
0.8070468705
0.7931586300
0.7541277305
0.7687809250
0.7828570908
0.8005366515
0.8145092838
0.7871015610
0.7797866673
0.7638903130
0.7478267595
0.7529709160
0.8035886363
0.7731240881
0.7870089606
0.7576875253
0.7698084303
0.8040224568
0.7827536118
0.8098854466
0.8049069222
0.8476695552
0.8430526644
0.8582188133
0.8519156067
0.8500361845
0.8470638402
0.8379654348
0.8554805816
0.8570126040
0.8452933317
0.8495207964
0.8515099003
0.8262905102
0.8448258305
0.8495563827
0.8367574327
0.8263382189
0.8265701238
0.7983397298
0.7931288571
0.7611249602
0.7689501186
0.7518477882
0.7405384607
0.7509260754
0.7167376308
0.7659755164
0.7503692643
0.7907558307
0.7477458011
0.7735990133
0.7967234929
0.8074603633
0.8267081431
0.7972634649
0.8009605317
0.8052786959
0.8090708217
0.7973776227
0.7745001007
0.8049227067
0.7656676144
0.8121007640
0.8010679696
0.8161654456
0.8100471812
0.8186887934
0.7862513993
0.7886932701
0.7955682877
0.7777852743
0.7911802939
0.7609296478
0.7671573143
0.7452601270
0.7507776614
0.7126205366
0.6954729178
0.6899155102
0.6603211963
0.6043883158
0.6209245681
0.6553243226
0.6769523990
0.6410501935
0.6955026431
0.7161016775
0.7526040348
0.7674768184
0.7718492896
0.7660951378
0.7812591511
0.8133794631
0.7718142254
0.7901488603
0.8209064274
0.7910250316
0.7974672820
0.8028825862
0.7762184188
0.7941867193
0.8041489655
0.8207589596
0.8109816063
0.7959048530
0.7775122161
0.7608558610
0.7555938692
0.7832959766
0.7791317906
0.7967951236
0.7744420044
0.7903178386
0.7965435917
0.7953210314
0.8013212272
0.8026228039
0.7961472426
0.8181829118
0.8283367524
0.8073316337
0.7895035886
0.7970339837
0.8076057203
0.7896245763
0.8170500190
0.7931192325
0.7993052492
0.7816924347
0.8106020960
0.8046672647
0.7496761262
0.7619892470
0.8050422197
0.7772241324
0.8193544937
0.8056333407
0.7808216391
0.7827321329
0.8044552502
0.8002555215
0.7723269712
0.7784088370
0.7685725685
0.7562876616
0.7805566479
0.7732268467
0.7543358354
0.7916205749
0.7736031451
0.8017509813
0.7847330853
0.7657302729
0.7912806816
0.7821421713
0.8035654639
0.8002325605
0.7544867666
0.7762991808
0.7744128198
0.7563169986
0.7455265589
0.7604979506
0.7935497392
0.7797965974
0.7694013195
0.7768691737
0.7623195704
0.7288468253
0.7545818684
0.7661990167
0.8016389914
0.7266508141
0.7445013051
0.7488617515
0.7550366503
0.7015373089
0.7388420231
0.7492357505
0.7293303501
0.7455821937
0.7538823121
0.7652887304
0.7258285356
0.7399218354
0.7480737168
0.7513391647
0.7211765129
0.7472479186
0.7433780924
0.7377130680
0.7559981602
0.7531582740
0.7466368660
0.7385033916
0.7418465493
0.7239449876
0.7498112291
0.7319339767
0.6648834087
0.6898041957
0.7398205178
0.7255380648
0.7433480730
0.7754256327
0.7305242673
0.7517129417
0.7498202004
0.7593246474
0.7598124962
0.7530262582
0.7431541438
0.7318752620
0.7436556690
0.7192121636
0.7424655953
0.7027694979
0.7055900370
0.6501106208
0.6568956508
0.7041225712
0.6741209855
0.7148737670
0.7194713290
0.7310312656
0.7223607208
0.6995432675
0.7020963385
0.7191750178
0.7129937181
0.7429440142
0.7824342717
0.8094753837
0.7987495413
0.7854791771
0.7810127335
0.8179231478
0.7943373201
0.8124912401
0.7934851648
0.7480966172
0.7991366527
0.7984486961
0.7928554667
0.7705955572
0.7917469923
0.7752559665
0.7782362216
0.7814992292
0.7910578927
0.7835536412
0.7528116482
0.7618176715
0.7966179098
0.7756941276
0.7643126336
0.7722668963
0.8000206733
0.7664813165
0.7997566499
0.8039931099
0.8007892511
0.7813925644
0.7882173443
0.7747770995
0.7839026251
0.7507166903
0.7750268584
0.7748406091
0.7778399496
0.7478207714
0.7216809093
0.7565170251
0.7956678093
0.8179716537
0.8172724249
0.8165546880
0.8407921605
0.8102532829
0.8138113185
0.8083605653
0.8194760046
0.8253574000
0.8220205805
0.8191296829
0.8291181963
0.8146321076
0.8165376959
0.8068778554
0.8213491530
0.8046704249
0.7780051049
0.8096173903
0.7882644414
0.8174180161
0.7495083257
0.7820219034
0.8033311135
0.7133637214
0.7167402374
0.7919946050
0.8233754581
0.8087930731
0.8326364834
0.8342941109
0.8306004235
0.8223010217
0.8113786026
0.7599316829
0.7988319936
0.7495343269
0.7661884291
0.7334464376
0.7316622864
0.7053668170
0.6984232373
0.7019817493
0.6881568280
0.6938498427
0.7324952420
0.7633698570
0.7891236080
0.7737731188
0.7771281115
0.7233131461
0.7586603603
0.7610943970
0.7536073929
0.7796469635
0.7629006412
0.7820371510
0.7615314039
0.7636738633
0.7760412551
0.7531618342
0.7322974652
0.7396774114
0.7064239550
0.6718732559
0.6819387101
0.7059097004
0.7212614764
0.7343905266
0.7045491059
0.7057979523
0.7143642872
0.7078594361
0.7227574261
0.7029570530
0.6766707080
0.6969760548
0.6735922079
0.6984618085
0.7044870006
0.6949242752
0.6994310655
0.6980031588
0.6931668115
0.6745715306
0.7015908170
0.7226158894
0.7152121929
0.7337076842
0.7088058414
0.7190770337
0.7256391860
0.6984669460
0.6807661837
0.6915136777
0.7054714001
0.6718058337
0.6569748269
0.6614410931
0.6466604757
0.6472765955
0.6763110627
0.7236171605
0.7404618054
0.7621246532
0.7580511711
0.7653150252
0.7592387146
0.7519228818
0.7591932814
0.7475359318
0.7792659533
0.7516779064
0.7188298344
0.7532517877
0.7613655182
0.7750115575
0.8033683422
0.7871857007
0.8097217361
0.7865010599
0.7990869202
0.8243721884
0.8256834824
0.8459751358
0.8302701712
0.8447207512
0.8487350442
0.8550530692
0.8644147543
0.8552467268
0.8548560284
0.8649393040
0.8508396956
0.8730002871
0.8511371984
0.8640885442
0.8761554655
0.8740297551
0.8451982341
0.8584462940
0.8576010541
0.8515829173
0.8739959051
0.8966782662
0.9248324133
0.9290854295
0.9803211068
0.9548925338
0.8844536180
0.8934161864
0.9319425315
0.8993573098
0.9566817614
0.9400333370
0.9556885828
0.9106085044
0.9459539220
0.9376206598
0.9373628457
0.9219261738
0.8702846120
0.8624894389
0.8754067933
0.8664405509
0.8595434570
0.8116014040
0.8382119387
0.8508186513
0.8682847856
0.8709887318
0.8446095624
0.8599303610
0.8690050308
0.8573421700
0.8638833279
0.8584060783
0.8423000106
0.8519474121
0.8527101443
0.8500062373
0.8376300768
0.8374088563
0.8184169655
0.8454894159
0.8133991531
0.8107302169
0.8211522770
0.8480645604
0.8519201400
0.8525752526
0.8591051783
0.8488730762
0.8403362704
0.8197563429
0.7972816715
0.7860961345
0.7745535030
0.7645174672
0.7789992163
0.7265018491
0.7379329113
0.7772788649
0.7616240922
0.7746077150
0.7682172648
0.7452661761
0.7702142845
0.7616498481
0.7719958071
0.7794501688
0.7960034483
0.8025895244
0.8079084829
0.7646105731
0.7731397992
0.7629116001
0.7720194037
0.7254335420
0.7466380579
0.7191465715
0.7272244666
0.7255564424
0.7090948056
0.7347477927
0.6904355806
0.7018142064
0.7002520351
0.6995797902
0.7347516536
0.7112777254
0.7228170961
0.7000106917
0.6945113756
0.7032842742
0.6865238487
0.6907352498
0.6757137873
0.7081441651
0.7180974616
0.6997968079
0.7080677860
0.7280997790
0.7150748897
0.7334383088
0.7403651201
0.7244941814
0.6726995687
0.7003179345
0.6758212040
0.6564004037
0.6941818162
0.6609615214
0.6738622522
0.6893394539
0.6787368880
0.6978443593
0.6992756403
0.7134271154
0.7483679756
0.7092722383
0.7467328524
0.7458079257
0.7238089508
0.7420405097
0.7361899026
0.7223600121
0.6957796668
0.6926287250
0.6897057557
0.6983702160
0.6863054989
0.7096693118
0.7243576955
0.7366286237
0.7315421586
0.7437556236
0.7346911592
0.7203595267
0.7410446009
0.7211355911
0.7577717934
0.7454466810
0.7339115653
0.7586113150
0.7396619075
0.7300209433
0.7232440494
0.7031249770
0.7252633307
0.7045032752
0.7090861107
0.6842790050
0.6852119314
0.6838152423
0.6651510609
0.6699282605
0.6663179763
0.6722925189
0.6709661000
0.6928363913
0.7382133567
0.7496501561
0.7886647338
0.7753347562
0.7680733028
0.7897384326
0.7502403489
0.7901001564
0.7768743668
0.7971308465
0.8257385747
0.8245847289
0.7980353000
0.8190860620
0.8166759750
0.8291441924
0.8436947977
0.8355109069
0.8387289991
0.8293555828
0.8260073087
0.8167091841
0.7948550351
0.8227979351
0.8258008820
0.8143022599
0.8183451857
0.8155619704
0.8293408169
0.8217648471
0.7911726893
0.8271761032
0.7951710740
0.8383880667
0.8129078176
0.8333287931
0.8234632108
0.8293568771
0.8227722046
0.8266250051
0.8239808859
0.8225477098
0.7919547375
0.8057515195
0.8029699996
0.7947246520
0.7942936255
0.7762321301
0.7643181350
0.7582783117
0.7612779034
0.7357492541
0.7113479840
0.6890484512
0.6896114057
0.6681675643
0.7169332634
0.6790950246
0.6894627430
0.6659184189
0.6645631674
0.7031715717
0.6771394921
0.6762363031
0.6784461519
0.6628698871
0.6167025705
0.6485825128
0.6519373135
0.6715060169
0.6949579358
0.6835517166
0.6991717317
0.6865067886
0.6851959556
0.6803501108
0.6806148062
0.6644740382
0.6830273857
0.6580701405
0.6590370696
0.6637728974
0.6591045301
0.6520991936
0.6725320109
0.6269684748
0.6777742327
0.6333291770
0.6304293809
0.6443847994
0.6479447572
0.6347678528
0.6775405365
0.6537190705
0.6905644626
0.6680857782
0.6522329461
0.6403898980
0.6662286532
0.6536923261
0.6072399222
0.6337407044
0.6447641001
0.6666068655
0.6722000554
0.6395734478
0.6228870146
0.6337452105
0.6647458663
0.6654316752
0.6535005227
0.6629435628
0.7014082555
0.7205798476
0.7310517613
0.7425857393
0.7311763033
0.7207390971
0.7410730145
0.7714643963
0.7759109934
0.7554681916
0.7282658780
0.7608800942
0.7679701718
0.7488080007
0.7552314300
0.7617712452
0.7658556216
0.7427393785
0.7837328441
0.7812516756
0.7680095883
0.7811249987
0.7733072642
0.7780498524
0.7832119283
0.7824649749
0.7583593367
0.7843766461
0.7699485272
0.7562543335
0.7813424450
0.7429434182
0.7592070862
0.7677271765
0.7677961805
0.7447866971
0.7567123852
0.7778476701
0.7744595461
0.7247565116
0.7710159763
0.7451816544
0.7788132965
0.7313568196
0.6980088108
0.7142594073
0.7257224950
0.6883318856
0.7050458290
0.6933379719
0.6916327627
0.7074365783
0.7010283377
0.6899045871
0.7026789765
0.7289574225
0.7202737335
0.7385209399
0.7615796882
0.7570088028
0.7336263675
0.7101189807
0.7321237959
0.6888515967
0.6799742479
0.6916412176
0.6903492958
0.6766370203
0.6991176685
0.6983055844
0.6863087403
0.6516397083
0.6607997121
0.6741968719
0.6748851667
0.6851647031
0.6671058563
0.6966093481
0.6711372162
0.6719009494
0.6625359520
0.6615832449
0.6606989977
0.6571577501
0.6411426376
0.6449943604
0.6267247259
0.6219885995
0.6303740962
0.6020685043
0.6073839125
0.6078146807
0.6434651668
0.6668317939
0.6612578101
0.6421340665
0.6506678097
0.6635740497
0.6368468435
0.6537152871
0.6733577959
0.6867456817
0.7026552814
0.7045254913
0.7150948052
0.6937999952
0.7042630537
0.7103731801
0.7361382603
0.7289548319
0.7090785818
0.7198238375
0.7139897558
0.7255050808
0.7342980184
0.7400719073
0.7170647343
0.7304061219
0.7316178684
0.7017217057
0.7492177872
0.7283625537
0.7577461886
0.7350023173
0.7330800488
0.7098939393
0.6942886890
0.7150504002
0.7070727839
0.6947469922
0.6612389793
0.6827080278
0.6861015306
0.6818395257
0.6844862504
0.7035610444
0.7183593633
0.6781096018
0.6806036587
0.6902805666
0.6940805537
0.6959204613
0.7050562743
0.6955193971
0.6631986412
0.6927634198
0.6918060075
0.6784115954
0.6805313355
0.6860377136
0.6828383297
0.7159491883
0.6973889185
0.7045380335
0.6930707984
0.6719859737
0.6610436347
0.7004574519
0.6788865621
0.6992532796
0.6709473775
0.6833489295
0.6710960045
0.6495038406
0.6745974554
0.6486156355
0.6535106470
0.6564597054
0.6327507477
0.6118540419
0.6280609143
0.6407315771
0.6376909890
0.6463908267
0.6318229276
0.6164144710
0.6207224114
0.6249097213
0.5718867414
0.6175883176
0.6475141382
0.6502502281
0.6692534114
0.6561368008
0.6527015262
0.6868695063
0.7120767292
0.7079489645
0.7333546264
0.7258030082
0.6821148380
0.7075717443
0.7175278858
0.7145283074
0.7019210160
0.6830100348
0.6770158518
0.7469517275
0.7419896119
0.7595409847
0.7068391943
0.6925196298
0.7351230082
0.7184721539
0.7267751571
0.6590571257
0.6920542711
0.7327238011
0.6506709430
0.7212543189
0.7164585023
0.6978458469
0.7121596492
0.7290199153
0.6927199552
0.7045087843
0.6995778729
0.6520858708
0.6946151737
0.6754228979
0.7063680961
0.7111235731
0.7419974201
0.7338230625
0.7237749506
0.7032836519
0.7069955805
0.7187012446
0.6642353060
0.6641739936
0.6847468413
0.6696466676
0.6933499747
0.6890838800
0.6751360098
0.7371743923
0.7576499758
0.7262575743
0.7001427164
0.7172513604
0.7330843013
0.7138948675
0.6965379178
0.7431368987
0.6641402255
0.6944544334
0.6496763328
0.6832701455
0.6757715930
0.6434735343
0.6441411505
0.6331452083
0.6829420394
0.6760889227
0.6522358337
0.6436886047
0.6891707344
0.6503253479
0.6734865689
0.6744680820
0.6375993520
0.6388498857
0.6629243109
0.6860415878
0.6568297614
0.6599306750
0.6305371495
0.6189549799
0.6099655441
0.6084413082
0.5869438931
0.6015726139
0.6552108979
0.6258842881
0.6443222725
0.6359088782
0.6086326910
0.6108839888
0.6283560614
0.6265275764
0.6694418276
0.6965542329
0.7114371897
0.7150875142
0.7300964056
0.7279853180
0.7179124485
0.7239148688
0.7293584669
0.7226946800
0.6888982245
0.6906142360
0.6869464447
0.7034283574
0.6976315483
0.7226230777
0.7445712352
0.7757177585
0.7896996300
0.8065407675
0.7896485726
0.7514851573
0.7781824879
0.8010941268
0.7950222780
0.8007955426
0.8000607587
0.8124945949
0.7960787457
0.7948298950
0.7936524683
0.7928951244
0.7740110037
0.7493294083
0.7329210099
0.7355919231
0.6964497779
0.6978103487
0.6848112582
0.6717600271
0.6755452251
0.6764957501
0.6961284162
0.5625444528
0.6542273033
0.6760025507
0.6857692821
0.6985946956
0.7184677709
0.6788437681
0.7291158487
0.7055491502
0.6979060328
0.6997753596
0.7392073594
0.6994213955
0.7047002041
0.6675315371
0.7089564906
0.7066749944
0.6923167396
0.6772354915
0.6675827124
0.6941506006
0.6274919809
0.6649095412
0.6845524635
0.6625733701
0.6754292383
0.6022923842
0.6279246614
0.6786986561
0.6279127768
0.6677019554
0.6760814913
0.6488456531
0.6169637122
0.6483677065
0.6552928850
0.5613693257
0.6346414914
0.6454981064
0.6670533680
0.6713865315
0.6302312134
0.6486801659
0.6358164440
0.6477936730
0.6372741469
0.5960924754
0.6331032459
0.6144510486
0.6301812655
0.6323475375
0.6153784096
0.5930441714
0.5785327458
0.5999670542
0.5808076122
0.4834530333
0.4933193138
0.4397263436
0.4573272599
0.5188954863
0.5513453987
0.5285891708
0.6011459043
0.4574597483
0.5836987123
0.6005113305
0.5840088250
0.6079484609
0.5431851405
0.5603197335
0.5102305564
0.6510284783
0.6336018246
0.5663833338
0.6499139695
0.6305332159
0.6756046730
0.6734460233
0.6355347756
0.6665200165
0.6699024955
0.6721813356
0.6668021596
0.6516840591
0.6568644390
0.6442933789
0.6217394491
0.6559082500
0.6541828241
0.6485507060
0.6624200601
0.6483700953
0.6999501170
0.7262659567
0.7255138012
0.7114987214
0.6987344055
0.7633147506
0.7323478152
0.7432801596
0.7633981540
0.7905125098
0.7618659261
0.7607945807
0.7677708887
0.7780526760
0.7624302858
0.7510025514
0.7577513343
0.7557605183
0.7716632038
0.7372993430
0.7476809220
0.7282486493
0.7538351289
0.7505870067
0.7336907338
0.7314653232
0.7526189116
0.7716668564
0.7816296376
0.7628649249
0.7819275197
0.7734377549
0.7898990038
0.8069502581
0.7836517996
0.7934209306
0.7571672362
0.7814813548
0.7590681079
0.7331056194
0.7415495302
0.7856672138
0.7800746446
0.7715260022
0.7743284701
0.7516461004
0.7431105135
0.6799557588
0.7721415630
0.7894237308
0.7779704300
0.7805923873
0.7731925554
0.7654541219
0.7331945633
0.7677981471
0.7851265887
0.7475158617
0.7364770814
0.7352205754
0.7799393502
0.7530726222
0.7752299989
0.7489435709
0.7668337910
0.7314198585
0.7353731093
0.7464693516
0.7444252748
0.7428632559
0.7312156579
0.7552324221
0.7274663362
0.7279202048
0.7173043326
0.7329417949
0.7418462557
0.7373693641
0.7336337600
0.7277401389
0.7206736981
0.7144871581
0.7358548806
0.7340559903
0.7152085038
0.7501841083
0.7656803440
0.7370130836
0.7142321171
0.6897223456
0.6971694711
0.6913294619
0.7301171937
0.7194642860
0.6833401908
0.7140340291
0.6709954996
0.6553084046
0.6611923071
0.6759009510
0.6511814414
0.6843133898
0.6614161349
0.6830892866
0.6746977031
0.6532414737
0.6527173172
0.6262105372
0.6370918008
0.6637207002
0.6460287563
0.6570947095
0.6537476235
0.6719698820
0.6612915753
0.6961851894
0.7024904949
0.7103295045
0.4678919188
0.7140961454
0.7305564216
0.7083920595
0.7606247880
0.7272572898
0.7545499540
0.7198212682
0.7157120654
0.6944060117
0.6897311586
0.7032395152
0.7105300562
0.7075528153
0.7211549872
0.7282612235
0.7213832577
0.6976675132
0.7178428695
0.7048430332
0.7573108146
0.7295749963
0.7194388303
0.7261920074
0.7353869752
0.7399013689
0.7202129931
0.7513893656
0.7669167980
0.7615533686
0.7780270993
0.7467665574
0.7831413122
0.7696338921
0.7546795615
0.7832037669
0.7855593077
0.7619266234
0.7545679523
0.7675486988
0.7606136572
0.7924801591
0.8021344307
0.7768042717
0.7755145304
0.7672286552
0.8058089659
0.7562420949
0.7846493219
0.7834427111
0.7729480284
0.7964215230
0.7567265294
0.7657470071
0.7790334341
0.7753610121
0.7327292616
0.7116387775
0.6305812297
0.7287323712
0.7128733582
0.7100586455
0.5591617884
0.6014755641
0.6011317386
0.5967908604
0.7204022094
0.6905022656
0.7511850247
0.7117693093
0.6890508107
0.7170063210
0.7134209162
0.6766524739
0.6954779516
0.6761525264
0.6755142465
0.7057691744
0.6870684105
0.6984557048
0.6838184753
0.7000181064
0.7325662506
0.7149572557
0.6686205712
0.7189674774
0.6905483967
0.6620488489
0.7028624305
0.7073090515
0.6928772124
0.6756273716
0.6780199423
0.6785770589
0.6503960068
0.6577984511
0.6260344536
0.6400827627
0.6569666280
0.6431675663
0.6492395073
0.6290935756
0.6294382006
0.6566180934
0.6258236361
0.6511906270
0.6421705988
0.6507925839
0.6508060350
0.6460304629
0.6255112940
0.6532093090
0.6685005023
0.6397279322
0.6206214585
0.6271751976
0.6475527898
0.6750805730
0.6526075457
0.6551444667
0.6514524233
0.6543331691
0.6397312243
0.6722698094
0.6492321341
0.6282515974
0.6305254778
0.6395539954
0.6356654723
0.6391898671
0.6407119245
0.6525451145
0.6206131289
0.6560999317
0.6578784512
0.6534960296
0.6478034674
0.6485061391
0.6611162151
0.6431485906
0.6371226281
0.6462632943
0.6048274869
0.6340661150
0.6382632635
0.6887625941
0.7086481809
0.6958647435
0.6662119987
0.6902304376
0.6754532583
0.6902856028
0.6701825219
0.6491888840
0.6417859271
0.6624858291
0.6520147931
0.6464113546
0.6249055975
0.6288378863
0.6217969122
0.6430459838
0.6342769042
0.6316429326
0.6454895345
0.6381290571
0.6255051194
0.6521031768
0.6553976550
0.6763967688
0.6587364740
0.6558265908
0.6716443883
0.6463819885
0.6893576307
0.6653412187
0.6834212320
0.6863532872
0.6962804643
0.6994625777
0.7102215579
0.6835365686
0.7082372853
0.6651582687
0.6765215407
0.6743452196
0.7055492541
0.7115969839
0.6895280004
0.6901349110
0.6830458521
0.7259291926
0.7008789668
0.7394221088
0.7456692471
0.7359513268
0.7196771802
0.7453375967
0.7759304425
0.7473980259
0.7428106939
0.7138394679
0.6962877447
0.6973413274
0.6968830978
0.6828512729
0.6630764682
0.6204873926
0.6072547568
0.6285348005
0.6415444435
0.5331966288
0.6144659275
0.5867783999
0.6948242772
0.6880949314
0.5569543991
0.6720994343
0.6973074579
0.7194453209
0.7703077887
0.6930195570
0.7459011631
0.7372862970
0.7016012375
0.6926362103
0.6973607023
0.6714301289
0.7216539377
0.7266881416
0.7027998918
0.7101758946
0.6964380741
0.6656581034
0.7650398725
0.7206838537
0.7260909686
0.7166116328
0.7192612680
0.7606469593
0.7839077890
0.7974349867
0.8041102537
0.8037106117
0.8211196537
0.8348402820
0.8295407371
0.8395959211
0.8126666516
0.8186569714
0.8238572556
0.8157569729
0.8276889299
0.8314331311
0.8010607580
0.7729172024
0.7792140103
0.7958756341
0.7526496729
0.7920054135
0.7198887502
0.7585036829
0.7261551948
0.7226842095
0.7080954138
0.7100575637
0.7259156132
0.7155116295
0.6714493692
0.7391788709
0.7546544712
0.7217797290
0.7551610272
0.7423630270
0.7600495205
0.7511935705
0.7069321293
0.7542587827
0.6934482328
0.7422882020
0.7452540190
0.6851257850
0.7280039444
0.7416835596
0.7430566089
0.7254855205
0.7412837047
0.6863449949
0.6896925152
0.6923609840
0.6990546650
0.6723538622
0.6564137097
0.6642258072
0.6825469089
0.6535825640
0.6528095598
0.6768662888
0.6482804165
0.6392933269
0.6696985387
0.6500420457
0.6486865563
0.6582519762
0.6961260964
0.6942874750
0.7161429101
0.7009522925
0.6991737449
0.6797251847
0.7012803532
0.7148704889
0.6758912309
0.6740043540
0.6263408436
0.6526938191
0.6705394551
0.6864745118
0.6920242462
0.6701200870
0.6880932537
0.7157428955
0.6649333445
0.7130834831
0.7235315814
0.6805665196
0.7139733541
0.7294276719
0.7048387657
0.7076583425
0.7182280270
0.7184736832
0.7202350806
0.6901800960
0.6923921801
0.6853822157
0.6724224307
0.6694511132
0.6507464721
0.6439392166
0.6977864787
0.6990184121
0.6873640912
0.7229824106
0.6835977253
0.6861262639
0.7029869041
0.6808202600
0.7319061305
0.7251626987
0.7117928879
0.7254898231
0.7332692471
0.7365502804
0.7385996467
0.7631525008
0.7638895978
0.7655443435
0.5181997006
0.6871713262
0.6903165485
0.6918479644
0.6927009164
0.6764846090
0.6751887449
0.6905800749
0.6881663348
0.6539428241
0.6889827578
0.6426794245
0.6903696678
0.7047725173
0.6849670887
0.6680752468
0.6727503963
0.6987089839
0.6571395178
0.6842842285
0.6809409710
0.6969142301
0.6073778561
0.7384466369
0.7336137759
0.7203993433
0.6985894844
0.7387690638
0.7417314751
0.7567091959
0.7863547506
0.7320206743
0.7637715679
0.7547335811
0.7720418425
0.7795930276
0.7581280643
0.7738240796
0.7264038261
0.7543106924
0.7236866321
0.7121418603
0.6956560640
0.6850714242
0.7004231634
0.7364320831
0.6893069125
0.6534742663
0.6563771541
0.6313477878
0.6039814334
0.6234133335
0.6194184657
0.6468469966
0.6632388342
0.6542498712
0.6404656197
0.6887349495
0.6720538904
0.7212649550
0.7046379312
0.6821557872
0.7253022539
0.7250384575
0.7543171112
0.6488350671
0.7503017409
0.7318945510
0.7474963428
0.7233372901
0.6648721377
0.6953637694
0.6598543812
0.6632647359
0.6660809132
0.7121568193
0.6731937726
0.6798966342
0.7322796409
0.7305235736
0.7181011530
0.6970221514
0.7022972520
0.7013436959
0.6947579220
0.7096224869
0.7182183893
0.7143525935
0.6985947433
0.7012924177
0.7127098646
0.7219375544
0.7021119910
0.6499622031
0.7013265750
0.6913735451
0.6892945772
0.6651370851
0.6808024398
0.6819620153
0.6619950862
0.6788682913
0.7191438530
0.6932415771
0.6774078141
0.6854176736
0.7272552376
0.7450784826
0.7396435947
0.7066185028
0.7112821081
0.6933877350
0.6971917096
0.6531518016
0.6917880511
0.6485760762
0.6906419949
0.6872564277
0.6988714404
0.6830682628
0.6701888573
0.6794619151
0.6712181559
0.6257847211
0.6784967465
0.6524982035
0.6031908055
0.6639807660
0.7061130283
0.6813506397
0.6519238893
0.7129878898
0.7177639519
0.7571092467
0.7441484280
0.7303361183
0.7253543719
0.7600425719
0.7467880507
0.7046565934
0.6991053769
0.7400339924
0.6842492888
0.6747621745
0.6674883647
0.7027040005
0.7075979954
0.6898550248
0.6860439975
0.6623815160
0.6934215625
0.7230366328
0.7360478867
0.7216078748
0.7654519381
0.7654854652
0.7612470594
0.8029630288
0.7817184837
0.7781039146
0.7570576561
0.7527969252
0.7638121212
0.7584366704
0.7294145237
0.7080756217
0.7033639162
0.6598585233
0.6853687058
0.6543252871
0.6557360343
0.6864853584
0.6889153394
0.7000814105
0.7406244493
0.7332381129
0.7496546892
0.7584917996
0.7215621995
0.7193835397
0.7279426411
0.6743589285
0.6749606177
0.6923644457
0.6658941896
0.7261572343
0.7008295352
0.7090391843
0.6903766464
0.6983102877
0.7104370322
0.7060907054
0.7179504986
0.7068403342
0.7166639221
0.7378920655
0.6962651676
0.7088265875
0.7099565071
0.6733498530
0.6542504139
0.6112163646
0.6552604434
0.6299412960
0.6470889524
0.6286906472
0.6356614298
0.6425555084
0.6320185740
0.6291848065
0.6595456292
0.6601209786
0.6760068111
0.6972614865
0.6763705352
0.6191887720
0.6488472847
0.6466065154
0.6277889456
0.6623146132
0.6603182120
0.6556277352
0.6807829954
0.6920450600
0.6924526729
0.7133485942
0.6970982151
0.6981039428
0.6913883331
0.5369021536
0.7918205742
0.7974198027
0.7705807588
0.7957790704
0.7757566982
0.7746100393
0.7277438622
0.7011672802
0.7181712910
0.7509925077
0.7133210744
0.7343183034
0.7490589365
0.7257742575
0.7447966124
0.7566726458
0.7447782409
0.7410017366
0.7212265229
0.6942804392
0.7318729135
0.7651121041
0.7750299522
0.7911411048
0.7583656785
0.7902371626
0.7400443989
0.7733950868
0.7590184037
0.8118063395
0.8014296348
0.8168454331
0.7816929719
0.8021576712
0.7732249569
0.7296156201
0.7576634057
0.7564164039
0.7461829763
0.7540462729
0.7365561078
0.7209053046
0.7287755466
0.7655726345
0.6266580971
0.6826770397
0.7113642152
0.7136091471
0.6914800525
0.6551693570
0.6055552894
0.5170397246
0.5577349552
0.5632828913
0.5418089625
0.4372602327
0.5287842243
0.4825831889
0.6007858725
0.6478525783
0.5613399580
0.6202367485
0.6331331081
0.0300000000
0.0300000000
0.4691185144
0.6323965848
0.0300000000
0.0300000000
0.6529705536
0.6258611501
0.5880438353
0.5866368127
0.4530494627
0.5646557582
0.6139992096
0.6108120401
0.5115153109
0.0300000000
0.4522505643
0.0300000000
0.4494907215
0.5228266672
0.6619671757
0.6456262385
0.4923425153
0.4748641433
0.6342179124
0.5798196811
0.5271605766
0.5079479394
0.6055040981
0.0300000000
0.0300000000
0.0300000000
0.0300000000
0.6349021569
0.5309204182
0.0300000000
0.0300000000
0.6004783271
0.5439209456
0.6192445226
0.6172577025
0.5562918282
0.0300000000
0.0300000000
0.5557611553
0.5406877495
0.5660908108
0.0300000000
0.5343356121
0.5510133677
0.5826114119
0.3999720153
0.5873881908
0.0300000000
0.6055189029
0.5652762711
0.4287622168
0.6282472198
0.6089648467
0.5574685255
0.6341048874
0.6692973978
0.6129064249
0.6663848287
0.5219544406
0.0300000000
0.5903033868
0.0300000000
0.0300000000
0.0300000000
0.0300000000
0.0300000000
0.5220379572
0.6044540674
0.6467665997
0.4721694361
0.5814755983
0.5408598092
0.5540518677
0.6051738127
0.6081082732
0.0300000000
0.5991034962
0.5303704811
0.0300000000
0.5689267532
0.5378451903
0.4146057092
0.6523450564
0.5798390822
0.0300000000
0.0300000000
0.6223918529
0.6929232570
0.6314024455
0.6938942072
0.6104571441
0.6413475823
0.4436805784
0.6317794759
0.6038441879
0.5608867700
0.5268782183
0.5600249685
0.5861663715
0.5910093273
0.0300000000
0.5582958497
0.0300000000
0.6524108942
0.5871279585
0.5780541156
0.6026662096
0.6585477659
0.5975352656
0.6027104889
0.6215238387
0.5983005283
0.4809044519
0.6359355047
0.6352502498
0.6074499025
0.6163509335
0.4951284833
0.5681029995
0.0300000000
0.4745700012
0.4673462285
0.5689490198
0.6258914120
0.0300000000
0.4908034882
0.5475998041
0.5212619224
0.5824706508
0.5988191348
0.5952943711
0.5668659678
0.5332926317
0.6118500012
0.5590759572
0.5095497384
0.5256282251
0.0300000000
0.5279964448
0.6079469380
0.6129213584
0.6071239394
0.5072491628
0.6483652560
0.6374964665
0.6280313163
0.5376555255
0.5211485523
0.5412510195
0.5188354665
0.5793203179
0.4337116675
0.5275913405
0.3699224683
0.5324261605
0.4052605525
0.5565971776
0.4482920907
0.5119974473
0.6119735707
0.0300000000
0.5237760700
0.5622000805
0.5352744640
0.6183562173
0.5580302940
0.5550118050
0.5717028807
0.5722202710
0.0300000000
0.5280079337
0.6138551770
0.6293510673
0.5635909108
0.5269485251
0.6261337808
0.6734740655
0.4958961587
0.4148986822
0.5584067206
0.6071148417
0.0300000000
0.6324647071
0.6399190855
0.6478028655
0.6237189484
0.5902112907
0.6328342415
0.5844851754
0.6100512014
0.6031851600
0.5574700301
0.5400157775
0.5751566766
0.6055162414
0.6221961610
0.4885248077
0.5563270628
0.5144823532
0.4994325056
0.4142430553
0.5357148033
0.5672914780
0.5323618232
0.5389903126
0.0300000000
0.5587389527
0.5276151555
0.4764136539
0.5771071710
0.5658236349
0.5336406240
0.5770526685
0.5981369244
0.5735825936
0.5926179539
0.4802846023
0.4448551328
0.5215047328
0.6203885045
0.6208491523
0.5691181860
0.5940433693
0.6462837231
0.6456745641
0.5561508065
0.6370065035
0.5968200459
0.6648166518
0.5885178308
0.6263705105
0.6238455401
0.6375509543
0.6318160322
0.6272469680
0.6333597547
0.6193341671
0.7132604239
0.6642486343
0.6664870601
0.6228623632
0.5856694337
0.5880060869
0.6629659305
0.5972050626
0.6560301408
0.6729688066
0.6639969485
0.6351408764
0.6745872671
0.6342097038
0.6811347016
0.6631092808
0.7199961073
0.6544844356
0.6056636541
0.6584480432
0.6732552533
0.6801542690
0.6565874321
0.6536816395
0.5981073399
0.5886429850
0.5647030275
0.6119442253
0.6161042739
0.6189283575
0.6394312080
0.6041151390
0.6074235907
0.5821100509
0.5790121001
0.5550269803
0.5030186629
0.5688148424
0.5917922156
0.6045944799
0.6248727634
0.5673686646
0.6135389329
0.6085561877
0.5664924442
0.5640601779
0.5603980462
0.5777016995
0.4308926599
0.5286168135
0.5347192611
0.5257838545
0.5763011493
0.5407872551
0.5970524276
0.5990482201
0.5766426544
0.5284091253
0.5149463811
0.5133443662
0.5561409556
0.0300000000
0.0300000000
0.5648602442
0.5655853453
0.5315398262
0.5051755440
0.5447268026
0.5178120092
0.4423629644
0.6056105237
0.5706572556
0.5591299140
0.4455486512
0.6698037628
0.6831277556
0.6597158040
0.6591523461
0.6646578773
0.6806121960
0.6828817996
0.6798511107
0.6770131544
0.6738707003
0.6664723682
0.6858174477
0.6675142055
0.6855493044
0.6543425093
0.6473180588
0.6204753858
0.6535820270
0.6311511961
0.6466074347
0.6308822210
0.6096964097
0.6563835517
0.6635408211
0.6512268407
0.6095741689
0.6746566999
0.6509329085
0.6248694686
0.6638259323
0.6618155784
0.6839424370
0.6972544436
0.6741282732
0.6764499552
0.6791875520
0.6929715057
0.6586311678
0.6988521035
0.6888845762
0.4874303357
0.6715421333
0.6538247545
0.6124934064
0.6782824388
0.6592011459
0.6637291885
0.6745717401
0.6582549059
0.6707749382
0.6718242984
0.6628769986
0.6652914697
0.5896705540
0.6832880623
0.6655561535
0.6639619177
0.6693176788
0.6530380103
0.6680654589
0.6483275338
0.6465045006
0.6676731786
0.6414315753
0.6301299212
0.6315026525
0.6206366629
0.6126571950
0.6001389693
0.6309802107
0.6141733982
0.5983215440
0.6004061212
0.6278497622
0.6405005954
0.6024792683
0.6199319280
0.6417836940
0.6615910086
0.6404929606
0.6365114657
0.6510719418
0.6580661695
0.6345398826
0.5729324925
0.6249396985
0.6543124320
0.6532582188
0.6474578722
0.6401270291
0.6392822387
0.6342904461
0.6328894288
0.6392695409
0.5994610298
0.6275008282
0.6549465673
0.6187094069
0.6506837967
0.6396182708
0.6771543791
0.6907442872
0.7394676770
0.7602522924
0.7717727105
0.7743899043
0.7806826309
0.7703557994
0.7592798630
0.7664674549
0.7727547714
0.7713581557
0.7757358357
0.7702565018
0.7680032426
0.7731524736
0.7771502587
0.7492903140
0.7527841363
0.6995629943
0.7414885766
0.7505340660
0.7234232873
0.7299849153
0.7465421276
0.7465131044
0.7482920289
0.7485972065
0.7872231529
0.7662121453
0.7757609760
0.7421763703
0.7646090587
0.7457977704
0.7328732804
0.7414001964
0.7195983130
0.7405865974
0.7386328823
0.7416322577
0.7404045972
0.7683798522
0.7696399021
0.7806610710
0.7590896488
0.7443329433
0.7381301694
0.7386689464
0.7358107079
0.7366579446
0.7359612481
0.7505459948
0.7447534957
0.7731571141
0.7753093518
0.7664535287
0.7627277013
0.7671702212
0.7525596804
0.7390865463
0.7331743804
0.7663860980
0.7394104855
0.7458830020
0.7290762613
0.7182245963
0.7529736333
0.7339235639
0.7308134344
0.7063084474
0.7253592194
0.7375919353
0.7086686227
0.7132917862
0.6918716772
0.6453388089
0.6935661364
0.6982005276
0.7028681209
0.6708368976
0.6712705019
0.6606740344
0.6695023065
0.7068517152
0.7053869750
0.7581687525
0.7131503042
0.7330563850
0.7566614473
0.7722096608
0.7589015812
0.7487935785
0.7304049161
0.7445779849
0.7524719982
0.7291479002
0.7095523390
0.7163587694
0.7364225086
0.7489777379
0.7561123821
0.7559132483
0.7648427629
0.7554059189
0.7765034031
0.7663448116
0.7736498184
0.7639006358
0.7834997642
0.7493241620
0.7240435071
0.7461461796
0.7345497336
0.7082260758
0.7114819740
0.6992863237
0.7043961046
0.7249278213
0.7314035247
0.7405902611
0.7029087794
0.6859234191
0.7437415829
0.7351498682
0.7422769259
0.7517363078
0.7347276634
0.7478396315
0.7691658787
0.7326006402
0.7292287429
0.7152027146
0.7467893633
0.7537556977
0.6725723812
0.7161790874
0.6867622792
0.7879088785
0.7484041184
0.7753025914
0.7588138097
0.7602467325
0.7549340044
0.7480238711
0.7323382767
0.7163651377
0.7294710753
0.7368365574
0.7485653088
0.7383077998
0.7497771578
0.7118193828
0.7167086835
0.6994657885
0.7124967842
0.6912320015
0.7089193566
0.7326564986
0.7059150564
0.6921719381
0.6816011474
0.7334436739
0.7475822281
0.7554094141
0.7489687101
0.7199931035
0.7536693522
0.7419437520
0.7256470493
0.7644715623
0.7373421909
0.7788198396
0.7702583282
0.7789376205
0.7748512547
0.7877406067
0.7921707383
0.7797029361
0.7892034761
0.8113897621
0.8198654890
0.8219569803
0.8295890979
0.8230883160
0.8254809700
0.8259666770
0.8399825668
0.8254373024
0.8050412063
0.8175782705
0.8061900039
0.7616420158
0.7935089341
0.7829406795
0.7696134774
0.7611546594
0.7721478405
0.7881684937
0.7824599875
0.7791585322
0.7972371888
0.7840941663
0.7982596551
0.7964256354
0.7877180592
0.7697081744
0.7603020117
0.7530631636
0.7494020363
0.7747511158
0.7909138026
0.7452254311
0.7310932597
0.7031403866
0.6907107952
0.7166430927
0.7461159178
0.7257576376
0.7429983631
0.7780803075
0.7605677273
0.7560950779
0.7886885251
0.7504337519
0.7522813200
0.7505317265
0.7579631720
0.7759914723
0.7777301050
0.7627893256
0.7574854323
0.7580514685
0.7562271072
0.7469725560
0.7356092240
0.7048785684
0.7051332014
0.6840957689
0.7147390113
0.7083289215
0.7366472270
0.7380490838
0.7235340027
0.6851460155
0.6572142596
0.6660657978
0.5652929732
0.4565889871
0.6908456542
0.6794394946
0.6397559574
0.6958814372
0.6801693803
0.6107952357
0.0300000000
0.6007158175
0.6325928882
0.6334528150
0.5579074255
0.6607519742
0.6953801246
0.6484516503
0.5903723874
0.5287153605
0.4924036379
0.5760233203
0.6352294620
0.4618610614
0.6990262021
0.6318255901
0.6765508869
0.0300000000
0.5888168721
0.6128220396
0.5107070567
0.0300000000
0.6368010471
0.6314154962
0.4703017108
0.4831215671
0.6765995627
0.6576446012
0.6331840132
0.5606712897
0.5680858240
0.6558661245
0.6000817455
0.6567318883
0.6625080182
0.7140815165
0.5997416668
0.5086837994
0.5882778660
0.5831579941
0.6467112638
0.6179224317
0.6315605814
0.6234675284
0.7085504416
0.6061921865
0.5354764941
0.4723062448
0.6461045763
0.6577757891
0.6440154702
0.6443953645
0.6627403221
0.6133789501
0.6198646031
0.6565145410
0.6692903202
0.0300000000
0.0300000000
0.6382664084
0.6230934087
0.5517413788
0.5151253728
0.0300000000
0.4768554072
0.0300000000
0.5776793530
0.0300000000
0.5999163978
0.5614271330
0.5534976647
0.6270336983
0.0300000000
0.0300000000
0.6139314645
0.0300000000
0.5238245860
0.0300000000
0.6416637043
0.6512060194
0.5410012065
0.5914659303
0.3893646106
0.6431579132
0.5519636057
0.5357638588
0.6399391400
0.0300000000
0.5238839050
0.6349227698
0.0300000000
0.0300000000
0.5568475633
0.5433039228
0.4620487593
0.0300000000
0.5468413912
0.5479981688
0.5132806797
0.0300000000
0.6469656307
0.7402396196
0.7132748728
0.7389579495
0.7479137198
0.7175912771
0.7111855903
0.7318356424
0.7030266550
0.6985592032
0.6613062868
0.6463419166
0.7196799884
0.7322091614
0.7486529384
0.7028542769
0.6649184999
0.7160085249
0.6862514075
0.7074722915
0.6997570870
0.7055102555
0.6889290491
0.6764710974
0.7195745111
0.6893757088
0.7026738058
0.6561115468
0.6512102779
0.6838261413
0.6900166040
0.6960652744
0.6917972010
0.7064076750
0.6676571554
0.6747138930
0.6774673059
0.7362433787
0.7163671034
0.7604822032
0.7443717484
0.7184009172
0.7375389019
0.6980078853
0.6782533963
0.7131952138
0.7029990003
0.6996739509
0.7033244678
0.6903435577
0.6955915241
0.6905933856
0.6989373839
0.6802745270
0.6267363962
0.6820000993
0.6757682510
0.6874454705
0.6628595831
0.6475213931
0.6804387659
0.7251550664
0.6912292854
0.7098671762
0.6520398110
0.7362307783
0.7193653235
0.7773338083
0.7684546580
0.7796529534
0.7896982957
0.8066952858
0.7849462231
0.7944698262
0.7495576616
0.7781988930
0.7930508294
0.7772626022
0.8027249079
0.8088350911
0.8135819834
0.8297890920
0.8271906676
0.8383985736
0.8286595301
0.8410326661
0.8574028140
0.8492237135
0.8546737918
0.8588591880
0.8435541575
0.8650964158
0.8559622116
0.8569692525
0.8461487249
0.8582840103
0.8656434501
0.8525996603
0.8547718442
0.8512181767
0.8246840300
0.8106974736
0.8127964672
0.8015136094
0.7771458938
0.7466482313
0.7616039536
0.7397787589
0.7882629725
0.8013394160
0.8049260691
0.7794563057
0.7695112658
0.8024575767
0.7982025100
0.7714366639
0.7827119556
0.7342046921
0.7698198214
0.7585388813
0.7617951043
0.7505811155
0.7836249892
0.7706573812
0.7260843656
0.7263639402
0.7131026381
0.7448247923
0.7467730866
0.7291086719
0.7064402410
0.7305373500
0.7504006230
0.7536116374
0.7245331178
0.6931010814
0.6973800672
0.7318974547
0.7144404229
0.7082738443
0.7197927290
0.7242746842
0.7324165199
0.7485223452
0.7389923287
0.7133703772
0.7342722271
0.7340823628
0.7089424226
0.7149338070
0.7257649097
0.7331096007
0.7098228942
0.7257432285
0.7050990995
0.7243003686
0.6971382750
0.7212472984
0.6960220379
0.6772545076
0.6911806625
0.6660548311
0.6858272269
0.7124635476
0.6971312830
0.6825105718
0.7212091764
0.6834203107
0.7071064161
0.7079011215
0.7217815684
0.7047520823
0.7097929395
0.7339125394
0.7160145205
0.7000185522
0.7156877152
0.7272109651
0.6977530736
0.7117827731
0.7232115092
0.7052719912
0.7023665609
0.6972157661
0.6873405712
0.6435272910
0.6552256147
0.6481380039
0.6817511618
0.6626396113
0.6672423708
0.6832190123
0.6684898991
0.6402847788
0.6438939784
0.6054536716
0.6535415441
0.6832671652
0.6837600426
0.5619238825
0.6868836125
0.6482232398
0.6872293207
0.6931286786
0.7175810317
0.7049533328
0.6913361357
0.6676858893
0.6951994709
0.6780008350
0.7433102464
0.7343042618
0.7314366496
0.7503330310
0.7376622097
0.7128587960
0.7208797745
0.7452454625
0.6879329118
0.7168655202
0.7681828323
0.7310021760
0.7502472395
0.6969975905
0.7552119983
0.7452675312
0.7591409266
0.7224080128
0.7197226035
0.7403645993
0.7311583184
0.7397243568
0.7754683280
0.7673147772
0.7452863301
0.7516274368
0.7400161722
0.7477123181
0.7193199835
0.6976319542
0.7498626636
0.7576450585
0.7535174879
0.7414514854
0.7371853353
0.7161100923
0.6828270090
0.6998423293
0.7250139057
0.7233155725
0.7639210907
0.7449099857
0.7385385161
0.7319325626
0.7446743196
0.7388046510
0.7034450019
0.7391325981
0.7377060175
0.7147576563
0.7231463693
0.7152380757
0.7319317353
0.7142417184
0.7101382699
0.7173216873
0.7093354075
0.7153607037
0.7217703789
0.6966936687
0.6871731467
0.6940440036
0.6796185049
0.6777873253
0.6991897535
0.6905386230
0.6740946244
0.7132601024
0.6711210216
0.6700770201
0.6768052636
0.6497605297
0.6431421700
0.6124488749
0.6653820414
0.6630337630
0.6916156411
0.6547785277
0.6260975655
0.6537141659
0.6775979131
0.6811173724
0.6626454795
0.6979244052
0.7087040622
0.6741524140
0.6586879506
0.6953475277
0.6916080990
0.6562915950
0.6689552291
0.7084610067
0.7094492365
0.7201351527
0.7527405889
0.7475299746
0.7214999259
0.7089350904
0.7436004231
0.7539156144
0.7455858864
0.7610484977
0.7421395443
0.7327240498
0.7067718365
0.7215141236
0.7299767345
0.7308624449
0.7522934428
0.7404999271
0.7443799727
0.7390556401
0.7541274631
0.7558528323
0.7517039096
0.7463163548
0.7560513199
0.7354612752
0.7347493651
0.7756722746
0.7725629274
0.8155119607
0.8099012190
0.8025000450
0.8268411400
0.8412333260
0.8156741693
0.8331766004
0.8181195053
0.8063357737
0.7550203921
0.7421252061
0.7269099155
0.7337022117
0.6972078481
0.7181434801
0.7296095182
0.8200641892
0.7464524432
0.7651660291
0.7637036622
0.7636991156
0.7537988666
0.7587518773
0.7318826980
0.7596299752
0.7598262203
0.7130534216
0.7341514567
0.7685708962
0.7597560166
0.7613027765
0.7765210187
0.8211436940
0.7483469858
0.7673893774
0.7704119116
0.7754683917
0.7607323022
0.7666253261
0.7846812398
0.7627405265
0.7438319610
0.7422139424
0.7122850135
0.7071333977
0.7147482843
0.7072272963
0.6821461086
0.7051498166
0.6921082908
0.7062617406
0.6830084527
0.6730648776
0.7034642691
0.6717251516
0.6698065100
0.6534371436
0.6506296614
0.6318659275
0.6325827586
0.6458761348
0.6536385758
0.6627475653
0.6724634789
0.6647806170
0.6592089523
0.6762774548
0.6792779029
0.6999654887
0.6852337235
0.6867490734
0.6738389822
0.7145194500
0.6562758123
0.6531060937
0.6394322443
0.6331362184
0.6572569290
0.6688262395
0.6933709999
0.6693422954
0.7061631573
0.7135643432
0.6858244489
0.7056753301
0.7157988298
0.7154493727
0.7067095373
0.7103240441
0.7014575027
0.6811391502
0.6814494764
0.7260669809
0.7257174034
0.7281321546
0.7259838297
0.6837756360
0.7449471640
0.7310428670
0.7223975827
0.7595416231
0.7117141718
0.7281294055
0.7267125343
0.7148857891
0.7408874509
0.7147117276
0.7011549242
0.7116520307
0.6856704575
0.6954729496
0.7067836294
0.6921296288
0.6383636526
0.6970969344
0.7109378364
0.6927298439
0.6778072525
0.6693162460
0.6870928608
0.6638356829
0.6541236566
0.6676470572
0.6530859241
0.6535310933
0.6391201718
0.6633747086
0.6744507645
0.6427211512
0.6721237855
0.6796783449
0.6514081957
0.6693464477
0.6745622283
0.6379613541
0.6424491277
0.6446701753
0.6190300507
0.6447840729
0.6885138841
0.6267706774
0.6655161845
0.6295850845
0.6316401137
0.6341667020
0.6157390054
0.5915191432
0.6287210419
0.6053043105
0.5934127730
0.5761737485
0.5668300095
0.5916479264
0.6026213053
0.5964129011
0.5816270857
0.5809849963
0.6444726494
0.6627055322
0.6690739095
0.6647595141
0.6763251258
0.6630940609
0.7202289315
0.7182729361
0.7065921155
0.7089899598
0.7149388487
0.7298237848
0.7285385544
0.7434939993
0.7261223022
0.7459310991
0.7483524172
0.6888273124
0.7566393041
0.7543700752
0.7417467309
0.7426214458
0.7493308001
0.7555060867
0.7630203614
0.7553864819
0.7749226684
0.7451589665
0.7544002924
0.7735007334
0.7669610122
0.7769937444
0.7438128006
0.7501728616
0.7822296781
0.7801736061
0.7711096006
0.7733653666
0.7892943657
0.7574781306
0.7574288257
0.8102275453
0.7632766215
0.7965977789
0.7319847554
0.7777523144
0.7564906496
0.7545201872
0.7676974904
0.7678476846
0.7800571408
0.7418700893
0.7859104708
0.7735239157
0.6942694722
0.7512557504
0.7186437662
0.7314808930
0.7538267830
0.7210105914
0.6734481628
0.7092084800
0.7026789352
0.7027105438
0.6838068405
0.6627872554
0.6312941602
0.6451755065
0.6042104027
0.6256599211
0.6218438158
0.6195510325
0.6270785274
0.6149222277
0.5653723847
0.6015972033
0.6522311782
0.6458711874
0.6617293304
0.6781746835
0.7015701984
0.6788355013
0.6675807558
0.6649707209
0.6868163685
0.6618678435
0.6807585237
0.6686529952
0.6919318499
0.6809419621
0.7066406092
0.7010158159
0.6854274656
0.6782210161
0.6504472272
0.6584018300
0.6907227206
0.6475385905
0.6594696003
0.6729205039
0.6856170858
0.6832614581
0.7079183314
0.7505744340
0.7454915309
0.7359757178
0.7815767617
0.8095215383
0.7993870971
0.7986930666
0.7918705336
0.7775511169
0.7657837197
0.7899138848
0.7865668705
0.7802918626
0.7803169215
0.7890998155
0.7733177876
0.7772519012
0.8025897756
0.7639028569
0.7708294426
0.7438492005
0.7742968944
0.7870168590
0.7735288909
0.7877991245
0.7867780741
0.7402178917
0.7642676069
0.7546430561
0.7892563285
0.7954464183
0.7932720241
0.8011280817
0.7754118847
0.7961790793
0.7965032055
0.8022679900
0.8117935271
0.7698233658
0.7985623834
0.7978443195
0.7744192963
0.7734378052
0.7640125209
0.7619876748
0.7488597411
0.7649797496
0.7759758948
0.6974009211
0.8194154704
0.8145778731
0.8396144896
0.8338742582
0.8466940235
0.8543933073
0.8555262879
0.8224406434
0.8453844796
0.8392447756
0.8362121523
0.8279341470
0.7997097969
0.8106964981
0.7946031646
0.7787121972
0.8046248356
0.7776044184
0.7860986257
0.6585884418
0.7448010427
0.7529983831
0.6767072184
0.7750604459
0.7942349839
0.8144034754
0.8052657109
0.7960754149
0.8319372493
0.7546429440
0.7388033322
0.7616888279
0.7415145675
0.7197804460
0.7132263427
0.6772065598
0.7046311047
0.7272468610
0.7136898819
0.7334468136
0.7575112628
0.7767585949
0.7795166785
0.7760884171
0.7741377537
0.7188516928
0.7585754327
0.7371397692
0.7703034496
0.7013743040
0.7271838703
0.7010711070
0.6914782249
0.6843352130
0.4967147580
0.7093027850
0.7099005028
0.6942884833
0.6482213521
0.6650423330
0.6830194844
0.6970557977
0.6789876650
0.6863090767
0.6610274551
0.6741012391
0.6689824876
0.6704922168
0.6517582415
0.6342224969
0.6484863191
0.6662664620
0.6556704979
0.6747282920
0.6636319449
0.6338440917
0.6109685351
0.6824949630
0.6599042017
0.6725840281
0.6808811441
0.6664138302
0.6209096997
0.6471768701
0.6297690405
0.6357351772
0.6214702763
0.6374321357
0.6566132736
0.7180647390
0.7087399433
0.7281286973
0.7363257697
0.6878547504
0.7325306106
0.7114443332
0.6945269475
0.7087544576
0.7055941633
0.7308004163
0.7358452569
0.7373142470
0.7500605671
0.7318247903
0.7515101146
0.7778495728
0.7949540750
0.8280960313
0.8324393962
0.8433852452
0.8365293726
0.8429615443
0.8359784705
0.8558633893
0.8335806708
0.8457122065
0.8266073923
0.8363009288
0.8459539466
0.8228912604
0.8477383639
0.8290722150
0.8108420660
0.8381024408
0.8375127430
0.8446961712
0.8326341474
0.8397575555
0.8450329618
0.8442993607
0.5113170934
0.8325233075
0.8450301146
0.8310366064
0.7934977131
0.7291009545
0.7959737186
0.8342047964
0.8407009821
0.8393802800
0.8343900566
0.8526461398
0.8256248927
0.8337846708
0.7896978500
0.8383445876
0.8001951498
0.8167763895
0.7555279828
0.7823552394
0.7583665035
0.7414758742
0.7490092298
0.7146927673
0.7524419264
0.7465652674
0.7473660232
0.7527271421
0.7421077211
0.7550945363
0.7641331122
0.7728058649
0.7649269330
0.7571236400
0.7318076411
0.7320929300
0.7515540786
0.7321966629
0.7320165696
0.6997729654
0.7042060209
0.6975533772
0.7222766111
0.6604096769
0.6999576177
0.6868320440
0.6854838255
0.6413114988
0.6915621455
0.6885577865
0.6847383112
0.6966434622
0.6882325238
0.6779618735
0.6837360466
0.7187691475
0.6605522073
0.6959723259
0.6888601870
0.7087123183
0.7196722696
0.7258315397
0.7002766309
0.6608505211
0.6833275067
0.6768476736
0.4365909213
0.6919429052
0.6761200508
0.6930258877
0.6943474276
0.7146698431
0.6954726948
0.6650993034
0.6938357313
0.5388713550
0.0300000000
0.4618076672
0.0300000000
0.5698564649
0.5184648702
0.0300000000
0.0300000000
0.5342183450
0.6427404494
0.5539645437
0.4525503426
0.5466739757
0.5276266541
0.5575966568
0.6306563681
0.0300000000
0.6298499296
0.5672139705
0.5638956809
0.6277380579
0.6312247850
0.4835775007
0.5366640384
0.4419022851
0.6066706280
0.4785441938
0.4810237837
0.5265393109
0.4857727655
0.5772958630
0.5790078182
0.0300000000
0.0300000000
0.4867159583
0.5899105952
0.5616166838
0.5438255880
0.5947620001
0.5824458996
0.5314280169
0.6621201444
0.5643649729
0.5863396454
0.0300000000
0.5780060179
0.6385164336
0.6055789876
0.5338127950
0.5342919790
0.4868291673
0.5803897057
0.5892826879
0.6230025658
0.6062541138
0.5195014812
0.5362876191
0.6622153178
0.6385678762
0.5808609102
0.4939398131
0.6756302346
0.6259706288
0.5851381550
0.5450358178
0.6102340092
0.6045419243
0.6353924658
0.6063508312
0.5487899022
0.5596284612
0.6618799865
0.5545915810
0.6775545743
0.7091353710
0.6931818443
0.6605059375
0.6196363401
0.6366652389
0.6095249662
0.6213371043
0.4207083685
0.5834354086
0.5555355130
0.6633344875
0.6608027054
0.6734812730
0.6440473595
0.6703649795
0.6518937904
0.5732920263
0.6366556358
0.6364823333
0.6068658839
0.6396038117
0.6573376741
0.6837131659
0.6618745281
0.6529498118
0.6651453176
0.6619294012
0.6747748356
0.6760401836
0.6483635561
0.6537468513
0.6223675788
0.6540939476
0.6506593573
0.6558352875
0.6580331398
0.6567162772
0.6583017975
0.6194991828
0.6586613092
0.6353207658
0.6499795958
0.6392646460
0.6583621104
0.6831506039
0.6797524922
0.6528930377
0.6256112943
0.6527574987
0.6400741899
0.6471718859
0.6973953457
0.6257694060
0.6683190504
0.6639225181
0.6261680180
0.6691062679
0.6791855263
0.6769149325
0.6999558300
0.7453251708
0.7523175762
0.7414641213
0.6966600219
0.6717291029
0.6145693614
0.6286614568
0.6953548728
0.0300000000
0.5730685165
0.6050115168
0.6071965585
0.5667832916
0.5441077511
0.5893495473
0.6400632671
0.6201316851
0.6248038553
0.6346665965
0.6318612823
0.5610971892
0.6184067507
0.5702549086
0.6311585098
0.5662337417
0.6079425986
0.5099013671
0.6010757232
0.7315140587
0.6977397421
0.7159905810
0.7327593921
0.7214734151
0.7365451209
0.6767730741
0.6803294583
0.7110618639
0.7401360375
0.7149910432
0.7607733925
0.7395808797
0.7228198568
0.7677965639
0.7431600311
0.7098603143
0.6916489042
0.6927233413
0.6671124387
0.6870661067
0.6835989277
0.6972679760
0.6887075801
0.6755138931
0.6508435859
0.6690176678
0.6469072023
0.6661075604
0.6978261163
0.7074888638
0.7050678886
0.6940623137
0.6691379004
0.6590650756
0.6719102467
0.6591870680
0.6383405021
0.6231999524
0.6218131250
0.5723847394
0.6154265600
0.6029511437
0.6182585573
0.6677981173
0.6637334474
0.6659472468
0.6126591867
0.6594864830
0.6770028794
0.6911804888
0.7175841459
0.7191232575
0.7310232704
0.7216510002
0.7063607007
0.7148533361
0.7245239975
0.7321728437
0.7186466958
0.7361174137
0.7181444233
0.7379017118
0.7113088404
0.7056147029
0.7198550722
0.6914930929
0.6743046257
0.6459487962
0.6643650261
0.6729273271
0.6731192236
0.6398591129
0.6632492709
0.6806227617
0.6961743839
0.6788996349
0.6369277482
0.7060539808
0.7030230183
0.7279588367
0.7050208471
0.7159282930
0.7123813292
0.7071294744
0.6943883576
0.7056008085
0.6949760999
0.6951965989
0.6647330359
0.6932136968
0.6880222134
0.6571330168
0.6483976516
0.6605670752
0.6657535924
0.6803521955
0.6583053215
0.6418191465
0.6738859095
0.6642524352
0.6235371957
0.6110731743
0.6480777698
0.6752115172
0.6803492218
0.6324965688
0.6563014670
0.6643978847
0.6826838583
0.6693555763
0.6773494059
0.6922654706
0.6820628859
0.6509972043
0.6675941833
0.6695127439
0.6677873401
0.6903750177
0.7362408551
0.7034062292
0.7204880183
0.7425262720
0.7040582284
0.7140253717
0.7214767747
0.7232642283
0.7020606049
0.6832543820
0.7073723523
0.6947865648
0.6879304848
0.6828990861
0.6182277323
0.6417773417
0.6554881475
0.5952808127
0.6365244726
0.7036156281
0.7400887508
0.6991730337
0.6911718247
0.7329628984
0.7301739042
0.7344560443
0.7064630531
0.7265714804
0.7557770211
0.7725888903
0.7862390384
0.7572082086
0.8042645783
0.7730145662
0.7712246188
0.8109101467
0.8337035581
0.8542903748
0.8487662797
0.8540271323
0.8518748258
0.8506024119
0.8566376183
0.8447936700
0.8569279622
0.8440218670
0.8511842914
0.8515440663
0.8417837248
0.8537660456
0.8487051970
0.8530092828
0.8172284338
0.8513785042
0.8457380398
0.8076879547
0.8446094566
0.8318212757
0.8260287119
0.8151232674
0.8500187310
0.8465948060
0.8272416853
0.8059142920
0.8075659026
0.7813615258
0.8167766454
0.7715601329
0.7738646383
0.7686015488
0.7377483950
0.7753272366
0.7292205647
0.7523808624
0.7149045952
0.7337510668
0.7313138484
0.7184906603
0.7058910702
0.6904042925
0.6105886528
0.6484146010
0.6075348766
0.6294511816
0.6467404228
0.6396187788
0.6598748050
0.6380178009
0.6725610481
0.6606810050
0.6742196417
0.6927396329
0.6644815770
0.6699630801
0.6359003531
0.6963543174
0.6595139783
0.6551824446
0.6825640677
0.6604153196
0.6346548099
0.6476920908
0.6517461061
0.6700868820
0.6331536700
0.6741424587
0.6777983753
0.6317369741
0.6711931791
0.6615174957
0.6906172545
0.6411866418
0.6417337801
0.6676777210
0.6485718620
0.6441170164
0.6524529273
0.6769966753
0.6696690138
0.6894307107
0.6544364702
0.7125397884
0.7368511782
0.6917496427
0.6720581013
0.6383814692
0.6547850511
0.6539102253
0.6415016823
0.6299631219
0.6025746586
0.6045715587
0.6200543291
0.5941110094
0.6596108168
0.6548465222
0.6444723367
0.6684720879
0.6038780124
0.6367977032
0.6382860005
0.6339010299
0.6550268729
0.6171819572
0.6160379234
0.6300083851
0.6089234718
0.6276031963
0.6221442394
0.5807879367
0.5974214371
0.5857043334
0.5807862489
0.5766793913
0.5911885195
0.6274470214
0.6339662775
0.6225858119
0.6225366707
0.5628791042
0.5610739454
0.5823495277
0.5866738168
0.5677124570
0.5911065465
0.6008689370
0.6307905980
0.6365319776
0.6254919099
0.5962553952
0.5882635296
0.6010430011
0.5892891974
0.5930943912
0.5837050480
0.5684856534
0.5900179901
0.6138192188
0.6044295574
0.6011433850
0.6174316416
0.6071723751
0.5998724334
0.6007638828
0.6326235059
0.6348288753
0.6588786777
0.6731170511
0.6725264623
0.6717718384
0.7227902333
0.6638269781
0.6594901437
0.6759162259
0.6690699124
0.6790925244
0.6593588537
0.6850191521
0.6600987800
0.6761659707
0.6842210666
0.6697751531
0.6528452726
0.6822889049
0.6378107003
0.7023906581
0.6712763053
0.6898478209
0.6937100087
0.6825575281
0.6609210657
0.6676734367
0.6688012351
0.6851081214
0.6642247802
0.6359626927
0.6695473952
0.6479816880
0.6587869031
0.6543479596
0.6742086361
0.6580179309
0.6558188469
0.5819492482
0.6435980276
0.6632208273
0.6114366749
0.6189963946
0.6395717898
0.6146372935
0.6478300374
0.6297589043
0.6385031970
0.6401283461
0.6726127199
0.6500086525
0.6963095391
0.5795898617
0.6441648366
0.6274107663
0.6484033750
0.6455738937
0.4445178998
0.6263508298
0.6122936434
0.5998147139
0.6271683610
0.6248377535
0.6309573822
0.6086017541
0.6193953446
0.5685133274
0.5878545249
0.5808729279
0.5866246494
0.5976754859
0.6312917843
0.6288491295
0.6174892435
0.5901652787
0.6062937447
0.6010003393
0.5749533119
0.5657649665
0.5387602475
0.5685821997
0.5329287703
0.4994447870
0.5083480213
0.5055912879
0.5286960883
0.5635958257
0.5333113636
0.5766119266
0.5314082350
0.5483223344
0.5717719488
0.5254546483
0.5298864306
0.5297440025
0.5330598114
0.5658708377
0.5776989099
0.5879258555
0.6125001689
0.6223818576
0.6194853527
0.6419064175
0.6300831152
0.6483359173
0.6641880872
0.6767388899
0.6476705754
0.6669911639
0.6566994324
0.6384740510
0.6046886970
0.6203947101
0.6273343129
0.6143805031
0.6028509746
0.6162658604
0.6348612389
0.6303231728
0.5979519411
0.5939823319
0.6734680512
0.6577423837
0.6450290811
0.6602278754
0.6457848053
0.6162864151
0.6297158209
0.6654549487
0.6501016465
0.6125130614
0.6384701739
0.6505580838
0.4928331369
0.6517555477
0.5906505332
0.5978022515
0.6445231378
0.5778100975
0.6722222625
0.7129939581
0.7080176651
0.6705716106
0.6998300815
0.7027035831
0.7165081200
0.7024958626
0.6036801564
0.6965951242
0.6671827472
0.6843269319
0.6984043477
0.7091300368
0.7128007052
0.7385859287
0.7548594694
0.6663959130
0.6893445164
0.6582588727
0.6555860021
0.6537133916
0.6903175212
0.6895986266
0.6616954690
0.6735924760
0.6493158575
0.6726128123
0.6795601286
0.6838750763
0.6462519211
0.5951132711
0.6835626164
0.6345172246
0.6526742994
0.6294101814
0.6214404980
0.6092481282
0.6166119225
0.5980520959
0.6077752768
0.5850384935
0.5940917386
0.6315294271
0.6031832342
0.6045337724
0.6435928038
0.6264061097
0.6006622506
0.6212707427
0.6526568244
0.6355736114
0.6459518088
0.6825342401
0.6573882032
0.6399618191
0.6296318719
0.6600841818
0.6545350961
0.6615251119
0.6317824713
0.6378674353
0.6595518142
0.6172494969
0.6042805814
0.6048667486
0.6161095738
0.6472430264
0.6739599492
0.6712848317
0.6755346876
0.6594736614
0.6740637238
0.5718805722
0.6135796606
0.6419210188
0.4987644114
0.6301933184
0.6231754126
0.5798063847
0.6270960064
0.6791961801
0.6396591590
0.6181948455
0.6467140656
0.5540939365
0.5970929562
0.6583713369
0.6237134610
0.6278856544
0.6116022475
0.5974886577
0.0300000000
0.6503290613
0.5471509598
0.5546298497
0.4915335473
0.0300000000
0.0300000000
0.4645596395
0.6337748290
0.5996773628
0.6515137623
0.0300000000
0.5224369586
0.5805993956
0.5551277003
0.4950691849
0.5934728009
0.0300000000
0.0300000000
0.5113195830
0.6505238773
0.6783216691
0.5072918972
0.0300000000
0.6799045071
0.6501614474
0.4969233459
0.6017094579
0.5042009215
0.5564929595
0.0300000000
0.4289710221
0.5766040337
0.5839858451
0.4346064065
0.0300000000
0.0300000000
0.5628789819
0.6014803200
0.4857391214
0.5188470888
0.5884638606
0.6062392156
0.5135992998
0.5289678259
0.5641548918
0.0300000000
0.0300000000
0.6299524823
0.0300000000
0.5646785544
0.5448662116
0.5770741033
0.5516468778
0.5672016338
0.0300000000
0.0300000000
0.5623455849
0.4471456560
0.5449612587
0.6055350236
0.5686575779
0.6083404268
0.6297432813
0.5786008507
0.4846928564
0.5942817829
0.6146568784
0.5599415076
0.5462760518
0.5772808757
0.5492217703
0.5987550903
0.5737102452
0.5007806275
0.6550204443
0.5858177020
0.6968162416
0.6630416895
0.6821652145
0.6672982359
0.6874573866
0.7145633623
0.6246839245
0.7020816720
0.6931558778
0.7156548819
0.6883367188
0.7291952150
0.7189951919
0.6788279257
0.7347899358
0.7506260522
0.7659076003
0.7732587701
0.7944830409
0.7923487773
0.7830514875
0.7883642820
0.7771028495
0.7796387702
0.7474424769
0.7162163651
0.7242708188
0.6821382329
0.7049312766
0.7233530096
0.7139855753
0.7282568508
0.7331899966
0.7306713948
0.7264117063
0.7282133990
0.7231058382
0.7354220620
0.7364563129
0.7291411957
0.7227467491
0.7143978507
0.7230887919
0.7562376319
0.7692709223
0.7799198898
0.6686281563
0.5854051213
0.5873928583
0.5777168004
0.7533675260
0.6029713751
0.5007354879
0.6314560636
0.5932827286
0.5297785926
0.6387016813
0.6943343766
0.0300000000
0.0300000000
0.5833188610
0.6449434125
0.0300000000
0.0300000000
0.5652355702
0.5840894873
0.5481650694
0.5152076086
0.5947245478
0.5303440418
0.6828010324
0.6782857506
0.7180782700
0.7069300229
0.6766178942
0.6591478536
0.6901458914
0.6432526328
0.6062271677
0.6029543842
0.5694253172
0.6268386189
0.5416979450
0.6338848347
0.6651725932
0.6665565769
0.6553764455
0.7055956037
0.6538371430
0.6797019691
0.6441027743
0.6522812571
0.6816282432
0.7086629420
0.6807142215
0.7144101234
0.6974658172
0.7109325191
0.7044209302
0.7022483344
0.7205484545
0.7397077655
0.7290764959
0.7294107823
0.7279793424
0.7144061395
0.7136026107
0.7200666258
0.7044190378
0.7026385336
0.7274404643
0.7439548730
0.7234679455
0.7607055502
0.7485720244
0.7214026072
0.6974405854
0.7313368082
0.7297616787
0.7367671478
0.7375392777
0.7120285896
0.7188922170
0.6797330195
0.6961733316
0.7166906343
0.7113015095
0.7344666346
0.7426441877
0.7526369328
0.7737162994
0.7713405577
0.7357377745
0.7559306981
0.7202445171
0.7773496735
0.7607034950
0.7576964787
0.7471669286
0.7696813906
0.7223832105
0.7362443878
0.6659704289
0.7196922630
0.6624843545
0.6789281965
0.5535959262
0.6637543476
0.6982437317
0.6854589979
0.7035684579
0.7113688561
0.7025391166
0.7062749251
0.7397542371
0.7179973422
0.7042103400
0.7294544068
0.7065258757
