1.0000000000
0.9119204913
0.9107139332
0.9132944029
0.9148171709
0.9145069460
0.9146959203
0.9122799851
0.9178106615
0.9161680531
0.9136108907
0.9146279666
0.9130146408
0.9170532060
0.9151641574
0.9148301412
0.9166671948
0.9106712641
0.9160742219
0.9170126134
0.9166488371
0.9137433113
0.9155637091
0.9160151613
0.9140414105
0.9180687623
0.9169136092
0.9133993852
0.9199515896
0.9141501176
0.9156842774
0.9232983126
0.9197414053
0.9244412734
0.9237776994
0.9254302388
0.9233180880
0.9271438715
0.9266219368
0.9247737564
0.9264151826
0.9271026917
0.9272767231
0.9261367211
0.9284312339
0.9229181304
0.9211701920
0.9229312520
0.9206113163
0.9239194241
0.9264653763
0.9252435539
0.9240571089
0.9238553169
0.9238776426
0.9221775674
0.9238327467
0.9230941825
0.9246340336
0.9207199234
0.9232467294
0.9222672845
0.9232767413
0.9177763999
0.9205065323
0.9153006542
0.9181680368
0.9233874880
0.9230587811
0.9250026446
0.9261296918
0.9257829163
0.9281740461
0.9248965057
0.9242823081
0.9294037048
0.9246821373
0.9268999278
0.9250817082
0.9243069070
0.9265690264
0.9256955262
0.9259069219
0.9274136641
0.9256770586
0.9261033581
0.9249172801
0.9234544735
0.9231715820
0.9226759287
0.9220547633
0.9240204786
0.9221412179
0.9212502003
0.9213160818
0.9193383696
0.9193577933
0.9184126166
0.9182420946
0.9190008911
0.9180079334
0.9199794234
0.9176438351
0.9154487964
0.9180168027
0.9182239034
0.9170794113
0.9158714094
0.9197602750
0.9178113592
0.9152469525
0.9184678212
0.9178955836
0.9172900715
0.9164669665
0.9144930863
0.9167088715
0.9148721442
0.9133682919
0.9154786481
0.9164089764
0.9182879839
0.9162955429
0.9153629871
0.9168598848
0.9186603445
0.9201412276
0.9206810957
0.9213657774
0.9210270151
0.9210386713
0.9224253254
0.9239326293
0.9242505666
0.9227900113
0.9258605675
0.9245446851
0.9237223554
0.9284786361
0.9290529266
0.9262425326
0.9288310732
0.9314590876
0.9280416403
0.9300253571
0.9298510780
0.9268917305
0.9309744569
0.9273201130
0.9291201436
0.9271923888
0.9286834058
0.9303293932
0.9304634843
0.9306468051
0.9294352848
0.9294397789
0.9303350740
0.9300943362
0.9319689292
0.9286567535
0.9302130995
0.9301883876
0.9296798776
0.9292910700
0.9262330106
0.9287213401
0.9250579183
0.9284331462
0.9301376013
0.9292417060
0.9269535723
0.9276734491
0.9271342149
0.9277630753
0.9280779477
0.9296239505
0.9313121288
0.9296533023
0.9273121840
0.9294608811
0.9281184806
0.9291189350
0.9315634767
0.9295467198
0.9304273586
0.9312855576
0.9314759185
0.9338576278
0.9319505862
0.9315897691
0.9299672937
0.9292600827
0.9301214794
0.9312170622
0.9290263826
0.9261445373
0.9270105163
0.9249770496
0.9244035278
0.9250589513
0.9244957663
0.9249527937
0.9243821654
0.9253188224
0.9252734381
0.9239422348
0.9270745211
0.9244914521
0.9262325988
0.9259776030
0.9242653809
0.9225938589
0.9255095669
0.9239815353
0.9241049790
0.9216748698
0.9238031077
0.9272395465
0.9306197829
0.9264628033
0.9303965882
0.9288194794
0.9311232524
0.9312687664
0.9302901273
0.9313823289
0.9314055858
0.9332489363
0.9348327925
0.9336826526
0.9338477086
0.9290797223
0.9307045525
0.9336184586
0.9353049631
0.9297369442
0.9303713900
0.9341275056
0.9336398200
0.9342301600
0.9330451147
0.9322450210
0.9332666391
0.9309806993
0.9298529794
0.9321711694
0.9291635747
0.9312627217
0.9311069773
0.9314692292
0.9286117484
0.9295209729
0.9322534892
0.9279019423
0.9291461957
0.9309602718
0.9277357813
0.9273243535
0.9256755439
0.9244798445
0.9250034821
0.9249731460
0.9254947770
0.9203514266
0.9210794414
0.9250192651
0.9253705006
0.9259953756
0.9250913157
0.9277089972
0.9230866277
0.9212620889
0.9255458785
0.9289091929
0.9282876614
0.9306515742
0.9327393863
0.9311292215
0.9306772677
0.9330489632
0.9273434685
0.9298790275
0.9279166033
0.9255523979
0.9276870435
0.9260909887
0.9239750675
0.9252582160
0.9254749926
0.9198869450
0.9217980204
0.9195199097
0.9209120949
0.9205112133
0.9218625166
0.9222838162
0.9237058478
0.9219125057
0.9213684878
0.9219581663
0.9232374071
0.9220123151
0.9208186479
0.9210113813
0.9242048632
0.9224028687
0.9222446971
0.9210177397
0.9223954890
0.9211904184
0.9260156920
0.9297147711
0.9286133750
0.9289082270
0.9320248250
0.9303340682
0.9309594097
0.9292064412
0.9314040901
0.9285072852
0.9276815488
0.9295236125
0.9306549188
0.9289454841
0.9286629546
0.9304803278
0.9313667575
0.9307211450
0.9242737341
0.9183851712
0.9305423028
0.9332185292
0.9314325170
0.9358412812
0.9364305941
0.9354395408
0.9364706262
0.9353621600
0.9344645450
0.9342358567
0.9318684020
0.9332501039
0.9287051827
0.9321658945
0.9311842913
0.9322073019
0.9236157579
0.9227946705
0.9239887239
0.9255471005
0.9295086015
0.9262165630
0.9283074305
0.9283725072
0.9289737771
0.9340718389
0.9281992230
0.9325035658
0.9285427956
0.9284768592
0.9269323377
0.9242188167
0.9284722295
0.9295634488
0.9251833425
0.9272602834
0.9288431608
0.9311672492
0.9279338170
0.9241813914
0.9285914044
0.9258426251
0.9227883919
0.9205789594
0.9216472480
0.9224779440
0.9227805572
0.9221861609
0.9230233929
0.9222766714
0.9231868816
0.9201041381
0.9241261180
0.9178763420
0.9227521446
0.9221445176
0.9211888495
0.9234426581
0.9211876975
0.9264368952
0.9213302413
0.9237302062
0.9243902524
0.9215361394
0.9261655716
0.9209575857
0.9248950948
0.9240586219
0.9241277566
0.9226216532
0.9232498511
0.9221106097
0.9225297327
0.9235504128
0.9209474466
0.9220224369
0.9226340375
0.9230241102
0.9239402988
0.9209677881
0.9234402641
0.9220391739
0.9222636022
0.9204322815
0.9191274371
0.9206993857
0.9215330130
0.9162704094
0.9152491681
0.9161145915
0.9135043201
0.9160082382
0.9132334526
0.9161107482
0.9133960080
0.9154598294
0.9120444716
0.9159504438
0.9097325178
0.9132426907
0.9116327302
0.9140065798
0.9167979437
0.9165245335
0.9199465143
0.9192878373
0.9192221902
0.9175601907
0.9199574387
0.9223025893
0.9220057199
0.9230382646
0.9219525475
0.9228925191
0.9213403036
0.9216654748
0.9211870350
0.9224933996
0.9240642867
0.9226195409
0.9228689566
0.9240596905
0.9243593499
0.9245843902
0.9231360020
0.9257609734
0.9228504660
0.9257877508
0.9229093493
0.9244383771
0.9222192717
0.9220765282
0.9235422301
0.9224468710
0.9226567147
0.9235419441
0.9255962494
0.9237155818
0.9251921415
0.9230326801
0.9247467360
0.9240975172
0.9267242525
0.9245184456
0.9262599378
0.9273926323
0.9285058562
0.9298114993
0.9269711265
0.9313194637
0.9307972320
0.9302014425
0.9299574206
0.9319836575
0.9324459031
0.9335340705
0.9286901802
0.9317570313
0.9289126463
0.9287989361
0.9268660292
0.9308255595
0.9263954545
0.9294848784
0.9291814203
0.9275205991
0.9279286591
0.9253238566
0.9240670153
0.9255908711
0.9257670535
0.9284960101
0.9271489570
0.9288326464
0.9279365771
0.9281494095
0.9296335313
0.9286671409
0.9319549339
0.9285720698
0.9301500997
0.9298657392
0.9320262403
0.9297898768
0.9315178999
0.9311825527
0.9309995017
0.9352704877
0.9286479085
0.9289455648
0.9314864877
0.9303839668
0.9327900701
0.9315112085
0.9309526099
0.9266747853
0.9283260763
0.9272045683
0.9299768500
0.9270456830
0.9279800127
0.9260064838
0.9249800839
0.9248740194
0.9257650776
0.9225369883
0.9234138523
0.9211391120
0.9191408999
0.9226695084
0.9222514528
0.9187177442
0.9205838188
0.9224973694
0.9204389576
0.9207529043
0.9204433414
0.9210135830
0.9209946002
0.9183700771
0.9202686630
0.9218690987
0.9218430303
0.9213352767
0.9225265800
0.9210018298
0.9173266172
0.9162059570
0.9206874928
0.9176238455
0.9181732709
0.9189321323
0.9203413228
0.9160518820
0.9200223314
0.9188239150
0.9170748115
0.9153201860
0.9173703337
0.9142981168
0.9157615377
0.9149073954
0.9121060763
0.9147970836
0.9122525491
0.9137770956
0.9134507169
0.9120046465
0.9131230452
0.9109407374
0.9137683219
0.9125155846
0.9091033070
0.9118051321
0.9099367918
0.9134079640
0.9120449175
0.9107012288
0.9137020144
0.9089005773
0.9140935048
0.9091949790
0.9118027341
0.9121002824
0.9117054885
0.9113541013
0.9145193390
0.9147023071
0.9161667620
0.9140454618
0.9158467847
0.9159470084
0.9166268206
0.9149921235
0.9193845017
0.9198757756
0.9215383116
0.9169685515
0.9193689862
0.9239832996
0.9190203080
0.9195600159
0.9189724126
0.9214007833
0.9188627024
0.9189395255
0.9184916330
0.9175344063
0.9161084935
0.9136328719
0.9118352546
0.9138165574
0.9143647297
0.9143340992
0.9140355898
0.9148617523
0.9173697311
0.9135607913
0.9120791319
0.9081165124
0.9078501479
0.9033440531
0.9086829006
0.9103626162
0.9135476379
0.9151417003
0.9148186318
0.9196826756
0.9170838707
0.9224808597
0.9215156242
0.9220639851
0.9229730326
0.9200564996
0.9188698134
0.9183308752
0.9205444090
0.9191536650
0.9224261261
0.9217762995
0.9213006820
0.9200935876
0.9210453623
0.9221870843
0.9193588249
0.9196149583
0.9209330209
0.9202110268
0.9220501461
0.9205917799
0.9193182197
0.9212839642
0.9224576025
0.9203430620
0.9200672655
0.9200937057
0.9197703386
0.9164923238
0.9183887291
0.9234986482
0.9204627609
0.9178641237
0.9179241701
0.9243171222
0.9201680845
0.9207563453
0.9225726798
0.9225999058
0.9203448941
0.9147939724
0.9177501672
0.9187309487
0.9187242340
0.9196946996
0.9226643215
0.9175346664
0.9183825533
0.9183838734
0.9170016490
0.9173800914
0.9183251613
0.9194041523
0.9150811162
0.9150754272
0.9162166684
0.9161519951
0.9157003955
0.9117928768
0.9117291940
0.9106110996
0.9053259618
0.8972993868
0.8906010978
0.8785330977
0.8837458020
0.8799021982
0.8762751234
0.8736191418
0.8763472714
0.8707581662
0.8655233451
0.8692930089
0.8596113362
0.8602103205
0.8628031607
0.8554593511
0.8503732825
0.8498079580
0.8425161094
0.8423314377
0.8230634296
0.8204587967
0.8261890507
0.8170005161
0.8108418273
0.8205758233
0.8131965609
0.8158843599
0.8134250419
0.8088036494
0.8151150990
0.8011223897
0.8022461967
0.8025098919
0.8019563940
0.7943322907
0.7970250423
0.7974685225
0.7961111053
0.7925439735
0.7904267625
0.7891431809
0.7944727249
0.7937125309
0.7932033545
0.7938400384
0.7907689469
0.7904509567
0.7909159474
0.7922762470
0.7905427140
0.7959865122
0.7897254551
0.7948224817
0.7887138715
0.7926306110
0.7934774299
0.7869386086
0.7908160682
0.7879323281
0.7946383456
0.7970986651
0.7944815738
0.7970018600
0.7980150654
0.7973609698
0.7984156908
0.7962517996
0.8001315839
0.7969930678
0.7989861297
0.7996686353
0.8038233175
0.8007390586
0.8032595445
0.8008872330
0.8024442241
0.8050603766
0.8105734169
0.8089554579
0.8116734123
0.8136899510
0.8134710118
0.8127216237
0.8113772690
0.8120160498
0.8119061183
0.8124240819
0.8087918223
0.8130007577
0.8118731682
0.8127089141
0.8074469337
0.8090121947
0.8073088996
0.8056095630
0.8055394549
0.8030710892
0.8066774132
0.8056742201
0.8073408564
0.8047487719
0.8086186274
0.8024678449
0.7984810867
0.8054913414
0.8030867246
0.7996614224
0.8015462692
0.8013419643
0.8016981219
0.7986483328
0.7955977657
0.7957088451
0.7907504865
0.7951772101
0.7922368549
0.7963932895
0.7948891407
0.7923811360
0.7958222787
0.7933748069
0.7928471131
0.7913737535
0.7949264578
0.8023718821
0.7941954241
0.7959744034
0.7991059244
0.8010114671
0.7980041347
0.8038182939
0.8012498286
0.8025153793
0.8017579387
0.8049837067
0.8037481636
0.8017552205
0.8038653185
0.8005230155
0.8003196407
0.7984815611
0.7988192577
0.7988607714
0.7956416553
0.7973295356
0.7966046602
0.7959145720
0.7951906632
0.7949190501
0.7935984434
0.7939079551
0.7965452504
0.7912562816
0.7923335998
0.7923955745
0.7903537538
0.7907593279
0.7874231146
0.7902737122
0.7916510039
0.7884991278
0.7913966551
0.7922633241
0.7932473617
0.7905679213
0.7903419719
0.7942269816
0.7997186233
0.7944990605
0.8009771619
0.7974439041
0.7970568388
0.8071955348
0.8008708395
0.7994052543
0.7978917515
0.7977884857
0.7958605028
0.7975827276
0.7993087708
0.8034724955
0.7996025941
0.7981686823
0.7973097288
0.7994094713
0.7967131380
0.8000844381
0.8062861704
0.8029825073
0.7987864577
0.7969815790
0.7949701256
0.7933424570
0.7974467573
0.7993380285
0.8000028319
0.7989007961
0.7975376051
0.7920927843
0.7935818259
0.7949088235
0.7984243257
0.7970260957
0.8021458990
0.7986307283
0.7992180123
0.7960016365
0.7962522846
0.7966595392
0.7996090718
0.7938001545
0.7982812294
0.7991408430
0.8044759590
0.8078473775
0.8061975034
0.8025341517
0.8037942221
0.8044491765
0.8034498795
0.8011050761
0.8026781627
0.7996279652
0.8037352992
0.8046320223
0.8048058004
0.8082298208
0.8045855579
0.8064804539
0.8044752122
0.8033495181
0.8072645069
0.8046972540
0.8089058891
0.8107213272
0.8059009657
0.8033989535
0.8040166118
0.8009117184
0.8001528665
0.8041919820
0.8009588873
0.7988588887
0.8014189169
0.8007417189
0.8000118720
0.7997139782
0.8017542214
0.7992204787
0.7952328772
0.8001637514
0.7971476503
0.7956801400
0.7995555148
0.7980456276
0.7997137507
0.8004833233
0.8017840264
0.8038200263
0.8077192406
0.8106054830
0.8105092015
0.8197336623
0.8213263087
0.8262747443
0.8257521174
0.8267510496
0.8253285157
0.8266594663
0.8324380358
0.8391026273
0.8389618262
0.8446896258
0.8452016967
0.8489325878
0.8505540608
0.8615490949
0.8694455232
0.8685238829
0.8660559950
0.8683576171
0.8759951160
0.8770644788
0.8820820550
0.8870396646
0.8955622982
0.9060858151
0.9078265580
0.9147200925
0.9135332474
0.9105026977
0.9121927938
0.9113017755
0.9101523423
0.9161383158
0.9164099974
0.9154928175
0.9174513389
0.9178420871
0.9178898006
0.9206649532
0.9208176857
0.9189854714
0.9222681859
0.9207089311
0.9144863658
0.9170048737
0.9149057368
0.9189653902
0.9186038680
0.9182678818
0.9204660427
0.9194982588
0.9185547997
0.9174894499
0.9177749847
0.9165561682
0.9191937439
0.9153697619
0.9165142292
0.9174933578
0.9161556174
0.9171243346
0.9170070812
0.9171579801
0.9168279089
0.9134038485
0.9160647562
0.9129047742
0.9165890520
0.9194599834
0.9187817456
0.9194892781
0.9169918298
0.9180329798
0.9168453885
0.9204314335
0.9168726846
0.9161602782
0.9183352882
0.9231452776
0.9207034381
0.9188798580
0.9214904326
0.9140214479
0.9183701109
0.9145597405
0.9159922576
0.9150945023
0.9167448637
0.9177328136
0.9137534157
0.9191807769
0.9157069540
0.9218525430
0.9185508817
0.9167107005
0.9187922710
0.9152057675
0.9155599024
0.9136763363
0.9155846735
0.9175328568
0.9158011420
0.9150658132
0.9114606010
0.9122453798
0.9148815795
0.9138939744
0.9118764141
0.9098593984
0.9148503931
0.9138222757
0.9130851359
0.9068982269
0.9032570293
0.9018076398
0.9016026957
0.9020290929
0.8987047888
0.8967114706
0.8930937422
0.8873143199
0.8802918700
0.8744770878
0.8670589764
0.8633033945
0.8625695668
0.8586241312
0.8490056457
0.8451214103
0.8398199723
0.8417122610
0.8399501794
0.8379005465
0.8374369597
0.8302236371
0.8348263717
0.8297236687
0.8241075553
0.8220551401
0.8130886748
0.8135775460
0.8071259320
0.8052728784
0.7974182266
0.7983628656
0.7917129977
0.8000041687
0.7968468557
0.7983673519
0.7900596793
0.7953668074
0.7916447434
0.7891607323
0.7918707981
0.7861399219
0.7895352898
0.7859487997
0.7842319368
0.7830343052
0.7783294640
0.7764616788
0.7796693080
0.7793438543
0.7796671390
0.7788091221
0.7771526965
0.7764967615
0.7774702406
0.7784933199
0.7719569314
0.7722512276
0.7741818766
0.7759821903
0.7751605394
0.7774515575
0.7730658252
0.7747135572
0.7757144916
0.7735560625
0.7739907976
0.7768388278
0.7739471308
0.7749629776
0.7757022593
0.7740193862
0.7737662330
0.7738119003
0.7706904561
0.7718942332
0.7682965046
0.7702607122
0.7691250731
0.7663189821
0.7723672125
0.7668104162
0.7666838219
0.7669675897
0.7667811594
0.7615326633
0.7652495892
0.7640389827
0.7628657694
0.7683203936
0.7694155781
0.7659894069
0.7657301072
0.7674772079
0.7615988684
0.7649170428
0.7603445416
0.7656320385
0.7631793561
0.7556358398
0.7617464801
0.7658389970
0.7657952413
0.7599713559
0.7630237895
0.7643203343
0.7670992947
0.7611385362
0.7608115187
0.7639055660
0.7652286704
0.7672023735
0.7680396059
0.7658880191
0.7683527248
0.7686633522
0.7660650347
0.7621293664
0.7620885674
0.7690103129
0.7649086019
0.7647510990
0.7653603072
0.7662133477
0.7638242872
0.7640030737
0.7655586401
0.7645441068
0.7619938743
0.7623613326
0.7639323702
0.7659838073
0.7612263196
0.7629287517
0.7588544058
0.7583563379
0.7603860519
0.7596626735
0.7571487342
0.7594570687
0.7553813618
0.7589529775
0.7589453683
0.7597013019
0.7558069817
0.7584126095
0.7559252053
0.7585910241
0.7632958798
0.7565413589
0.7595703345
0.7616818256
0.7590627484
0.7637668422
0.7619983323
0.7633665640
0.7671320897
0.7639675027
0.7626779670
0.7669180131
0.7667488963
0.7655778243
0.7688619645
0.7671561456
0.7675373603
0.7697005961
0.7673719973
0.7680942107
0.7695597041
0.7749244847
0.7682422659
0.7757739224
0.7745538505
0.7731258964
0.7801200389
0.7834616804
0.7912255947
0.7945175433
0.7947451464
0.7982416780
0.8102160017
0.8132411258
0.8088596740
0.8160843422
0.8026149716
0.8208573494
0.8244087026
0.8359081143
0.8282713123
0.8260133422
0.8207469576
0.8137196440
0.8225293325
0.8268598363
0.8317251184
0.8300927877
0.8397103473
0.8282138079
0.8319154099
0.8374927689
0.8313017285
0.8438524367
0.8301042421
0.8565153149
0.8349974754
0.8487400885
0.8577013076
0.8470427801
0.8520729929
0.8504264936
0.8512141489
0.8512590907
0.8601842074
0.8442483279
0.8535075511
0.8470656113
0.8407776296
0.8570867814
0.8448851503
0.8600667624
0.8572090036
0.8464293014
0.8424010691
0.8498612519
0.8434456670
0.8569870878
0.8660931221
0.8588558526
0.8569248733
0.8599336166
0.8579629107
0.8515894052
0.8553276459
0.8595718812
0.8624592878
0.8623672174
0.8708802469
0.8696012266
0.8699886961
0.8705897499
0.8705651317
0.8757435328
0.8761449928
0.8705174110
0.8678458256
0.8775540650
0.8783286288
0.8794255035
0.8791019775
0.8837978844
0.8782386524
0.8836736356
0.8819338534
0.8814386848
0.8826269667
0.8847013990
0.8944547662
0.8906781594
0.8877007666
0.8821518194
0.8858516046
0.8789074062
0.8867106003
0.8826517931
0.8802100968
0.8853282878
0.8880094539
0.8873436734
0.8847662238
0.8853308868
0.8916549874
0.9000446596
0.8992244684
0.8946496080
0.8951077051
0.8971431526
0.8824773690
0.8846960639
0.8841568143
0.8920972200
0.8895796199
0.8867576755
0.8850359039
0.8977486483
0.8986106678
0.8977150887
0.8949755263
0.8988783943
0.9039593482
0.8974495211
0.9023818465
0.8923473690
0.8915035982
0.8864473396
0.8889528462
0.8935195711
0.8885156269
0.8968745011
0.8823847435
0.8895702940
0.8829378964
0.8849028237
0.8810182468
0.8839680570
0.8839573000
0.8888241550
0.8894550649
0.8768571154
0.8775442962
0.8838287519
0.8758717540
0.8834856849
0.8789083012
0.8825326917
0.8847776353
0.8806770424
0.8886858415
0.8913490968
0.8850397674
0.8839591215
0.8827630533
0.8891059200
0.8776145269
0.8739060082
0.8778042616
0.8817311022
0.8822545258
0.8832951179
0.8788049936
0.8747395050
0.8789901271
0.8855591772
0.8740392325
0.8692079279
0.8836323991
0.8770473500
0.8766545105
0.8814794022
0.8862660629
0.8817785771
0.8825223165
0.8932550849
0.8932579776
0.8961634441
0.8976242276
0.8950823345
0.8946710796
0.9037694192
0.9069204784
0.9062445723
0.9074630752
0.9050959818
0.9080933655
0.9089624580
0.9033662362
0.9070758069
0.9116967776
0.9058224080
0.9084327701
0.9076477412
0.9098510998
0.9097531032
0.9098789027
0.9092417626
0.9099946122
0.9103470214
0.9080518394
0.9097026347
0.9075836253
0.9074789264
0.9035692711
0.9034881162
0.8977543188
0.9019120553
0.9060768540
0.9027201062
0.9067573800
0.9009925630
0.9083576244
0.9131149318
0.9137742466
0.9106525540
0.9128304996
0.9175614193
0.9160533424
0.9170815397
0.9161083983
0.9125632704
0.9107569177
0.9108615059
0.9153104850
0.9162722722
0.9138990639
0.9148262458
0.9145866260
0.9120582841
0.9130306569
0.9136048409
0.9116205948
0.9132397326
0.9128900106
0.9168327122
0.9154996921
0.9110919681
0.9115134921
0.9136797616
0.9153038512
0.9125049093
0.9158998812
0.9120034622
0.9137193072
0.9143341779
0.9138437612
0.9118712102
0.9120542546
0.9186211671
0.9158623582
0.9163565851
0.9193759744
0.9194970225
0.9116844291
0.9110229757
0.9112168365
0.9130599710
0.9102304463
0.9111235285
0.9091047531
0.9114536013
0.9124014717
0.9094622341
0.9147031300
0.9111824840
0.9108995455
0.9130119194
0.9146993711
0.9115649342
0.9126660686
0.9114191071
0.9106695010
0.9101971535
0.9098610151
0.9095811712
0.9071445580
0.9099465400
0.9104781465
0.9099685114
0.9089167771
0.9068185604
0.9094549079
0.9115086653
0.9129724506
0.9135922659
0.9127814598
0.9137540941
0.9102550577
0.9156851474
0.9131098557
0.9166697687
0.9152574419
0.9120971442
0.9147682764
0.9128048665
0.9131634286
0.9117212664
0.9147197882
0.9129876259
0.9180135490
0.9122727224
0.9132242119
0.9125301997
0.9099061158
0.9139203120
0.9087452635
0.9107731901
0.9103328792
0.9079966493
0.9073030080
0.9064509351
0.9093438063
0.9071701271
0.9069556890
0.9091191411
0.9056467909
0.9073216996
0.9059315596
0.9087665103
0.9116246145
0.9095317728
0.9072814462
0.9110467506
0.9100786913
0.9061916322
0.9094426995
0.9081904066
0.9090239898
0.9120274093
0.9125599052
0.9129032939
0.9139917636
0.9113561616
0.9152197304
0.9138300172
0.9141649436
0.9141398713
0.9140449063
0.9144793165
0.9168104720
0.9186819170
0.9155642767
0.9184395169
0.9191032622
0.9203229331
0.9209911973
0.9242019829
0.9215650192
0.9200072620
0.9208521398
0.9193392339
0.9222441057
0.9235605429
0.9226869933
0.9202370134
0.9238186386
0.9237551991
0.9213054910
0.9246465503
0.9222877588
0.9223820964
0.9247386302
0.9240230544
0.9236542521
0.9228764725
0.9214444267
0.9172076116
0.9234394058
0.9202534196
0.9241847527
0.9207936316
0.9208197024
0.9205068382
0.9202995406
0.9218173044
0.9207317600
0.9222828056
0.9196747447
0.9200349035
0.9172240249
0.9193308921
0.9203864997
0.9203362643
0.9210505110
0.9210076201
0.9203343543
0.9224384084
0.9185360064
0.9187478045
0.9144083837
0.9144926158
0.9157167792
0.9165943930
0.9134344104
0.9180497491
0.9160371761
0.9157613729
0.9149684118
0.9154340264
0.9147717808
0.9128917300
0.9154323411
0.9156905231
0.9177613501
0.9169274016
0.9161518896
0.9177718912
0.9160897103
0.9145476129
0.9150763489
0.9138368719
0.9166518332
0.9214250324
0.9190861073
0.9188114168
0.9169552931
0.9134279456
0.9180165523
0.9216707767
0.9203494600
0.9241314951
0.9254258071
0.9235772953
0.9247974328
0.9255438636
0.9243953437
0.9228305212
0.9227896278
0.9220119706
0.9181071727
0.9194182018
0.9195287381
0.9187748795
0.9165392448
0.9132818306
0.9149636761
0.9175490300
0.9192557818
0.9156722379
0.9192952021
0.9147461197
0.9161702659
0.9148052677
0.9187068889
0.9188828770
0.9191789157
0.9205048494
0.9221217099
0.9200062624
0.9175708306
0.9234833546
0.9219772411
0.9195808625
0.9221296937
0.9219162901
0.9232672366
0.9207531345
0.9187255546
0.9176549059
0.9205331632
0.9194131252
0.9186337350
0.9132153091
0.9132774197
0.9125951589
0.9097161022
0.9149174406
0.9128999494
0.9124180945
0.9104614454
0.9109024685
0.9137708104
0.9084918382
0.9113379164
0.9125083084
0.9109104521
0.9086282035
0.9100829650
0.9102314121
0.9088170467
0.9081839098
0.9081509513
0.9092960187
0.9111256200
0.9107947394
0.9111062573
0.9091757168
0.9117107613
0.9129255385
0.9136379372
0.9136014211
0.9156805932
0.9185566902
0.9196798879
0.9188756538
0.9245970898
0.9229489378
0.9251608329
0.9250514224
0.9227223932
0.9245141776
0.9237927563
0.9250521355
0.9246423898
0.9214735933
0.9234086651
0.9237707455
0.9242242378
0.9230260041
0.9217345348
0.9194230268
0.9209044702
0.9189515187
0.9235695048
0.9200489547
0.9270471092
0.9261183834
0.9269259911
0.9264260659
0.9300287744
0.9337030953
0.9311016415
0.9314712719
0.9316164863
0.9323383142
0.9293673481
0.9340729802
0.9313529275
0.9275557920
0.9263195161
0.9296040098
0.9252932350
0.9260918089
0.9200704164
0.9205691854
0.9179005612
0.9175200292
0.9220968815
0.9282665799
0.9279747662
0.9248975595
0.9275295262
0.9238469914
0.9228013530
0.9264695136
0.9241149149
0.9266655422
0.9269248836
0.9259695793
0.9269926337
0.9247874233
0.9265132689
0.9271012843
0.9247188405
0.9241291111
0.9251142046
0.9236188364
0.9236933722
0.9200417096
0.9205010016
0.9287040392
0.9258981269
0.9288068707
0.9293901002
0.9302355904
0.9281222759
0.9299822068
0.9312974520
0.9318585964
0.9286920758
0.9347137084
0.9341533240
0.9335744758
0.9318110245
0.9313665307
0.9331095140
0.9346640787
0.9329279900
0.9350987445
0.9340618397
0.9331966124
0.9316983363
0.9200863312
0.9137516122
0.9285947947
0.9259160450
0.9316234670
0.9285277974
0.9318061398
0.9268062486
0.9312667065
0.9264221307
0.9256944799
0.9270862061
0.9212924277
0.9242269177
0.9249116807
0.9260457684
0.9292461802
0.9272308531
0.9286904385
0.9282709563
0.9291293388
0.9276219145
0.9268470590
0.9299978645
0.9317936153
0.9309812042
0.9290101732
0.9313031880
0.9356237567
0.9315405530
0.9317314383
0.9309118727
0.9308368752
0.9306453665
0.9293975349
0.9284827310
0.9327178589
0.9336015101
0.9251552950
0.9306363197
0.9291839341
0.9294579657
0.9332975519
0.9321034834
0.9317911305
0.9328572999
0.9305672423
0.9284629623
0.9307078953
0.9313075191
0.9293374785
0.9238186990
0.9240151149
0.9231492507
0.9273183950
0.9279690281
0.9272054316
0.9274680144
0.9225833160
0.9236092043
0.9264648184
0.9229336866
0.9252054097
0.9262266741
0.9267644490
0.9253468832
0.9284380811
0.9280915239
0.9280479676
0.9282730068
0.9298735771
0.9303005797
0.9302483379
0.9276546215
0.9280568516
0.9272926518
0.9270929411
0.9272565767
0.9263103509
0.9264995540
0.9243866061
0.9260221710
0.9230269786
0.9195710993
0.9246540259
0.9202842649
0.9209966850
0.9140961461
0.9145266678
0.9165911446
0.9202283129
0.9205628035
0.9241882159
0.9186572564
0.9235324767
0.9216200446
0.9262093616
0.9254790491
0.9232507566
0.9236420105
0.9233459675
0.9243949183
0.9222245473
0.9240215239
0.9236472965
0.9206002325
0.9197136017
0.9211835572
0.9258119111
0.9254309883
0.9226884102
0.9242164076
0.9239181244
0.9235750882
0.9240476168
0.9197475304
0.9201052890
0.9199463082
0.9200330271
0.9196879635
0.9213506212
0.9167675205
0.9180105944
0.9157348870
0.9132301329
0.9166800674
0.9146154278
0.9138320481
0.9088681881
0.9122688404
0.9123157446
0.9082435767
0.9041504119
0.9084563583
0.9032160507
0.9047929655
0.9055261538
0.9038472942
0.9046505863
0.9065722889
0.9046771940
0.9053750737
0.9099445251
0.9056016437
0.9036063112
0.9010469240
0.9028456444
0.9008135149
0.9085888742
0.9004723225
0.8996007044
0.9002973512
0.9039659922
0.9078481106
0.9075310202
0.9089123163
0.8993491427
0.9044457402
0.9086619701
0.9044964703
0.9060703137
0.9101851281
0.9054858672
0.9123250492
0.9114335814
0.9104431198
0.9043049513
0.9050734623
0.8985304593
0.8932343889
0.8827701891
0.8929095967
0.8868144196
0.8697209892
0.8727235959
0.8919332050
0.8881126076
0.8890191422
0.8890379274
0.8756096900
0.8836887234
0.8519582702
0.7398776384
0.8624857095
0.8324356869
0.6079329477
0.8076693024
0.8167702364
0.6404218109
0.8048615446
0.6810531927
0.6153787514
0.7528622320
0.7262632621
0.6686367954
0.7963383763
0.6391024818
0.6323126814
0.6182232693
0.6684730394
0.6654676535
0.7563717254
0.7505012115
0.6123797331
0.7093836542
0.6426760207
0.8277588798
0.7027170555
0.7641380148
0.7283375126
0.5812637799
0.5817643911
0.6948685886
0.7987458862
0.6208776937
0.6091955750
0.7379733228
0.7367194487
0.8069140148
0.5891446238
0.7278292099
0.7303788495
0.6197906668
0.8488802787
0.6744619200
0.8592211232
0.7614005647
0.6474651208
0.6198582174
0.6860299351
0.5851088207
0.6749812101
0.8755644797
0.5922294986
0.6573339783
0.6426438094
0.5979182114
0.6064869447
0.6939030636
0.7126753134
0.7524832962
0.8276925865
0.6080194861
0.5761190794
0.7027114208
0.7216488630
0.6066619052
0.7242661539
0.7396782056
0.5679365602
0.7701239289
0.6159559646
0.7527678132
0.7373121469
0.7955943445
0.6171873024
0.6703673892
0.5398572136
0.7032938259
0.7233343675
0.7227065099
0.6848825530
0.6032565102
0.5503565332
0.6051794103
0.5839735720
0.6278370982
0.5629207242
0.5629557525
0.5888429127
0.5914094185
0.5335146669
0.5460655649
0.5829971519
0.5414996289
0.5646972726
0.5656798295
0.6053279979
0.5734010019
0.5777350122
0.5661302867
0.5650293361
0.6087900777
0.5412366277
0.7747334223
0.5943509302
0.5631315263
0.6705589487
0.5533770602
0.7397842697
0.6858396529
0.7024530913
0.5861744634
0.7543076628
0.5682866848
0.7146614810
0.5687095511
0.7505010914
0.5438254099
0.5367435110
0.5573469219
0.5493675378
0.5499914332
0.6635676516
0.5338437493
0.7681350563
0.7734030070
0.5986659468
0.6602406791
0.5689716922
0.7854696578
0.6494335160
0.7757647935
0.7472871332
0.7799235835
0.6582678493
0.7276412410
0.6652234878
0.6691610544
0.5728796959
0.6983467459
0.5747024552
0.7785534485
0.5929339461
0.6670792732
0.6065584476
0.5859318671
0.6350035816
0.7757981077
0.5807555270
0.7818808498
0.5758699375
0.5080028686
0.5834800861
0.5621065897
0.6522235262
0.7375867488
0.5880036405
0.5502815492
0.5344725692
0.5560164253
0.6760570906
0.5893312280
0.5197179957
0.6134297727
0.5680919133
0.6329048060
0.6560446200
0.5824693717
0.5383347231
0.7817485701
0.6047841387
0.6036572932
0.5345821304
0.5845692335
0.6519859770
0.7110550877
0.6910605546
0.7551587824
0.5686122817
0.6109432037
0.7693005737
0.6693670400
0.6686481597
0.5499933161
0.5956153801
0.5370221136
0.5285983439
0.5409414279
0.6645019881
0.6414319690
0.6657481259
0.7564964922
0.5904299028
0.6719591576
0.5445369329
0.7566859249
0.5988541402
0.7015002137
0.7307815157
0.5605994365
0.7257682458
0.5980104809
0.6594088832
0.6392280571
0.7765074353
0.5981357028
0.7729418197
0.7591511369
0.6814776419
0.7806448682
0.5449455450
0.7338584465
0.6084283582
0.7489040209
0.5750572336
0.6102550515
0.7912214741
0.7862119539
0.6422518455
0.7108762260
0.6462423312
0.6151233100
0.5911714084
0.6465809058
0.6841635507
0.5868897108
0.5815796244
0.5948477298
0.6300997925
0.7194537834
0.7382756994
0.5816866731
0.5760910179
0.5944452002
0.5771358801
0.6179603672
0.6828238964
0.5860094604
0.7358694611
0.5720471000
0.6737408347
0.6267677020
0.5976814913
0.6296637272
0.5756641417
0.5368737479
0.5397828571
0.6766654032
0.7587800567
0.5761670012
0.5537090005
0.7401662599
0.5625733364
0.6628338070
0.5532150649
0.7481103738
0.5670700065
0.6677953767
0.5516219918
0.5626056921
0.7163046977
0.5485154509
0.5399169929
0.7686891162
0.5444082410
0.5484565720
0.6296846622
0.5715132554
0.6819228753
0.5508496745
0.6115849054
0.5424537443
0.6070684331
0.5509000072
0.6209059438
0.6032245017
0.5582832994
0.5842436719
0.5343024819
0.5888493402
0.7325035663
0.6124201506
0.5656044320
0.7747144919
0.7774517097
0.5701498404
0.6227211601
0.7506332173
0.6407201603
0.7736997565
0.5584997578
0.7013665919
0.5754390093
0.7257766075
0.6323090915
0.6693714730
0.5818184269
0.6125579176
0.5400608693
0.5645496628
0.5892217053
0.5426224086
0.6848229444
0.5723292910
0.6146517324
0.5626166377
0.6994013861
0.6408596554
0.6016077433
0.5606579497
0.6226253683
0.5802132945
0.7088689313
0.5587632780
0.6051019230
0.7597070659
0.6884738935
0.5696143039
0.7043618856
0.6152156492
0.7194027630
0.7047425953
0.5949820722
0.5985073275
0.6021197216
0.7417670420
0.5997357321
0.7407308711
0.5980639120
0.6013099752
0.7548938608
0.6236825072
0.7298593959
0.6332651503
0.5685751375
0.6274741153
0.7669981778
0.7605765622
0.7607709647
0.7644974824
0.7576688778
0.7608173038
0.7625243938
0.7659794367
0.7634576377
0.7662621209
0.7616903051
0.7640435891
0.7659280851
0.7611701967
0.7619852701
0.7652995661
0.7643629837
0.7635791073
0.7652506158
0.7606613103
0.7646116692
0.7611115045
0.7643719537
0.7632860098
0.7605350682
0.7600744181
0.7607998351
0.7581900656
0.7567454483
0.7616462951
0.7632572451
0.7632268006
0.7635404668
0.7639658260
0.7644626631
0.7615093031
0.7595413055
0.7614294253
0.7647773477
0.7679100293
0.7676037449
0.7635158685
0.7686684357
0.7698706141
0.7755132206
0.7726016588
0.7714447643
0.7719693100
0.7754769392
0.7717534053
0.7760067630
0.7776136836
0.7802669240
0.7776626342
0.7766278518
0.7788083719
0.7775520827
0.7772618766
0.7765523293
0.7756772365
0.7760158643
0.7713473506
0.7735756373
0.7773403914
0.7717330927
0.7745093318
0.7763877534
0.7788293022
0.7792140840
0.7810438683
0.7783003093
0.7802629963
0.7831178862
0.7794191965
0.7829478157
0.7842953410
0.7808488288
0.7839021648
0.7833690552
0.7841276099
0.7813251264
0.7795733839
0.7803901125
0.7798932928
0.7801313383
0.7765323226
0.7795491563
0.7771323187
0.7797495965
0.7776197080
0.7795017730
0.7758375563
0.7780389621
0.7764928086
0.7756814156
0.7774323349
0.7728248639
0.7759051742
0.7757327302
0.7774381539
0.7800698687
0.7783812089
0.7784993413
0.7777190481
0.7778326189
0.7787755076
0.7791932749
0.7843243891
0.7850942888
0.7833744597
0.7847626967
0.7920641989
0.7888330136
0.7901737742
0.7882773687
0.7944005505
0.7936784409
0.8038615071
0.8067022140
0.8121859787
0.8148320319
0.8140647159
0.8141700453
0.8207546923
0.8252008892
0.8384951323
0.8473094106
0.8547876990
0.8621226041
0.8580062607
0.8637698579
0.8620841920
0.8588588662
0.8544848116
0.8628757971
0.8729318220
0.8845191029
0.8890109561
0.8948260747
0.8988484812
0.9022059757
0.9056775101
0.9047837328
0.9115815037
0.9105194175
0.9150224542
0.9162435005
0.9143318478
0.9180297487
0.9202200809
0.9133674946
0.9128224860
0.9122019830
0.9134924857
0.9136155120
0.9121095373
0.9149310696
0.9091873889
0.9086886567
0.9122172441
0.9149734269
0.9145742631
0.9150813343
0.9164662622
0.9131721841
0.9143732243
0.9159866400
0.9177701514
0.9185270090
0.9182601717
0.9207877116
0.9180792685
0.9158042852
0.9185577132
0.9190273503
0.9183368155
0.9175560460
0.9136466419
0.9139050258
0.9130826534
0.9163686695
0.9142070168
0.9159912409
0.9099867894
0.9187313474
0.9147491790
0.9193438319
0.9205126258
0.9241642983
0.9250956204
0.9243173049
0.9242445480
0.9280657782
0.9252702452
0.9269001869
0.9283076886
0.9248098823
0.9195059480
0.9219948407
0.9159353040
0.9190126065
0.9196847616
0.9217116204
0.9196407733
0.9261312981
0.9185266966
0.9136289046
0.9152436248
0.9174412660
0.9163486172
0.9227271217
0.9261139941
0.9315549539
0.9298581127
0.9329642747
0.9336483992
0.9317109216
0.9312363604
0.9338819261
0.9318535465
0.9320628629
0.9283325697
0.9269198950
0.9278448843
0.9282909613
0.9227195772
0.9245862585
0.9209955570
0.9250365593
0.9240769449
0.9240645154
0.9240456758
0.9237010768
0.9283022013
0.9225597777
0.9243447644
0.9254052796
0.9246107773
0.9269122641
0.9245056225
0.9265362643
0.9264111104
0.9263700960
0.9262164165
0.9237593291
0.9253540817
0.9238513321
0.9251502781
0.9223615685
0.9288942319
0.9243365368
0.9258492106
0.9277072848
0.9253762849
0.9282993311
0.9272376128
0.9238005579
0.9237569608
0.9246369090
0.9256797081
0.9219274271
0.9196769549
0.9193935956
0.9162549609
0.9183408904
0.9163480240
0.9162072012
0.9144175547
0.9184245004
0.9153548674
0.9168554548
0.9136624479
0.9121981131
0.9130027920
0.9138943649
0.9135943415
0.9141285980
0.9133512538
0.9114329834
0.9136458267
0.9153751768
0.9182156051
0.9190102956
0.9224815193
0.9239443186
0.9257743025
0.9278206571
0.9300209413
0.9291364236
0.9312884237
0.9304506578
0.9283109585
0.9290069627
0.9300669212
0.9301269542
0.9297788464
0.9297335796
0.9285464319
0.9265634371
0.9223359634
0.9229457390
0.9223839067
0.9246048652
0.9253522940
0.9265328762
0.9263515976
0.9304736721
0.9291713528
0.9313753538
0.9304488075
0.9334882837
0.9315447441
0.9299568628
0.9301722954
0.9292386525
0.9300579093
0.9294506283
0.9281294955
0.9241537506
0.9243525440
0.9250514854
0.9239548325
0.9234285142
0.9229621170
0.9210715318
0.9163195994
0.9121693176
0.9151201612
0.9220123097
0.9203853624
0.9159098481
0.9216393211
0.9268646750
0.9261328837
0.9260205488
0.9247574669
0.9243437758
0.9270050937
0.9246345706
0.9242252493
0.9229850133
0.9170830294
0.9170501108
0.9208130104
0.9157083877
0.9213866813
0.9153941056
0.9214073243
0.9213493296
0.9201419070
0.9202557774
0.9210590578
0.9206549338
0.9248299563
0.9218775142
0.9237559700
0.9247044555
0.9216421711
0.9169611350
0.9082347412
0.7049880015
0.6205894544
0.5910623857
0.5971146317
0.7042776663
0.6875937818
0.5956993711
0.7067914484
0.6353911813
0.8235423229
0.6911650341
0.5893637987
0.6912690784
0.7307825182
0.6508584470
0.6958617459
0.6594519750
0.6285174287
0.6280910847
0.6327384012
0.5892966443
0.6453184828
0.6166262715
0.6417236577
0.5828287737
0.6174951438
0.6427519898
0.6385305364
0.7118182310
0.7292194875
0.5786384611
0.6535669551
0.6210547409
0.7629464377
0.6261269531
0.6121528896
0.6073574342
0.6844583663
0.6373190077
0.7749639410
0.7866999774
0.7498956160
0.7766666568
0.6046711360
0.6508983107
0.8577364312
0.6294489565
0.6565126602
0.7978513693
0.8228963547
0.6072822168
0.5694570330
0.6878787443
0.7612588286
0.5996320326
0.6690185778
0.5840533252
0.7635602612
0.6390838200
0.5761460678
0.5623303720
0.6675652380
0.5893061888
0.7187658619
0.5852295562
0.7165698836
0.6519851078
0.6766869712
0.5584231208
0.5934507797
0.6574490774
0.5730488728
0.7681883580
0.6257529830
0.6330642830
0.8495922029
0.6881509760
0.8608060941
0.7491519999
0.6435717921
0.6826825898
0.6362707797
0.5873543975
0.6731866321
0.6467270575
0.6853238552
0.6740103247
0.7845216520
0.7017489097
0.7932072382
0.5896891012
0.6188480801
0.6111621435
0.7214037484
0.6317170400
0.7051928334
0.8739193053
0.8382699541
0.8766947947
0.7672330214
0.8492095693
0.6283834972
0.6474469321
0.7810991278
0.5794669952
0.5616596141
0.6038875039
0.6628176386
0.6378844197
0.7697100102
0.6444252833
0.8345332302
0.8815514678
0.9200555610
0.9308790894
0.9347723366
0.9304156260
0.9360328500
0.9360243206
0.9336266569
0.9343245146
0.9312044585
0.9307076090
0.9320056567
0.9326862993
0.9321243097
0.9296321348
0.9328078973
0.9343424005
0.9351234395
0.9337653907
0.9341866096
0.9321492714
0.9292555958
0.9335821387
0.9324616482
0.9249773638
0.9268006524
0.9297888261
0.9310851564
0.9324505152
0.9336107688
0.9365536359
0.9312837598
0.9325028117
0.9281482025
0.9313919605
0.9301621951
0.9274871279
0.9272326742
0.9264954117
0.9231204135
0.9193581548
0.9266013122
0.9201212744
0.9209220855
0.9211234447
0.9222223213
0.9197536345
0.9197322558
0.9201233631
0.9175376046
0.9165372654
0.9163866742
0.9142586082
0.9142174668
0.9119625592
0.9149502847
0.9141953965
0.9129807710
0.9125343916
0.9127219358
0.9179366308
0.9163057344
0.9144211854
0.9130872444
0.9101817870
0.9153240366
0.9183432020
0.9158368833
0.9161184684
0.9151694655
0.9167464569
0.9139370808
0.9182778311
0.9161255757
0.9200083550
0.9190497169
0.9184529209
0.9189180201
0.9178840816
0.9203572334
0.9201979424
0.9201339323
0.9166410523
0.9199105388
0.9188891171
0.9180705300
0.9149210747
0.9151354381
0.9154874671
0.9155117176
0.9165923808
0.9129594639
0.9132644441
0.9166606551
0.9130413395
0.9146179940
0.9180771520
0.9172632784
0.9136923028
0.9173549593
0.9175922483
0.9187055998
0.9213563157
0.9154638531
0.9158018271
0.9178074410
0.9164660278
0.9202275695
0.9213209919
0.9185093189
0.9183141534
0.9212828376
0.9238001234
0.9147440487
0.9177066655
0.9198354190
0.9161003204
0.9188163454
0.9179877425
0.9179296450
0.9161152636
0.9176685542
0.9125802374
0.9126308084
0.9154321225
0.9152482352
0.9151956042
0.9159230952
0.9188935980
0.9164163812
0.9172577544
0.9163156419
0.9161939675
0.9125307769
0.9160537085
0.9136258224
0.9120082882
0.9115386054
0.9129066319
0.9132896089
0.9121398456
0.9129363405
0.9118950226
0.9190182205
0.9205692407
0.9238589877
0.9262200701
0.9232918023
0.9243119852
0.9227531885
0.9246563133
0.9217240793
0.9224569291
0.9197847611
0.9208907488
0.9202367917
0.9202317003
0.9201884337
0.9153290250
0.9109828034
0.9176321659
0.9144552716
0.9148519533
0.9129246652
0.9124191969
0.9125703208
0.9101363192
0.9139168420
0.9123196727
0.9144054125
0.9103852859
0.9095844267
0.9091590880
0.9048025886
0.9100742215
0.9088292628
0.9057741147
0.9060126449
0.9093724882
0.9104336173
0.9080842960
0.9067347803
0.9067456229
0.9061060203
0.9048996488
0.9066717975
0.9061281040
0.9039257150
0.9044777687
0.9046982424
0.9093009716
0.9105234534
0.9090008934
0.9107652184
0.9093037984
0.9112611833
0.9100656333
0.9104260898
0.9105911886
0.9079121418
0.9101391916
0.9134160627
0.9145739902
0.9147428819
0.9175677741
0.9184278221
0.9228905259
0.9193209652
0.9242442788
0.9262237212
0.9248154596
0.9244814344
0.9262693146
0.9272079289
0.9281965195
0.9213407056
0.9257689818
0.9228342055
0.9268154376
0.9303037314
0.9286725821
0.9323673282
0.9330811071
0.9312737018
0.9302452572
0.9293410013
0.9297338744
0.9270381912
0.9235873643
0.9223777189
0.9245103662
0.9247656326
0.9275569940
0.9273971058
0.9248988952
0.9251637829
0.9202849657
0.9227073218
0.9205924889
0.9214198319
0.9217620713
0.9169100251
0.9232426945
0.9221763076
0.9270182083
0.9261041313
0.9296715434
0.9267070701
0.9290484763
0.9256363862
0.9239532081
0.9249689640
0.9255843294
0.9281597550
0.9271193418
0.9234225168
0.9249992262
0.9246519224
0.9218884738
0.9241168517
0.9269835739
0.9205582857
0.9251822530
0.9222991267
0.9291231437
0.9266848099
0.9285894957
0.9299249794
0.9317020845
0.9287013791
0.9325278338
0.9268833113
0.9320508258
0.9274222037
0.9291349574
0.9285532679
0.9245327918
0.9262709951
0.9259984560
0.9272368234
0.9230811423
0.9227820985
0.9246709919
0.9254171044
0.9223799749
0.9215634767
0.9248749948
0.9199724198
0.9215284905
0.9222009121
0.9225399908
0.9216734491
0.9224514301
0.9217245051
0.9208753948
0.9197006724
0.9221771775
0.9235554777
0.9196819884
0.9193578870
0.9214877586
0.9203805164
0.9252970594
0.9266316436
0.9280052526
0.9287972887
0.9287833674
0.9254070611
0.9297185139
0.9310488013
0.9322706567
0.9288534519
0.9304349557
0.9317386284
0.9326322270
0.9331282911
0.9300973991
0.9279413164
0.9279790329
0.9292774588
0.9268712212
0.9290276475
0.9342069909
0.9333733882
0.9315176067
0.9353215497
0.9309418283
0.9315095340
0.9295725701
0.9265092529
0.9289625006
0.9243491647
0.9227123247
0.9186903783
0.9208372142
0.9202520763
0.9185649350
0.9181499246
0.9096126973
0.9143710522
0.9183723320
0.9210731859
0.9260971834
0.9252455602
0.9240872808
0.9263203887
0.9258681353
0.9257884756
0.9215365441
0.9269098149
0.9237731994
0.9238917197
0.9231565186
0.9220435101
0.9211623333
0.9218085004
0.9231493457
0.9200507342
0.9194090331
0.9202394666
0.9202313008
0.9181743299
0.9182415536
0.9246100300
0.9252265037
0.9269250792
0.9250964051
0.9238336442
0.9186392325
0.9204018711
0.9212440520
0.9256402186
0.9271873817
0.9259182182
0.9231662313
0.9225704211
0.9202019931
0.9229777082
0.9195803367
0.9181605063
0.9150167946
0.9190571204
0.9225784031
0.9225628892
0.9226576482
0.9207788071
0.9228345903
0.9234848033
0.9207751081
0.9216834923
0.9235279106
0.9266597007
0.9252695201
0.9232034750
0.9222964981
0.9184392803
0.9232207242
0.9219772299
0.9219130650
0.9180975721
0.9164359304
0.9134427011
0.9196659683
0.9167144899
0.9213849037
0.9257066721
0.9290221452
0.9290820739
0.9311380430
0.9264416201
0.9277693806
0.9245557146
0.9219822143
0.9214543496
0.9213039555
0.9215594138
0.9210540708
0.9202751400
0.9178056384
0.9231442500
0.9153554233
0.9163951886
0.9169634790
0.9147905899
0.9206361262
0.9168861322
0.9129181165
0.8962831744
0.8906763620
0.9136187449
0.9227474943
0.9274180897
0.9217790804
0.9197518905
0.9187144476
0.9141075469
0.9116610408
0.9068104178
0.8915551004
0.8885605563
0.8954248787
0.9064958412
0.9113706510
0.9028212530
0.8978498617
0.8942409467
0.8984016804
0.8917620034
0.9064883299
0.9015984487
0.8994644808
0.9088690870
0.9061897842
0.9105426055
0.9118707556
0.9098758155
0.9127465957
0.9119866437
0.9120618084
0.9111216274
0.9100691290
0.8990404930
0.8879115951
0.8819833215
0.8495874410
0.8597423024
0.8347067606
0.8300615239
0.8010603320
0.8018544435
0.7907175518
0.7829789395
0.7977007359
0.7925111569
0.7932349003
0.8140626486
0.8048689046
0.8449508379
0.8572515584
0.8648789431
0.8804539989
0.8881270239
0.8890210793
0.8955340424
0.8944676942
0.8986817960
0.8976400233
0.8952139965
0.9050238777
0.8984851743
0.8990648295
0.9010543317
0.8962578849
0.8971557740
0.8936419333
0.8891698108
0.8905810624
0.8887126923
0.8793071534
0.8600646228
0.8660973272
0.8490012693
0.8419028225
0.8299242882
0.7944463115
0.7771356690
0.7767800935
0.7707279119
0.7665907718
0.7698510591
0.7689851893
0.7703016296
0.7766633455
0.7770167709
0.7794787527
0.7968592452
0.7968667449
0.7970799640
0.8145741611
0.8140630869
0.8123472966
0.8198861968
0.8167923761
0.8052219876
0.8088024189
0.8025120648
0.8123888160
0.8077362338
0.8146780721
0.8218326680
0.8043623460
0.8074263057
0.8035992226
0.8065590064
0.8066126114
0.8050916941
0.8038788430
0.7984713043
0.7976681507
0.8037163550
0.8019654043
0.8050145182
0.8016374684
0.8035434890
0.8048664770
0.8002486158
0.8057218845
0.8040327507
0.8026431858
0.8039322382
0.8031771877
0.8045790056
0.8024782586
0.8054542259
0.8035586487
0.8036318705
0.8043343510
0.8036190906
0.8040777295
0.8025177088
0.8083511912
0.8077400916
0.8066000705
0.8050030902
0.8045976491
0.8038362000
0.8013073487
0.8084372466
0.8038010310
0.8089525191
0.8068352257
0.8043537408
0.8068642436
0.8030131761
0.8014544703
0.7996614479
0.8029335630
0.8060790583
0.8037235016
0.8045035303
0.8042211718
0.8052180650
0.8008427198
0.8028730309
0.8029876019
0.8021667153
0.8065086218
0.8076813843
0.8057394030
0.8062858915
0.8075202634
0.8056748766
0.8079760402
0.8114696371
0.8190987533
0.8242085677
0.8330966136
0.8595998279
0.8649717374
0.8760188607
0.8801755128
0.8900320489
0.9007229919
0.9104156266
0.9121911003
0.9150681642
0.9199194164
0.9171123751
0.9180047834
0.9168887040
0.9152151308
0.9141226347
0.9136668393
0.9135396575
0.9141741645
0.9133843236
0.9108469742
0.9112019034
0.9109366157
0.9131295184
0.9141927268
0.9119585372
0.9125745479
0.9044800020
0.8971884514
0.8834226810
0.8687370605
0.9020957979
0.9035244731
0.9098875851
0.9145140826
0.9145814021
0.9108131443
0.9101047364
0.8932848261
0.8878857514
0.8881290231
0.8764162261
0.8681979164
0.8587361620
0.8608684281
0.8668518419
0.8547073745
0.8510885621
0.8526068302
0.8514430134
0.8626503063
0.8580640317
0.8766987443
0.8975250597
0.8859300924
0.9111349259
0.9032250885
0.9067443567
0.9090148573
0.9078752206
0.9068535853
0.9062281333
0.9086314359
0.9100290376
0.9081105402
0.9090579447
0.9123339415
0.9136964040
0.9157017089
0.9177168609
0.9111466919
0.9185074849
0.9193395740
0.9237107115
0.9170909900
0.9188769072
0.9174977386
0.9170850666
0.9200513795
0.9142627068
0.9145161087
0.9131958310
0.9082731629
0.9079197830
0.9164485002
0.9145822172
0.9180424792
0.9125398471
0.9167685663
0.9182415290
0.9185075208
0.9202040349
0.9176543225
0.9189097291
0.9177451820
0.9171467855
0.9177048818
0.9231548921
0.9146406843
0.9161779687
0.9153156631
0.9172115657
0.9219217134
0.9197623236
0.9156912864
0.9179681409
0.9143632493
0.9148857368
0.9144181208
0.9164725583
0.9163430044
0.9126394393
0.9165916597
0.9159820991
0.9166862992
0.9186814953
0.9161664863
0.9156617328
0.9179683554
0.9158084080
0.9165252118
0.9121913968
0.9158543306
0.9142217079
0.9201660838
0.9156300659
0.9167345930
0.9153473888
0.9155495926
0.9161816971
0.9141535332
0.9150795875
0.9112433951
0.9097559341
0.9085389019
0.9078770440
0.9132209179
0.9074756111
0.9130690353
0.9123165425
0.9112365636
0.9134244675
0.9119251077
0.9117805554
0.9108039819
0.9153817379
0.9152706600
0.9182042122
0.9176669318
0.9189626612
0.9194132744
0.9191927459
0.9190533994
0.9214208870
0.9224745176
0.9263895582
0.9249789728
0.9255909820
0.9244960490
0.9230135990
0.9246758180
0.9218836418
0.9269118837
0.9229361866
0.9272178993
0.9232379006
0.9218511108
0.9184870308
0.9183379457
0.9193701772
0.9170445339
0.9154304050
0.9182728171
0.9164068567
0.9118875812
0.9119839093
0.9065142482
0.9117010262
0.9138767663
0.9173595720
0.9172542693
0.9172694203
0.9205751495
0.9249042648
0.9239858698
0.9253025882
0.9259138017
0.9206173686
0.9231102672
0.9220729056
0.9226500465
0.9209404365
0.9228350597
0.9181554058
0.9194005905
0.9207632952
0.9192887483
0.9181775183
0.9213237624
0.9206918791
0.9189305380
0.9213116572
0.9194691306
0.9205609878
0.9173156006
0.9137614185
0.9125800374
0.8080078098
0.7029969772
0.7430298650
0.8934769697
0.7109541175
0.7490724121
0.6802386999
0.7058754294
0.6571179382
0.6741773908
0.7796815287
0.8295554480
0.6483463161
0.7424084897
0.6650640479
0.7031685148
0.5818442234
0.6177829521
0.5745344804
0.6350858295
0.8100319840
0.6332964834
0.6311807164
0.5992972974
0.5933682406
0.7393078135
0.7354510057
0.7938183004
0.6634011076
0.5571011684
0.5233969712
0.6932352524
0.5528100377
0.6290106453
0.5301576602
0.6014296265
0.5645186349
0.6533533647
0.7538504809
0.5392936676
0.6049541138
0.5593967225
0.6890572751
0.5324272952
0.5366454946
0.7648757389
0.5501315658
0.7775061688
0.5801722138
0.7285018367
0.5297196925
0.5267830322
0.6574471412
0.5826759348
0.6074416899
0.5474710555
0.6128505324
0.7525254278
0.7305927448
0.5620531737
0.6107701319
0.5695642472
0.5422520965
0.6830667204
0.6411090299
0.6963317340
0.6647814541
0.5600884848
0.5888188450
0.5707526744
0.5863961203
0.5977454913
0.7685936687
0.7650443255
0.7651425739
0.7622114092
0.7641223870
0.7663992698
0.7641534040
0.7684618306
0.7695190865
0.7705158940
0.7704935565
0.7781137398
0.7771127251
0.7792172413
0.7791513853
0.7834123492
0.7892644588
0.7874762163
0.7890513908
0.7937551788
0.7928440327
0.7947627927
0.8058646005
0.8166688511
0.8616888729
0.9162851204
0.9223533725
0.9267606994
0.9271456502
0.9316731468
0.9314886564
0.9299142193
0.9250247580
0.9287353518
0.9296611727
0.9294309210
0.9328188460
0.9301869363
0.9324065786
0.9320345598
0.9274397142
0.9270020280
0.9208147123
0.9255343363
0.9197033978
0.9278935856
0.9239937826
0.9249780748
0.9239099991
0.9225878780
0.9193431166
0.9221609895
0.9187513621
0.9186597220
0.9157486817
0.9151122988
0.9137431986
0.9109817740
0.9095101643
0.9131188220
0.9138260162
0.9120398556
0.9113985922
0.9140423756
0.9136645594
0.9141864513
0.9108700437
0.9143935164
0.9155502289
0.7764580625
0.7109019453
0.7105448782
0.6959768262
0.8929556410
0.7774262962
0.7074020396
0.6835221310
0.8433185510
0.5861447358
0.7825769962
0.6298480038
0.6038116618
0.6418248590
0.5913929170
0.8033745828
0.5999940994
0.7555889366
0.5776141232
0.5699615990
0.7922170246
0.5785073397
0.5717446567
0.7923637985
0.8446319638
0.8098406907
0.8089289635
0.8463216212
0.8246341077
0.7888354804
0.7955870329
0.7951030144
0.8055762733
0.8092329120
0.8381098359
0.7987970425
0.8655199381
0.8989035042
0.9170213693
0.9178035052
0.9183797989
0.9200981889
0.9119832529
0.9093960062
0.9105905849
0.8891007309
0.8897348275
0.8764122476
0.8183403634
0.8263225246
0.8284455263
0.8439015915
0.8324262329
0.8413338728
0.8170544247
0.8421996203
0.8976229910
0.9160520168
0.9171012008
0.9161403815
0.9143305264
0.9175373470
0.9158156430
0.9169660135
0.9148863107
0.9120158850
0.9148672757
0.9152703497
0.9189932768
0.9225101361
0.9225475386
0.9211629211
0.9199063828
0.9223539299
0.9198766426
0.9207549409
0.9262258625
0.9236610744
0.9239421453
0.9240288229
0.9209528050
0.9232675527
0.9237288741
0.9224828331
0.9225116887
0.9198937054
0.9180365780
0.9161622319
0.9171920068
0.9108418966
0.9091360778
0.9123234640
0.9112833943
0.9136907437
0.9148705777
0.9127982549
0.9134442177
0.9133109456
0.9117779229
0.9124324214
0.9106178149
0.9163925438
0.9171942920
0.9154746536
0.9190354441
0.9208233001
0.9214310127
0.9222114750
0.9213379008
0.9223498160
0.9231489529
0.9244248018
0.9195013858
0.9225231216
0.9176557879
0.9187018071
0.9185998554
0.9180112477
0.9187378261
0.9217513263
0.9181042680
0.9220541545
0.9203453326
0.9167067936
0.9191061419
0.9163644781
0.9255533779
0.9190484465
0.9210090124
0.9237278878
0.9213312898
0.9255804534
0.9278601812
0.9301768381
0.9310398075
0.9281579064
0.9296229244
0.9303816676
0.9319726479
0.9303011445
0.9285297223
0.9313831538
0.9320611308
0.9291474092
0.9312052066
0.9307659505
0.9324499205
0.9307152240
0.9330364482
0.9334501476
0.9333174099
0.9305555567
0.9262978164
0.9290944948
0.9269303315
0.9278861278
0.9274585124
0.9273501256
0.9276367888
0.9293821985
0.9260406435
0.9278776087
0.9261760732
0.9249486123
0.9258221855
0.9259817866
0.9302207539
0.9268069554
0.9305803552
0.9286161646
0.9306168561
0.9298076721
0.9292969647
0.9293973196
0.9280627682
0.9303801731
0.9266151814
0.9249813784
0.9256053564
0.9248659504
0.9261879284
0.9231706619
0.9236495206
0.9264511615
0.9237150105
0.9249152868
0.9222925119
0.9211476982
0.9213681964
0.9207687983
0.9194361643
0.9178821996
0.9134894465
0.9140158288
0.9097138527
0.9145262020
0.9176914810
0.9186723691
0.9187995249
0.9202326393
0.9181108110
0.9239802030
0.9188941917
0.9199634478
0.9187912892
0.9206491886
0.9193550466
0.9176950233
0.9200128400
0.9195273723
0.9200591183
0.9221673733
0.9206035017
0.9222954582
0.9213573670
0.9205470538
0.9216193444
0.9224505533
0.9241820434
0.9247899719
0.9237140871
0.9242199521
0.9264050603
0.9241129359
0.9260723668
0.9263480521
0.9226487865
0.9223710415
0.9231997539
0.9237342046
0.9238712057
0.9265560873
0.9237597932
0.9229549947
0.9244780304
0.9250839348
0.9242178972
0.9221027894
0.9221804679
0.9214304043
0.9229650105
0.9216086498
0.9222212389
0.9125138252
0.9218084436
0.9227567006
0.9226850705
0.9230280087
0.9215562367
0.9209676014
0.9206311778
0.9205735618
0.9192772956
0.9202183756
0.9201821396
0.9172356229
0.9171448511
0.9138436729
0.9137061434
0.9101868057
0.9060401388
0.9039955243
0.8995002114
0.8937288962
0.8678465526
0.8687780476
0.8709786199
0.8630193356
0.8648100586
0.8689891131
0.8572625333
0.8433438662
0.8542140023
0.8396431015
0.8665444899
0.8801936693
0.8776887913
0.8834874234
0.8872598263
0.8845640049
0.8895602910
0.8899818632
0.8896572404
0.8918439964
0.8930780200
0.8945649739
0.8848023441
0.8740568234
0.8816470130
0.8706800064
0.8703310382
0.8683753206
0.8696286913
0.8699770957
0.8699808556
0.8506921590
0.8407644669
0.8360839110
0.8367381542
0.8354427056
0.8273699234
0.8230304227
0.8194736076
0.8203281694
0.8169279521
0.8177650824
0.8144801352
0.8109780207
0.8143903905
0.8150038655
0.8188260505
0.8264145710
0.8383811493
0.8280340623
0.8342295314
0.8278898149
0.8249933345
0.8273450124
0.8435072687
0.8503796435
0.8554470549
0.8823519822
0.8698903072
0.8870626454
0.9072608683
0.9163591360
0.9156996030
0.9172395583
0.9160354059
0.9163158762
0.9155389502
0.9184889349
0.9173805480
0.9193131860
0.9200385796
0.9179930306
0.9207081464
0.9205478146
0.9167587931
0.9178255848
0.9168820067
0.9182149878
0.9185425126
0.9186962283
0.9206673172
0.9191352320
0.9210495836
0.9206769238
0.9209916509
0.9194240449
0.9182585437
0.9225793081
0.9174571822
0.9178589661
0.9195966485
0.9211226371
0.9189068901
0.9186364573
0.9176967984
0.9138797267
0.9188887931
0.9134509879
0.9123448152
0.9154166270
0.9131284143
0.9145817794
0.9089790318
0.9137953578
0.9077761844
0.9085543957
0.9109671392
0.9118811196
0.9075882279
0.9083688236
0.9041872306
0.9081726954
0.9067493134
0.9066624960
0.9097689873
0.9097565518
0.9123766063
0.9089602988
0.9125634993
0.9147539559
0.9136847585
0.9101067384
0.9113147369
0.9105046480
0.9104548075
0.9121473834
0.9149520285
0.9109754806
0.9115034052
0.9099056558
0.9096689417
0.9138248346
0.9118292445
0.9077985861
0.9105159191
0.9114423680
0.9096290367
0.9059347231
0.8987900978
0.9031689105
0.9012808320
0.9090735553
0.9044395398
0.9017143824
0.9049883337
0.9021206816
0.9042266688
0.9062273998
0.9030133364
0.9021743205
0.9071619504
0.9002333278
0.8978744883
0.9018569260
0.9008185210
0.9035882966
0.9009304458
0.8970476549
0.9051452209
0.9049409445
0.9014822443
0.9056375542
0.9025777780
0.9070003262
0.9062540199
0.9151197697
0.9152924604
0.9147416222
0.9122045076
0.9160810812
0.9177830546
0.9123923868
0.9117151919
0.9131916709
0.9091540327
0.9117347420
0.9132144315
0.9128030936
0.9133614791
0.9142419801
0.9169973795
0.9152068819
0.9174891351
0.9161025220
0.9188174744
0.9173840567
0.9156312513
0.9162859622
0.9133903617
0.9151724906
0.9008112759
0.8767339275
0.8582221485
0.8456566478
0.8380549761
0.8405501873
0.8443246484
0.8707088484
0.8918314140
0.9034580891
0.9136818310
0.9156066690
0.9182541975
0.9184147425
0.9194254897
0.9183693065
0.9223368354
0.9199586087
0.9194107313
0.9209198776
0.9232562709
0.9170300126
0.9215178574
0.9166813869
0.9192109295
0.9151391117
0.9175385097
0.9190219980
0.9195183792
0.9223047692
0.9169464607
0.9211621920
0.9186316982
0.9174363350
0.9215587636
0.9185870752
0.9171959258
0.9175353661
0.9149972721
0.9172745454
0.9172561098
0.9197636628
0.9197820253
0.9186888092
0.9175527036
0.9180884738
0.9190025177
0.9188792554
0.9169354305
0.9189346229
0.9170926971
0.9176662883
0.9159760696
0.9155261472
0.9164062534
0.9173397476
0.9169704146
0.9160466309
0.9150162008
0.9150016624
0.9143104850
0.9106492716
0.9084137011
0.9088874867
0.9104754492
0.9100716208
0.9112905756
0.9084591846
0.9134331173
0.9101171336
0.9111550384
0.9119193783
0.9109062119
0.9069620570
0.9112097099
0.9100514994
0.9108012621
0.9119673336
0.9095141342
0.9075799552
0.9120885047
0.9111610707
0.9130778343
0.9143102627
0.9134434425
0.9167613716
0.9165744733
0.9120815280
0.9113417585
0.9111206024
0.9092773153
0.9125771369
0.9022990681
0.9011374723
0.8901362279
0.7345421002
0.7495007331
0.6924145903
0.6664701305
0.7006011804
0.6873050170
0.7154413749
0.6139968843
0.6980920099
0.6563700127
0.6489742979
0.6819332849
0.6937260194
0.6058765702
0.6537341561
0.6231319160
0.5969137816
0.6780636407
0.6592029465
0.8190515523
0.6572486156
0.6745400331
0.6811113049
0.6057152318
0.6400760960
0.8031799066
0.6383642995
0.6707895879
0.7910695992
0.5916274608
0.7834049834
0.7279718981
0.6256553295
0.5779819022
0.7839294545
0.6605255686
0.6280517769
0.5903395115
0.6751207079
0.7538445917
0.6549286913
0.6281799036
0.6666845626
0.6412191171
0.6198234201
0.7059228877
0.7124702329
0.6633347420
0.5813745024
0.6361439132
0.5931991771
0.7860323133
0.6516853713
0.5775484807
0.5732612284
0.5778623714
0.6628804643
0.7542293895
0.6690717904
0.6818617669
0.6369192784
0.5974318051
0.6633002417
0.5206523968
0.5849776792
0.5447635865
0.5867805005
0.5895233565
0.5891393935
0.6137192420
0.7266858300
0.7410397092
0.7623519613
0.7647638423
0.7615862521
0.7652130213
0.7675812387
0.7632317745
0.7687965184
0.7670975688
0.7680164414
0.7691201438
0.7690994016
0.7674461653
0.7722826265
0.7716690133
0.7693379434
0.7722501815
0.7736713129
0.7760881201
0.7776587310
0.7757963237
0.7840889422
0.7783332259
0.7796404429
0.7758115273
0.7763237239
0.7770551611
0.7749781675
0.7763480670
0.7736497970
0.7722515530
0.7716091373
0.7710048047
0.7707456635
0.7739645458
0.7731473595
0.7709460691
0.7733306203
0.7722731797
0.7715843748
0.7724380691
0.7742682939
0.7758452272
0.7742448811
0.7731076466
0.7713010187
0.7722059847
0.7755666273
0.7760759420
0.7826887090
0.7820558799
0.7910563013
0.8069567387
0.8217820114
0.8386464918
0.8421396029
0.8490476878
0.8448579458
0.8300465408
0.8233981562
0.8136760050
0.7994023470
0.6257808032
0.7108950940
0.6549582186
0.7263765571
0.7042270155
0.5763850301
0.6490964974
0.6649207164
0.5713547264
0.7260985596
0.5454307456
0.5665526834
0.5491042307
0.5881545823
0.6260393429
0.7610262902
0.5504135560
0.6197612293
0.6272838045
0.6558681529
0.5581066997
0.6202131294
0.5944727697
0.7847970135
0.7787839850
0.8019159152
0.8084329895
0.7820326988
0.7761274453
0.7738808858
0.7760587942
0.7802633772
0.7670017381
0.7636899670
0.7702759236
0.7688190636
0.7735054612
0.7720885963
0.7808897526
0.7783228335
0.7884188189
0.8047129645
0.8235400467
0.8196621716
0.8380179816
0.8286858777
0.8330484199
0.8554754755
0.8572702636
0.8578655236
0.8497516202
0.8718440571
0.8643021876
0.8646330872
0.8959372054
0.9159107549
0.9210415522
0.9217080370
0.9188728922
0.9202029941
0.9216225313
0.9199302301
0.9187611932
0.9187793093
0.9184106366
0.9167156206
0.9164600242
0.9190278632
0.9145370709
0.9156465609
0.9194600941
0.9201014787
0.9219772799
0.9213864542
0.9231145730
0.9220461826
0.9224754367
0.9191083441
0.9231588738
0.9205367277
0.9222853660
0.9204900488
0.9201238292
0.9189003326
0.9147851831
0.9174783532
0.9134454069
0.9169870060
0.9122333483
0.9121142185
0.9079039611
0.9096236396
0.9103354163
0.9113693592
0.9098783659
0.9091822905
0.9065774033
0.9119011994
0.9111460486
0.9129156581
0.9124683299
0.9157554698
0.9164154691
