1.00000000
0.99821950
0.99507390
0.99459540
0.99894788
0.99652811
0.99580022
0.99846794
0.99563104
0.99450952
0.99874118
0.99962856
0.99782456
0.99856537
0.99923732
0.99935872
0.99966239
0.99929446
0.99841288
0.99714203
0.99921757
0.99978662
0.99909053
0.99806611
0.99847659
0.99979454
0.99650727
0.99900446
0.99956947
0.99915488
0.99893567
0.99752808
0.99711670
0.99642795
0.99769699
0.99970926
0.99792395
0.99854532
0.99931716
0.99929715
0.99699037
0.99428131
0.99398069
0.99688546
0.99954892
0.99931368
0.99810661
0.99675888
0.99506699
0.99528988
0.99736919
0.99635152
0.99893699
0.99979465
0.99908807
0.99706653
0.99819517
0.99895373
0.99938726
0.99684817
0.99730572
0.99372813
0.99791152
0.98789733
0.98732573
0.98381491
0.98068929
0.98198231
0.98553696
0.98639017
0.98494901
0.98459804
0.98499360
0.98521034
0.98762128
0.99017064
0.99028020
0.98886215
0.98371307
0.98810479
0.98729509
0.98614613
0.98791973
0.98835155
0.98961474
0.98909060
0.98843966
0.98673989
0.98777502
0.98921161
0.98541524
0.98759452
0.98846340
0.98784658
0.98512264
0.98473142
0.98426725
0.98616144
0.98986274
0.98899385
0.98641651
0.98049932
0.98193106
0.98768802
0.98998426
0.98928509
0.98911963
0.98978427
0.98921500
0.98834155
0.98680737
0.98451259
0.98423254
0.98185468
0.98512885
0.98455566
0.98547049
0.98133997
0.98318063
0.98309402
0.98126087
0.97969338
0.97567988
0.97033704
0.97370714
0.97901542
0.97423031
0.97726129
0.97959293
0.98019004
0.97802030
0.98104628
0.97584544
0.97355286
0.98009066
0.98486433
0.98647504
0.98480334
0.98365726
0.98680054
0.98772918
0.98884901
0.98965772
0.98768964
0.98760558
0.98852017
0.98680536
0.98146554
0.98182018
0.98130598
0.97969998
0.97732042
0.97667845
0.98351652
0.98484219
0.98690492
0.98679659
0.98326672
0.98689539
0.98906934
0.99044584
0.99108943
0.98803067
0.98906344
0.98962659
0.98712476
0.98680344
0.98784559
0.98533101
0.98489150
0.97984053
0.98495546
0.98553826
0.98759733
0.98722236
0.98721231
0.98836666
0.98751682
0.98725208
0.98500567
0.98490993
0.98437835
0.98496236
0.98300327
0.97861952
0.97939198
0.97984387
0.98364704
0.98677064
0.98751562
0.98765406
0.98643995
0.98687310
0.98663054
0.98896470
0.98898586
0.98817174
0.98529582
0.98451331
0.98457179
0.98083189
0.97737949
0.97245677
0.97178863
0.97499719
0.97978852
0.98112037
0.98228087
0.98238226
0.97871122
0.97789808
0.98477795
0.98206088
0.98175929
0.98326137
0.98172596
0.98304477
0.98231278
0.98312386
0.98545679
0.98314781
0.98828350
0.98685313
0.98322076
0.98470805
0.98318079
0.98444884
0.98011178
0.98429934
0.98975988
0.98865268
0.98977750
0.98835163
0.99180546
0.99201066
0.99220179
0.99303431
0.99078708
0.99227190
0.99354104
0.99236712
0.99111006
0.99044246
0.99062846
0.99000361
0.98989839
0.98936736
0.99106581
0.98946610
0.98839604
0.98769913
0.98427121
0.98708893
0.98217028
0.98664563
0.98776366
0.98880718
0.98737914
0.98189962
0.98301821
0.98637387
0.98927965
0.98863552
0.98746253
0.98460845
0.98553035
0.98600946
0.98626684
0.98226564
0.98714555
0.98563425
0.98504889
0.98058700
0.97503320
0.97306788
0.97643367
0.96875488
0.95787789
0.94953126
0.95288826
0.95453594
0.94850636
0.95110102
0.95562798
0.95702995
0.96531386
0.96607855
0.96890328
0.97378622
0.97850686
0.97553939
0.97555012
0.98407833
0.98557644
0.98920079
0.98525431
0.98606612
0.98527245
0.98112195
0.98509850
0.98478890
0.98659142
0.98560397
0.98369720
0.98354969
0.98534478
0.98490766
0.98895269
0.99021474
0.98707028
0.98705750
0.98678951
0.98256469
0.98467350
0.98766503
0.98453082
0.98801954
0.98191278
0.97413900
0.97182295
0.98374318
0.98969058
0.98632154
0.97556351
0.96916067
0.97630604
0.97437954
0.98049797
0.98298876
0.97981927
0.96493296
0.95457653
0.95410635
0.95931569
0.96050588
0.97619991
0.97599618
0.96961176
0.96751994
0.97560165
0.97537402
0.98341407
0.98553134
0.98578148
0.97833380
0.97986319
0.98050559
0.97802318
0.97596705
0.97960552
0.98035261
0.98381324
0.98389390
0.98499803
0.98404614
0.98192655
0.97982523
0.97654363
0.97600070
0.97694058
0.97518036
0.97431975
0.97469444
0.97666002
0.97381546
0.97034792
0.97091442
0.96997004
0.96025891
0.95969473
0.97290482
0.97900518
0.98326647
0.98466530
0.98875478
0.98775874
0.98450412
0.97908520
0.98721303
0.98865430
0.98221446
0.98497493
0.98013618
0.98364692
0.98086248
0.98144649
0.97646046
0.98262187
0.97898965
0.97668099
0.98104154
0.98369285
0.98680721
0.98611851
0.98283649
0.98444955
0.98756909
0.99050506
0.99074201
0.98903154
0.98150818
0.97675447
0.98059852
0.98370981
0.98683559
0.98928429
0.98814882
0.98881365
0.98901236
0.98792141
0.99042878
0.99154890
0.98777845
0.98371483
0.98579185
0.98249830
0.98486037
0.98658660
0.98629165
0.98233356
0.97930403
0.98444216
0.98466691
0.98382773
0.98147559
0.98163822
0.98342449
0.98191611
0.98313439
0.98056443
0.97879633
0.98797919
0.98884601
0.98818234
0.98287083
0.98522107
0.98289187
0.98104408
0.97830513
0.97790024
0.97600284
0.97468838
0.97931732
0.97896005
0.97545303
0.97971594
0.98222565
0.98150105
0.98079691
0.97675934
0.97242688
0.97615535
0.97716300
0.97330440
0.97861999
0.97757926
0.98019848
0.97942365
0.97774916
0.97924803
0.97488629
0.97452114
0.97495744
0.97821567
0.97832289
0.97795254
0.98137389
0.97718292
0.97534030
0.97259008
0.97439936
0.97373229
0.97765159
0.98219696
0.98612876
0.98721291
0.98519164
0.98572264
0.98659187
0.98512839
0.98315677
0.98338431
0.98096043
0.97967544
0.97982122
0.97869904
0.97548932
0.97735462
0.98230028
0.97820312
0.97248822
0.97397821
0.97932590
0.98385974
0.98664277
0.98709770
0.98595501
0.97681660
0.98184707
0.98533240
0.98292710
0.98450267
0.98446663
0.98500938
0.98534021
0.98670304
0.98776857
0.98745883
0.98741439
0.98683559
0.98570079
0.98137544
0.98106195
0.98494995
0.98518998
0.97954831
0.98227737
0.98352658
0.98502839
0.98441185
0.98474720
0.98127969
0.98129940
0.98119290
0.97641498
0.98106854
0.98254313
0.98055650
0.98016480
0.97829397
0.97672146
0.97786407
0.97824198
0.97731913
0.97936828
0.97873439
0.97781911
0.98145016
0.98169629
0.98200577
0.98373627
0.98337490
0.98353768
0.98712088
0.98607975
0.98389209
0.98308505
0.98292256
0.97995890
0.97741677
0.98331220
0.98294181
0.98030890
0.97980437
0.97965569
0.97669382
0.97605023
0.97481311
0.97675756
0.97731851
0.97625230
0.97898594
0.97849102
0.97759908
0.97630528
0.97145683
0.96642820
0.96092327
0.96050378
0.96444842
0.96736140
0.97075565
0.97544118
0.97717524
0.97452743
0.97870805
0.98255258
0.98425931
0.98457690
0.98433271
0.98392168
0.98367164
0.98406108
0.98588573
0.98798876
0.98647609
0.98281003
0.97489931
0.97840450
0.98561457
0.98679930
0.98289086
0.98197105
0.97824853
0.97781620
0.97781994
0.97924039
0.97954673
0.98065340
0.98000884
0.97921083
0.98395597
0.98124449
0.98418046
0.98572831
0.98557536
0.98475775
0.98381954
0.97806430
0.97633449
0.97608090
0.97525143
0.97714966
0.97836400
0.97565445
0.97388157
0.97914120
0.97540465
0.96985423
0.97785258
0.97859258
0.97732075
0.97945319
0.98323251
0.98496316
0.98480024
0.98569140
0.98296134
0.98569472
0.98329067
0.97705569
0.97916359
0.98105283
0.98504759
0.98570499
0.98310755
0.98532957
0.98598701
0.98599669
0.98401343
0.98405801
0.98625059
0.98445197
0.98666371
0.98622221
0.98574427
0.98733358
0.98789070
0.98717821
0.98745474
0.98146194
0.98396478
0.98776948
0.98773704
0.98551572
0.98493634
0.97951554
0.98355986
0.98621073
0.98575727
0.98639379
0.98490428
0.98575610
0.98564814
0.98522304
0.98458379
0.98223307
0.98694083
0.98741168
0.98256588
0.98412528
0.98242787
0.98237716
0.98473555
0.98272835
0.97901202
0.97799572
0.98001797
0.97583333
0.97488575
0.97473401
0.97992368
0.98439053
0.98580526
0.98186876
0.98557093
0.98851805
0.98518464
0.98555968
0.98191053
0.98286375
0.98383254
0.98424007
0.98281070
0.98109464
0.98557903
0.98242080
0.98413008
0.98189615
0.98224156
0.98433667
0.98750927
0.98333385
0.98552653
0.98585979
0.98510113
0.98298670
0.98668776
0.98701332
0.98474290
0.98340735
0.98421761
0.98568439
0.98747047
0.98860379
0.98672730
0.98749175
0.98900304
0.98796158
0.98895833
0.98473763
0.98536163
0.98959644
0.98720550
0.98520172
0.98868318
0.98607883
0.99031090
0.98905078
0.98657726
0.98452699
0.98243393
0.98148609
0.98081490
0.97797970
0.97948441
0.98106688
0.98323571
0.98417927
0.98407794
0.98253524
0.98149651
0.98180415
0.97601288
0.98233884
0.97461599
0.96552014
0.97513498
0.96473028
0.97263924
0.96611865
0.96731607
0.95980497
0.94242596
0.93325148
0.94738940
0.95206579
0.95980871
0.94504639
0.95547988
0.95586752
0.95903653
0.96453041
0.96818457
0.96756243
0.95634107
0.94669657
0.95065095
0.95456591
0.96434277
0.97682752
0.97588111
0.96916105
0.95327487
0.95043987
0.95736350
0.96648360
0.95569870
0.93719616
0.96227625
0.93869355
0.96007623
0.95608615
0.96930465
0.97141440
0.97257581
0.96731708
0.96847091
0.97704988
0.96966284
0.96419555
0.97740536
0.97820971
0.97433022
0.94969622
0.92193231
0.96342014
0.96709529
0.96506344
0.93596706
0.92502361
0.95768789
0.96820859
0.97059246
0.96156214
0.95624222
0.94234915
0.91790866
0.92942663
0.91294974
0.91403062
0.93312483
0.90898556
0.89992727
0.82454135
0.83487357
0.84217186
0.80539948
0.86579502
0.86201528
0.77730924
0.69836202
0.71343659
0.83901886
0.85965423
0.84945220
0.79810787
0.84322095
0.88093315
0.85365317
0.84952172
0.82107967
0.87382065
0.86476443
0.79464646
0.83017176
0.78835031
0.70797193
0.74348063
0.81408468
0.82750531
0.73428330
0.81171494
0.85725639
0.84421098
0.78151146
0.80978302
0.75263340
0.70875288
0.79014681
0.72862435
0.68169083
0.70330653
0.79233772
0.64428456
0.58075569
0.63351698
0.77072433
0.77809696
0.80026665
0.84530581
0.85771522
0.88360564
0.80178977
0.74719418
0.68236350
0.68709291
0.79015031
0.79144135
0.73960448
0.75236362
0.67360803
0.69238674
0.65398865
0.70705867
0.68136540
0.61474523
0.50957731
0.57802420
0.58689872
0.63005165
0.61208560
0.52839190
0.52815371
0.54140961
0.55799184
0.53556086
0.51410829
0.44123275
0.48476430
0.51508667
0.51969858
0.47738817
0.58817819
0.53746633
0.38036719
0.33973685
0.47549052
0.60853023
0.41496012
0.45284714
0.34867333
0.27873826
0.50662170
0.39086010
0.34007544
0.54377315
0.40385295
0.35741577
0.48516337
0.43267372
0.40363726
0.44878619
0.54788676
0.47280884
0.36396781
0.34321169
0.47276232
0.40616195
0.29291584
0.35898845
0.52599942
0.34673559
0.40154824
0.53418336
0.51793626
0.61062501
0.71396909
0.57902601
0.59097551
0.62207696
0.68108310
0.66412285
0.65937459
0.61130781
0.50463059
0.55676350
0.55528060
0.73512624
0.70105921
0.72468072
0.75290532
0.70017240
0.68830779
0.77207055
0.73299162
0.68798008
0.57900757
0.40670387
0.40736572
0.54582841
0.57989779
0.44177563
0.46937496
0.56321729
0.67802803
0.45105201
0.44856542
0.42522559
0.60769276
0.42202713
0.37447870
0.48060440
0.59858725
0.39377697
0.41974730
0.60539328
0.61661072
0.44822133
0.67436337
0.44590108
0.39065187
0.43424433
0.48236513
0.50878602
0.45924851
0.56077605
0.50008374
0.65343200
0.35110499
0.38783452
0.39606583
0.42437211
0.65961779
0.44168570
0.35730196
0.37359029
0.52933301
0.49362402
0.43656699
0.39219175
0.52998914
0.39567414
0.37108376
0.48582915
0.46705705
0.44320155
0.35871822
0.37465247
0.40203530
0.46123193
0.45466853
0.39682821
0.49132552
0.52446410
0.43357167
0.55180250
0.56924738
0.46266146
0.62357566
0.60682273
0.41024337
0.34573622
0.34341182
0.60330431
0.45538134
0.49201834
0.64216867
0.60086052
0.53361768
0.58256488
0.52203942
0.63294992
0.70789521
0.65128458
0.54458812
0.57260036
0.71848707
0.74226172
0.72248970
0.62945847
0.52892900
0.53751860
0.50862267
0.47754600
0.49713831
0.66923447
0.46200533
0.41996012
0.43230404
0.56257497
0.61294132
0.55808329
0.68190255
0.64700196
0.70056774
0.56172690
0.46776815
0.44302038
0.49373346
0.60380216
0.67282938
0.58941444
0.60623753
0.49113392
0.48367143
0.41252612
0.46151457
0.67895912
0.58400550
0.51155912
0.51587860
0.54573494
0.50169742
0.63037654
0.56871117
0.58109892
0.58009246
0.58935045
0.41943696
0.48179349
0.50301677
0.44586982
0.49047078
0.42416966
0.40927392
0.58016048
0.66075813
0.63581364
0.47567608
0.42886219
0.61581659
0.49965158
0.48687453
0.48338647
0.57400469
0.56913806
0.40096789
0.39733511
0.57761157
0.64609586
0.67843993
0.48764276
0.55514339
0.64590839
0.63983023
0.63541606
0.57517154
0.49017048
0.44066588
0.47902493
0.57865862
0.61318064
0.64349156
0.58910346
0.60028063
0.64727664
0.64211527
0.65681409
0.59233288
0.68319629
0.40884909
0.66749196
0.45211500
0.42758889
0.62027970
0.66456821
0.59012232
0.72254266
0.60299902
0.68937128
0.61964107
0.59885225
0.57779099
0.48527317
0.65461024
0.41154807
0.43718532
0.63206730
0.46498940
0.50851041
0.46240225
0.48250759
0.57040433
0.64006655
0.55015061
0.51533681
0.54205777
0.45342288
0.54600330
0.58401395
0.62608593
0.54094128
0.45797957
0.33390183
0.31321772
0.32947780
0.57737075
0.41061020
0.35150778
0.32048866
0.41610179
0.62629056
0.58792864
0.54689060
0.67041253
0.64728482
0.72465185
0.59175247
0.47259533
0.44519401
0.52203921
0.68732614
0.54105899
0.44819544
0.44122822
0.56403779
0.57697672
0.56311201
0.67093792
0.58024653
0.37377666
0.44847859
0.51232387
0.46133389
0.47704103
0.54216820
0.43139754
0.57397909
0.40440501
0.37274177
0.40553399
0.43754869
0.52639773
0.63791719
0.64057760
0.51535595
0.39535988
0.41694717
0.51867019
0.57840357
0.58959555
0.59953795
0.51672840
0.37646914
0.29132505
0.38940810
0.45195765
0.33536157
0.35421844
0.45373671
0.42707445
0.29345949
0.32115927
0.34250522
0.33518957
0.30673450
0.32792215
0.46596573
0.57926480
0.64023673
0.46947667
0.30257475
0.32747064
0.62543593
0.45061818
0.35084362
0.31265694
0.35124611
0.42502592
0.35698515
0.35534994
0.39314612
0.48856391
0.32149416
0.57317068
0.31065746
0.28730745
0.31369745
0.53194397
0.37488542
0.38376441
0.49160223
0.52975661
0.34903196
0.35203169
0.36511415
0.43474516
0.44538434
0.42244686
0.50886678
0.43697866
0.46255843
0.48679688
0.48916766
0.52254204
0.53531475
0.55138750
0.49716620
0.44281078
0.37211965
0.43199172
0.41262661
0.34572548
0.32918368
0.34968563
0.44641515
0.38281887
0.35471939
0.45752487
0.62935535
0.61060014
0.57453569
0.48047222
0.51013309
0.61706240
0.61156918
0.37940485
0.53311174
0.64664386
0.71814825
0.53099320
0.51289234
0.52348806
0.56416482
0.52372360
0.43041240
0.35209377
0.18826247
0.16862122
0.17662855
0.39157293
0.34543491
0.31086024
0.29278282
0.44174528
0.45677148
0.34487311
0.35527899
0.41718449
0.47174720
0.58648235
0.43336871
0.51541526
0.56790687
0.56235279
0.57883147
0.63876162
0.56244825
0.41711315
0.37568458
0.49531880
0.56474223
0.42050818
0.27239941
0.36784212
0.46618960
0.37011096
0.43398588
0.39693960
0.39318237
0.42601269
0.42960769
0.30700301
0.30892774
0.30581163
0.31154386
0.30911741
0.50142615
0.60524540
0.63908518
0.59943432
0.50656289
0.51367910
0.42325288
0.50618498
0.47365975
0.47665999
0.34608296
0.33049484
0.53415941
0.45255818
0.44441202
0.42552721
0.41662743
0.42271637
0.33191559
0.40446939
0.57868256
0.45266422
0.39102223
0.37881023
0.29649904
0.31882329
0.38082799
0.42199004
0.24975346
0.24437612
0.25249916
0.28016440
0.28161388
0.43237090
0.33425124
0.34930197
0.38938615
0.42315086
0.35342541
0.27027789
0.29136574
0.36697756
0.40304126
0.35658237
0.31088602
0.43668873
0.50329893
0.46029999
0.33966189
0.52819469
0.48973240
0.41501235
0.35636283
0.35449105
0.38164319
0.39517977
0.42613241
0.53783218
0.57180001
0.52267160
0.48296892
0.54575298
0.37116827
0.40573720
0.64037515
0.68990162
0.51259912
0.55547776
0.56584343
0.65070425
0.67443071
0.65408326
0.64927695
0.54335709
0.35670706
0.38177080
0.41129298
0.39578909
0.42250333
0.52976772
0.30446970
0.31605900
0.27835058
0.18685947
0.16231480
0.18127653
0.19188573
0.21120354
0.19377563
0.19105546
0.20432497
0.31746409
0.38394611
0.20363620
0.23807837
0.29701217
0.22128111
0.17769040
0.16341347
0.13038140
0.14104957
0.16603990
0.26920168
0.22502908
0.30540449
0.35966816
0.33281622
0.37048680
0.49565008
0.59569184
0.42458374
0.36117287
0.32881248
0.35630359
0.56706638
0.47134671
0.64939024
0.63722905
0.39808583
0.35320301
0.33726201
0.38811559
0.38573194
0.43418618
0.60997985
0.40583327
0.41250525
0.45667620
0.53094273
0.54154185
0.50268356
0.40902926
0.45074224
0.35925994
0.35269603
0.36775265
0.47051556
0.57781684
0.54760900
0.65249667
0.42055972
0.47698995
0.44482771
0.48935724
0.46091648
0.42231116
0.40282244
0.35710296
0.44614267
0.56856152
0.40383694
0.42473992
0.62044576
0.52867507
0.48310165
0.63116257
0.45693337
0.58788658
0.63827605
0.43621251
0.46867224
0.42190298
0.48626952
0.60850683
0.43256526
0.49574118
0.62225765
0.57744497
0.41196068
0.59471077
0.37530610
0.37182962
0.48493313
0.60608276
0.51172390
0.39489631
0.36951738
0.46280887
0.49669167
0.56339242
0.49616928
0.55274450
0.45120698
0.42952341
0.41763408
0.42593781
0.44411985
0.53717493
0.45706337
0.41087391
0.51674176
0.47124827
0.42296130
0.59042490
0.66424116
0.49353841
0.42539542
0.57165594
0.55323568
0.49254958
0.55915875
0.65622398
0.65624575
0.55797843
0.66280153
0.60613654
0.51848486
0.47618535
0.46009418
0.53023391
0.54355338
0.55237373
0.52628709
0.53593707
0.54201934
0.62560684
0.66002625
0.70871175
0.69034547
0.56606430
0.60611893
0.66574874
0.58298763
0.72308863
0.68274160
0.68211444
0.73513633
0.65159984
0.72325215
0.66696454
0.65838340
0.58998829
0.66450437
0.63061557
0.59843154
0.60128223
0.62364322
0.67856915
0.68156216
0.80741751
0.83282222
0.85122089
0.75355366
0.61507150
0.67028601
0.77624793
0.78135831
0.68905061
0.66485531
0.57312172
0.61422702
0.65922465
0.77119710
0.75934300
0.70868655
0.74720709
0.70623311
0.60838124
0.71558012
0.78785277
0.76755206
0.71577382
0.69111096
0.85952097
0.81238111
0.88148011
0.89623046
0.88874110
0.84892393
0.79777879
0.84068489
0.88111116
0.85950814
0.86346162
0.87702362
0.80890838
0.77784026
0.87348770
0.81710854
0.79495014
0.86393673
0.91590400
0.89444163
0.94765619
0.92978891
0.92575558
0.95060399
0.93487486
0.93187196
0.92935468
0.94317161
0.93537957
0.93059436
0.93204233
0.90782675
0.89173978
0.92821726
0.84835229
0.87667172
0.94154956
0.95112751
0.92585097
0.91263792
0.92953828
0.94597367
0.95293901
0.92358100
0.92580028
0.93117926
0.92804246
0.95167377
0.94602348
0.94871209
0.95465002
0.97070854
0.96587679
0.97464616
0.97327042
0.93415181
0.92693007
0.96517537
0.93994799
0.92488648
0.93718223
0.93157832
0.94578562
0.95034565
0.95446109
0.96330543
0.96627557
0.95808882
0.94994846
0.95500815
0.96495307
0.95459492
0.93926868
0.96314334
0.94834264
0.96262878
0.97274482
0.97096178
0.97846669
0.96861017
0.97798245
0.98043892
0.97128109
0.97473956
0.97538236
0.96938054
0.97257065
0.97459070
0.98642341
0.98671357
0.98546864
0.98248836
0.98518641
0.98708797
0.98776153
0.98469562
0.98612969
0.98617612
0.98354643
0.97968572
0.97608152
0.97832206
0.98211883
0.98513672
0.98696473
0.98622343
0.97613050
0.97244211
0.97638184
0.98326556
0.98105709
0.98122347
0.98201688
0.98224307
0.98221722
0.98026956
0.97974400
0.97477184
0.96963246
0.97223496
0.97398249
0.97872991
0.98187047
0.98416037
0.98553290
0.98518870
0.98074154
0.97941318
0.97544121
0.97165951
0.96893085
0.97390717
0.97906418
0.97505309
0.97435262
0.98236093
0.98572589
0.98357897
0.97855818
0.98274984
0.98140633
0.97957980
0.98291917
0.97994029
0.98338365
0.98492973
0.97880011
0.98025344
0.97982291
0.98029084
0.97587904
0.98160485
0.98248351
0.98260850
0.98649834
0.98888464
0.98810334
0.98652753
0.98713415
0.98641638
0.98716007
0.98711909
0.98832638
0.98672827
0.98631528
0.98745470
0.98491862
0.98873800
0.98926140
0.98637341
0.98502399
0.98720976
0.98941693
0.98849366
0.98394048
0.98389427
0.98696411
0.98816593
0.98798256
0.98568740
0.98517033
0.98650166
0.98371618
0.98480372
0.98325673
0.97270225
0.97791327
0.98436206
0.98113209
0.98457328
0.98619382
0.98743928
0.98804755
0.98606975
0.98299442
0.98538922
0.98794013
0.98517904
0.98004865
0.97469766
0.97744975
0.97903278
0.98162567
0.98172579
0.98247621
0.97979451
0.98175135
0.98071235
0.98366750
0.98209609
0.97393362
0.96114225
0.94999472
0.95352071
0.96017378
0.96038100
0.96706996
0.96727705
0.97066789
0.97341816
0.97557025
0.97124717
0.97357693
0.97989365
0.97905795
0.97847644
0.97590504
0.97960255
0.97760477
0.97505873
0.97605364
0.97159327
0.97123905
0.97669822
0.98327714
0.98642950
0.98952882
0.99083894
0.98543753
0.98192493
0.97320756
0.98107181
0.98986943
0.98444001
0.98880878
0.98681896
0.98572107
0.98580559
0.98649592
0.98871501
0.98735243
0.98590016
0.98847276
0.99147148
0.99210701
0.99132732
0.98939399
0.98883087
0.98940559
0.99206140
0.99007774
0.98924284
0.98772270
0.98891215
0.98847903
0.98585774
0.98604661
0.99010626
0.99108660
0.99280207
0.99084707
0.98753082
0.98557532
0.98981338
0.99173885
0.99226261
0.98958402
0.98396083
0.98353367
0.98073074
0.97866353
0.98042495
0.98186891
0.97498187
0.97343771
0.97497129
0.97834331
0.97873762
0.98310511
0.98618255
0.97894684
0.97139109
0.97858770
0.98711954
0.98593949
0.98601542
0.98844264
0.98462814
0.97255574
0.97888812
0.98513823
0.98405584
0.98537662
0.98819670
0.98597367
0.97915627
0.98304979
0.98778973
0.98563258
0.98150550
0.98493082
0.98692086
0.98550547
0.98451941
0.98461861
0.98482052
0.98052811
0.98400980
0.98702069
0.98411474
0.98148656
0.97926329
0.97951305
0.98282624
0.98702046
0.98802325
0.98996085
0.98973592
0.98821193
0.98150612
0.97713776
0.98850943
0.99061176
0.98881423
0.98815895
0.98829021
0.98836577
0.99002080
0.99021926
0.98855434
0.98889427
0.98912017
0.99085191
0.98963270
0.98477234
0.98722802
0.98679622
0.98608870
0.98559067
0.98408203
0.98469352
0.98219838
0.98275679
0.98109043
0.98150836
0.97739814
0.97061477
0.96820121
0.97756184
0.98425318
0.98004741
0.97962995
0.98109719
0.97389276
0.96799375
0.97794371
0.97643373
0.96772556
0.96259633
0.97856504
0.98177993
0.98026483
0.97712946
0.98446523
0.98724900
0.98407256
0.97873760
0.98457354
0.97806941
0.97805044
0.98309183
0.97297296
0.97460260
0.97057691
0.97658324
0.97707487
0.97672384
0.97755052
0.96938466
0.95390215
0.97070331
0.97385259
0.97581377
0.95348772
0.93536890
0.96728874
0.95947121
0.95900278
0.95361673
0.95794004
0.93852696
0.94957570
0.97160287
0.97986561
0.97036497
0.94542415
0.93116408
0.92874724
0.94897669
0.95219637
0.96509258
0.92632698
0.88765680
0.89979324
0.88195013
0.91011688
0.96555389
0.97420057
0.93905570
0.92582508
0.93777855
0.91191336
0.93134570
0.90960187
0.91878925
0.95318107
0.87583436
0.86494908
0.90027845
0.89326093
0.86445751
0.88914969
0.91171810
0.88852589
0.82758485
0.84295190
0.81154028
0.75678463
0.84762948
0.87216937
0.80617677
0.72764380
0.69652198
0.78150061
0.85843554
0.87208121
0.79163026
0.83310945
0.91916025
0.85974588
0.86701880
0.86092420
0.85755098
0.89261932
0.87480776
0.89653407
0.82079106
0.81152920
0.75600974
0.75417822
0.85089247
0.78184435
0.80743078
0.81928673
0.77090757
0.73734205
0.78922120
0.82427919
0.74029465
0.81348986
0.79002180
0.78284299
0.85492718
0.79797505
0.83858194
0.83770155
0.76480476
0.66718641
0.69945815
0.80277222
0.68496004
0.70956090
0.63468129
0.76886721
0.78749896
0.74083265
0.71522210
0.69595888
0.77724728
0.64820866
0.64971922
0.75198885
0.70602497
0.55832305
0.43766697
0.55110080
0.47234519
0.47826271
0.63197543
0.42617793
0.55392326
0.68399680
0.74008485
0.69954027
0.78847570
0.67492342
0.57062426
0.58086175
0.68006962
0.61252993
0.52008281
0.53932762
0.74039572
0.78203037
0.68747833
0.70658247
0.71739680
0.63060166
0.52944816
0.59527679
0.62347222
0.63666591
0.39848231
0.33380052
0.45266466
0.56334877
0.65404524
0.51801742
0.39138466
0.36563680
0.33757004
0.26479348
0.22594218
0.32556100
0.37032533
0.24127851
0.44149847
0.44029784
0.37989876
0.55061554
0.44184677
0.59681242
0.40526090
0.36411839
0.34351360
0.37343244
0.48395090
0.51612035
0.70023543
0.67271904
0.75077631
0.67817301
0.65321449
0.56364389
0.42862023
0.33228209
0.45284041
0.37798920
0.32597180
0.45643457
0.55634604
0.46246362
0.40326035
0.53301449
0.37473000
0.31590118
0.38399601
0.50956227
0.53307388
0.51105446
0.30491681
0.18429536
0.18750097
0.34782575
0.26636180
0.17800761
0.19159795
0.23544633
0.27324605
0.22701199
0.28934194
0.37264235
0.23539515
0.19704767
0.18128064
0.22975703
0.32212856
0.23001233
0.16069323
0.15873507
0.16909799
0.26779956
0.19598254
0.27115745
0.26061842
0.31123707
0.23173602
0.25256348
0.30081465
0.29777811
0.27719294
0.32139870
0.37793231
0.29285179
0.29705103
0.41981263
0.51239462
0.37134491
0.27760688
0.20108862
0.16724703
0.19154532
0.19610924
0.18027198
0.30644423
0.16219278
0.18864331
0.32909669
0.12346155
0.07681927
0.07704546
0.07680531
0.18909650
0.14286960
0.12027213
0.07946731
0.19500612
0.07854354
0.11719341
0.09187603
0.09667361
0.18134730
0.22384508
0.15865627
0.16787454
0.16031578
0.18656313
0.24478108
0.14317768
0.08992636
0.09910198
0.14678461
0.33156088
0.29263218
0.28879917
0.28085796
0.27504161
0.12810340
0.14124935
0.13814453
0.11575579
0.13368837
0.11048765
0.08847929
0.29349519
0.10434495
0.12462017
0.19857785
0.13930368
0.12164798
0.15075345
0.11282058
0.14576151
0.26064978
0.19006900
0.21794115
0.30219848
0.25084183
0.18066212
0.14456488
0.15476372
0.25332768
0.22970598
0.11747520
0.11111549
0.09683209
0.06666586
0.10962651
0.16690567
0.12121921
0.16991901
0.15359276
0.13096204
0.14468972
0.15306887
0.15219640
0.16809854
0.31701558
0.19846730
0.38237118
0.27814952
0.29595697
0.44116627
0.39955769
0.35309933
0.22322574
0.25806479
0.21316138
0.20268122
0.10405857
0.11051083
0.14323468
0.14058601
0.12102258
0.13162930
0.15368751
0.15223182
0.25334686
0.20768858
0.19925745
0.16449675
0.20267594
0.14772532
0.31865505
0.10567646
0.10936010
0.12419035
0.14483763
0.30714004
0.34918581
0.17665597
0.18092453
0.18969577
0.17143912
0.18786173
0.16018519
0.12220960
0.10971061
0.08061824
0.09545063
0.12988184
0.15176390
0.32159525
0.19119561
0.24492528
0.23944880
0.18818001
0.16765569
0.20809139
0.26862279
0.23298650
0.15723765
0.22923642
0.20520874
0.19549479
0.17937396
0.12174771
0.12924405
0.13828241
0.16442124
0.28517358
0.27941358
0.25979994
0.23595437
0.25758185
0.31956819
0.21793838
0.20636730
0.21211537
0.14205321
0.10754815
0.10009348
0.21823004
0.10815629
0.08850787
0.10782008
0.08265428
0.10697553
0.14726601
0.19209523
0.21155351
0.23458562
0.28692937
0.25527211
0.43288175
0.29582378
0.27344296
0.26897393
0.31336864
0.50655551
0.34193741
0.32365764
0.32845727
0.32579493
0.29768691
0.30210616
0.29320646
0.24412556
0.27735763
0.38381076
0.25644507
0.37479068
0.48945698
0.31834951
0.27313677
0.24308274
0.37065260
0.29433899
0.25760624
0.21223002
0.21162355
0.21376417
0.18785063
0.36462733
0.18352158
0.19679373
0.22329433
0.19372798
0.19587957
0.28459711
0.36433668
0.29939766
0.25395900
0.29464015
0.38320970
0.46536140
0.47059065
0.29220424
0.26212962
0.30968101
0.46529015
0.29268822
0.31890702
0.37482527
0.33259603
0.24399295
0.31787121
0.39442875
0.22662476
0.32886510
0.21279211
0.25485070
0.28417317
0.25910530
0.26429534
0.34338739
0.36676611
0.41730925
0.35728258
0.39596115
0.44505761
0.45943139
0.33654205
0.47803983
0.31945375
0.31905396
0.44045702
0.37094406
0.31082042
0.33232338
0.35733921
0.33065401
0.36482061
0.54666650
0.27898913
0.20972999
0.15724705
0.16032216
0.15389196
0.13068011
0.10999411
0.11655612
0.12709621
0.18362717
0.17359220
0.20813307
0.29107902
0.34720237
0.52477351
0.27314251
0.30105163
0.30053521
0.28556278
0.27094506
0.28034021
0.41393939
0.35205857
0.38587416
0.39041335
0.29566963
0.29277436
0.36432499
0.41067268
0.29540303
0.28438247
0.26077620
0.21515867
0.14149112
0.26834199
0.19218640
0.18832386
0.23852509
0.27476334
0.34938444
0.39566914
0.53034829
0.40727147
0.44749838
0.32299009
0.42787968
0.33169648
0.22785834
0.22993256
0.20211376
0.14618984
0.13387031
0.11845638
0.12891136
0.15523053
0.23215298
0.43068524
0.26735479
0.43129916
0.26466541
0.26861964
0.31338309
0.28034500
0.23707065
0.23384649
0.26519593
0.24460989
0.24044220
0.20496039
0.20627169
0.17903020
0.18126557
0.27361620
0.22970141
0.38887175
0.38630942
0.31739362
0.17077296
0.18853554
0.19284704
0.22203615
0.21925297
0.17990204
0.16103021
0.24348317
0.16439769
0.15592663
0.17474632
0.24415333
0.17366394
0.16631575
0.12205831
0.12996215
0.13414091
0.19972945
0.21260270
0.14221188
0.15933368
0.14935163
0.14928294
0.17482348
0.14017144
0.12175969
0.11325384
0.19329876
0.23499941
0.13537537
0.13876172
0.13930458
0.13048675
0.13378236
0.20590235
0.19028263
0.29369785
0.26649421
0.23594890
0.16208601
0.16707289
0.16729737
0.18499447
0.13815062
0.17393471
0.18128764
0.12822098
0.15342450
0.24484862
0.29290479
0.30655078
0.21128935
0.17896823
0.16959545
0.16826749
0.18702436
0.18210632
0.17397883
0.16875005
0.23634829
0.32146802
0.18808484
0.20153638
0.25170476
0.19896550
0.17702992
0.16310376
0.22128623
0.16971455
0.15270138
0.16519036
0.20189924
0.22375668
0.24033803
0.20729350
0.18071688
0.19444037
0.19669824
0.16019197
0.13828698
0.12199385
0.10765154
0.10725760
0.12785663
0.21238956
0.17949890
0.20201885
0.25724886
0.37230130
0.30401048
0.25094158
0.22583487
0.25464391
0.16893772
0.18798036
0.18311983
0.18127207
0.16326711
0.13058539
0.17183931
0.17457093
0.22337868
0.16823168
0.26535847
0.21529931
0.20298949
0.17654968
0.14458879
0.15002021
0.14455289
0.14092778
0.20349396
0.20701567
0.37806829
0.18911468
0.17057546
0.22024620
0.26556481
0.19889015
0.17737583
0.17920036
0.23512522
0.28024060
0.26018621
0.18396689
0.20379503
0.22074065
0.18975844
0.15604098
0.16076004
0.19547745
0.17492090
0.29736449
0.19268871
0.18147962
0.18501347
0.22452526
0.22509030
0.26418496
0.21683560
0.19494503
0.22609294
0.25445816
0.24728167
0.30396299
0.19486412
0.33178052
0.20039938
0.13398946
0.16834223
0.16538956
0.17957985
0.21451441
0.29394775
0.37103858
0.22089608
0.21087906
0.20433530
0.20461660
0.22875328
0.25891251
0.21832497
0.23816715
0.18372238
0.16735010
0.17703037
0.19341230
0.21721851
0.24416749
0.21546470
0.21141769
0.18351213
0.18739191
0.31330090
0.20478636
0.21172565
0.21765348
0.17768117
0.19894179
0.20995302
0.18711232
0.18287654
0.22080407
0.30313588
0.39771695
0.25266183
0.29929321
0.29066161
0.36279005
0.42983423
0.41965924
0.41125545
0.36989564
0.36160171
0.41426690
0.49290287
0.35371847
0.32917997
0.30459745
0.28351039
0.25684394
0.25524862
0.23456740
0.22292132
0.18045755
0.24139749
0.23848690
0.19635046
0.20997577
0.26654735
0.26542193
0.22742973
0.28318972
0.36657168
0.23125998
0.23835988
0.22976864
0.20826158
0.21760571
0.21984485
0.25471166
0.23418963
0.23338446
0.34370309
0.29968502
0.20090467
0.19736236
0.20912574
0.18923127
0.15283737
0.19074426
0.23897216
0.41361789
0.31447998
0.36480363
0.35016128
0.48143782
0.42242542
0.28645580
0.30604583
0.31476390
0.21294237
0.24218081
0.19852703
0.26601885
0.19010335
0.15565358
0.12978249
0.14563823
0.14601680
0.17332234
0.19455077
0.22939845
0.39583452
0.35299421
0.51763588
0.44768171
0.26113423
0.22501006
0.15917801
0.13157866
0.14344706
0.19081608
0.19822838
0.24831980
0.29452388
0.20796445
0.19017358
0.18354542
0.29392093
0.28787712
0.35170891
0.22010602
0.20529373
0.22384853
0.25414742
0.33925511
0.29137769
0.42500035
0.32304298
0.30911864
0.43141425
0.54625906
0.45035248
0.34224086
0.33216112
0.32562599
0.48891325
0.44793992
0.39181693
0.44805036
0.55133953
0.53668882
0.27570169
0.26649918
0.25137980
0.30751165
0.34036215
0.53596532
0.43567555
0.43163816
0.43968961
0.46528186
0.35855991
0.33030976
0.30109952
0.15825498
0.14671060
0.21217126
0.17383912
0.15595337
0.15718447
0.18005709
0.16443134
0.17884784
0.17899726
0.17023740
0.14425697
0.12705481
0.14640778
0.15307890
0.17805591
0.21441226
0.43006666
0.25154930
0.25009208
0.24992149
0.26576978
0.26220342
0.23851482
0.21973748
0.31523264
0.23004733
0.14805573
0.17368746
0.24744370
0.38287061
0.20499071
0.17925575
0.17263991
0.28406544
0.37797996
0.29070726
0.40579102
0.57210989
0.46796627
0.45526125
0.55488962
0.35898582
0.32931198
0.47218109
0.34876488
0.29106760
0.30721766
0.31010772
0.32097031
0.24760039
0.25416175
0.32916208
0.29885693
0.23466884
0.27201335
0.26119466
0.26839457
0.23652994
0.19257090
0.17213265
0.14318660
0.23406148
0.16885324
0.17491573
0.15722677
0.13367329
0.10968373
0.10042170
0.09719167
0.23600525
0.13746300
0.17329123
0.34639192
0.22195205
0.21015507
0.17989068
0.21854619
0.20503779
0.20753606
0.21891048
0.26111598
0.17340878
0.18960737
0.22934551
0.17284096
0.19727960
0.27042006
0.44282731
0.44512465
0.33400887
0.49584970
0.56043345
0.63152640
0.44178159
0.33782960
0.54657381
0.35035089
0.31552766
0.32987493
0.31870918
0.36047775
0.45229264
0.41187515
0.41177564
0.36131810
0.32611474
0.28351580
0.27419415
0.23283771
0.31622296
0.19863426
0.18369198
0.26815183
0.17199442
0.19071580
0.23408518
0.19832109
0.21669273
0.20130021
0.15468671
0.19654096
0.34231339
0.23415127
0.33725694
0.30486152
0.32362635
0.24526530
0.20253963
0.30879285
0.44383181
0.25096823
0.36268084
0.24487846
0.20453397
0.22820837
0.24151737
0.27092439
0.19894188
0.23369381
0.21221235
0.19684081
0.16114618
0.20219997
0.33223143
0.18082242
0.20313410
0.20980843
0.30187540
0.36319445
0.41186329
0.36301761
0.32571657
0.33310560
0.39303281
0.33509559
0.40402446
0.36938810
0.34684884
0.46908162
0.46361149
0.54246352
0.52029447
0.39754099
0.36826409
0.41739779
0.38932110
0.46134679
0.47100412
0.35034272
0.41796960
0.40092930
0.33461246
0.32964673
0.29281110
0.45598107
0.29922158
0.30501728
0.36619607
0.33466681
0.22391153
0.31196705
0.22909716
0.23138544
0.29544074
0.27973918
0.27056376
0.38435208
0.52297483
0.35520310
0.40130418
0.38915606
0.39748247
0.42911077
0.45037542
0.50016726
0.38598273
0.40641872
0.53620747
0.48697478
0.42203555
0.52796304
0.50632627
0.58703756
0.50010778
0.49058536
0.49824801
0.58536429
0.64731149
0.68536715
0.59732595
0.65436896
0.70317299
0.64175511
0.59808175
0.60259671
0.55385969
0.51739442
0.51771409
0.56712778
0.54166510
0.51451163
0.64332055
0.61966517
0.40880699
0.26148686
0.23238915
0.36140855
0.38035705
0.34415436
0.28898348
0.30119286
0.27574476
0.38043796
0.36297124
0.49231876
0.31096787
0.24686559
0.26676256
0.40734323
0.33192638
0.36892633
0.59553750
0.47989294
0.42042461
0.67794137
0.50999041
0.51862308
0.54905741
0.62760387
0.46208453
0.40090889
0.39463876
0.47895367
0.46850549
0.48856019
0.55354905
0.63147087
0.55295387
0.54018913
0.67795836
0.59622108
0.50867778
0.66631874
0.62780041
0.73212882
0.66227444
0.71065868
0.75085888
0.70105526
0.69743444
0.68167568
0.69307490
0.58089693
0.62188266
0.51473049
0.51541123
0.66520432
0.58214248
0.52747472
0.57392597
0.56238950
0.73926929
0.70529572
0.67233304
0.72813563
0.75706438
0.74517120
0.59625765
0.71067498
0.76223774
0.76518873
0.70117915
0.73105451
0.76280954
0.82377643
0.84728113
0.82991270
0.80754800
0.85476029
0.78272130
0.82033187
0.83654874
0.78429124
0.75377712
0.75731634
0.80652261
0.81479994
0.78312391
0.86075205
0.87792684
0.87344006
0.86318255
0.79385071
0.82203616
0.89560947
0.85419869
0.79746583
0.81509351
0.79803245
0.77382126
0.78212405
0.73992704
0.80038295
0.82869885
0.78822539
0.77421092
0.80128426
0.84234170
0.84674126
0.86652082
0.88601938
0.90076275
0.91318316
0.90755551
0.89407566
0.92071519
0.92325655
0.93823336
0.93411486
0.94893583
0.93982527
0.92182033
0.93297121
0.92524009
0.91231246
0.94901940
0.95341843
0.93216403
0.89684523
0.91728265
0.91875270
0.93195590
0.91156355
0.89323603
0.88137305
0.89526113
0.94063435
0.94543113
0.92699447
0.91462323
0.91828061
0.93653794
0.93455110
0.91473764
0.89726793
0.90754098
0.90964848
0.89919466
0.90310682
0.91033855
0.91793370
0.94103724
0.95656211
0.96476729
0.96483368
0.97136222
0.96255770
0.95615251
0.95794270
0.96192661
0.95284112
0.95085574
0.95401759
0.95872452
0.95118507
0.96384475
0.95870321
0.94996121
0.94684364
0.95076247
0.95480165
0.95722924
0.94548740
0.95424817
0.94993657
0.94696487
0.93801819
0.91761257
0.90632834
0.90452029
0.92643440
0.93806868
0.94653015
0.96514533
0.96286533
0.95208496
0.93588189
0.94498598
0.95448558
0.95770575
0.96067123
0.95902968
0.96551691
0.95868931
0.94838094
0.93945636
0.93306762
0.93140793
0.93416625
0.94518102
0.95373133
0.96706598
0.97311493
0.97660107
0.97671092
0.97646296
0.97535270
0.97461085
0.97523890
0.97609318
0.96765468
0.96793332
0.97292849
0.97115679
0.97198674
0.97202127
0.96488495
0.96240387
0.96236962
0.97304183
0.97451618
0.97255742
0.96760564
0.96200892
0.96446691
0.96121654
0.95984111
0.96388708
0.96707735
0.97119614
0.97107806
0.96583878
0.95705110
0.95435410
0.96801087
0.96646040
0.96088185
0.95237163
0.94779549
0.95272197
0.95473679
0.95757839
0.96499487
0.97374585
0.97302957
0.96926634
0.96715996
0.96556568
0.96600994
0.96331289
0.95987639
0.95450331
0.94117951
0.93573115
0.93308256
0.93485337
0.94026571
0.94464833
0.95562143
0.95915721
0.95249774
0.94944909
0.95834902
0.96495088
0.96639087
0.97222011
0.97512447
0.97516851
0.96694080
0.96330908
0.97569079
0.97744776
0.97226152
0.97160711
0.97155610
0.96395775
0.97228813
0.97749129
0.97977226
0.98567137
0.99036156
0.98898778
0.98424260
0.98540048
0.98873348
0.98692692
0.98386536
0.97986630
0.98275013
0.98427355
0.98023154
0.97176087
0.97229010
0.97782316
0.97949057
0.98023816
0.98104240
0.97156217
0.97315717
0.96086670
0.96386131
0.96909365
0.96965066
0.97812661
0.96644835
0.97171687
0.96906220
0.95802455
0.96005952
0.96732175
0.96935216
0.96787307
0.96100780
0.96605150
0.97551598
0.98041684
0.97900810
0.97857679
0.97881672
0.97633712
0.97429020
0.97175835
0.97876091
0.97829135
0.97711978
0.97687783
0.97682760
0.97939053
0.97898686
0.97931956
0.97983302
0.98069886
0.97670888
0.96885916
0.95264249
0.94813230
0.95043323
0.95394215
0.95545232
0.95514223
0.95585858
0.96586801
0.97431707
0.97726758
0.97501139
0.96252972
0.95737634
0.95443122
0.95139297
0.96063164
0.96007623
0.96744065
0.96997813
0.97131587
0.96540239
0.96192550
0.95748248
0.96596814
0.97101866
0.97196947
0.97607177
0.97618550
0.97977945
0.98354874
0.98421434
0.98443514
0.97927277
0.97355044
0.98116709
0.98657457
0.98286726
0.98480859
0.98892130
0.98975912
0.99187359
0.98728113
0.98589962
0.98755763
0.98339334
0.98467951
0.98507794
0.97502331
0.97375045
0.98087845
0.98530546
0.98879942
0.98921204
0.98820644
0.98716353
0.98548006
0.98353975
0.98430309
0.98670240
0.98729208
0.98464273
0.98587014
0.98579561
0.98565122
0.98656237
0.98271506
0.98293696
0.98017067
0.97923115
0.98466704
0.98551771
0.98261769
0.98083822
0.98396896
0.98132979
0.98036384
0.97658520
0.97619791
0.97791191
0.97481138
0.96863138
0.96328091
0.96531687
0.96884424
0.97534848
0.97698795
0.97789759
0.97799537
0.97842435
0.98101760
0.97716229
0.97157128
0.97231611
0.97637887
0.97657945
0.97771000
0.97898122
0.97907313
0.97801351
0.97449399
0.97538294
0.97887047
0.98234601
0.98172582
0.97250618
0.97945631
0.98787787
0.98545507
0.98764228
0.98657558
0.98324721
0.98029730
0.97595810
0.97251368
0.97608271
0.97828528
0.97687132
0.97991560
0.98339405
0.98453696
0.98571348
0.98734600
0.98711122
0.98635693
0.98451089
0.98524652
0.98648038
0.98647722
0.98517606
0.98538259
0.98469643
0.98349681
0.98063904
0.98099010
0.98334902
0.98306517
0.98002834
0.97833596
0.97734643
0.97952485
0.97922705
0.97521517
0.97557950
0.97790533
0.97490696
0.97401766
0.97514923
0.97558344
0.97382822
0.97314504
0.97420167
0.97731913
0.97625662
0.97574374
0.97783511
0.97976167
0.97540305
0.96650087
0.96806595
0.96533826
0.96205457
0.96909342
0.96537573
0.96266320
0.97200146
0.98005606
0.96754506
0.95594407
0.95350881
0.94892587
0.94448136
0.93138433
0.92318953
0.92535294
0.91899470
0.91985746
0.93330985
0.93527266
0.93728086
0.91816836
0.91478943
0.89797789
0.87892056
0.88577232
0.89396828
0.87676294
0.87025660
0.84906908
0.87061054
0.88036891
0.92344976
0.95672453
0.92821118
0.91886634
0.95176323
0.93276884
0.93458205
0.92997230
0.91559240
0.91539941
0.93369166
0.90355577
0.91822741
0.96285219
0.96409167
0.96052425
0.92392651
0.94494104
0.97053454
0.96224963
0.95517481
0.93086092
0.94470387
0.92187167
0.95136699
0.95824223
0.96315036
0.94945633
0.94828195
0.88355530
0.87978695
0.90847431
0.90729382
0.93033559
0.93678189
0.87553894
0.85800555
0.83759150
0.86725282
0.91406256
0.89207970
0.89826064
0.82209244
0.77614729
0.74442710
0.74382139
0.73778456
0.71987839
0.80223418
0.83657523
0.66076122
0.54450347
0.65166194
0.69159871
0.78716077
0.68033320
0.63513421
0.62465490
0.65796826
0.59413127
0.58780702
0.65954039
0.75689046
0.69473979
0.57338041
0.60116023
0.68957762
0.71828417
0.58413776
0.65796799
0.67646381
0.68242914
0.63730903
0.59370184
0.48454575
0.55788967
0.74748335
0.83140794
0.83240335
0.80783516
0.83801637
0.90692563
0.85449464
0.84187561
0.87614622
0.89132623
0.86473169
0.74574216
0.70011447
0.74538940
0.82343630
0.84844213
0.83504296
0.74300312
0.75495002
0.73866537
0.83322744
0.91680105
0.81243080
0.87882243
0.72704270
0.73515456
0.66803682
0.62690097
0.65522603
0.61912226
0.69817265
0.61040668
0.56715183
0.43673122
0.42755717
0.40962537
0.40875190
0.46146672
0.46097678
0.51557143
0.49366867
0.44165427
0.50085490
0.58398981
0.47588958
0.46289527
0.36778747
0.36036334
0.46096392
0.46388127
0.64022098
0.69210064
0.49588618
0.50304765
0.49142116
0.49079502
0.47468950
0.43476702
0.51292777
0.56560926
0.43551683
0.35786537
0.36687014
0.49836362
0.46526317
0.34382703
0.33288227
0.31336040
0.36864174
0.51702719
0.37770451
0.32655537
0.28119840
0.40724874
0.37868477
0.44833896
0.34490954
0.30977089
0.26099832
0.20962671
0.30384386
0.29867693
0.31682642
0.29405726
0.27618327
0.31758247
0.44002834
0.39119124
0.41024857
0.33149436
0.32741523
0.20046189
0.16489332
0.30598093
0.31277430
0.22712126
0.20952704
0.24048098
0.27658943
0.39779530
0.48739155
0.58369370
0.30040440
0.30445527
0.24337950
0.25089307
0.30273371
0.37162391
0.44402211
0.33333872
0.33849100
0.19732225
0.25667754
0.31594550
0.46732049
0.51481212
0.30953132
0.44905290
0.48409674
0.49145754
0.52976788
0.50001352
0.49926733
0.47820451
0.55405365
0.65747945
0.52387959
0.51552803
0.39542564
0.33334450
0.40745583
0.54051049
0.40930982
0.44645407
0.26680411
0.23424319
0.23107337
0.35805066
0.36123838
0.42569888
0.31541862
0.30570384
0.32514690
0.38015216
0.35927352
0.31694784
0.26931617
0.24284472
0.27884069
0.43146211
0.54385686
0.28455110
0.27899900
0.30936509
0.33623253
0.40012253
0.33898029
0.26810381
0.27435619
0.28825514
0.35597944
0.37579824
0.33575116
0.44531547
0.39600680
0.34669633
0.37322959
0.30587778
0.28589137
0.27239319
0.27592816
0.29076271
0.37529778
0.38260054
0.44770848
0.32935358
0.40739715
0.39024446
0.38189101
0.50144215
0.35579950
0.44671622
0.28876170
0.24642558
0.28768909
0.46283464
0.35917336
0.31305931
0.25672113
0.28009609
0.22115828
0.19369516
0.17693024
0.19419639
0.17552587
0.21336365
0.41765123
0.26387553
0.28759640
0.34156520
0.24400803
0.23324169
0.29728987
0.27775357
0.25561695
0.40697905
0.41239348
0.35855349
0.31383637
0.33933159
0.37137627
0.29868074
0.24976684
0.24568336
0.23840711
0.22700651
0.21022365
0.21844248
0.30270608
0.40713530
0.37438386
0.26115004
0.30421839
0.34474929
0.27472558
0.24928924
0.27059138
0.26302146
0.31713520
0.48410129
0.23646474
0.23836446
0.24921228
0.19214675
0.21543113
0.22180738
0.19652302
0.21931361
0.19664059
0.21993356
0.41411357
0.30381134
0.42325825
0.29202812
0.26024564
0.25291765
0.29618229
0.33989521
0.26811062
0.27712988
0.27123566
0.26575678
0.28107497
0.30420575
0.35578396
0.33155362
0.48042184
0.39300491
0.27070901
0.28429190
0.31800090
0.29234376
0.23243971
0.30133283
0.34266066
0.29296184
0.30360470
0.43180044
0.36528512
0.20943882
0.25301957
0.28590049
0.42391859
0.23407761
0.19530392
0.22532184
0.26242357
0.32857554
0.35939535
0.33378624
0.30514046
0.49464045
0.37773098
0.32780124
0.32271982
0.40685628
0.34879354
0.34039591
0.27935821
0.24207144
0.27624196
0.49996824
0.37129911
0.49364071
0.35912887
0.31388773
0.35483417
0.57612148
0.48832723
0.38343750
0.37440787
0.28381324
0.33192432
0.28531926
0.32260458
0.33868010
0.42334685
0.35996467
0.34001225
0.30881211
0.37217459
0.39552592
0.38572059
0.34254991
0.38815875
0.43871455
0.41163704
0.46133145
0.27982668
0.30571537
0.42398368
0.30295651
0.32574063
0.48057772
0.37554811
0.35442746
0.31757978
0.33777556
0.37797800
0.31332907
0.51785667
0.37976695
0.38389660
0.41552379
0.44211956
0.41607165
0.34228295
0.42694438
0.47073547
0.45921883
0.57335156
0.45717193
0.46150835
0.43493759
0.45694859
0.35311160
0.45850746
0.44971892
0.57187231
0.44883013
0.53270518
0.62535993
0.37947064
0.42167812
0.45500887
0.43143060
0.39025437
0.45194976
0.33711822
0.35124446
0.40223897
0.55817866
0.59415228
0.43442124
0.43140462
0.40119968
0.43532094
0.36552797
0.34523801
0.34170440
0.53792796
0.36053792
0.55956673
0.41726958
0.55630586
0.48083994
0.39299772
0.40831889
0.67693887
0.60535255
0.68538217
0.45209826
0.38040548
0.42140036
0.54301824
0.48990594
0.38654182
0.39584127
0.42415477
0.43181025
0.43917450
0.38232367
0.39681198
0.43531633
0.62584686
0.54513045
0.49732297
0.48421212
0.46831088
0.40812234
0.36229916
0.34006349
0.33141885
0.33704752
0.38509721
0.51803942
0.45261521
0.47606854
0.43356279
0.40805017
0.38576481
0.37988995
0.37928900
0.41351685
0.37281623
0.36380682
0.55673793
0.47468486
0.41082308
0.27293705
0.26802920
0.36053967
0.31144886
0.27692405
0.47757373
0.44921696
0.36842453
0.40177353
0.33059176
0.31336033
0.36017948
0.41152587
0.32068942
0.32914825
0.39201644
0.39324004
0.30588583
0.32537424
0.37062267
0.39913140
0.42617322
0.68248851
0.49957303
0.50347148
0.51211143
0.49618179
0.64165467
0.35849337
0.35631572
0.40798071
0.61747496
0.39790548
0.39554646
0.57736410
0.53922143
0.39965153
0.35697023
0.33305311
0.33952161
0.49920476
0.45353813
0.45231488
0.48415966
0.65836243
0.49902057
0.51200563
0.46790019
0.44946677
0.49835346
0.62512810
0.34800539
0.37249283
0.45902523
0.54109200
0.52734284
0.44604545
0.36318029
0.32735779
0.33942481
0.43495370
0.48459278
0.61465572
0.44114283
0.41478137
0.52542670
0.53593304
0.34249500
0.41440615
0.38128863
0.55359108
0.52497081
0.55275823
0.37270867
0.47900484
0.50933004
0.40204180
0.32444889
0.33491135
0.45224856
0.47854441
0.62538432
0.44834545
0.40308473
0.32977264
0.40977181
0.60145167
0.52206453
0.63725839
0.37541820
0.39611084
0.56134066
0.55881595
0.55752232
0.55072427
0.40240397
0.39840195
0.34677256
0.37614791
0.62701879
0.61437893
0.64945916
0.53654828
0.55433745
0.53882218
0.47213952
0.51518007
0.55957027
0.60775762
0.49284876
0.63697963
0.66824099
0.61578029
0.57655727
0.48548838
0.56482877
0.58452951
0.49961152
0.61077214
0.48125759
0.38881514
0.53595523
0.60778708
0.54086902
0.60012654
0.66832069
0.56564927
0.56948824
0.64208515
0.66941622
0.58652873
0.52863200
0.62821090
0.61721367
0.69466111
0.60577817
0.60268112
0.66541682
0.67486496
0.66347894
0.67097473
0.67590661
0.69316178
0.68131194
0.73180871
0.74331376
0.74523993
0.75022463
0.74092518
0.72017541
0.80336664
0.82273406
0.80548499
0.76916788
0.76152506
0.80707922
0.82963256
0.84157960
0.75382809
0.82375737
0.87995773
0.85081484
0.86458728
0.85552029
0.89629568
0.90134833
0.88234537
0.88982048
0.89919166
0.91158290
0.89608691
0.90340883
0.92646161
0.90174519
0.88250873
0.89411292
0.92784179
0.91963607
0.92486621
0.91730106
0.92311915
0.94294128
0.94501875
0.94312074
0.93172358
0.92644683
0.91577962
0.93113329
0.93747680
0.95224081
0.95301492
0.94806135
0.95885009
0.95189267
0.94446293
0.94557364
0.94906492
0.94951481
0.94546407
0.95662522
0.95096683
0.94305509
0.95536531
0.95589070
0.95482150
0.95259511
0.94161172
0.94059302
0.94558572
0.95055105
0.94587831
0.94431477
0.95596358
0.95660515
0.94451481
0.94538238
0.95611041
0.95831768
0.95815748
0.95640378
0.96417279
0.96366124
0.95869278
0.95626091
0.96053675
0.96280995
0.96060185
0.95992457
0.96565892
0.96950684
0.96923412
0.96933634
0.96949572
0.97063888
0.96446539
0.95955627
0.96599668
0.97359005
0.97696142
0.97639595
0.97944193
0.97971522
0.97840749
0.97930019
0.97922047
0.97818397
0.97724764
0.97509850
0.97658835
0.97506046
0.97698580
0.97540156
0.97459967
0.97519788
0.97360899
0.97690831
0.97788796
0.97573229
0.97442912
0.97617878
0.97462305
0.97516318
0.96928670
0.97106339
0.97413134
0.97411239
0.97170383
0.96943588
0.96747359
0.96437411
0.96400300
0.96914894
0.96422624
0.96252890
0.96726725
0.96528276
0.95818287
0.96313461
0.97602791
0.97723449
0.97537121
0.97363782
0.97591942
0.98037904
0.98067804
0.97519250
0.97260039
0.97619593
0.97412996
0.97805998
0.97684489
0.97782473
0.97336914
0.97705982
0.97616337
0.97971713
0.98238313
0.98300726
0.98143436
0.98070271
0.97895846
0.97645635
0.97615202
0.97740639
0.97741627
0.97463660
0.97386947
0.97666537
0.97602729
0.97419109
0.97289757
0.97429914
0.97869816
0.98173333
0.98385204
0.98292025
0.98137157
0.98170717
0.98317366
0.98237921
0.98226732
0.98254471
0.98533017
0.98484625
0.98512534
0.98574571
0.98664326
0.98533077
0.98534839
0.98394357
0.98412034
0.98666292
0.98596741
0.98739448
0.98730246
0.98598256
0.98127569
0.97430627
0.97065566
0.96700846
0.97156126
0.97463673
0.98239829
0.99009129
0.99132474
0.98943186
0.98421462
0.98254330
0.98408789
0.98503055
0.98284194
0.98055069
0.98007587
0.98044179
0.98174987
0.98398631
0.98333277
0.98403662
0.98365927
0.98436555
0.98375529
0.98485567
0.98787716
0.98931997
0.98267831
0.97973265
0.98136449
0.97840016
0.97948571
0.97645114
0.98080335
0.98453539
0.98492416
0.98385452
0.98371237
0.97943510
0.97405171
0.97487342
0.97189370
0.97134066
0.97174095
0.97330629
0.98118826
0.98481884
0.98423497
0.98366121
0.98820918
0.98750332
0.98587528
0.98431188
0.97540968
0.97675741
0.98396744
0.98195182
0.97911325
0.97163342
0.96686691
0.96356038
0.96447901
0.97052388
0.96413376
0.96775317
0.97479073
0.97704055
0.98041129
0.98088889
0.97991528
0.98081363
0.98500629
0.98261062
0.97430914
0.97163392
0.97231198
0.97661393
0.98521957
0.98506275
0.98536071
0.98634577
0.98578434
0.98083840
0.98317218
0.98371473
0.98364340
0.98021493
0.98174778
0.98245227
0.98337548
0.97977481
0.97976586
0.98577285
0.98587806
0.98452472
0.98771063
0.98796951
0.98804059
0.98348702
0.97685728
0.98007496
0.98735080
0.98655556
0.98590550
0.98500795
0.98513612
0.98572135
0.98531286
0.98377941
0.98164885
0.98282608
0.97949422
0.98161376
0.98062034
0.97956854
0.97940450
0.98057014
0.98281663
0.98448326
0.98672794
0.98325350
0.98459940
0.98508815
0.98046160
0.98241155
0.98455837
0.98372600
0.98687317
0.98808704
0.98810288
0.98616587
0.98105814
0.98536594
0.98247432
0.98401012
0.97688653
0.98050009
0.98166753
0.98368377
0.98540116
0.98478847
0.98417826
0.98509575
0.98387858
0.98173023
0.98092351
0.98201725
0.98360195
0.98348790
