0.99432596
0.99432596
0.99581457
0.99516309
0.99516309
0.99516309
0.99516309
0.99516309
0.99819314
0.99820771
0.99820771
0.99268766
0.99268766
0.99268766
0.99268766
0.99268766
0.99370655
0.99662376
0.99802780
0.99802780
0.99065752
0.99065752
0.99065752
0.99065752
0.99065752
0.99743698
0.99782318
0.99766233
0.99766233
0.99766233
0.99766233
0.99546454
0.99546454
0.99546454
0.99546454
0.99546454
0.99614238
0.99614238
0.99614238
0.99614238
0.99614238
0.99730039
0.99681183
0.99681183
0.99681183
0.99681183
0.99681183
0.99732682
0.99778624
0.99728732
0.99728732
0.99728732
0.99728732
0.99463975
0.99463975
0.99174789
0.99174789
0.99174789
0.99174789
0.99174789
0.99671602
0.99671602
0.99671602
0.99671602
0.99500343
0.99500343
0.99500343
0.99500343
0.99500343
0.99644808
0.99644808
0.99644808
0.98963531
0.98963531
0.98963531
0.98963531
0.98963531
0.99682410
0.99682410
0.99496543
0.99496543
0.99496543
0.99496543
0.99496543
0.99778562
0.99778562
0.99778562
0.99778562
0.99778562
0.99814504
0.99814504
0.99678176
0.99678176
0.99678176
0.99563395
0.99563395
0.99563395
0.99563395
0.99563395
0.99591233
0.99591233
0.99866666
0.99866666
0.99866666
0.99905576
0.99537937
0.99537937
0.99537937
0.99537937
0.99537937
0.99749132
0.99020557
0.99020557
0.99020557
0.99020557
0.99020557
0.99474305
0.99474305
0.99351139
0.99351139
0.99351139
0.99351139
0.99351139
0.99775110
0.99521540
0.99521540
0.99521540
0.99448209
0.99448209
0.99448209
0.99448209
0.99448209
0.99722823
0.99722823
0.99722823
0.99722823
0.99590143
0.99590143
0.99503019
0.99503019
0.99503019
0.99503019
0.99503019
0.99511434
0.99511434
0.99511434
0.99887398
0.99880283
0.99853602
0.99853602
0.99853602
0.99670785
0.99670785
0.99670785
0.99670785
0.99670785
0.99722289
0.99754760
0.99754760
0.99754760
0.99754760
0.99795041
0.99795041
0.99795041
0.99093915
0.99093915
0.99093915
0.99093915
0.99093915
0.99482332
0.99482332
0.99482332
0.99482332
0.99724080
0.99724080
0.99724080
0.99746615
0.99705740
0.99572989
0.99572989
0.99572989
0.99572989
0.99572989
0.99598772
0.99598772
0.99762210
0.99738928
0.99738928
0.99738928
0.99738928
0.99738928
0.99626977
0.99626977
0.99626977
0.99626977
0.99626977
0.99663358
0.99663358
0.99663358
0.99663358
0.99663358
0.99769680
0.99848364
0.99690638
0.99553316
0.99553316
0.99553316
0.99553316
0.99553316
0.99553345
0.99553345
0.99606475
0.99390033
0.99390033
0.99390033
0.99390033
0.99390033
0.99637940
0.99637940
0.99457201
0.99457201
0.99199983
0.99199983
0.99199983
0.99199983
0.99199983
0.99376885
0.99376885
0.99376885
0.99376885
0.99376885
0.99754054
0.99601772
0.99601772
0.99601772
0.99601772
0.99601772
0.99616626
0.99690626
0.99690626
0.99690626
0.99690626
0.99621931
0.99621931
0.99504525
0.99504525
0.99504525
0.99005841
0.99005841
0.99005841
0.99005841
0.99005841
0.99452668
0.99452668
0.99452668
0.99452668
0.99726326
0.99726326
0.99741654
0.99693301
0.99693301
0.99693301
0.99186100
0.99186100
0.99186100
0.99186100
0.99186100
0.99494159
0.99494159
0.99494159
0.99494159
0.99494159
0.99708634
0.99708634
0.99708634
0.99708634
0.99765764
0.99765764
0.99765764
0.99678421
0.99610241
0.99610241
0.99610241
0.99610241
0.99153907
0.99153907
0.99153907
0.99153907
0.99153907
0.99122157
0.99122157
0.99122157
0.99122157
0.99122157
0.99299471
0.99299471
0.99299471
0.99711263
0.99711263
0.99823665
0.99693677
0.99693677
0.99693677
0.99693677
0.99693677
0.99794981
0.99794981
0.99794981
0.99265960
0.99265960
0.99265960
0.99265960
0.99265960
0.99168127
0.99168127
0.99168127
0.99168127
0.99168127
0.99536087
0.99536087
0.99536087
0.99536087
0.99723487
0.99612773
0.99538282
0.99471701
0.99471701
0.99471701
0.99471701
0.99471701
0.99476424
0.99476424
0.99476424
0.99576170
0.99559444
0.99559444
0.99559444
0.99559444
0.99534114
0.99534114
0.99534114
0.99534114
0.99265146
0.99265146
0.99265146
0.99265146
0.99265146
0.99745389
0.99745389
0.99745389
0.99745389
0.99823975
0.99823975
0.99775112
0.99775112
0.99775112
0.99775112
0.99775112
0.99804861
0.99804861
0.99794385
0.99794385
0.99694441
0.98902860
0.98902860
0.98902860
0.98902860
0.98902860
0.99670851
0.99793936
0.99793936
0.99507970
0.99507970
0.99507970
0.99507970
0.99507970
0.99653040
0.99653040
0.99653040
0.99653040
0.98736754
0.98736754
0.98736754
0.98736754
0.98736754
0.99683400
0.99683400
0.99735673
0.99735673
0.99711660
0.99623980
0.99439544
0.99439544
0.99439544
0.99379945
0.99298843
0.99298843
0.99298843
0.99298843
0.99298843
0.99570058
0.99570058
0.99570058
0.99570058
0.99570058
0.99772829
0.99679167
0.99679167
0.99679167
0.99577354
0.99577354
0.99577354
0.99577354
0.99577354
0.99120253
0.99120253
0.99120253
0.99120253
0.99120253
0.99495148
0.99685280
0.99685280
0.99685280
0.99685280
0.99271601
0.99271601
0.99271601
0.99271601
0.99271601
0.99630360
0.99444852
0.99444852
0.99444852
0.99444852
0.99444852
0.99567854
0.99567854
0.99567854
0.99258355
0.99258355
0.99258355
0.99258355
0.99258355
0.99761865
0.99492792
0.99492792
0.99492792
0.99492792
0.99492792
0.99503560
0.99503560
0.99503560
0.99676007
0.99676007
0.99653657
0.99653657
0.99576829
0.99576829
0.99576829
0.99576829
0.99576829
0.99585655
0.99585655
0.99585655
0.99591394
0.99591394
0.99613028
0.99670646
0.99825749
0.99825749
0.99739663
0.99739663
0.99739663
0.99739663
0.99739663
0.99838692
0.99838692
0.99838692
0.99716480
0.99716480
0.99716480
0.99716480
0.99716480
0.99770614
0.99714052
0.99513817
0.99513817
0.99513817
0.99513817
0.99513817
0.99672636
0.99387020
0.99387020
0.99387020
0.99387020
0.99387020
0.99672422
0.99691027
0.99694743
0.99694743
0.99694743
0.99694743
0.99787292
0.99819078
0.99858630
0.99813467
0.99524493
0.99524493
0.99524493
0.99281187
0.99281187
0.99281187
0.99281187
0.99281187
0.99692383
0.99589233
0.99589233
0.99589233
0.99582532
0.99582532
0.99582532
0.99582532
0.99582532
0.99728352
0.99700615
0.99700615
0.99700615
0.99575207
0.99575207
0.99575207
0.99575207
0.99575207
0.99592077
0.99592077
0.99592077
0.99923834
0.99578333
0.99578333
0.99578333
0.99578333
0.99578333
0.99751590
0.99688043
0.99282051
0.99282051
0.99282051
0.99282051
0.99282051
0.99807515
0.99670755
0.99670755
0.99670755
0.99670755
0.99670755
0.99773803
0.99773803
0.99773803
0.99746696
0.99746696
0.99746696
0.99746696
0.99743837
0.99743837
0.99743837
0.99743837
0.99743837
0.99802441
0.99802441
0.99551874
0.99551874
0.99551874
0.99551874
0.99551874
0.99779340
0.99779340
0.99779340
0.99779340
0.99779340
0.99842385
0.99823068
0.99791340
0.99493242
0.99493242
0.99493242
0.99493242
0.99327255
0.99327255
0.99327255
0.99327255
0.99327255
0.99788997
0.99788997
0.99788997
0.99788997
0.99266001
0.99266001
0.99266001
0.99266001
0.99266001
0.99761183
0.99761183
0.99810396
0.99437245
0.99437245
0.99437245
0.99437245
0.99437245
0.99505160
0.99505160
0.99257654
0.99257654
0.99257654
0.99257654
0.99257654
0.99359874
0.99359874
0.99359874
0.99592213
0.99579492
0.99579492
0.99579492
0.99579492
0.99579492
0.99762238
0.99343572
0.99343572
0.99343572
0.99343572
0.99343572
0.99388317
0.99388317
0.99806016
0.99806016
0.99478797
0.99478797
0.99478797
0.99478797
0.99478797
0.99693415
0.99693415
0.99693415
0.99693415
0.99518438
0.99518438
0.99289105
0.99289105
0.99289105
0.99289105
0.99289105
0.99419184
0.99336663
0.99336663
0.99336663
0.99336663
0.99336663
0.99727275
0.99727275
0.99727275
0.99639356
0.99639356
0.99249508
0.99249508
0.99249508
0.99249508
0.99249508
0.99515809
0.99204446
0.99204446
0.99204446
0.99204446
0.99204446
0.99653597
0.99653597
0.99653597
0.99474814
0.99474814
0.99474814
0.99474814
0.99474814
0.99510005
0.99510005
0.99510005
0.99510005
0.99508418
0.99508418
0.99508418
0.99508418
0.99508418
0.99639746
0.99639746
0.99539181
0.99539181
0.99228700
0.99228700
0.99228700
0.99228700
0.99228700
0.99238636
0.99238636
0.99238636
0.99234916
0.99234916
0.99234916
0.99234916
0.99234916
0.99643614
0.99643614
0.99643614
0.99775357
0.99804211
0.99831216
0.99728057
0.99728057
0.99728057
0.99611493
0.99611493
0.99611493
0.99611493
0.99611493
0.99690789
0.99056491
0.99056491
0.99056491
0.99056491
0.99056491
0.99320455
0.99320455
0.99320455
0.99437886
0.99437886
0.99551421
0.99551421
0.99551421
0.99566606
0.99566606
0.99771255
0.99771255
0.99062996
0.99062996
0.99062996
0.98614591
0.98614591
0.98614591
0.98614591
0.98614591
0.98680377
0.98680377
0.98470934
0.98024694
0.98024694
0.98024694
0.98024694
0.98024694
0.99063578
0.99063578
0.99462917
0.99462917
0.99469699
0.99469699
0.99469699
0.98435888
0.98435888
0.98435888
0.98435888
0.98435888
0.98693836
0.98693836
0.98693836
0.99083160
0.99083160
0.99083160
0.98539649
0.98539649
0.97992508
0.91171802
0.91171802
0.91171802
0.91171802
0.91171802
0.96901295
0.96901295
0.97112997
0.97883487
0.97883487
0.94580769
0.94580769
0.94580769
0.94580769
0.94580769
0.91646392
0.91646392
0.91646392
0.91646392
0.91646392
0.95148949
0.95148949
0.95148949
0.96013129
0.96067893
0.95012054
0.95012054
0.95012054
0.95012054
0.95012054
0.92116301
0.92116301
0.92116301
0.92116301
0.74799415
0.74799415
0.74799415
0.74799415
0.74799415
0.88189206
0.88189206
0.88081488
0.84804372
0.84804372
0.84804372
0.84804372
0.84804372
0.89828882
0.89828882
0.89828882
0.89828882
0.80506120
0.80506120
0.80506120
0.78233718
0.78233718
0.78233718
0.75433907
0.75433907
0.75433907
0.75433907
0.75433907
0.81264716
0.81264716
0.81264716
0.81633657
0.81633657
0.81633657
0.69918179
0.69918179
0.69918179
0.69918179
0.69918179
0.83957305
0.83957305
0.60785670
0.60785670
0.60785670
0.60785670
0.60785670
0.73925986
0.82366348
0.87547788
0.87547788
0.84635176
0.84635176
0.78293043
0.78293043
0.78293043
0.78293043
0.78293043
0.82722736
0.65161165
0.55275678
0.55275678
0.55275678
0.55275678
0.55275678
0.66347970
0.66347970
0.66347970
0.66347970
0.49880169
0.49880169
0.49880169
0.49880169
0.49880169
0.65896602
0.44171405
0.44171405
0.44171405
0.44171405
0.44171405
0.50175736
0.50175736
0.45401416
0.45401416
0.45401416
0.45401416
0.45401416
0.45492652
0.45492652
0.29681486
0.29681486
0.29681486
0.29681486
0.29681486
0.46632924
0.60947828
0.60947828
0.60947828
0.60947828
0.49517384
0.49517384
0.49517384
0.34317768
0.34317768
0.34317768
0.34317768
0.34317768
0.39927972
0.39927972
0.39927972
0.35245532
0.35245532
0.35245532
0.35245532
0.35245532
0.55123978
0.70763247
0.56965510
0.56965510
0.56965510
0.56965510
0.56965510
0.56544681
0.56544681
0.56544681
0.56544681
0.56544681
0.61081679
0.61081679
0.71475257
0.71475257
0.71475257
0.71475257
0.78742725
0.86791050
0.86791050
0.41873919
0.41873919
0.41873919
0.41873919
0.41873919
0.51304259
0.52258708
0.52258708
0.51117855
0.51117855
0.51117855
0.51117855
0.51117855
0.56934366
0.56934366
0.41380338
0.41380338
0.41380338
0.41380338
0.41380338
0.61855924
0.61855924
0.49869068
0.49869068
0.49869068
0.49869068
0.49869068
0.57158012
0.57158012
0.57158012
0.54375131
0.54375131
0.54375131
0.43994163
0.43994163
0.43994163
0.43994163
0.43994163
0.48717513
0.48717513
0.48717513
0.34998212
0.34998212
0.34998212
0.34998212
0.34998212
0.35811681
0.35811681
0.35811681
0.75254232
0.78050988
0.63882190
0.63882190
0.36502378
0.36502378
0.36502378
0.36502378
0.36502378
0.79517665
0.61853621
0.61853621
0.61853621
0.61853621
0.54451090
0.32074591
0.32074591
0.32074591
0.32074591
0.32074591
0.57753842
0.57753842
0.57753842
0.72204337
0.80901532
0.81888015
0.81888015
0.81888015
0.83678200
0.83678200
0.83678200
0.83678200
0.85091246
0.80076057
0.63107412
0.63107412
0.47331814
0.47331814
0.47331814
0.47331814
0.47331814
0.47960973
0.47960973
0.47960973
0.47960973
0.66315984
0.81773116
0.81773116
0.81773116
0.81773116
0.60943373
0.60943373
0.60943373
0.60943373
0.60943373
0.76988356
0.76014745
0.48810534
0.48810534
0.48810534
0.48810534
0.48810534
0.53578240
0.53578240
0.66971496
0.66971496
0.66971496
0.66971496
0.72458810
0.72458810
0.54008511
0.37532144
0.37532144
0.37532144
0.37532144
0.37532144
0.74517298
0.36855284
0.36855284
0.36855284
0.36855284
0.36855284
0.54562004
0.54562004
0.54562004
0.54562004
0.54562004
0.70995825
0.70995825
0.70995825
0.51903137
0.51903137
0.51903137
0.51903137
0.51903137
0.80599793
0.80599793
0.80367318
0.80367318
0.74677026
0.74677026
0.51066354
0.51066354
0.51066354
0.51066354
0.51066354
0.67294909
0.70370498
0.80230473
0.80230473
0.80470086
0.66411513
0.66411513
0.53694491
0.53694491
0.53694491
0.51696233
0.51696233
0.51696233
0.51696233
0.51696233
0.54877258
0.54877258
0.54877258
0.54877258
0.54877258
0.74678301
0.74678301
0.44374664
0.44374664
0.44374664
0.44374664
0.44374664
0.72796812
0.72796812
0.53611478
0.53611478
0.53611478
0.53611478
0.53611478
0.58577370
0.58577370
0.58577370
0.58577370
0.58577370
0.62820846
0.81986987
0.31654873
0.31654873
0.31654873
0.31654873
0.31654873
0.48757208
0.48757208
0.48757208
0.48757208
0.48757208
0.70507300
0.65024943
0.65024943
0.65024943
0.65024943
0.64394394
0.64394394
0.64394394
0.64394394
0.58866324
0.58866324
0.58866324
0.58866324
0.58866324
0.76648765
0.80670486
0.36978460
0.36978460
0.36978460
0.36978460
0.36978460
0.60045781
0.58994982
0.58994982
0.58994982
0.58994982
0.58994982
0.61252943
0.61252943
0.61252943
0.68418043
0.68418043
0.74820926
0.66298591
0.66298591
0.66298591
0.66298591
0.66298591
0.69305149
0.81036459
0.48129226
0.48129226
0.48129226
0.45652797
0.45652797
0.45652797
0.29647168
0.29647168
0.29647168
0.29647168
0.29647168
0.34262780
0.42328641
0.42328641
0.42328641
0.42328641
0.60075639
0.72784312
0.37069385
0.37069385
0.37069385
0.37069385
0.31007043
0.31007043
0.31007043
0.31007043
0.31007043
0.41347035
0.41347035
0.30017165
0.30017165
0.30017165
0.30017165
0.30017165
0.37250612
0.37250612
0.37250612
0.44499685
0.44499685
0.44499685
0.48128962
0.48128962
0.48128962
0.48128962
0.51272663
0.51272663
0.50826943
0.50826943
0.50826943
0.50826943
0.50826943
0.67943131
0.67943131
0.67943131
0.61930714
0.61930714
0.38895140
0.36816482
0.36816482
0.36816482
0.36816482
0.36816482
0.36834299
0.36834299
0.36834299
0.41508219
0.41508219
0.41508219
0.78439149
0.55800293
0.52743055
0.52743055
0.52743055
0.52743055
0.52743055
0.66171223
0.66171223
0.66171223
0.53405812
0.50652267
0.50652267
0.50652267
0.43049814
0.27086137
0.27086137
0.27086137
0.27086137
0.27086137
0.50958323
0.39188028
0.39188028
0.39188028
0.39188028
0.39188028
0.55110296
0.61519213
0.61519213
0.57704535
0.57704535
0.57704535
0.57704535
0.57704535
0.79247134
0.70979807
0.68231306
0.68231306
0.67861636
0.64212795
0.62051247
0.31915899
0.31915899
0.31915899
0.31733034
0.31733034
0.31733034
0.31733034
0.31733034
0.75209406
0.75209406
0.32231605
0.32231605
0.32231605
0.32231605
0.32231605
0.57725394
0.57273273
0.57273273
0.57273273
0.57273273
0.57273273
0.47254642
0.47254642
0.47254642
0.47254642
0.28756909
0.28756909
0.28756909
0.28756909
0.28756909
0.43095227
0.43095227
0.43095227
0.43095227
0.57949546
0.57949546
0.55708797
0.55708797
0.35500742
0.35500742
0.35500742
0.35500742
0.35500742
0.19508273
0.19508273
0.19508273
0.19508273
0.19508273
0.52164393
0.52164393
0.52164393
0.52164393
0.47613627
0.47613627
0.24116120
0.24116120
0.24116120
0.24116120
0.24116120
0.56530737
0.56530737
0.56530737
0.56530737
0.65171076
0.65171076
0.67708915
0.60608156
0.44674988
0.44674988
0.44674988
0.44674988
0.44674988
0.65385675
0.50907491
0.50907491
0.50907491
0.50907491
0.50907491
0.53085539
0.53085539
0.53052930
0.53052930
0.53052930
0.53052930
0.53052930
0.60690719
0.66693548
0.66693548
0.36811057
0.36811057
0.36811057
0.36811057
0.36811057
0.43765374
0.43765374
0.41769062
0.31906746
0.31906746
0.31906746
0.31906746
0.27384872
0.27384872
0.27384872
0.14696205
0.14696205
0.14696205
0.14696205
0.14696205
0.48304212
0.48304212
0.48304212
0.48304212
0.38359891
0.38359891
0.07610045
0.07610045
0.07610045
0.07610045
0.07610045
0.42927759
0.42927759
0.42927759
0.74143844
0.74143844
0.55043366
0.55043366
0.35539957
0.35539957
0.35539957
0.35539957
0.35539957
0.48902560
0.48902560
0.48902560
0.38139835
0.38139835
0.38139835
0.38139835
0.38139835
0.41959308
0.41959308
0.41959308
0.49906364
0.49906364
0.77344481
0.77344481
0.54624556
0.30636815
0.30636815
0.30636815
0.30636815
0.30636815
0.44421519
0.44421519
0.45463057
0.45463057
0.46441952
0.49573979
0.49573979
0.58622353
0.58648196
0.58648196
0.58648196
0.62334708
0.62334708
0.60873954
0.60873954
0.60873954
0.47141497
0.47141497
0.47141497
0.47141497
0.47141497
0.50408468
0.50408468
0.55813955
0.47693535
0.47693535
0.47693535
0.37530086
0.37530086
0.37530086
0.37530086
0.37530086
0.42283955
0.53464267
0.53464267
0.53464267
0.53464267
0.56175518
0.50959342
0.50959342
0.50959342
0.50959342
0.50959342
0.55390975
0.37822940
0.37822940
0.37822940
0.37822940
0.37822940
0.54293962
0.66474901
0.66474901
0.66474901
0.66220368
0.66220368
0.63128659
0.56090116
0.54352407
0.54352407
0.54352407
0.54352407
0.54352407
0.55819983
0.55819983
0.55819983
0.55819983
0.65753925
0.65753925
0.65753925
0.42425758
0.42425758
0.42425758
0.42425758
0.42425758
0.61863428
0.61863428
0.64819272
0.64819272
0.64819272
0.64819272
0.64819272
0.66251267
0.66251267
0.66251267
0.64151397
0.64151397
0.64151397
0.64151397
0.64151397
0.64206224
0.64206224
0.64206224
0.64206224
0.59685918
0.59685918
0.59685918
0.59685918
0.59685918
0.81174255
0.71594493
0.71594493
0.71594493
0.71594493
0.71594493
0.79674985
0.77905344
0.77905344
0.77905344
0.77905344
0.77905344
0.81195633
0.81195633
0.66848071
0.66848071
0.66848071
0.66848071
0.66848071
0.67097633
0.67097633
0.67097633
0.67097633
0.78097316
0.78097316
0.78097316
0.78097316
0.84562274
0.84562274
0.84562274
0.84562274
0.87659511
0.87287886
0.87287886
0.87287886
0.87287886
0.87287886
0.90700874
0.90700874
0.92380259
0.89988001
0.89988001
0.89943423
0.89943423
0.89943423
0.89943423
0.89943423
0.93231567
0.91537867
0.91537867
0.91537867
0.91537867
0.91537867
0.93014846
0.93775341
0.93775341
0.93775341
0.96630371
0.98340298
0.88487939
0.88487939
0.84934295
0.84934295
0.84934295
0.84934295
0.84934295
0.92333480
0.92333480
0.92333480
0.92333480
0.92333480
0.96208490
0.96208490
0.95496384
0.95496384
0.95496384
0.95496384
0.95496384
0.95688671
0.95688671
0.95688671
0.95818085
0.94420567
0.94420567
0.94420567
0.94420567
0.94420567
0.95934392
0.95934392
0.95934392
0.97435589
0.97435589
0.97435589
0.97435589
0.97435589
0.98513280
0.98513280
0.98841574
0.97359587
0.97359587
0.97359587
0.95751358
0.95751358
0.95751358
0.95751358
0.95751358
0.98341557
0.98341557
0.98341557
0.98341557
0.98341557
0.98472959
0.98472959
0.98472959
0.97746936
0.97746936
0.97746936
0.97746936
0.97746936
0.99275694
0.99275694
0.99275694
0.98324378
0.98324378
0.98324378
0.98324378
0.98324378
0.98843763
0.98843763
0.98843763
0.98843763
0.99136001
0.99136001
0.99343458
0.98364567
0.98364567
0.98364567
0.98237674
0.98237674
0.98237674
0.98237674
0.98237674
0.99588378
0.99588378
0.99471445
0.99471445
0.99471445
0.99470751
0.99246441
0.99246441
0.98983682
0.98012600
0.98012600
0.98012600
0.98012600
0.98012600
0.98792216
0.98910650
0.98910650
0.98252558
0.98252558
0.97105230
0.97105230
0.97105230
0.97105230
0.97105230
0.98493568
0.98493568
0.98493568
0.98493568
0.99510953
0.99510953
0.99510953
0.99460351
0.99460351
0.99380864
0.99380864
0.99380864
0.99380864
0.99165843
0.98714754
0.98714754
0.98714754
0.98714754
0.98714754
0.99368089
0.99305052
0.99305052
0.99267527
0.99267527
0.99005207
0.99005207
0.99005207
0.99005207
0.99005207
0.99351029
0.99351029
0.99028426
0.99028426
0.99028426
0.98838810
0.98838810
0.98838810
0.98838810
0.98838810
0.99044852
0.99044852
0.99044852
0.99044852
0.99248517
0.99248517
0.99248517
0.97877380
0.97877380
0.97877380
0.97877380
0.97877380
0.99103491
0.99103491
0.99103491
0.99103491
0.99103491
0.99387138
0.99387138
0.99387138
0.99387138
0.99385271
0.99385271
0.99385271
0.99385271
0.99267612
0.99175189
0.98964933
0.98964933
0.98964933
0.98964933
0.98964933
0.98558530
0.98558530
0.98558530
0.98558530
0.98558530
0.98779000
0.98779000
0.98779000
0.99292936
0.99292936
0.99212309
0.99212309
0.98889163
0.98889163
0.98889163
0.98889163
0.98889163
0.99220928
0.99220928
0.99220928
0.99108364
0.98934544
0.98934544
0.98934544
0.98934544
0.98934544
0.99180883
0.99180883
0.99180883
0.99180883
0.99241750
0.98947839
0.98947839
0.98947839
0.98947839
0.98947839
0.99256207
0.99256207
0.99256207
0.99265372
0.99265372
0.99265372
0.99265372
0.99265372
0.99376985
0.99354297
0.99354297
0.99345380
0.99345380
0.99345380
0.99345380
0.99345380
0.99435104
0.99405380
0.99405380
0.99047025
0.99047025
0.99047025
0.99047025
0.99047025
0.99516451
0.99642522
0.98986325
0.98986325
0.98986325
0.98986325
0.98986325
0.99044792
0.99044792
0.99044792
0.99044792
0.99044792
0.99523220
0.99175352
0.99175352
0.99175352
0.99175352
0.99175352
0.99317612
0.99317612
0.99317612
0.98269537
0.98269537
0.98269537
0.98269537
0.98269537
0.99498431
0.99498431
0.98949144
0.98949144
0.98949144
0.98949144
0.98949144
0.99333460
0.99333460
0.99333460
0.99333460
0.99676406
0.99676406
0.99266316
0.99266316
0.99266316
0.99266316
0.99266316
0.99549607
0.99439659
0.99322613
0.98951338
0.98951338
0.98951338
0.98951338
0.98951338
0.99365514
0.99548004
0.99548004
0.99576056
0.99576056
0.99737792
0.99667040
0.99667040
0.98500041
0.98500041
0.98500041
0.98500041
0.98500041
0.99783521
0.99651840
0.99651840
0.99651840
0.99651840
0.98859410
0.98859410
0.98859410
0.98859410
0.98093899
0.98093899
0.98093899
0.98093899
0.98093899
0.99530887
0.99831438
0.99621300
0.99621300
0.99573036
0.99573036
0.99031243
0.99031243
0.98558170
0.98558170
0.98558170
0.98558170
0.98558170
0.99155408
0.99155408
0.98923782
0.98923782
0.98923782
0.98923782
0.97735343
0.97735343
0.97735343
0.97735343
0.97735343
0.98537086
0.98537086
0.98537086
0.98290237
0.98290237
0.98075453
0.98075453
0.98075453
0.98075453
0.98075453
0.97782654
0.97782654
0.97782654
0.97782654
0.97782654
0.97511833
0.97511833
0.97184555
0.95843855
0.95843855
0.95843855
0.94470458
0.94470458
0.94470458
0.94470458
0.94470458
0.97591209
0.97591209
0.96398515
0.96398515
0.96398515
0.96398515
0.95569187
0.95569187
0.95569187
0.95497333
0.95497333
0.95497333
0.95497333
0.93680405
0.93680405
0.84306860
0.84306860
0.84306860
0.84306860
0.84306860
0.91255683
0.96319630
0.94754720
0.94754720
0.94754720
0.94754720
0.94754720
0.94933026
0.92798589
0.92798589
0.92798589
0.92798589
0.92772727
0.92772727
0.92772727
0.90169738
0.90169738
0.84542482
0.84542482
0.84542482
0.84542482
0.84542482
0.81927873
0.81927873
0.81927873
0.81927873
0.81927873
0.91402550
0.87968772
0.87968772
0.87968772
0.87968772
0.87968772
0.88706543
0.88706543
0.88706543
0.89246241
0.89246241
0.95030802
0.92541498
0.86981333
0.86981333
0.86981333
0.86981333
0.86981333
0.93868557
0.89783841
0.89783841
0.89783841
0.71202481
0.71202481
0.71202481
0.71202481
0.71202481
0.90063843
0.90063843
0.90063843
0.88102178
0.86324622
0.86167026
0.86167026
0.86167026
0.74707370
0.74707370
0.74707370
0.74707370
0.74707370
0.81252002
0.74870380
0.74870380
0.74870380
0.74870380
0.74870380
0.88933735
0.88183116
0.61791947
0.61791947
0.61791947
0.61791947
0.61791947
0.53816720
0.53816720
0.53816720
0.53816720
0.53816720
0.79931063
0.79931063
0.79931063
0.72161109
0.72161109
0.72161109
0.72161109
0.72161109
0.74201159
0.74201159
0.74201159
0.79065705
0.72430143
0.72430143
0.45611296
0.45611296
0.45611296
0.45611296
0.45611296
0.44525938
0.44525938
0.44525938
0.44525938
0.44525938
0.59414908
0.59414908
0.59414908
0.51080716
0.18677544
0.18677544
0.18677544
0.18677544
0.18677544
0.79382692
0.43088553
0.43088553
0.43088553
0.43088553
0.43088553
0.51082518
0.44637152
0.44637152
0.44637152
0.44637152
0.44637152
0.78947608
0.80165440
0.80165440
0.80165440
0.65808689
0.65808689
0.41120808
0.41120808
0.41120808
0.34275435
0.34275435
0.34275435
0.34275435
0.34275435
0.49006462
0.33251815
0.33251815
0.33251815
0.33251815
0.33251815
0.48716335
0.64568457
0.48091710
0.10666836
0.10666836
0.10666836
0.10666836
0.10666836
0.20790975
0.20790975
0.20790975
0.20790975
0.65101408
0.65101408
0.24347658
0.24347658
0.24347658
0.24347658
0.24347658
0.38954995
0.08060652
0.08060652
0.08060652
0.08060652
0.08060652
0.24842979
0.24842979
0.24842979
0.35947996
0.35947996
0.35947996
0.35947996
0.35947996
0.32014186
0.32014186
0.32014186
0.32014186
0.32014186
0.28940954
0.28940954
0.12426643
0.12426643
0.12426643
0.12426643
0.12426643
0.45972050
0.11766337
0.11766337
0.11766337
0.07403265
0.07403265
0.07403265
0.06540158
0.06540158
0.06540158
0.06540158
0.06540158
0.17861409
0.17861409
0.17861409
0.02764227
0.02764227
0.02764227
0.02764227
0.02764227
0.36211467
0.36211467
0.21786995
0.21786995
0.12047334
0.12047334
0.12047334
0.12047334
0.12047334
0.16734905
0.16734905
0.21384594
0.21384594
0.21384594
0.21384594
0.14401946
0.14401946
0.14401946
0.09128664
0.09128664
0.09128664
0.01749649
0.01749649
0.01749649
0.01749649
0.01749649
0.07445803
0.07445803
0.07445803
0.13610373
0.35226946
0.19445846
0.19445846
0.19445846
0.19445846
0.19445846
0.14349157
0.14349157
0.14349157
0.14349157
0.14305832
0.02591725
0.02591725
0.02591725
0.02591725
0.02591725
0.08855312
0.11855425
0.11855425
0.11855425
0.33213324
0.33213324
0.21753761
0.21753761
0.21753761
0.21753761
0.21753761
0.23533407
0.36049257
0.36049257
0.36049257
0.28988192
0.28988192
0.28988192
0.28988192
0.01972594
0.01972594
0.01972594
0.01972594
0.01972594
0.01183051
0.01183051
0.01183051
0.01183051
0.01183051
0.31795241
0.31795241
0.07810697
0.05638247
0.05638247
0.05638247
0.03807550
0.03807550
0.03807550
0.03807550
0.03807550
0.27409389
0.27409389
0.29172561
0.29172561
0.29172561
0.27396920
0.27396920
0.00463470
0.00463470
0.00463470
0.00463470
0.00463470
0.15261432
0.14960399
0.14960399
0.14960399
0.14960399
0.05201590
0.05201590
0.05201590
0.05201590
0.05201590
0.12138083
0.11221209
0.11221209
0.11221209
0.11221209
0.11221209
0.35347100
0.19199530
0.19199530
0.19199530
0.19199530
0.15570635
0.15570635
0.15570635
0.15570635
0.15570635
0.24040101
0.24040101
0.06677539
0.06677539
0.06677539
0.06677539
0.06677539
0.01703897
0.01703897
0.01703897
0.01703897
0.01703897
0.14155491
0.16086587
0.16086587
0.16086587
0.17246884
0.17246884
0.17246884
0.17246884
0.42892534
0.42892534
0.42892534
0.42892534
0.42892534
0.46131750
0.46131750
0.48687878
0.48687878
0.18143198
0.09511746
0.09511746
0.09511746
0.09511746
0.09511746
0.31392108
0.31392108
0.31392108
0.33566487
0.33566487
0.28741155
0.13013476
0.13013476
0.13013476
0.11752060
0.11752060
0.11752060
0.11752060
0.11752060
0.15222720
0.15222720
0.15222720
0.27027875
0.27027875
0.27027875
0.27027875
0.36214353
0.36214353
0.43160083
0.65529518
0.27594071
0.27594071
0.27594071
0.27594071
0.27594071
0.43341331
0.43341331
0.25757898
0.13733846
0.13733846
0.13733846
0.13733846
0.13733846
0.16243554
0.16243554
0.16243554
0.16243554
0.16863542
0.16863542
0.38208729
0.47805064
0.47805064
0.43675970
0.36940828
0.36940828
0.36940828
0.36940828
0.36940828
0.47457763
0.48042155
0.48042155
0.43424220
0.43424220
0.43424220
0.43424220
0.43424220
0.53640921
0.53640921
0.18416051
0.18416051
0.18416051
0.18416051
0.18416051
0.17230876
0.14245229
0.14245229
0.14245229
0.14245229
0.14245229
0.48494864
0.48494864
0.48494864
0.48494864
0.34165887
0.34165887
0.34165887
0.34165887
0.34165887
0.36897799
0.36897799
0.36897799
0.39980311
0.39980311
0.39980311
0.39980311
0.39980311
0.41656224
0.41656224
0.41656224
0.09484179
0.09484179
0.09484179
0.09484179
0.09484179
0.23230134
0.23230134
0.49555650
0.57904821
0.57904821
0.58291369
0.44474467
0.44474467
0.44474467
0.44474467
0.38320913
0.38320913
0.38320913
0.08072256
0.08072256
0.08072256
0.08072256
0.08072256
0.50106105
0.23451095
0.23451095
0.23451095
0.23451095
0.23451095
0.53009144
0.21664572
0.21664572
0.21664572
0.21664572
0.21664572
0.33870118
0.33870118
0.49825732
0.49825732
0.49825732
0.49825732
0.49825732
0.55483127
0.41715801
0.13952928
0.13952928
0.13952928
0.13952928
0.13952928
0.28356873
0.13234276
0.13234276
0.13234276
0.13234276
0.13234276
0.45223532
0.36312067
0.10464412
0.10464412
0.10464412
0.10464412
0.10464412
0.35235833
0.11721525
0.11721525
0.11721525
0.11721525
0.11721525
0.05813727
0.05813727
0.05813727
0.05813727
0.05813727
0.11468614
0.11468614
0.15576747
0.03552094
0.03552094
0.03552094
0.03552094
0.03552094
0.52075502
0.62092525
0.50985023
0.33776554
0.33776554
0.33776554
0.11055640
0.11055640
0.11055640
0.11055640
0.11055640
0.16006214
0.16006214
0.16006214
0.44614220
0.21896261
0.17695491
0.17695491
0.17695491
0.17695491
0.17695491
0.37996911
0.37996911
0.38704811
0.31180830
0.31180830
0.31180830
0.31180830
0.21795665
0.21795665
0.21795665
0.05036019
0.05036019
0.05036019
0.05036019
0.05036019
0.37649022
0.38298900
0.38298900
0.38298900
0.38298900
0.38298900
0.07064751
0.03795779
0.03795779
0.03795779
0.03795779
0.03795779
0.09150153
0.09150153
0.28191070
0.28191070
0.28191070
0.28191070
0.35466167
0.46470715
0.37449190
0.37449190
0.37449190
0.22601769
0.22601769
0.22601769
0.22601769
0.13150666
0.13150666
0.13150666
0.13150666
0.13150666
0.39747055
0.39747055
0.06897045
0.06897045
0.06897045
0.06897045
0.06897045
0.11556639
0.35057637
0.35057637
0.21599547
0.21599547
0.21599547
0.21599547
0.05239214
0.05239214
0.05239214
0.05239214
0.05239214
0.44558127
0.44558127
0.50327593
0.50327593
0.50327593
0.11459885
0.11459885
0.11459885
0.11459885
0.11459885
0.28830823
0.28830823
0.33817674
0.33817674
0.33817674
0.33817674
0.09187301
0.09187301
0.09187301
0.09187301
0.09187301
0.19047740
0.19047740
0.19047740
0.19047740
0.19047740
0.27090405
0.27090405
0.27090405
0.37165107
0.41984368
0.41381201
0.41381201
0.41381201
0.27953083
0.21474946
0.21474946
0.21474946
0.21474946
0.21474946
0.26249889
0.22583028
0.22583028
0.22583028
0.22583028
0.22583028
0.33850389
0.33850389
0.20676812
0.20676812
0.20676812
0.20676812
0.20676812
0.27591641
0.27591641
0.27591641
0.19909115
0.19909115
0.19909115
0.19909115
0.19909115
0.27022353
0.27022353
0.27022353
0.27022353
0.27022353
0.63798834
0.63798834
0.63798834
0.63798834
0.53042998
0.53042998
0.53042998
0.14180600
0.14180600
0.14180600
0.14180600
0.14180600
0.26268839
0.28358465
0.28358465
0.28358465
0.28358465
0.37591790
0.19102037
0.19102037
0.19102037
0.19102037
0.19102037
0.47020955
0.23763419
0.23763419
0.23763419
0.23763419
0.23763419
0.26619167
0.26619167
0.27270563
0.27270563
0.27270563
0.27270563
0.10608984
0.10608984
0.10608984
0.10608984
0.10608984
0.21946594
0.21946594
0.21946594
0.21946594
0.21946594
0.29942060
0.29942060
0.29942060
0.29942060
0.43064674
0.43064674
0.43064674
0.43064674
0.45514140
0.45514140
0.45514140
0.02078345
0.02078345
0.02078345
0.02078345
0.02078345
0.22822819
0.22822819
0.22822819
0.31768523
0.50531975
0.50531975
0.78580172
0.74109382
0.19381873
0.01142086
0.01142086
0.01142086
0.01142086
0.01142086
0.17870474
0.20913259
0.39811414
0.12012085
0.12012085
0.12012085
0.12012085
0.12012085
0.50193651
0.37719822
0.37719822
0.37719822
0.32250264
0.32250264
0.32250264
0.32250264
0.32250264
0.65095148
0.61242469
0.61242469
0.31239613
0.31239613
0.31239613
0.31239613
0.31239613
0.37713568
0.77422875
0.77422875
0.72816973
0.11573639
0.11573639
0.11573639
0.11573639
0.11573639
0.76951641
0.76951641
0.45820867
0.41279997
0.41279997
0.41279997
0.41279997
0.22135788
0.22135788
0.22135788
0.22135788
0.22135788
0.27960941
0.27960941
0.27960941
0.27960941
0.16646568
0.16646568
0.16646568
0.16646568
0.16646568
0.33893682
0.16946562
0.16946562
0.16946562
0.16946562
0.16946562
0.53505437
0.53505437
0.31370952
0.11941814
0.11941814
0.11941814
0.11941814
0.11941814
0.23026837
0.23026837
0.36096525
0.36968433
0.22443044
0.22443044
0.22443044
0.22443044
0.22443044
0.69132928
0.69132928
0.34329486
0.34329486
0.34329486
0.34329486
0.34329486
0.35093132
0.35093132
0.35093132
0.38014771
0.38014771
0.38014771
0.38014771
0.23943981
0.23943981
0.23943981
0.23943981
0.23943981
0.55759175
0.44944228
0.44944228
0.16488016
0.16488016
0.16488016
0.16488016
0.16488016
0.28680737
0.28680737
0.27652563
0.09855869
0.09855869
0.08647526
0.08647526
0.08647526
0.08647526
0.08647526
0.35648838
0.19146959
0.19146959
0.19146959
0.19146959
0.19146959
0.21620208
0.21620208
0.21620208
0.22870843
0.22870843
0.16897982
0.16897982
0.16897982
0.16897982
0.16897982
0.33138624
0.33138624
0.48900820
0.65450367
0.65450367
0.42597248
0.42597248
0.42597248
0.27304079
0.27304079
0.27304079
0.27304079
0.27304079
0.55840616
0.55840616
0.44804691
0.44804691
0.23069043
0.23069043
0.23069043
0.23069043
0.13953253
0.13953253
0.13953253
0.13953253
0.13953253
0.16246206
0.16246206
0.16246206
0.16246206
0.18366317
0.09283685
0.09283685
0.09283685
0.09283685
0.09283685
0.54385485
0.54385485
0.47864183
0.26317366
0.26317366
0.26317366
0.26317366
0.21593293
0.21593293
0.18929297
0.11542568
0.11542568
0.11542568
0.11542568
0.11542568
0.34881405
0.15251510
0.15251510
0.15251510
0.15251510
0.15251510
0.15821460
0.15821460
0.15821460
0.15821460
0.15821460
0.37042077
0.37042077
0.37042077
0.37042077
0.37042077
0.42239057
0.42239057
0.42239057
0.42653251
0.61165846
0.61165846
0.69071155
0.67046941
0.67046941
0.67046941
0.51560646
0.51560646
0.51560646
0.51560646
0.50204976
0.48638962
0.30549564
0.30549564
0.30549564
0.30549564
0.30549564
0.40351923
0.40351923
0.15743038
0.15743038
0.15743038
0.15743038
0.15743038
0.46218535
0.46218535
0.46218535
0.46218535
0.34648325
0.34648325
0.34648325
0.34648325
0.34648325
0.56975259
0.56975259
0.56975259
0.58532359
0.58532359
0.58532359
0.58532359
0.53153533
0.44067368
0.44067368
0.44067368
0.44067368
0.44067368
0.60418730
0.60418730
0.60418730
0.60390023
0.60390023
0.60390023
0.60390023
0.60390023
0.89398454
0.82644381
0.82644381
0.54800272
0.54800272
0.54800272
0.54800272
0.54800272
0.65876115
0.65876115
0.69394237
0.21540149
0.21540149
0.21540149
0.21540149
0.21540149
0.43290292
0.29426119
0.29426119
0.29426119
0.29426119
0.29426119
0.23160215
0.23160215
0.23160215
0.23160215
0.23160215
0.52282092
0.52282092
0.52282092
0.62667764
0.62667764
0.62667764
0.68797020
0.68797020
0.68797020
0.42401504
0.42401504
0.42401504
0.42401504
0.42401504
0.49598655
0.49598655
0.49598655
0.49598655
0.55930932
0.59001054
0.59001054
0.82476174
0.77047903
0.77047903
0.77047903
0.77047903
0.77047903
0.85455480
0.72014656
0.72014656
0.72014656
0.57999961
0.57999961
0.55656891
0.55656891
0.55656891
0.55656891
0.55656891
0.82529875
0.55736267
0.55736267
0.55736267
0.55736267
0.55736267
0.62203544
0.67927657
0.79020538
0.83456264
0.68445205
0.68445205
0.68445205
0.68445205
0.68445205
0.76105602
0.84332923
0.84332923
0.83500504
0.83500504
0.83500504
0.83500504
0.83500504
0.74571498
0.74571498
0.74571498
0.74571498
0.74571498
0.85342049
0.85342049
0.89359555
0.89359555
0.89359555
0.86397975
0.86397975
0.86397975
0.85781169
0.85781169
0.85781169
0.85781169
0.85781169
0.81487881
0.78749602
0.78749602
0.78749602
0.78749602
0.78749602
0.78891114
0.78891114
0.78891114
0.78891114
0.88784032
0.90885596
0.90885596
0.90885596
0.90885596
0.87866360
0.87573055
0.87573055
0.87573055
0.87573055
0.87573055
0.93164023
0.87750099
0.87750099
0.87750099
0.87750099
0.87750099
0.92642538
0.91216738
0.91216738
0.91216738
0.91216738
0.91216738
0.92602944
0.92602944
0.92244704
0.92244704
0.92244704
0.92244704
0.92244704
0.94310742
0.94310742
0.93397596
0.93397596
0.93397596
0.93397596
0.93397596
0.95017800
0.95017800
0.95829216
0.95829216
0.92666058
0.92666058
0.92666058
0.92666058
0.92666058
0.94065728
0.94065728
0.94065728
0.94065728
0.94065728
0.95408527
0.95023263
0.95023263
0.95023263
0.95023263
0.95023263
0.95261596
0.95261596
0.95261596
0.95261596
0.95261596
0.96134375
0.96134375
0.96134375
0.97937569
0.97831429
0.97831429
0.97831429
0.97831429
0.97639110
0.95280152
0.95280152
0.95280152
0.95280152
0.95280152
0.97760240
0.97276331
0.97276331
0.97276331
0.97276331
0.97276331
0.97446067
0.97446067
0.97446067
0.98057363
0.98749794
0.98749794
0.98859762
0.98859762
0.98503739
0.98444995
0.98081342
0.98081342
0.98081342
0.97775890
0.97775890
0.97775890
0.97775890
0.97775890
0.97586475
0.97586475
0.97586475
0.97586475
0.97586475
0.97755944
0.97755944
0.97755944
0.96618910
0.96618910
0.96618910
0.96618910
0.96618910
0.98296137
0.98830226
0.98830226
0.98830226
0.98830226
0.97217311
0.97217311
0.97217311
0.97217311
0.97217311
0.97937703
0.98370423
0.98370423
0.98370423
0.98370423
0.98370423
0.98404620
0.98641880
0.98641880
0.98534455
0.98534455
0.98534455
0.98534455
0.98534455
0.98489812
0.98489812
0.98489812
0.98489812
0.98489812
0.97379179
0.97379179
0.97379179
0.97379179
0.97379179
0.98001875
0.98001875
0.98001875
0.98001875
0.98001875
0.98362779
0.97726620
0.97726620
0.97726620
0.97726620
0.97726620
0.98545947
0.98545947
0.98765375
0.98765375
0.97676337
0.97676337
0.97676337
0.97157134
0.97157134
0.97157134
0.97157134
0.97157134
0.98174313
0.98174313
0.98174313
0.98886499
0.98783275
0.98352489
0.98352489
0.98352489
0.98352489
0.98352489
0.98456797
0.98910981
0.98910981
0.98910981
0.98910981
0.98451690
0.98451690
0.98451690
0.98451690
0.98451690
0.98681671
0.98681671
0.98681671
0.99237046
0.98427594
0.98427594
0.98427594
0.98427594
0.98347420
0.98347420
0.98347420
0.98347420
0.98347420
0.97803983
0.97803983
0.97803983
0.97803983
0.97803983
0.98789288
0.98789288
0.98761642
0.98493641
0.98493641
0.98493641
0.98493641
0.98493641
0.99377836
0.98713813
0.98713813
0.98713813
0.98713813
0.98713813
0.98801258
0.98953497
0.98953497
0.97707870
0.97707870
0.97707870
0.97707870
0.97707870
0.98898665
0.99287968
0.99287968
0.99134162
0.99134162
0.99134162
0.99134162
0.99134162
0.97807087
0.97807087
0.97807087
0.97807087
0.97807087
0.99120429
0.99038026
0.99038026
0.99038026
0.99038026
0.99038026
0.98284338
0.98284338
0.98284338
0.98284338
0.98284338
0.99069156
0.99069156
0.99069156
0.99069156
0.99069156
0.99195402
0.99195402
0.98540884
0.98540884
0.98540884
0.98540884
0.98540884
0.98436949
0.98436949
0.98436949
0.98436949
0.98436949
0.98620919
0.98620919
0.99277062
0.99277062
0.99277062
0.99338247
0.99370218
0.99370218
0.99410952
0.99410952
0.99348377
0.99348377
0.99348377
0.99348377
0.99348377
0.99492806
0.98332093
0.98332093
0.98332093
0.98332093
0.98332093
0.98965585
0.98965585
0.99197114
0.99197114
0.99079252
0.99079252
0.99079252
0.99079252
0.99079252
0.98704716
0.98704716
0.98704716
0.98704716
0.98704716
0.98957466
0.98957466
0.98957466
0.99479562
0.99479562
0.99750398
0.99310446
0.99119782
0.99119782
0.98969667
0.98969667
0.98969667
0.98969667
0.98969667
0.99219216
0.99145761
0.99145761
0.99145761
0.99053429
0.99053429
0.99053429
0.99053429
0.98122392
0.98122392
0.98122392
0.98122392
0.98122392
0.99327056
0.99327056
0.99327056
0.99257912
0.99257912
0.99257912
0.99257912
0.99257912
0.99352908
0.98891317
0.98806487
0.98806487
0.98806487
0.98806487
0.98806487
0.99008441
0.99008441
0.99008441
0.99008441
0.99008441
0.99086244
0.99086244
0.99086244
0.99086244
0.99086244
0.99156013
0.99156013
0.99156013
0.99156013
0.99449228
0.99514056
0.99514056
0.99080078
0.99080078
0.99080078
0.99080078
0.99080078
0.99025204
0.99025204
0.99025204
0.99025204
0.99025204
0.99112803
0.99112803
0.99112803
0.99112803
0.99504514
0.99504514
0.99172809
0.99172809
0.99172809
0.99025221
0.99025221
0.99025221
0.99025221
0.99025221
0.99381994
0.99167358
0.98152553
0.98152553
0.98152553
0.98152553
0.98152553
0.98309451
0.98309451
0.98309451
0.98052820
0.98052820
0.98052820
0.98052820
0.97968364
0.97968364
0.97968364
0.97968364
0.97968364
0.98988653
0.98988653
0.98889269
0.98889269
0.98889269
0.97854698
0.97854698
0.97854698
0.97337191
0.96827108
0.96827108
0.96676953
0.96676953
0.96676953
0.95386239
0.95386239
0.94860354
0.92271007
0.92271007
0.92271007
0.92271007
0.92271007
0.95221928
0.96876752
0.96876752
0.97629389
0.97629389
0.92611240
0.92611240
0.91609318
0.91103296
0.91103296
0.91103296
0.91103296
0.91103296
0.87350483
0.87350483
0.87350483
0.87350483
0.87350483
0.95700039
0.94826702
0.90495594
0.90495594
0.89376985
0.89376985
0.89376985
0.89376985
0.86373125
0.86373125
0.86166248
0.86166248
0.78521081
0.78521081
0.78521081
0.78521081
0.78521081
0.81440130
0.81440130
0.81440130
0.81440130
0.90220983
0.88380053
0.86889971
0.86889971
0.79546432
0.79546432
0.58351384
0.58351384
0.58351384
0.58351384
0.58351384
0.68103984
0.68103984
0.73318372
0.73318372
0.73318372
0.73318372
0.73318372
0.73832994
0.33533505
0.33533505
0.33533505
0.33533505
0.33533505
0.61544485
0.61544485
0.74062881
0.74062881
0.68627870
0.67727932
0.67727932
0.63720359
0.63720359
0.63720359
0.63720359
0.63720359
0.72228865
0.72739330
0.81456865
0.67739941
0.67739941
0.67739941
0.67739941
0.67739941
0.79569651
0.33187587
0.33187587
0.33187587
0.33187587
0.33187587
0.65367441
0.65367441
0.56780591
0.56780591
0.32243148
0.32243148
0.23809392
0.23809392
0.23809392
0.23809392
0.23809392
0.43619100
0.43619100
0.68683831
0.75925533
0.62447775
0.62447775
0.62447775
0.36973934
0.36973934
0.36973934
0.36973934
0.36973934
0.59757835
0.63903239
0.63903239
0.55384858
0.53930163
0.53930163
0.53930163
0.53930163
0.53930163
0.69697853
0.53173564
0.53173564
0.53173564
0.28927033
0.28927033
0.28927033
0.28927033
0.28927033
0.48411540
0.48411540
0.36449693
0.36449693
0.36449693
0.36449693
0.36449693
0.72896566
0.72896566
0.25283581
0.25283581
0.25283581
0.25283581
0.25283581
0.30282379
0.30282379
0.30282379
0.30282379
0.42862522
0.42862522
0.75849968
0.36378051
0.36378051
0.36378051
0.36378051
0.36378051
0.28769029
0.28769029
0.28769029
0.28769029
0.28769029
0.64598740
0.64598740
0.63404760
0.63404760
0.45425676
0.45425676
0.45425676
0.45425676
0.45425676
0.85112387
0.21689659
0.21689659
0.21689659
0.21689659
0.21689659
0.33396151
0.66689974
0.46693308
0.46693308
0.41347499
0.41347499
0.41347499
0.41347499
0.41347499
0.60488192
0.60488192
0.59201287
0.58004905
0.57041777
0.53036523
0.53036523
0.53036523
0.53036523
0.53036523
0.36281686
0.36281686
0.36281686
0.36281686
0.36281686
0.38818621
0.57728203
0.57728203
0.57728203
0.57728203
0.55243125
0.55243125
0.55243125
0.55243125
0.55243125
0.58141786
0.58141786
0.39120163
0.39120163
0.39120163
0.39120163
0.39120163
0.55859630
0.55859630
0.36558555
0.36558555
0.36558555
0.36558555
0.36558555
0.41070006
0.41070006
0.41070006
0.64788100
0.64788100
0.64097464
0.42620062
0.42620062
0.42620062
0.42620062
0.42620062
0.56425821
0.56425821
0.56425821
0.56425821
0.56425821
0.83607988
0.83607988
0.78079704
0.52430847
0.52430847
0.52430847
0.52430847
0.52430847
0.72007765
0.72007765
0.72007765
0.22853022
0.22853022
0.22853022
0.22853022
0.22853022
0.37545358
0.37545358
0.37545358
0.56468926
0.56468926
0.56468926
0.56468926
0.61415996
0.39528463
0.39528463
0.39528463
0.39528463
0.39528463
0.57123934
0.57123934
0.59334090
0.69845447
0.38464513
0.23017941
0.23017941
0.23017941
0.23017941
0.23017941
0.34741803
0.34741803
0.20201072
0.20201072
0.20201072
0.20201072
0.20201072
0.26505246
0.26505246
0.26505246
0.40645555
0.40645555
0.40645555
0.63795862
0.61050200
0.61050200
0.61050200
0.57259201
0.29122459
0.29122459
0.27589959
0.27589959
0.27589959
0.27589959
0.27589959
0.60770096
0.60770096
0.60770096
0.60770096
0.54903412
0.54903412
0.54903412
0.30531937
0.30531937
0.30531937
0.30531937
0.30531937
0.31749235
0.31749235
0.31749235
0.31749235
0.32813714
0.32813714
0.32813714
0.32813714
0.52653617
0.52653617
0.52653617
0.66709005
0.78897237
0.63897002
0.63897002
0.63897002
0.63897002
0.51493277
0.29951525
0.29951525
0.29951525
0.29951525
0.29951525
0.50652256
0.20751992
0.20751992
0.20751992
0.20751992
0.20751992
0.45411436
0.45411436
0.45411436
0.45411436
0.38430039
0.38430039
0.38430039
0.38430039
0.38430039
0.44627683
0.24980900
0.24980900
0.24980900
0.24980900
0.24980900
0.51881401
0.58037349
0.58037349
0.19108958
0.10716216
0.10716216
0.10716216
0.07412039
0.07412039
0.07412039
0.07412039
0.07412039
0.37462914
0.37462914
0.37462914
0.37462914
0.42832080
0.42832080
0.32198373
0.22686110
0.22686110
0.22686110
0.22686110
0.22686110
0.44285011
0.44285011
0.44285011
0.44285011
0.44285011
0.62235574
0.41476088
0.24782196
0.24782196
0.11588700
0.11588700
0.11588700
0.11588700
0.11588700
0.32238565
0.32238565
0.32238565
0.32238565
0.32295304
0.42896812
0.42896812
0.42896812
0.42896812
0.38945920
0.38945920
0.38945920
0.38945920
0.38945920
0.47605019
0.19683456
0.19683456
0.19683456
0.19683456
0.19683456
0.30720857
0.30720857
0.30720857
0.30720857
0.30720857
0.36719799
0.34916860
0.34916860
0.34916860
0.34916860
0.21691807
0.21691807
0.21691807
0.07973039
0.07973039
0.07973039
0.07973039
0.07973039
0.43945221
0.39097877
0.39097877
0.34903508
0.34903508
0.34903508
0.18046860
0.18046860
0.18046860
0.18046860
0.18046860
0.19605596
0.19605596
0.19605596
0.19605596
0.29326785
0.14505193
0.14505193
0.14505193
0.14505193
0.14505193
0.46613058
0.46613058
0.46613058
0.05423304
0.05423304
0.05423304
0.05423304
0.05423304
0.14162137
0.14162137
0.14162137
0.27554802
0.27554802
0.27554802
0.34575009
0.27044692
0.27044692
0.27044692
0.27044692
0.27044692
0.22160740
0.22160740
0.22160740
0.22160740
0.22160740
0.29998646
0.29998646
0.29998646
0.29998646
0.29998646
0.30580680
0.25303943
0.25303943
0.25303943
0.25303943
0.25303943
0.13393919
0.13393919
0.13393919
0.13393919
0.13393919
0.19285521
0.19285521
0.17650325
0.17650325
0.17650325
0.17650325
0.17650325
0.58851891
0.70308351
0.24137868
0.24137868
0.24137868
0.24137868
0.24137868
0.55139483
0.55139483
0.55139483
0.55139483
0.55139483
0.57173760
0.36441263
0.36441263
0.36441263
0.36441263
0.36441263
0.43948339
0.43948339
0.43948339
0.43948339
0.59399947
0.46206759
0.46206759
0.46206759
0.46206759
0.46206759
0.56607647
0.43548651
0.43548651
0.43548651
0.43548651
0.43548651
0.48678438
0.55880912
0.55880912
0.58379062
0.58379062
0.62659351
0.62659351
0.62659351
0.62659351
0.58375652
0.58375652
0.58375652
0.58375652
0.55604450
0.55604450
0.55604450
0.55604450
0.36069409
0.36069409
0.36069409
0.36069409
0.36069409
0.61180506
0.61180506
0.48654116
0.48654116
0.48654116
0.48654116
0.48654116
0.45166456
0.45166456
0.45166456
0.45166456
0.45166456
0.78320667
0.71725266
0.71725266
0.71725266
0.65120137
0.65120137
0.65120137
0.65120137
0.65120137
0.80865095
0.84334629
0.81670151
0.81670151
0.63220899
0.63220899
0.63220899
0.63220899
0.63220899
0.71821413
0.83206932
0.75262022
0.75262022
0.75262022
0.75262022
0.75262022
0.71321830
0.71321830
0.71321830
0.71321830
0.67584982
0.67584982
0.67584982
0.67584982
0.67584982
0.81245886
0.81245886
0.81245886
0.89384162
0.89384162
0.84272026
0.84272026
0.84272026
0.82648307
0.82648307
0.74168832
0.74168832
0.74168832
0.74168832
0.74168832
0.87445752
0.87445752
0.81988887
0.80033401
0.80033401
0.80033401
0.80033401
0.80033401
0.82579222
0.82579222
0.82579222
0.86496657
0.86496657
0.86496657
0.86496657
0.92402949
0.91695127
0.90220880
0.81153082
0.81153082
0.81153082
0.81153082
0.81153082
0.91688358
0.92618652
0.92618652
0.92618652
0.93046370
0.93046370
0.95205624
0.95205624
0.89105577
0.89105577
0.89105577
0.89105577
0.89105577
0.93100878
0.93100878
0.93100878
0.94357878
0.94357878
0.96430486
0.96430486
0.96430486
0.96430486
0.96430486
0.96619212
0.96817851
0.96817851
0.96817851
0.97251675
0.97666307
0.96380329
0.96380329
0.96380329
0.96380329
0.96380329
0.98692579
0.94317192
0.94317192
0.94317192
0.94317192
0.94317192
0.97999304
0.97999304
0.97829648
0.97829648
0.97829648
0.97370013
0.97370013
0.97370013
0.97113036
0.97113036
0.97113036
0.97113036
0.97113036
0.98867311
0.98867311
0.98867311
0.98387073
0.98387073
0.98387073
0.98387073
0.98387073
0.99293972
0.99293972
0.99293972
0.98499674
0.98255237
0.98255237
0.98255237
0.98255237
0.98255237
0.98570021
0.98570021
0.98570021
0.98570021
0.99151367
0.99151367
0.99151367
0.99151367
0.99151367
0.99402465
0.99402465
0.99069587
0.99069587
0.99069587
0.98807291
0.98807291
0.98807291
0.98807291
0.98807291
0.98909189
0.99463802
0.99463802
0.99316686
0.99316686
0.99316686
0.99316686
0.98458551
0.98458551
0.98458551
0.98458551
0.98458551
0.99486957
0.99225612
0.99225612
0.99225612
0.99225612
0.99068691
0.99068691
0.99068691
0.99068691
0.99068691
0.98451078
0.98451078
0.98451078
0.98451078
0.98451078
0.98914358
0.98914358
0.98914358
0.98914358
0.99361716
0.99361716
0.99361716
0.99361716
0.99522450
0.99522450
0.99223089
0.99223089
0.99223089
0.99223089
0.99223089
0.99516361
0.99516361
0.99516361
0.99694014
0.99071587
0.99071587
0.99071587
0.99071587
0.99071587
0.99442552
0.99442552
0.99442552
0.99442552
0.99354926
0.99354926
0.99354926
0.99354926
0.99354926
0.99634635
0.99634635
0.99634635
0.99634635
0.99634983
0.99634983
0.99558507
0.99494800
0.99494800
0.99214261
0.99214261
0.99214261
0.99214261
0.99214261
0.99401245
0.99565413
0.99595248
0.98740832
0.98740832
0.98740832
0.98740832
0.98740832
0.99103545
0.99300412
0.99300412
0.99483409
0.99100306
0.99100306
0.99100306
0.99100306
0.99100306
0.99428266
0.99367706
0.99367706
0.99070138
0.98852488
0.98852488
0.98852488
0.98852488
0.98852488
0.99554662
0.99260501
0.99260501
0.99260501
0.99225462
0.99225462
0.98972767
0.98972767
0.98972767
0.98972767
0.98972767
0.99266619
0.99266619
0.99266619
0.99266619
0.99419996
0.99419996
0.99419996
0.99419996
0.99419996
0.99458110
0.99105668
0.99105668
0.99105668
0.99105668
0.99105668
0.99426500
0.99426500
0.99426500
0.99426500
0.99061266
0.99061266
0.99061266
0.99061266
0.99061266
0.99442995
0.99088479
0.99088479
0.99088479
0.99088479
0.99088479
0.99741089
0.99741089
0.98459575
0.98459575
0.98459575
0.98459575
0.98459575
0.99187957
0.99238282
0.99238282
0.99238282
0.99238282
0.99238282
0.99296142
0.99022063
0.99022063
0.99022063
0.99022063
0.99022063
0.99079836
0.99079836
0.99079836
0.99554956
0.98532339
0.98532339
0.98532339
0.98532339
0.98532339
0.98945746
0.98945746
0.98945746
0.98945746
0.99270999
0.99270999
0.99270999
0.99270999
0.99270999
0.99345442
0.99345442
0.99345442
0.99296591
0.99061743
0.99061743
0.99061743
0.99061743
0.99061743
0.99611350
0.99611350
0.99611350
0.99465897
0.99439015
0.99373290
0.99373290
0.99373290
0.99373290
0.99373290
0.99217068
0.99217068
0.99217068
0.99217068
0.99217068
0.99318494
0.99318494
0.99318494
0.99315693
0.99315693
0.99315693
0.99315693
0.99315693
0.99343175
0.99343175
0.99343175
0.99436881
0.99436881
0.99436881
0.99436881
0.99644400
0.99644400
0.99561317
0.99561317
0.99561317
0.99561317
0.99257810
0.99257810
0.99257810
0.99257810
0.99257810
0.99460365
0.99460365
0.99460365
0.99460365
0.99460365
0.99690600
0.99802954
0.99802954
0.99802954
