1.00000000
1.00000000
1.00000000
1.00000000
1.00000000
1.00000000
1.00000000
1.00000000
1.00000000
1.00000000
1.00000000
1.00000000
1.00000000
1.00000000
1.00000000
1.00000000
1.00000000
1.00000000
1.00000000
1.00000000
1.00000000
1.00000000
1.00000000
1.00000000
1.00000000
1.00000000
1.00000000
1.00000000
1.00000000
1.00000000
1.00000000
1.00000000
1.00000000
1.00000000
1.00000000
1.00000000
1.00000000
1.00000000
1.00000000
1.00000000
1.00000000
1.00000000
1.00000000
1.00000000
1.00000000
1.00000000
1.00000000
1.00000000
1.00000000
1.00000000
1.00000000
1.00000000
1.00000000
1.00000000
1.00000000
1.00000000
1.00000000
1.00000000
1.00000000
1.00000000
1.00000000
1.00000000
1.00000000
0.99137938
0.98952186
0.98877370
0.98838681
0.98831570
0.99134666
0.99019635
0.99162573
0.99113816
0.99094933
0.99105549
0.99112153
0.99005353
0.99000400
0.98943138
0.98864192
0.98847896
0.98995399
0.98959166
0.98735470
0.99120271
0.98957247
0.98727036
0.98795998
0.99064332
0.99116462
0.99012417
0.99019718
0.99042434
0.99117506
0.99059510
0.99003184
0.98985296
0.98832989
0.99085802
0.99158573
0.99105692
0.99087018
0.98964840
0.99026871
0.99043274
0.98961467
0.98910987
0.98791319
0.98469466
0.98585981
0.99038857
0.98976821
0.99153894
0.98976249
0.99001080
0.99294102
0.98990101
0.98863077
0.98483330
0.98101485
0.98489112
0.98308760
0.97370607
0.96628308
0.96713078
0.96646303
0.95645207
0.95332652
0.95500898
0.97357202
0.98134053
0.98075300
0.98142070
0.98423702
0.98624355
0.98741871
0.98805004
0.98635417
0.99079263
0.99250495
0.99279904
0.99199742
0.99214453
0.99111956
0.99005085
0.98810184
0.98785073
0.98656601
0.98677897
0.99117976
0.99171138
0.99225450
0.99272376
0.98952430
0.99087197
0.99240112
0.99386060
0.99353361
0.99382401
0.99361646
0.99315166
0.99280167
0.99216086
0.99171841
0.99165440
0.98975694
0.99044222
0.98980546
0.98844159
0.98624635
0.98782140
0.98759240
0.98756403
0.98758942
0.98577869
0.98488533
0.98607254
0.98571962
0.98530209
0.98401511
0.98474288
0.98432618
0.98620903
0.98512679
0.98550528
0.98543835
0.98527873
0.98468679
0.98558539
0.98551047
0.98434085
0.98545003
0.98614758
0.98517436
0.98167396
0.98176301
0.97720361
0.97467303
0.96941268
0.97079474
0.97779047
0.97944403
0.97457790
0.97395748
0.96878362
0.96948695
0.97359484
0.97291327
0.97321004
0.97292882
0.97785395
0.97816080
0.98199743
0.98121083
0.98498929
0.98502398
0.98694104
0.98693335
0.98227972
0.97078788
0.97574073
0.97545403
0.97725368
0.97612053
0.97039807
0.96532428
0.97160578
0.96530449
0.95961404
0.97584504
0.98418140
0.98642009
0.99142092
0.99375266
0.99343950
0.99267477
0.99095505
0.98882759
0.98757774
0.99026150
0.99121475
0.99401677
0.99334550
0.99181783
0.99129045
0.99024498
0.99413389
0.99318105
0.99441814
0.99386334
0.99329871
0.99444133
0.99200881
0.99117976
0.98913467
0.98779142
0.99082035
0.99089748
0.98618746
0.98795044
0.98648572
0.98929775
0.99054855
0.98971051
0.98960364
0.98699540
0.97714889
0.97625345
0.97913629
0.98698920
0.97844076
0.95289195
0.93961358
0.95944917
0.96474731
0.97323245
0.96974677
0.97018605
0.96803457
0.96664566
0.97451109
0.98555815
0.98230940
0.97985649
0.98522931
0.98845518
0.99147296
0.99229264
0.99295843
0.99063861
0.99148750
0.98800021
0.98502153
0.98858064
0.99063665
0.98840976
0.98853999
0.98654747
0.98844939
0.98996943
0.98869622
0.99166310
0.99073082
0.99182314
0.98911744
0.98969311
0.98950303
0.99428236
0.99292773
0.99325550
0.98977238
0.98210537
0.98603803
0.98136693
0.98947793
0.98228377
0.98218632
0.98490679
0.97489262
0.95800799
0.94130510
0.97757941
0.97924906
0.97904509
0.96568173
0.95596248
0.95601457
0.96173704
0.97078753
0.97232687
0.97582823
0.97977912
0.97128999
0.95807326
0.95929623
0.98157412
0.98732913
0.98877841
0.97986186
0.98064584
0.98173416
0.98555195
0.98537481
0.98656034
0.99018317
0.98881578
0.98524612
0.99004668
0.98827553
0.98868060
0.98774767
0.98493850
0.98429883
0.98540723
0.98283434
0.98207355
0.98222834
0.98138869
0.98277873
0.97774291
0.98025000
0.97787309
0.97831047
0.97473305
0.97742873
0.97851151
0.98374510
0.98702544
0.99006796
0.99244457
0.99141675
0.99183416
0.99068892
0.98351926
0.98193479
0.98389024
0.97988015
0.99259889
0.99092942
0.99160951
0.98465365
0.98051786
0.97603637
0.97428787
0.97439063
0.97883248
0.98361152
0.98773521
0.98449475
0.98071849
0.97805792
0.98963928
0.99196446
0.99353456
0.99064577
0.98886210
0.98699969
0.98778719
0.99020678
0.99125564
0.99301046
0.99278682
0.99250174
0.99160635
0.98967534
0.98910820
0.99034965
0.99043965
0.98928028
0.98589098
0.98734379
0.98351973
0.98400277
0.98393124
0.98332918
0.98522919
0.98269838
0.97950703
0.97442335
0.97698897
0.97803932
0.98238063
0.98521292
0.98669827
0.98755544
0.98865753
0.98917902
0.98949885
0.98881042
0.98626858
0.98434526
0.98076540
0.97918427
0.98367369
0.98504055
0.98602587
0.98553169
0.98776162
0.98727930
0.98643315
0.98378563
0.98227155
0.98409802
0.98182845
0.97883886
0.97670186
0.98171461
0.98283178
0.98437023
0.98496938
0.98621547
0.98626477
0.98868340
0.98956430
0.99034506
0.99154133
0.99137080
0.99168867
0.99240220
0.99386930
0.99325138
0.99298334
0.99223220
0.99006057
0.98886758
0.98879772
0.98933780
0.99107367
0.99082184
0.99305058
0.99430001
0.99453676
0.99464285
0.99412447
0.99341810
0.99272573
0.99277711
0.99073410
0.99089617
0.99187356
0.99080187
0.98706287
0.98503220
0.98091263
0.98814875
0.98788607
0.98237062
0.98749280
0.98673314
0.98812962
0.98904490
0.99034446
0.99141181
0.98930860
0.99211228
0.99218845
0.99145609
0.99082327
0.99066275
0.99075574
0.99181819
0.99130636
0.99104464
0.99007380
0.99020773
0.98963553
0.98863250
0.98695344
0.98566759
0.98574907
0.98616517
0.98366737
0.98087823
0.98002326
0.97851115
0.98037016
0.97937578
0.97852772
0.97757363
0.97958606
0.97591770
0.97395104
0.97529751
0.97508484
0.97402567
0.97159988
0.97357064
0.97504246
0.97554499
0.97395080
0.97710174
0.97637868
0.97922909
0.97736961
0.97756565
0.97871494
0.97775716
0.97982258
0.98405343
0.98229885
0.98231632
0.98217726
0.98348421
0.98594207
0.98384666
0.98481053
0.98814046
0.98710907
0.98514754
0.98733217
0.98801523
0.98697364
0.98725235
0.98833871
0.98735356
0.99081832
0.99095917
0.99052495
0.99115330
0.99038750
0.98891020
0.98764837
0.98788726
0.98762453
0.98635709
0.98667473
0.98896700
0.99041045
0.99170321
0.99245441
0.99130249
0.99416614
0.99488729
0.99484044
0.99391264
0.99425310
0.99351317
0.99316001
0.99421835
0.99430931
0.99376678
0.99276978
0.98987377
0.99006873
0.98883188
0.98771954
0.98506790
0.98189110
0.98389822
0.98304349
0.98518592
0.98545343
0.98806041
0.98586440
0.98321289
0.97670197
0.98090005
0.98306322
0.98570120
0.98760533
0.98795044
0.98713511
0.98610467
0.98450804
0.97871453
0.97527474
0.97610563
0.97677284
0.97959018
0.98253167
0.98691237
0.98833841
0.98878378
0.98711562
0.98537827
0.98453498
0.98825711
0.98820412
0.99339205
0.99305600
0.99203026
0.98903811
0.98582864
0.98679614
0.98981792
0.99247122
0.99175584
0.99352986
0.99103945
0.99189925
0.98997098
0.98738235
0.98946291
0.99012136
0.99141651
0.99090719
0.98998660
0.98615867
0.98600477
0.98721468
0.99080616
0.99078661
0.99108839
0.99143171
0.99148679
0.99179697
0.99102890
0.99017990
0.98861676
0.98899323
0.99079776
0.99084467
0.99066871
0.99081683
0.99083567
0.99119824
0.98926395
0.98913831
0.98809159
0.98678082
0.98914844
0.98774159
0.98957819
0.98996252
0.99130893
0.99078953
0.98959363
0.98889446
0.98799151
0.98951614
0.98725486
0.98626804
0.98690391
0.98697114
0.97899812
0.98376346
0.99090636
0.99173212
0.99096012
0.99128985
0.99069595
0.99031806
0.98944867
0.98898613
0.99016213
0.99054587
0.98932821
0.98975629
0.98913598
0.98724538
0.98608285
0.98899603
0.99090004
0.99079227
0.99078053
0.99084258
0.99054128
0.99025929
0.99008185
0.98978990
0.98846382
0.99046320
0.99005216
0.98843098
0.98942614
0.98808771
0.98871535
0.98777777
0.98830146
0.98835784
0.98851961
0.98633564
0.98838681
0.98943126
0.98866385
0.98719388
0.98798382
0.98904371
0.98925871
0.98713291
0.98970848
0.98888856
0.98928100
0.98984617
0.98894346
0.98949885
0.99026322
0.98830962
0.98759395
0.98622084
0.98619449
0.98213643
0.98210818
0.98414350
0.98506224
0.98424166
0.98174244
0.98000461
0.97927105
0.98185456
0.98481202
0.98355788
0.97871530
0.97634137
0.97207940
0.97719473
0.96961999
0.97236317
0.97150338
0.97346705
0.95039409
0.95282292
0.96257102
0.96799231
0.96416593
0.97319770
0.97368443
0.96550959
0.96278906
0.95110691
0.94490218
0.93208742
0.92249817
0.93267930
0.96680439
0.97239774
0.97945273
0.97927666
0.98339266
0.98190194
0.98452294
0.97984535
0.98370773
0.99092823
0.98745954
0.98787075
0.98670608
0.99209154
0.98735577
0.99328727
0.99458474
0.99192363
0.99396223
0.99133962
0.99395037
0.99491066
0.99547631
0.99490166
0.99431652
0.99426430
0.99063408
0.98822790
0.98893917
0.98849702
0.98934221
0.98522574
0.97316021
0.98430139
0.98519611
0.97929758
0.96597332
0.98434108
0.96832240
0.96162945
0.97448242
0.98222280
0.97700590
0.95144963
0.97363448
0.96551245
0.95276046
0.94210643
0.94460541
0.96289384
0.95543265
0.92164445
0.95285225
0.95951521
0.95545411
0.93514407
0.94526577
0.95267725
0.97042173
0.96323055
0.96754694
0.94836062
0.96010947
0.95740759
0.93990457
0.93417424
0.92482698
0.93161130
0.95104200
0.92824513
0.92397171
0.88772023
0.91058999
0.87692273
0.77876186
0.91337425
0.90030384
0.90568614
0.92735636
0.89132261
0.95347518
0.93093866
0.82068390
0.85717505
0.89631629
0.89290190
0.79538530
0.90921414
0.87483400
0.83764297
0.88608450
0.80122310
0.89582849
0.95958436
0.95662290
0.92141759
0.89275050
0.91091007
0.86954874
0.93457603
0.85488659
0.78511924
0.77232361
0.76501274
0.85634333
0.83740717
0.81357926
0.83377993
0.74127835
0.48356751
0.74691164
0.76713216
0.81291652
0.66371018
0.63473231
0.75877762
0.78256136
0.72173584
0.66789198
0.70779538
0.84300011
0.76878905
0.73207659
0.81850284
0.62277275
0.82335454
0.83577073
0.77059221
0.72683328
0.60050333
0.53832573
0.72635800
0.72630501
0.63757223
0.57005018
0.47849649
0.72554046
0.75161159
0.66376048
0.42648706
0.58533138
0.72846991
0.71759129
0.64442778
0.79080313
0.74346775
0.77920765
0.71511620
0.72668034
0.61299717
0.77334899
0.77444625
0.77580810
0.89092040
0.77789259
0.90143460
0.49045041
0.70221496
0.80454779
0.90463322
0.83269340
0.86681759
0.81583101
0.80004817
0.81390029
0.65380365
0.87385684
0.77673632
0.61949098
0.76096082
0.71772587
0.65683097
0.71484405
0.66842747
0.67060059
0.78479558
0.55197626
0.53966850
0.71129268
0.66466093
0.71987331
0.72073519
0.76959270
0.69259036
0.76727730
0.74867374
0.75129622
0.71689093
0.74020314
0.72692132
0.77899140
0.82868367
0.78735650
0.64882791
0.66802692
0.75338042
0.77184916
0.70323831
0.73863155
0.74930441
0.80204791
0.78449661
0.77605230
0.77569741
0.76836556
0.64453554
0.64510465
0.78182042
0.68344432
0.76720512
0.82534665
0.83819240
0.64143914
0.72644502
0.71470171
0.75462556
0.78886956
0.67159635
0.80662501
0.82680506
0.47209728
0.57106650
0.86700886
0.75927937
0.71590281
0.72730476
0.87378895
0.82822555
0.86787605
0.84595388
0.64216346
0.77767420
0.78161496
0.82845771
0.91389149
0.90094489
0.83483839
0.68172717
0.57882071
0.52764672
0.74363756
0.69205070
0.80721831
0.78175503
0.54435819
0.51695889
0.75568306
0.68120909
0.71096754
0.55909729
0.57861012
0.70485103
0.71553725
0.84968543
0.79511428
0.88174593
0.68496495
0.44231820
0.73228621
0.91371071
0.78886908
0.76217628
0.79628223
0.80465633
0.74676722
0.74013692
0.76305646
0.70115685
0.70353949
0.78344309
0.77637821
0.71401584
0.73646158
0.88183266
0.78916126
0.81347656
0.82557589
0.69485468
0.61715984
0.77762538
0.79962862
0.71273130
0.73910308
0.71203250
0.72985566
0.76014864
0.86116010
0.79396898
0.70366102
0.55834359
0.81206185
0.92225647
0.80690694
0.87955451
0.81359696
0.86076671
0.87389034
0.80763125
0.58912611
0.68846202
0.59382689
0.86592966
0.83687609
0.87541044
0.76035160
0.71137238
0.80440742
0.68107104
0.64401299
0.61961073
0.63263762
0.55513424
0.67443126
0.68338358
0.86207378
0.59915149
0.68128449
0.72947985
0.80733347
0.84888428
0.80490398
0.78050864
0.82855386
0.81620300
0.65853488
0.77505088
0.89872545
0.74104649
0.81426471
0.85709500
0.58007258
0.45584127
0.67239285
0.78327256
0.58976579
0.74065441
0.77622771
0.60330600
0.76939225
0.66138697
0.59504181
0.81741202
0.67624396
0.86360335
0.85676348
0.75476843
0.85096335
0.67850149
0.56695515
0.69634509
0.77338451
0.80148607
0.74363393
0.72905463
0.84790087
0.89990360
0.80811417
0.77314770
0.85354829
0.85730839
0.67511463
0.78798175
0.82653743
0.84408128
0.73469120
0.82381904
0.81005615
0.73358548
0.89279735
0.83260411
0.85432875
0.83576548
0.78185999
0.74203289
0.80255657
0.77336615
0.82121617
0.79169452
0.82138890
0.88141149
0.88630682
0.86406898
0.83140987
0.79524422
0.79314005
0.79723054
0.81048453
0.87771833
0.77084088
0.82805747
0.89038581
0.80772674
0.90113384
0.94804484
0.93264258
0.85506034
0.89130938
0.82708067
0.72874379
0.84971750
0.86953700
0.89667737
0.87721270
0.86053592
0.77696520
0.78154588
0.55885124
0.83200014
0.74050891
0.77016997
0.63714969
0.82784539
0.74845415
0.71238881
0.84268034
0.83840781
0.77856362
0.73559672
0.74389958
0.86150706
0.61294419
0.73848128
0.79137212
0.80692363
0.67346472
0.62023413
0.54849869
0.54451090
0.54074979
0.69942975
0.48599884
0.52660304
0.62531060
0.54441357
0.74985051
0.58918905
0.61479521
0.54536986
0.58291948
0.58823913
0.59086138
0.69733918
0.78398049
0.73130780
0.55435812
0.73506546
0.67037904
0.82773292
0.79802561
0.72115952
0.83735484
0.68113011
0.79403782
0.77639776
0.90375912
0.81851679
0.77745581
0.54964656
0.73828173
0.61127025
0.71979111
0.58957934
0.70203561
0.61619538
0.70878118
0.68317354
0.66268778
0.77982104
0.80764949
0.74388009
0.80026978
0.75459880
0.79021740
0.78439593
0.80539423
0.80629015
0.79803860
0.78888273
0.85155123
0.82686204
0.86492914
0.81692690
0.90185422
0.74753010
0.85078281
0.81281918
0.73005867
0.68510032
0.62365413
0.50689292
0.57814556
0.69070446
0.46683237
0.73361969
0.72754610
0.72658890
0.65061879
0.70749426
0.65602702
0.72897750
0.61008912
0.62009209
0.64973402
0.69885683
0.59912521
0.65129352
0.47003797
0.60326755
0.59232050
0.59958756
0.65065897
0.47975871
0.54513723
0.59223199
0.36656064
0.47722051
0.56975210
0.58761597
0.69002777
0.54273170
0.64420366
0.62974548
0.57078445
0.64741802
0.62100947
0.74710923
0.64396179
0.78273708
0.78349572
0.51659828
0.64908117
0.65123773
0.65845233
0.52539563
0.75746113
0.64740211
0.67068207
0.51494735
0.50484431
0.50844789
0.63708001
0.59693336
0.51899958
0.54807699
0.74640560
0.70652169
0.61769116
0.51174897
0.64108396
0.67372221
0.67612702
0.66689306
0.66651136
0.57531327
0.70169079
0.69025266
0.67312616
0.73499805
0.70727462
0.64098734
0.79312158
0.58753115
0.74749374
0.64722651
0.61955154
0.68667483
0.59520823
0.63970786
0.54745388
0.76624364
0.73630702
0.59250087
0.57054657
0.60006869
0.73346496
0.67332292
0.67984170
0.71332878
0.55721653
0.74424827
0.59502482
0.56992334
0.63355970
0.27556166
0.51866424
0.73523450
0.65737784
0.48626977
0.60275877
0.44883177
0.59148949
0.62784499
0.56842917
0.48940790
0.38567224
0.62376249
0.72554630
0.38419411
0.60789025
0.79447544
0.68429333
0.68294924
0.74773920
0.53686440
0.72222543
0.76034391
0.65684366
0.60175741
0.66758877
0.60065150
0.74417931
0.58507860
0.62971938
0.50574559
0.62837625
0.76247382
0.65102321
0.73251557
0.66567695
0.76417983
0.77993482
0.59370327
0.69245297
0.71246564
0.70875692
0.64660341
0.58281416
0.34088460
0.80716264
0.55969238
0.66375864
0.37225583
0.27633926
0.52728987
0.55346876
0.55000257
0.41336054
0.27836764
0.58638799
0.48636016
0.42731765
0.47765741
0.73350191
0.40707770
0.70357800
0.69688404
0.48978773
0.68557954
0.69104445
0.72566062
0.57814741
0.57827026
0.43321487
0.64128095
0.67628872
0.58247298
0.56835645
0.70524234
0.79918081
0.73566872
0.54139078
0.71162391
0.69821197
0.65233761
0.64461207
0.75578958
0.71491915
0.63775551
0.75927287
0.64011049
0.83220023
0.66676927
0.36882710
0.80995792
0.77568263
0.69798142
0.81590331
0.69305342
0.54707181
0.73344302
0.56580853
0.52356255
0.87392998
0.53863031
0.79396540
0.72096133
0.60392064
0.52761692
0.81432140
0.38524777
0.67987180
0.59870535
0.60983688
0.46720532
0.80544037
0.27165639
0.43133357
0.76873833
0.65174687
0.53153795
0.69117427
0.51519138
0.69869989
0.78341472
0.54581743
0.59333944
0.70457137
0.77848727
0.63427746
0.39986420
0.43046996
0.71683729
0.75143737
0.67974991
0.65468103
0.70667809
0.45469806
0.56623536
0.72517180
0.67645067
0.63987917
0.79411203
0.54018235
0.72592646
0.65326107
0.78712821
0.60667199
0.64649916
0.81918430
0.67996264
0.69697869
0.69536906
0.73795527
0.80339545
0.78166991
0.79083961
0.64665014
0.70450360
0.84206563
0.84424973
0.81901109
0.57491744
0.74781698
0.62549186
0.65779901
0.75765097
0.68347251
0.63525313
0.51117074
0.73008728
0.81159055
0.49078321
0.78783244
0.85603625
0.45691857
0.77940756
0.88924223
0.87475532
0.70708776
0.85010409
0.67573369
0.87091905
0.51236856
0.82350051
0.67962068
0.86921346
0.86114693
0.81708819
0.86142778
0.72440779
0.88818085
0.83031601
0.60632777
0.78742981
0.80843222
0.82055223
0.73446560
0.77483231
0.75949603
0.83293974
0.80691761
0.68946266
0.75749058
0.75566202
0.73222619
0.72789800
0.79594433
0.71561033
0.84874493
0.86928833
0.88547587
0.90401149
0.87098020
0.88921255
0.94184339
0.93790823
0.96226859
0.95575333
0.96871644
0.97085637
0.97245455
0.96130610
0.96357393
0.96743149
0.97078562
0.97295183
0.93031907
0.90896678
0.91065186
0.94322497
0.89133340
0.92599303
0.93119329
0.94731385
0.95327699
0.95966583
0.93400913
0.95948756
0.94804615
0.92980629
0.96901941
0.98042393
0.95949852
0.97740275
0.97776902
0.96465963
0.96810359
0.95904344
0.94633609
0.92048001
0.95848370
0.95047498
0.95733088
0.96685052
0.97328836
0.96308696
0.97403163
0.97689599
0.96475518
0.97173476
0.96955162
0.98142976
0.97941953
0.97350401
0.97226757
0.97479463
0.95932364
0.96839315
0.97779161
0.97430849
0.97548044
0.98493761
0.98189074
0.96937090
0.98003811
0.97430056
0.97253597
0.96458232
0.97307885
0.98010808
0.97529799
0.96074253
0.98250717
0.98786861
0.98999751
0.97608054
0.98864019
0.98817945
0.98971039
0.98242861
0.97111320
0.96622097
0.97170246
0.97578782
0.97352815
0.97654927
0.97916710
0.98316413
0.98367393
0.98952252
0.98406833
0.98796111
0.98905796
0.98927224
0.98962897
0.98244250
0.97411478
0.97536439
0.98590046
0.98657984
0.99109966
0.98989493
0.98957461
0.98903322
0.98795086
0.98207366
0.98149294
0.97771913
0.96132207
0.98061013
0.98830146
0.99044538
0.98895651
0.99049133
0.98312312
0.98573375
0.98881501
0.98631185
0.98795587
0.99109322
0.98824370
0.98459458
0.98865837
0.98808670
0.98573780
0.97975177
0.98617446
0.98489308
0.98283017
0.98785883
0.98500985
0.98674250
0.98777956
0.98899335
0.98449218
0.99012136
0.98943722
0.98804832
0.98677105
0.98445290
0.98387355
0.97693688
0.97240496
0.97013623
0.97118247
0.96920311
0.98042047
0.98218000
0.98114532
0.97693574
0.97819167
0.98062849
0.97777337
0.97519481
0.98179251
0.98802465
0.98666906
0.98854864
0.98930371
0.98947692
0.99102741
0.99065292
0.99017781
0.99097812
0.99314791
0.99262542
0.99029189
0.99048972
0.99115330
0.98972028
0.99158680
0.98339409
0.98625249
0.98539180
0.99056542
0.99325162
0.99376857
0.99303269
0.99136060
0.98891759
0.99242496
0.99161267
0.99403989
0.99381059
0.99193490
0.99277002
0.99402338
0.99251211
0.99254483
0.99268568
0.99259573
0.99178106
0.98915756
0.99314934
0.98856342
0.98958921
0.99113607
0.97596145
0.98294222
0.98699886
0.98552555
0.98644966
0.98309439
0.98353308
0.98300767
0.98104310
0.97813547
0.98104447
0.97078383
0.96396363
0.98588204
0.98300755
0.98473734
0.98398441
0.98657387
0.98681808
0.98739308
0.97765392
0.98439461
0.98015404
0.98114210
0.97143745
0.97044957
0.97735596
0.97638899
0.97382528
0.97399241
0.97927558
0.97793180
0.98231298
0.97898591
0.98265326
0.97905087
0.96956605
0.95976454
0.95823896
0.95764387
0.95560801
0.95658451
0.97337216
0.97392660
0.98054117
0.98469192
0.98684353
0.98736531
0.98810440
0.99030697
0.98779207
0.98743176
0.97964716
0.98155117
0.97759378
0.97490644
0.97795618
0.97232562
0.97483408
0.97028953
0.97491157
0.96896082
0.97010672
0.98291516
0.98550969
0.98896629
0.99147016
0.99065441
0.99095225
0.98396975
0.99058646
0.99188292
0.98994571
0.99041909
0.98852891
0.99011701
0.98944634
0.98737204
0.98876488
0.99028826
0.98780745
0.99038678
0.98429614
0.98967731
0.99202913
0.99241543
0.98633820
0.98828018
0.98306620
0.98237038
0.99075526
0.99017161
0.98642832
0.99127769
0.99105328
0.99272585
0.98865336
0.98781294
0.99131644
0.99052083
0.98963940
0.99139190
0.99008501
0.98771697
0.98829961
0.99005169
0.99169284
0.98416728
0.98280293
0.98245412
0.98607856
0.99012566
0.99161220
0.99012029
0.98942417
0.98961848
0.98653120
0.99061781
0.99354172
0.99452507
0.99002004
0.99092954
0.99235415
0.99106359
0.99149007
0.99156779
0.99211097
0.99065876
0.98788691
0.99197853
0.99298042
0.98821604
0.98800629
0.98930246
0.98622257
0.98803562
0.98634887
0.99152702
0.99198580
0.99076825
0.98552412
0.98624915
0.98629189
0.99237484
0.98950213
0.98671383
0.98460555
0.98254263
0.98979831
0.98625356
0.98733485
0.98386800
0.99035490
0.99020189
0.98989141
0.98839754
0.98763394
0.98792285
0.98756546
0.98749977
0.98783976
0.98933452
0.98854208
0.98786014
0.98631281
0.98715091
0.98833585
0.98722726
0.98659748
0.98696381
0.98646498
0.98550564
0.98314363
0.98318547
0.98344707
0.98264241
0.97971386
0.98189455
0.97985566
0.97937781
0.98182333
0.98253620
0.98368514
0.98150200
0.98360080
0.98331684
0.98410761
0.98102003
0.98528439
0.98543501
0.98332340
0.98266232
0.98026824
0.98104179
0.98086494
0.98415780
0.98156863
0.98480690
0.98671257
0.98468286
0.98163396
0.97216749
0.96702284
0.97718084
0.97542644
0.97605705
0.97662032
0.97846645
0.97843826
0.97992444
0.98325700
0.98414856
0.98451948
0.98439193
0.98616427
0.98629445
0.98740023
0.98633146
0.98726279
0.98672420
0.98604518
0.98488289
0.98253655
0.97953165
0.97697806
0.97477835
0.95560443
0.98373759
0.98044592
0.97356600
0.96925318
0.95602608
0.95319277
0.96434325
0.92778027
0.96281451
0.96159649
0.91687524
0.96817476
0.98277402
0.97861093
0.97265720
0.96423399
0.98265851
0.97193146
0.96130294
0.98787874
0.98565125
0.98417342
0.96950769
0.97062510
0.97570455
0.98328918
0.98211056
0.97747225
0.98075277
0.97719973
0.98867947
0.97608507
0.95815766
0.96073151
0.95112211
0.96153462
0.91612577
0.97050619
0.97166526
0.96143854
0.94927633
0.88618445
0.95671237
0.97055167
0.96755803
0.96555316
0.93943059
0.93374944
0.96162444
0.97265518
0.95619166
0.95486832
0.95730191
0.95757794
0.96940339
0.96465963
0.95516068
0.96911031
0.97332835
0.97130990
0.98138165
0.97021770
0.96432412
0.94724208
0.93156433
0.95890111
0.98110044
0.95459265
0.92919266
0.91207367
0.90916348
0.93536741
0.96211350
0.96166772
0.96135890
0.93625230
0.94312096
0.87209851
0.94792014
0.87488359
0.96683729
0.94857591
0.86763066
0.91298497
0.89421475
0.94069749
0.93584621
0.89622617
0.86445862
0.90368444
0.94367760
0.82163137
0.86911052
0.94519550
0.90370792
0.91503060
0.79230398
0.90551227
0.84082407
0.90933132
0.89644003
0.91878420
0.88948947
0.90212029
0.89729881
0.91888905
0.92932355
0.89544660
0.91913170
0.95777434
0.95195401
0.93905360
0.87001473
0.87210464
0.86217999
0.85606027
0.85728103
0.74972653
0.71194619
0.74386716
0.71396005
0.74737841
0.82060993
0.75455266
0.71753299
0.54110497
0.81664497
0.68352526
0.77437401
0.78669208
0.76997203
0.83840191
0.83665562
0.51777345
0.80569422
0.87537992
0.84468710
0.84487802
0.76117545
0.87054569
0.86049032
0.80014008
0.87868875
0.80479282
0.78964984
0.84142679
0.77977228
0.86811811
0.82461506
0.85687637
0.79324311
0.83763885
0.83911914
0.79880786
0.80443221
0.50898510
0.71152937
0.61731261
0.49990299
0.60902047
0.62585199
0.54099488
0.58014423
0.65208095
0.48538280
0.68690884
0.38378301
0.61460900
0.76249731
0.66149002
0.40405834
0.51525855
0.68032867
0.69016159
0.33624735
0.56293142
0.71808803
0.45469657
0.44883579
0.62419325
0.54920453
0.53855866
0.27786192
0.45120424
0.64302224
0.51578236
0.63014483
0.58984369
0.65084052
0.53870249
0.56181967
0.58237237
0.59560299
0.67429835
0.63652968
0.48703223
0.63759184
0.43563136
0.56131059
0.56995338
0.63138533
0.55759519
0.38882720
0.61782265
0.56059605
0.68445474
0.70608431
0.51485479
0.66199183
0.52561772
0.65885597
0.46778172
0.48724118
0.24757756
0.42490909
0.65311283
0.48763570
0.36767378
0.43850794
0.50549495
0.35071295
0.40693462
0.41382700
0.38517329
0.50039482
0.32916111
0.48723251
0.49835414
0.58945721
0.48350975
0.41115573
0.34478721
0.49838588
0.50086069
0.58070314
0.43500713
0.15491356
0.39728838
0.51547992
0.50027519
0.40496024
0.37549010
0.43196553
0.48763809
0.39899188
0.65321261
0.37981483
0.39509493
0.43493694
0.34661332
0.40335593
0.48717004
0.40579215
0.41777247
0.63630599
0.32751462
0.30642262
0.36865458
0.29219866
0.33804882
0.45750523
0.28251627
0.53333640
0.28605881
0.49910051
0.66650534
0.45721471
0.44971558
0.11779632
0.62418979
0.25170329
0.44515729
0.39224753
0.75801027
0.74236542
0.18943411
0.19541310
0.42659217
0.46828043
0.26038778
0.49095279
0.44392720
0.58107483
0.40327749
0.34043041
0.55017442
0.33288392
0.40898246
0.56129205
0.51672989
0.51129639
0.54434371
0.51010275
0.59797341
0.62470561
0.46474159
0.59623647
0.63821775
0.33304167
0.40752426
0.49575871
0.58985811
0.29462194
0.40934527
0.70590311
0.15863113
0.52445668
0.57642460
0.52281755
0.58838338
0.30251417
0.61383033
0.56836522
0.53138351
0.55810165
0.51778954
0.58895481
0.66613144
0.64255351
0.48739478
0.70645690
0.43595344
0.64138532
0.74634802
0.41620362
0.48802665
0.22041535
0.36326876
0.49091810
0.38646743
0.33305636
0.32665345
0.38125852
0.42950118
0.45494643
0.42358303
0.47985396
0.18210018
0.47847155
0.62994432
0.60769224
0.15416573
0.39123964
0.46986786
0.26838145
0.47198722
0.26488763
0.50384164
0.47082075
0.50873512
0.60916138
0.68849367
0.66017866
0.63939649
0.57656240
0.54961324
0.43460980
0.47373465
0.58504516
0.56559092
0.46096769
0.31483343
0.63256961
0.46495321
0.28169459
0.51171154
0.56947273
0.53333706
0.50975412
0.45813206
0.47576234
0.58498186
0.51429886
0.51544404
0.44573608
0.70449901
0.64301348
0.36069340
0.49842733
0.54197127
0.78917128
0.28116256
0.57356268
0.51496255
0.63466293
0.64327556
0.66236967
0.56220895
0.69354624
0.47030151
0.61207539
0.53920919
0.67388779
0.58069724
0.36491710
0.52280676
0.49387354
0.54908687
0.54622167
0.31248537
0.53369051
0.65279698
0.53949916
0.39995205
0.63290656
0.72250062
0.58457625
0.70898819
0.30559734
0.33271635
0.57444978
0.53871560
0.32359326
0.40481520
0.51497942
0.62873572
0.34591576
0.54804319
0.54831564
0.23686032
0.66650665
0.37097535
0.35908249
0.55208766
0.42092848
0.53965622
0.46535173
0.45514360
0.33161581
0.30792111
0.31621054
0.18312617
0.45799589
0.50980234
0.20595205
0.49590278
0.41334578
0.20747624
0.49856925
0.52749562
0.38000998
0.61609584
0.61804712
0.34520081
0.75324285
0.54754597
0.72100055
0.58983988
0.59885317
0.67176092
0.56294662
0.57526898
0.61969745
0.69774598
0.54133672
0.70696783
0.73247522
0.67490160
0.60561979
0.59366632
0.52615809
0.46655208
0.54032826
0.51162875
0.61853838
0.60949963
0.59833598
0.67657137
0.59835362
0.58910388
0.57303739
0.61711287
0.46419027
0.51008743
0.52129740
0.51166475
0.51189733
0.50278860
0.63543242
0.43586951
0.59452081
0.59647787
0.55830681
0.68824506
0.43593314
0.41901490
0.53738874
0.57485813
0.46508965
0.51817685
0.54744250
0.45879811
0.74500257
0.63443488
0.63701570
0.55409533
0.74262381
0.44897056
0.70767081
0.70078462
0.47154075
0.69518721
0.61112350
0.40851352
0.54144615
0.53580689
0.55444878
0.47284484
0.62646884
0.60075539
0.56845695
0.43388560
0.51494169
0.40601429
0.63752347
0.59101158
0.40795562
0.66213500
0.53028351
0.41814801
0.55905032
0.47670174
0.50655359
0.55466813
0.51703024
0.62464654
0.49921671
0.61640966
0.52426475
0.67150670
0.60277045
0.60336554
0.43579474
0.38257337
0.54487908
0.45790750
0.65630269
0.43846303
0.62734795
0.28303757
0.50034183
0.53654408
0.45490405
0.46812829
0.45355281
0.65075237
0.46558401
0.51532972
0.58710968
0.48349628
0.34938797
0.55603653
0.62569195
0.65938771
0.50156653
0.65578270
0.47657096
0.71901977
0.63332015
0.44350487
0.40597832
0.74679637
0.65511936
0.50164700
0.77374417
0.65633941
0.60862231
0.66341698
0.66474479
0.29228416
0.70458400
0.62378550
0.62126690
0.63380170
0.41129836
0.34656850
0.46750987
0.56252772
0.54047400
0.58324480
0.73655879
0.76002508
0.48751113
0.65153021
0.44348371
0.49149635
0.62205446
0.41657677
0.45676669
0.55853254
0.50667346
0.66492409
0.61405182
0.57414120
0.51330769
0.45424166
0.46420363
0.61350167
0.49754378
0.53673506
0.56997699
0.50112420
0.49993563
0.49764213
0.58674985
0.52033561
0.50628173
0.49037334
0.54190052
0.69884896
0.55396539
0.65119600
0.47917169
0.59521294
0.54982412
0.40669718
0.51598996
0.51838952
0.37795022
0.57767934
0.53150117
0.51919210
0.48059213
0.26723316
0.43999872
0.57159793
0.67534560
0.48889461
0.63701820
0.56447732
0.59318507
0.32998294
0.49851954
0.62078768
0.50536090
0.50454968
0.53867084
0.41667542
0.51425594
0.61884171
0.62758404
0.57692832
0.62954384
0.63916677
0.44852999
0.55687565
0.45414501
0.68411863
0.50076061
0.32282460
0.53257829
0.73883033
0.50970793
0.59802723
0.58784282
0.53895885
0.31162307
0.52157688
0.41262335
0.55517679
0.44254225
0.52008045
0.48442480
0.49799636
0.50030684
0.69745713
0.49046606
0.44477785
0.45972270
0.69111890
0.60009533
0.54083025
0.50484425
0.51977342
0.55434668
0.50853616
0.67814636
0.45763257
0.56144339
0.49035013
0.66739732
0.66001946
0.40508088
0.54806840
0.35433862
0.64278316
0.32892099
0.35315335
0.53266203
0.40415788
0.40046293
0.43004370
0.46094647
0.47899374
0.52763510
0.47914925
0.39652610
0.40557966
0.66604471
0.60231888
0.55524236
0.66659093
0.64399260
0.49627984
0.67511666
0.52844840
0.44399562
0.54012501
0.52210301
0.59563667
0.55901176
0.58935440
0.47413909
0.66828239
0.47693005
0.66884840
0.76259273
0.60030091
0.61999500
0.61581349
0.62912422
0.63848948
0.42830041
0.80288792
0.79178703
0.68597257
0.75174916
0.43514094
0.72253859
0.76749021
0.52787578
0.48571962
0.65493375
0.63899356
0.47957686
0.55374050
0.41302171
0.55927247
0.56351268
0.62951112
0.73584855
0.65904987
0.73546320
0.38185933
0.55789405
0.60331380
0.72362614
0.24047907
0.48815966
0.58816117
0.80203414
0.69388187
0.59235883
0.57023948
0.58218223
0.44708923
0.71096373
0.48636210
0.47450683
0.58043730
0.51128054
0.58671826
0.55189699
0.52438527
0.58839405
0.68399447
0.58602357
0.64107352
0.61193287
0.75341791
0.70096618
0.56695658
0.66233456
0.61279505
0.68373531
0.59827644
0.62340909
0.54881734
0.61606658
0.43176845
0.49191812
0.65980494
0.65511483
0.37783962
0.57142174
0.53126901
0.36488053
0.48559135
0.55560106
0.52909261
0.52195477
0.61412638
0.56254506
0.39610070
0.61254203
0.45910397
0.61815053
0.56856239
0.56144309
0.70485312
0.39119023
0.60530198
0.39727092
0.68078560
0.46995535
0.54412502
0.60739046
0.61950582
0.59723061
0.50723112
0.62275535
0.54142076
0.46222872
0.47689360
0.42403731
0.57524997
0.51734954
0.61595923
0.53060687
0.60712469
0.65467626
0.45003995
0.60256708
0.58590817
0.65647906
0.73909926
0.42649537
0.71358031
0.50783902
0.48785952
0.57371897
0.80669039
0.55927098
0.55171382
0.69597262
0.46772590
0.50123423
0.69067913
0.47921818
0.66817325
0.74601364
0.44540551
0.61153764
0.37852985
0.50600100
0.54954082
0.33977923
0.55288172
0.50067991
0.60735327
0.40672398
0.47237584
0.49530920
0.56918722
0.50873071
0.35181746
0.52732265
0.57305318
0.78593117
0.70522118
0.53481638
0.44930485
0.55728883
0.62023175
0.67830944
0.72674459
0.50078106
0.62066889
0.67907524
0.68076241
0.75037253
0.54177541
0.67254972
0.76938969
0.57725525
0.76005292
0.73326719
0.67008692
0.81747943
0.62682241
0.76696712
0.40492174
0.77384281
0.55069131
0.69840616
0.58445698
0.62189949
0.50926870
0.65376288
0.61844730
0.48406342
0.46957031
0.63495427
0.54037076
0.66187787
0.56530380
0.73272347
0.64765561
0.28246903
0.61579400
0.64661026
0.51997775
0.59463334
0.54569542
0.49306509
0.53851360
0.48715216
0.59592801
0.55998880
0.54150528
0.62914163
0.67871636
0.73371673
0.61687768
0.56399989
0.82197386
0.52379209
0.75282156
0.56407934
0.43052173
0.76700258
0.30902192
0.61301714
0.73863012
0.57568979
0.72344303
0.60488755
0.69160014
0.72751015
0.44221312
0.67513645
0.61306727
0.63095570
0.56293893
0.60243887
0.61900085
0.61088312
0.51440096
0.66471452
0.61943030
0.68170470
0.77821553
0.62428474
0.64565355
0.62647378
0.72309923
0.56743449
0.36270142
0.53615010
0.40070471
0.54595912
0.69413471
0.31415659
0.32547495
0.61610353
0.67571038
0.48148087
0.52377421
0.21057062
0.49243703
0.57379133
0.56923723
0.54002786
0.46838349
0.49994183
0.58628064
0.76276606
0.45419741
0.61570829
0.70210791
0.57138968
0.31983918
0.41253918
0.69664502
0.19009361
0.56282312
0.38559052
0.15379077
0.51483136
0.62450272
0.24687357
0.53341252
0.75139093
0.52671736
0.20427176
0.41728336
0.43057629
0.46161219
0.71455032
0.80018055
0.35208434
0.70802665
0.67444861
0.73284721
0.69125533
0.71255106
0.70600277
0.68414873
0.79854017
0.65168583
0.45158398
0.66896975
0.83187705
0.59457272
0.66737765
0.64325559
0.56963634
0.63397759
0.35144982
0.59740883
0.77743733
0.69610071
0.73562044
0.53286129
0.63601917
0.42071924
0.23040760
0.42160591
0.73948503
0.71792948
0.58270317
0.67690766
0.76574409
0.76633608
0.76592392
0.81849837
0.77599990
0.73396569
0.49830174
0.79537570
0.77642798
0.64900392
0.69872123
0.73602468
0.84054625
0.87363279
0.76851672
0.84496140
0.51587820
0.68295771
0.61565000
0.60792714
0.73352498
0.60650539
0.73185223
0.76552439
0.78317642
0.78131694
0.79326797
0.82188845
0.65389341
0.80087537
0.72547978
0.78956354
0.86821121
0.67880434
0.81445730
0.84679329
0.83946007
0.56271136
0.73306233
0.22814392
0.80663121
0.81502706
0.59035170
0.81384325
0.54690850
0.13927723
0.63344288
0.80253839
0.73539549
0.53418732
0.57983321
0.60746121
0.74443740
0.35996544
0.71464157
0.74589229
0.62503219
0.79549003
0.79824191
0.59562486
0.74967706
0.85923523
0.76168573
0.68652290
0.60365105
0.79842943
0.69824046
0.81048632
0.74968517
0.81327021
0.84232825
0.80351442
0.76759428
0.77270049
0.90259355
0.85907996
0.83290619
0.77549446
0.47939226
0.86984766
0.90054142
0.92063075
0.86030036
0.93169034
0.92281318
0.92507970
0.90598840
0.82871467
0.89158076
0.87986672
0.92433888
0.83732712
0.91763026
0.85373497
0.78755826
0.80367494
0.90678078
0.87950814
0.88679808
0.81555218
0.78408003
0.82452768
0.66019684
0.79971308
0.81698900
0.78319389
0.83110625
0.76960975
0.86007011
0.82477498
0.81971848
0.79847515
0.83249217
0.84333831
0.81085557
0.71401012
0.85777998
0.85333437
0.88601917
0.88038987
0.84347546
0.87248832
0.84193647
0.89917713
0.90427029
0.90900773
0.87249476
0.93745482
0.94785458
0.92185736
0.92417145
0.92491180
0.92257792
0.95930040
0.96501452
0.94037980
0.91469872
0.92027694
0.93151474
0.94270819
0.95019788
0.96295255
0.92684704
0.94191146
0.95959151
0.94967300
0.96505731
0.97341037
0.95454347
0.96511501
0.97221935
0.96767277
0.94944710
0.98125952
0.97539717
0.97151762
0.96575236
0.97466272
0.97171146
0.97484779
0.96700490
0.96770018
0.97086716
0.93987954
0.97162724
0.96854872
0.97364038
0.97490394
0.95409161
0.97710609
0.97772205
0.96168035
0.97916162
0.97901505
0.97662193
0.98136878
0.98578066
0.97893095
0.98218036
0.97688133
0.97996145
0.98169774
0.97448349
0.97322923
0.97373766
0.97471696
0.97474414
0.98289388
0.98067331
0.98356116
0.98452628
0.97098786
0.97012973
0.98380131
0.97610247
0.96969181
0.96792185
0.95437086
0.97585142
0.97205049
0.96415937
0.96327430
0.93895382
0.91986465
0.96874744
0.94444782
0.96860653
0.94476277
0.95111448
0.96005434
0.95409757
0.95161682
0.94027680
0.94999880
0.95935524
0.96247470
0.97598279
0.96958554
0.96979964
0.96889025
0.95460415
0.95623457
0.96717536
0.97247100
0.96474808
0.96700525
0.96365279
0.95863843
0.95548099
0.95676661
0.95690107
0.95447069
0.96160251
0.96130764
0.97632092
0.97556984
0.96960080
0.97343725
0.97372705
0.97288734
0.97588158
0.97710609
0.97753519
0.97906369
0.97088856
0.96734190
0.97278994
0.96717685
0.97891051
0.97098088
0.97698146
0.97317272
0.96839416
0.97073549
0.96751726
0.97513866
0.97210276
0.97706407
0.97545707
0.97324783
0.97495157
0.97131413
0.97351223
0.97483385
0.98008895
0.98149025
0.98082757
0.97433794
0.97239113
0.97524005
0.97121429
0.96240294
0.95837069
0.96213192
0.96438563
0.96257687
0.97543669
0.97915161
0.98291415
0.97776264
0.96988916
0.97566450
0.97902453
0.97989792
0.98140126
0.98159468
0.98398280
0.98427016
0.98504132
0.98585516
0.98845798
0.98837578
0.98669565
0.99155581
0.98905307
0.98386854
0.98137051
0.97976947
0.97407031
0.97307795
0.97640479
0.97705930
0.97325665
0.96130049
0.97264367
0.97907901
0.96557271
0.97087502
0.96457577
0.95278716
0.96310413
0.97491181
0.98584926
0.98984993
0.98960984
0.98826385
0.98376888
0.97369927
0.98346961
0.98929662
0.98851132
0.98918998
0.99065512
0.98181087
0.97852659
0.97882938
0.98303300
0.99170023
0.99276042
0.99154484
0.98564702
0.98616159
0.98143381
0.98719215
0.98490947
0.98850572
0.99358314
0.98593825
0.98944396
0.98578089
0.98978955
0.98854059
0.98894495
0.99051052
0.98817188
0.98904872
0.98947036
0.99039954
0.99281573
0.99298531
0.99088800
0.98971599
0.98806423
0.98704857
0.98558992
0.98629630
0.98614651
0.98572260
0.98323143
0.97808844
0.97903579
0.97980487
0.98139220
0.98221719
0.98280579
0.98444563
0.98333132
0.97866070
0.97191793
0.97126174
0.96947360
0.97094643
0.97623628
0.97633344
0.97996485
0.98172837
0.98262686
0.98529482
0.98838377
0.98407692
0.98101729
0.98578554
0.98613143
0.98580313
0.98780966
0.98861772
0.98922920
0.98936635
0.98659986
0.98279852
0.98311824
0.97271335
0.98058254
0.98103720
0.97971421
0.97862327
0.97930592
0.97748268
0.98004514
0.97517550
0.97542942
0.97979146
0.98152691
0.98702872
0.98920643
0.98781514
0.99262178
0.99242181
0.99190980
0.99006468
0.98505718
0.98123288
0.97971421
0.97799772
0.98063892
0.97739488
0.97165114
0.97303909
0.97377598
0.97299415
0.97776175
0.98049647
0.97955006
0.97509325
0.97139752
0.97026414
0.97764754
0.98121369
0.98431200
0.98476392
0.98506784
0.98447037
0.98497784
0.98097813
0.97654301
0.97460902
0.97910053
0.98092812
0.98624527
0.98342645
0.98369712
0.97955096
0.98152035
0.97874314
0.97723740
0.97734308
0.97563392
0.97103083
0.96942723
0.97220922
0.96855778
0.97411978
0.97887528
0.98148340
0.98401016
0.98561966
0.98641413
0.98879892
0.99069911
0.99036473
0.99102038
0.98973680
0.98895234
0.98743260
0.99016857
0.98994219
0.98817819
0.98582828
0.98470449
0.98894519
0.98979467
0.99086165
0.99055660
0.98992574
0.99118048
0.99198568
0.99321061
0.99393648
0.99405932
0.99507242
0.99457294
0.99395132
0.99314696
0.99486947
0.99397743
0.99313664
0.99385202
0.99394375
0.99261981
0.99327564
0.99124312
0.99329728
0.99353433
0.99381316
0.99341655
0.99348760
0.99126148
0.99214196
0.98947960
0.98946196
0.98839730
0.98457205
0.98379403
0.98298174
0.98030061
0.97848880
0.97870183
0.97640765
0.97819602
0.97750401
0.97560751
0.97502667
0.97144675
0.97253561
0.97077942
0.97022074
0.97151059
0.97097450
0.97563487
0.97224391
0.97518682
0.97445887
0.96985865
0.97596347
0.97650164
0.97057796
0.96514380
0.95953488
0.96648896
0.96582353
0.97320265
0.97512847
0.98454928
0.99109870
0.99131095
0.98511839
0.98512173
0.97447395
0.97505933
0.97259492
0.97011983
0.96569890
0.96168214
0.94678611
0.94886851
0.95035857
0.92508203
0.94153798
0.94069308
0.93052733
0.91301852
0.89623672
0.91291142
0.93494791
0.92105156
0.92422378
0.93647784
0.93744707
0.94431978
0.94436973
0.95434839
0.96097714
0.95060092
0.92066652
0.91941667
0.92125010
0.91524625
0.92836279
0.93314546
0.95171106
0.95864439
0.97000355
0.96682054
0.96286392
0.96677119
0.98591149
0.99212223
0.98784441
0.98614419
0.97858250
0.98425168
0.97901136
0.98983204
0.98853314
0.98368466
0.97868139
0.98214734
0.97707373
0.98275143
0.98245645
0.97394049
0.98341644
0.97859573
0.95632243
0.98001444
0.98013079
0.96424884
0.97571772
0.98135179
0.97731322
0.97794801
0.97464740
0.95970130
0.97954488
0.96010441
0.94221312
0.98453856
0.97762740
0.96812451
0.96795225
0.96338671
0.95675373
0.96765780
0.92429870
0.97123444
0.95507056
0.96183819
0.95874363
0.95068783
0.94925570
0.95657063
0.93431592
0.93731242
0.94767129
0.94763041
0.94378167
0.92849129
0.89169914
0.91315073
0.93174237
0.88550264
0.87551743
0.94295555
0.94801134
0.93126374
0.93714511
0.95784968
0.95231646
0.94343883
0.94064277
0.85873741
0.91088164
0.94166291
0.92571610
0.89920896
0.92845577
0.90557212
0.88757056
0.85008472
0.90930945
0.86771178
0.89595443
0.87480348
0.90753585
0.76764154
0.90233028
0.91583872
0.91921228
0.89615315
0.90139860
0.76829886
0.85199219
0.89310437
0.87477577
0.88298392
0.82671261
0.70789230
0.82327831
0.69288480
0.78818876
0.80811846
0.85880280
0.85486645
0.69132131
0.79547679
0.80381906
0.74593520
0.71484834
0.75642031
0.73403561
0.64986765
0.72699815
0.71548820
0.68392897
0.79986995
0.76185912
0.78048676
0.82806158
0.65259594
0.83201557
0.62239826
0.74061978
0.69546664
0.81517667
0.68836623
0.52719384
0.69455004
0.61630297
0.70451725
0.67238349
0.71713436
0.64934808
0.63530350
0.59608132
0.72951674
0.66747260
0.67852825
0.69908780
0.74136472
0.45163241
0.75643504
0.70050567
0.70985210
0.46516970
0.64153892
0.77388662
0.65477908
0.80806410
0.83208978
0.74090350
0.55921590
0.80422556
0.54283488
0.79801732
0.80447125
0.44406334
0.62465912
0.85252315
0.63487995
0.87438405
0.67617279
0.85764444
0.27862066
0.82437187
0.34496751
0.63767171
0.59153271
0.64561671
0.47696915
0.64209485
0.50618553
0.41626054
0.54308939
0.57848334
0.54390925
0.58150488
0.37419921
0.21862553
0.66333419
0.44323018
0.59540367
0.69071072
0.65689611
0.22742335
0.46683383
0.63590264
0.49070513
0.65616071
0.47975519
0.45829803
0.66621673
0.82340312
0.34207416
0.82140577
0.65696824
0.87127918
0.75157315
0.58330321
0.73888785
0.67318285
0.53960031
0.63508123
0.69910282
0.09883120
0.68135363
0.71091568
0.50854409
0.82712162
0.79313928
0.76953608
0.29451266
0.63378787
0.71177649
0.46096238
0.63269079
0.64843762
0.68864536
0.73855406
0.74944311
0.66154003
0.57783020
0.64564371
0.55625594
0.43423307
0.61066222
0.46708077
0.25965413
0.53874743
0.61821604
0.60072035
0.57361895
0.64246392
0.45736957
0.45648149
0.64463365
0.62309986
0.45247334
0.57392520
0.53425872
0.62893367
0.56392384
0.46423811
0.34087449
0.59599590
0.37868679
0.52502334
0.66074276
0.58234531
0.55850196
0.50047296
0.53835404
0.55425006
0.60566217
0.56638199
0.50543922
0.60946214
0.58718300
0.69295764
0.58803672
0.42161787
0.48323813
0.52717191
0.67408478
0.54380286
0.59590209
0.53412294
0.61998540
0.52683836
0.57305539
0.51441658
0.47896937
0.62732160
0.53972137
0.68481904
0.61162996
0.47215745
0.38424495
0.54732043
0.72241426
0.35992363
0.73338455
0.65716720
0.62775081
0.75140637
0.30802265
0.56146437
0.56269795
0.43425375
0.56421578
0.63919139
0.64866036
0.42796773
0.62441903
0.70458966
0.58132726
0.56047207
0.36724395
0.45748091
0.42527238
0.66305417
0.66479689
0.61575478
0.55101544
0.57312578
0.31625885
0.76023614
0.18527642
0.61647916
0.34290835
0.32414162
0.54747832
0.48799986
0.77337420
0.64963681
0.58921009
0.72825837
0.75845826
0.76653558
0.49481064
0.69926387
0.65272206
0.29408947
0.52381194
0.54224157
0.72989619
0.44094694
0.51723635
0.48272136
0.65994734
0.64353877
0.73232585
0.63765347
0.74107754
0.46224093
0.52608174
0.65321475
0.68551052
0.69719505
0.71236545
0.67007369
0.40298778
0.52341801
0.59785402
0.81071424
0.53839701
0.81328493
0.70710242
0.76487494
0.76847476
0.64580959
0.74358237
0.77666819
0.57209170
0.66206259
0.63578790
0.32025665
0.76040310
0.48595569
0.70710003
0.68251014
0.80798948
0.57911658
0.76521373
0.47683650
0.80575413
0.73278284
0.68079561
0.26694721
0.74418515
0.59378302
0.56040943
0.72521794
0.77813500
0.77306944
0.39402080
0.64032269
0.70394117
0.72056222
0.75732297
0.72574931
0.68139732
0.46947524
0.35127681
0.50468868
0.72225618
0.47906816
0.76605833
0.80100906
0.76185095
0.80979168
0.75698328
0.74440783
0.64838821
0.57029605
0.68281502
0.64496410
0.70007086
0.68319154
0.66158623
0.59762180
0.60260695
0.57581699
0.63154274
0.71854478
0.63532531
0.55098778
0.62739962
0.66164279
0.63916934
0.62026769
0.71673733
0.68757719
0.69488466
0.56463552
0.63341111
0.76691931
0.66668916
0.70186412
0.82134527
0.75815600
0.73366475
0.75313038
0.59314573
0.59342581
0.52992296
0.61528850
0.66645968
0.72747797
0.42660969
0.78215969
0.83909589
0.29719228
0.56420785
0.81614655
0.55673736
0.70938742
0.54895443
0.47078675
0.69639647
0.47860831
0.63876510
0.44322661
0.67712104
0.62228984
0.36000922
0.50580102
0.65367436
0.65507197
0.44420666
0.63033777
0.47728649
0.52395910
0.57983607
0.56497532
0.61755854
0.59127593
0.49981517
0.34406519
0.48823580
0.68449551
0.38268912
0.46087438
0.40491149
0.66690642
0.69398534
0.43627143
0.66008186
0.63856477
0.67697901
0.61689216
0.49477714
0.59127700
0.71682072
0.64977807
0.67291272
0.71068597
0.58250540
0.35447863
0.60926908
0.80057621
0.67249894
0.45665419
0.66655785
0.56400496
0.66952121
0.62587899
0.78444743
0.51123571
0.64458275
0.52352464
0.73052078
0.39299989
0.73583037
0.69849187
0.62261975
0.66740173
0.48051688
0.60792130
0.49629232
0.36437747
0.63406134
0.68858945
0.61847746
0.59605688
0.44306302
0.62667322
0.49480101
0.57655430
0.64449614
0.56881136
0.30069765
0.52266794
0.61269295
0.55311161
0.22407715
0.60226631
0.66986108
0.45922428
0.59046406
0.63080698
0.66055334
0.56029630
0.61986649
0.73582357
0.66187990
0.26773158
0.69795769
0.78163236
0.65029061
0.56005120
0.64803553
0.72252196
0.74759632
0.70034450
0.62978417
0.56446171
0.57262141
0.64695311
0.73360658
0.51374984
0.47412232
0.48672867
0.60181892
0.63545960
0.54291523
0.65088272
0.67660040
0.55250829
0.67178923
0.66322368
0.54219937
0.64126444
0.59769291
0.67016691
0.54425436
0.69340074
0.44881311
0.58271158
0.68674213
0.68109483
0.69090569
0.52413267
0.68573946
0.65433258
0.66199410
0.61236751
0.67889118
0.66267908
0.69187337
0.73307997
0.69581455
0.72926545
0.63261008
0.70797288
0.54805201
0.69459778
0.34409934
0.73683137
0.63768983
0.74800903
0.74884421
0.73738050
0.81772995
0.76768279
0.74766761
0.73259330
0.70964187
0.71951973
0.74224025
0.66029644
0.71985817
0.78097683
0.57988018
0.56545329
0.78818727
0.61333370
0.67923343
0.50747788
0.45124632
0.73844111
0.69656038
0.59310621
0.68226027
0.74599582
0.66930676
0.72194993
0.79994738
0.71597320
0.81781214
0.58500564
0.72166097
0.81821859
0.75657749
0.76833493
0.78988254
0.79516286
0.73592788
0.80912840
0.84343094
0.72783977
0.81953549
0.79479259
0.84092635
0.83723575
0.84010905
0.85040212
0.85953283
0.78524196
0.62841171
0.75012815
0.84587592
0.82030356
0.83110899
0.76368403
0.85907501
0.88720530
0.81848830
0.76886863
0.91723216
0.91860658
0.88462061
0.92735291
0.89768982
0.93140966
0.74209839
0.87624997
0.88478148
0.86216944
0.89183623
0.84430140
0.82396400
0.88386065
0.85002744
0.91262788
0.80334824
0.90876281
0.92607278
0.90835148
0.88969314
0.89020818
0.94435340
0.97373551
0.97672880
0.97195858
0.98183799
0.97857386
0.98218507
0.97881556
0.98272377
0.98311859
0.97461480
0.98055673
0.98770231
0.98054504
0.98504269
0.98019505
0.98762661
0.98555994
0.98442703
0.98340631
0.97913229
0.97590214
0.98112786
0.97790569
0.97461617
0.97690320
0.97937107
0.98222166
0.97789085
0.97488552
0.97737020
0.98465270
0.98230731
0.98392129
0.98536450
0.98222083
0.98742527
0.97930282
0.98230582
0.97869945
0.98094773
0.98348743
0.97969615
0.98001248
0.97375250
0.98022139
0.96995801
0.97380131
0.98094153
0.97865784
0.98336262
0.98426658
0.98441362
0.98488563
0.98127204
0.98005450
0.98702061
0.98570919
0.98458230
0.98575735
0.97858572
0.98187637
0.98440892
0.98700017
0.98651499
0.98577499
0.98235083
0.98723966
0.98432887
0.98270643
0.98732668
0.98234129
0.98501980
0.98235184
0.98091781
0.98566180
0.98177886
0.98182213
0.98339081
0.98068917
0.98542899
0.98458606
0.98529184
0.98618823
0.98583335
0.98677075
0.98613107
0.98242539
0.98170322
0.98203850
0.98328203
0.98256636
0.98001456
0.97987801
0.97925287
0.98470968
0.98439157
0.98521811
0.98278219
0.97405970
0.97863227
0.98500651
0.98679429
0.98695105
0.98453462
0.98638433
0.98790425
0.98714298
0.98592639
0.98250842
0.98594207
0.98087710
0.98096412
0.98162431
0.98398972
0.98332685
0.98529750
0.98573375
0.98260307
0.98593289
0.98573720
0.98374927
0.98514408
0.98585922
0.98514450
0.98601079
0.98362881
0.98297232
0.98579687
0.98471987
0.98554254
0.98637903
0.98593014
0.98359871
0.98390979
0.97988921
0.97803980
0.97848415
0.97933424
0.97872764
0.97687906
0.97531790
0.97754419
0.97787696
0.97480720
0.97802120
0.98008186
0.97781771
0.97997928
0.98154229
0.97661328
0.98151910
0.97858858
0.97853994
0.98384005
0.98464972
0.98482311
0.98467678
0.98339117
0.97815573
0.97001499
0.96618629
0.96688634
0.96736509
0.97040379
0.97420609
0.98030430
0.98544741
0.98779452
0.98947185
0.98799229
0.99085933
0.99005532
0.98933595
0.98718655
0.98445618
0.98338759
0.98449957
0.98593056
0.98794949
0.98564523
0.98506504
0.98421544
0.98560637
0.98488277
0.98664814
0.98581058
0.98832977
0.98784864
0.98597056
0.98402828
0.98505163
0.98464811
0.98289776
0.98173094
0.98542595
0.99011606
0.99202651
0.99253416
0.99058795
0.98631972
0.98320639
0.98697996
0.98750055
0.98862237
0.98964161
0.98953551
0.99080664
0.99287921
0.99368215
0.99287534
0.99195546
0.98972744
0.98790014
0.98848778
0.98992586
0.98907357
0.98658144
0.98676157
0.98048878
0.97926849
0.97802371
0.97480708
0.97703314
0.97276074
0.97609949
0.97595769
0.97981924
0.97959143
0.98369575
0.98540813
0.98890311
0.98812139
0.98504651
0.97990465
0.98290169
0.98559630
0.98390228
0.98766541
0.98735040
0.99163824
0.99417108
0.99350441
0.99272448
0.99197268
0.99012786
0.99201453
0.99281234
0.99280167
0.99186486
0.99005860
0.98815548
0.98740864
0.99054307
0.99209446
0.99010682
0.99135298
0.98976642
0.98667008
0.99097157
0.99210501
0.99209678
0.99264526
0.99044013
0.99212050
0.99131292
0.98975885
0.98934549
0.99185622
0.99121082
0.98840487
0.98538345
0.98601520
0.99058437
0.99001265
0.98738784
0.98849702
0.98851424
0.99034566
0.98969555
0.98887944
0.98312795
0.98237520
0.99012905
0.98979151
0.99204409
0.99196351
0.99151200
0.99141473
0.99244249
0.98783189
0.98264897
0.97777313
0.98923826
0.98538834
0.98922569
0.98601425
0.98898494
0.98945427
0.98867202
0.98678744
0.98494738
0.98152506
0.98260629
0.98871905
0.99069923
0.99194616
0.99092102
0.98956364
0.98955613
0.98967069
0.98805434
0.99073982
0.99090999
0.99189913
