0.00000000
0.00000000
0.00000000
0.00000000
0.00000000
0.00000000
0.00000000
0.00000000
0.00000000
0.00000000
0.00000000
0.00000000
0.00000000
0.00000000
0.00000000
0.00000000
0.00000000
0.00000000
0.00000000
0.00000000
0.00000000
0.00000000
0.00000000
0.00000000
0.00000000
0.00000000
0.00000000
0.00000000
0.00000000
0.00000000
0.00000000
0.00000000
0.00000000
0.00000000
0.00000000
0.00000000
0.00000000
0.00000000
0.00000000
0.00000000
0.00000000
0.00000000
0.00000000
0.00000000
0.00000000
0.00000000
0.00000000
0.00000000
0.00000000
0.00000000
0.00000000
0.00000000
0.00000000
0.00000000
0.00000000
0.00000000
0.00000000
0.00000000
0.00000000
0.00000000
0.00000000
0.00000000
0.00000000
0.00000000
0.00000000
0.00000000
0.00000000
0.00000000
0.00000000
0.00000000
0.00000000
0.00000000
0.00000000
0.00000000
0.00000000
0.00000000
0.00000000
0.00000000
0.00000000
0.00000000
0.00000000
0.00000000
0.00000000
0.00000000
0.00000000
0.00000000
0.00000000
0.00000000
0.00000000
0.00000000
0.00000000
0.00000000
0.00000000
0.00000000
0.00000000
0.00000000
0.00000000
0.00000000
0.00000000
0.00000000
0.00000000
0.00000000
0.00000000
0.00000000
0.00000000
0.00000000
0.00000000
0.00000000
0.00000000
0.00000000
0.00000000
0.00000000
0.00000000
0.00000000
0.00000000
0.00000000
0.00000000
0.00000000
0.00000000
0.00000000
0.00000000
0.00000000
0.00000000
0.00000000
0.00000000
0.00000000
0.00000000
0.00000000
0.00000000
0.00000000
0.00000000
0.00000000
0.00000000
0.00000000
0.00000000
0.00000000
0.00000000
0.00000000
0.00000000
0.00000000
0.00000000
0.00000000
0.00000000
0.00000000
0.00000000
0.00000000
0.00000000
0.00000000
0.00000000
0.00000000
0.00000000
0.00000000
0.00000000
0.00000000
0.00000000
0.00000000
0.00000000
0.00000000
0.00000000
0.00000000
0.00000000
0.00000000
0.00000000
0.00000000
0.00000000
0.00000000
0.00000000
0.00000000
0.00000000
0.00000000
0.00000000
0.00000000
0.00000000
0.00000000
0.00000000
0.00000000
0.00000000
0.00000000
0.00000000
0.00000000
0.00000000
0.00000000
0.00000000
0.00000000
0.00000000
0.00000000
0.00000000
0.00000000
0.00000000
0.00000000
0.00000000
0.00000000
0.00000000
0.00000000
0.00000000
0.00000000
0.00000000
0.00000000
0.00000000
0.00000000
0.00000000
0.00000000
0.00000000
0.00000000
0.00000000
0.00000000
0.00000000
0.00000000
0.00000000
0.00000000
0.00000000
0.00000000
0.00000000
0.00000000
0.00000000
0.00000000
0.00000000
0.00000000
0.00000000
0.00000000
0.00000000
0.00000000
0.00000000
0.00000000
0.00000000
0.00000000
0.00000000
0.00000000
0.00000000
0.00000000
0.00000000
0.00000000
0.00000000
0.00000000
0.00000000
0.00000000
0.00000000
0.00000000
0.00000000
0.00000000
0.00000000
0.00000000
0.00000000
0.00000000
0.00000000
0.00000000
0.00000000
0.00000000
0.00000000
0.00000000
0.00000000
0.00000000
0.00000000
0.00000000
0.00000000
0.00000000
0.00000000
0.00000000
0.00000000
0.00000000
0.00000000
0.00000000
0.00000000
0.00000000
0.00000000
0.00000000
0.00000000
0.00000000
0.00000000
0.00000000
0.00000000
0.00000000
0.00000000
0.00000000
0.00000000
0.00000000
0.00000000
0.00000000
0.00000000
0.00000000
0.00000000
0.00000000
0.00000000
0.00000000
0.00000000
0.00000000
0.00000000
0.00000000
0.00000000
0.00000000
0.00000000
0.00000000
0.00000000
0.00000000
0.00000000
0.00000000
0.00000000
0.00000000
0.00000000
0.00000000
0.00000000
0.00000000
0.00000000
0.00000000
0.00000000
0.00000000
0.00000000
0.00000000
0.00000000
0.00000000
0.00000000
0.00000000
0.00000000
0.00000000
0.00000000
0.00000000
0.00000000
0.00000000
0.00000000
0.00000000
0.00000000
0.00000000
0.00000000
0.00000000
0.00000000
0.00000000
0.00000000
0.00000000
0.00000000
0.00000000
0.00000000
0.00000000
0.00000000
0.00000000
0.00000000
0.00000000
0.00000000
0.00000000
0.00000000
0.00000000
0.00000000
0.00000000
0.00000000
0.00000000
0.00000000
0.00000000
0.00000000
0.00000000
0.00000000
0.00000000
0.00000000
0.00000000
0.00000000
0.00000000
0.00000000
0.00000000
0.00000000
0.00000000
0.00000000
0.00000000
0.00000000
0.00000000
0.00000000
0.00000000
0.00000000
0.00000000
0.00000000
0.00000000
0.00000000
0.00000000
0.00000000
0.00000000
0.00000000
0.00000000
0.00000000
0.00000000
0.00000000
0.00000000
0.00000000
0.00000000
0.00000000
0.00000000
0.00000000
0.00000000
0.00000000
0.00000000
0.00000000
0.00000000
0.00000000
0.00000000
0.00000000
0.00000000
0.00000000
0.00000000
0.00000000
0.00000000
0.00000000
0.00000000
0.00000000
0.00000000
0.00000000
0.00000000
0.00000000
0.00000000
0.00000000
0.00000000
0.00000000
0.00000000
0.00000000
0.00000000
0.00000000
0.00000000
0.00000000
0.00000000
0.00000000
0.00000000
0.00000000
0.00000000
0.00000000
0.00000000
0.00000000
0.00000000
0.00000000
0.00000000
0.00000000
0.00000000
0.00000000
0.00000000
0.00000000
0.00000000
0.00000000
0.00000000
0.00000000
0.00000000
0.00000000
0.00000000
0.00000000
0.00000000
0.00000000
0.00000000
0.00000000
0.00000000
0.00000000
0.00000000
0.00000000
0.00000000
0.00000000
0.00000000
0.00000000
0.00000000
0.00000000
0.00000000
0.00000000
0.00000000
0.00000000
0.00000000
0.00000000
0.00000000
0.00000000
0.00000000
0.00000000
0.00000000
0.00000000
0.00000000
0.00000000
0.00000000
0.00000000
0.00000000
0.00000000
0.00000000
0.00000000
0.00000000
0.00000000
0.00000000
0.00000000
0.00000000
0.00000000
0.00000000
0.00000000
0.00000000
0.00000000
0.00000000
0.00000000
0.00000000
0.00000000
0.00000000
0.00000000
0.00000000
0.00000000
0.00000000
0.00000000
0.00000000
0.00000000
0.00000000
0.00000000
0.00000000
0.00000000
0.00000000
0.00000000
0.00000000
0.00000000
0.00000000
0.00000000
0.00000000
0.00000000
0.00000000
0.00000000
0.00000000
0.00000000
0.00000000
0.00000000
0.00000000
0.00000000
0.00000000
0.00000000
0.00000000
0.00000000
0.00000000
0.00000000
0.00000000
0.00000000
0.00000000
0.00000000
0.00000000
0.00000000
0.00000000
0.00000000
0.00000000
0.00000000
0.00000000
0.00000000
0.00000000
0.00000000
0.00000000
0.00000000
0.00000000
0.00000000
0.00000000
0.00000000
0.00000000
0.00000000
0.00000000
0.00000000
0.00000000
0.00000000
0.00000000
0.00000000
0.00000000
0.00000000
0.00000000
0.00000000
0.00000000
0.00000000
0.00000000
0.00000000
0.00000000
0.00000000
0.00000000
0.00000000
0.00000000
0.00000000
0.00000000
0.00000000
0.00000000
0.00000000
0.00000000
0.00000000
0.00000000
0.00000000
0.00000000
0.00000000
0.00000000
0.00000000
0.00000000
0.00000000
0.00000000
0.00000000
0.00000000
0.00000000
0.00000000
0.00000000
0.00000000
0.00000000
0.00000000
0.00000000
0.00000000
0.00000000
0.00000000
0.00000000
0.00000000
0.00000000
0.00000000
0.00000000
0.00000000
0.00000000
0.00000000
0.00000000
0.00000000
0.00000000
0.00000000
0.00000000
0.00000000
0.00000000
0.00000000
0.00000000
0.00000000
0.00000000
0.00000000
0.00000000
0.00000000
0.00000000
0.00000000
0.00000000
0.00000000
0.00000000
0.00000000
0.00000000
0.00000000
0.00000000
0.00000000
0.00000000
0.00000000
0.00000000
0.00000000
0.00000000
0.00000000
0.00000000
0.00000000
0.00000000
0.00000000
0.00000000
0.00000000
0.00000000
0.00000000
0.00000000
0.00000000
0.00000000
0.00000000
0.00000000
0.00000000
0.00000000
0.00000000
0.00000000
0.00000000
0.00000000
0.00000000
0.00000000
0.00000000
0.00000000
0.00000000
0.00000000
0.00000000
0.00000000
0.00000000
0.00000000
0.00000000
0.00000000
0.00000000
0.00000000
0.00000000
0.00000000
0.00000000
0.00000000
0.00000000
0.00000000
0.00000000
0.00000000
0.00000000
0.00000000
0.00000000
0.00000000
0.00000000
0.00000000
0.00000000
0.00000000
0.00000000
0.00000000
0.00000000
0.00000000
0.00000000
0.00000000
0.00000000
0.00000000
0.00000000
0.00000000
0.00000000
0.00000000
0.00000000
0.00000000
0.00000000
0.00000000
0.00000000
0.00000000
0.00000000
0.00000000
0.00000000
0.00000000
0.00000000
0.00000000
0.00000000
0.00000000
0.00002162
0.00008628
0.00019370
0.00034359
0.00053565
0.00076960
0.00104515
0.00136201
0.00171990
0.00211852
0.00255758
0.00303680
0.00355589
0.00411455
0.00471250
0.00534945
0.00602511
0.00673920
0.00749142
0.00828148
0.00910910
0.00997399
0.01087585
0.01181440
0.01278935
0.01380041
0.01484730
0.01592972
0.01704738
0.01820000
0.01938729
0.02060895
0.02186470
0.02315425
0.02447731
0.02583360
0.02722282
0.02864468
0.03009890
0.03158519
0.03310325
0.03465280
0.03623355
0.03784521
0.03948750
0.04116012
0.04286278
0.04459520
0.04635709
0.04814815
0.04996810
0.05181665
0.05369351
0.05559840
0.05753102
0.05949108
0.06147830
0.06349239
0.06553305
0.06760000
0.06969295
0.07181161
0.07395570
0.07612492
0.07831898
0.08053760
0.08278049
0.08504735
0.08733790
0.08965185
0.09198891
0.09434880
0.09673122
0.09913588
0.10156250
0.10401079
0.10648045
0.10897120
0.11148275
0.11401481
0.11656710
0.11913932
0.12173118
0.12434240
0.12697269
0.12962175
0.13228930
0.13497505
0.13767871
0.14040000
0.14313862
0.14589428
0.14866670
0.15145559
0.15426065
0.15708160
0.15991815
0.16277001
0.16563690
0.16851852
0.17141458
0.17432480
0.17724889
0.18018655
0.18313750
0.18610145
0.18907811
0.19206720
0.19506842
0.19808148
0.20110610
0.20414199
0.20718885
0.21024640
0.21331435
0.21639241
0.21948030
0.22257772
0.22568438
0.22880000
0.23192429
0.23505695
0.23819770
0.24134625
0.24450231
0.24766560
0.25083582
0.25401268
0.25719590
0.26038519
0.26358025
0.26678080
0.26998655
0.27319721
0.27641250
0.27963212
0.28285578
0.28608320
0.28931409
0.29254815
0.29578510
0.29902465
0.30226651
0.30551040
0.30875602
0.31200308
0.31525130
0.31850039
0.32175005
0.32500000
0.32824995
0.33149961
0.33474870
0.33799692
0.34124398
0.34448960
0.34773349
0.35097535
0.35421490
0.35745185
0.36068591
0.36391680
0.36714422
0.37036788
0.37358750
0.37680279
0.38001345
0.38321920
0.38641975
0.38961481
0.39280410
0.39598732
0.39916418
0.40233440
0.40549769
0.40865375
0.41180230
0.41494305
0.41807571
0.42120000
0.42431562
0.42742228
0.43051970
0.43360759
0.43668565
0.43975360
0.44281115
0.44585801
0.44889390
0.45191852
0.45493158
0.45793280
0.46092189
0.46389855
0.46686250
0.46981345
0.47275111
0.47567520
0.47858542
0.48148148
0.48436310
0.48722999
0.49008185
0.49291840
0.49573935
0.49854441
0.50133330
0.50410572
0.50686138
0.50960000
0.51232129
0.51502495
0.51771070
0.52037825
0.52302731
0.52565760
0.52826882
0.53086068
0.53343290
0.53598519
0.53851725
0.54102880
0.54351955
0.54598921
0.54843750
0.55086412
0.55326878
0.55565120
0.55801109
0.56034815
0.56266210
0.56495265
0.56721951
0.56946240
0.57168102
0.57387508
0.57604430
0.57818839
0.58030705
0.58240000
0.58446695
0.58650761
0.58852170
0.59050892
0.59246898
0.59440160
0.59630649
0.59818335
0.60003190
0.60185185
0.60364291
0.60540480
0.60713722
0.60883988
0.61051250
0.61215479
0.61376645
0.61534720
0.61689675
0.61841481
0.61990110
0.62135532
0.62277718
0.62416640
0.62552269
0.62684575
0.62813530
0.62939105
0.63061271
0.63180000
0.63295262
0.63407028
0.63515270
0.63619959
0.63721065
0.63818560
0.63912415
0.64002601
0.64089090
0.64171852
0.64250858
0.64326080
0.64397489
0.64465055
0.64528750
0.64588545
0.64644411
0.64696320
0.64744242
0.64788148
0.64828010
0.64863799
0.64895485
0.64923040
0.64946435
0.64965641
0.64980630
0.64991372
0.64997838
0.65000000
0.65000000
0.65000000
0.65000000
0.65000000
0.65000000
0.65000000
0.65000000
0.65000000
0.65000000
0.65000000
0.65000000
0.65000000
0.65000000
0.65000000
0.65000000
0.65000000
0.65000000
0.65000000
0.65000000
0.65000000
0.65000000
0.65000000
0.65000000
0.65000000
0.65000000
0.65000000
0.65000000
0.65000000
0.65000000
0.65000000
0.65000000
0.65000000
0.65000000
0.65000000
0.65000000
0.65000000
0.65000000
0.65000000
0.65000000
0.65000000
0.65000000
0.65000000
0.65000000
0.65000000
0.65000000
0.65000000
0.65000000
0.65000000
0.65000000
0.65000000
0.65000000
0.65000000
0.65000000
0.65000000
0.65000000
0.65000000
0.65000000
0.65000000
0.65000000
0.65000000
0.65000000
0.65000000
0.65000000
0.65000000
0.65000000
0.65000000
0.65000000
0.65000000
0.65000000
0.65000000
0.65000000
0.65000000
0.65000000
0.65000000
0.65000000
0.65000000
0.65000000
0.65000000
0.65000000
0.65000000
0.65000000
0.65000000
0.65000000
0.65000000
0.65000000
0.65000000
0.65000000
0.65000000
0.65000000
0.65000000
0.65000000
0.65000000
0.65000000
0.65000000
0.65000000
0.65000000
0.65000000
0.65000000
0.65000000
0.65000000
0.65000000
0.65000000
0.65000000
0.65000000
0.65000000
0.65000000
0.65000000
0.65000000
0.65000000
0.65000000
0.65000000
0.65000000
0.65000000
0.65000000
0.65000000
0.65000000
0.65000000
0.65000000
0.65000000
0.65000000
0.65000000
0.65000000
0.65000000
0.65000000
0.65000000
0.65000000
0.65000000
0.65000000
0.65000000
0.65000000
0.65000000
0.65000000
0.65000000
0.65000000
0.65000000
0.65000000
0.65000000
0.65000000
0.65000000
0.65000000
0.65000000
0.65000000
0.65000000
0.65000000
0.65000000
0.65000000
0.65000000
0.65000000
0.65000000
0.65000000
0.65000000
0.65000000
0.65000000
0.65000000
0.65000000
0.65000000
0.65000000
0.65000000
0.65000000
0.65000000
0.65000000
0.65000000
0.65000000
0.65000000
0.65000000
0.65000000
0.65000000
0.65000000
0.65000000
0.65000000
0.65000000
0.65000000
0.65000000
0.65000000
0.65000000
0.65000000
0.65000000
0.65000000
0.65000000
0.65000000
0.65000000
0.65000000
0.65000000
0.65000000
0.65000000
0.65000000
0.65000000
0.65000000
0.65000000
0.65000000
0.65000000
0.65000000
0.65000000
0.65000000
0.65000000
0.65000000
0.65000000
0.65000000
0.65000000
0.65000000
0.65000000
0.65000000
0.65000000
0.65000000
0.65000000
0.65000000
0.65000000
0.65000000
0.65000000
0.65000000
0.65000000
0.65000000
0.65000000
0.65000000
0.65000000
0.65000000
0.65000000
0.65000000
0.65000000
0.65000000
0.65000000
0.65000000
0.65000000
0.65000000
0.65000000
0.65000000
0.65000000
0.65000000
0.65000000
0.65000000
0.65000000
0.65000000
0.65000000
0.65000000
0.65000000
0.65000000
0.65000000
0.65000000
0.65000000
0.65000000
0.65000000
0.65000000
0.65000000
0.65000000
0.65000000
0.65000000
0.65000000
0.65000000
0.65000000
0.65000000
0.65000000
0.65000000
0.65000000
0.65000000
0.65000000
0.65000000
0.65000000
0.65000000
0.65000000
0.65000000
0.65000000
0.65000000
0.65000000
0.65000000
0.65000000
0.65000000
0.65000000
0.65000000
0.65000000
0.65000000
0.65000000
0.65000000
0.65000000
0.65000000
0.65000000
0.65000000
0.65000000
0.65000000
0.65000000
0.65000000
0.65000000
0.65000000
0.65000000
0.65000000
0.65000000
0.65000000
0.65000000
0.65000000
0.65000000
0.65000000
0.65000000
0.65000000
0.65000000
0.65000000
0.65000000
0.65000000
0.65000000
0.65000000
0.65000000
0.65000000
0.65000000
0.65000000
0.65000000
0.65000000
0.65000000
0.65000000
0.65000000
0.65000000
0.65000000
0.65000000
0.65000000
0.65000000
0.65000000
0.65000000
0.65000000
0.65000000
0.65000000
0.65000000
0.65000000
0.65000000
0.65000000
0.65000000
0.65000000
0.65000000
0.65000000
0.65000000
0.65000000
0.65000000
0.65000000
0.65000000
0.65000000
0.65000000
0.65000000
0.65000000
0.65000000
0.65000000
0.65000000
0.65000000
0.65000000
0.65000000
0.65000000
0.65000000
0.65000000
0.65000000
0.65000000
0.65000000
0.65000000
0.65000000
0.65000000
0.65000000
0.65000000
0.65000000
0.65000000
0.65000000
0.65000000
0.65000000
0.65000000
0.65000000
0.65000000
0.65000000
0.65000000
0.65000000
0.65000000
0.65000000
0.65000000
0.65000000
0.65000000
0.65000000
0.65000000
0.65000000
0.65000000
0.65000000
0.65000000
0.65000000
0.65000000
0.65000000
0.65000000
0.65000000
0.65000000
0.65000000
0.65000000
0.65000000
0.65000000
0.65000000
0.65000000
0.65000000
0.65000000
0.65000000
0.65000000
0.65000000
0.65000000
0.65000000
0.65000000
0.65000000
0.65000000
0.65000000
0.65000000
0.65000000
0.65000000
0.65000000
0.65000000
0.65000000
0.65000000
0.65000000
0.65000000
0.65000000
0.65000000
0.65000000
0.65000000
0.65000000
0.65000000
0.65000000
0.65000000
0.65000000
0.65000000
0.65000000
0.65000000
0.65000000
0.65000000
0.65000000
0.65000000
0.65000000
0.65000000
0.65000000
0.65000000
0.65000000
0.65000000
0.65000000
0.65000000
0.65000000
0.65000000
0.65000000
0.65000000
0.65000000
0.65000000
0.65000000
0.65000000
0.65000000
0.65000000
0.65000000
0.65000000
0.65000000
0.65000000
0.65000000
0.65000000
0.65000000
0.65000000
0.65000000
0.65000000
0.65000000
0.64996888
0.64987587
0.64972145
0.64950612
0.64923040
0.64889477
0.64849974
0.64804580
0.64753345
0.64696320
0.64633554
0.64565097
0.64490999
0.64411310
0.64326080
0.64235359
0.64139196
0.64037642
0.63930747
0.63818560
0.63701132
0.63578511
0.63450749
0.63317896
0.63180000
0.63037112
0.62889283
0.62736561
0.62578996
0.62416640
0.62249541
0.62077750
0.61901316
0.61720289
0.61534720
0.61344658
0.61150153
0.60951255
0.60748014
0.60540480
0.60328703
0.60112732
0.59892618
0.59668411
0.59440160
0.59207916
0.58971727
0.58731645
0.58487720
0.58240000
0.57988536
0.57733379
0.57474577
0.57212180
0.56946240
0.56676805
0.56403926
0.56127652
0.55848033
0.55565120
0.55278962
0.54989609
0.54697111
0.54401518
0.54102880
0.53801247
0.53496668
0.53189194
0.52878875
0.52565760
0.52249900
0.51931343
0.51610141
0.51286344
0.50960000
0.50631160
0.50299875
0.49966193
0.49630164
0.49291840
0.48951269
0.48608502
0.48263588
0.47916577
0.47567520
0.47216466
0.46863465
0.46508567
0.46151822
0.45793280
0.45432991
0.45071004
0.44707370
0.44342139
0.43975360
0.43607084
0.43237359
0.42866237
0.42493768
0.42120000
0.41744984
0.41368771
0.40991409
0.40612948
0.40233440
0.39852933
0.39471478
0.39089124
0.38705921
0.38321920
0.37937170
0.37551721
0.37165623
0.36778926
0.36391680
0.36003935
0.35615740
0.35227146
0.34838203
0.34448960
0.34059468
0.33669775
0.33279933
0.32889992
0.32500000
0.32110008
0.31720067
0.31330225
0.30940532
0.30551040
0.30161797
0.29772854
0.29384260
0.28996065
0.28608320
0.28221074
0.27834377
0.27448279
0.27062830
0.26678080
0.26294079
0.25910876
0.25528522
0.25147067
0.24766560
0.24387052
0.24008591
0.23631229
0.23255016
0.22880000
0.22506232
0.22133763
0.21762641
0.21392916
0.21024640
0.20657861
0.20292630
0.19928996
0.19567009
0.19206720
0.18848178
0.18491433
0.18136535
0.17783534
0.17432480
0.17083423
0.16736412
0.16391498
0.16048731
0.15708160
0.15369836
0.15033807
0.14700125
0.14368840
0.14040000
0.13713656
0.13389859
0.13068657
0.12750100
0.12434240
0.12121125
0.11810806
0.11503332
0.11198753
0.10897120
0.10598482
0.10302889
0.10010391
0.09721038
0.09434880
0.09151967
0.08872348
0.08596074
0.08323195
0.08053760
0.07787820
0.07525423
0.07266621
0.07011464
0.06760000
0.06512280
0.06268355
0.06028273
0.05792084
0.05559840
0.05331589
0.05107382
0.04887268
0.04671297
0.04459520
0.04251986
0.04048745
0.03849847
0.03655342
0.03465280
0.03279711
0.03098684
0.02922250
0.02750459
0.02583360
0.02421004
0.02263439
0.02110717
0.01962888
0.01820000
0.01682104
0.01549251
0.01421489
0.01298868
0.01181440
0.01069253
0.00962358
0.00860804
0.00764641
0.00673920
0.00588690
0.00509001
0.00434903
0.00366446
0.00303680
0.00246655
0.00195420
0.00150026
0.00110523
0.00076960
0.00049388
0.00027855
0.00012413
0.00003112
0.00000000
0.00000000
0.00000000
0.00000000
0.00000000
0.00000000
0.00000000
0.00000000
0.00000000
0.00000000
0.00000000
0.00000000
0.00000000
0.00000000
0.00000000
0.00000000
0.00000000
0.00000000
0.00000000
0.00000000
0.00000000
0.00000000
0.00000000
0.00000000
0.00000000
0.00000000
0.00000000
0.00000000
0.00000000
0.00000000
0.00000000
0.00000000
0.00000000
0.00000000
0.00000000
0.00000000
0.00000000
0.00000000
0.00000000
0.00000000
0.00000000
0.00000000
0.00000000
0.00000000
0.00000000
0.00000000
0.00000000
0.00000000
0.00000000
0.00000000
0.00000000
0.00000000
0.00000000
0.00000000
0.00000000
0.00000000
0.00000000
0.00000000
0.00000000
0.00000000
0.00000000
0.00000000
0.00000000
0.00000000
0.00000000
0.00000000
0.00000000
0.00000000
0.00000000
0.00000000
0.00000000
0.00000000
0.00000000
0.00000000
0.00000000
0.00000000
0.00000000
0.00000000
0.00000000
0.00000000
0.00000000
0.00000000
0.00000000
0.00000000
0.00000000
0.00000000
0.00000000
0.00000000
0.00000000
0.00000000
0.00000000
0.00000000
0.00000000
0.00000000
0.00000000
0.00000000
0.00000000
0.00000000
0.00000000
0.00000000
0.00000000
0.00000000
0.00000000
0.00000000
0.00000000
0.00000000
0.00000000
0.00000000
0.00000000
0.00000000
0.00000000
0.00000000
0.00000000
0.00000000
0.00000000
0.00000000
0.00000000
0.00000000
0.00000000
0.00000000
0.00000000
0.00000000
0.00000000
0.00000000
0.00000000
0.00000000
0.00000000
0.00000000
0.00000000
0.00000000
0.00000000
0.00000000
0.00000000
0.00000000
0.00000000
0.00000000
0.00000000
0.00000000
0.00000000
0.00000000
0.00000000
0.00000000
0.00000000
0.00000000
0.00000000
0.00000000
0.00000000
0.00000000
0.00000000
0.00000000
0.00000000
0.00000000
0.00000000
0.00000000
0.00000000
0.00000000
0.00000000
0.00000000
0.00000000
0.00000000
0.00000000
0.00000000
0.00000000
0.00000000
0.00000000
0.00000000
0.00000000
0.00000000
0.00000000
0.00000000
0.00000000
0.00000000
0.00000000
0.00000000
0.00000000
0.00000000
0.00000000
0.00000000
0.00000000
0.00000000
0.00000000
0.00000000
0.00000000
0.00000000
0.00000000
0.00000000
0.00000000
0.00000000
0.00000000
0.00000000
0.00000000
0.00000000
0.00000000
0.00000000
0.00000000
0.00000000
0.00000000
0.00000000
0.00000000
0.00000000
0.00000000
0.00002444
0.00009759
0.00021915
0.00038885
0.00060641
0.00087156
0.00118400
0.00154346
0.00194967
0.00240233
0.00290118
0.00344592
0.00403629
0.00467200
0.00535277
0.00607832
0.00684837
0.00766265
0.00852086
0.00942274
0.01036800
0.01135636
0.01238755
0.01346127
0.01457726
0.01573523
0.01693490
0.01817600
0.01945824
0.02078134
0.02214503
0.02354901
0.02499303
0.02647678
0.02800000
0.02956240
0.03116371
0.03280364
0.03448191
0.03619825
0.03795237
0.03974400
0.04157285
0.04343865
0.04534111
0.04727995
0.04925490
0.05126568
0.05331200
0.05539359
0.05751016
0.05966143
0.06184714
0.06406699
0.06632070
0.06860800
0.07092861
0.07328224
0.07566862
0.07808746
0.08053850
0.08302143
0.08553600
0.08808191
0.09065889
0.09326666
0.09590493
0.09857343
0.10127188
0.10400000
0.10675750
0.10954412
0.11235956
0.11520355
0.11807580
0.12097605
0.12390400
0.12685938
0.12984191
0.13285131
0.13588730
0.13894960
0.14203792
0.14515200
0.14829155
0.15145628
0.15464592
0.15786020
0.16109882
0.16436152
0.16764800
0.17095799
0.17429122
0.17764739
0.18102624
0.18442748
0.18785082
0.19129600
0.19476273
0.19825073
0.20175972
0.20528942
0.20883956
0.21240984
0.21600000
0.21960975
0.22323881
0.22688690
0.23055375
0.23423907
0.23794258
0.24166400
0.24540306
0.24915946
0.25293294
0.25672322
0.26053001
0.26435303
0.26819200
0.27204665
0.27591669
0.27980184
0.28370183
0.28761637
0.29154519
0.29548800
0.29944452
0.30341448
0.30739760
0.31139359
0.31540217
0.31942307
0.32345600
0.32750069
0.33155685
0.33562421
0.33970248
0.34379139
0.34789066
0.35200000
0.35611914
0.36024779
0.36438568
0.36853252
0.37268805
0.37685197
0.38102400
0.38520387
0.38939130
0.39358601
0.39778771
0.40199613
0.40621099
0.41043200
0.41465889
0.41889138
0.42312919
0.42737203
0.43161964
0.43587172
0.44012800
0.44438820
0.44865203
0.45291923
0.45718950
0.46146258
0.46573817
0.47001600
0.47429579
0.47857726
0.48286013
0.48714412
0.49142894
0.49571433
0.50000000
0.50428567
0.50857106
0.51285588
0.51713987
0.52142274
0.52570421
0.52998400
0.53426183
0.53853742
0.54281050
0.54708077
0.55134797
0.55561180
0.55987200
0.56412828
0.56838036
0.57262797
0.57687081
0.58110862
0.58534111
0.58956800
0.59378901
0.59800387
0.60221229
0.60641399
0.61060870
0.61479613
0.61897600
0.62314803
0.62731195
0.63146748
0.63561432
0.63975221
0.64388086
0.64800000
0.65210934
0.65620861
0.66029752
0.66437579
0.66844315
0.67249931
0.67654400
0.68057693
0.68459783
0.68860641
0.69260240
0.69658552
0.70055548
0.70451200
0.70845481
0.71238363
0.71629817
0.72019816
0.72408331
0.72795335
0.73180800
0.73564697
0.73946999
0.74327678
0.74706706
0.75084054
0.75459694
0.75833600
0.76205742
0.76576093
0.76944625
0.77311310
0.77676119
0.78039025
0.78400000
0.78759016
0.79116044
0.79471058
0.79824028
0.80174927
0.80523727
0.80870400
0.81214918
0.81557252
0.81897376
0.82235261
0.82570878
0.82904201
0.83235200
0.83563848
0.83890118
0.84213980
0.84535408
0.84854372
0.85170845
0.85484800
0.85796208
0.86105040
0.86411270
0.86714869
0.87015809
0.87314062
0.87609600
0.87902395
0.88192420
0.88479645
0.88764044
0.89045588
0.89324250
0.89600000
0.89872812
0.90142657
0.90409507
0.90673334
0.90934111
0.91191809
0.91446400
0.91697857
0.91946150
0.92191254
0.92433138
0.92671776
0.92907139
0.93139200
0.93367930
0.93593301
0.93815286
0.94033857
0.94248984
0.94460641
0.94668800
0.94873432
0.95074510
0.95272005
0.95465889
0.95656135
0.95842715
0.96025600
0.96204763
0.96380175
0.96551809
0.96719636
0.96883629
0.97043760
0.97200000
0.97352322
0.97500697
0.97645099
0.97785497
0.97921866
0.98054176
0.98182400
0.98306510
0.98426477
0.98542274
0.98653873
0.98761245
0.98864364
0.98963200
0.99057726
0.99147914
0.99233735
0.99315163
0.99392168
0.99464723
0.99532800
0.99596371
0.99655408
0.99709882
0.99759767
0.99805033
0.99845654
0.99881600
0.99912844
0.99939359
0.99961115
0.99978085
0.99990241
0.99997556
1.00000000
1.00000000
1.00000000
1.00000000
1.00000000
1.00000000
1.00000000
1.00000000
1.00000000
1.00000000
1.00000000
1.00000000
1.00000000
1.00000000
1.00000000
1.00000000
1.00000000
1.00000000
1.00000000
1.00000000
1.00000000
1.00000000
1.00000000
1.00000000
1.00000000
1.00000000
1.00000000
1.00000000
1.00000000
1.00000000
1.00000000
1.00000000
1.00000000
1.00000000
1.00000000
1.00000000
1.00000000
1.00000000
1.00000000
1.00000000
1.00000000
1.00000000
1.00000000
1.00000000
1.00000000
1.00000000
1.00000000
1.00000000
1.00000000
1.00000000
1.00000000
1.00000000
1.00000000
1.00000000
1.00000000
1.00000000
1.00000000
1.00000000
1.00000000
1.00000000
1.00000000
1.00000000
1.00000000
1.00000000
1.00000000
1.00000000
1.00000000
1.00000000
1.00000000
1.00000000
1.00000000
1.00000000
1.00000000
1.00000000
1.00000000
1.00000000
1.00000000
1.00000000
1.00000000
1.00000000
1.00000000
1.00000000
1.00000000
1.00000000
1.00000000
1.00000000
1.00000000
1.00000000
1.00000000
1.00000000
1.00000000
1.00000000
1.00000000
1.00000000
1.00000000
1.00000000
1.00000000
1.00000000
1.00000000
1.00000000
1.00000000
1.00000000
1.00000000
1.00000000
1.00000000
1.00000000
1.00000000
1.00000000
1.00000000
1.00000000
1.00000000
1.00000000
1.00000000
1.00000000
1.00000000
1.00000000
1.00000000
1.00000000
1.00000000
1.00000000
1.00000000
1.00000000
1.00000000
1.00000000
1.00000000
1.00000000
1.00000000
1.00000000
1.00000000
1.00000000
1.00000000
1.00000000
1.00000000
1.00000000
1.00000000
1.00000000
1.00000000
1.00000000
1.00000000
1.00000000
1.00000000
1.00000000
1.00000000
1.00000000
1.00000000
1.00000000
1.00000000
1.00000000
1.00000000
1.00000000
1.00000000
1.00000000
1.00000000
1.00000000
1.00000000
1.00000000
1.00000000
1.00000000
1.00000000
1.00000000
1.00000000
1.00000000
1.00000000
1.00000000
1.00000000
1.00000000
1.00000000
1.00000000
1.00000000
1.00000000
1.00000000
1.00000000
1.00000000
1.00000000
1.00000000
1.00000000
1.00000000
1.00000000
1.00000000
1.00000000
1.00000000
1.00000000
1.00000000
1.00000000
1.00000000
1.00000000
1.00000000
1.00000000
1.00000000
1.00000000
1.00000000
1.00000000
1.00000000
1.00000000
1.00000000
1.00000000
1.00000000
1.00000000
1.00000000
1.00000000
1.00000000
1.00000000
1.00000000
1.00000000
1.00000000
1.00000000
1.00000000
1.00000000
1.00000000
1.00000000
1.00000000
1.00000000
1.00000000
1.00000000
1.00000000
1.00000000
1.00000000
1.00000000
1.00000000
1.00000000
1.00000000
1.00000000
1.00000000
1.00000000
1.00000000
1.00000000
1.00000000
1.00000000
1.00000000
1.00000000
1.00000000
1.00000000
1.00000000
1.00000000
1.00000000
1.00000000
1.00000000
1.00000000
1.00000000
1.00000000
1.00000000
1.00000000
1.00000000
1.00000000
1.00000000
1.00000000
1.00000000
1.00000000
1.00000000
1.00000000
1.00000000
1.00000000
1.00000000
1.00000000
1.00000000
1.00000000
1.00000000
1.00000000
1.00000000
1.00000000
1.00000000
1.00000000
1.00000000
1.00000000
1.00000000
1.00000000
1.00000000
1.00000000
1.00000000
1.00000000
1.00000000
1.00000000
1.00000000
1.00000000
1.00000000
1.00000000
1.00000000
1.00000000
1.00000000
1.00000000
1.00000000
1.00000000
1.00000000
1.00000000
1.00000000
1.00000000
1.00000000
1.00000000
1.00000000
1.00000000
1.00000000
1.00000000
1.00000000
1.00000000
1.00000000
1.00000000
1.00000000
1.00000000
1.00000000
1.00000000
1.00000000
1.00000000
1.00000000
1.00000000
1.00000000
1.00000000
1.00000000
1.00000000
1.00000000
1.00000000
1.00000000
1.00000000
1.00000000
1.00000000
1.00000000
1.00000000
1.00000000
1.00000000
1.00000000
1.00000000
1.00000000
1.00000000
1.00000000
1.00000000
1.00000000
1.00000000
1.00000000
1.00000000
1.00000000
1.00000000
1.00000000
1.00000000
1.00000000
1.00000000
1.00000000
1.00000000
1.00000000
1.00000000
1.00000000
1.00000000
1.00000000
1.00000000
1.00000000
1.00000000
1.00000000
1.00000000
1.00000000
1.00000000
1.00000000
1.00000000
1.00000000
1.00000000
1.00000000
1.00000000
1.00000000
1.00000000
1.00000000
1.00000000
1.00000000
1.00000000
1.00000000
1.00000000
1.00000000
1.00000000
1.00000000
1.00000000
1.00000000
1.00000000
1.00000000
1.00000000
1.00000000
1.00000000
1.00000000
1.00000000
1.00000000
1.00000000
1.00000000
1.00000000
1.00000000
1.00000000
1.00000000
1.00000000
1.00000000
1.00000000
1.00000000
1.00000000
1.00000000
1.00000000
1.00000000
1.00000000
1.00000000
1.00000000
1.00000000
1.00000000
1.00000000
1.00000000
1.00000000
1.00000000
1.00000000
1.00000000
1.00000000
1.00000000
1.00000000
1.00000000
1.00000000
1.00000000
1.00000000
1.00000000
1.00000000
1.00000000
1.00000000
1.00000000
1.00000000
1.00000000
1.00000000
1.00000000
1.00000000
1.00000000
1.00000000
1.00000000
1.00000000
1.00000000
1.00000000
1.00000000
1.00000000
1.00000000
1.00000000
1.00000000
1.00000000
1.00000000
1.00000000
1.00000000
1.00000000
1.00000000
1.00000000
1.00000000
1.00000000
1.00000000
1.00000000
1.00000000
1.00000000
1.00000000
1.00000000
1.00000000
1.00000000
1.00000000
1.00000000
1.00000000
1.00000000
1.00000000
1.00000000
1.00000000
1.00000000
1.00000000
1.00000000
1.00000000
1.00000000
1.00000000
1.00000000
1.00000000
1.00000000
1.00000000
1.00000000
1.00000000
1.00000000
1.00000000
1.00000000
1.00000000
1.00000000
1.00000000
1.00000000
1.00000000
1.00000000
1.00000000
1.00000000
1.00000000
1.00000000
1.00000000
1.00000000
1.00000000
1.00000000
1.00000000
1.00000000
1.00000000
1.00000000
1.00000000
1.00000000
1.00000000
1.00000000
1.00000000
1.00000000
1.00000000
1.00000000
1.00000000
1.00000000
1.00000000
1.00000000
1.00000000
1.00000000
1.00000000
1.00000000
1.00000000
1.00000000
1.00000000
1.00000000
1.00000000
1.00000000
1.00000000
1.00000000
1.00000000
1.00000000
1.00000000
1.00000000
1.00000000
1.00000000
1.00000000
1.00000000
1.00000000
1.00000000
1.00000000
1.00000000
1.00000000
1.00000000
1.00000000
1.00000000
1.00000000
1.00000000
1.00000000
1.00000000
1.00000000
1.00000000
1.00000000
1.00000000
1.00000000
1.00000000
1.00000000
1.00000000
1.00000000
1.00000000
1.00000000
1.00000000
1.00000000
1.00000000
1.00000000
1.00000000
1.00000000
1.00000000
1.00000000
1.00000000
1.00000000
1.00000000
1.00000000
1.00000000
1.00000000
1.00000000
1.00000000
1.00000000
1.00000000
1.00000000
1.00000000
1.00000000
1.00000000
1.00000000
1.00000000
1.00000000
1.00000000
1.00000000
1.00000000
1.00000000
1.00000000
1.00000000
1.00000000
1.00000000
1.00000000
1.00000000
1.00000000
1.00000000
1.00000000
1.00000000
1.00000000
1.00000000
1.00000000
1.00000000
1.00000000
1.00000000
1.00000000
1.00000000
1.00000000
1.00000000
1.00000000
1.00000000
1.00000000
1.00000000
1.00000000
1.00000000
1.00000000
1.00000000
1.00000000
1.00000000
1.00000000
1.00000000
1.00000000
1.00000000
1.00000000
1.00000000
1.00000000
1.00000000
1.00000000
1.00000000
1.00000000
1.00000000
1.00000000
1.00000000
1.00000000
1.00000000
1.00000000
1.00000000
1.00000000
1.00000000
1.00000000
1.00000000
1.00000000
1.00000000
1.00000000
1.00000000
1.00000000
1.00000000
1.00000000
1.00000000
1.00000000
1.00000000
1.00000000
1.00000000
1.00000000
1.00000000
1.00000000
1.00000000
1.00000000
1.00000000
1.00000000
1.00000000
1.00000000
1.00000000
1.00000000
1.00000000
1.00000000
1.00000000
1.00000000
1.00000000
1.00000000
1.00000000
0.99997556
0.99990241
0.99978085
0.99961115
0.99939359
0.99912844
0.99881600
0.99845654
0.99805033
0.99759767
0.99709882
0.99655408
0.99596371
0.99532800
0.99464723
0.99392168
0.99315163
0.99233735
0.99147914
0.99057726
0.98963200
0.98864364
0.98761245
0.98653873
0.98542274
0.98426477
0.98306510
0.98182400
0.98054176
0.97921866
0.97785497
0.97645099
0.97500697
0.97352322
0.97200000
0.97043760
0.96883629
0.96719636
0.96551809
0.96380175
0.96204763
0.96025600
0.95842715
0.95656135
0.95465889
0.95272005
0.95074510
0.94873432
0.94668800
0.94460641
0.94248984
0.94033857
0.93815286
0.93593301
0.93367930
0.93139200
0.92907139
0.92671776
0.92433138
0.92191254
0.91946150
0.91697857
0.91446400
0.91191809
0.90934111
0.90673334
0.90409507
0.90142657
0.89872812
0.89600000
0.89324250
0.89045588
0.88764044
0.88479645
0.88192420
0.87902395
0.87609600
0.87314062
0.87015809
0.86714869
0.86411270
0.86105040
0.85796208
0.85484800
0.85170845
0.84854372
0.84535408
0.84213980
0.83890118
0.83563848
0.83235200
0.82904201
0.82570878
0.82235261
0.81897376
0.81557252
0.81214918
0.80870400
0.80523727
0.80174927
0.79824028
0.79471058
0.79116044
0.78759016
0.78400000
0.78039025
0.77676119
0.77311310
0.76944625
0.76576093
0.76205742
0.75833600
0.75459694
0.75084054
0.74706706
0.74327678
0.73946999
0.73564697
0.73180800
0.72795335
0.72408331
0.72019816
0.71629817
0.71238363
0.70845481
0.70451200
0.70055548
0.69658552
0.69260240
0.68860641
0.68459783
0.68057693
0.67654400
0.67249931
0.66844315
0.66437579
0.66029752
0.65620861
0.65210934
0.64800000
0.64388086
0.63975221
0.63561432
0.63146748
0.62731195
0.62314803
0.61897600
0.61479613
0.61060870
0.60641399
0.60221229
0.59800387
0.59378901
0.58956800
0.58534111
0.58110862
0.57687081
0.57262797
0.56838036
0.56412828
0.55987200
0.55561180
0.55134797
0.54708077
0.54281050
0.53853742
0.53426183
0.52998400
0.52570421
0.52142274
0.51713987
0.51285588
0.50857106
0.50428567
0.50000000
0.49571433
0.49142894
0.48714412
0.48286013
0.47857726
0.47429579
0.47001600
0.46573817
0.46146258
0.45718950
0.45291923
0.44865203
0.44438820
0.44012800
0.43587172
0.43161964
0.42737203
0.42312919
0.41889138
0.41465889
0.41043200
0.40621099
0.40199613
0.39778771
0.39358601
0.38939130
0.38520387
0.38102400
0.37685197
0.37268805
0.36853252
0.36438568
0.36024779
0.35611914
0.35200000
0.34789066
0.34379139
0.33970248
0.33562421
0.33155685
0.32750069
0.32345600
0.31942307
0.31540217
0.31139359
0.30739760
0.30341448
0.29944452
0.29548800
0.29154519
0.28761637
0.28370183
0.27980184
0.27591669
0.27204665
0.26819200
0.26435303
0.26053001
0.25672322
0.25293294
0.24915946
0.24540306
0.24166400
0.23794258
0.23423907
0.23055375
0.22688690
0.22323881
0.21960975
0.21600000
0.21240984
0.20883956
0.20528942
0.20175972
0.19825073
0.19476273
0.19129600
0.18785082
0.18442748
0.18102624
0.17764739
0.17429122
0.17095799
0.16764800
0.16436152
0.16109882
0.15786020
0.15464592
0.15145628
0.14829155
0.14515200
0.14203792
0.13894960
0.13588730
0.13285131
0.12984191
0.12685938
0.12390400
0.12097605
0.11807580
0.11520355
0.11235956
0.10954412
0.10675750
0.10400000
0.10127188
0.09857343
0.09590493
0.09326666
0.09065889
0.08808191
0.08553600
0.08302143
0.08053850
0.07808746
0.07566862
0.07328224
0.07092861
0.06860800
0.06632070
0.06406699
0.06184714
0.05966143
0.05751016
0.05539359
0.05331200
0.05126568
0.04925490
0.04727995
0.04534111
0.04343865
0.04157285
0.03974400
0.03795237
0.03619825
0.03448191
0.03280364
0.03116371
0.02956240
0.02800000
0.02647678
0.02499303
0.02354901
0.02214503
0.02078134
0.01945824
0.01817600
0.01693490
0.01573523
0.01457726
0.01346127
0.01238755
0.01135636
0.01036800
0.00942274
0.00852086
0.00766265
0.00684837
0.00607832
0.00535277
0.00467200
0.00403629
0.00344592
0.00290118
0.00240233
0.00194967
0.00154346
0.00118400
0.00087156
0.00060641
0.00038885
0.00021915
0.00009759
0.00002444
0.00000000
0.00000000
0.00000000
0.00000000
0.00000000
0.00000000
0.00000000
0.00000000
0.00000000
0.00000000
0.00000000
0.00000000
0.00000000
0.00000000
0.00000000
0.00000000
0.00000000
0.00000000
0.00000000
0.00000000
0.00000000
0.00000000
0.00000000
0.00000000
0.00000000
0.00000000
0.00000000
0.00000000
0.00000000
0.00000000
0.00000000
0.00000000
0.00000000
0.00000000
0.00000000
0.00000000
0.00000000
0.00000000
0.00000000
0.00000000
0.00000000
0.00000000
0.00000000
0.00000000
0.00000000
0.00000000
0.00000000
0.00000000
0.00000000
0.00000000
0.00000000
0.00000000
0.00000000
0.00000000
0.00000000
0.00000000
0.00000000
0.00000000
0.00000000
0.00000000
0.00000000
0.00000000
0.00000000
0.00000000
0.00000000
0.00000000
0.00000000
0.00000000
0.00000000
0.00000000
0.00000000
0.00000000
0.00000000
0.00000000
0.00000000
0.00000000
0.00000000
0.00000000
0.00000000
0.00000000
0.00000000
0.00000000
0.00000000
0.00000000
0.00000000
0.00000000
0.00000000
0.00000000
0.00000000
0.00000000
0.00000000
0.00000000
0.00000000
0.00000000
0.00000000
0.00000000
0.00000000
0.00000000
0.00000000
0.00000000
0.00000000
0.00000000
0.00000000
0.00000000
0.00000000
0.00000000
0.00000000
0.00000000
0.00000000
0.00000000
0.00000000
0.00000000
0.00000000
0.00000000
0.00000000
0.00000000
0.00000000
0.00000000
0.00000000
0.00000000
0.00000000
0.00000000
0.00000000
0.00000000
0.00000000
0.00000000
0.00000000
0.00000000
0.00000000
0.00000000
0.00000000
0.00000000
0.00000000
0.00000000
0.00000000
0.00000000
0.00000000
0.00000000
0.00000000
0.00000000
0.00000000
0.00000000
0.00000000
0.00000000
0.00000000
0.00000000
0.00000000
0.00000000
0.00000000
0.00000000
0.00000000
0.00000000
0.00000000
0.00000000
0.00000000
0.00000000
0.00000000
0.00000000
0.00000000
0.00000000
0.00000000
0.00000000
0.00000000
0.00000000
0.00000000
0.00000000
0.00000000
0.00000000
0.00000000
0.00000000
0.00000000
0.00000000
0.00000000
0.00000000
0.00000000
0.00000000
0.00000000
0.00000000
0.00000000
0.00000000
0.00000000
0.00000000
0.00000000
0.00000000
0.00000000
0.00000000
0.00000000
0.00000000
0.00000000
0.00000000
0.00000000
0.00000000
0.00000000
0.00000000
0.00000000
0.00000000
0.00000000
0.00000000
0.00000000
0.00000000
0.00000000
0.00000000
0.00000000
0.00000000
0.00000000
0.00000000
0.00000000
0.00000000
0.00000000
0.00000000
0.00000000
0.00000000
0.00000000
0.00000000
0.00000000
0.00000000
0.00000000
0.00000000
0.00000000
0.00000000
0.00000000
0.00000000
0.00000000
0.00000000
0.00000000
0.00000000
0.00000000
0.00000000
0.00000000
0.00000000
0.00000000
0.00000000
0.00000000
0.00000000
0.00000000
0.00000000
0.00000000
0.00000000
0.00000000
0.00000000
0.00000000
0.00000000
0.00000000
0.00000000
0.00000000
0.00000000
0.00000000
0.00000000
0.00000000
0.00000000
0.00000000
0.00003830
0.00015278
0.00034284
0.00060785
0.00094720
0.00136028
0.00184648
0.00240517
0.00303575
0.00373760
0.00451011
0.00535265
0.00626463
0.00724541
0.00829440
0.00941097
0.01059451
0.01184440
0.01316004
0.01454080
0.01598607
0.01749524
0.01906770
0.02070282
0.02240000
0.02415862
0.02597806
0.02785772
0.02979697
0.03179520
0.03385180
0.03596616
0.03813765
0.04036567
0.04264960
0.04498883
0.04738273
0.04983071
0.05233213
0.05488640
0.05749289
0.06015099
0.06286008
0.06561956
0.06842880
0.07128719
0.07419412
0.07714898
0.08015114
0.08320000
0.08629494
0.08943534
0.09262060
0.09585009
0.09912320
0.10243932
0.10579784
0.10919813
0.11263959
0.11612160
0.11964355
0.12320481
0.12680479
0.13044285
0.13411840
0.13783081
0.14157947
0.14536376
0.14918308
0.15303680
0.15692431
0.16084500
0.16479826
0.16878346
0.17280000
0.17684726
0.18092462
0.18503148
0.18916721
0.19333120
0.19752284
0.20174152
0.20598661
0.21025751
0.21455360
0.21887427
0.22321889
0.22758687
0.23197757
0.23639040
0.24082473
0.24527995
0.24975544
0.25425060
0.25876480
0.26329743
0.26784788
0.27241554
0.27699978
0.28160000
0.28621558
0.29084590
0.29549036
0.30014833
0.30481920
0.30950236
0.31419720
0.31890309
0.32361943
0.32834560
0.33308099
0.33782497
0.34257695
0.34733629
0.35210240
0.35687465
0.36165243
0.36643512
0.37122212
0.37601280
0.38080655
0.38560276
0.39040082
0.39520010
0.40000000
0.40479990
0.40959918
0.41439724
0.41919345
0.42398720
0.42877788
0.43356488
0.43834757
0.44312535
0.44789760
0.45266371
0.45742305
0.46217503
0.46691901
0.47165440
0.47638057
0.48109691
0.48580280
0.49049764
0.49518080
0.49985167
0.50450964
0.50915410
0.51378442
0.51840000
0.52300022
0.52758446
0.53215212
0.53670257
0.54123520
0.54574940
0.55024456
0.55472005
0.55917527
0.56360960
0.56802243
0.57241313
0.57678111
0.58112573
0.58544640
0.58974249
0.59401339
0.59825848
0.60247716
0.60666880
0.61083279
0.61496852
0.61907538
0.62315274
0.62720000
0.63121654
0.63520174
0.63915500
0.64307569
0.64696320
0.65081692
0.65463624
0.65842053
0.66216919
0.66588160
0.66955715
0.67319521
0.67679519
0.68035645
0.68387840
0.68736041
0.69080187
0.69420216
0.69756068
0.70087680
0.70414991
0.70737940
0.71056466
0.71370506
0.71680000
0.71984886
0.72285102
0.72580588
0.72871281
0.73157120
0.73438044
0.73713992
0.73984901
0.74250711
0.74511360
0.74766787
0.75016929
0.75261727
0.75501117
0.75735040
0.75963433
0.76186235
0.76403384
0.76614820
0.76820480
0.77020303
0.77214228
0.77402194
0.77584138
0.77760000
0.77929718
0.78093230
0.78250476
0.78401393
0.78545920
0.78683996
0.78815560
0.78940549
0.79058903
0.79170560
0.79275459
0.79373537
0.79464735
0.79548989
0.79626240
0.79696425
0.79759483
0.79815352
0.79863972
0.79905280
0.79939215
0.79965716
0.79984722
0.79996170
0.80000000
0.80000000
0.80000000
0.80000000
0.80000000
0.80000000
0.80000000
0.80000000
0.80000000
0.80000000
0.80000000
0.80000000
0.80000000
0.80000000
0.80000000
0.80000000
0.80000000
0.80000000
0.80000000
0.80000000
0.80000000
0.80000000
0.80000000
0.80000000
0.80000000
0.80000000
0.80000000
0.80000000
0.80000000
0.80000000
0.80000000
0.80000000
0.80000000
0.80000000
0.80000000
0.80000000
0.80000000
0.80000000
0.80000000
0.80000000
0.80000000
0.80000000
0.80000000
0.80000000
0.80000000
0.80000000
0.80000000
0.80000000
0.80000000
0.80000000
0.80000000
0.80000000
0.80000000
0.80000000
0.80000000
0.80000000
0.80000000
0.80000000
0.80000000
0.80000000
0.80000000
0.80000000
0.80000000
0.80000000
0.80000000
0.80000000
0.80000000
0.80000000
0.80000000
0.80000000
0.80000000
0.80000000
0.80000000
0.80000000
0.80000000
0.80000000
0.80000000
0.80000000
0.80000000
0.80000000
0.80000000
0.80000000
0.80000000
0.80000000
0.80000000
0.80000000
0.80000000
0.80000000
0.80000000
0.80000000
0.80000000
0.80000000
0.80000000
0.80000000
0.80000000
0.80000000
0.80000000
0.80000000
0.80000000
0.80000000
0.80000000
0.80000000
0.80000000
0.80000000
0.80000000
0.80000000
0.80000000
0.80000000
0.80000000
0.80000000
0.80000000
0.80000000
0.80000000
0.80000000
0.80000000
0.80000000
0.80000000
0.80000000
0.80000000
0.80000000
0.80000000
0.80000000
0.80000000
0.80000000
0.80000000
0.80000000
0.80000000
0.80000000
0.80000000
0.80000000
0.80000000
0.80000000
0.80000000
0.80000000
0.80000000
0.80000000
0.80000000
0.80000000
0.80000000
0.80000000
0.80000000
0.80000000
0.80000000
0.80000000
0.80000000
0.80000000
0.80000000
0.80000000
0.80000000
0.80000000
0.80000000
0.80000000
0.80000000
0.80000000
0.80000000
0.80000000
0.80000000
0.80000000
0.80000000
0.80000000
0.80000000
0.80000000
0.80000000
0.80000000
0.80000000
0.80000000
0.80000000
0.80000000
0.80000000
0.80000000
0.80000000
0.80000000
0.80000000
0.80000000
0.80000000
0.80000000
0.80000000
0.80000000
0.80000000
0.80000000
0.80000000
0.80000000
0.80000000
0.80000000
0.80000000
0.80000000
0.80000000
0.80000000
0.80000000
0.80000000
0.80000000
0.80000000
0.80000000
0.80000000
0.80000000
0.80000000
0.80000000
0.80000000
0.80000000
0.80000000
0.80000000
0.80000000
0.80000000
0.80000000
0.80000000
0.80000000
0.80000000
0.80000000
0.80000000
0.80000000
0.80000000
0.80000000
0.80000000
0.80000000
0.80000000
0.80000000
0.80000000
0.80000000
0.80000000
0.80000000
0.80000000
0.80000000
0.80000000
0.80000000
0.80000000
0.80000000
0.80000000
0.80000000
0.80000000
0.80000000
0.80000000
0.80000000
0.80000000
0.80000000
0.80000000
0.80000000
0.80000000
0.80000000
0.80000000
0.80000000
0.80000000
0.80000000
0.80000000
0.80000000
0.80000000
0.80000000
0.80000000
0.80000000
0.80000000
0.80000000
0.80000000
0.80000000
0.80000000
0.80000000
0.80000000
0.80000000
0.80000000
0.80000000
0.80000000
0.80000000
0.80000000
0.80000000
0.80000000
0.80000000
0.80000000
0.80000000
0.80000000
0.80000000
0.80000000
0.80000000
0.80000000
0.80000000
0.80000000
0.80000000
0.80000000
0.80000000
0.80000000
0.80000000
0.80000000
0.80000000
0.80000000
0.80000000
0.80000000
0.80000000
0.80000000
0.80000000
0.80000000
0.80000000
0.80000000
0.80000000
0.80000000
0.80000000
0.80000000
0.80000000
0.80000000
0.80000000
0.80000000
0.80000000
0.80000000
0.80000000
0.80000000
0.79996170
0.79984722
0.79965716
0.79939215
0.79905280
0.79863972
0.79815352
0.79759483
0.79696425
0.79626240
0.79548989
0.79464735
0.79373537
0.79275459
0.79170560
0.79058903
0.78940549
0.78815560
0.78683996
0.78545920
0.78401393
0.78250476
0.78093230
0.77929718
0.77760000
0.77584138
0.77402194
0.77214228
0.77020303
0.76820480
0.76614820
0.76403384
0.76186235
0.75963433
0.75735040
0.75501117
0.75261727
0.75016929
0.74766787
0.74511360
0.74250711
0.73984901
0.73713992
0.73438044
0.73157120
0.72871281
0.72580588
0.72285102
0.71984886
0.71680000
0.71370506
0.71056466
0.70737940
0.70414991
0.70087680
0.69756068
0.69420216
0.69080187
0.68736041
0.68387840
0.68035645
0.67679519
0.67319521
0.66955715
0.66588160
0.66216919
0.65842053
0.65463624
0.65081692
0.64696320
0.64307569
0.63915500
0.63520174
0.63121654
0.62720000
0.62315274
0.61907538
0.61496852
0.61083279
0.60666880
0.60247716
0.59825848
0.59401339
0.58974249
0.58544640
0.58112573
0.57678111
0.57241313
0.56802243
0.56360960
0.55917527
0.55472005
0.55024456
0.54574940
0.54123520
0.53670257
0.53215212
0.52758446
0.52300022
0.51840000
0.51378442
0.50915410
0.50450964
0.49985167
0.49518080
0.49049764
0.48580280
0.48109691
0.47638057
0.47165440
0.46691901
0.46217503
0.45742305
0.45266371
0.44789760
0.44312535
0.43834757
0.43356488
0.42877788
0.42398720
0.41919345
0.41439724
0.40959918
0.40479990
0.40000000
0.39520010
0.39040082
0.38560276
0.38080655
0.37601280
0.37122212
0.36643512
0.36165243
0.35687465
0.35210240
0.34733629
0.34257695
0.33782497
0.33308099
0.32834560
0.32361943
0.31890309
0.31419720
0.30950236
0.30481920
0.30014833
0.29549036
0.29084590
0.28621558
0.28160000
0.27699978
0.27241554
0.26784788
0.26329743
0.25876480
0.25425060
0.24975544
0.24527995
0.24082473
0.23639040
0.23197757
0.22758687
0.22321889
0.21887427
0.21455360
0.21025751
0.20598661
0.20174152
0.19752284
0.19333120
0.18916721
0.18503148
0.18092462
0.17684726
0.17280000
0.16878346
0.16479826
0.16084500
0.15692431
0.15303680
0.14918308
0.14536376
0.14157947
0.13783081
0.13411840
0.13044285
0.12680479
0.12320481
0.11964355
0.11612160
0.11263959
0.10919813
0.10579784
0.10243932
0.09912320
0.09585009
0.09262060
0.08943534
0.08629494
0.08320000
0.08015114
0.07714898
0.07419412
0.07128719
0.06842880
0.06561956
0.06286008
0.06015099
0.05749289
0.05488640
0.05233213
0.04983071
0.04738273
0.04498883
0.04264960
0.04036567
0.03813765
0.03596616
0.03385180
0.03179520
0.02979697
0.02785772
0.02597806
0.02415862
0.02240000
0.02070282
0.01906770
0.01749524
0.01598607
0.01454080
0.01316004
0.01184440
0.01059451
0.00941097
0.00829440
0.00724541
0.00626463
0.00535265
0.00451011
0.00373760
0.00303575
0.00240517
0.00184648
0.00136028
0.00094720
0.00060785
0.00034284
0.00015278
0.00003830
0.00000000
0.00000000
0.00000000
0.00000000
0.00000000
0.00000000
0.00000000
0.00000000
0.00000000
0.00000000
0.00000000
0.00000000
0.00000000
0.00000000
0.00000000
0.00000000
0.00000000
0.00000000
0.00000000
0.00000000
0.00000000
0.00000000
0.00000000
0.00000000
0.00000000
0.00000000
0.00000000
0.00000000
0.00000000
0.00000000
0.00000000
0.00000000
0.00000000
0.00000000
0.00000000
0.00000000
0.00000000
0.00000000
0.00000000
0.00000000
0.00000000
0.00000000
0.00000000
0.00000000
0.00000000
0.00000000
0.00000000
0.00000000
0.00000000
0.00000000
0.00000000
0.00000000
0.00000000
0.00000000
0.00000000
0.00000000
0.00000000
0.00000000
0.00000000
0.00000000
0.00000000
0.00000000
0.00000000
0.00000000
0.00000000
0.00000000
0.00000000
0.00000000
0.00000000
0.00000000
0.00000000
0.00000000
0.00000000
0.00000000
0.00000000
0.00000000
0.00000000
0.00000000
0.00000000
0.00000000
0.00000000
0.00000000
0.00000000
0.00000000
0.00000000
0.00000000
0.00000000
0.00000000
0.00000000
0.00000000
0.00000000
0.00000000
0.00000000
0.00000000
0.00000000
0.00000000
0.00000000
0.00000000
0.00000000
0.00000000
0.00000000
0.00000000
0.00000000
0.00000000
0.00000000
0.00000000
0.00000000
0.00000000
0.00000000
0.00000000
0.00000000
0.00000000
0.00000000
0.00000000
0.00000000
0.00000000
0.00000000
0.00000000
0.00000000
0.00000000
0.00000000
0.00000000
0.00000000
0.00000000
0.00000000
0.00000000
0.00000000
0.00000000
0.00000000
0.00000000
0.00000000
0.00000000
0.00000000
0.00000000
0.00000000
0.00000000
0.00000000
0.00000000
0.00000000
0.00000000
0.00000000
0.00000000
0.00000000
0.00000000
0.00000000
0.00000000
0.00000000
0.00000000
0.00000000
0.00000000
0.00000000
0.00000000
0.00000000
0.00000000
0.00000000
0.00000000
0.00000000
0.00000000
0.00000000
0.00000000
0.00000000
0.00000000
0.00000000
0.00000000
0.00000000
0.00000000
0.00000000
0.00000000
0.00000000
0.00000000
0.00000000
0.00000000
0.00000000
0.00000000
0.00000000
0.00000000
0.00000000
0.00000000
0.00000000
0.00000000
0.00000000
0.00000000
0.00000000
0.00000000
0.00000000
0.00000000
0.00000000
0.00000000
0.00000000
0.00000000
0.00000000
0.00000000
0.00000000
0.00000000
0.00000000
0.00000000
0.00000000
0.00000000
0.00000000
0.00000000
0.00000000
0.00000000
0.00000000
0.00000000
0.00000000
0.00000000
0.00000000
0.00000000
0.00000000
0.00000000
0.00000000
0.00000000
0.00000000
0.00000000
0.00000000
0.00000000
0.00000000
0.00000000
0.00000000
0.00000000
0.00000000
0.00000000
0.00000000
0.00000000
0.00000000
0.00000000
0.00000000
0.00000000
0.00000000
0.00000000
0.00000000
0.00000000
0.00000000
0.00000000
0.00000000
0.00000000
0.00000000
0.00000000
0.00000000
0.00000000
0.00000000
0.00000000
0.00000000
0.00000000
