1.00000000
1.00000000
1.00000000
1.00000000
1.00000000
1.00000000
1.00000000
1.00000000
1.00000000
1.00000000
1.00000000
1.00000000
1.00000000
1.00000000
1.00000000
1.00000000
1.00000000
1.00000000
1.00000000
1.00000000
1.00000000
1.00000000
1.00000000
1.00000000
1.00000000
1.00000000
1.00000000
1.00000000
1.00000000
1.00000000
1.00000000
1.00000000
1.00000000
1.00000000
1.00000000
1.00000000
1.00000000
1.00000000
1.00000000
1.00000000
1.00000000
1.00000000
1.00000000
1.00000000
1.00000000
1.00000000
1.00000000
1.00000000
1.00000000
1.00000000
1.00000000
1.00000000
1.00000000
1.00000000
1.00000000
1.00000000
1.00000000
1.00000000
1.00000000
1.00000000
1.00000000
1.00000000
1.00000000
0.96825141
0.96450096
0.95974422
0.95859784
0.96139491
0.96556628
0.96379834
0.96681345
0.96448672
0.96550870
0.96473211
0.96579850
0.96419317
0.96392983
0.95883876
0.95439434
0.95338917
0.95440596
0.95749032
0.95810610
0.96384132
0.96269894
0.96124047
0.96229517
0.96650589
0.96647561
0.97166789
0.97208887
0.97248346
0.96869743
0.96634954
0.96627373
0.96975023
0.96843588
0.97112471
0.97078145
0.96909314
0.96738529
0.96275049
0.96136504
0.95857054
0.96004069
0.95860034
0.95678091
0.95588380
0.95807689
0.96219486
0.96060973
0.96180969
0.96036458
0.96037430
0.96482474
0.96087170
0.96091759
0.95949954
0.95824730
0.96575123
0.95978421
0.93865716
0.94200432
0.94796646
0.94874740
0.94459498
0.94206476
0.94235897
0.95926476
0.96554881
0.96556681
0.97175014
0.97249877
0.97527617
0.97497219
0.97587311
0.97451526
0.97589350
0.97231680
0.97330564
0.97035015
0.96900743
0.96835750
0.96620208
0.96624625
0.96707302
0.96646446
0.96831930
0.96798462
0.96990329
0.96846193
0.96305579
0.95843649
0.96167463
0.96431154
0.97010136
0.96948671
0.97198153
0.97065473
0.96758658
0.96803331
0.96562773
0.96666312
0.96540272
0.96595651
0.96384543
0.96452731
0.96556926
0.96669769
0.96621001
0.96652901
0.96755308
0.96352249
0.96160859
0.96200913
0.96067584
0.96072954
0.96009439
0.96014541
0.96261781
0.96182340
0.96361947
0.96504050
0.96470815
0.96124345
0.96182591
0.96042395
0.96081877
0.96004379
0.96010774
0.95924300
0.96068662
0.95948595
0.95822364
0.95679593
0.95529383
0.95219302
0.95037389
0.95219010
0.95247692
0.95646548
0.95536965
0.95464402
0.94796997
0.94497710
0.94338971
0.94064707
0.94353187
0.94642389
0.94566941
0.94957542
0.94862163
0.94462347
0.94664699
0.94707716
0.95002276
0.95765471
0.95773035
0.95496386
0.95675492
0.95653391
0.95578241
0.95300758
0.95040113
0.95665550
0.96318066
0.96196079
0.95825124
0.96605754
0.96995294
0.97423875
0.97496128
0.97634852
0.97596651
0.97525150
0.97286212
0.97233093
0.97045040
0.97590065
0.97739923
0.97480690
0.97439176
0.96957624
0.97233814
0.97349238
0.97633624
0.97645354
0.97700578
0.97544265
0.97579271
0.97351623
0.96802318
0.96746057
0.96411771
0.96578562
0.96810853
0.96952045
0.97047013
0.96856046
0.96758080
0.96686727
0.96611631
0.96602827
0.96509916
0.96440023
0.95057201
0.95856547
0.95703697
0.96135163
0.94652241
0.93695349
0.92650616
0.93639660
0.94336361
0.95206237
0.95153791
0.95416498
0.94791007
0.95713031
0.96730745
0.96996450
0.96917498
0.97021097
0.96769673
0.96967286
0.97147018
0.97283226
0.97273165
0.96562326
0.96610236
0.96173251
0.96292788
0.96766561
0.96526504
0.96471137
0.96868551
0.97244555
0.97247428
0.97089541
0.96593684
0.97247803
0.97149348
0.97128725
0.96600950
0.96195596
0.96993333
0.97334844
0.97048372
0.97159845
0.96688819
0.96102661
0.96514559
0.96403009
0.97107261
0.96862608
0.96900505
0.96980011
0.96718943
0.95399427
0.94886070
0.96151918
0.94865447
0.94441992
0.94950587
0.93848574
0.92692500
0.93547028
0.94098073
0.94318372
0.94558167
0.95561987
0.95168239
0.94255948
0.94563383
0.95259762
0.95326555
0.96081209
0.95457548
0.95894355
0.95088041
0.95968276
0.95648915
0.96313155
0.96810246
0.96861857
0.96397525
0.96760511
0.96754116
0.96548361
0.96605098
0.96584195
0.96503097
0.96298319
0.96171588
0.95837998
0.94899809
0.94570965
0.94574511
0.94282156
0.94230974
0.94289416
0.94065809
0.93897736
0.95459038
0.96122944
0.96794385
0.96920580
0.96917033
0.97334588
0.97407454
0.97559845
0.97273386
0.96253222
0.96177274
0.96595275
0.96640801
0.97367775
0.96528649
0.96883619
0.96106106
0.96230733
0.95573407
0.95753282
0.96095699
0.96137607
0.96258217
0.96617568
0.96537822
0.96805567
0.96815032
0.97072148
0.97409976
0.97384834
0.96896869
0.96456736
0.95846933
0.96178865
0.96469712
0.96925342
0.96968341
0.96746206
0.96364456
0.96597546
0.96397048
0.96342975
0.96506906
0.96790922
0.96723825
0.96645343
0.96443993
0.96230257
0.96275330
0.95483303
0.95379412
0.95239061
0.94806755
0.93835402
0.92793041
0.92918152
0.93547583
0.94106466
0.94912016
0.95247173
0.95218629
0.95379531
0.95557165
0.95625430
0.95542789
0.95132148
0.94805008
0.93995196
0.94214344
0.94701344
0.95308864
0.95209432
0.95437014
0.95908475
0.95796210
0.95804572
0.95645708
0.95582253
0.95711601
0.96004027
0.95914662
0.95924741
0.96412385
0.96483696
0.96625191
0.96758926
0.96771437
0.96706229
0.96763873
0.96317083
0.96506220
0.96583319
0.96539527
0.96693236
0.96607733
0.96896642
0.96776855
0.96626586
0.96396929
0.95701712
0.95581573
0.95714593
0.96675527
0.97030717
0.97380155
0.97119820
0.97218657
0.96890289
0.97021455
0.96993107
0.96532416
0.96384996
0.96618992
0.96744865
0.96799648
0.97064137
0.97099000
0.96996337
0.97028494
0.96719581
0.96817815
0.96854657
0.96712399
0.97318065
0.97320527
0.97182322
0.97019613
0.96798921
0.96763682
0.96687919
0.97041571
0.96976727
0.96719497
0.96737802
0.96231240
0.96338427
0.96333796
0.96229851
0.96633166
0.96570808
0.96566975
0.96469235
0.96447468
0.96561050
0.96681911
0.96572977
0.96515912
0.96295410
0.96374124
0.96357208
0.96545023
0.96392077
0.96409887
0.96249193
0.96444947
0.96467531
0.96392930
0.96435457
0.96185887
0.96223480
0.96039462
0.95821214
0.95893502
0.95841581
0.95873815
0.95674235
0.95750093
0.95690596
0.95646626
0.95185924
0.95007992
0.95285225
0.95553637
0.95551264
0.95790952
0.95790172
0.95894051
0.95815557
0.95806587
0.95602077
0.95607948
0.95613408
0.95513219
0.95661098
0.95307696
0.95517069
0.95257729
0.95528597
0.95475942
0.95596027
0.95560879
0.95650184
0.95712990
0.95822036
0.95640260
0.95707685
0.95381260
0.95170945
0.94971228
0.95155370
0.95169097
0.95212936
0.95411885
0.95689046
0.95757020
0.96015114
0.96069497
0.96648592
0.97036618
0.96960294
0.96832263
0.97095054
0.97014397
0.97169060
0.97301459
0.97135544
0.96827233
0.96374148
0.96337932
0.96414798
0.96465510
0.96342546
0.96050227
0.95388120
0.95411319
0.95650846
0.96270519
0.96551394
0.96580017
0.96391654
0.96167594
0.95861524
0.96350503
0.96758771
0.96987009
0.96931195
0.96911848
0.97015429
0.97079480
0.96815890
0.96743250
0.96533769
0.96548480
0.96635658
0.96658528
0.96812171
0.96899843
0.96733552
0.96608412
0.96224493
0.95848489
0.95666534
0.96176755
0.96664006
0.96827400
0.97074324
0.96745968
0.96337467
0.95866191
0.96153653
0.96682113
0.96804762
0.96981299
0.96944112
0.96980596
0.97015870
0.96636003
0.96476674
0.96713614
0.96679997
0.97092777
0.96975076
0.96667248
0.96341205
0.96101534
0.96226525
0.96589088
0.96827805
0.96809691
0.96698594
0.96538103
0.96763879
0.96580160
0.96357816
0.96293068
0.96030360
0.96401471
0.96176326
0.96380854
0.96387923
0.96482652
0.96536368
0.95947409
0.95730257
0.95506120
0.95417160
0.95804995
0.95862639
0.96356392
0.96659821
0.96786714
0.96669680
0.96377575
0.96509337
0.96463859
0.96249866
0.96242112
0.96131319
0.96038055
0.95474672
0.95434189
0.96314549
0.96771193
0.96710199
0.96748447
0.96711826
0.96648550
0.96454233
0.96489167
0.96468729
0.96535259
0.96711683
0.96585923
0.96416080
0.96188515
0.95693994
0.95832765
0.96176702
0.96297222
0.96342027
0.96485186
0.96299291
0.96085149
0.95987338
0.95867723
0.95727712
0.95821083
0.95868373
0.95818108
0.95590091
0.95655888
0.95765173
0.95723051
0.95598447
0.95851886
0.95773089
0.95835686
0.95697999
0.95793009
0.95730937
0.95768589
0.95519376
0.95194632
0.95414585
0.95667517
0.95639527
0.95694453
0.95754594
0.95506877
0.95656413
0.95609933
0.95967180
0.96257973
0.95833248
0.95846581
0.95708883
0.96033049
0.95831746
0.95660895
0.95530134
0.95460397
0.95714366
0.95577413
0.95384687
0.95058870
0.94965321
0.95284992
0.95496994
0.95258009
0.95247829
0.95363498
0.95229656
0.94187391
0.93723214
0.93626118
0.93368500
0.93284863
0.92867881
0.92625439
0.90671068
0.89058989
0.90734237
0.91768110
0.91669369
0.91170919
0.90004301
0.89333367
0.88375902
0.89026839
0.91511285
0.94514871
0.95767164
0.95794463
0.96425480
0.96432531
0.96175712
0.97174150
0.97389370
0.97537518
0.97555929
0.97043580
0.97181433
0.97328669
0.97507769
0.97255671
0.97558415
0.97362131
0.96650511
0.96842682
0.96531129
0.96863282
0.97115391
0.97064203
0.97093278
0.97134012
0.97108340
0.96997267
0.96774966
0.96753299
0.96452111
0.96257412
0.95587730
0.96395552
0.96694630
0.96123022
0.95960665
0.96274865
0.96709585
0.96919358
0.97109902
0.97348511
0.97180814
0.97080058
0.96742779
0.97472286
0.97045970
0.97220844
0.96863210
0.96948922
0.96513844
0.96493894
0.93131971
0.95447534
0.92996252
0.94348776
0.94723016
0.94880992
0.92233622
0.92391735
0.91678673
0.92770875
0.94092530
0.93007779
0.91887134
0.93888628
0.94354832
0.94188929
0.93949944
0.94972247
0.95510155
0.95175678
0.93394309
0.94777107
0.92569506
0.90577912
0.91721421
0.92673409
0.90521634
0.90941119
0.93311816
0.94411188
0.93462324
0.93683583
0.95123893
0.93764710
0.93031085
0.92842102
0.93587732
0.93120712
0.94592720
0.95637804
0.90132660
0.93330950
0.95034415
0.94284153
0.90051877
0.87407666
0.85563195
0.90109199
0.90510041
0.88194108
0.83052546
0.73863500
0.78133810
0.82189912
0.81526041
0.81774521
0.78349459
0.75158024
0.82504117
0.86053360
0.88498414
0.88195884
0.80664271
0.80386257
0.79853266
0.84925371
0.87738454
0.89472079
0.85011011
0.88174659
0.89383131
0.87290221
0.85321599
0.86034757
0.91012764
0.91720527
0.89492887
0.84530669
0.82606035
0.81448323
0.81553441
0.66738480
0.71697330
0.85050136
0.86106473
0.77800536
0.78903061
0.61486161
0.67771930
0.84596616
0.75408870
0.73425388
0.76546335
0.70997852
0.61390430
0.74976349
0.68990004
0.66585779
0.70434278
0.79779720
0.75284106
0.67323083
0.72173274
0.80040973
0.67695498
0.51342297
0.73238605
0.70803517
0.56906974
0.66759288
0.66556352
0.65730661
0.76769316
0.77391350
0.80116302
0.70399344
0.76860380
0.80428445
0.78823072
0.80570775
0.79475510
0.75629395
0.75320882
0.75615615
0.85259551
0.83873558
0.85911322
0.87691283
0.85605866
0.85516399
0.88906825
0.88544399
0.89833075
0.83321619
0.77328771
0.83476496
0.83961916
0.77229351
0.78036624
0.78319120
0.80320364
0.82579434
0.72399938
0.58405292
0.67886108
0.77801764
0.65847880
0.63540167
0.68088639
0.74986160
0.61337107
0.72722530
0.82452148
0.82248288
0.76393449
0.81406111
0.79334766
0.69437885
0.83379382
0.83954924
0.79228085
0.81780565
0.79574811
0.84893864
0.88185149
0.68498605
0.68371701
0.58518320
0.69368535
0.69484609
0.64162487
0.53706026
0.68586498
0.69080746
0.66224808
0.65835863
0.66130656
0.73912692
0.62182587
0.70230305
0.81022567
0.81085604
0.73813558
0.67647707
0.75968081
0.70443714
0.77989948
0.71692836
0.67630589
0.75182104
0.70162261
0.66886437
0.80422926
0.74304968
0.75168908
0.76839244
0.73028547
0.70929104
0.57565552
0.68244362
0.75573421
0.63174385
0.71430892
0.76974058
0.73113394
0.78393346
0.72480381
0.82570142
0.81440848
0.85167718
0.89390677
0.81952459
0.83351713
0.86967641
0.90787637
0.93887872
0.83207256
0.86979043
0.81638080
0.84588367
0.68374574
0.81292695
0.74693161
0.66793209
0.62292451
0.68458527
0.68644994
0.70624930
0.68579227
0.77066201
0.84272927
0.85261285
0.75251013
0.78015703
0.69761765
0.82045513
0.82270920
0.89025563
0.89979714
0.82000935
0.77434784
0.71418673
0.71461558
0.75545025
0.88910246
0.75980431
0.73315060
0.70911264
0.66971201
0.75368071
0.72247010
0.79283690
0.74203122
0.77420837
0.71842510
0.61620581
0.74719220
0.73581237
0.74955839
0.67556161
0.64525068
0.61361742
0.71498948
0.74433905
0.78655297
0.61916083
0.70604050
0.75060624
0.74322754
0.70584327
0.69336581
0.77068371
0.70992118
0.65907025
0.71845740
0.80983680
0.77864295
0.74682039
0.78870124
0.72306049
0.75705504
0.79552805
0.81220490
0.74365181
0.65275669
0.66074151
0.70469093
0.70042515
0.74229056
0.68359011
0.74862272
0.68954378
0.76618409
0.73349774
0.82651639
0.74794137
0.72547364
0.80981976
0.89185774
0.66363722
0.76657271
0.86526096
0.82731760
0.82423222
0.81771851
0.80111516
0.82273680
0.84280926
0.75964749
0.77160048
0.84095073
0.85366958
0.68669653
0.85311013
0.87961787
0.76464742
0.83111036
0.75015658
0.78893888
0.72373098
0.80329317
0.74855447
0.80995703
0.80452633
0.80856311
0.74287951
0.81718343
0.82360500
0.86663926
0.84679568
0.70011902
0.55984765
0.72355342
0.78629452
0.76824832
0.80713695
0.69542700
0.70757335
0.81171715
0.72461814
0.80254716
0.87242365
0.85829806
0.91525584
0.78498292
0.66264766
0.70195758
0.78615481
0.78895229
0.74266225
0.66595173
0.74589437
0.80394113
0.78720391
0.80537337
0.83250034
0.80433810
0.75516367
0.87731439
0.85219908
0.85551721
0.82710743
0.85066515
0.68796587
0.66835397
0.72463059
0.55835974
0.65860975
0.67087013
0.78216755
0.75488198
0.82161325
0.76977134
0.66707057
0.75766486
0.76001328
0.82725751
0.84790635
0.84914625
0.87390876
0.65299654
0.73046952
0.80670691
0.78613520
0.59324002
0.68755317
0.73443621
0.67952818
0.62131560
0.63239133
0.64119339
0.57794118
0.56114042
0.62076122
0.67477953
0.69795036
0.67161661
0.69828898
0.53214025
0.65967780
0.73958349
0.71289819
0.73988140
0.62687451
0.76942039
0.85031611
0.78047174
0.81714725
0.86304337
0.86345398
0.84059781
0.87079835
0.82410371
0.71124923
0.69234282
0.84141678
0.75337905
0.80652720
0.84241074
0.76419050
0.64875430
0.73079950
0.70027757
0.80507958
0.77595866
0.73009849
0.75785846
0.65336359
0.66077465
0.72657311
0.61199832
0.72866380
0.76958734
0.71449482
0.75155085
0.75379813
0.70377237
0.74846536
0.75809264
0.75317514
0.74688464
0.71180308
0.76839590
0.66640502
0.74557328
0.76884460
0.82006681
0.76672822
0.72676229
0.70837170
0.72988743
0.75420916
0.74415302
0.71836501
0.75236690
0.72220331
0.73040819
0.70014942
0.70074350
0.73540193
0.70849621
0.73365432
0.75430679
0.70513666
0.59457004
0.64554656
0.63880712
0.76154709
0.64973629
0.60108775
0.65748447
0.66900903
0.59904617
0.63964343
0.59539634
0.67297083
0.62368500
0.62548202
0.68985218
0.74878365
0.72598588
0.77593321
0.82940912
0.85050488
0.80844826
0.68827629
0.70333523
0.77832973
0.82589722
0.66960251
0.73738521
0.77931631
0.80315661
0.69516319
0.76060152
0.68714219
0.74574471
0.74523526
0.70687366
0.59783059
0.66593546
0.64381570
0.64802486
0.70330483
0.76553482
0.75956655
0.78436178
0.67770535
0.75749409
0.72803473
0.73512936
0.77218890
0.74332362
0.77708071
0.67797238
0.63856447
0.70166314
0.73651975
0.66311747
0.73442793
0.69038302
0.73392606
0.61772257
0.70569998
0.78420264
0.71249551
0.77238834
0.65873879
0.71391594
0.66759193
0.78021181
0.78809023
0.63557976
0.71805096
0.67849040
0.63568485
0.71397626
0.61276478
0.62770325
0.59096885
0.59103709
0.68796426
0.61180723
0.56462777
0.56903374
0.70480472
0.67011321
0.56478375
0.65515107
0.65571594
0.68159497
0.59256858
0.63889223
0.73150712
0.72852826
0.66892993
0.56100917
0.63932902
0.57621330
0.61895376
0.64444977
0.74374974
0.67315310
0.73878789
0.75419366
0.71824408
0.59555912
0.67510921
0.76594549
0.80860084
0.75436753
0.76846498
0.67604500
0.75775158
0.79410011
0.77884328
0.83843964
0.76446623
0.70258373
0.70549804
0.71355993
0.64699680
0.76735246
0.73548734
0.52749324
0.63546842
0.55930763
0.60437405
0.63640982
0.49564317
0.61397427
0.59421599
0.49936780
0.60445255
0.56265420
0.63208365
0.66140270
0.58441412
0.64734399
0.61860609
0.68101585
0.62088054
0.65232301
0.59389168
0.61325306
0.67777902
0.57774270
0.61381531
0.62726855
0.66423279
0.63409054
0.66660392
0.67772079
0.66251785
0.71786320
0.64781380
0.70297253
0.69840157
0.75852227
0.81319773
0.87338930
0.89731908
0.75895196
0.68728697
0.75245488
0.73499775
0.70001364
0.77635109
0.80598485
0.73564893
0.74471033
0.68804157
0.75679243
0.68850893
0.70412296
0.66324914
0.71630383
0.72124976
0.62788826
0.74035984
0.69937664
0.78850824
0.83846486
0.85643554
0.69562495
0.81333202
0.76129639
0.81596655
0.72696704
0.71390259
0.68548822
0.60453355
0.76935750
0.74439633
0.67959064
0.74696267
0.74740505
0.68652076
0.76332855
0.75167292
0.78375888
0.77216119
0.71221685
0.71209604
0.76218009
0.66718704
0.73446202
0.79972804
0.65482163
0.75836343
0.76938707
0.71814543
0.68954670
0.78653073
0.66461241
0.68623066
0.72645247
0.77822840
0.68994558
0.61745697
0.72285134
0.72440934
0.70835412
0.75407797
0.65201217
0.72616065
0.72432637
0.68590695
0.68898034
0.68189859
0.74137843
0.75910968
0.67057049
0.69473660
0.68922234
0.67315704
0.65476662
0.75819045
0.78817278
0.74536586
0.65562749
0.70597351
0.80986112
0.74280918
0.82340449
0.82832360
0.81766576
0.84541309
0.85271418
0.73972768
0.75392264
0.72759771
0.76441681
0.81801659
0.79537147
0.78627735
0.81535423
0.76363623
0.82182252
0.83537281
0.79244876
0.85440427
0.82724357
0.82753187
0.83644754
0.81046665
0.85874832
0.90185887
0.88482630
0.88980377
0.89222336
0.89841813
0.91216362
0.88406825
0.89270824
0.90743780
0.88141167
0.85167623
0.84444910
0.81473058
0.82194728
0.84183490
0.82908082
0.89264923
0.89470661
0.90483582
0.84426409
0.78601968
0.82426596
0.86943507
0.87581414
0.85586739
0.84372342
0.75543147
0.80823779
0.79656506
0.87681311
0.88639027
0.90278524
0.90420371
0.90423530
0.89127094
0.94696438
0.95667636
0.95665038
0.93483913
0.96328497
0.96969599
0.93396288
0.96539414
0.96467108
0.95394456
0.95837766
0.93334502
0.95394629
0.95005906
0.94249439
0.94803554
0.95262945
0.94949287
0.93113941
0.94887668
0.95034254
0.91099107
0.93924475
0.94822776
0.93689436
0.94957787
0.94138950
0.95704079
0.94772834
0.94234997
0.95765030
0.95949966
0.95753306
0.95402467
0.96348375
0.96352315
0.95519125
0.96280569
0.95368236
0.95780504
0.95711964
0.96121746
0.96497017
0.94815147
0.96465421
0.95901579
0.96737581
0.96825600
0.96010572
0.96780640
0.96012992
0.96044254
0.96173173
0.95302016
0.95777684
0.96611875
0.95766217
0.96052724
0.95631886
0.95776308
0.96662337
0.95136654
0.96078622
0.97350109
0.96093744
0.97005230
0.97058457
0.97040427
0.97124904
0.97156030
0.96889806
0.97014296
0.96349406
0.95189619
0.96356910
0.96726036
0.97251195
0.96898717
0.97061992
0.97010088
0.97010517
0.97210622
0.96944875
0.96920723
0.96099091
0.96313804
0.97148097
0.97450340
0.97670865
0.97646421
0.97547418
0.97226948
0.97381973
0.97066540
0.97156286
0.97116596
0.97014838
0.96526539
0.96887487
0.96809793
0.97127658
0.96818984
0.96572232
0.96746832
0.96700513
0.96629769
0.96788800
0.96695143
0.96541739
0.96587670
0.96558619
0.96196049
0.97052962
0.96720773
0.96816528
0.96519899
0.96315455
0.96156383
0.96102417
0.95944673
0.96029508
0.96013093
0.96146595
0.96518564
0.96572232
0.95763350
0.95603931
0.95372146
0.95642048
0.95842403
0.95821798
0.96626163
0.96827817
0.96546328
0.96535623
0.96512377
0.96642035
0.97118908
0.96347195
0.97254169
0.97238600
0.97543460
0.97375488
0.97199631
0.97339082
0.97484326
0.97013813
0.97266382
0.95886683
0.95887089
0.95684594
0.97439653
0.97587740
0.97599810
0.97638011
0.97368681
0.97411627
0.97233224
0.97619593
0.97645140
0.97421288
0.97307533
0.97479600
0.97335196
0.97356808
0.97170210
0.97109216
0.96827972
0.96402252
0.95890838
0.97121584
0.96805632
0.97166395
0.97294056
0.96512580
0.97156286
0.96894789
0.96680820
0.96934444
0.96550328
0.96580058
0.96459997
0.96202081
0.96540546
0.96627420
0.95972127
0.96721095
0.97353244
0.97285867
0.96932673
0.97008139
0.97087204
0.97333097
0.96634090
0.97004831
0.96802372
0.95964837
0.95730096
0.96269441
0.96499133
0.96648163
0.96181369
0.95763427
0.95511448
0.95328784
0.96190310
0.96830964
0.96878451
0.97327846
0.96664923
0.96244508
0.95427328
0.94881165
0.94286460
0.94146347
0.94267148
0.94982827
0.94904870
0.95683283
0.95942450
0.96079636
0.96005648
0.96543348
0.96721494
0.96157914
0.96341413
0.95495570
0.96014148
0.95678723
0.95664251
0.95945716
0.95792121
0.96155733
0.96256882
0.96087205
0.96418756
0.96531081
0.96993041
0.96947360
0.96900403
0.96784812
0.96727663
0.97264802
0.97266656
0.97588205
0.96981448
0.97069371
0.97443467
0.97287095
0.97349519
0.96912909
0.96708453
0.97017843
0.97219986
0.97328633
0.97221363
0.96992648
0.97642356
0.97586960
0.97336221
0.97006929
0.97306877
0.97172374
0.97276366
0.97609949
0.97637945
0.97477525
0.97654986
0.97645980
0.97584689
0.97413355
0.97373950
0.97507054
0.96955967
0.97072518
0.97265697
0.96617502
0.95887941
0.96463102
0.96761727
0.96817833
0.95978814
0.96237302
0.95665550
0.96729940
0.97208214
0.97247249
0.97279602
0.97346604
0.97335917
0.97168541
0.97341782
0.97578317
0.97651607
0.96485269
0.96862274
0.97286612
0.96712399
0.97048777
0.97249991
0.97393382
0.96908724
0.96509606
0.97189492
0.96885633
0.95711732
0.96345830
0.96847230
0.96265417
0.96867150
0.96932274
0.97229916
0.97228563
0.96945131
0.96785331
0.96976566
0.96967727
0.97440571
0.97023600
0.96552879
0.96548927
0.96761179
0.97125536
0.96775490
0.96785510
0.96622902
0.96796674
0.97087997
0.97110790
0.97153801
0.96739167
0.96560049
0.96495581
0.96679562
0.96669781
0.97290099
0.97152519
0.96996182
0.97121674
0.97048336
0.96708453
0.96804202
0.96538550
0.96540970
0.95915836
0.95947421
0.95948559
0.95870376
0.95758945
0.95713085
0.95519745
0.95521629
0.95529544
0.95559406
0.95614904
0.95811170
0.96082121
0.96219629
0.96098894
0.96105355
0.96065843
0.95997310
0.95829207
0.96011508
0.95797539
0.95735282
0.96069652
0.96094769
0.96265078
0.95909518
0.95890987
0.96238148
0.95582521
0.95870233
0.96287686
0.95598620
0.95476097
0.95079172
0.95153815
0.94910550
0.95068103
0.94973701
0.95120960
0.94832438
0.95193744
0.95534998
0.95270622
0.95395142
0.95303822
0.95643342
0.96031547
0.95929664
0.96013165
0.95654285
0.96060961
0.96202701
0.95690465
0.95070797
0.94460380
0.93912792
0.94800639
0.96966636
0.97038233
0.96361679
0.95766246
0.95651793
0.96465534
0.96922761
0.97163266
0.97367358
0.97196478
0.96072239
0.97436213
0.97331941
0.97077739
0.97030044
0.96198630
0.95260185
0.95663851
0.95473772
0.96474165
0.97289747
0.96888477
0.95941329
0.95761412
0.95944029
0.96411294
0.96539617
0.95755881
0.96166921
0.96266556
0.95115709
0.94220483
0.94497401
0.94938433
0.95224464
0.94779974
0.93291497
0.95719081
0.94108176
0.95281714
0.92691922
0.94662476
0.95797217
0.96396762
0.96386981
0.93643069
0.94169027
0.94099760
0.96701336
0.94416684
0.94782782
0.92809314
0.91442674
0.93361592
0.94329584
0.93530953
0.93399459
0.95634967
0.95747817
0.96810508
0.95735121
0.96284664
0.92959893
0.93783826
0.95936251
0.93629861
0.96177596
0.94874138
0.91281390
0.86108434
0.89288211
0.89894861
0.92561603
0.93842518
0.93363762
0.93228549
0.91022855
0.93077815
0.95530993
0.96018398
0.93540072
0.93375140
0.96626973
0.95651937
0.94960904
0.92985737
0.91565657
0.93646240
0.94435924
0.94080502
0.92575645
0.94295406
0.93920487
0.93693537
0.92816925
0.93561393
0.92476904
0.87317371
0.82769006
0.90551579
0.87213838
0.85983318
0.88435942
0.81246084
0.82997888
0.88938773
0.90369523
0.81552142
0.87762922
0.84477448
0.72513628
0.88794571
0.90974247
0.86556292
0.84174514
0.83878046
0.85607904
0.85809624
0.70736331
0.80914259
0.89964098
0.78989130
0.78591216
0.87485790
0.83368021
0.85363829
0.70745313
0.63633341
0.83063865
0.79342371
0.80846274
0.65080005
0.69675255
0.57675147
0.61485505
0.60163015
0.66999042
0.76291347
0.73937494
0.61526340
0.78161418
0.70079577
0.76185060
0.82562780
0.77789307
0.79259497
0.79672915
0.70537609
0.69915855
0.73081696
0.63230544
0.70872861
0.75591552
0.77792877
0.76103389
0.74742264
0.80754811
0.84263837
0.75046688
0.76729566
0.79774535
0.76380533
0.80738539
0.81686747
0.84820247
0.79280007
0.69426996
0.73928016
0.72092313
0.69395208
0.71454161
0.75628126
0.77153254
0.71107072
0.63720244
0.58175582
0.69452369
0.72540385
0.70894867
0.57997543
0.57319498
0.61085021
0.65759534
0.53533018
0.65012383
0.60471326
0.51979047
0.59197319
0.51769805
0.61738336
0.68042392
0.62461138
0.50034058
0.56891286
0.52886558
0.59956253
0.59394914
0.60230219
0.62068695
0.59610176
0.57871324
0.52906311
0.47595686
0.51010132
0.49603531
0.53480875
0.54952568
0.47435737
0.50769430
0.49836090
0.49020544
0.56514370
0.47301644
0.60084468
0.50888377
0.51944995
0.52659249
0.49582434
0.47382537
0.52762091
0.52942783
0.50586277
0.54898262
0.50698304
0.45988870
0.57332230
0.53618234
0.53273731
0.52556336
0.50351965
0.51287204
0.42724645
0.45257789
0.52505964
0.45412913
0.50389397
0.53665560
0.50920522
0.51058996
0.46288431
0.54063827
0.49697924
0.54474771
0.44437805
0.52877551
0.46727496
0.53158915
0.53165859
0.59094673
0.63654929
0.56503749
0.51531959
0.57205188
0.56015366
0.52181357
0.50877208
0.57236487
0.49743980
0.55298692
0.52731901
0.49047130
0.56362325
0.52893722
0.55516142
0.55251336
0.47002566
0.51293594
0.51851082
0.43122837
0.50568789
0.49597678
0.48298526
0.53654003
0.44552034
0.48825094
0.54387099
0.55366313
0.46729600
0.48028392
0.45095718
0.51795310
0.48389930
0.47071087
0.51361859
0.47757933
0.50541049
0.44344369
0.51952893
0.47423851
0.44369146
0.52094752
0.54589981
0.49653715
0.52130383
0.51227593
0.57262534
0.55164695
0.56799316
0.55368239
0.59605098
0.56542641
0.52983558
0.48543218
0.56762242
0.47330260
0.61361760
0.57766300
0.49962625
0.55532271
0.55820656
0.49443406
0.52843881
0.53778201
0.49081567
0.48301196
0.56380320
0.57428539
0.55513513
0.48167694
0.55192882
0.51968151
0.54646677
0.50518566
0.50649065
0.48370537
0.53079128
0.48231101
0.52305448
0.52475673
0.55678141
0.44531846
0.51773769
0.47189683
0.49315029
0.54026490
0.52059680
0.51743519
0.52753860
0.45441696
0.50113326
0.42527005
0.46471235
0.53899962
0.54717618
0.54266554
0.49260685
0.47716415
0.49503204
0.50074285
0.50874358
0.44679540
0.56131637
0.46529242
0.58240759
0.57407051
0.50565410
0.39724091
0.51123071
0.48942193
0.51846629
0.44216520
0.51433343
0.52843034
0.45361522
0.54874510
0.57133520
0.57873398
0.54252255
0.54073578
0.53023893
0.58564794
0.51794851
0.54374868
0.51323742
0.46329385
0.53678495
0.51194745
0.53984964
0.54172575
0.51352674
0.44516894
0.49671134
0.53898257
0.54669493
0.58109903
0.54396731
0.57251954
0.57380527
0.56972134
0.54705304
0.54159164
0.58189350
0.62296516
0.57103407
0.53405535
0.56120765
0.54890561
0.45285079
0.53975344
0.53053999
0.51934332
0.51683134
0.53785384
0.50048637
0.53483313
0.45374003
0.55941647
0.56834942
0.51078582
0.50743502
0.54460412
0.46031108
0.53565842
0.55340242
0.56553972
0.54849786
0.51560104
0.59872371
0.55911136
0.64936858
0.69427556
0.57137114
0.62400025
0.67783546
0.70971531
0.65070587
0.67104644
0.53969979
0.58188510
0.47632450
0.63940293
0.68318415
0.59075093
0.54992664
0.59014487
0.49939883
0.59154570
0.57267195
0.52855581
0.55832356
0.52176982
0.50846773
0.48846996
0.55340105
0.62731075
0.64061671
0.56727993
0.58973753
0.59335011
0.57117450
0.61203218
0.64304900
0.55291075
0.59680802
0.59022617
0.55271614
0.64579606
0.65276098
0.60366720
0.55843580
0.58421606
0.57353514
0.57016498
0.53845334
0.55486947
0.53396219
0.50972444
0.53281868
0.54612851
0.53505367
0.52450615
0.54846275
0.54193491
0.52708900
0.55349874
0.49573925
0.52911639
0.58198684
0.51405591
0.56203723
0.59323847
0.58707058
0.54533494
0.61327130
0.53968322
0.57339954
0.62845790
0.56580353
0.58282208
0.58123744
0.52681893
0.47676176
0.49267572
0.52632040
0.55682272
0.48722848
0.55922860
0.52216089
0.54949737
0.53613001
0.55495989
0.49410895
0.53491157
0.51775354
0.55550337
0.48287439
0.52904803
0.51173127
0.54909492
0.47035530
0.53849715
0.48660675
0.47434160
0.52716458
0.49283201
0.48088589
0.49381393
0.55737501
0.57169169
0.53190339
0.56032860
0.48667464
0.53931600
0.53327227
0.58892620
0.48044619
0.51869631
0.58597189
0.48646364
0.56747937
0.56358379
0.60473061
0.62720692
0.66058469
0.59793305
0.56234813
0.50442261
0.54983801
0.55661672
0.52592224
0.54662454
0.49654174
0.52464652
0.54296672
0.48576924
0.54389453
0.55464768
0.50952953
0.48547310
0.52048993
0.50177187
0.52646756
0.48700199
0.52363449
0.45084274
0.52069253
0.52528310
0.49391705
0.53926694
0.45863277
0.51480329
0.47589734
0.51316923
0.53157699
0.50572294
0.50750655
0.52984756
0.46335626
0.54100728
0.52265823
0.57541251
0.52563602
0.54113919
0.53552824
0.52412343
0.47969425
0.58064580
0.53165007
0.48207620
0.57749891
0.57080328
0.48825696
0.55534029
0.55077481
0.60223770
0.55130535
0.55479777
0.52681953
0.47761613
0.54332620
0.52288496
0.47936761
0.56483668
0.50058120
0.55641896
0.53042370
0.50924581
0.50714284
0.48750672
0.47648847
0.46056148
0.48144528
0.49272200
0.43956107
0.47834864
0.49334943
0.51969188
0.49478355
0.49990186
0.51443273
0.50273544
0.48298478
0.47157586
0.51383621
0.44785240
0.43943986
0.49535927
0.43170223
0.48880228
0.48219591
0.48973683
0.45632035
0.51548475
0.59450817
0.56768614
0.52711922
0.54203278
0.52115351
0.49494773
0.52932394
0.51013952
0.47408682
0.51692283
0.50581032
0.52465677
0.51244998
0.56256378
0.53272927
0.60491693
0.55546683
0.57051772
0.56620044
0.52860910
0.51841164
0.50943118
0.56270885
0.53110683
0.55564994
0.59970844
0.57211965
0.51754570
0.56456888
0.60451221
0.53295559
0.46104822
0.56731761
0.49270013
0.56362528
0.49730793
0.46297318
0.55333960
0.51334894
0.47820008
0.53381282
0.43831369
0.48798475
0.47052485
0.55203795
0.48554760
0.48941714
0.47675851
0.51992196
0.53769732
0.50707489
0.52305138
0.48409170
0.50542045
0.50110209
0.51413965
0.54426724
0.52370179
0.61099261
0.53279907
0.50689560
0.54337710
0.58687723
0.49945760
0.54540330
0.57789719
0.53316939
0.56579006
0.56484091
0.51183707
0.52847278
0.49164325
0.50677896
0.55107230
0.47900677
0.53310627
0.48036921
0.45050743
0.50084639
0.48783514
0.47453475
0.53180993
0.48361591
0.53037786
0.51936185
0.57904488
0.62963152
0.59499776
0.52123427
0.58103603
0.57855535
0.58659559
0.56259298
0.62576509
0.61443824
0.64030075
0.66107315
0.60495549
0.61375499
0.68490720
0.72747409
0.71059495
0.68644345
0.73933262
0.62538975
0.69019550
0.69171894
0.68524069
0.64319140
0.56978244
0.54580754
0.61140889
0.57764494
0.61686474
0.60942590
0.56919593
0.63560748
0.66150618
0.57377040
0.60212797
0.51771933
0.59967518
0.51975143
0.56460762
0.60613281
0.55032021
0.47758105
0.56567729
0.46444321
0.54730821
0.46260291
0.55688149
0.52728891
0.48300073
0.56283545
0.57410705
0.62034661
0.50789016
0.55397093
0.52341020
0.50277591
0.54798758
0.52521724
0.50959998
0.53610170
0.56837541
0.53851599
0.55901146
0.59139460
0.61361152
0.54814297
0.60175490
0.63932198
0.59914654
0.65947634
0.57833421
0.72182983
0.62604815
0.47453797
0.56623739
0.57393736
0.50924975
0.55045980
0.57486248
0.58232063
0.54153019
0.60274595
0.67042041
0.61025339
0.55110973
0.59699881
0.50690448
0.51480222
0.48900062
0.57685363
0.51699793
0.52273172
0.56125849
0.52774876
0.54559529
0.54371685
0.53159052
0.60880286
0.57480526
0.52923155
0.59709448
0.50450969
0.58107203
0.59960926
0.55788171
0.53985000
0.63817942
0.53728378
0.62030059
0.63338661
0.63869858
0.65562284
0.52787513
0.60300303
0.68748879
0.62679684
0.63608831
0.71200329
0.63318020
0.69387102
0.54322958
0.53590494
0.57710999
0.55792481
0.62583905
0.68614936
0.65915966
0.63920504
0.59881407
0.58934426
0.63634348
0.67306757
0.60567355
0.51543438
0.58320791
0.55092263
0.51985204
0.55262035
0.53627545
0.56152946
0.53965610
0.58391207
0.54379767
0.46185181
0.51424205
0.57625490
0.47256860
0.47623494
0.49029678
0.56106001
0.55285800
0.48610619
0.51322204
0.54740328
0.47921968
0.51262009
0.48741052
0.55358720
0.62687302
0.62995487
0.52116519
0.52423310
0.60382950
0.63746524
0.65064836
0.53350157
0.69516689
0.63920707
0.59935617
0.69456571
0.62475818
0.58957028
0.69057029
0.68629968
0.75069129
0.62826312
0.72215801
0.81599301
0.67703027
0.66989130
0.54556960
0.62495935
0.58682185
0.57345217
0.60935247
0.65356618
0.60194385
0.55262613
0.61409068
0.53663427
0.61552691
0.53637904
0.56789476
0.53336853
0.59732968
0.63619781
0.58005768
0.58639437
0.56810617
0.59365815
0.61260593
0.55516899
0.64244252
0.66238916
0.55780017
0.61686140
0.65569228
0.56014675
0.57650620
0.52602881
0.55158985
0.57825494
0.58690137
0.51327646
0.59084773
0.56408107
0.51683235
0.48249263
0.57931179
0.48375383
0.58464420
0.66856521
0.67093998
0.65701640
0.63469553
0.74296337
0.74356759
0.68958765
0.69788629
0.69534564
0.55996960
0.62938547
0.55612129
0.50422090
0.60094988
0.56500781
0.59502178
0.53597945
0.57113701
0.48633859
0.54977667
0.57513249
0.54042327
0.50013232
0.56032586
0.52186805
0.53652060
0.47744992
0.57669187
0.50785697
0.54406446
0.56825441
0.53394186
0.48690197
0.58265740
0.58676547
0.55803823
0.59042710
0.59341919
0.65669602
0.57661515
0.53689563
0.70966321
0.70981526
0.59948993
0.67843133
0.64728749
0.48949358
0.56078964
0.63191372
0.69822782
0.53393787
0.56736809
0.55888420
0.48163888
0.52889866
0.50703353
0.55075842
0.52438039
0.51926053
0.57516563
0.62892032
0.61744368
0.55048728
0.63250828
0.64992511
0.63389361
0.53628701
0.65631115
0.64045328
0.56738049
0.67701054
0.70265663
0.64037210
0.73606128
0.67573208
0.69616157
0.63480586
0.69877464
0.62391925
0.75351501
0.72270823
0.65045851
0.62105364
0.62824821
0.56638199
0.62629294
0.61755031
0.62224782
0.63614511
0.60731035
0.59337974
0.57132787
0.66434860
0.66086799
0.61083657
0.64439207
0.61453742
0.57483292
0.63017857
0.65223390
0.64806837
0.67663687
0.64778990
0.66767275
0.70618194
0.70530123
0.74563104
0.74975997
0.70600373
0.75634962
0.71495461
0.72066003
0.64143866
0.71004170
0.73305076
0.74468029
0.70416331
0.65243363
0.70210224
0.74260479
0.74761438
0.86568207
0.81575441
0.83059639
0.87824911
0.76653343
0.81476974
0.77734083
0.80276203
0.68379796
0.70995355
0.75435710
0.68570280
0.77573770
0.76924181
0.74831486
0.71231228
0.64800954
0.65997410
0.73021895
0.73744392
0.65273929
0.68804926
0.64923036
0.64684910
0.73879981
0.75286752
0.77436817
0.61469406
0.64312500
0.70124674
0.60832185
0.62513679
0.68180645
0.73702353
0.71655208
0.74021673
0.77686483
0.72795689
0.74468172
0.79639763
0.83417684
0.67582142
0.71639735
0.68168753
0.75232816
0.64489067
0.72686338
0.72985518
0.73303795
0.72620302
0.73826396
0.83201498
0.81615859
0.72276819
0.81836373
0.82515806
0.83607733
0.81007618
0.88278908
0.89756697
0.87819105
0.88982558
0.88961494
0.88194811
0.83989006
0.85047609
0.84935284
0.86524093
0.89400393
0.82732755
0.85447550
0.78656429
0.85736245
0.87732577
0.85897923
0.86105937
0.87665004
0.88418221
0.87343055
0.81530178
0.86914045
0.89855611
0.89996654
0.89044601
0.89400196
0.89267814
0.91293776
0.91887182
0.87785864
0.90688455
0.89697742
0.89207703
0.90954649
0.91931999
0.91362482
0.90073675
0.90869778
0.92100382
0.92765510
0.91616869
0.93587649
0.95715708
0.95131874
0.93037796
0.94856572
0.95105839
0.95268321
0.95604116
0.95052874
0.95696527
0.95811892
0.94482309
0.96359366
0.95269465
0.96432322
0.96426356
0.93587178
0.95265365
0.95835370
0.96607357
0.94338745
0.95768553
0.97107804
0.96958578
0.96541250
0.97145474
0.96250862
0.97121072
0.96359754
0.97460663
0.96987200
0.96874499
0.97303808
0.95947772
0.96596533
0.96631658
0.97201216
0.97021914
0.96882778
0.96403593
0.96415186
0.96783042
0.96627587
0.96890008
0.96157002
0.95735997
0.95965660
0.97262800
0.97320300
0.96926528
0.96616012
0.96850675
0.97419316
0.96444118
0.96633029
0.95414770
0.97138005
0.96661836
0.97220224
0.97363305
0.97279805
0.96722758
0.96188504
0.96178710
0.96519667
0.97143304
0.96228951
0.95600766
0.96513122
0.96531659
0.96884882
0.97209579
0.96451259
0.95471442
0.94612372
0.95900518
0.96672082
0.97100341
0.96457124
0.96876168
0.96685296
0.96689135
0.96684098
0.96127468
0.94724613
0.96034819
0.96777749
0.96242392
0.97055006
0.96533179
0.96981448
0.95732838
0.93559152
0.93676960
0.96161211
0.95994884
0.95262814
0.95664930
0.95228326
0.95052385
0.94059223
0.93979120
0.95279443
0.95145720
0.96191239
0.96837705
0.96876287
0.96302474
0.96038789
0.95449120
0.95043576
0.95010918
0.95780188
0.96593595
0.96947819
0.96766061
0.96116006
0.96322060
0.96701235
0.96699721
0.96650434
0.96678132
0.96949559
0.96199656
0.96699744
0.96684730
0.96455508
0.96430832
0.96275264
0.96567577
0.97046596
0.96692991
0.96824062
0.96998662
0.96898669
0.97007591
0.96956450
0.96868044
0.97069180
0.96582109
0.96569830
0.96756339
0.96161145
0.95851886
0.95450002
0.95286316
0.95484877
0.95939893
0.96350211
0.96793461
0.97059017
0.96628165
0.96006763
0.96214652
0.96383923
0.96261054
0.95718002
0.95522845
0.95324063
0.95645452
0.96048808
0.96278501
0.96417058
0.96359122
0.96475542
0.96805745
0.96383524
0.96318728
0.96329290
0.96565217
0.96837783
0.97144765
0.97155064
0.97303075
0.97150022
0.96974081
0.97196949
0.97330463
0.97201532
0.97304475
0.96622431
0.96700269
0.96928388
0.97365832
0.97593510
0.97538936
0.97283798
0.97488517
0.96912336
0.95495790
0.96863413
0.97375363
0.97322434
0.97533959
0.97468990
0.96867353
0.96435648
0.96101743
0.96454310
0.97469473
0.97460890
0.97124410
0.96513504
0.96380168
0.96203828
0.96635121
0.96124566
0.97321850
0.97560209
0.96721888
0.97136736
0.96970290
0.97207087
0.97157043
0.97447687
0.97574347
0.97382158
0.97140831
0.97390604
0.97121114
0.97224987
0.96920276
0.96647602
0.96749485
0.96256447
0.96271801
0.96388531
0.96328992
0.96062094
0.96162170
0.96284348
0.96037197
0.95761472
0.95839685
0.95871097
0.96025831
0.96031600
0.96367723
0.96222585
0.95991379
0.95448339
0.95022261
0.95109946
0.95587784
0.95946890
0.95972669
0.95942742
0.96384841
0.96525031
0.96687651
0.96465212
0.95883077
0.96011388
0.96414143
0.96522820
0.96496725
0.96287507
0.96277416
0.96514845
0.95998478
0.95594960
0.94751287
0.95668244
0.95597088
0.96378398
0.96736568
0.96042836
0.96388608
0.96635348
0.96719235
0.96694571
0.96265453
0.96450019
0.96137607
0.96593374
0.96907467
0.97292286
0.97406399
0.97686154
0.97462422
0.97289383
0.97313631
0.97057343
0.97040999
0.96837503
0.96564418
0.96554303
0.96323341
0.96118981
0.95857108
0.95419371
0.95549917
0.95211786
0.95040154
0.94586426
0.93486470
0.92494845
0.92515320
0.93435931
0.94295090
0.95245832
0.95193380
0.95168948
0.94526303
0.95120871
0.94866443
0.93882257
0.93898171
0.94066954
0.94066221
0.94516617
0.94402075
0.94797081
0.94621325
0.94345462
0.93972981
0.93777633
0.93973792
0.94397265
0.94470531
0.94459671
0.94887477
0.95039380
0.95679289
0.96260381
0.96555084
0.96626240
0.96711552
0.96789759
0.96874309
0.96976423
0.96744084
0.96724975
0.96550339
0.96725768
0.96874464
0.96932554
0.96813911
0.96397072
0.96514046
0.96764684
0.97262090
0.97239053
0.97117561
0.96898907
0.96611953
0.96823502
0.96844316
0.96811378
0.96672350
0.96816552
0.97156334
0.96935332
0.97091550
0.96845096
0.97150856
0.97030354
0.97193390
0.97439235
0.97397161
0.97022396
0.96916693
0.96735328
0.96920300
0.97113198
0.97220343
0.96939248
0.96842146
0.96495348
0.96628010
0.96652293
0.96526027
0.96514624
0.96594495
0.96569300
0.96342587
0.96230268
0.96148568
0.96067142
0.96055627
0.95910639
0.95900035
0.95790797
0.95762068
0.95508903
0.95670986
0.95627141
0.95524740
0.95344776
0.95434225
0.95470631
0.95724875
0.95810831
0.95442843
0.95324332
0.95589995
0.95957196
0.95454931
0.94900292
0.94463551
0.94589198
0.94819927
0.94842345
0.95329708
0.96385527
0.96977466
0.97246450
0.96629280
0.95792425
0.95229733
0.95906174
0.95981097
0.95812798
0.95431226
0.95799792
0.95981508
0.96325296
0.96446335
0.95597064
0.95203024
0.93942630
0.94305468
0.94976884
0.95247602
0.95785058
0.95677555
0.95148385
0.94123095
0.94154209
0.94797683
0.94598800
0.95357978
0.95759141
0.96299201
0.96008068
0.95848787
0.95022619
0.93719137
0.93696100
0.93466204
0.94857723
0.96050930
0.96427023
0.96036756
0.94968581
0.93700612
0.94050419
0.95773822
0.96237081
0.96458179
0.96261674
0.95068008
0.94331247
0.95851260
0.96542835
0.96486306
0.95544517
0.96581560
0.95351976
0.94256818
0.95713896
0.96218425
0.96272844
0.95864022
0.95493996
0.94299984
0.94983757
0.95409596
0.95875549
0.96070313
0.96250606
0.95135254
0.94550967
0.93550438
0.93862814
0.95544243
0.95117325
0.95338535
0.95251900
0.94536602
0.92165309
0.89880949
0.86153734
0.90374410
0.91745234
0.94560641
0.92575353
0.91352892
0.93433017
0.94588673
0.94826281
0.95024931
0.93229616
0.94086581
0.91893715
0.89530188
0.89522982
0.93475580
0.94282573
0.92444468
0.90119946
0.92368400
0.92617399
0.92937773
0.92829907
0.94828558
0.94418448
0.94600195
0.92651957
0.91829437
0.85936975
0.88321346
0.91682202
0.90992975
0.90750366
0.87640977
0.89731598
0.91863328
0.88824672
0.91301703
0.91632408
0.93341643
0.93483782
0.87855476
0.90800935
0.91449255
0.92005169
0.93086469
0.90639973
0.87892425
0.79075217
0.79066086
0.88645381
0.90834779
0.85498774
0.82621825
0.78185773
0.78510696
0.77710885
0.64866990
0.73026079
0.76159954
0.81269461
0.77397937
0.78961480
0.74425548
0.68272829
0.65834528
0.71930903
0.64043742
0.76793623
0.77410662
0.77558291
0.77882528
0.79071051
0.76927412
0.70736474
0.76469892
0.73226273
0.74582732
0.73298442
0.72868621
0.77851486
0.76070195
0.71289128
0.69043928
0.71173292
0.69179630
0.64540571
0.76970136
0.79233235
0.81048363
0.77187955
0.63540357
0.69362789
0.78571546
0.76811814
0.71202075
0.55014604
0.60012937
0.64478540
0.62558919
0.66355467
0.59469777
0.63633049
0.64807951
0.61424595
0.66440874
0.62917334
0.65387905
0.58617812
0.59369963
0.57361209
0.51687211
0.59091997
0.60184783
0.59735245
0.59391725
0.62983030
0.61603910
0.65710068
0.65521020
0.66313714
0.53343797
0.61635768
0.64555633
0.68328464
0.60111058
0.57062662
0.55367643
0.57795393
0.60164011
0.62365419
0.64832985
0.53614825
0.59100908
0.54063433
0.56446874
0.60519272
0.62750602
0.65963399
0.65135694
0.60836047
0.55209923
0.61441624
0.64702249
0.73202956
0.69593972
0.58145839
0.61824876
0.62339199
0.60433167
0.56037557
0.64766842
0.60948974
0.65463507
0.73032045
0.73253173
0.77816558
0.66710287
0.64541090
0.61496878
0.63142878
0.63429451
0.53405815
0.57774240
0.45502076
0.55624199
0.60298795
0.62732649
0.62727213
0.59651875
0.60199451
0.51713294
0.59754562
0.58435565
0.63355660
0.55567145
0.61159122
0.57446069
0.57911628
0.62899685
0.62536716
0.51426727
0.57390708
0.57302803
0.54567450
0.53953093
0.57483190
0.48924908
0.50927359
0.52645278
0.52775383
0.51696050
0.52799916
0.57128316
0.59509403
0.61467069
0.61375707
0.60512388
0.52174604
0.54678452
0.56122339
0.61297697
0.56656563
0.60992593
0.58258462
0.56034017
0.53492987
0.57423186
0.61830652
0.66202503
0.61193621
0.69259512
0.62912756
0.54888284
0.57402951
0.65416801
0.61778599
0.55169654
0.59846187
0.59218591
0.58950073
0.47514322
0.52899331
0.54504681
0.53249300
0.56358844
0.59392434
0.55355084
0.57606477
0.60391045
0.55792141
0.58654225
0.55012548
0.56890887
0.57407582
0.58195817
0.63687754
0.56604123
0.58675313
0.55187434
0.59596139
0.55601293
0.57781118
0.56665885
0.48433664
0.54945666
0.52056891
0.54560935
0.57085991
0.54973620
0.51140290
0.54872823
0.50478816
0.52068156
0.48098934
0.48711866
0.54899013
0.49096498
0.54520959
0.50726557
0.51043427
0.52841973
0.50285035
0.55895525
0.51066500
0.52821440
0.55095452
0.50580716
0.56693345
0.51575947
0.51193058
0.58385384
0.63301498
0.58413929
0.57029808
0.51927501
0.58915305
0.55390328
0.48131996
0.56614101
0.53323454
0.50923657
0.53986889
0.50639558
0.48471636
0.56489527
0.52288938
0.61720777
0.54325956
0.61941093
0.60643488
0.50519955
0.61818981
0.53715998
0.59898686
0.63023317
0.57343662
0.71661454
0.59894228
0.60911262
0.66605592
0.57473993
0.71091455
0.59232855
0.53220236
0.49757966
0.58695662
0.56200832
0.46434075
0.54963136
0.49002713
0.53168833
0.54134434
0.47867817
0.52659494
0.49466312
0.58680332
0.54433519
0.53938657
0.57387054
0.56147295
0.55338669
0.60935527
0.69997132
0.68944824
0.65008485
0.65950519
0.72493708
0.71365416
0.75618333
0.69723827
0.67016393
0.55867988
0.57086062
0.47464412
0.54146874
0.56045979
0.55433291
0.49556458
0.51457906
0.55067372
0.47760630
0.54839092
0.53619826
0.47438323
0.53047180
0.51385945
0.48181814
0.53760833
0.48851526
0.50689864
0.57278764
0.54114389
0.63855946
0.58951604
0.64692473
0.65943491
0.71831340
0.73488176
0.67674607
0.74403226
0.63461369
0.61343175
0.57724768
0.55894423
0.59877467
0.51365817
0.61556411
0.63890791
0.75086415
0.70836449
0.70878339
0.70119685
0.78446972
0.74137759
0.74688172
0.77332717
0.69147694
0.73893857
0.70875680
0.75281131
0.74123234
0.73915130
0.73412967
0.69361371
0.71270025
0.64311934
0.66814548
0.58645725
0.57751775
0.62706459
0.66317856
0.67429292
0.60611850
0.59995729
0.68641567
0.72095448
0.61641705
0.57996035
0.65146911
0.63510913
0.53651202
0.72253025
0.66840518
0.63290149
0.50820416
0.59952658
0.60564178
0.67179668
0.72639507
0.78999531
0.62658471
0.58026981
0.70356572
0.72733438
0.66915369
0.59091985
0.65180665
0.66240531
0.74329269
0.61466336
0.61078227
0.52955967
0.61488420
0.72064692
0.69761896
0.67619580
0.61274666
0.66981918
0.61846191
0.57256687
0.56919664
0.59737080
0.54351002
0.60389328
0.64093661
0.59596854
0.62851554
0.61220670
0.59495753
0.59760058
0.55256891
0.60297555
0.60686660
0.60703921
0.61874789
0.64830387
0.65144694
0.60905796
0.63100213
0.64510947
0.66122299
0.54709828
0.59969747
0.69340408
0.72274494
0.66702658
0.69151449
0.58460313
0.64147210
0.67769617
0.64850801
0.60592729
0.52583754
0.63712907
0.64092803
0.54429388
0.59639192
0.55101645
0.58985263
0.56089514
0.63143456
0.70334643
0.64686632
0.68713033
0.73254484
0.69228894
0.63518453
0.65435129
0.65773094
0.75293690
0.68739599
0.67506438
0.73728329
0.73413521
0.68746167
0.72718549
0.60685974
0.71173209
0.67974788
0.66404575
0.67174774
0.72151756
0.77998316
0.71745455
0.71772730
0.69087577
0.67376637
0.66738236
0.72708613
0.67759621
0.58327872
0.71017456
0.67655128
0.68050086
0.71854270
0.60398239
0.62621707
0.63312382
0.59169698
0.70902961
0.73912060
0.69196618
0.67814779
0.77930337
0.77701998
0.63541371
0.73777986
0.68487316
0.75531566
0.81114250
0.77635878
0.74300516
0.82669586
0.72776306
0.66679591
0.74346316
0.70849514
0.81901973
0.77354938
0.71923387
0.74093837
0.68907845
0.66865379
0.72969353
0.72667098
0.71221393
0.69475371
0.65473390
0.77941853
0.85142958
0.77123791
0.84762883
0.76852566
0.78052181
0.75815505
0.70193571
0.80546695
0.84523779
0.86543906
0.87432146
0.82204956
0.85441297
0.87467235
0.78915733
0.77270466
0.87286007
0.88135505
0.82867831
0.81203097
0.86982787
0.89220476
0.88838458
0.81402624
0.85381788
0.87696183
0.79271764
0.87291443
0.81427145
0.77965742
0.81612575
0.82518202
0.81761134
0.82865715
0.82586688
0.85527539
0.80217218
0.87300855
0.89024770
0.86562777
0.84276372
0.85618001
0.90835935
0.90520209
0.84250456
0.91544074
0.88986963
0.91631669
0.90915269
0.92863417
0.90259773
0.93188596
0.90731782
0.90285587
0.92881709
0.93013752
0.91435176
0.89153653
0.93235397
0.92698866
0.91457051
0.90486199
0.91552335
0.94490331
0.94482255
0.93318719
0.94904447
0.91501850
0.94078189
0.94368094
0.95265061
0.93746400
0.94891191
0.95075434
0.94448447
0.94068581
0.94897157
0.94975936
0.95564026
0.95330715
0.96009660
0.96829623
0.95669001
0.96909696
0.96327740
0.95760804
0.96193004
0.95657873
0.96693534
0.96002400
0.96386302
0.96895480
0.97184461
0.96680921
0.97138840
0.96896893
0.96883941
0.97060806
0.97032744
0.96996045
0.96640164
0.96493715
0.96348375
0.96619654
0.96887064
0.96105987
0.96569121
0.95467758
0.95489711
0.95229870
0.96170825
0.96206373
0.96515179
0.96100634
0.96021861
0.95634437
0.94871217
0.95282823
0.95774645
0.95021957
0.95853716
0.96133649
0.95969218
0.95810455
0.95633715
0.95929271
0.95456135
0.96142465
0.95850098
0.96421987
0.96303481
0.96706992
0.96137673
0.96357197
0.96162522
0.96628970
0.96870071
0.96596956
0.96528840
0.95823622
0.95487690
0.96130919
0.96854389
0.96296406
0.96913147
0.96530205
0.96754551
0.96711737
0.96823084
0.97149998
0.97069532
0.96727252
0.96456039
0.96581173
0.96648049
0.96590573
0.96675116
0.96725881
0.96302056
0.96311730
0.96526659
0.96021819
0.96462005
0.95936447
0.96270114
0.95971006
0.95787561
0.95730257
0.96034098
0.95873618
0.95591640
0.95928276
0.95981234
0.96009785
0.96351719
0.96144438
0.96172357
0.96508062
0.95845509
0.95947343
0.96552616
0.96774143
0.96786052
0.96629500
0.97004974
0.96309519
0.96776271
0.96449918
0.96191889
0.95762062
0.96111578
0.95797372
0.95497048
0.95344985
0.95197701
0.95903796
0.96156031
0.95857525
0.96013016
0.96097761
0.96041715
0.95952129
0.95908028
0.96028060
0.96100217
0.95995694
0.95910341
0.95986086
0.95805269
0.96023440
0.96171904
0.96380788
0.96142673
0.96151412
0.96049976
0.95634413
0.95674533
0.95454443
0.95183980
0.95394510
0.94852597
0.94838250
0.95132059
0.95373666
0.95271546
0.95232695
0.95295244
0.94858140
0.94653684
0.94786340
0.94517994
0.94890076
0.94121492
0.94377190
0.94903976
0.95119429
0.95005655
0.94990271
0.95337659
0.95262283
0.95205510
0.95341581
0.95046747
0.95099610
0.95331311
0.95599830
0.96079212
0.96629637
0.96788645
0.96679205
0.96563828
0.96390194
0.96399266
0.96333098
0.96367371
0.96147513
0.96263760
0.96311992
0.96305126
0.96346265
0.96041250
0.96040684
0.95896888
0.95952445
0.95756233
0.95924622
0.95666718
0.95777828
0.96084166
0.95590442
0.95723081
0.95581567
0.95594865
0.95397323
0.95446277
0.95832139
0.96412635
0.96679246
0.96511781
0.96524286
0.95950866
0.95530927
0.95882976
0.95979661
0.95727158
0.96428794
0.97217882
0.97316653
0.97406346
0.97165167
0.97304487
0.97103781
0.96881312
0.96708751
0.96918607
0.96804684
0.96746796
0.96890074
0.96820128
0.96431720
0.96425015
0.96292901
0.96143931
0.95948887
0.96050447
0.96256846
0.96038604
0.96050048
0.96189374
0.96022606
0.96298707
0.96128494
0.96093082
0.96331793
0.96258843
0.96475685
0.96417588
0.96398234
0.96390688
0.96576834
0.97082180
0.97065866
0.97153205
0.97027797
0.96959609
0.96945232
0.97182387
0.97177380
0.97068226
0.96835035
0.96271199
0.95610160
0.96229529
0.96738774
0.96919048
0.96815187
0.96542358
0.96397942
0.96464878
0.96678567
0.96840578
0.97198761
0.97213835
0.96501279
0.96998322
0.96482807
0.96526593
0.97002846
0.97080493
0.96911120
0.96568000
0.96445090
0.96864331
0.97070026
0.97084481
0.96923649
0.97046870
0.96945310
0.97065789
0.96719676
0.96279967
0.95497954
0.95550591
0.96552128
0.96740347
0.96881527
0.97029853
0.96945041
0.96704626
0.96702254
0.96009529
0.95121986
0.94768101
0.96653974
0.96473652
0.96721286
0.96699131
0.96738911
0.96458769
0.96391821
0.96070707
0.96052516
0.95427090
0.95617878
0.96423262
0.96758187
0.96907824
0.96755087
0.96564716
0.96607190
0.96298981
0.96356547
0.96475053
0.96654487
0.96842593
