0.82500000
0.82500000
0.82500000
0.82500000
0.82500000
0.82500000
0.82500000
0.82500000
0.82500000
0.82500000
0.82500000
0.82500000
0.82500000
0.82500000
0.82500000
0.82500000
0.82500000
0.82500000
0.82500000
0.82500000
0.82500000
0.82500000
0.82500000
0.82500000
0.82500000
0.82500000
0.82500000
0.82500000
0.82500000
0.82500000
0.82500000
0.82500000
0.82500000
0.82500000
0.82500000
0.82500000
0.82500000
0.82500000
0.82500000
0.82500000
0.82500000
0.82500000
0.82500000
0.82500000
0.82500000
0.82500000
0.82500000
0.82500000
0.82500000
0.82500000
0.82500000
0.82500000
0.82500000
0.82500000
0.82500000
0.82500000
0.82500000
0.82500000
0.82500000
0.82500000
0.82500000
0.82500000
0.82500000
0.81547542
0.81505819
0.81485462
0.81459228
0.81450292
0.81547197
0.81560803
0.81562343
0.81566150
0.81567523
0.81496201
0.81502996
0.81500255
0.81526369
0.81446014
0.81406648
0.81327823
0.81317133
0.81384836
0.81399806
0.81415937
0.81470699
0.81468142
0.81346657
0.81449758
0.81597676
0.81603373
0.81630952
0.81599917
0.81591057
0.81657994
0.81678901
0.81625598
0.81611497
0.81546805
0.81549296
0.81531452
0.81500670
0.81431029
0.81395595
0.81337273
0.81273760
0.81229729
0.81250135
0.81187660
0.81146774
0.81173610
0.81242773
0.81286227
0.81293553
0.81227660
0.81229874
0.81437840
0.81389970
0.81360244
0.81152387
0.80900601
0.81249983
0.81220624
0.80949193
0.80908139
0.80890006
0.80701330
0.80429767
0.80536882
0.80609021
0.81023396
0.81176707
0.81220831
0.81337741
0.81374307
0.81410235
0.81421378
0.81434219
0.81389474
0.81408171
0.81298689
0.81321959
0.81208987
0.81112214
0.81102390
0.81128551
0.81051738
0.81088818
0.81142260
0.81133429
0.81313487
0.81349593
0.81379979
0.81319562
0.81256229
0.81323592
0.81296842
0.81481013
0.81448385
0.81482688
0.81531415
0.81517684
0.81515956
0.81443671
0.81447449
0.81419483
0.81416316
0.81419104
0.81417829
0.81431944
0.81440082
0.81512883
0.81441202
0.81463291
0.81434280
0.81422033
0.81340488
0.81335129
0.81341259
0.81316570
0.81295645
0.81310644
0.81292976
0.81347323
0.81413453
0.81450187
0.81381948
0.81380728
0.81309655
0.81357796
0.81331996
0.81340109
0.81364948
0.81294712
0.81164889
0.81024240
0.80935189
0.80801500
0.80716406
0.80594539
0.80651085
0.80770791
0.80892992
0.80929853
0.80866156
0.80708778
0.80602301
0.80659831
0.80683222
0.80713427
0.80746751
0.80815237
0.80795256
0.80857219
0.80845181
0.80956358
0.80990197
0.81022604
0.81149751
0.81011653
0.80852750
0.80921055
0.80957108
0.80992064
0.81035120
0.80923129
0.80995032
0.81135553
0.81052126
0.81077578
0.81286719
0.81435367
0.81488700
0.81544003
0.81596412
0.81568862
0.81560910
0.81447886
0.81395677
0.81426923
0.81525720
0.81507813
0.81548077
0.81560192
0.81553191
0.81499670
0.81469333
0.81597447
0.81541918
0.81590740
0.81578176
0.81578146
0.81640733
0.81536774
0.81606707
0.81497455
0.81520146
0.81601751
0.81622410
0.81520863
0.81484337
0.81388108
0.81541550
0.81519066
0.81544835
0.81517273
0.81449588
0.81010020
0.81071715
0.81155094
0.81066130
0.80837267
0.80795900
0.80516837
0.80572690
0.80691862
0.80872527
0.80904906
0.80921184
0.81025223
0.81227943
0.81455390
0.81584508
0.81519728
0.81574010
0.81493823
0.81569594
0.81642766
0.81562091
0.81543352
0.81521355
0.81575911
0.81282367
0.81327522
0.81483089
0.81500923
0.81510342
0.81526412
0.81580165
0.81582706
0.81618419
0.81519197
0.81616852
0.81579809
0.81640565
0.81559249
0.81452318
0.81590862
0.81620242
0.81522573
0.81566555
0.81409739
0.81097686
0.81375632
0.81383520
0.81516098
0.81403003
0.81382561
0.81559124
0.81427520
0.80928333
0.80805123
0.81315461
0.81125343
0.81164805
0.81102553
0.80972350
0.80739838
0.80635516
0.80513161
0.80726354
0.80928851
0.81226414
0.81080816
0.80659170
0.80656736
0.81214988
0.81276941
0.81419642
0.81244780
0.81360337
0.81325901
0.81438135
0.81375430
0.81528622
0.81658503
0.81561028
0.81495423
0.81598484
0.81566849
0.81594542
0.81548047
0.81520207
0.81495724
0.81423179
0.81405594
0.81337897
0.81085902
0.81080847
0.81036513
0.81026099
0.80979964
0.80944117
0.80919492
0.80877299
0.81072131
0.81144013
0.81275738
0.81379799
0.81503461
0.81572650
0.81664841
0.81615491
0.81608342
0.81415801
0.81453318
0.81401569
0.81222398
0.81548533
0.81353434
0.81391302
0.81182898
0.81339649
0.81347296
0.81166597
0.81073379
0.81160204
0.81286234
0.81426460
0.81441786
0.81435328
0.81402860
0.81604566
0.81661223
0.81677858
0.81646231
0.81491944
0.81402833
0.81517957
0.81580932
0.81577501
0.81524810
0.81515034
0.81535002
0.81512405
0.81427438
0.81479647
0.81571126
0.81583539
0.81528760
0.81340925
0.81327247
0.81224352
0.81188659
0.81170769
0.81153502
0.81137770
0.81032492
0.81000645
0.80890682
0.80939838
0.80960416
0.81043473
0.81062270
0.81074081
0.81144156
0.81241658
0.81321497
0.81358130
0.81192675
0.81024333
0.80803299
0.80732006
0.80798989
0.80897995
0.80970959
0.80982204
0.80994462
0.81053426
0.81051155
0.80991646
0.80872655
0.80817787
0.80800154
0.80800711
0.80749903
0.80640601
0.80772309
0.80786227
0.80861269
0.80922706
0.80983531
0.80840512
0.80874776
0.80792327
0.80780445
0.80841252
0.80822203
0.80902380
0.80934478
0.81030936
0.81008869
0.80953449
0.80951606
0.80780280
0.80738007
0.80706604
0.80984514
0.81117502
0.81301725
0.81355099
0.81463777
0.81470920
0.81516985
0.81478289
0.81487965
0.81486824
0.81473165
0.81493596
0.81460442
0.81457499
0.81483225
0.81449230
0.81381978
0.81346548
0.81519697
0.81494211
0.81378018
0.81508906
0.81570498
0.81589056
0.81566471
0.81491666
0.81508505
0.81432273
0.81515772
0.81511583
0.81422106
0.81405387
0.81366584
0.81416288
0.81404942
0.81431801
0.81484156
0.81427944
0.81416835
0.81411529
0.81383493
0.81378028
0.81429752
0.81419145
0.81459965
0.81390828
0.81420488
0.81376521
0.81460485
0.81406728
0.81441833
0.81371580
0.81390195
0.81386982
0.81336284
0.81395692
0.81368358
0.81356267
0.81328150
0.81260803
0.81272323
0.81284993
0.81276873
0.81251714
0.81266724
0.81238264
0.81212291
0.81137506
0.81080496
0.81148437
0.81235051
0.81241037
0.81287338
0.81206194
0.81122855
0.81052253
0.81035637
0.81009033
0.80979808
0.80931160
0.80934132
0.80780162
0.80722597
0.80731882
0.80690390
0.80714584
0.80704603
0.80706546
0.80748777
0.80877230
0.80914957
0.80929236
0.80877330
0.80833969
0.80673115
0.80437587
0.80315362
0.80281220
0.80295156
0.80272363
0.80354832
0.80510201
0.80644126
0.80800654
0.80840119
0.80948165
0.81089981
0.81135501
0.81090590
0.81135330
0.81108792
0.81154658
0.81192926
0.81231608
0.81240975
0.81169263
0.81085358
0.81106460
0.81102500
0.81118718
0.81021284
0.80813602
0.80855117
0.80815424
0.80915481
0.80961521
0.81048204
0.80996516
0.80972932
0.80861319
0.80968065
0.81107660
0.81096695
0.81092205
0.81093378
0.81067531
0.81061381
0.81067148
0.81010700
0.80980092
0.81013099
0.81054495
0.81089779
0.81154354
0.81160238
0.81194138
0.81145978
0.81106587
0.81057683
0.81136574
0.81157470
0.81226582
0.81275327
0.81319436
0.81249308
0.81106623
0.81058908
0.81084951
0.81267970
0.81295134
0.81325756
0.81325808
0.81321745
0.81372664
0.81331025
0.81206281
0.81303129
0.81341983
0.81394978
0.81389943
0.81248267
0.81225804
0.81186508
0.81288883
0.81397639
0.81387681
0.81395765
0.81416450
0.81422644
0.81447213
0.81408634
0.81374095
0.81323478
0.81350865
0.81372571
0.81377846
0.81365004
0.81368948
0.81359473
0.81351539
0.81324794
0.81229815
0.81208053
0.81210006
0.81283945
0.81253610
0.81297839
0.81349300
0.81373821
0.81356671
0.81347616
0.81301761
0.81285056
0.81233171
0.81190563
0.81150672
0.81110929
0.81051686
0.80999957
0.81219781
0.81292239
0.81325566
0.81354754
0.81392264
0.81370076
0.81374933
0.81362035
0.81335855
0.81381757
0.81352624
0.81343144
0.81307864
0.81250947
0.81185435
0.81231809
0.81325890
0.81340383
0.81351367
0.81356952
0.81350888
0.81352395
0.81331129
0.81371366
0.81399314
0.81348032
0.81382588
0.81398147
0.81391395
0.81344858
0.81360737
0.81352088
0.81348082
0.81340383
0.81365272
0.81358904
0.81342191
0.81343160
0.81407876
0.81378316
0.81387588
0.81371233
0.81376398
0.81398488
0.81378207
0.81436592
0.81376771
0.81395171
0.81438532
0.81397841
0.81378565
0.81303139
0.81201489
0.81156208
0.81066297
0.81011526
0.81069798
0.80984954
0.80979679
0.80986923
0.80973628
0.80905593
0.80804282
0.80758892
0.80701148
0.80739391
0.80725674
0.80694455
0.80686548
0.80614723
0.80657499
0.80525939
0.80465072
0.80440208
0.80229857
0.79963809
0.80204614
0.80222327
0.79980111
0.79707990
0.80044568
0.80049076
0.79988025
0.79855608
0.79566854
0.79139909
0.78617669
0.78884915
0.79457590
0.80195875
0.80750926
0.80930264
0.81023825
0.81129352
0.81023347
0.81213570
0.81184110
0.81330782
0.81231789
0.81111749
0.81098213
0.81191933
0.81337947
0.81199522
0.81327000
0.81355902
0.81034153
0.81123733
0.81087232
0.81104772
0.81271277
0.81235346
0.81252927
0.81331778
0.81281503
0.81335932
0.81213638
0.81294978
0.81216917
0.81143321
0.81134509
0.81184108
0.81227188
0.81285413
0.81288922
0.81164636
0.81333863
0.81380448
0.81381442
0.81402133
0.81473542
0.81439494
0.81417911
0.81465518
0.81338092
0.81435721
0.81278011
0.81329008
0.81328409
0.81342112
0.80288207
0.80821547
0.80347552
0.80429138
0.80445185
0.80348504
0.80184894
0.79728196
0.79486027
0.79630510
0.80056107
0.79807343
0.79703035
0.80196117
0.80406988
0.80543971
0.80719514
0.80748888
0.80842602
0.80805103
0.79969499
0.80383662
0.80198777
0.79577361
0.79849854
0.80140826
0.79382824
0.79739344
0.79947851
0.80055760
0.79873685
0.79783963
0.80181983
0.80335890
0.79740940
0.79484707
0.80028185
0.79875101
0.79990647
0.80078427
0.79586728
0.79256002
0.79816961
0.79896591
0.78894553
0.77256541
0.76345855
0.78062074
0.78674909
0.78385103
0.76699027
0.75681973
0.75816296
0.77059212
0.77652138
0.76874801
0.76098515
0.75156162
0.75860755
0.76774811
0.78082493
0.77918998
0.77310898
0.76000231
0.75695388
0.77392411
0.77283917
0.78209996
0.76843504
0.76813822
0.77990461
0.77456732
0.76977616
0.78255789
0.78381066
0.78923106
0.78436698
0.78199096
0.76829152
0.75356628
0.75841513
0.74749914
0.71957517
0.74108536
0.76233834
0.73347750
0.73845960
0.73243119
0.72619933
0.73706371
0.72962839
0.72166264
0.74184787
0.72550490
0.72315300
0.73764635
0.71537384
0.71110277
0.71532067
0.72957380
0.72455803
0.71985914
0.71547216
0.73324227
0.71835550
0.70662137
0.72074196
0.72237759
0.70368900
0.71337957
0.71309786
0.71418454
0.72134993
0.73507975
0.73040857
0.72684901
0.74297968
0.74174502
0.75451464
0.75581378
0.75389312
0.73894181
0.72876851
0.73465932
0.76424176
0.74612619
0.75767391
0.76044343
0.76900744
0.75750715
0.77121856
0.77348233
0.77375967
0.76881305
0.75197894
0.76211167
0.76040488
0.74569302
0.75138057
0.74111513
0.75082013
0.75285657
0.73609659
0.70354053
0.72396886
0.73674611
0.71005111
0.71810723
0.72270777
0.73386796
0.70827699
0.72532933
0.74775821
0.74532317
0.73378267
0.75442532
0.75197285
0.72899995
0.75233490
0.75063070
0.73228312
0.74335896
0.73914617
0.74770267
0.74870768
0.71991743
0.72057268
0.71537778
0.71343074
0.71713165
0.71324270
0.69777076
0.71958438
0.70628393
0.71759303
0.71052396
0.71317858
0.73594474
0.73111659
0.72274234
0.74238895
0.74904485
0.72553012
0.73995042
0.73118294
0.73144691
0.73544619
0.72055360
0.73130552
0.74659810
0.71728928
0.73436501
0.74428616
0.72790992
0.73238894
0.73343160
0.73300502
0.71794687
0.72123390
0.72738229
0.73650693
0.72492415
0.73560768
0.74161173
0.74404292
0.73683422
0.74348459
0.74621460
0.75238329
0.75973966
0.76578988
0.75205586
0.75883214
0.75958273
0.77217125
0.78301783
0.76409708
0.75665488
0.74924864
0.74171081
0.74345162
0.74338312
0.73313509
0.73034284
0.71408778
0.72646417
0.73884997
0.73398509
0.72822838
0.74205233
0.74633546
0.75064638
0.74981834
0.73129429
0.74182311
0.74807077
0.75448861
0.76360822
0.76067846
0.74521501
0.73370590
0.73395925
0.73126697
0.73970318
0.75996473
0.73178065
0.74131002
0.72834730
0.73072788
0.73018041
0.73511918
0.73692423
0.74317369
0.72567276
0.72219599
0.71905389
0.72900860
0.74212641
0.73341014
0.74403246
0.71360686
0.72142317
0.73945627
0.74141978
0.74094779
0.72835248
0.72662510
0.74812621
0.72276154
0.72993085
0.73016501
0.73966940
0.73897796
0.71479726
0.72044814
0.74216495
0.73994315
0.73677483
0.73889725
0.74876838
0.76156395
0.75779026
0.75007651
0.75817013
0.73302165
0.71567774
0.72797127
0.72376385
0.73245717
0.73340823
0.73367477
0.72766911
0.73199723
0.73361428
0.73926424
0.73797258
0.75476943
0.75786570
0.77094494
0.73616527
0.75286573
0.75303855
0.74590278
0.74798784
0.75292951
0.75204704
0.75390801
0.76268220
0.74859814
0.76318937
0.76352218
0.75797063
0.74025335
0.76126505
0.76868506
0.74575835
0.75557497
0.73435139
0.74875624
0.72920281
0.75452101
0.73343203
0.75092871
0.74546678
0.74081089
0.73685210
0.75786372
0.75591232
0.75799105
0.75478422
0.71886170
0.69825593
0.72546585
0.73389017
0.73821611
0.74740303
0.71115251
0.72282775
0.73759995
0.72705172
0.73241573
0.74791591
0.74849634
0.76125913
0.74085968
0.72793878
0.71289924
0.73079279
0.73194868
0.71814297
0.70760817
0.72583829
0.73161249
0.73133592
0.72564814
0.74399305
0.74717256
0.73195031
0.75089749
0.75580325
0.75645526
0.76047894
0.75565295
0.73630623
0.73448179
0.72168292
0.71035775
0.71655745
0.72484843
0.73500291
0.74586607
0.75659040
0.73432785
0.72877507
0.72702917
0.74039042
0.74614268
0.76774973
0.76953092
0.76804081
0.74594182
0.73216231
0.74491882
0.74111177
0.72213585
0.72280995
0.72845178
0.72632178
0.73005275
0.70698257
0.70594565
0.70522165
0.70739906
0.70221153
0.70775701
0.70881375
0.70849475
0.70747046
0.69310421
0.71810655
0.72433503
0.71165192
0.72056428
0.71426141
0.73522115
0.74341863
0.74860638
0.75260162
0.76201127
0.76615318
0.76037244
0.77120261
0.75146300
0.73220569
0.73475148
0.75916732
0.74768347
0.75095045
0.75093151
0.74266852
0.72471487
0.73640544
0.72475510
0.74834096
0.73074800
0.72032715
0.73878230
0.71176491
0.72312636
0.72815934
0.70807459
0.74413335
0.73940751
0.73837591
0.72563721
0.72643499
0.72043859
0.73592273
0.74181399
0.73187968
0.72808660
0.72153602
0.73303735
0.72571065
0.73281814
0.73909466
0.76104670
0.74891794
0.74402021
0.74604925
0.75098258
0.75945822
0.75184470
0.73925888
0.74375948
0.74665638
0.74837507
0.72818592
0.72540945
0.73572729
0.73986586
0.72642084
0.72696996
0.73097193
0.71693698
0.70383080
0.71230382
0.73542293
0.70255950
0.71092626
0.70959018
0.71377546
0.70281658
0.69889811
0.70012507
0.71089715
0.71577190
0.71393269
0.72037420
0.72130432
0.72263648
0.73909877
0.74009018
0.73624307
0.73794435
0.71523262
0.71539727
0.73230459
0.74838326
0.71829189
0.71521053
0.71955739
0.71965846
0.72619497
0.71105813
0.72279282
0.72540175
0.72197290
0.71101543
0.71907669
0.71179680
0.71275985
0.70736950
0.71353234
0.72567387
0.72550217
0.72653966
0.71491014
0.72936990
0.71340830
0.72880189
0.72735209
0.75230886
0.73739587
0.72989901
0.70161509
0.71860648
0.71811120
0.72289342
0.72522697
0.72869872
0.71570549
0.70859152
0.72769448
0.74233114
0.74141874
0.72531461
0.72401163
0.71960403
0.72355448
0.74175251
0.73413209
0.72406672
0.73178147
0.71189611
0.72569228
0.71584164
0.70881676
0.71767795
0.70456960
0.70411481
0.71062145
0.69968090
0.68512854
0.71069196
0.71176651
0.70798677
0.69575787
0.71153541
0.70701014
0.71407462
0.70974492
0.70308589
0.73500935
0.72417045
0.72674696
0.70653752
0.70311761
0.71156539
0.70613320
0.71940349
0.72654789
0.72555943
0.73161278
0.72662146
0.71867857
0.71268500
0.71405652
0.74198145
0.75497319
0.74024110
0.73263920
0.72568778
0.73538436
0.73137161
0.73025290
0.74140187
0.74000383
0.72056832
0.71687102
0.71906143
0.72477261
0.71632481
0.71280920
0.69324730
0.69254558
0.69980612
0.68733416
0.69108989
0.68598265
0.69167104
0.68450868
0.69050161
0.68410345
0.69448081
0.70125212
0.70195597
0.70499160
0.70304128
0.70705488
0.71118175
0.71100465
0.70281790
0.70736339
0.70027437
0.70386429
0.69089203
0.70783496
0.71107686
0.71130561
0.70929632
0.70734520
0.72198322
0.72801683
0.73016650
0.72461436
0.72694078
0.72406751
0.73424063
0.73560628
0.74526322
0.75561960
0.72831446
0.73595077
0.72145216
0.71057494
0.71782740
0.72545773
0.73559266
0.71466213
0.72383700
0.70846844
0.72145849
0.72575544
0.71245306
0.71400678
0.73056849
0.71756530
0.69782907
0.72410798
0.72250180
0.72427568
0.73405507
0.74123272
0.71627301
0.73389934
0.73202679
0.74346478
0.71388896
0.72981199
0.71793859
0.72088425
0.73166240
0.72406810
0.71726333
0.72687616
0.73597062
0.72408106
0.72791083
0.72302520
0.72965920
0.72824126
0.72431592
0.73741574
0.73289339
0.70965171
0.73519869
0.72416691
0.71835762
0.72972590
0.72911621
0.72212822
0.73404425
0.72953083
0.71851401
0.70651451
0.72510686
0.72707650
0.70866979
0.71394861
0.71582446
0.71419176
0.71637581
0.72462083
0.71196499
0.73314689
0.71205486
0.71610330
0.72495693
0.71928094
0.73024955
0.72033014
0.72569919
0.70463081
0.72233425
0.72003247
0.72021459
0.73603664
0.73907221
0.71885020
0.71791846
0.72680971
0.73606778
0.73006235
0.74153019
0.74988198
0.75841168
0.75210493
0.75321598
0.73834055
0.75003651
0.73291909
0.74068313
0.75485299
0.74713215
0.74847976
0.74294062
0.74758147
0.75157648
0.75766337
0.75966992
0.77101806
0.76104638
0.75488723
0.76273001
0.75965438
0.76953392
0.77666921
0.76823872
0.77881259
0.77557708
0.77661222
0.78505706
0.78062825
0.78672835
0.78201148
0.77654636
0.77805514
0.77168060
0.76323248
0.77095442
0.76816260
0.77147378
0.78069679
0.78169938
0.78151444
0.76882755
0.76133578
0.75946471
0.78247309
0.78064406
0.76752972
0.77055983
0.75969062
0.76245181
0.75572105
0.77165176
0.77608336
0.76919562
0.76964368
0.77787235
0.77658652
0.79436445
0.79657531
0.80002114
0.79280017
0.79936032
0.80376189
0.79634228
0.80409872
0.80596930
0.80545768
0.80115768
0.79793485
0.80204857
0.80068175
0.79696282
0.80017719
0.79973179
0.80155304
0.80026705
0.80570739
0.80252413
0.79853818
0.80326520
0.80517826
0.80505622
0.80474809
0.80414359
0.80617039
0.80358489
0.80498475
0.80602659
0.80682001
0.80801605
0.80821685
0.80993707
0.81110285
0.81114582
0.81107891
0.81030700
0.81082014
0.80913919
0.81039814
0.80991245
0.80721540
0.80772872
0.80807905
0.80911539
0.80942994
0.81029207
0.81221977
0.81270810
0.81212928
0.81276464
0.81262093
0.81229609
0.81423565
0.81270668
0.81144038
0.81116905
0.81227125
0.81217089
0.81018233
0.81221348
0.81416944
0.81196838
0.81322028
0.81363487
0.81253962
0.81186406
0.81287468
0.81310360
0.81375302
0.81019587
0.80703784
0.81005661
0.81294297
0.81407534
0.81355256
0.81446364
0.81513696
0.81382028
0.81385623
0.81323826
0.81267563
0.81001371
0.80977067
0.81294864
0.81487656
0.81565779
0.81539489
0.81562530
0.81490855
0.81577075
0.81594003
0.81578379
0.81601625
0.81558453
0.81517757
0.81487838
0.81494254
0.81528967
0.81486350
0.81457942
0.81498996
0.81468575
0.81495597
0.81452082
0.81407681
0.81363176
0.81361234
0.81308965
0.81319025
0.81426660
0.81411429
0.81396600
0.81251890
0.81224483
0.81118761
0.81063693
0.81072344
0.81146370
0.81233718
0.81294679
0.81353050
0.81269027
0.81044208
0.80868986
0.80762778
0.80715104
0.80729540
0.80794875
0.81124708
0.81440858
0.81344512
0.81346124
0.81260018
0.81277156
0.81299579
0.81129241
0.81200697
0.81179270
0.81338344
0.81417291
0.81320159
0.81403835
0.81516988
0.81418015
0.81519959
0.81221142
0.81230495
0.81198160
0.81468538
0.81530598
0.81612724
0.81613002
0.81517355
0.81486559
0.81541252
0.81524756
0.81535048
0.81525908
0.81512602
0.81537327
0.81499740
0.81496296
0.81490027
0.81448662
0.81475312
0.81415413
0.81295919
0.81432999
0.81396634
0.81425825
0.81603080
0.81284541
0.81400373
0.81579967
0.81588821
0.81565545
0.81523513
0.81542226
0.81598470
0.81510876
0.81528200
0.81525521
0.81391774
0.81424091
0.81628972
0.81650398
0.81624863
0.81668687
0.81677973
0.81663789
0.81627799
0.81597932
0.81590220
0.81483112
0.81314381
0.81297550
0.81368265
0.81423871
0.81426383
0.81428609
0.81348009
0.81309081
0.81392271
0.81473918
0.81445944
0.81483659
0.81261234
0.81009915
0.80646073
0.80498010
0.80619866
0.80699204
0.80553920
0.80800876
0.80818595
0.80993106
0.81118119
0.81132837
0.81104786
0.81239247
0.81411238
0.81220359
0.81296373
0.81244011
0.81303014
0.81113121
0.80989957
0.81062733
0.81060054
0.81160414
0.81253420
0.81353686
0.81287212
0.81303973
0.81373215
0.81349436
0.81453821
0.81444186
0.81488292
0.81526922
0.81355410
0.81630517
0.81568100
0.81585190
0.81644041
0.81524100
0.81609589
0.81584310
0.81571079
0.81538714
0.81637411
0.81549981
0.81586256
0.81554337
0.81633940
0.81636624
0.81651657
0.81519996
0.81532788
0.81523831
0.81493011
0.81551308
0.81562273
0.81504326
0.81637640
0.81621535
0.81667430
0.81545001
0.81503384
0.81567752
0.81556642
0.81605059
0.81598649
0.81464832
0.81309410
0.81397201
0.81421441
0.81405895
0.81225404
0.81385492
0.81272927
0.81368482
0.81449894
0.81538791
0.81519129
0.81566647
0.81545126
0.81498143
0.81560578
0.81620445
0.81693882
0.81564850
0.81556331
0.81711618
0.81568396
0.81617516
0.81532658
0.81539887
0.81558361
0.81421294
0.81494354
0.81560866
0.81284212
0.81447052
0.81605013
0.81544295
0.81513351
0.81461261
0.81581231
0.81647669
0.81640066
0.81488634
0.81562679
0.81480691
0.81618531
0.81606891
0.81510522
0.81312148
0.81388271
0.81509524
0.81466625
0.81501859
0.81476614
0.81612963
0.81656422
0.81647478
0.81559369
0.81574810
0.81606080
0.81591083
0.81575784
0.81559816
0.81647170
0.81641581
0.81633892
0.81626083
0.81612300
0.81550148
0.81529296
0.81478937
0.81417809
0.81340515
0.81320248
0.81266926
0.81273580
0.81241837
0.81235360
0.81213074
0.81195813
0.81177279
0.81206465
0.81212940
0.81232540
0.81279087
0.81344336
0.81369563
0.81375507
0.81250309
0.80944512
0.80935714
0.80916860
0.80924635
0.80731049
0.80834786
0.80917865
0.81066971
0.81087551
0.81072173
0.81021243
0.80792111
0.80815525
0.80841781
0.80494977
0.80582024
0.80715508
0.80783431
0.80756548
0.80759981
0.80817005
0.80858334
0.80801618
0.80932242
0.80929531
0.80639455
0.80678163
0.80637876
0.80706909
0.80631818
0.80634393
0.80548387
0.80619398
0.80480817
0.80627772
0.80609761
0.80615566
0.80124645
0.80359645
0.80220557
0.80902038
0.80981736
0.80873959
0.80917364
0.80788357
0.80925802
0.81045797
0.81192473
0.81178780
0.81342346
0.81029944
0.81249599
0.81494781
0.81454200
0.81394066
0.81105475
0.81140513
0.80678027
0.80979479
0.81069224
0.81393286
0.81307409
0.80984035
0.81076384
0.81192754
0.81005235
0.81237715
0.81185213
0.81249967
0.81324511
0.81138904
0.80492021
0.80713835
0.80999599
0.80663681
0.80771674
0.80547404
0.81132318
0.80456833
0.80313352
0.80181633
0.80370834
0.80787776
0.81004173
0.80771375
0.80240341
0.79795110
0.80484084
0.81120535
0.80616873
0.80449934
0.80214540
0.80167308
0.80011296
0.80433866
0.80167082
0.80245997
0.80606516
0.80707567
0.80980550
0.80988688
0.80690943
0.80400054
0.79994725
0.80614802
0.80566853
0.80858315
0.80405842
0.79621176
0.78022808
0.78879787
0.79862151
0.79078980
0.79760341
0.79373705
0.79439485
0.79471360
0.79525173
0.79973922
0.80463654
0.80496762
0.79328218
0.80975397
0.80642835
0.80297960
0.80040797
0.80059683
0.80332221
0.80257795
0.80256760
0.79876354
0.79991242
0.79953049
0.79939841
0.79983112
0.80137550
0.80188179
0.78594258
0.77701054
0.79357156
0.77221216
0.76657149
0.78690932
0.75445138
0.76239601
0.77705217
0.78043513
0.77423412
0.78531339
0.76094947
0.75991457
0.77643929
0.78256661
0.78354455
0.76985249
0.77385948
0.77855907
0.77035784
0.75123686
0.77165253
0.78130065
0.76150737
0.74351476
0.76195350
0.77119632
0.77367200
0.74142913
0.72473282
0.75903239
0.75108383
0.74799339
0.72332702
0.73128848
0.70826098
0.70461912
0.70747493
0.72410315
0.73620860
0.73837990
0.71779132
0.75173773
0.74237784
0.74608610
0.75290485
0.74229502
0.75831461
0.75221196
0.74147719
0.73223904
0.73570263
0.73451999
0.74006075
0.74836571
0.75202761
0.75588843
0.75040871
0.75804554
0.75522117
0.73311669
0.74317492
0.75215789
0.74431747
0.75032428
0.74918695
0.75190925
0.75187435
0.71470202
0.72647245
0.73814444
0.71101375
0.71194539
0.71665256
0.71210332
0.72422025
0.69552287
0.69784554
0.72376987
0.70712982
0.70001142
0.69779786
0.70630501
0.70213278
0.70902019
0.68781999
0.71755514
0.69933511
0.70231526
0.69722192
0.69408889
0.70320219
0.71342728
0.68992887
0.69173732
0.69059334
0.67572040
0.69158013
0.67729263
0.69201134
0.68795612
0.68722917
0.68576419
0.67846071
0.67734878
0.68608629
0.68359317
0.68297891
0.67715392
0.69510581
0.68579940
0.68838495
0.68070687
0.68308690
0.67959796
0.69434926
0.68637821
0.68245251
0.67574809
0.68130703
0.68314428
0.68075309
0.69175108
0.67881464
0.67860517
0.69105999
0.67693634
0.68294519
0.67819407
0.67606131
0.67524440
0.68307115
0.68258795
0.68452442
0.67580299
0.67881499
0.69361940
0.68363510
0.67525695
0.68688609
0.69325659
0.69210490
0.67680852
0.68681778
0.68471645
0.67632269
0.68092740
0.68638123
0.69191467
0.68965686
0.69554974
0.68319896
0.68048186
0.67832145
0.68956674
0.69148028
0.68308218
0.68983197
0.68650966
0.68010494
0.69489845
0.67756312
0.67627693
0.69859530
0.67630961
0.68689969
0.69023877
0.67632458
0.68019034
0.69048388
0.67798672
0.67718471
0.67590819
0.67905014
0.68106496
0.67515044
0.68650017
0.68521568
0.67891322
0.67686971
0.68884965
0.67541941
0.68412058
0.68288318
0.67784126
0.68405945
0.68134554
0.68785843
0.67577736
0.67959601
0.68816505
0.67858824
0.67758410
0.68477994
0.67607853
0.68296093
0.67654493
0.68190885
0.67628792
0.68572592
0.67979359
0.68489578
0.68331762
0.68049284
0.68829129
0.68014952
0.67646025
0.68843252
0.67582145
0.69438400
0.67731678
0.67983037
0.67640163
0.67976168
0.67705273
0.68531849
0.68342317
0.68217557
0.68926826
0.68292167
0.67589343
0.67523659
0.69079043
0.67706651
0.68532152
0.68043095
0.69233325
0.68239459
0.68430738
0.68209477
0.67816256
0.67842556
0.67769599
0.67788515
0.68554201
0.68315336
0.68733367
0.68265531
0.67637995
0.68464711
0.68466600
0.67656961
0.67973483
0.68564645
0.68502960
0.69244611
0.67857009
0.68469049
0.67564675
0.67600874
0.67595885
0.67807844
0.68747363
0.68119016
0.69008444
0.68624242
0.68756964
0.68439115
0.67806769
0.68406542
0.68650348
0.68368600
0.67559465
0.67500506
0.68144059
0.68320558
0.69207981
0.68557320
0.69039488
0.68701177
0.67983271
0.68845117
0.67718536
0.67950291
0.67791089
0.68828728
0.67873961
0.67517388
0.68486933
0.68067620
0.67587095
0.68156347
0.67839724
0.68376775
0.68598257
0.69198060
0.68616958
0.68719502
0.69194577
0.68867839
0.68363557
0.69410112
0.68466327
0.70242275
0.69832606
0.68794979
0.68534210
0.69241206
0.70036320
0.68098784
0.68154817
0.67605814
0.69401245
0.68613623
0.68614277
0.68708559
0.67699234
0.68141425
0.68030337
0.68360446
0.68299144
0.68460438
0.67850869
0.67884970
0.67508866
0.69053385
0.67587612
0.68223817
0.67598752
0.68263140
0.67685036
0.69507210
0.69738863
0.70280734
0.70653021
0.70562008
0.71933828
0.71651688
0.69303753
0.69948912
0.69319242
0.69946793
0.72099890
0.72073923
0.68681719
0.70087958
0.70870986
0.68890019
0.70174232
0.70297977
0.67977119
0.69509137
0.67928012
0.68063673
0.68781980
0.68175119
0.69938961
0.70390994
0.69033473
0.69824885
0.69686528
0.70314862
0.71018062
0.70682398
0.72215252
0.68863966
0.68571700
0.69496088
0.71117468
0.72113408
0.69975402
0.70489960
0.68943281
0.70729771
0.68865926
0.68682316
0.68597848
0.67894735
0.68339775
0.68320422
0.67777219
0.67652850
0.68979186
0.68666886
0.68068450
0.68005750
0.67765354
0.69886297
0.68698588
0.68695335
0.68704055
0.69656394
0.69020991
0.68996324
0.69276609
0.69521674
0.68187609
0.68691988
0.68748499
0.69005399
0.69947065
0.68608286
0.69654901
0.67757407
0.68124180
0.69057659
0.67874138
0.68597006
0.67811163
0.68389878
0.67557129
0.67994669
0.68530558
0.68624354
0.68156837
0.68125020
0.67865297
0.67961217
0.67962767
0.67572468
0.68421426
0.68567315
0.67720608
0.68179006
0.67750753
0.67828835
0.68103703
0.67733445
0.68572170
0.67609214
0.67547654
0.68539304
0.68460908
0.68173270
0.68059706
0.68588781
0.68042502
0.68232250
0.68392048
0.67552813
0.68485773
0.67582901
0.68791364
0.68759133
0.67867186
0.69434946
0.70431268
0.67603471
0.67543075
0.68600451
0.67956670
0.67584165
0.67665471
0.67799483
0.68451027
0.68275335
0.68730254
0.67525088
0.68184212
0.68430355
0.68952232
0.68375255
0.68143271
0.68485588
0.69404038
0.67680765
0.67859409
0.68173893
0.67965052
0.67845016
0.67841597
0.67851359
0.67934634
0.67692155
0.69491039
0.68278976
0.67771364
0.68791770
0.68227969
0.67552945
0.67786810
0.67689931
0.68076040
0.68118823
0.69703369
0.67863745
0.68007640
0.67715850
0.68289948
0.67854820
0.67643103
0.67977353
0.68319107
0.68147807
0.68156978
0.67837534
0.68119782
0.67780289
0.67771082
0.67769126
0.68807761
0.68767757
0.68902730
0.68142538
0.68243633
0.68007367
0.67546642
0.69008380
0.68119885
0.68275513
0.68698416
0.68850144
0.68123597
0.68988614
0.68476777
0.67554550
0.68037831
0.68616689
0.67833772
0.68588399
0.67978818
0.67832766
0.67666422
0.68448874
0.67727453
0.67650880
0.67716025
0.67577230
0.67896176
0.68121826
0.68454561
0.68217045
0.67852966
0.68376649
0.67814183
0.67995947
0.69775012
0.68314485
0.69485632
0.68214097
0.69054088
0.67527235
0.67790750
0.68701095
0.67894385
0.67982125
0.67538495
0.67910959
0.67770234
0.68234578
0.69135593
0.67745315
0.68569588
0.67892135
0.69027405
0.67819696
0.67820006
0.67830148
0.69152750
0.68625435
0.69399996
0.68049084
0.68141027
0.69182045
0.69126526
0.67610405
0.68829596
0.67921547
0.67971589
0.67720145
0.69144352
0.68890765
0.67536102
0.67979019
0.68235109
0.67561111
0.67974989
0.68450720
0.67645628
0.68158024
0.67812527
0.68592465
0.68466925
0.68031443
0.67767811
0.67968454
0.67682910
0.68500149
0.67586486
0.68712979
0.67699231
0.68246410
0.68781953
0.68760084
0.69270137
0.69351436
0.68855308
0.68740985
0.67893972
0.69375193
0.67542192
0.68417439
0.69643570
0.69836394
0.68305964
0.69431333
0.67529726
0.69446917
0.68772833
0.67756578
0.69761465
0.68660486
0.67548877
0.68032687
0.68222601
0.68339868
0.68473706
0.67814133
0.68387112
0.68477973
0.70626674
0.70262285
0.69950268
0.68846766
0.70507740
0.69238998
0.69958352
0.68747626
0.69752762
0.69835178
0.69079769
0.69887994
0.69822046
0.71312719
0.71159236
0.71409797
0.72649738
0.71473762
0.73330042
0.71782240
0.70582513
0.71331668
0.71211977
0.70496582
0.70964792
0.71115775
0.69374153
0.69061723
0.69193048
0.69788312
0.70841539
0.71070569
0.70974162
0.70949736
0.70123479
0.69778812
0.68943967
0.69298276
0.69097391
0.68423402
0.68816062
0.67643670
0.68222337
0.68216320
0.67770320
0.68681452
0.67873748
0.67966195
0.68127812
0.69046631
0.67957068
0.68571898
0.68150416
0.68615473
0.69737488
0.68145940
0.68777971
0.68023662
0.67513618
0.67747950
0.68837884
0.69876854
0.68624326
0.69038762
0.69507737
0.67966492
0.70282618
0.70368674
0.70070547
0.70681313
0.69859511
0.71838105
0.69771754
0.69856172
0.69215151
0.67913032
0.67540042
0.69920129
0.68772261
0.68636609
0.70390828
0.69287470
0.70481862
0.70497803
0.68378228
0.69787919
0.70211077
0.67572604
0.67819442
0.69157246
0.68254895
0.68879510
0.68444653
0.69308810
0.68320750
0.68662253
0.69895334
0.70109750
0.71552337
0.69641157
0.69240906
0.70067098
0.70821022
0.69366685
0.69998966
0.71554329
0.70257892
0.69997514
0.70155755
0.70340926
0.71941990
0.71224800
0.69012925
0.71275533
0.70555864
0.70135002
0.71416740
0.70013927
0.70374420
0.70479682
0.70223867
0.68558022
0.69611227
0.69885072
0.69572888
0.71493493
0.70711623
0.70380312
0.69697911
0.69697577
0.71681517
0.71125129
0.70627016
0.69444820
0.68913064
0.68467793
0.68951944
0.69847618
0.67832286
0.68812163
0.69708644
0.68861587
0.68840437
0.67538506
0.69749883
0.68032102
0.68069635
0.69286215
0.68443386
0.68867120
0.69008077
0.70121208
0.68110687
0.68548656
0.68476932
0.67516226
0.67867252
0.70152240
0.71034395
0.70050286
0.69129328
0.69230964
0.71246472
0.73005699
0.71020507
0.70658550
0.72308836
0.71501868
0.72410799
0.71735709
0.70580810
0.71301189
0.71561403
0.71897602
0.72884860
0.71359162
0.73210993
0.74899678
0.73165492
0.71406666
0.72299158
0.69503941
0.70966455
0.69540671
0.68736978
0.69547752
0.67677653
0.70162298
0.70051151
0.69924436
0.69181682
0.69997459
0.68238074
0.69555470
0.68690699
0.69302682
0.68712350
0.69962706
0.69447947
0.70730676
0.69126399
0.70046319
0.70786282
0.70853931
0.69333812
0.70843608
0.71161737
0.69955816
0.68684045
0.69595424
0.69542536
0.68640783
0.69900706
0.69453413
0.70380566
0.68376193
0.69644265
0.68689724
0.68219898
0.68692394
0.69599562
0.70971758
0.70435572
0.71216921
0.70230809
0.71986368
0.72458764
0.73100751
0.71009021
0.71301441
0.70307313
0.71196265
0.68762235
0.69898505
0.69101738
0.69740476
0.70579720
0.67701831
0.69167093
0.69661204
0.68217375
0.69566225
0.69004692
0.68265184
0.68785406
0.68852164
0.68237286
0.69453383
0.67790834
0.67708084
0.69148230
0.68466872
0.67830904
0.69075000
0.68899795
0.68880864
0.69483259
0.71192653
0.70305487
0.70651701
0.69454241
0.71465140
0.71962132
0.71948755
0.71390732
0.73776752
0.70044871
0.70403398
0.70323320
0.70846631
0.70697041
0.68260707
0.69918947
0.67617858
0.69831267
0.67923122
0.69199526
0.69248448
0.67777859
0.69411153
0.69090428
0.68761289
0.69571622
0.70304328
0.72788240
0.71459096
0.70239016
0.71040868
0.72774532
0.71429805
0.70709889
0.72597553
0.72566918
0.72827250
0.73968748
0.73804019
0.73804282
0.72458265
0.74170287
0.73047937
0.74949752
0.73921659
0.73149204
0.71878145
0.71765210
0.72325018
0.69761696
0.70461345
0.72101063
0.70225253
0.70914525
0.71269854
0.71258454
0.71935178
0.72752995
0.70431259
0.72902114
0.70337044
0.70856567
0.69895002
0.71580781
0.71869404
0.69856666
0.70017743
0.70980736
0.70987467
0.71445252
0.71684266
0.73464330
0.73843412
0.72838456
0.73393621
0.72110716
0.73046579
0.73865379
0.72782519
0.73251091
0.71552734
0.70923160
0.71819653
0.73766568
0.73879704
0.75299175
0.73756875
0.74369336
0.75840286
0.74805837
0.73966051
0.75593798
0.73838543
0.72785851
0.74517641
0.72395505
0.70587206
0.72732750
0.72876710
0.72816151
0.70695739
0.71214613
0.72425827
0.70346179
0.72092090
0.70312867
0.72528861
0.70097104
0.71670973
0.70925052
0.72031490
0.72152302
0.70544591
0.71244432
0.69773433
0.69759745
0.71504651
0.70428484
0.72221648
0.71545458
0.71785000
0.72336386
0.71901723
0.73185064
0.72513383
0.74362332
0.72420559
0.71729842
0.71067896
0.73039362
0.71284634
0.72945295
0.71707460
0.72129643
0.72818939
0.72534168
0.74445693
0.74502418
0.72528849
0.75340644
0.74765312
0.75340202
0.75496291
0.77231110
0.77494333
0.77835907
0.78141859
0.77303730
0.77369780
0.76897722
0.77854603
0.77451476
0.76862083
0.78100882
0.76649811
0.76908578
0.75595474
0.77306474
0.77258912
0.76894399
0.77088938
0.77429126
0.77513732
0.77760436
0.76177670
0.77770999
0.78176596
0.78293044
0.78405962
0.78327414
0.78524398
0.78724455
0.78767612
0.78339631
0.79063625
0.79396970
0.78487825
0.79234514
0.79038493
0.79151128
0.78544784
0.78779236
0.78589139
0.78445528
0.78538780
0.78796917
0.79535040
0.79484657
0.78921676
0.79425776
0.79737328
0.80012362
0.79813330
0.79976610
0.80096707
0.80280733
0.79640865
0.80042819
0.79972874
0.80228836
0.80511117
0.79979913
0.80475542
0.80801096
0.80877092
0.80068919
0.80403112
0.80981208
0.81179815
0.81092992
0.81273259
0.81110988
0.81156299
0.81065560
0.81370395
0.81236150
0.81285734
0.81422056
0.81135793
0.81233053
0.80972752
0.81317738
0.81422601
0.81315415
0.81211401
0.81375437
0.81327336
0.81333933
0.81321942
0.81040100
0.80982333
0.80687268
0.81185501
0.81193825
0.81151398
0.80992965
0.81104906
0.81217672
0.80927843
0.80999724
0.80824528
0.81272365
0.81152893
0.81301521
0.81339880
0.81304035
0.81296967
0.81130378
0.81076782
0.81098639
0.81354570
0.81149229
0.80967200
0.81167754
0.81258105
0.81261510
0.81328826
0.81399863
0.81159764
0.80926130
0.81110873
0.81290851
0.81291731
0.81286426
0.81299540
0.81346696
0.81303297
0.81390265
0.81288058
0.80864958
0.81152844
0.81350566
0.81270727
0.81419773
0.81295967
0.81545346
0.81162355
0.80425844
0.80407823
0.81013155
0.81070781
0.80981972
0.81221316
0.81180012
0.81181472
0.80968013
0.80858915
0.80962229
0.80980309
0.81177587
0.81384079
0.81389726
0.81311218
0.81370802
0.81394762
0.81366119
0.81166173
0.81295516
0.81434569
0.81535378
0.81556105
0.81432440
0.81516048
0.81549069
0.81607066
0.81617546
0.81607221
0.81618315
0.81542893
0.81570806
0.81577608
0.81538219
0.81567956
0.81538169
0.81572633
0.81609476
0.81631728
0.81658859
0.81661155
0.81665776
0.81683126
0.81646931
0.81641364
0.81555669
0.81428958
0.81345068
0.81294245
0.81177734
0.80973422
0.80815798
0.80711144
0.80780477
0.80913867
0.81130816
0.81228635
0.81259505
0.81094360
0.80891300
0.80935144
0.81020007
0.81009242
0.80972840
0.80883587
0.80847289
0.80871350
0.80967397
0.81011669
0.80997391
0.80960342
0.80978093
0.81149683
0.81106492
0.80936737
0.80803454
0.80785741
0.80863692
0.80940040
0.81020114
0.80948701
0.80906324
0.80793629
0.80893115
0.81145009
0.81019501
0.81027757
0.80833577
0.80741583
0.80797679
0.81086544
0.81340701
0.81326228
0.81318140
0.81478617
0.81260623
0.80807115
0.81236116
0.81433298
0.81423458
0.81466854
0.81496246
0.81399298
0.81391343
0.81271379
0.81332374
0.81518464
0.81517015
0.81450697
0.81376180
0.81405276
0.81284210
0.81356782
0.81151875
0.81441613
0.81484240
0.81319760
0.81551630
0.81406617
0.81525843
0.81537344
0.81513605
0.81519976
0.81577982
0.81560340
0.81628808
0.81569486
0.81612503
0.81564283
0.81455001
0.81478390
0.81346618
0.81389771
0.81280469
0.81303930
0.81317546
0.81349799
0.81357395
0.81323530
0.81247026
0.81306825
0.81356481
0.81400493
0.81411924
0.81379459
0.81253302
0.81069447
0.80891950
0.80721459
0.80678428
0.80722831
0.80893164
0.81026639
0.81066679
0.81258937
0.81370409
0.81432404
0.81347961
0.81156537
0.80969685
0.80989029
0.81055007
0.81124951
0.81202632
0.81237538
0.81313503
0.81252918
0.81231331
0.80971253
0.80942593
0.80805963
0.81089058
0.81332581
0.81265883
0.81291928
0.81291802
0.81276122
0.81364466
0.81313909
0.81268362
0.81067876
0.81173846
0.81308593
0.81464267
0.81442099
0.81534975
0.81566445
0.81568912
0.81551464
0.81381819
0.81309820
0.81351290
0.81316824
0.81290452
0.81236996
0.81061633
0.81007892
0.81012640
0.81056630
0.81101437
0.80985534
0.80951604
0.80876037
0.80777138
0.80777868
0.80914627
0.80970088
0.81022187
0.81033661
0.81062175
0.81112942
0.81170229
0.80965603
0.80616741
0.80573858
0.80724142
0.80837218
0.80990742
0.81019533
0.80972861
0.80833350
0.80741942
0.80681865
0.80505168
0.80371477
0.80292739
0.80256803
0.80228938
0.80372967
0.80323714
0.80529853
0.80740880
0.80805412
0.80889904
0.80888895
0.80990778
0.81022931
0.81055098
0.80954874
0.80964768
0.80879771
0.80902768
0.80958073
0.81046112
0.81029704
0.80971651
0.80925402
0.80949193
0.81109403
0.81086519
0.81111846
0.81176312
0.81132461
0.81188485
0.81322451
0.81357719
0.81295622
0.81335265
0.81313096
0.81206721
0.81206819
0.81127342
0.81354100
0.81336007
0.81393744
0.81512175
0.81571723
0.81508241
0.81564555
0.81591548
0.81584174
0.81576358
0.81594377
0.81525244
0.81515345
0.81476730
0.81482243
0.81467074
0.81445665
0.81431671
0.81420241
0.81447430
0.81443270
0.81411061
0.81369866
0.81370391
0.81355237
0.81370545
0.81356882
0.81301099
0.81313620
0.81296303
0.81291450
0.81285889
0.81261199
0.81219057
0.81244247
0.81277113
0.81243780
0.81270297
0.81180047
0.81118714
0.81056104
0.81075220
0.80827732
0.80592679
0.80481259
0.80488940
0.80517756
0.80573056
0.80647910
0.80971103
0.81248135
0.81352746
0.80913187
0.80470144
0.80259154
0.80333328
0.80411423
0.80372050
0.80460148
0.80670889
0.80793875
0.80936685
0.80923684
0.80781196
0.80626577
0.80382543
0.80309885
0.80446603
0.80437228
0.80640834
0.80573700
0.80442231
0.80350429
0.80219609
0.80441560
0.80320938
0.80386439
0.80437262
0.80570101
0.80541553
0.80333331
0.80274410
0.80051713
0.79735215
0.79973763
0.80387911
0.80767025
0.80933068
0.80859593
0.80491004
0.80373806
0.80430928
0.80597936
0.80796116
0.80962479
0.80832760
0.80542097
0.80429644
0.80962881
0.81113740
0.80963010
0.80890889
0.81094683
0.80711766
0.80690035
0.80907683
0.81075343
0.81208826
0.81036572
0.81089301
0.80664158
0.80974202
0.81066222
0.81059847
0.81138913
0.81232209
0.80914859
0.80791697
0.80563914
0.80787052
0.80977169
0.81031428
0.81093673
0.80707646
0.80765660
0.79841820
0.79552324
0.78832126
0.79827790
0.80092544
0.80771998
0.79408034
0.79429436
0.79759224
0.80364908
0.80397845
0.80625799
0.80457246
0.80236473
0.80057144
0.79677485
0.79937085
0.80223200
0.80409238
0.79246570
0.79481360
0.79502195
0.79782513
0.80219212
0.79833241
0.80425751
0.80265968
0.80350161
0.80255134
0.80535992
0.78580422
0.79248483
0.79545765
0.79422437
0.79236140
0.79397101
0.79543530
0.80017288
0.79830444
0.79767957
0.80001172
0.80562791
0.80495453
0.79734035
0.79716765
0.79974246
0.79714184
0.80126706
0.79984977
0.78555987
0.77890883
0.77901796
0.79094560
0.79543498
0.78229837
0.78624591
0.76529415
0.77632452
0.76837149
0.74306984
0.74717587
0.74760944
0.76440436
0.75270193
0.76307078
0.74190765
0.74579410
0.73574969
0.74592555
0.73391732
0.75255995
0.74984095
0.75034216
0.74430581
0.74263324
0.74825791
0.73188157
0.74332339
0.74061899
0.73537678
0.72785983
0.71285723
0.73863502
0.74878517
0.72880568
0.71654314
0.72009713
0.71676451
0.72116613
0.73780509
0.74317217
0.75091336
0.73714764
0.71001186
0.72433859
0.73794562
0.74028203
0.71778306
0.71201881
0.70016515
0.70782378
0.71625531
0.70980554
0.70036247
0.69770334
0.70084877
0.71345109
0.71926489
0.68916196
0.71756548
0.70159519
0.69306194
0.68249098
0.70529587
0.70495235
0.70668864
0.68599280
0.68955125
0.71034998
0.69079632
0.71593818
0.69710728
0.70035712
0.69735807
0.70779934
0.69339663
0.72168240
0.69001247
0.69394898
0.68941117
0.70227608
0.68165376
0.71233129
0.70792773
0.68107495
0.69711880
0.67933213
0.69388361
0.69190904
0.70729217
0.71733200
0.70430560
0.70379687
0.68937265
0.70475607
0.70020062
0.72064117
0.71955680
0.69178623
0.71196889
0.70180730
0.70194562
0.68985938
0.70984467
0.69481825
0.71634454
0.71280765
0.70897565
0.73352932
0.71367279
0.72297562
0.70272936
0.70010886
0.69965304
0.68456168
0.71340982
0.69646926
0.69095408
0.71021998
0.70041670
0.70243420
0.72343790
0.70543958
0.71050760
0.69499789
0.69861649
0.70385458
0.70295270
0.69723040
0.69950012
0.69533645
0.69621175
0.70759168
0.69495447
0.68950909
0.68366242
0.68980064
0.70210033
0.69373781
0.67831986
0.69062351
0.67730354
0.69010606
0.68297959
0.69180079
0.70132805
0.69161983
0.69414561
0.70500074
0.68743440
0.70338535
0.69445388
0.67967409
0.69031400
0.67602950
0.68839241
0.69254993
0.69095471
0.69450520
0.70220286
0.68888308
0.70891432
0.70958120
0.73542394
0.71534112
0.68747631
0.70408784
0.71492754
0.70423107
0.68433544
0.69616397
0.69071783
0.69039161
0.68618370
0.69053825
0.69766263
0.69576929
0.68760138
0.69963579
0.70847222
0.69619734
0.70891973
0.70130859
0.68871814
0.68340955
0.69617060
0.68698452
0.68286168
0.69170582
0.68181311
0.67876248
0.67596246
0.69406770
0.68022596
0.69286770
0.69681854
0.70491097
0.68833008
0.68569479
0.68577939
0.68469438
0.68996362
0.68888029
0.68490227
0.67716020
0.68001781
0.67824461
0.68616439
0.67741749
0.67689277
0.68060809
0.68948498
0.67536864
0.67777505
0.68686738
0.67576583
0.69694431
0.67595594
0.67511677
0.68644173
0.69070104
0.68322076
0.68645639
0.69586474
0.69216739
0.68396831
0.69881320
0.67728177
0.69158220
0.68464075
0.68872948
0.69437433
0.68093170
0.68438464
0.67608181
0.67613900
0.69102911
0.69253054
0.70638319
0.70512373
0.70083675
0.70631320
0.68918844
0.70141486
0.69688032
0.69634060
0.69543114
0.68921578
0.68015553
0.70613911
0.70282634
0.68810758
0.69108381
0.69871983
0.73289060
0.71266610
0.67621773
0.70847602
0.68824786
0.70567124
0.67702999
0.68981622
0.68738503
0.68110569
0.68232683
0.67515494
0.68386645
0.68977373
0.68647576
0.69571261
0.68538693
0.70530850
0.68591704
0.69894006
0.72374328
0.72256876
0.71110648
0.71305041
0.70582194
0.73935537
0.72043099
0.73092252
0.70769577
0.71343563
0.69290321
0.68386994
0.68606465
0.69011682
0.69948306
0.69131879
0.68902143
0.68489265
0.69262016
0.68347594
0.69903214
0.68449940
0.68556744
0.69325029
0.67781460
0.68151330
0.69921972
0.69414289
0.69497479
0.71487055
0.69355493
0.71397305
0.70908826
0.71616524
0.71780809
0.72156860
0.73663865
0.71818360
0.72888159
0.71095102
0.70437766
0.68990316
0.68929766
0.70332134
0.68290415
0.70583669
0.71179962
0.70558757
0.70983113
0.71123339
0.71241823
0.72956525
0.71789208
0.72194082
0.72085599
0.70414608
0.72813354
0.71649808
0.72817343
0.73110115
0.72420371
0.71130706
0.71049246
0.72781776
0.69644428
0.71694084
0.70433908
0.69840299
0.69458799
0.70318994
0.69648591
0.70095200
0.70388812
0.70967131
0.70456320
0.69584652
0.70541743
0.71016002
0.71943126
0.71408876
0.72362083
0.70986781
0.71473342
0.71144407
0.70670505
0.71666415
0.73592298
0.72660529
0.71381106
0.71684053
0.70428856
0.72028722
0.70962249
0.71101388
0.70062470
0.71672868
0.71508604
0.71423079
0.70708115
0.70096051
0.68525292
0.71826936
0.71263377
0.71351620
0.70437511
0.70592934
0.70735089
0.70014260
0.69534234
0.69073461
0.69549242
0.68296654
0.70824348
0.70167305
0.69220371
0.71036498
0.67978091
0.69865204
0.68081022
0.69391472
0.70339286
0.71371393
0.68941575
0.69822695
0.71478637
0.70461851
0.71223181
0.70355394
0.70474384
0.69102552
0.70556299
0.70214687
0.71921378
0.71674034
0.70343476
0.71452255
0.70417383
0.69926453
0.71997478
0.72039190
0.69401109
0.69061058
0.72194613
0.69797909
0.69283793
0.69389518
0.68146153
0.70028100
0.69498350
0.71433372
0.70555463
0.71345821
0.71224469
0.71621591
0.72979345
0.70696172
0.70975027
0.73043209
0.73315777
0.70660690
0.71252802
0.72450070
0.72687657
0.72477645
0.71435972
0.71076407
0.72238140
0.71202632
0.72252318
0.72147517
0.72659399
0.72385390
0.73454152
0.72035649
0.72823532
0.70722131
0.71205808
0.73405754
0.71227863
0.70801887
0.72744069
0.72006923
0.71406920
0.71642890
0.71303122
0.69614571
0.71549367
0.72140855
0.73124067
0.72597281
0.72609791
0.70393093
0.72388481
0.73447146
0.71235648
0.73125983
0.72220618
0.73807281
0.74041464
0.74391777
0.72181386
0.73845259
0.73142377
0.73161299
0.72016877
0.71698716
0.73175417
0.73093255
0.72907831
0.73152023
0.71977950
0.72336999
0.71063488
0.72545351
0.72327935
0.72241704
0.72478260
0.72796372
0.73477716
0.72436876
0.74327611
0.73497972
0.74267932
0.73714022
0.73436176
0.74261059
0.75225969
0.75866404
0.75762162
0.74815475
0.76211958
0.76011279
0.74758131
0.75939487
0.76881625
0.75621007
0.75421590
0.75604357
0.76846334
0.77266499
0.76620916
0.75679479
0.75673247
0.75616483
0.75021801
0.76857737
0.74757505
0.73555908
0.73974275
0.75401232
0.73913451
0.74885066
0.75154595
0.74779628
0.74031104
0.75290639
0.75995084
0.76316732
0.76111558
0.76029003
0.77584875
0.77450162
0.76761001
0.78400739
0.78426114
0.78418727
0.78538949
0.78723988
0.78521660
0.78861265
0.78462505
0.78858052
0.79307433
0.79119229
0.78749251
0.78636430
0.79166374
0.79391365
0.79501349
0.79592464
0.79595384
0.80145684
0.80335592
0.80274192
0.80244654
0.79626862
0.80303230
0.80501371
0.80554372
0.80269988
0.80438976
0.80503566
0.80306659
0.80335865
0.80446880
0.80493432
0.80628954
0.80455048
0.80746604
0.81174365
0.81104854
0.81353282
0.81241364
0.81277884
0.81242477
0.81185474
0.81188228
0.81139281
0.81122237
0.81219308
0.81313929
0.81265637
0.81333438
0.81406775
0.81502390
0.81514268
0.81507622
0.81494658
0.81473542
0.81413183
0.81349098
0.81417350
0.81369066
0.81310823
0.81337012
0.81214530
0.81187901
0.81150561
0.81214283
0.81238559
0.81286073
0.81231471
0.81249629
0.81176854
0.81104243
0.81156370
0.81180528
0.81097621
0.81171311
0.81177061
0.81170331
0.81083976
0.81128488
0.81097455
0.81077936
0.81114319
0.81133971
0.81183643
0.81232901
0.81248762
0.81216787
0.81230212
0.81186046
0.81326993
0.81316720
0.81276754
0.81326469
0.81186812
0.81046050
0.81266432
0.81402013
0.81368086
0.81366395
0.81301362
0.81397104
0.81450679
0.81466945
0.81490985
0.81477007
0.81406950
0.81397197
0.81390914
0.81411122
0.81395874
0.81358843
0.81406445
0.81349951
0.81344667
0.81386803
0.81322959
0.81322900
0.81283175
0.81285167
0.81267112
0.81267643
0.81191636
0.81219229
0.81213766
0.81176911
0.81167391
0.81211370
0.81217523
0.81238253
0.81312475
0.81261790
0.81360122
0.81262407
0.81214886
0.81352065
0.81413566
0.81485191
0.81481757
0.81503086
0.81496085
0.81519819
0.81481789
0.81446909
0.81338502
0.81282724
0.81294610
0.81246092
0.81209537
0.81098957
0.81288716
0.81312749
0.81316817
0.81305315
0.81366096
0.81374071
0.81377521
0.81304708
0.81371979
0.81399225
0.81428645
0.81428182
0.81417729
0.81363984
0.81338255
0.81266520
0.81275429
0.81253919
0.81211760
0.81096854
0.80953762
0.80979128
0.81009795
0.81010945
0.80914416
0.80930285
0.80919937
0.81002358
0.80983338
0.80924038
0.80954661
0.81017257
0.80951166
0.80956383
0.80949068
0.80964888
0.80947493
0.80932567
0.80932160
0.81060272
0.81096305
0.81124669
0.81182794
0.81228864
0.81119111
0.80974288
0.80842289
0.80774771
0.80775758
0.80854152
0.80992058
0.81230208
0.81428003
0.81492906
0.81427431
0.81322153
0.81331524
0.81365302
0.81393290
0.81376219
0.81336454
0.81340181
0.81370955
0.81416931
0.81465898
0.81439530
0.81399322
0.81356313
0.81377210
0.81346128
0.81367702
0.81354443
0.81375562
0.81172105
0.80925253
0.80788867
0.80739255
0.80775585
0.80740516
0.80816971
0.80934309
0.81091139
0.81188706
0.81236787
0.80983509
0.80583569
0.80429399
0.80485125
0.80600374
0.80580491
0.80847777
0.81066315
0.81243029
0.81284598
0.81279486
0.81263571
0.81165932
0.81022407
0.81005284
0.80981194
0.81011362
0.80959840
0.80919476
0.80900678
0.80737601
0.80775801
0.80857660
0.80921861
0.80938450
0.80941082
0.80941976
0.80956415
0.80953497
0.80968942
0.80945969
0.80913729
0.80993560
0.81056271
0.80947114
0.80813320
0.80904279
0.81089866
0.81105593
0.81237275
0.81267010
0.81397972
0.81424166
0.81408096
0.81370799
0.81340746
0.81314140
0.81377928
0.81378048
0.81332225
0.81277106
0.81222788
0.81116618
0.81206508
0.81278547
0.81326337
0.81187475
0.81323252
0.81273799
0.81406310
0.81485220
0.81501004
0.81535066
0.81535846
0.81482735
0.81547258
0.81461935
0.81405632
0.81469760
0.81478445
0.81475582
0.81361059
0.81381292
0.81369435
0.81413457
0.81365233
0.81338562
0.81390350
0.81339735
0.81360469
0.81388898
0.81333338
0.81183035
0.81318129
0.81478683
0.81489859
0.81513312
0.81470143
0.81489805
0.81486370
0.81430807
0.81366429
0.81183162
0.81085763
0.81401496
0.81264637
0.81464551
0.81359678
0.81379112
0.81416164
0.81471200
0.81450110
0.81471099
0.81437488
0.81431172
0.81500496
0.81486509
0.81458849
0.81434775
0.81411633
0.81477122
0.81454736
0.81424316
0.81442083
0.81451423
