1.00000000
1.00000000
1.00000000
1.00000000
1.00000000
1.00000000
1.00000000
1.00000000
1.00000000
1.00000000
1.00000000
1.00000000
1.00000000
1.00000000
1.00000000
1.00000000
1.00000000
1.00000000
1.00000000
1.00000000
1.00000000
1.00000000
1.00000000
1.00000000
1.00000000
1.00000000
1.00000000
1.00000000
1.00000000
1.00000000
1.00000000
1.00000000
1.00000000
1.00000000
1.00000000
1.00000000
1.00000000
1.00000000
1.00000000
1.00000000
1.00000000
1.00000000
1.00000000
1.00000000
1.00000000
1.00000000
1.00000000
1.00000000
1.00000000
1.00000000
1.00000000
1.00000000
1.00000000
1.00000000
1.00000000
1.00000000
1.00000000
1.00000000
1.00000000
1.00000000
1.00000000
1.00000000
1.00000000
0.96825141
0.96686065
0.96618205
0.96530759
0.96500975
0.96823990
0.96869344
0.96874475
0.96887165
0.96891743
0.96654004
0.96676654
0.96667516
0.96754563
0.96486712
0.96355492
0.96092743
0.96057111
0.96282786
0.96332687
0.96386456
0.96568996
0.96560472
0.96155524
0.96499193
0.96992254
0.97011244
0.97103173
0.96999723
0.96970189
0.97193313
0.97263002
0.97085327
0.97038323
0.96822685
0.96830988
0.96771508
0.96668899
0.96436763
0.96318650
0.96124244
0.95912534
0.95765764
0.95833784
0.95625532
0.95489246
0.95578700
0.95809245
0.95954090
0.95978510
0.95758867
0.95766246
0.96459466
0.96299899
0.96200812
0.95507956
0.94668669
0.95833278
0.95735413
0.94830644
0.94693798
0.94633353
0.94004434
0.93099225
0.93456274
0.93696737
0.95077986
0.95589024
0.95736104
0.96125805
0.96247691
0.96367449
0.96404594
0.96447396
0.96298248
0.96360570
0.95995629
0.96073198
0.95696622
0.95374048
0.95341301
0.95428503
0.95172459
0.95296061
0.95474201
0.95444763
0.96044958
0.96165311
0.96266598
0.96065205
0.95854098
0.96078640
0.95989472
0.96603376
0.96494615
0.96608961
0.96771383
0.96725613
0.96719855
0.96478903
0.96491498
0.96398276
0.96387720
0.96397012
0.96392763
0.96439815
0.96466941
0.96709609
0.96470672
0.96544302
0.96447599
0.96406776
0.96134961
0.96117097
0.96137530
0.96055233
0.95985484
0.96035480
0.95976585
0.96157742
0.96378177
0.96500623
0.96273160
0.96269095
0.96032184
0.96192652
0.96106654
0.96133697
0.96216494
0.95982373
0.95549631
0.95080799
0.94783962
0.94338334
0.94054687
0.93648463
0.93836951
0.94235969
0.94643307
0.94766176
0.94553852
0.94029260
0.93674338
0.93866104
0.93944073
0.94044757
0.94155836
0.94384122
0.94317520
0.94524062
0.94483936
0.94854528
0.94967324
0.95075345
0.95499170
0.95038843
0.94509166
0.94736850
0.94857025
0.94973546
0.95117068
0.94743764
0.94983441
0.95451844
0.95173752
0.95258594
0.95955729
0.96451223
0.96629000
0.96813345
0.96988040
0.96896207
0.96869701
0.96492952
0.96318924
0.96423078
0.96752399
0.96692711
0.96826923
0.96867305
0.96843970
0.96665567
0.96564442
0.96991491
0.96806395
0.96969134
0.96927255
0.96927154
0.97135776
0.96789247
0.97022355
0.96658182
0.96733820
0.97005838
0.97074699
0.96736211
0.96614456
0.96293694
0.96805167
0.96730220
0.96816117
0.96724242
0.96498626
0.95033401
0.95239049
0.95516980
0.95220435
0.94457555
0.94319665
0.93389457
0.93575633
0.93972874
0.94575089
0.94683021
0.94737279
0.95084077
0.95759809
0.96517968
0.96948361
0.96732426
0.96913368
0.96646076
0.96898645
0.97142553
0.96873635
0.96811175
0.96737850
0.96919703
0.95941222
0.96091741
0.96610296
0.96669745
0.96701139
0.96754706
0.96933883
0.96942353
0.97061396
0.96730655
0.97056174
0.96932697
0.97135216
0.96864164
0.96507728
0.96969539
0.97067475
0.96741909
0.96888518
0.96365798
0.95325619
0.96252108
0.96278399
0.96720326
0.96343344
0.96275204
0.96863747
0.96425068
0.94761109
0.94350410
0.96051538
0.95417809
0.95549351
0.95341843
0.94907832
0.94132793
0.93785053
0.93377203
0.94087845
0.94762838
0.95754713
0.95269388
0.93863899
0.93855786
0.95716625
0.95923138
0.96398807
0.95815933
0.96201122
0.96086335
0.96460450
0.96251434
0.96762073
0.97195011
0.96870095
0.96651411
0.96994948
0.96889496
0.96981806
0.96826822
0.96734023
0.96652412
0.96410596
0.96351981
0.96126324
0.95286340
0.95269489
0.95121711
0.95086998
0.94933212
0.94813722
0.94731641
0.94590998
0.95240438
0.95480043
0.95919126
0.96265996
0.96678203
0.96908832
0.97216135
0.97051638
0.97027808
0.96386003
0.96511060
0.96338564
0.95741326
0.96828443
0.96178114
0.96304339
0.95609659
0.96132165
0.96157652
0.95555323
0.95244598
0.95534015
0.95954114
0.96421534
0.96472621
0.96451092
0.96342868
0.97015220
0.97204077
0.97259527
0.97154105
0.96639812
0.96342778
0.96726525
0.96936440
0.96925002
0.96749365
0.96716779
0.96783340
0.96708018
0.96424794
0.96598822
0.96903753
0.96945131
0.96762532
0.96136415
0.96090823
0.95747840
0.95628864
0.95569229
0.95511675
0.95459235
0.95108306
0.95002151
0.94635606
0.94799459
0.94868052
0.95144910
0.95207566
0.95246935
0.95480520
0.95805526
0.96071655
0.96193767
0.95642251
0.95081109
0.94344330
0.94106686
0.94329965
0.94659984
0.94903195
0.94940680
0.94981539
0.95178086
0.95170516
0.94972152
0.94575518
0.94392622
0.94333845
0.94335705
0.94166344
0.93802005
0.94241029
0.94287425
0.94537562
0.94742352
0.94945103
0.94468373
0.94582587
0.94307756
0.94268149
0.94470841
0.94407344
0.94674599
0.94781595
0.95103121
0.95029563
0.94844830
0.94838685
0.94267601
0.94126689
0.94022012
0.94948381
0.95391673
0.96005750
0.96183664
0.96545923
0.96569735
0.96723282
0.96594298
0.96626550
0.96622747
0.96577215
0.96645319
0.96534806
0.96524996
0.96610749
0.96497434
0.96273261
0.96155161
0.96732324
0.96647370
0.96260059
0.96696353
0.96901661
0.96963519
0.96888238
0.96638888
0.96695018
0.96440911
0.96719241
0.96705276
0.96407020
0.96351290
0.96221948
0.96387625
0.96349806
0.96439338
0.96613854
0.96426481
0.96389449
0.96371764
0.96278310
0.96260095
0.96432507
0.96397150
0.96533215
0.96302760
0.96401626
0.96255070
0.96534950
0.96355760
0.96472776
0.96238601
0.96300650
0.96289939
0.96120948
0.96318972
0.96227860
0.96187556
0.96093833
0.95869344
0.95907742
0.95949978
0.95922911
0.95839047
0.95889080
0.95794213
0.95707637
0.95458353
0.95268321
0.95494789
0.95783502
0.95803457
0.95957792
0.95687312
0.95409518
0.95174176
0.95118791
0.95030111
0.94932693
0.94770533
0.94780439
0.94267207
0.94075322
0.94106275
0.93967968
0.94048613
0.94015342
0.94021821
0.94162589
0.94590765
0.94716525
0.94764119
0.94591099
0.94446564
0.93910384
0.93125290
0.92717874
0.92604065
0.92650521
0.92574543
0.92849439
0.93367338
0.93813753
0.94335514
0.94467062
0.94827217
0.95299935
0.95451671
0.95301968
0.95451099
0.95362639
0.95515525
0.95643085
0.95772028
0.95803249
0.95564210
0.95284528
0.95354867
0.95341665
0.95395726
0.95070946
0.94378674
0.94517058
0.94384748
0.94718271
0.94871736
0.95160681
0.94988388
0.94909775
0.94537729
0.94893551
0.95358866
0.95322317
0.95307350
0.95311260
0.95225102
0.95204604
0.95223826
0.95035666
0.94933641
0.95043665
0.95181650
0.95299262
0.95514512
0.95534128
0.95647126
0.95486593
0.95355290
0.95192277
0.95455247
0.95524901
0.95755273
0.95917755
0.96064788
0.95831025
0.95355409
0.95196360
0.95283169
0.95893234
0.95983779
0.96085852
0.96086025
0.96072483
0.96242213
0.96103418
0.95687604
0.96010429
0.96139944
0.96316594
0.96299809
0.95827556
0.95752680
0.95621693
0.95962942
0.96325463
0.96292269
0.96319216
0.96388167
0.96408814
0.96490711
0.96362114
0.96246982
0.96078259
0.96169549
0.96241903
0.96259487
0.96216679
0.96229827
0.96198243
0.96171796
0.96082646
0.95766050
0.95693511
0.95700020
0.95946485
0.95845366
0.95992798
0.96164334
0.96246070
0.96188903
0.96158719
0.96005869
0.95950186
0.95777237
0.95635211
0.95502239
0.95369762
0.95172286
0.94999856
0.95732605
0.95974129
0.96085221
0.96182513
0.96307546
0.96233588
0.96249777
0.96206784
0.96119517
0.96272522
0.96175414
0.96143812
0.96026212
0.95836490
0.95618117
0.95772696
0.96086299
0.96134609
0.96171224
0.96189839
0.96169627
0.96174651
0.96103764
0.96237886
0.96331048
0.96160108
0.96275294
0.96327156
0.96304649
0.96149528
0.96202457
0.96173626
0.96160275
0.96134609
0.96217573
0.96196347
0.96140635
0.96143866
0.96359587
0.96261054
0.96291959
0.96237445
0.96254659
0.96328294
0.96260691
0.96455306
0.96255904
0.96317238
0.96461773
0.96326137
0.96261883
0.96010464
0.95671630
0.95520693
0.95220989
0.95038420
0.95232660
0.94949847
0.94932264
0.94956410
0.94912094
0.94685310
0.94347608
0.94196308
0.94003826
0.94131303
0.94085580
0.93981516
0.93955159
0.93715745
0.93858331
0.93419796
0.93216908
0.93134028
0.92432857
0.91546029
0.92348713
0.92407757
0.91600370
0.90693301
0.91815227
0.91830254
0.91626751
0.91185361
0.90222847
0.88799697
0.87058896
0.87949717
0.89858633
0.92319584
0.94169754
0.94767547
0.95079416
0.95431173
0.95077825
0.95711899
0.95613700
0.96102607
0.95772630
0.95372498
0.95327377
0.95639777
0.96126491
0.95665073
0.96090001
0.96186340
0.95113844
0.95412445
0.95290774
0.95349240
0.95904255
0.95784485
0.95843089
0.96105927
0.95938343
0.96119773
0.95712125
0.95983261
0.95723057
0.95477736
0.95448363
0.95613694
0.95757294
0.95951378
0.95963073
0.95548785
0.96112877
0.96268159
0.96271473
0.96340442
0.96578473
0.96464980
0.96393037
0.96551728
0.96126974
0.96452403
0.95926702
0.96096694
0.96094698
0.96140373
0.92627358
0.94405156
0.92825174
0.93097126
0.93150616
0.92828345
0.92282981
0.90760654
0.89953423
0.90435034
0.91853690
0.91024476
0.90676785
0.92320389
0.93023294
0.93479902
0.94065046
0.94162959
0.94475341
0.94350344
0.91564995
0.92945540
0.92329258
0.90257871
0.91166180
0.92136085
0.89609414
0.90797812
0.91492838
0.91852534
0.91245615
0.90946543
0.92273277
0.92786300
0.90803134
0.89949024
0.91760617
0.91250336
0.91635489
0.91928089
0.90289092
0.89186674
0.91056538
0.91321969
0.87981844
0.82521802
0.79486185
0.85206914
0.87249696
0.86283678
0.80663425
0.77273244
0.77720988
0.81864041
0.83840460
0.81249338
0.78661716
0.75520539
0.77869183
0.80916035
0.85274976
0.84729993
0.82702994
0.78334105
0.77317959
0.82974702
0.82613057
0.85699987
0.81145012
0.81046075
0.84968203
0.83189106
0.81592053
0.85852629
0.86270219
0.88077021
0.86455661
0.85663652
0.81097174
0.76188761
0.77805042
0.74166381
0.64858389
0.72028452
0.79112780
0.69492501
0.71153200
0.69143730
0.67066443
0.70687902
0.68209463
0.65554214
0.72282624
0.66834968
0.66051000
0.70882118
0.63457948
0.62034255
0.63440222
0.68191266
0.66519344
0.64953047
0.63490719
0.69414091
0.64451832
0.60540456
0.65247321
0.65792531
0.59562999
0.62793189
0.62699288
0.63061512
0.65449977
0.70026582
0.68469524
0.67283005
0.72659892
0.72248340
0.76504880
0.76937926
0.76297706
0.71313936
0.67922837
0.69886440
0.79747254
0.73708731
0.77557969
0.78481144
0.81335813
0.77502382
0.82072854
0.82827443
0.82919890
0.81271017
0.75659645
0.79037225
0.78468293
0.73564339
0.75460190
0.72038376
0.75273377
0.75952190
0.70365530
0.59513509
0.66322953
0.70582038
0.61683702
0.64369076
0.65902591
0.69622654
0.61092329
0.66776443
0.74252737
0.73441058
0.69594222
0.76475108
0.75657618
0.67999983
0.75778300
0.75210232
0.69094372
0.72786319
0.71382058
0.74234223
0.74569225
0.64972478
0.65190893
0.63459259
0.62810248
0.64043885
0.62747568
0.57590252
0.64861459
0.60427976
0.64197677
0.61841321
0.62726194
0.70314914
0.68705529
0.65914112
0.72462982
0.74681616
0.66843373
0.71650141
0.68727648
0.68815637
0.70148730
0.65184534
0.68768507
0.73866034
0.64096427
0.69788337
0.73095387
0.67636639
0.69129646
0.69477201
0.69335008
0.64315623
0.65411299
0.67460763
0.70502311
0.66641384
0.70202559
0.72203910
0.73014307
0.70611405
0.72828197
0.73738199
0.75794429
0.78246552
0.80263293
0.75685287
0.77944046
0.78194243
0.82390416
0.86005944
0.79699028
0.77218294
0.74749547
0.72236937
0.72817206
0.72794372
0.69378364
0.68447614
0.63029259
0.67154723
0.71283323
0.69661695
0.67742795
0.72350776
0.73778486
0.75215459
0.74939448
0.68764764
0.72274369
0.74356925
0.76496202
0.79536074
0.78559488
0.73405004
0.69568634
0.69653082
0.68755656
0.71567726
0.78321576
0.68926883
0.72103339
0.67782432
0.68575960
0.68393469
0.70039725
0.70641410
0.72724563
0.66890919
0.65731996
0.64684629
0.68002868
0.72375470
0.69470048
0.73010820
0.62868953
0.65474391
0.71485424
0.72139925
0.71982598
0.67784160
0.67208368
0.74375403
0.65920514
0.68310285
0.68388337
0.71556467
0.71325988
0.63265753
0.65149379
0.72388315
0.71647716
0.70591611
0.71299082
0.74589461
0.78854650
0.77596754
0.75025505
0.77723378
0.69340551
0.63559246
0.67657089
0.66254616
0.69152391
0.69469410
0.69558257
0.67556369
0.68999076
0.69538093
0.71421415
0.70990860
0.76589811
0.77621901
0.81981647
0.70388424
0.75955242
0.76012850
0.73634261
0.74329281
0.75976503
0.75682348
0.76302671
0.79227400
0.74532712
0.79396456
0.79507393
0.77656877
0.71751118
0.78755015
0.81228352
0.73586118
0.76858324
0.69783795
0.74585414
0.68067604
0.76507002
0.69477344
0.75309569
0.73488927
0.71936965
0.70617366
0.77621239
0.76970774
0.77663684
0.76594740
0.64620566
0.57751977
0.66821951
0.69630057
0.71072036
0.74134344
0.62050837
0.65942585
0.70866650
0.67350572
0.69138575
0.74305302
0.74498779
0.78753042
0.71953225
0.67646259
0.62633079
0.68597597
0.68982893
0.64380991
0.60869390
0.66946095
0.68870831
0.68778640
0.66882712
0.72997683
0.74057519
0.68983436
0.75299162
0.76934415
0.77151752
0.78492981
0.76884317
0.70435411
0.69827265
0.65560973
0.61785918
0.63852483
0.66616142
0.70000970
0.73622024
0.77196801
0.69775951
0.67925024
0.67343056
0.71796805
0.73714226
0.80916578
0.81510305
0.81013602
0.73647273
0.69054103
0.73306274
0.72037256
0.65711951
0.65936649
0.67817259
0.67107260
0.68350917
0.60660857
0.60315216
0.60073882
0.60799688
0.59070510
0.60919005
0.61271250
0.61164916
0.60823488
0.56034738
0.64368850
0.66445011
0.62217307
0.65188092
0.63087136
0.70073718
0.72806209
0.74535459
0.75867206
0.79003757
0.80384392
0.78457481
0.82067537
0.75487667
0.69068563
0.69917160
0.78055775
0.74227822
0.75316817
0.75310504
0.72556174
0.66571623
0.70468479
0.66585034
0.74446988
0.68582666
0.65109050
0.71260768
0.62254971
0.66042119
0.67719781
0.61024863
0.73044449
0.71469170
0.71125305
0.66879070
0.67144996
0.65146196
0.70307577
0.72271329
0.68959892
0.67695534
0.65512007
0.69345784
0.66903549
0.69272715
0.71364886
0.78682232
0.74639314
0.73006737
0.73683083
0.75327528
0.78152740
0.75614899
0.71419626
0.72919828
0.73885459
0.74458355
0.67728639
0.66803151
0.70242429
0.71621954
0.67140281
0.67323321
0.68657309
0.63978994
0.59610265
0.62434608
0.70140976
0.59186500
0.61975420
0.61530060
0.62925154
0.59272194
0.57966036
0.58375025
0.61965716
0.63590634
0.62977564
0.65124732
0.65434772
0.65878826
0.71366256
0.71696728
0.70414358
0.70981449
0.63410872
0.63465756
0.69101530
0.74461085
0.64430630
0.63403511
0.64852464
0.64886153
0.67064989
0.62019378
0.65930939
0.66800582
0.65657634
0.62005144
0.64692229
0.62265599
0.62586617
0.60789835
0.62844115
0.66891289
0.66834056
0.67179888
0.63303381
0.68123299
0.62802768
0.67933965
0.67450696
0.75769621
0.70798624
0.68299669
0.58871698
0.64535493
0.64370400
0.65964472
0.66742325
0.67899573
0.63568497
0.61197174
0.67564827
0.72443712
0.72139579
0.66771537
0.66337210
0.64868009
0.66184825
0.72250837
0.69710696
0.66355574
0.68927157
0.62298703
0.66897428
0.63613880
0.61272252
0.64225984
0.59856534
0.59704936
0.61873817
0.58226967
0.53376180
0.61897320
0.62255502
0.60995591
0.56919289
0.62178469
0.60670048
0.63024873
0.61581641
0.59361964
0.70003116
0.66390151
0.67248988
0.60512507
0.59372538
0.62188464
0.60377735
0.64801162
0.67182630
0.66853142
0.68870926
0.67207152
0.64559525
0.62561667
0.63018841
0.72327149
0.76657730
0.71747035
0.69213068
0.66895926
0.70128119
0.68790537
0.68417633
0.72133958
0.71667945
0.65189439
0.63957006
0.64687145
0.66590869
0.63774937
0.62603068
0.56082433
0.55848527
0.58268708
0.54111385
0.55363297
0.53660882
0.55557013
0.53169560
0.55167204
0.53034484
0.56493604
0.58750707
0.58985323
0.59997201
0.59347093
0.60684961
0.62060583
0.62001550
0.59272635
0.60787797
0.58424789
0.59621429
0.55297345
0.60944986
0.62025619
0.62101871
0.61432105
0.60781735
0.65661073
0.67672276
0.68388832
0.66538119
0.67313594
0.66355836
0.69746876
0.70202094
0.73421073
0.76873201
0.67771488
0.70316923
0.65484053
0.61858314
0.64275801
0.66819245
0.70197552
0.63220710
0.66279000
0.61156148
0.65486163
0.66918480
0.62484354
0.63002259
0.68522829
0.64188433
0.57609689
0.66369325
0.65833932
0.66425228
0.69685024
0.72077572
0.63757670
0.69633114
0.69008929
0.72821593
0.62962985
0.68270665
0.64312863
0.65294749
0.68887466
0.66356033
0.64087778
0.67292053
0.70323539
0.66360354
0.67636943
0.66008401
0.68219733
0.67747086
0.66438639
0.70805246
0.69297796
0.61550570
0.70066231
0.66388971
0.64452541
0.68241966
0.68038738
0.65709406
0.69681418
0.68176943
0.64504671
0.60504836
0.66702288
0.67358834
0.61223263
0.62982869
0.63608152
0.63063920
0.63791937
0.66540277
0.62321663
0.69382298
0.62351620
0.63701099
0.66652310
0.64760315
0.68416518
0.65110046
0.66899729
0.59876937
0.65778083
0.65010822
0.65071529
0.70345545
0.71357405
0.64616734
0.64306152
0.67269903
0.70355928
0.68354118
0.72176731
0.74960661
0.77803892
0.75701642
0.76071995
0.71113515
0.75012171
0.69306362
0.71894377
0.76617664
0.74044049
0.74493253
0.72646874
0.74193823
0.75525492
0.77554458
0.78223306
0.82006019
0.78682125
0.76629078
0.79243338
0.78218126
0.81511307
0.83889735
0.81079572
0.84604198
0.83525693
0.83870739
0.86685687
0.85209417
0.87242782
0.85670495
0.83848786
0.84351712
0.82226866
0.79410827
0.81984806
0.81054199
0.82157928
0.85232264
0.85566461
0.85504812
0.81275851
0.78778595
0.78154904
0.85824364
0.85214686
0.80843240
0.81853276
0.78230208
0.79150605
0.76907015
0.82217252
0.83694452
0.81398541
0.81547892
0.84290785
0.83862174
0.89788151
0.90525103
0.91673714
0.89266723
0.91453439
0.92920631
0.90447426
0.93032908
0.93656433
0.93485892
0.92052561
0.90978283
0.92349523
0.91893917
0.90654272
0.91725731
0.91577262
0.92184347
0.91755682
0.93569130
0.92508042
0.91179395
0.92755067
0.93392754
0.93352073
0.93249363
0.93047863
0.93723464
0.92861629
0.93328249
0.93675530
0.93940002
0.94338685
0.94405615
0.94979024
0.95367616
0.95381939
0.95359635
0.95102334
0.95273381
0.94713062
0.95132715
0.94970816
0.94071800
0.94242907
0.94359684
0.94705129
0.94809979
0.95097357
0.95739925
0.95902699
0.95709759
0.95921546
0.95873642
0.95765364
0.96411884
0.95902228
0.95480126
0.95389682
0.95757085
0.95723629
0.95060778
0.95737827
0.96389812
0.95656127
0.96073425
0.96211624
0.95846540
0.95621353
0.95958227
0.96034533
0.96251005
0.95065290
0.94012612
0.95018870
0.95980990
0.96358448
0.96184188
0.96487880
0.96712321
0.96273428
0.96285409
0.96079421
0.95891875
0.95004570
0.94923556
0.95982879
0.96625519
0.96885931
0.96798295
0.96875101
0.96636182
0.96923584
0.96980011
0.96927929
0.97005415
0.96861511
0.96725857
0.96626127
0.96647513
0.96763223
0.96621168
0.96526474
0.96663320
0.96561915
0.96651989
0.96506941
0.96358937
0.96210587
0.96204114
0.96029884
0.96063417
0.96422201
0.96371430
0.96322000
0.95839632
0.95748276
0.95395869
0.95212311
0.95241147
0.95487899
0.95779061
0.95982265
0.96176833
0.95896757
0.95147359
0.94563287
0.94209260
0.94050348
0.94098467
0.94316250
0.95415694
0.96469527
0.96148372
0.96153748
0.95866728
0.95923853
0.95998597
0.95430803
0.95668989
0.95597565
0.96127814
0.96390969
0.96067196
0.96346116
0.96723294
0.96393383
0.96733195
0.95737141
0.95768315
0.95660532
0.96561795
0.96768659
0.97042412
0.97043341
0.96724516
0.96621865
0.96804172
0.96749187
0.96783495
0.96753025
0.96708673
0.96791089
0.96665800
0.96654320
0.96633422
0.96495539
0.96584374
0.96384710
0.95986396
0.96443331
0.96322113
0.96419418
0.97010267
0.95948470
0.96334577
0.96933222
0.96962738
0.96885151
0.96745044
0.96807420
0.96994901
0.96702921
0.96760666
0.96751738
0.96305913
0.96413636
0.97096574
0.97167993
0.97082877
0.97228956
0.97259909
0.97212631
0.97092664
0.96993107
0.96967399
0.96610373
0.96047938
0.95991832
0.96227551
0.96412903
0.96421278
0.96428698
0.96160030
0.96030271
0.96307570
0.96579725
0.96486479
0.96612197
0.95870781
0.95033050
0.93820244
0.93326700
0.93732888
0.93997347
0.93513066
0.94336253
0.94395316
0.94977021
0.95393729
0.95442790
0.95349288
0.95797491
0.96370792
0.95734531
0.95987910
0.95813370
0.96010047
0.95377070
0.94966525
0.95209110
0.95200181
0.95534712
0.95844734
0.96178955
0.95957375
0.96013242
0.96244049
0.96164787
0.96512735
0.96480620
0.96627641
0.96756405
0.96184701
0.97101724
0.96893668
0.96950632
0.97146803
0.96746999
0.97031963
0.96947700
0.96903598
0.96795714
0.97124702
0.96833271
0.96954185
0.96847790
0.97113132
0.97122079
0.97172189
0.96733320
0.96775961
0.96746105
0.96643370
0.96837693
0.96874243
0.96681088
0.97125465
0.97071785
0.97224766
0.96816671
0.96677947
0.96892506
0.96855474
0.97016865
0.96995497
0.96549439
0.96031368
0.96324003
0.96404803
0.96352983
0.95751345
0.96284974
0.95909756
0.96228272
0.96499646
0.96795970
0.96730429
0.96888822
0.96817088
0.96660477
0.96868593
0.97068149
0.97312939
0.96882832
0.96854436
0.97372061
0.96894652
0.97058386
0.96775526
0.96799624
0.96861202
0.96404314
0.96647847
0.96869552
0.95947373
0.96490175
0.97016710
0.96814317
0.96711171
0.96537536
0.96937436
0.97158897
0.97133553
0.96628779
0.96875596
0.96602303
0.97061771
0.97022969
0.96701741
0.96040493
0.96294236
0.96698415
0.96555418
0.96672863
0.96588713
0.97043210
0.97188073
0.97158259
0.96864563
0.96916032
0.97020268
0.96970278
0.96919280
0.96866053
0.97157234
0.97138602
0.97112972
0.97086942
0.97040999
0.96833825
0.96764320
0.96596456
0.96392697
0.96135050
0.96067494
0.95889753
0.95911932
0.95806122
0.95784533
0.95710248
0.95652711
0.95590931
0.95688218
0.95709801
0.95775133
0.95930290
0.96147788
0.96231878
0.96251690
0.95834363
0.94815040
0.94785714
0.94722867
0.94748783
0.94103497
0.94449288
0.94726217
0.95223236
0.95291835
0.95240575
0.95070809
0.94307035
0.94385082
0.94472605
0.93316591
0.93606746
0.94051695
0.94278103
0.94188493
0.94199938
0.94390017
0.94527781
0.94338727
0.94774139
0.94765103
0.93798184
0.93927211
0.93792921
0.94023031
0.93772727
0.93781310
0.93494624
0.93731326
0.93269390
0.93759239
0.93699205
0.93718553
0.92082149
0.92865485
0.92401856
0.94673461
0.94939119
0.94579864
0.94724548
0.94294524
0.94752675
0.95152658
0.95641577
0.95595932
0.96141154
0.95099813
0.95831996
0.96649271
0.96513999
0.96313554
0.95351583
0.95468378
0.93926758
0.94931597
0.95230746
0.96310955
0.96024698
0.94946784
0.95254612
0.95642513
0.95017451
0.95792383
0.95617378
0.95833224
0.96081704
0.95463014
0.93306738
0.94046116
0.94998664
0.93878937
0.94238913
0.93491346
0.95441061
0.93189442
0.92711174
0.92272109
0.92902780
0.94292587
0.95013911
0.94237918
0.92467803
0.90983701
0.93280280
0.95401782
0.93722910
0.93166447
0.92381799
0.92224360
0.91704321
0.93112886
0.92223608
0.92486656
0.93688387
0.94025224
0.94935167
0.94962293
0.93969810
0.93000180
0.91649085
0.93716007
0.93556178
0.94527715
0.93019474
0.90403920
0.85076028
0.87932622
0.91207170
0.88596600
0.90867805
0.89579016
0.89798284
0.89904535
0.90083909
0.91579741
0.93212181
0.93322539
0.89427394
0.94917989
0.93809450
0.92659867
0.91802657
0.91865611
0.92774069
0.92525983
0.92522532
0.91254514
0.91637474
0.91510165
0.91466135
0.91610372
0.92125165
0.92293930
0.86980861
0.84003514
0.89523852
0.82404053
0.80523831
0.87303108
0.76483792
0.79132003
0.84017390
0.85145044
0.83078039
0.86771131
0.78649825
0.78304857
0.83813095
0.85855538
0.86181515
0.81617498
0.82953161
0.84519690
0.81785947
0.75412285
0.82217509
0.85433549
0.78835791
0.72838253
0.78984499
0.82065439
0.82890666
0.72143042
0.66577607
0.78010798
0.75361276
0.74331129
0.66109008
0.68762827
0.61086994
0.59873039
0.60824978
0.66367716
0.70402867
0.71126634
0.64263773
0.75579244
0.72459280
0.73695368
0.75968283
0.72431672
0.77771538
0.75737321
0.72159064
0.69079679
0.70234209
0.69839996
0.71686918
0.74455237
0.75675869
0.76962811
0.75136238
0.77681845
0.76740390
0.69372231
0.72724974
0.75719297
0.73105824
0.75108093
0.74728984
0.75636417
0.75624782
0.63234007
0.67157483
0.71048146
0.62004584
0.62315130
0.63884187
0.62367773
0.66406751
0.56840956
0.57615179
0.66256624
0.60709941
0.58337140
0.57599288
0.60435003
0.59044260
0.61340064
0.54273331
0.64185047
0.58111703
0.59105086
0.57407308
0.56362963
0.59400731
0.62809092
0.54976290
0.55579108
0.55197781
0.49759868
0.55526710
0.50764209
0.55670446
0.54318708
0.54076391
0.53588063
0.51153570
0.50782925
0.46304569
0.52864391
0.47340363
0.50717974
0.43298063
0.46400201
0.45538351
0.48097709
0.52695632
0.48467347
0.56449753
0.46207264
0.47515830
0.49750635
0.47897658
0.47285241
0.51917696
0.44416308
0.51271546
0.51201725
0.44646671
0.50645447
0.52648395
0.48935309
0.50353771
0.50081468
0.47309616
0.47470683
0.46825194
0.49732336
0.51271665
0.43793532
0.47121632
0.49914351
0.46037969
0.43914470
0.44298366
0.50602841
0.46060741
0.46761182
0.49559104
0.48024201
0.46206257
0.44361776
0.54885620
0.56849915
0.52732986
0.48172715
0.51107150
0.54855579
0.55493426
0.47305939
0.54943991
0.53836554
0.51701647
0.56632817
0.49145627
0.49574357
0.57865101
0.49563462
0.53966564
0.55079591
0.49558473
0.51730114
0.44838706
0.49004427
0.49271762
0.49697271
0.48649952
0.47978348
0.49949852
0.46166611
0.46594775
0.51304406
0.49376762
0.45383450
0.50139803
0.46959808
0.47372273
0.50947088
0.46980184
0.47884819
0.45713857
0.50259119
0.48467997
0.45611650
0.48803920
0.49138635
0.53259981
0.49640489
0.47346357
0.50514978
0.47697049
0.50429308
0.53575307
0.48402137
0.53298593
0.52772540
0.48169053
0.54430431
0.51716506
0.49513251
0.54477507
0.50273818
0.56461334
0.49227741
0.51610124
0.50467211
0.48412773
0.50684243
0.46560502
0.52807724
0.52391857
0.54756087
0.52640557
0.50297809
0.49921137
0.55263478
0.49311164
0.46559492
0.48189685
0.44222251
0.47535136
0.46897539
0.47635078
0.48945814
0.48858148
0.49101338
0.49038282
0.46485996
0.52717787
0.54111224
0.52551770
0.49540016
0.46784297
0.46777999
0.50523204
0.51578277
0.46451184
0.53343201
0.44184631
0.51190031
0.46769837
0.50215584
0.50336248
0.49680382
0.48973852
0.54157877
0.52063388
0.55028147
0.53747475
0.54189879
0.46869618
0.48977435
0.53021806
0.46165508
0.47104666
0.49801782
0.49998313
0.52146864
0.52735192
0.55693269
0.53524399
0.55131626
0.54003924
0.51610905
0.54483724
0.50728452
0.51500970
0.50970298
0.45570907
0.51246536
0.50057960
0.53289777
0.51892066
0.50290316
0.47812176
0.48867586
0.52922583
0.53660858
0.55660200
0.53723192
0.54065007
0.55648589
0.54559463
0.52878523
0.56367040
0.53221089
0.59140915
0.57775354
0.54316598
0.53447366
0.55804020
0.58454400
0.51995945
0.52182722
0.49647287
0.56337482
0.53712076
0.53714257
0.54028529
0.50664115
0.52138084
0.51767790
0.52868152
0.52663815
0.53201461
0.48830438
0.51283234
0.49970448
0.55177951
0.49707961
0.52412724
0.50329173
0.52543801
0.49383214
0.56690699
0.57462877
0.59269112
0.60510069
0.60206693
0.64779425
0.63838959
0.56012511
0.58163041
0.56064141
0.58155978
0.65332967
0.65246409
0.53939062
0.58626527
0.61236620
0.54633397
0.58914107
0.59326589
0.48409605
0.56697124
0.48573294
0.48121089
0.54273266
0.52250397
0.58129871
0.59636647
0.55111575
0.57749617
0.57288426
0.59382874
0.61726874
0.60607994
0.65717506
0.54546553
0.53572333
0.56653625
0.62058228
0.65378028
0.58251339
0.59966534
0.54810935
0.60765904
0.54553086
0.53941053
0.53659493
0.51315784
0.52799249
0.52734739
0.50924063
0.49490499
0.54930621
0.53889620
0.51894832
0.51685834
0.50884515
0.57954323
0.53995293
0.53984451
0.54013515
0.57187980
0.55069971
0.54987746
0.55922031
0.56738913
0.52292031
0.53973293
0.54161662
0.55017996
0.58156884
0.46305713
0.57183003
0.49141976
0.52080601
0.55192196
0.51247126
0.53656685
0.51037210
0.52966261
0.50190431
0.51648897
0.53435194
0.53747845
0.52189457
0.47916600
0.51217657
0.51537389
0.51542556
0.50241560
0.53071421
0.53557718
0.50735360
0.52263355
0.50835842
0.48903883
0.52012342
0.50778151
0.53573900
0.49635953
0.50158846
0.46535653
0.53203028
0.47755766
0.51865685
0.46370730
0.51808339
0.52440834
0.47026506
0.50176042
0.53285909
0.49723664
0.54304546
0.54197109
0.51223952
0.56449819
0.59770894
0.50344902
0.50143582
0.53668171
0.48477766
0.49719450
0.49448431
0.50998276
0.53170091
0.52584451
0.45899153
0.49916372
0.47719294
0.53101182
0.54840773
0.47082484
0.47855762
0.46714705
0.43653208
0.50602549
0.48801970
0.47753689
0.51550174
0.51150054
0.51138657
0.51171196
0.48551220
0.50640517
0.56636798
0.52596587
0.50904548
0.54305899
0.47573438
0.49823517
0.50956035
0.50633103
0.51920134
0.52062744
0.57344562
0.51212484
0.51692134
0.50719500
0.52633160
0.48817268
0.50477010
0.51591176
0.52730358
0.52159357
0.47810072
0.48874888
0.52065939
0.49065703
0.50903606
0.50897086
0.54359204
0.54225856
0.45324233
0.52141792
0.52478778
0.51691222
0.50155473
0.55027932
0.47933716
0.52585042
0.46005279
0.45499519
0.52078658
0.45037955
0.46744078
0.49818167
0.51792771
0.46277705
0.51112574
0.46372002
0.48403940
0.48890781
0.49445260
0.46837088
0.50758177
0.49497065
0.50720084
0.49742565
0.48679414
0.52072752
0.46818131
0.47609851
0.48823446
0.52922165
0.51047277
0.48346844
0.57583374
0.52714950
0.56618774
0.52380323
0.44819707
0.50090784
0.50969166
0.45996350
0.51314616
0.48392916
0.50128317
0.51369864
0.50900781
0.52448595
0.55451977
0.50817716
0.53565294
0.51307118
0.55091351
0.51065654
0.51066685
0.51100492
0.55509168
0.53751451
0.56333321
0.51830280
0.52136755
0.55606818
0.55421752
0.50368017
0.54431987
0.51405156
0.51571965
0.49266183
0.44518828
0.54635882
0.49879661
0.48403269
0.47549638
0.49796295
0.51583296
0.46830934
0.50485426
0.52193415
0.51041758
0.46358451
0.53223085
0.48228523
0.49107298
0.48438486
0.49390301
0.46666169
0.49711713
0.45956737
0.49335897
0.52488035
0.45726824
0.54200280
0.55900455
0.56171453
0.54517692
0.54136616
0.48686761
0.56250644
0.49859360
0.53058130
0.57145232
0.57787979
0.47313452
0.56437778
0.50099087
0.56489724
0.54242778
0.49144739
0.57538217
0.46131712
0.50162923
0.48224375
0.52408671
0.47200441
0.53245687
0.48952889
0.52957040
0.53259909
0.60422248
0.59207618
0.58167559
0.54489219
0.60025799
0.55796659
0.58194506
0.54158753
0.57509208
0.57783926
0.55265898
0.57959980
0.57740152
0.62709063
0.62197453
0.63032657
0.67165792
0.63245875
0.69433475
0.64274132
0.60275042
0.62772226
0.62373257
0.59988606
0.61549306
0.62052584
0.56247175
0.55205745
0.55643493
0.57627708
0.61138463
0.61901897
0.61580539
0.61499119
0.58744931
0.57596040
0.54813224
0.55994254
0.55324638
0.53078008
0.54386872
0.49521101
0.52407789
0.52387732
0.50901067
0.53938174
0.51245826
0.51553982
0.52092707
0.55155438
0.51523560
0.53572994
0.52168053
0.53718245
0.57458293
0.52153134
0.54259902
0.51745540
0.50045395
0.49173501
0.54459614
0.57922846
0.53747755
0.55129206
0.56692457
0.51554972
0.59275395
0.59562248
0.58568490
0.60604376
0.57865036
0.64460349
0.57572514
0.57853907
0.55717170
0.51376772
0.50133473
0.58067095
0.54240870
0.53788698
0.59636092
0.55958235
0.59939539
0.59992677
0.52927428
0.57626396
0.59036922
0.50242013
0.51064807
0.55524153
0.52516317
0.54598367
0.53148842
0.56029367
0.52735835
0.53874177
0.57984447
0.58699167
0.63507789
0.57137191
0.55803019
0.58556992
0.61070073
0.56222284
0.58329886
0.63514429
0.59192973
0.58325046
0.58852518
0.59469754
0.64806634
0.62415999
0.55043083
0.62585109
0.60186213
0.58783340
0.63055801
0.58379757
0.59581399
0.59932274
0.59079558
0.53526741
0.57037425
0.57950240
0.56909627
0.63311642
0.60705411
0.59601039
0.57326370
0.57325256
0.63938391
0.62083763
0.60423386
0.56482732
0.54710215
0.53225976
0.54839814
0.57825392
0.51107621
0.54373878
0.57362145
0.54538625
0.54468125
0.50128353
0.57499611
0.51773673
0.48101217
0.55954051
0.46855381
0.54557067
0.55026925
0.58737361
0.52035624
0.53495520
0.53256440
0.50054085
0.51224172
0.58840799
0.61781317
0.58500952
0.55431092
0.55769879
0.62488240
0.68352330
0.61735022
0.60528499
0.66029453
0.63339561
0.66369331
0.64119029
0.60269368
0.62670630
0.63538009
0.64658672
0.67949533
0.62863874
0.69036645
0.74665594
0.68884975
0.63022220
0.65997195
0.56679803
0.61554849
0.56802237
0.54123259
0.56825840
0.50592178
0.58874327
0.58503836
0.58081454
0.55605608
0.58324862
0.52460247
0.56851566
0.53968996
0.56008941
0.54041165
0.58209020
0.56493157
0.60768920
0.55421329
0.58487731
0.60954273
0.61179769
0.56112707
0.61145359
0.62205791
0.58186054
0.53946817
0.56984746
0.56808454
0.53802609
0.58002353
0.56511378
0.59601885
0.52920645
0.57147551
0.53965747
0.52399659
0.53974646
0.56998539
0.61572528
0.59785241
0.62389737
0.59102696
0.64954561
0.66529214
0.68669170
0.61696738
0.62671471
0.59357709
0.62320882
0.54207450
0.57995015
0.55339128
0.57468253
0.60265732
0.50672770
0.55556977
0.57204014
0.52391249
0.56887418
0.55015641
0.52550614
0.54284686
0.54507214
0.52457619
0.56511277
0.50969446
0.49306387
0.55494100
0.53222907
0.51103014
0.55250001
0.54665983
0.54602879
0.56610864
0.62308842
0.59351623
0.60505670
0.56514138
0.63217133
0.64873773
0.64829183
0.62969106
0.70922506
0.58482903
0.59677994
0.59411067
0.61155438
0.60656804
0.52535689
0.58063155
0.50392860
0.57770890
0.51410407
0.55665088
0.55828160
0.50926197
0.56370509
0.55301428
0.54204297
0.56905407
0.59347761
0.67627466
0.63196987
0.59130055
0.61802894
0.67581773
0.63099349
0.60699630
0.66991842
0.66889727
0.67757499
0.71562493
0.71013397
0.71014273
0.66527551
0.72234291
0.68493122
0.74832505
0.71405530
0.68830681
0.64593816
0.64217365
0.66083395
0.57538986
0.59871149
0.65336877
0.59084177
0.61381751
0.62566179
0.62528181
0.64783925
0.67509985
0.59770864
0.68007046
0.59456813
0.61188555
0.57983339
0.63602602
0.64564681
0.57855552
0.58392477
0.61602455
0.61624891
0.63150841
0.63947552
0.69881099
0.71144706
0.67794853
0.69645405
0.65369052
0.68488598
0.71217930
0.67608398
0.69170302
0.63509113
0.61410534
0.64398843
0.70888561
0.71265680
0.75997251
0.70856249
0.72897786
0.77800953
0.74352789
0.71553504
0.76979327
0.71128476
0.67619503
0.73392135
0.66318351
0.60290688
0.67442501
0.67922366
0.67720503
0.60652465
0.62382042
0.66419423
0.59487265
0.65306967
0.59376222
0.66762871
0.58657014
0.63903242
0.61416841
0.65104967
0.65507674
0.60148638
0.62481439
0.57578111
0.57532483
0.63348836
0.59761614
0.65738827
0.63484859
0.64283335
0.66121286
0.64672410
0.68950212
0.66711277
0.72874439
0.66401863
0.64099473
0.61892986
0.68464541
0.62615448
0.68150985
0.64024866
0.65432143
0.67729795
0.66780561
0.73152310
0.73341393
0.66762829
0.76135480
0.74217707
0.76134008
0.76654303
0.82437032
0.83314443
0.84453022
0.85472864
0.82679099
0.82899266
0.81325740
0.84515345
0.83171588
0.81206942
0.85336274
0.80499369
0.81361926
0.76984912
0.82688248
0.82529706
0.81314665
0.81963128
0.83097088
0.83379108
0.84201455
0.78925568
0.84236664
0.85588652
0.85976815
0.86353207
0.86091381
0.86747992
0.87414849
0.87558705
0.86132103
0.88545418
0.89656568
0.86626083
0.89115047
0.88461643
0.88837093
0.86815947
0.87597454
0.86963797
0.86485094
0.86795932
0.87656391
0.90116799
0.89948857
0.88072252
0.89752585
0.90791094
0.91707873
0.91044432
0.91588700
0.91989022
0.92602444
0.90469551
0.91809398
0.91576248
0.92429453
0.93370390
0.91599709
0.93251806
0.94336987
0.94590306
0.91896397
0.93010372
0.94937360
0.95599383
0.95309973
0.95910865
0.95369959
0.95520997
0.95218533
0.96234649
0.95787168
0.95952445
0.96406853
0.95452642
0.95776844
0.94909173
0.96059126
0.96408671
0.96051383
0.95704669
0.96251458
0.96091121
0.96113110
0.96073139
0.95133668
0.94941109
0.93957561
0.95618337
0.95646083
0.95504659
0.94976550
0.95349687
0.95725572
0.94759476
0.94999081
0.94415092
0.95907885
0.95509642
0.96005070
0.96132934
0.96013451
0.95989889
0.95434594
0.95255941
0.95328796
0.96181899
0.95497429
0.94890666
0.95559180
0.95860350
0.95871699
0.96096087
0.96332878
0.95532548
0.94753766
0.95369577
0.95969504
0.95972437
0.95954752
0.95998466
0.96155655
0.96010989
0.96300882
0.95960194
0.94549859
0.95509481
0.96168554
0.95902425
0.96399242
0.95986557
0.96817821
0.95541185
0.93086147
0.93026078
0.95043850
0.95235938
0.94939905
0.95737720
0.95600039
0.95604908
0.94893378
0.94529718
0.94874096
0.94934362
0.95591956
0.96280265
0.96299088
0.96037394
0.96236008
0.96315873
0.96220398
0.95553911
0.95985055
0.96448565
0.96784592
0.96853685
0.96441466
0.96720159
0.96830231
0.97023553
0.97058487
0.97024071
0.97061050
0.96809644
0.96902686
0.96925360
0.96794063
0.96893185
0.96793896
0.96908778
0.97031587
0.97105759
0.97196198
0.97203851
0.97219253
0.97277087
0.97156435
0.97137880
0.96852231
0.96429861
0.96150225
0.95980817
0.95592445
0.94911408
0.94385993
0.94037145
0.94268256
0.94712889
0.95436054
0.95762116
0.95865017
0.95314533
0.94637668
0.94783813
0.95066690
0.95030808
0.94909465
0.94611955
0.94490963
0.94571167
0.94891322
0.95038897
0.94991302
0.94867808
0.94926977
0.95498943
0.95354974
0.94789124
0.94344848
0.94285804
0.94545639
0.94800133
0.95067048
0.94829005
0.94687748
0.94312096
0.94643718
0.95483363
0.95065004
0.95092523
0.94445258
0.94138610
0.94325596
0.95288479
0.96135670
0.96087426
0.96060467
0.96595389
0.95868742
0.94357049
0.95787054
0.96444327
0.96411526
0.96556181
0.96654153
0.96330994
0.96304476
0.95904595
0.96107912
0.96728212
0.96723384
0.96502322
0.96253932
0.96350920
0.95947367
0.96189272
0.95506251
0.96472043
0.96614134
0.96065867
0.96838766
0.96355391
0.96752810
0.96791148
0.96712017
0.96733254
0.96926606
0.96867800
0.97096026
0.96898288
0.97041678
0.96880943
0.96516669
0.96594632
0.96155393
0.96299237
0.95934898
0.96013099
0.96058488
0.96165997
0.96191317
0.96078432
0.95823419
0.96022749
0.96188271
0.96334976
0.96373081
0.96264863
0.95844340
0.95231491
0.94639832
0.94071531
0.93928093
0.94076103
0.94643879
0.95088798
0.95222265
0.95863122
0.96234697
0.96441346
0.96159869
0.95521790
0.94898951
0.94963431
0.95183355
0.95416504
0.95675439
0.95791793
0.96045011
0.95843059
0.95771104
0.94904178
0.94808644
0.94353211
0.95296860
0.96108603
0.95886278
0.95973092
0.95972675
0.95920408
0.96214885
0.96046364
0.95894539
0.95226252
0.95579487
0.96028644
0.96547556
0.96473664
0.96783251
0.96888149
0.96896374
0.96838212
0.96272731
0.96032733
0.96170968
0.96056080
0.95968175
0.95789987
0.95205444
0.95026308
0.95042133
0.95188767
0.95338124
0.94951779
0.94838679
0.94586790
0.94257128
0.94259560
0.94715422
0.94900292
0.95073956
0.95112205
0.95207250
0.95376474
0.95567429
0.94885343
0.93722469
0.93579525
0.94080472
0.94457394
0.94969141
0.95065111
0.94909537
0.94444501
0.94139808
0.93939549
0.93350559
0.92904925
0.92642462
0.92522675
0.92429793
0.92909890
0.92745715
0.93432844
0.94136268
0.94351375
0.94633013
0.94629651
0.94969261
0.95076436
0.95183659
0.94849581
0.94882560
0.94599235
0.94675893
0.94860244
0.95153707
0.95099014
0.94905502
0.94751340
0.94830644
0.95364678
0.95288396
0.95372820
0.95587707
0.95441538
0.95628285
0.96074837
0.96192396
0.95985407
0.96117550
0.96043652
0.95689070
0.95689398
0.95424473
0.96180332
0.96120024
0.96312481
0.96707249
0.96905744
0.96694136
0.96881849
0.96971828
0.96947247
0.96921194
0.96981257
0.96750814
0.96717817
0.96589100
0.96607476
0.96556914
0.96485549
0.96438903
0.96400803
0.96491432
0.96477568
0.96370202
0.96232885
0.96234637
0.96184123
0.96235150
0.96189606
0.96003664
0.96045399
0.95987678
0.95971501
0.95952964
0.95870662
0.95730191
0.95814157
0.95923710
0.95812601
0.95900989
0.95600158
0.95395714
0.95187014
0.95250732
0.94425774
0.93642265
0.93270862
0.93296468
0.93392521
0.93576854
0.93826365
0.94903678
0.95827115
0.96175820
0.94710624
0.93233812
0.92530513
0.92777759
0.93038076
0.92906833
0.93200493
0.93902963
0.94312918
0.94788951
0.94745612
0.94270653
0.93755257
0.92941809
0.92699617
0.93155342
0.93124092
0.93802780
0.93579000
0.93140769
0.92834765
0.92398697
0.93138534
0.92736459
0.92954797
0.93124205
0.93567002
0.93471843
0.92777771
0.92581367
0.91839045
0.90784049
0.91579211
0.92959702
0.94223416
0.94776893
0.94531977
0.93303347
0.92912686
0.93103093
0.93659788
0.94320387
0.94874930
0.94442534
0.93473655
0.93098813
0.94876271
0.95379132
0.94876701
0.94636297
0.95315611
0.94039220
0.93966782
0.94692278
0.95251143
0.95696086
0.95121908
0.95297670
0.93880528
0.94914007
0.95220739
0.95199490
0.95463043
0.95774031
0.94716197
0.94305658
0.93546379
0.94290173
0.94923896
0.95104760
0.95312244
0.94025487
0.94218868
0.91139400
0.90174413
0.87773752
0.91092634
0.91975147
0.94239992
0.89693445
0.89764786
0.90864080
0.92883027
0.92992818
0.93752664
0.93190819
0.92454910
0.91857147
0.90591615
0.91456950
0.92410666
0.93030792
0.89155233
0.89937866
0.90007317
0.90941709
0.92397374
0.91110802
0.93085837
0.92553228
0.92833871
0.92517114
0.93453306
0.86934739
0.89161611
0.90152550
0.89741457
0.89120466
0.89657003
0.90145099
0.91724294
0.91101480
0.90893191
0.91670573
0.93542635
0.93318176
0.90780115
0.90722549
0.91580820
0.90713948
0.92089021
0.91616589
0.86853290
0.84636277
0.84672654
0.88648534
0.90144992
0.85766125
0.87081969
0.80098051
0.83774841
0.81123829
0.72689945
0.74058622
0.74203146
0.79801452
0.75900644
0.79356927
0.72302550
0.73598033
0.70249897
0.73641849
0.69639105
0.75853318
0.74946982
0.75114053
0.73101938
0.72544414
0.74419302
0.68960524
0.72774464
0.71872997
0.70125592
0.67619944
0.62619078
0.71211672
0.74595058
0.67935228
0.63847715
0.65032375
0.63921505
0.65388709
0.70935029
0.72724056
0.75304455
0.70715880
0.61670619
0.66446197
0.70981872
0.71760678
0.64261019
0.62339604
0.58388382
0.60941261
0.63751769
0.61601847
0.58454156
0.57567781
0.58616257
0.62817031
0.64754963
0.54720652
0.64188492
0.58865064
0.56020647
0.52496994
0.60098624
0.59984118
0.60562879
0.53664267
0.54850417
0.61783326
0.55265439
0.63646060
0.57369095
0.58452374
0.57452691
0.60933113
0.56132209
0.65560800
0.55004156
0.56316328
0.54803723
0.59092027
0.52217919
0.62443763
0.60975909
0.52024984
0.57372934
0.51444042
0.56294537
0.55636346
0.60764056
0.64110667
0.59768534
0.59598958
0.54790884
0.59918690
0.58400208
0.65213722
0.64852268
0.55595410
0.62322962
0.58935767
0.58981872
0.54953128
0.61614889
0.56606084
0.63781512
0.62602550
0.61325216
0.69509774
0.62890929
0.65991873
0.59243119
0.58369619
0.58217680
0.53187227
0.62803274
0.57156420
0.55318028
0.61739993
0.58472234
0.59144735
0.66145968
0.60146528
0.61835867
0.56665963
0.57872164
0.59618193
0.59317565
0.57410133
0.58166707
0.56778818
0.57070583
0.60863894
0.56651491
0.54836363
0.52887475
0.54933548
0.59033442
0.56245935
0.51106620
0.55207837
0.50767845
0.55035353
0.52659863
0.55600262
0.58776015
0.55539942
0.56381869
0.60000247
0.54144800
0.59461784
0.56484628
0.51558030
0.55104667
0.50343168
0.54464138
0.55849975
0.55318236
0.56501734
0.59067619
0.54627693
0.61304772
0.61527067
0.70141315
0.63447040
0.54158771
0.59695947
0.63309181
0.59743690
0.53111815
0.57054657
0.55239278
0.55130535
0.53727901
0.55179417
0.57554209
0.56923097
0.54200459
0.58211929
0.61157405
0.57065779
0.61306578
0.58769530
0.54572713
0.52803183
0.57056868
0.53994840
0.52620560
0.55568606
0.52271038
0.51254159
0.49679181
0.56355900
0.51741987
0.55955899
0.57272846
0.59970325
0.54443359
0.53564930
0.53593129
0.53231460
0.54987872
0.54626763
0.53300756
0.50720066
0.48327398
0.51081538
0.53721464
0.50805831
0.49369076
0.51869363
0.54828328
0.50122881
0.49074984
0.53955793
0.49744725
0.57314771
0.50318646
0.50038922
0.53813910
0.55233681
0.47259748
0.53818798
0.56954914
0.55722463
0.52989435
0.57937735
0.49239409
0.55527401
0.53213584
0.54576492
0.56458110
0.51977235
0.53128213
0.49639395
0.49620333
0.55343038
0.55843514
0.60461062
0.60041243
0.58612251
0.60437733
0.54729480
0.58804953
0.57293439
0.57113534
0.56810379
0.54738593
0.51718509
0.60379702
0.59275448
0.54369193
0.55361271
0.57906610
0.69296867
0.62555367
0.49594089
0.61158675
0.54415953
0.60223746
0.50676662
0.54938740
0.54128343
0.52035230
0.52442276
0.49948353
0.52955484
0.54924577
0.53825253
0.56904203
0.53462309
0.60102832
0.53639013
0.57980019
0.66247761
0.65856254
0.62035495
0.62683469
0.60273981
0.71451789
0.65143663
0.68640840
0.60898590
0.62811875
0.55967736
0.52956647
0.53688216
0.55038941
0.58161020
0.55439597
0.54673809
0.53297549
0.55873388
0.52825314
0.58010715
0.53166467
0.53522480
0.56083429
0.50938201
0.52171099
0.58073241
0.56380963
0.56658262
0.63290185
0.56184977
0.62991017
0.61362755
0.63721746
0.64269364
0.65522867
0.70546216
0.64394534
0.67960531
0.61983675
0.59792554
0.54967719
0.54765886
0.59440446
0.52634716
0.60278898
0.62266541
0.60195857
0.61610377
0.62077796
0.62472743
0.68188417
0.64297360
0.65646940
0.65285331
0.59715360
0.67711180
0.63832694
0.67724478
0.68700385
0.66401237
0.62102354
0.61830819
0.67605919
0.57148093
0.63980281
0.59779692
0.57800996
0.56529331
0.59396648
0.57161969
0.58650666
0.59629375
0.61557102
0.59854400
0.56948841
0.60139143
0.61720008
0.64810419
0.63029587
0.66206944
0.61622602
0.63244474
0.62148023
0.60568351
0.63888049
0.70307660
0.67201763
0.62937021
0.63946843
0.59762853
0.65095741
0.61540830
0.62004626
0.58541566
0.63909560
0.63362014
0.63076931
0.60693717
0.58653504
0.53417641
0.64423120
0.62544590
0.62838733
0.59791702
0.60309780
0.60783631
0.58380866
0.56780779
0.55244869
0.56830806
0.52655512
0.61081159
0.58891016
0.55734569
0.61788327
0.51593637
0.57884014
0.51936740
0.56304908
0.59464288
0.62904644
0.54805249
0.57742316
0.63262123
0.59872836
0.62410605
0.59517980
0.59914613
0.55341840
0.60187662
0.59048957
0.64737928
0.63913447
0.59478253
0.63174182
0.59724611
0.58088177
0.64991593
0.65130633
0.56337029
0.55203527
0.65648711
0.57659698
0.55945975
0.56298393
0.52153844
0.58427000
0.56661165
0.63111240
0.60184878
0.62819403
0.62414896
0.63738638
0.68264484
0.60653907
0.61583424
0.68477362
0.69385922
0.60535634
0.62509340
0.66500235
0.67292190
0.66592151
0.63119906
0.61921358
0.65793800
0.62342107
0.65841061
0.65491724
0.67197996
0.66284633
0.69847172
0.65118831
0.67745107
0.60740435
0.62352693
0.69685847
0.62426209
0.61006290
0.67480230
0.65023077
0.63023067
0.63809633
0.62677073
0.57048571
0.63497889
0.65469515
0.68746889
0.66990936
0.67032635
0.59643644
0.66294938
0.69823819
0.62452161
0.68753278
0.65735394
0.71024269
0.71804881
0.72972590
0.65604621
0.71150863
0.68807924
0.68870997
0.65056258
0.63995719
0.68918055
0.68644184
0.68026102
0.68840075
0.64926499
0.66123331
0.61878294
0.66817838
0.66093117
0.65805680
0.66594201
0.67654574
0.69925719
0.66456252
0.72758704
0.69993240
0.72559774
0.70713407
0.69787252
0.72536862
0.75753230
0.77888012
0.77540541
0.74384916
0.79039860
0.78370929
0.74193770
0.78131622
0.81272084
0.77070022
0.76405299
0.77014524
0.81154448
0.82554996
0.80403054
0.77264929
0.77244157
0.77054942
0.75072670
0.81192458
0.74191684
0.70186359
0.71580917
0.76337439
0.71378171
0.74616885
0.75515318
0.74265426
0.71770346
0.75968796
0.78316945
0.79389107
0.78705192
0.78430009
0.83616251
0.83167207
0.80870003
0.86335796
0.86420381
0.86395758
0.86796498
0.87413293
0.86738867
0.87870884
0.86541682
0.87860173
0.89358109
0.88730764
0.87497503
0.87121433
0.88887912
0.89637882
0.90004498
0.90308213
0.90317947
0.92152280
0.92785305
0.92580640
0.92482179
0.90422875
0.92677432
0.93337905
0.93514574
0.92566627
0.93129921
0.93345219
0.92688864
0.92786217
0.93156266
0.93311441
0.93763179
0.93183494
0.94155347
0.95581216
0.95349514
0.96177608
0.95804548
0.95926279
0.95808256
0.95618248
0.95627427
0.95464271
0.95407456
0.95731026
0.96046430
0.95885456
0.96111459
0.96355915
0.96674633
0.96714228
0.96692073
0.96648860
0.96578473
0.96377277
0.96163660
0.96391165
0.96230221
0.96036077
0.96123374
0.95715100
0.95626336
0.95501870
0.95714277
0.95795196
0.95953578
0.95771569
0.95832098
0.95589513
0.95347476
0.95521235
0.95601761
0.95325404
0.95571035
0.95590204
0.95567769
0.95279920
0.95428294
0.95324850
0.95259786
0.95381063
0.95446569
0.95612144
0.95776337
0.95829207
0.95722622
0.95767373
0.95620155
0.96089977
0.96055734
0.95922512
0.96088231
0.95622706
0.95153499
0.95888108
0.96340042
0.96226954
0.96221316
0.96004540
0.96323681
0.96502262
0.96556485
0.96636617
0.96590024
0.96356499
0.96323991
0.96303046
0.96370405
0.96319580
0.96196145
0.96354818
0.96166503
0.96148890
0.96289343
0.96076530
0.96076334
0.95943916
0.95950556
0.95890373
0.95892143
0.95638788
0.95730764
0.95712554
0.95589703
0.95557970
0.95704567
0.95725077
0.95794177
0.96041584
0.95872635
0.96200407
0.95874691
0.95716286
0.96173549
0.96378553
0.96617305
0.96605855
0.96676952
0.96653616
0.96732730
0.96605963
0.96489698
0.96128339
0.95942414
0.95982033
0.95820308
0.95698458
0.95329857
0.95962387
0.96042496
0.96056056
0.96017718
0.96220320
0.96246904
0.96258402
0.96015692
0.96239930
0.96330750
0.96428818
0.96427274
0.96392429
0.96213281
0.96127516
0.95888400
0.95918095
0.95846397
0.95705867
0.95322847
0.94845873
0.94930428
0.95032650
0.95036483
0.94714719
0.94767618
0.94733125
0.95007861
0.94944459
0.94746792
0.94848871
0.95057523
0.94837219
0.94854611
0.94830227
0.94882959
0.94824976
0.94775224
0.94773865
0.95200908
0.95321018
0.95415562
0.95609313
0.95762879
0.95397037
0.94914293
0.94474298
0.94249237
0.94252527
0.94513839
0.94973528
0.95767361
0.96426678
0.96643019
0.96424770
0.96073842
0.96105081
0.96217674
0.96310967
0.96254063
0.96121514
0.96133935
0.96236515
0.96389771
0.96552992
0.96465099
0.96331072
0.96187711
0.96257365
0.96153760
0.96225673
0.96181476
0.96251875
0.95573682
0.94750845
0.94296223
0.94130850
0.94251949
0.94135052
0.94389904
0.94781029
0.95303798
0.95629019
0.95789289
0.94945031
0.93611896
0.93097997
0.93283749
0.93667912
0.93601638
0.94492590
0.95221049
0.95810097
0.95948660
0.95931619
0.95878571
0.95553106
0.95074689
0.95017612
0.94937313
0.95037872
0.94866133
0.94731587
0.94668925
0.94125336
0.94252670
0.94525534
0.94739538
0.94794834
0.94803607
0.94806588
0.94854718
0.94844991
0.94896472
0.94819897
0.94712430
0.94978535
0.95187569
0.94823712
0.94377732
0.94680929
0.95299554
0.95351976
0.95790917
0.95890033
0.96326572
0.96413887
0.96360320
0.96235996
0.96135819
0.96047133
0.96259761
0.96260160
0.96107417
0.95923686
0.95742625
0.95388728
0.95688361
0.95928490
0.96087790
0.95624918
0.96077508
0.95912665
0.96354365
0.96617401
0.96670014
0.96783555
0.96786153
0.96609116
0.96824193
0.96539783
0.96352106
0.96565866
0.96594816
0.96585274
0.96203530
0.96270972
0.96231449
0.96378189
0.96217442
0.96128541
0.96301168
0.96132451
0.96201563
0.96296328
0.96111125
0.95610118
0.96060431
0.96595609
0.96632862
0.96711040
0.96567142
0.96632683
0.96621233
0.96436024
0.96221429
0.95610541
0.95285875
0.96338320
0.95882124
0.96548504
0.96198928
0.96263707
0.96387213
0.96570665
0.96500367
0.96570331
0.96458292
0.96437240
0.96668321
0.96621698
0.96529496
0.96449250
0.96372110
0.96590406
0.96515787
0.96414387
0.96473610
0.96504742
