3.00000000
3.00000010
3.00000203
3.00000268
3.00000002
3.00000071
3.00000126
3.00000006
3.00000142
3.00000281
3.00000003
3.00000000
3.00000018
3.00000005
3.00000001
3.00000000
3.00000000
3.00000001
3.00000007
3.00000040
3.00000001
3.00000000
3.00000001
3.00000012
3.00000006
3.00000000
3.00000072
3.00000002
3.00000000
3.00000001
3.00000002
3.00000026
3.00000041
3.00000077
3.00000021
3.00000000
3.00000015
3.00000005
3.00000001
3.00000001
3.00000046
3.00000318
3.00000371
3.00000051
3.00000000
3.00000001
3.00000012
3.00000058
3.00000204
3.00000178
3.00000031
3.00000083
3.00000002
3.00000000
3.00000001
3.00000043
3.00000010
3.00000002
3.00000000
3.00000053
3.00000033
3.00000419
3.00000015
3.00031567
3.00034527
3.00038330
3.00056599
3.00058880
3.00036774
3.00038677
3.00053169
3.00048845
3.00047189
3.00056599
3.00045803
3.00038604
3.00034840
3.00045039
3.00079930
3.00062579
3.00069499
3.00050963
3.00047448
3.00047250
3.00038241
3.00045102
3.00062161
3.00047542
3.00029926
3.00026917
3.00025924
3.00025265
3.00026727
3.00020843
3.00023522
3.00027519
3.00034721
3.00047727
3.00032762
3.00032940
3.00044231
3.00077354
3.00090276
3.00069275
3.00069381
3.00078105
3.00069169
3.00079932
3.00087923
3.00079268
3.00077293
3.00073430
3.00064289
3.00087227
3.00074195
3.00051327
3.00052733
3.00074476
3.00088201
3.00174188
3.00090864
3.00097312
3.00154699
3.00156239
3.00178317
3.00202829
3.00331951
3.00276228
3.00244632
3.00114984
3.00094128
3.00076635
3.00064279
3.00095133
3.00070088
3.00050685
3.00049449
3.00070670
3.00075269
3.00077665
3.00068791
3.00078370
3.00111592
3.00123540
3.00116167
3.00114136
3.00105956
3.00129903
3.00117527
3.00062288
3.00055817
3.00057062
3.00063008
3.00067025
3.00058297
3.00062786
3.00042646
3.00065387
3.00053550
3.00034317
3.00036233
3.00034771
3.00054836
3.00054096
3.00051340
3.00062150
3.00056701
3.00045509
3.00047376
3.00048082
3.00072295
3.00053091
3.00050144
3.00041696
3.00052348
3.00057392
3.00056086
3.00056155
3.00058736
3.00064786
3.00063386
3.00069913
3.00054640
3.00051218
3.00069277
3.00076706
3.00082329
3.00078858
3.00059447
3.00056507
3.00058490
3.00054407
3.00067847
3.00095623
3.00110211
3.00137959
3.00181563
3.00235515
3.00255722
3.00225424
3.00195821
3.00164241
3.00171261
3.00190857
3.00230348
3.00235575
3.00226026
3.00216985
3.00199770
3.00227013
3.00231595
3.00169022
3.00186525
3.00187690
3.00138079
3.00129607
3.00117709
3.00093411
3.00129978
3.00157028
3.00167155
3.00131738
3.00118327
3.00107648
3.00131415
3.00147235
3.00112967
3.00205692
3.00146745
3.00064200
3.00057870
3.00041757
3.00041877
3.00027455
3.00030787
3.00032524
3.00042726
3.00061465
3.00050437
3.00034366
3.00037878
3.00034751
3.00037846
3.00034493
3.00037117
3.00042511
3.00030759
3.00031555
3.00030388
3.00030170
3.00036376
3.00040632
3.00042305
3.00055191
3.00047912
3.00047865
3.00026129
3.00036521
3.00063287
3.00059547
3.00066469
3.00038612
3.00037530
3.00032500
3.00036700
3.00058722
3.00148608
3.00132082
3.00137777
3.00133616
3.00160526
3.00172071
3.00283171
3.00281418
3.00213876
3.00152028
3.00149838
3.00152743
3.00132090
3.00078347
3.00048264
3.00046647
3.00045781
3.00030428
3.00043987
3.00036958
3.00027468
3.00043733
3.00040329
3.00039847
3.00066021
3.00120934
3.00060992
3.00037263
3.00038555
3.00046425
3.00034023
3.00030941
3.00040195
3.00027560
3.00049582
3.00029173
3.00028509
3.00024593
3.00029170
3.00043325
3.00031647
3.00027544
3.00032073
3.00032731
3.00056767
3.00104612
3.00063247
3.00062734
3.00040423
3.00051037
3.00051678
3.00033424
3.00126553
3.00302344
3.00190874
3.00058671
3.00108788
3.00114086
3.00113463
3.00127883
3.00202006
3.00228709
3.00284039
3.00220027
3.00181162
3.00125066
3.00128723
3.00216022
3.00264437
3.00106208
3.00074428
3.00061633
3.00102949
3.00084673
3.00102312
3.00058059
3.00050691
3.00038306
3.00035927
3.00037906
3.00037768
3.00046220
3.00065598
3.00031833
3.00033386
3.00033417
3.00039516
3.00047181
3.00045474
3.00060703
3.00116032
3.00123379
3.00138061
3.00127323
3.00131162
3.00157796
3.00152793
3.00144497
3.00105738
3.00104532
3.00070117
3.00049160
3.00075347
3.00069726
3.00023860
3.00026320
3.00031537
3.00060539
3.00043176
3.00049854
3.00102029
3.00056820
3.00062954
3.00048165
3.00088525
3.00057800
3.00055288
3.00088224
3.00107979
3.00121683
3.00124459
3.00048596
3.00046290
3.00044378
3.00047988
3.00026040
3.00020995
3.00022216
3.00029916
3.00060176
3.00062561
3.00040617
3.00032283
3.00032330
3.00068604
3.00109849
3.00068661
3.00045511
3.00043813
3.00039727
3.00037919
3.00036230
3.00040671
3.00077581
3.00068825
3.00076273
3.00100317
3.00103065
3.00091378
3.00107914
3.00118103
3.00115570
3.00159319
3.00194044
3.00216370
3.00130053
3.00106177
3.00104763
3.00121209
3.00113938
3.00077059
3.00063425
3.00086674
3.00163501
3.00314667
3.00209479
3.00171874
3.00147383
3.00170369
3.00128230
3.00136879
3.00115349
3.00117218
3.00119035
3.00154194
3.00213066
3.00192996
3.00185481
3.00241362
3.00240928
3.00177029
3.00184513
3.00151581
3.00146408
3.00178112
3.00177086
3.00168330
3.00260381
3.00207380
3.00190815
3.00170460
3.00148279
3.00147608
3.00110095
3.00148161
3.00178909
3.00186246
3.00226208
3.00246950
3.00264275
3.00156254
3.00143958
3.00117288
3.00084355
3.00043379
3.00041991
3.00044416
3.00052036
3.00040659
3.00039378
3.00050434
3.00039829
3.00040154
3.00048395
3.00049734
3.00044339
3.00050942
3.00059834
3.00040085
3.00038760
3.00050095
3.00034272
3.00031502
3.00041396
3.00047319
3.00054907
3.00044766
3.00049524
3.00033016
3.00033439
3.00047797
3.00087995
3.00068425
3.00049269
3.00059575
3.00046125
3.00040441
3.00053001
3.00056426
3.00053282
3.00053494
3.00054528
3.00050499
3.00053514
3.00051349
3.00081917
3.00080153
3.00062189
3.00052900
3.00085585
3.00058497
3.00055767
3.00048704
3.00050048
3.00061549
3.00066240
3.00070229
3.00075583
3.00106292
3.00086084
3.00067119
3.00070386
3.00069016
3.00077519
3.00076671
3.00074764
3.00076643
3.00105716
3.00106288
3.00105985
3.00097101
3.00069175
3.00062320
3.00075488
3.00089699
3.00107231
3.00126259
3.00115528
3.00134017
3.00169059
3.00177301
3.00238118
3.00302879
3.00327626
3.00248995
3.00193483
3.00218146
3.00219168
3.00182622
3.00159190
3.00148467
3.00147467
3.00147098
3.00183051
3.00259621
3.00330999
3.00381228
3.00391496
3.00373810
3.00363996
3.00342895
3.00316498
3.00282681
3.00179493
3.00166353
3.00141074
3.00096354
3.00096191
3.00121221
3.00088256
3.00095712
3.00087834
3.00079636
3.00080571
3.00077885
3.00094110
3.00118191
3.00106799
3.00097779
3.00090835
3.00131292
3.00291575
3.00234769
3.00177181
3.00133401
3.00133355
3.00107864
3.00116565
3.00123980
3.00150303
3.00140167
3.00104023
3.00105617
3.00095192
3.00109783
3.00110755
3.00145355
3.00124053
3.00126546
3.00124613
3.00114530
3.00111839
3.00129982
3.00106282
3.00098117
3.00092976
3.00097522
3.00112856
3.00143902
3.00146749
3.00089746
3.00108511
3.00140409
3.00079718
3.00081610
3.00106662
3.00118143
3.00109197
3.00080492
3.00069253
3.00056231
3.00060960
3.00058763
3.00058119
3.00107675
3.00112030
3.00083902
3.00069846
3.00057534
3.00060524
3.00079833
3.00083541
3.00100261
3.00099215
3.00065802
3.00054794
3.00054374
3.00044465
3.00051621
3.00049101
3.00049214
3.00054273
3.00068516
3.00068891
3.00108330
3.00085465
3.00054762
3.00051997
3.00062708
3.00062675
3.00102123
3.00096242
3.00081300
3.00078188
3.00063810
3.00072592
3.00061209
3.00052473
3.00055953
3.00061871
3.00080375
3.00064286
3.00068418
3.00110193
3.00108684
3.00118776
3.00122301
3.00105836
3.00120363
3.00089545
3.00070908
3.00060610
3.00058391
3.00063890
3.00079860
3.00071638
3.00061273
3.00065931
3.00087688
3.00074211
3.00056885
3.00077821
3.00082258
3.00102936
3.00081829
3.00061325
3.00056575
3.00062322
3.00067940
3.00053058
3.00069486
3.00066112
3.00078203
3.00073278
3.00070514
3.00049694
3.00073372
3.00062300
3.00055443
3.00059767
3.00078607
3.00063961
3.00057351
3.00066624
3.00074399
3.00068780
3.00058900
3.00047805
3.00048551
3.00054659
3.00056038
3.00054144
3.00053653
3.00055361
3.00072566
3.00075051
3.00048848
3.00047374
3.00069273
3.00050947
3.00086301
3.00080441
3.00097892
3.00140406
3.00171994
3.00165653
3.00178221
3.00156519
3.00165953
3.00168654
3.00165047
3.00166815
3.00179600
3.00205307
3.00206106
3.00204638
3.00213191
3.00302917
3.00238121
3.00334650
3.00569713
3.00320513
3.00607116
3.00589254
3.00839455
3.00523535
3.00667562
3.01453528
3.01625470
3.00641307
3.00542302
3.00512538
3.00791619
3.01070626
3.01395735
3.02164124
3.01776581
3.00989114
3.00422012
3.00330536
3.00310226
3.00178129
3.00220728
3.00247296
3.00101456
3.00112412
3.00125347
3.00241311
3.00272267
3.00150592
3.00089053
3.00166809
3.00555818
3.00127833
3.00519160
3.00352762
3.00328008
3.00272894
3.00266083
3.00147006
3.00249730
3.00188713
3.00065667
3.00136172
3.00151784
3.00077421
3.00060301
3.00081205
3.00434494
3.01198316
3.00195246
3.00114332
3.00103572
3.00453657
3.00802010
3.00142248
3.00091857
3.00071733
3.00057465
3.00050365
3.00111545
3.00241724
3.00158049
3.00613393
3.00362441
3.00083418
3.00220957
3.00256039
3.03146512
3.04840836
3.02674074
3.06704800
3.02087110
3.00719924
3.04034214
3.14687686
3.13023100
3.01710756
3.01011358
3.01824571
3.07095095
3.02791144
3.00652192
3.01168505
3.01160511
3.01657691
3.00382233
3.00501502
3.02473612
3.01260918
3.02904256
3.11898473
3.12604283
3.03018583
3.03902686
3.19381988
3.04492160
3.01355053
3.02033212
3.04478621
3.00946344
3.01920357
3.04150937
3.01248335
3.03222662
3.07398430
3.07308746
3.00970788
3.11906356
3.24398751
3.09554911
3.01017212
3.01813551
3.04977297
3.05737002
3.12073289
3.04953702
3.09093246
3.15332356
3.37561490
3.44060278
3.15189946
3.08343318
3.07309708
3.06358608
3.23190031
3.19248237
3.19555381
3.05657542
3.04633486
3.15291458
3.42426256
3.35021504
3.35383336
3.11800036
3.12058891
3.26380666
3.38689351
3.32477487
3.16754581
3.21898405
3.32314810
3.28108321
3.12112866
3.05374331
3.10703216
3.21363954
3.12347566
3.31405174
3.85587042
4.39025828
4.30396581
3.23161352
3.49630631
3.72081224
4.03452880
4.91027975
3.42661511
3.83397688
4.53641798
3.64907086
4.09808424
4.85592899
3.84382437
3.68911030
4.52447823
4.51678784
3.73186443
3.80853654
4.88288949
5.08984172
4.06130836
4.10772813
5.53282427
5.52136602
3.68407612
5.33705004
5.85286678
4.04266746
4.22634293
3.95393961
3.31120686
3.82003057
4.12030089
3.85513098
3.25033719
3.35074061
3.29456686
3.43045092
3.97047901
4.36124716
4.40927116
3.21568576
3.29857870
3.28742554
3.21756916
3.25224581
3.27509587
3.12967623
3.07715571
3.08026554
3.29857635
3.71295424
3.99680029
3.34317745
3.25577258
4.24989176
3.84475410
3.62362602
3.16708662
3.94062619
4.88477038
6.20823417
3.65412413
4.58519089
5.93684463
4.72257206
3.48882814
4.33492559
5.28223611
3.45954101
3.23922378
3.80801800
3.23161477
3.71616297
4.27249297
4.60678948
3.59442684
3.62649574
4.36618714
3.49592003
3.97652187
3.17277125
4.37803091
5.52009998
5.21333441
5.21259776
3.35060065
4.85576009
5.84998796
6.24987346
3.75163954
4.38459305
4.72395483
5.48144449
3.92473031
4.30739030
4.90287436
3.79419946
3.50088470
3.79419372
5.01755408
4.41866333
4.68466930
4.36422428
4.16926227
5.15292580
4.03890442
3.59309872
5.02536255
3.59571968
3.50451860
4.49772595
3.38223115
3.44494045
4.35225431
5.50451603
5.24191382
3.46570704
4.30506270
4.51559280
3.36902080
3.50775860
3.86531775
3.70421567
3.90043941
3.38188991
3.14223209
3.19109559
3.41878521
3.49072583
3.11010930
3.08633192
3.06269323
3.13401020
3.67376070
3.73048369
3.96157421
4.45401916
4.21228313
3.25417294
4.67253358
4.95007874
5.47351708
3.84600250
3.46835031
3.81775192
3.32809878
3.35512590
3.14792137
3.66217542
4.11160554
4.87008561
4.16372342
3.45329245
3.15424417
3.31796323
3.30130435
4.02800691
4.29793548
4.85922167
4.64644488
3.26492445
3.31729923
4.10133753
4.05686751
3.92813367
4.29615241
3.47840515
3.87040865
3.65594744
3.57916069
3.64075085
5.12619440
4.72235058
4.25837781
4.45812037
4.64444292
4.56249586
5.81062470
3.71362730
3.32779623
3.34532942
4.39840865
5.10160974
3.67130357
3.99317521
4.79308623
4.34340081
3.74848278
3.65310732
4.69929802
5.61660653
3.81789522
3.37893099
3.26145121
4.41630584
4.11172260
3.51186269
3.30811582
3.37597344
3.90993897
4.07518564
4.97826333
5.18967381
3.96253112
3.73317637
3.70253120
3.72893790
3.96807540
3.65885299
3.62554043
3.60907089
3.80894514
3.30506690
4.10755327
3.15914809
3.68063915
4.79829735
3.34541185
3.22735225
3.57085095
3.14007394
3.44676960
3.21217703
3.34099856
3.32533317
3.57274983
3.64240019
3.11318201
4.07422160
4.21530945
3.16694639
3.63308346
4.37603087
4.09034218
4.82987418
4.30517234
3.89859018
3.99517914
4.41530097
3.80292336
4.04015112
3.68166385
3.59495217
3.17088935
3.47134672
3.50429523
4.13672271
5.59600464
6.06014432
3.37329286
4.15569673
4.57865138
4.43787925
5.48530233
3.67935489
3.69670005
4.68948178
3.42762982
3.45293967
3.21674701
3.43126376
4.66682890
5.18565951
4.76095176
3.40544066
4.01975177
5.45422114
5.56536646
3.71321683
3.50156240
3.60754120
3.24272387
3.30871802
4.17145563
3.83873824
3.27276275
3.43848175
3.62081790
3.33369886
4.00195295
3.57335538
4.72697331
5.43595662
5.87334434
5.15190322
3.68617996
3.25741953
3.21718886
3.48929072
4.53077252
4.47604299
3.83795086
3.46466100
3.33942121
3.14310165
3.22763282
3.65865290
4.50491663
4.31679873
3.59714105
4.64111469
5.43640410
4.15339566
4.14641718
5.05281807
5.03617606
5.62270230
6.15382360
6.25373293
6.12657333
4.98824287
3.68345552
3.49585824
4.78078963
6.02093770
6.61388885
3.33653663
3.97059983
4.65996445
5.20251788
4.62241026
3.59787404
3.73182704
3.82255048
3.39078785
3.14092195
3.80556607
3.09989789
3.65813065
4.31809100
4.88218737
3.42419286
3.77993400
4.15000522
3.52011514
3.41855870
4.55097958
5.24820027
4.71926022
4.43492941
4.16811064
4.76520727
4.69935958
4.53899835
5.32944105
4.99644011
4.35753662
4.62964218
3.63036847
3.70050388
3.98647252
4.31846288
4.66474341
4.33594755
4.10064923
4.22370421
4.11893806
4.57695120
4.20479497
4.53013724
5.17395493
4.15591751
3.22045409
3.15000610
3.40188122
3.75661816
3.56703889
3.23641703
3.19269155
4.12442072
3.56202151
3.22026860
3.16738325
3.81112047
3.68438060
3.63776143
3.37858848
3.52708173
3.56656559
3.70557970
4.93260101
5.65433919
5.66630021
3.65422400
4.38310488
6.35985163
5.77152223
4.39884123
4.62634919
6.21407586
6.12858116
5.29092703
4.46550991
3.46454490
4.44673510
3.69965287
3.64913106
3.68212855
3.38048305
3.27386453
3.63345317
4.20402927
5.61875128
4.08988519
3.26548372
3.55049814
5.47190940
4.63096518
3.87356640
4.79364272
4.24545292
4.92603736
4.65906410
4.22661344
4.41157647
5.70122744
5.59513775
5.79231253
5.51413977
5.53815075
4.02044117
3.40346321
3.34090496
3.53373624
4.28888567
3.85998811
4.97842971
3.93718303
4.04268923
3.55938555
4.47019525
4.94562756
3.83552146
4.35691037
4.37071060
4.84114552
4.40625034
4.09691667
5.38846184
4.69673653
3.34665763
3.70609931
4.00792573
4.34300616
4.93085744
5.09655651
4.37296412
3.48972476
4.85207150
5.34406148
4.74988081
5.38515158
4.82427006
4.37838778
5.67379414
5.56368087
5.52070110
4.81693929
5.18284320
6.43125891
7.32150324
4.60256816
4.15641803
4.78960498
6.30950184
4.47586034
3.79665934
4.26541621
5.75561997
4.00423691
3.83854181
4.48299544
5.12806039
6.15082384
6.08430312
5.17532543
5.17414426
3.80951876
3.62981510
4.03218852
3.98485710
3.88548437
5.51552552
5.39152037
3.47194362
3.15681302
3.49284741
3.60217677
3.62511448
3.42213819
3.30178473
3.41344868
3.38646350
3.59946569
4.58306283
4.79106164
4.45765518
4.67389236
4.31005074
3.84069507
5.72429444
6.80586494
6.85327710
6.28494844
6.93152008
6.99700709
7.28817424
6.74059820
7.07748510
7.03296661
7.34379844
5.01712027
3.92371659
5.96288798
5.26297189
4.19412450
4.77724047
5.11862723
5.34375507
6.28460493
6.14440982
6.16825709
4.56007144
6.21047255
5.06668808
4.87305318
5.14896029
4.92577765
4.04465531
3.39008011
4.36988379
4.72518498
5.22995077
4.97187538
3.62298372
3.84397798
3.20222867
3.13969864
3.84226000
5.01765251
4.75384109
4.84375559
5.07139410
4.69114525
3.42042723
4.35691887
4.94166767
4.37918541
4.13802060
3.94334677
3.86835808
4.92390586
4.26317081
4.69700080
5.60423816
5.40740317
3.98387031
3.60509648
3.53426157
3.21024084
4.13466270
4.29977254
3.83348848
3.72598688
3.83142414
5.13104170
4.58568265
5.57203598
4.67899788
3.49452173
4.87999760
4.92528367
3.39640592
3.53034753
4.18934782
3.32010239
4.29133934
3.52053501
3.33263444
4.44178367
3.86817060
4.40754121
4.52729311
3.38809596
4.70866355
4.29843340
3.35535740
3.63745618
4.68909662
3.40920914
4.73039088
5.37827989
4.94985893
3.47602352
3.85170011
5.93272697
5.51963576
4.72373369
4.50405282
3.82175836
4.19044192
3.86612476
4.25860705
5.43596116
5.37497673
4.85537160
4.88400898
3.72567837
4.98262760
4.97393283
4.63844583
4.51295679
4.97231113
3.78585732
3.20986450
4.05433926
5.43761127
3.86244016
3.77560947
4.18155344
3.86590884
3.29345225
3.17897785
3.45499216
3.21340722
3.38939960
3.99914908
4.21935646
4.58565636
3.81418361
3.41430200
3.52987621
3.72196687
3.80643075
3.80131844
3.35025548
3.27203691
3.16122103
3.14637732
3.63665446
3.52094850
3.26048593
3.50659641
3.09358409
3.11024500
3.17602803
3.04867182
3.21042514
3.06201688
3.06393240
3.08540367
3.13843362
3.08547315
3.22685620
3.25433851
3.43925132
3.44648642
3.45890655
3.51923506
3.12199457
3.06211811
3.02924994
3.12839914
3.66896052
3.47616016
3.16369165
3.08049232
3.22384034
3.41025960
3.57598882
3.84721568
3.47305520
3.11646458
3.07036369
3.12401567
3.08235702
3.10442874
3.24322685
3.12438691
3.01969059
3.02682323
3.06099924
3.10813470
3.00641447
3.04384309
3.02837461
3.00549319
3.00579339
3.04009721
3.08699337
3.04429002
3.02612396
3.05074429
3.03848752
3.01365474
3.05555913
3.06842387
3.00664226
3.02928386
3.06870480
3.04539425
3.00624919
3.02260952
3.00601917
3.01545717
3.01371861
3.00579660
3.01210744
3.01257811
3.00637340
3.00268333
3.00241696
3.00235013
3.00127227
3.00224657
3.00658422
3.00253152
3.04265102
3.02263708
3.00284882
3.00211499
3.00792282
3.01738863
3.00712975
3.00367644
3.00189503
3.00436505
3.00426541
3.00230533
3.00322801
3.00092004
3.00137900
3.00278299
3.00296052
3.00077655
3.00216485
3.00163266
3.00165291
3.01115983
3.01302339
3.00203328
3.00345084
3.00422236
3.00366131
3.00169888
3.00112148
3.00220601
3.00096903
3.00085457
3.00059981
3.00059724
3.00151502
3.00210925
3.00156433
3.00363493
3.00520117
3.00058345
3.00175055
3.00106446
3.00078832
3.00088147
3.00069441
3.00203729
3.00153502
3.00125872
3.00094314
3.00056210
3.00030148
3.00041143
3.00036739
3.00073305
3.00031132
3.00034224
3.00038312
3.00037909
3.00038607
3.00041510
3.00044507
3.00061193
3.00046800
3.00041733
3.00050290
3.00065160
3.00102239
3.00073077
3.00056302
3.00051301
3.00051641
3.00052634
3.00129409
3.00155779
3.00089871
3.00051631
3.00063279
3.00078479
3.00078659
3.00093606
3.00107041
3.00098788
3.00083666
3.00079291
3.00084069
3.00056213
3.00076805
3.00127039
3.00158352
3.00189727
3.00217124
3.00196416
3.00202410
3.00103362
3.00052994
3.00067215
3.00072052
3.00099231
3.00132644
3.00166123
3.00249802
3.00115081
3.00084562
3.00073927
3.00076006
3.00070132
3.00046373
3.00038485
3.00048478
3.00035306
3.00072044
3.00069868
3.00091451
3.00052593
3.00037258
3.00025355
3.00030014
3.00043095
3.00050547
3.00052255
3.00044403
3.00031719
3.00036817
3.00041614
3.00038093
3.00045276
3.00044190
3.00039383
3.00042487
3.00044089
3.00048624
3.00067488
3.00059433
3.00058126
3.00046955
3.00026801
3.00079073
3.00051089
3.00029546
3.00042142
3.00035738
3.00046382
3.00038177
3.00029396
3.00035649
3.00039078
3.00045648
3.00051595
3.00043791
3.00028431
3.00032096
3.00061658
3.00033848
3.00023669
3.00042852
3.00038292
3.00043035
3.00039999
3.00037492
3.00059885
3.00071732
3.00063406
3.00050096
3.00055321
3.00054124
3.00062229
3.00066482
3.00048251
3.00046556
3.00052021
3.00044430
3.00075658
3.00114202
3.00223318
3.00273459
3.00219560
3.00215049
3.00251139
3.00165782
3.00184766
3.00135468
3.00108488
3.00133186
3.00115866
3.00100207
3.00069281
3.00085255
3.00066782
3.00083859
3.00079921
3.00092828
3.00119645
3.00112837
3.00142875
3.00094497
3.00075578
3.00062353
3.00103106
3.00134290
3.00097671
3.00097534
3.00063149
3.00049700
3.00035454
3.00040754
3.00085004
3.00095913
3.00064573
3.00027508
3.00037454
3.00046233
3.00029791
3.00033154
3.00050186
3.00043558
3.00026591
3.00042263
3.00041010
3.00032919
3.00024905
3.00022496
3.00025987
3.00039304
3.00040696
3.00042788
3.00039767
3.00034547
3.00038461
3.00049046
3.00026122
3.00025245
3.00040196
3.00046217
3.00039830
3.00033398
3.00031720
3.00027793
3.00042455
3.00075245
3.00069466
3.00047764
3.00043977
3.00059505
3.00121406
3.00067052
3.00072842
3.00068665
3.00044373
3.00036662
3.00038435
3.00030076
3.00032284
3.00037591
3.00032189
3.00030075
3.00020069
3.00053435
3.00104061
3.00047358
3.00036251
3.00025795
3.00036789
3.00040113
3.00042844
3.00165438
3.00081019
3.00038337
3.00108348
3.00059245
3.00028902
3.00032818
3.00035664
3.00040655
3.00026630
3.00025973
3.00042925
3.00045630
3.00030133
3.00048782
3.00036566
3.00031661
3.00043516
3.00073907
3.00061402
3.00043106
3.00057332
3.00046814
3.00046693
3.00029051
3.00022148
3.00023469
3.00032412
3.00029849
3.00026038
3.00031785
3.00052052
3.00080263
3.00027901
3.00023573
3.00027539
3.00028664
3.00032703
3.00040993
3.00037212
3.00041757
3.00061317
3.00068840
3.00070808
3.00067862
3.00067619
3.00097904
3.00076317
3.00075656
3.00081670
3.00083091
3.00083774
3.00073162
3.00080242
3.00063514
3.00061327
3.00051501
3.00073345
3.00164814
3.00353480
3.00241045
3.00190644
3.00251763
3.00276144
3.00199846
3.00266241
3.00299600
3.00116875
3.00117815
3.00237780
3.00502564
3.00232989
3.00194641
3.00410805
3.00422573
3.00233232
3.00186098
3.00203978
3.00260244
3.00178202
3.00242072
3.00257058
3.00138460
3.00260521
3.00368565
3.00428669
3.00381482
3.00331018
3.00326062
3.00315915
3.00522349
3.00944181
3.00478484
3.00339107
3.00283572
3.00780092
3.01841029
3.00453034
3.00694119
3.00349374
3.00352858
3.00511779
3.00565996
3.00587095
3.00219700
3.00114206
3.00169136
3.00444878
3.00473332
3.00573348
3.00162459
3.00057926
3.00058013
3.00228432
3.02529037
3.03224032
3.07004840
3.02857913
3.00222061
3.00067566
3.00081135
3.00291256
3.00102171
3.01011698
3.00491479
3.00695233
3.00678915
3.00086761
3.01078014
3.02435108
3.01963635
3.02048631
3.03272843
3.01732181
3.00369401
3.01310872
3.02705355
3.01108178
3.03262587
3.03578823
3.01224564
3.00172094
3.00867995
3.05131767
3.09339703
3.05845904
3.01443251
3.00573803
3.05031150
3.02039370
3.00695062
3.06191051
3.04585833
3.04299472
3.05539643
3.01748073
3.00621477
3.00437733
3.02141132
3.04175924
3.09867691
3.09904091
3.00832937
3.03222948
3.01051240
3.00353372
3.02181366
3.13119572
3.14618866
3.07195836
3.16232801
3.08451468
3.02896872
3.02759427
3.01857212
3.04383981
3.01708645
3.00833173
3.03014871
3.13454315
3.12039321
3.00213892
3.07196005
3.10681951
3.09624276
3.02341396
3.01109871
3.04874028
3.09117507
3.11188584
3.02211393
3.12943613
3.12319191
3.01381214
3.02929533
3.13735938
3.49367945
3.28468538
3.23254299
3.52826385
3.10188836
3.37660736
3.53137004
3.11460530
3.04019391
3.20315381
3.07894886
3.27505199
3.99962749
3.64927372
3.08634025
3.24191016
3.43305538
3.57337919
3.11455789
3.12685609
3.53928403
3.41338929
3.15119084
3.24791352
3.86615921
3.39226463
3.13298537
3.08432956
3.54979718
4.69600847
4.09780339
3.29374659
3.15238509
3.76090107
5.36136399
5.07902536
5.73892308
6.01665252
6.00980373
4.08588916
3.63664500
4.60261227
4.00677003
3.50804251
4.13673369
3.28833512
3.53497359
3.18664517
3.70922435
4.06225818
4.59760412
4.35798548
3.91015589
3.94392839
3.42303010
3.34265347
3.12594478
3.30305499
3.32945572
3.53347635
3.87668647
4.80949819
3.49546725
3.69537137
4.04709220
3.43675033
3.16029341
3.50360481
3.97358707
3.87144545
4.59399486
4.45230753
4.45353492
3.41930838
3.47449872
3.57981928
4.62044397
6.30861597
6.24032130
3.38835431
4.26718591
5.67267068
6.63135658
6.05641680
5.07856956
5.47817146
6.06285212
4.33299167
6.46701102
6.39297295
6.63147222
5.57070058
3.77807016
4.51684207
6.98508888
6.96458735
7.01896808
5.29500482
5.55283558
5.01914399
5.70823470
4.79978660
7.14193497
7.29476562
7.46235860
7.49420535
8.07128487
6.95446863
6.21111439
7.06918033
7.95203863
6.52033037
4.70256559
5.34937896
5.42393634
7.72954834
6.24467112
7.69840011
7.16735842
6.98103075
4.90722922
7.61589582
6.00155773
4.46661386
6.78880865
7.33622950
8.59641458
7.69315108
4.36229515
6.18782672
6.74242585
7.83530195
5.11657546
8.09189581
6.82035348
7.97390137
7.70956538
6.00659502
4.77394798
5.72228262
7.12902600
6.88880328
6.60736355
4.65278625
7.00722724
8.30050356
7.98277254
7.90751155
4.59358019
5.68061494
4.43641588
4.50167283
4.63988331
7.51674553
6.82448248
6.51869524
6.90010054
7.31513836
6.97449917
6.80192770
3.96319308
6.77113894
8.04286476
6.29622608
6.12846432
7.42397355
6.30265983
7.04763274
7.98636837
5.57513067
8.51541641
7.91138946
5.18551085
5.13949369
6.38691624
7.96306991
7.45981094
5.40595019
5.48259294
7.52919614
8.01699329
8.52113668
7.83512047
6.93106213
5.55875514
7.58235512
7.09680815
7.11219853
8.46099164
7.73761018
8.12181799
8.49000881
7.98523429
4.83723634
7.13214667
4.37292236
7.08541390
5.96004175
4.40396064
4.48886644
4.41239126
7.27806214
5.49572905
6.31768212
6.42311991
7.15752658
7.63099955
7.59473025
6.29757252
7.46464561
6.81885813
7.88981613
7.27867812
5.16148129
7.81139520
7.33841925
7.95782679
6.08428596
5.98662699
3.55906388
7.45236272
7.88599914
7.59137637
6.47094219
4.95193367
4.18766708
7.36094602
7.32814067
6.61703114
6.80616701
6.01238071
6.43052614
8.07608152
8.05009325
8.05217255
8.34307742
6.68125092
5.94936515
4.08854276
7.22296584
7.20469611
7.76451764
7.84423648
7.65451555
7.43082956
5.04925873
6.40427860
7.64429080
6.15255492
6.91097590
6.52607106
6.65664866
7.96524365
7.00588837
7.52428405
6.98044690
4.82692038
5.60508503
7.40219378
7.99066113
6.48793200
5.83001510
7.90704544
7.55060046
6.66759016
6.55850285
7.43617658
6.76965140
4.43361271
6.90376384
7.22162554
7.64990584
7.14594101
7.79946620
7.28892731
7.70066717
8.42942636
7.33888140
6.31609474
5.96743203
4.02004425
5.96518561
7.97436322
7.22419482
5.98541807
3.84865686
5.54599779
6.68821918
6.54155523
6.62242477
6.55547183
6.02119322
5.29857267
6.72417142
5.48673290
4.07197548
6.48840816
5.30281824
4.54269183
6.46257176
7.57157373
7.04237836
5.91285917
6.47326537
7.05702015
7.26058563
7.19679649
7.44362307
7.30292310
3.78527908
7.21671817
7.44219090
6.95337303
7.87954226
7.12862190
6.28250666
4.68772302
6.07710780
6.86149882
6.54404632
4.96472162
4.04927664
3.98824684
5.97072209
5.72471290
4.97838778
3.58597795
4.81462076
4.57399807
4.94338466
4.66578987
6.21797813
5.42869211
3.61324212
5.18175253
4.99430781
6.37665876
6.08001475
7.02302372
6.36492117
6.36633259
7.31185878
5.57662789
5.20266180
6.97407067
4.96344209
4.22906379
3.76769767
5.09718788
4.20695085
5.98111939
6.13616006
4.71090744
5.34425237
6.06840435
5.45463239
6.97651289
7.10902401
5.73083368
3.38949942
4.93369458
5.87183976
6.16698972
6.88934863
6.08622557
7.08689574
7.13805178
7.27209525
7.70257981
7.43416415
7.22225336
7.22740126
6.40487293
5.15330827
3.68909932
7.47581081
7.27131000
7.77591672
6.58043423
7.02928706
7.04945654
5.17460165
5.65053825
5.85356397
5.70145778
6.79274149
6.64199740
5.87194279
4.85026649
6.40037143
7.03036413
6.14755730
8.26895054
6.70288340
5.46818156
7.17719441
6.05993085
7.39994279
7.01716858
7.06568799
5.51977130
4.62789381
6.03007793
5.39399094
6.98173687
4.92843455
6.73797585
7.63017741
7.64167695
7.63826041
7.09249721
7.38955361
7.28402128
7.71104259
7.51601878
7.73990988
4.18287690
6.60685275
4.35080229
6.60101917
7.04725038
7.25059398
7.90044526
7.31788994
7.49192100
6.31778033
6.44220714
6.34223371
7.43444118
7.48903818
7.79844848
7.26204369
6.35166631
6.54520383
4.46219937
4.16524163
4.17500109
6.22345932
7.87630993
7.90679150
6.39336996
7.21644278
7.50157711
7.83552420
6.09155204
7.33927360
7.43196915
8.04855947
5.81033766
6.81877129
7.38472520
7.08770618
8.09225380
8.13939903
7.95907230
7.70827733
7.76680101
7.68080667
8.12916768
7.65412520
7.70665063
7.73493970
7.72116454
8.09690510
6.22514067
4.83042511
7.43348848
7.77746216
7.17871196
8.23796186
7.84920103
6.72514249
7.35696495
5.34478144
5.35374201
5.61980112
7.29116499
7.55027386
7.25295408
6.55611906
8.08254523
7.18212464
6.28433589
7.45093374
7.54920142
5.81695425
4.54412490
5.21679887
7.02733547
7.26325506
7.71560444
7.13472948
6.55672941
7.90186724
7.45370591
7.34414232
6.92681952
5.06711836
7.04360066
8.14324937
5.98142280
7.88719311
8.50549020
7.56615023
6.82035973
8.31254234
7.48501519
7.49757732
7.82075469
7.23706157
7.85523953
8.11836332
8.01683167
7.36097129
7.01149908
7.80374677
7.98453573
7.68066586
7.89467788
8.09848150
7.55534037
6.13775366
6.46725317
6.81414099
6.20639312
4.73103126
6.05848446
6.36647313
7.25293580
6.36906798
7.19199872
7.60479666
7.17357039
7.67613214
8.42335572
7.56960604
7.50012485
7.58584272
5.69637649
7.16008411
4.76374749
5.88802384
5.89564066
5.90702022
6.97088196
6.72362229
7.39891870
7.42168226
6.82066104
6.03531054
3.78356600
6.28634331
7.58607565
7.11902015
5.31623230
6.43851072
7.87411878
7.12627046
6.23018280
5.81677381
6.08435610
8.53825753
6.92040885
7.46257442
7.59192281
7.96967829
7.96680628
7.65490325
8.32340099
5.49683596
7.26256684
7.75230114
8.39006866
6.91305201
7.03814872
5.53567820
6.76173787
7.80155574
6.95698725
5.31875173
5.44849318
4.59463388
6.23768231
5.05929932
5.50930385
6.90686161
6.84219394
6.78295520
6.48879048
7.15708657
4.76812327
4.23948120
7.33197305
6.56805206
6.36572925
7.88797901
6.18290699
6.71784160
6.39109652
6.02367699
7.96205561
6.61140005
8.41644415
7.87652248
7.77867182
7.48307504
8.28475010
7.36067672
8.06170415
7.37126901
4.67756603
5.97699834
6.35473811
6.54625794
7.14752731
6.18351742
6.63906494
6.52753487
7.13651589
5.76328182
4.61767886
3.83614343
5.74107477
4.82148796
4.77248532
4.60398035
4.44409713
4.40037207
4.88893423
4.67724059
5.14903858
5.06073008
3.97423520
5.13610047
5.71713477
5.05456926
5.30550680
6.72227488
7.02012579
6.86834238
5.95247324
5.97617809
5.60960539
5.71101814
6.02254800
6.45700385
6.63634462
7.06575837
6.86040695
6.40382585
4.70362079
7.14851026
7.96508075
7.49751532
7.49652480
7.75377730
7.23733847
6.26677062
7.45327609
6.86725866
4.42317311
5.20176743
7.25108698
7.54309379
6.67408001
6.22100776
7.53668116
6.97883047
7.07451093
4.32504995
6.31422981
4.89786992
4.66857508
3.58906265
3.95340195
5.58033642
5.80624233
4.44268177
5.58238359
5.02979026
5.48301562
5.03749292
4.70302402
6.64096871
6.59097194
6.76395311
7.55906524
7.37521953
6.47670929
6.59071487
4.18892824
4.54108393
3.76236548
4.12322553
5.92186590
7.34601639
6.63243191
6.41208132
7.88557010
6.23859610
6.32027873
7.19069958
5.43500293
7.19969622
6.88283624
7.42652073
5.28923105
5.08057705
4.16205513
5.60028094
6.55456417
6.85137542
5.52808809
4.76366637
6.45486027
4.47629980
5.60407814
6.07850947
4.85490685
3.87311359
4.60445577
5.46699021
5.90645610
6.86149395
3.91133307
4.55923774
5.89884834
4.95515626
4.19049305
3.88463644
5.92590884
6.40537532
7.25926562
5.37169560
4.75972798
3.75807388
4.41114122
4.56810288
4.52584224
4.19673648
4.93323362
4.51452248
4.68786743
6.17944785
6.81493366
6.49322849
7.15590000
7.08202286
6.58628490
7.64360927
6.09110569
6.03833518
6.63174637
6.64736521
7.91907261
6.58049418
7.45857073
8.11436057
6.90123676
7.79075345
3.71393768
5.68368975
5.77923625
7.22737948
6.06455681
6.40619123
6.43937449
6.29159529
4.03197718
4.77669103
6.40975839
5.98864180
5.56649101
3.48660350
4.55243354
5.97066604
5.97381703
4.31550464
3.83824571
4.62892817
4.45366567
3.58098299
4.29668973
4.14188411
3.58552224
4.72573819
5.45592763
3.49749522
3.86798238
4.94403415
5.74665666
5.34189202
6.44743626
6.02748929
6.76262365
5.70200554
5.41152985
7.48153082
5.80335918
6.07012345
5.93597229
6.69810694
6.51663309
7.49154202
6.70297543
4.63389407
5.65446290
5.87517617
5.68439442
6.21283670
6.03983048
6.92207667
6.45861226
4.14009956
6.04757723
6.74390239
3.81555545
5.41077320
6.26466242
7.02452349
6.29735531
6.68894077
6.80553277
5.85400246
5.60506862
6.10218072
7.37995675
5.97716744
7.21439104
7.34280835
5.94988690
3.85945581
3.85335724
5.03758572
3.97248493
3.78523498
3.42068309
4.12777031
4.89750752
3.70461177
5.16870411
6.35106665
5.91011119
7.16311055
6.07617150
5.37099332
6.00161102
5.74926015
7.52725242
6.15516297
6.69257609
7.11364567
6.37357170
4.53846633
7.48166269
7.16654659
5.22197196
7.40786364
6.57028235
6.98229175
8.01886923
5.99887108
6.78391625
7.50138478
6.97940302
4.70422621
5.67453265
4.33297158
4.58866838
4.71934919
5.59665416
6.69999204
4.76748883
3.46253165
4.92925634
4.17711935
4.81493771
6.49776557
6.02845469
5.94190468
4.69238720
6.11286952
7.48422084
6.32346744
7.67680943
6.60854380
7.63429170
4.73119497
6.87258585
7.70676978
6.45467889
5.48637049
4.91190612
4.75369549
5.53867865
4.96069039
5.50530088
5.27539303
5.77640996
4.95832029
5.79038914
6.02179610
4.33074063
4.62426363
3.95293714
3.67618471
4.66455449
4.66262050
4.61496236
4.30341658
4.05135252
3.64509454
4.57605141
4.30055774
4.79704026
5.59465545
5.38344719
6.52769460
4.04762110
5.34064630
5.96057645
4.48400140
4.38557299
5.66908664
4.40002410
4.79335927
5.39604415
4.57686237
6.12800574
5.50106639
4.22845832
3.34114323
4.41878526
4.30590872
4.34065958
4.42438324
4.31442727
4.08946308
3.70828440
4.40352124
4.14516339
3.77638586
3.94102268
5.15593173
3.90635416
3.85349925
3.68757657
4.14589079
4.63946394
4.93385399
4.00049207
3.52839877
3.31269985
3.41338050
3.48253140
3.22264760
3.27071869
3.63802747
3.99210935
3.82540355
4.62128282
4.89143311
3.92963019
4.61667507
4.94789889
3.54230619
3.45488729
4.20100550
5.68316291
5.81153977
4.04295406
4.63418805
4.29542925
6.13362073
5.21495322
6.17298180
4.06634309
4.24567518
3.37859242
4.74410659
6.23101857
5.48312032
4.46143484
5.98068643
5.06459307
3.73719839
4.13032737
4.70723983
3.30406270
4.04562004
4.38315114
3.90068530
3.40836684
4.05058327
5.31443206
5.41789395
4.79465171
4.54859297
5.00374883
3.93881394
3.68866374
4.12723301
4.09940616
3.36644781
3.50867410
4.10664197
3.59892162
3.40019408
3.19563801
3.45359839
3.19589464
3.06338270
3.11755692
3.15852763
3.16395283
3.15996511
3.50000787
3.34801822
3.56226779
3.47030328
3.12527074
3.21860146
3.56181835
3.49467677
3.69686567
3.07496735
3.10866279
3.15123189
3.08379780
3.05626055
3.09469896
3.35579634
3.15702845
3.05217762
3.04748697
3.13226957
3.08669797
3.08891202
3.02411554
3.01940014
3.03664326
3.06336484
3.01728769
3.09563180
3.08541597
3.03923735
3.11979887
3.18161965
3.14921921
3.05573929
3.08842677
3.15515139
3.04795861
3.02565980
3.01682280
3.02479166
3.08651268
3.04981633
3.00699754
3.01559230
3.03369287
3.01592125
3.02106458
3.05039237
3.04128214
3.06288164
3.02883619
3.00896875
3.01484678
3.04767631
3.01135714
3.00564088
3.00804188
3.00507024
3.00416371
3.00152218
3.00306695
3.00125720
3.00226355
3.00278188
3.00397569
3.00219830
3.00238441
3.00164061
3.00157346
3.00206171
3.00407851
3.00318854
3.00756424
3.00109690
3.00110263
3.00236834
3.00605673
3.00241763
3.00388443
3.00270501
3.00577084
3.01059107
3.01557703
3.01113748
3.00183270
3.00151350
3.00208508
3.00269661
3.00187988
3.00126248
3.00308704
3.00389038
3.00574929
3.00185396
3.00088796
3.00102686
3.00070179
3.00158778
3.00151315
3.00162863
3.00111722
3.00104305
3.00078414
3.00088689
3.00184224
3.00109807
3.00130127
3.00100466
3.00087000
3.00075177
3.00127138
3.00180029
3.00274810
3.00177590
3.00205492
3.00156481
3.00065774
3.00061356
3.00083935
3.00063011
3.00170678
3.00237826
3.00113100
3.00072079
3.00119742
3.00075648
3.00116523
3.00097377
3.00096847
3.00408026
3.00349564
3.00111915
3.00109576
3.00143247
3.00109167
3.00101838
3.00086743
3.00125889
3.00168004
3.00146260
3.00128565
3.00081283
3.00049827
3.00047931
3.00064684
3.00054043
3.00064296
3.00088594
3.00109357
3.00063861
3.00050547
3.00035574
3.00029584
3.00049632
3.00040710
3.00033442
3.00030966
3.00028811
3.00076885
3.00059154
3.00037264
3.00040587
3.00039737
3.00036591
3.00037345
3.00036511
3.00047196
3.00025431
3.00034756
3.00026431
3.00023937
3.00025432
3.00021519
3.00027320
3.00036368
3.00047462
3.00058559
3.00069130
3.00080511
3.00105869
3.00152637
3.00245131
3.00243780
3.00198117
3.00147852
3.00100730
3.00083900
3.00074219
3.00115985
3.00204952
3.00148375
3.00115256
3.00135614
3.00123566
3.00152532
3.00181731
3.00151335
3.00123805
3.00114887
3.00129360
3.00161654
3.00131208
3.00093546
3.00094955
3.00135266
3.00186517
3.00185774
3.00156178
3.00172598
3.00161900
3.00148039
3.00156529
3.00173750
3.00147440
3.00091904
3.00111500
3.00113682
3.00181774
3.00195497
3.00167383
3.00151115
3.00085023
3.00058975
3.00090590
3.00039185
3.00082068
3.00198968
3.00069556
3.00049076
3.00057357
3.00044198
3.00039807
3.00048734
3.00053970
3.00097401
3.00107999
3.00039321
3.00037700
3.00046060
3.00065491
3.00062200
3.00065653
3.00061462
3.00105708
3.00050851
3.00039141
3.00071706
3.00061918
3.00056458
3.00040547
3.00043005
3.00036621
3.00038475
3.00030297
3.00032989
3.00045417
3.00046923
3.00030295
3.00043981
3.00072252
3.00105054
3.00138229
3.00080685
3.00062935
3.00063390
3.00063797
3.00053536
3.00055829
3.00085958
3.00125300
3.00062071
3.00054301
3.00049047
3.00049513
3.00056732
3.00076453
3.00114364
3.00151264
3.00200577
3.00227955
3.00224355
3.00168298
3.00179560
3.00151635
3.00066164
3.00050415
3.00051183
3.00059705
3.00085396
3.00121845
3.00123498
3.00128352
3.00102046
3.00082946
3.00068446
3.00072105
3.00111449
3.00075516
3.00147711
3.00155692
3.00181401
3.00108341
3.00070175
3.00076826
3.00061704
3.00060467
3.00064507
3.00063554
3.00062960
3.00080889
3.00103652
3.00080188
3.00060874
3.00039079
3.00054654
3.00082565
3.00048578
3.00033209
3.00046939
3.00073658
3.00067807
3.00065345
3.00062029
3.00085621
3.00093528
3.00107704
3.00143657
3.00124389
3.00108598
3.00130361
3.00166323
3.00128392
3.00146170
3.00175279
3.00169590
3.00136780
3.00120902
3.00110453
3.00109792
3.00111200
3.00093922
3.00081422
3.00144512
3.00239797
3.00248207
3.00230421
3.00177572
3.00147099
3.00119582
3.00152974
3.00211673
3.00202546
3.00226289
3.00349822
3.00416280
3.00389409
3.00467860
3.00474439
3.00394273
3.00405785
3.00266374
3.00193895
3.00216759
3.00179264
3.00167842
3.00141839
3.00113814
3.00107528
3.00127791
3.00136616
3.00154223
3.00142070
3.00158352
3.00189373
3.00162275
3.00130529
3.00137806
3.00137971
3.00105367
3.00113406
3.00099288
3.00084514
3.00097227
3.00076760
3.00056898
3.00069406
3.00153155
3.00088993
3.00058014
3.00104196
3.00081514
3.00092098
3.00059249
3.00056693
3.00049912
3.00045204
3.00053637
3.00039050
3.00033512
3.00031128
3.00028372
3.00034815
3.00036996
3.00036524
3.00034872
3.00037530
3.00043117
3.00042144
3.00041663
3.00043250
3.00045874
3.00041047
3.00041045
3.00045875
3.00058653
3.00059826
3.00053014
3.00049206
3.00063748
3.00079236
3.00080138
3.00072422
3.00068430
3.00081895
3.00080900
3.00074055
3.00087001
3.00086709
3.00079311
3.00070776
3.00106070
3.00122988
3.00132541
3.00104393
3.00186406
3.00268842
3.00294336
3.00279580
3.00285057
3.00349972
3.00255056
3.00166404
3.00117615
3.00054735
3.00153302
3.00441266
3.00595686
3.00468651
3.00585721
3.00712952
3.00318567
3.00238320
3.00186393
3.00227137
3.00287799
3.00354457
3.00474676
3.00633287
3.00402443
3.00290165
3.00374425
3.00406596
3.00390469
3.00500299
3.00669595
3.00607053
3.00393585
3.00467765
3.00369202
3.00305298
3.00305397
3.00651478
3.00638844
3.00480584
3.02266063
3.03344460
3.00680457
3.00593654
3.00241478
3.00209359
3.00487423
3.01228724
3.01256765
3.03765174
3.02487795
3.00283564
3.00159304
3.00190093
3.00950558
3.00783187
3.00173203
3.00195573
3.00171966
3.00412333
3.00302021
3.01576653
3.00503580
3.00262156
3.00188187
3.00165273
3.00123740
3.01926633
3.03552633
3.01477196
3.01418904
3.00751217
3.00125585
3.01377870
3.03358900
3.03705755
3.03604464
3.01022556
3.00835971
3.00357778
3.01175341
3.02595942
3.03932481
3.11473949
3.16510495
3.15140721
3.03741574
3.00563163
3.05030950
3.18802484
3.06490625
3.01612708
3.00489297
3.00837548
3.02071872
3.02395316
3.03293753
3.17600188
3.21744835
3.08936670
3.01424596
3.03453038
3.14713281
3.12608488
3.04880905
3.02601948
3.04451522
3.01597980
3.00417408
3.00415162
3.02313773
3.02648174
3.20293724
3.42609516
3.12562158
3.04805235
3.07768385
3.05055275
3.03948071
3.00860434
3.03987826
3.04779202
3.02469069
3.00582229
3.01012157
3.07965368
3.18026077
3.11016285
3.04508108
3.03017110
3.03338947
3.16419388
3.40247053
3.55512503
3.24614258
3.03227849
3.11468524
3.07636921
3.44320099
3.62649016
3.59158652
3.87981798
4.60235010
4.17950396
3.55425489
3.48702071
3.78854718
3.95009484
4.68201858
4.55827834
4.90180778
4.52868192
4.81343068
3.78705013
3.88733081
3.92584436
3.56820168
3.31002404
3.66788436
4.00377799
4.46484102
4.45653461
3.99975205
4.11955911
3.54978810
3.24022949
4.10877126
5.03028826
4.88190046
4.60645545
5.19668654
5.07032691
3.65062775
3.35178596
3.79803481
4.76998334
5.92416979
4.00179758
3.91638502
4.57944622
5.22053781
5.90062993
5.81309935
3.86972594
4.89767239
5.38116053
6.32308617
4.43881392
4.72272452
3.88470586
4.64604998
5.79096974
4.93663553
6.36684389
5.70334508
6.51758125
5.66786869
6.22385447
5.64051375
5.47394179
3.98263716
4.13335460
4.39647722
4.04883691
4.27650768
6.45315529
6.34086898
4.04207706
3.90695777
4.67365388
6.92226453
6.34633814
6.14266019
4.74973507
4.19326525
3.46942836
5.51217768
7.49224385
6.42013972
7.29355622
5.68626700
4.36890016
3.51479440
3.81068931
3.74563353
5.88055432
5.90718224
5.36854238
3.87161412
3.55313234
5.31079803
5.19506523
5.05930343
6.09634943
6.25916910
6.56533085
5.56715980
6.46921761
4.19224055
3.54889598
3.93130322
3.64582357
4.70883703
4.98864973
4.96071256
3.71220050
4.69218368
4.86971238
5.79911612
6.68332073
6.83599712
4.54527474
5.05230539
4.33052093
5.07120786
6.10250125
5.52296798
5.54633620
5.44211304
5.96200720
6.22283306
6.61187611
6.51353929
4.45749711
3.55738478
5.61935525
6.74140040
6.92586339
6.80793332
5.20941772
5.53211706
6.83261465
7.73946287
7.02389804
6.59278158
5.52555757
6.95827620
4.74190721
4.73604122
5.56700223
4.98380345
5.67515529
7.13977791
6.31882947
6.77377902
6.75250178
4.60352319
4.98616315
4.42837241
6.21969045
4.80299482
4.88206345
4.87172251
3.68799480
4.16175974
3.65861656
4.52496948
5.68493909
6.25176476
3.79162360
4.77127930
5.58740807
6.20282247
5.57416602
6.31945366
7.02038486
7.23384796
6.61480454
6.42301226
6.15519150
3.70029353
5.13012136
4.94774282
4.41470885
5.23842081
6.41837423
6.92805038
6.83894369
6.31904919
4.05969920
4.89139126
5.49124795
7.06593571
6.32763634
5.48714163
5.61699867
7.06333216
6.34235998
6.65746746
6.26853031
7.15513882
7.28172580
5.87339878
4.17199079
4.97981826
7.12394404
7.34795052
6.57433494
7.94976805
7.27793223
7.18076038
7.15905800
5.65117054
3.90315756
6.80517165
7.84657531
6.14345531
5.89423721
6.96336614
5.93244719
6.66740786
7.67791659
7.08360631
6.98731215
4.69969312
5.53636653
3.65433353
5.72350868
6.00808141
6.33529539
7.75054050
6.53714077
6.99989869
6.88132822
6.74263136
7.49965151
7.13972243
7.13114272
6.34928815
6.10277913
4.02418392
4.16047984
5.56140440
6.44312498
5.12749736
6.07104327
6.31384280
6.20758922
5.68183759
5.96442577
6.23839223
4.22781279
4.06074051
6.12236745
5.63481562
4.85360229
3.63684943
4.99945633
5.89188927
6.98560712
5.78266536
6.73571213
6.21885415
7.71892678
6.93102196
4.35171046
5.96544881
7.40288110
7.56218651
5.35683698
5.72563616
5.91519495
6.60073563
7.30890312
6.02710000
3.78149276
4.50034157
3.57863363
4.60071771
5.26723008
5.09958362
3.65247530
3.46906227
4.48834406
4.22680349
5.48583352
5.12476128
6.78366986
7.39976784
6.68481098
5.20452277
6.42342083
6.96496140
7.06778342
7.34241902
6.91113369
7.25985226
6.16705170
6.81833435
5.35145519
5.70733625
5.18054775
7.48602328
6.25503308
4.44043426
6.12573114
4.87870296
4.40389770
4.57079379
4.88860419
4.99734791
4.65337973
4.73993427
4.74704812
4.02114535
4.80242299
5.97175541
6.29443276
6.55485852
6.41702492
6.30476347
6.28464609
4.40466312
4.14665488
3.76414454
4.42198716
4.43015919
4.68369179
4.04989673
5.25760800
4.38406651
4.60733720
3.82811222
4.38668187
3.98279489
3.53018677
4.79431406
4.91917922
5.32496713
5.73380103
5.09642542
5.48747994
5.67534182
6.28850747
5.82490275
4.01114025
3.95677923
5.69884702
5.25892595
5.63998917
4.99469593
5.79826288
6.60053962
5.98615760
4.07161458
5.27489760
3.94823597
5.06186843
4.41120717
5.33360621
5.94380034
5.83351510
3.44752412
3.56448705
3.29768970
5.63885805
5.68609160
6.03317929
4.02113390
4.53918450
5.76754530
6.05164592
4.87261242
4.56162409
5.04675336
6.15951250
6.47059198
6.89591476
3.58090795
4.12168477
4.75937632
5.36855774
5.47925204
5.67614734
6.50978969
6.62051141
7.00286280
6.75038883
7.14521228
4.35631755
5.00286597
5.37486488
5.37835836
7.19820829
6.32262316
7.43967590
6.56794152
5.11728477
5.33678571
6.10464958
3.78132141
4.15661729
4.63612846
5.74911344
6.20908513
5.37272356
6.82434408
6.02570552
4.06345000
4.06835066
4.84038436
5.23479822
5.61508873
6.21115199
5.72628917
4.47100472
5.53277580
6.83819583
5.85126310
4.95755527
6.55109233
6.90184026
6.79577131
6.69320198
5.83933108
3.50864377
4.51088112
4.81743200
4.30851510
4.56884985
3.50817689
5.12291969
6.14025981
5.29861869
3.32770049
4.77610498
5.75217226
3.84662625
3.80316646
4.56828714
5.08110386
5.80007460
5.77800563
4.17364499
4.69867251
4.50889864
4.27986038
3.26351407
4.05202859
3.94976265
4.54228169
4.46555831
4.55141447
3.40252403
4.80945715
5.84478939
4.74763127
3.71720139
3.90123047
5.08359151
5.62848893
5.85653501
6.54938005
4.38317648
4.16274703
3.35910656
4.17848172
4.34999809
3.93888552
3.50794701
4.63991447
4.82487694
4.20748423
3.45462509
3.35481554
3.38426848
4.29008613
3.90901581
3.44025240
4.40116048
5.00646084
5.39406005
4.45793992
3.91081985
3.28148703
4.31792243
4.47872832
5.35689960
4.66405604
3.59075015
3.96858267
3.39515322
4.85473762
4.26399310
3.32853639
3.35725908
3.51863723
3.38080703
4.32635721
4.05900829
4.34299613
4.15099752
3.20434698
3.14939726
3.11088310
3.28240118
3.24292890
3.26408924
3.60202909
3.67034308
3.28523234
3.15243331
3.53585755
3.15327502
3.11493328
3.13945021
3.15858467
3.48535680
3.30535960
3.26669013
3.58515813
3.23460694
3.51308020
4.34759566
3.86510629
3.37553080
3.52743374
3.39050244
3.15438312
3.33679126
3.47026346
3.22580524
3.13322726
3.26067180
3.35517644
3.14798758
3.16369531
3.04995306
3.15140641
3.19243790
3.05398984
3.08905402
3.08180977
3.05775307
3.05607991
3.07863522
3.06663352
3.03929984
3.02144273
3.02400754
3.02499100
3.03997373
3.08184209
3.02154295
3.01397717
3.01174726
3.01996972
3.02231369
3.00978523
3.00948609
3.01602965
3.08356586
3.03917602
3.00537915
3.01253773
3.00811240
3.00890082
3.00373623
3.00595109
3.01505379
3.00999154
3.00572933
3.00311994
3.00427046
3.00588767
3.00213964
3.00485093
3.01272552
3.00406343
3.00119756
3.00536161
3.00417278
3.00563825
3.00451013
3.00205589
3.00135515
3.00091911
3.00109421
3.00150412
3.00169379
3.00068353
3.00063719
3.00035435
3.00037977
3.00058993
3.00038210
3.00089968
3.00212092
3.00179610
3.00164059
3.00184605
3.00184928
3.00105417
3.00132332
3.00259858
3.00098166
3.00087215
3.00080525
3.00112189
3.00153653
3.00194127
3.00184102
3.00108046
3.00152339
3.00157380
3.00079803
3.00088156
3.00221314
3.00248871
3.00143971
3.00170961
3.00179132
3.00172565
3.00106073
3.00091862
3.00111682
3.00105223
3.00096504
3.00082222
3.00108314
3.00089480
3.00077691
3.00067463
3.00059504
3.00089601
3.00122806
3.00071148
3.00106485
3.00143018
3.00080108
3.00067004
3.00054214
3.00045161
3.00038825
3.00039264
3.00049966
3.00059827
3.00055617
3.00052601
3.00050438
3.00056788
3.00058001
3.00059358
3.00057471
3.00062377
3.00062729
3.00077964
3.00090128
3.00075287
3.00065444
3.00084204
3.00082018
3.00082396
3.00079136
3.00079646
3.00135690
3.00101105
3.00074378
3.00077738
3.00087276
3.00067134
3.00078546
3.00065652
3.00072248
3.00074441
3.00075691
3.00089480
3.00052588
3.00050300
3.00089804
3.00091341
3.00036737
3.00038614
3.00047332
3.00079309
3.00084162
3.00065733
3.00074099
3.00105303
3.00133115
3.00071736
3.00080074
3.00062384
3.00059816
3.00059444
3.00084006
3.00066770
3.00078146
3.00058833
3.00046752
3.00044561
3.00044909
3.00049664
3.00063523
3.00085620
3.00093694
3.00073058
3.00065729
3.00084724
3.00112405
3.00129644
3.00149939
3.00176564
3.00190530
3.00197468
3.00159856
3.00154376
3.00119341
3.00121224
3.00150748
3.00127461
3.00124809
3.00156854
3.00146245
3.00148441
3.00134241
3.00149052
3.00150055
3.00148520
3.00104178
3.00096098
3.00091675
3.00088598
3.00088100
3.00097171
3.00139606
3.00168712
3.00192731
3.00180812
3.00158881
3.00128927
3.00074944
3.00060418
3.00042444
3.00059792
3.00072400
3.00057821
3.00052335
3.00049840
3.00066689
3.00075994
3.00060942
3.00053676
3.00053171
3.00048003
3.00044477
3.00047438
3.00052893
3.00053503
3.00064262
3.00055650
3.00055596
3.00054815
3.00094811
3.00158644
3.00175817
3.00186948
3.00246935
3.00258386
3.00161601
3.00139605
3.00100728
3.00106384
3.00081257
3.00118082
3.00256819
3.00355213
3.00357530
3.00349671
3.00350322
3.00164159
3.00108025
3.00079057
3.00067316
3.00085367
3.00075574
3.00093496
3.00138677
3.00148113
3.00121233
3.00118796
3.00129075
3.00144767
3.00229654
3.00276794
3.00173283
3.00148650
3.00146160
3.00147989
3.00143420
3.00177873
3.00175822
3.00134555
3.00196557
3.00158068
3.00146008
3.00137534
3.00106809
3.00126066
3.00164444
3.00163961
3.00099639
3.00097225
3.00089517
3.00091476
3.00095209
3.00070385
3.00047755
3.00052045
3.00061027
3.00067617
3.00052252
3.00084060
3.00074147
3.00062632
3.00077676
3.00124005
3.00082395
3.00070808
3.00075486
3.00136181
3.00106480
3.00073479
3.00054418
3.00046134
3.00044290
3.00032848
3.00033759
3.00061537
3.00091485
3.00090131
3.00050560
3.00038889
3.00042573
3.00045812
3.00058119
3.00048955
3.00053574
3.00059969
3.00071115
3.00074532
3.00071203
3.00076634
3.00071020
3.00075121
3.00094745
3.00099049
3.00063136
3.00043806
3.00036462
3.00038744
3.00039489
3.00041105
3.00071875
3.00073775
3.00063791
3.00114648
3.00107382
3.00047777
3.00067054
3.00042178
3.00056623
3.00050636
3.00044439
3.00044904
3.00057649
3.00041899
3.00052688
3.00054749
3.00036183
3.00038141
3.00050955
3.00045899
3.00047791
3.00041864
3.00045694
3.00049723
3.00042577
3.00052138
