3.00000000
3.00000115
3.00002427
3.00003205
3.00000024
3.00000850
3.00001504
3.00000073
3.00001693
3.00003360
3.00000040
3.00000001
3.00000209
3.00000060
3.00000009
3.00000005
3.00000001
3.00000007
3.00000081
3.00000474
3.00000010
3.00000000
3.00000015
3.00000147
3.00000072
3.00000000
3.00000865
3.00000020
3.00000002
3.00000012
3.00000024
3.00000307
3.00000487
3.00000925
3.00000248
3.00000000
3.00000182
3.00000062
3.00000006
3.00000007
3.00000553
3.00003797
3.00004427
3.00000613
3.00000002
3.00000007
3.00000138
3.00000691
3.00002437
3.00002121
3.00000370
3.00000986
3.00000024
3.00000000
3.00000015
3.00000512
3.00000119
3.00000023
3.00000005
3.00000636
3.00000397
3.00005008
3.00000185
3.00000542
3.00000494
3.00001176
3.00003868
3.00003549
3.00000624
3.00001231
3.00006847
3.00005045
3.00004442
3.00004142
3.00001323
3.00000310
3.00000237
3.00000351
3.00008635
3.00000749
3.00001342
3.00000274
3.00000127
3.00000149
3.00000060
3.00000711
3.00000752
3.00000691
3.00000742
3.00000208
3.00000245
3.00000053
3.00000136
3.00000152
3.00000897
3.00000558
3.00001954
3.00004961
3.00000579
3.00000482
3.00001543
3.00011058
3.00015419
3.00002187
3.00000706
3.00000665
3.00000303
3.00000428
3.00000502
3.00000492
3.00001872
3.00002251
3.00000543
3.00001895
3.00000407
3.00001438
3.00000723
3.00003433
3.00000269
3.00002627
3.00004240
3.00006174
3.00002940
3.00002011
3.00012134
3.00004588
3.00010327
3.00011704
3.00020730
3.00020922
3.00033592
3.00010860
3.00012032
3.00053685
3.00025042
3.00006063
3.00004040
3.00009478
3.00011715
3.00004059
3.00001296
3.00000306
3.00001451
3.00003213
3.00003472
3.00000975
3.00001080
3.00012186
3.00007360
3.00001734
3.00001450
3.00001166
3.00000547
3.00000090
3.00000112
3.00000152
3.00000365
3.00004756
3.00002302
3.00000168
3.00000229
3.00000124
3.00001669
3.00001634
3.00000665
3.00002888
3.00002107
3.00000325
3.00000798
3.00001298
3.00022150
3.00003485
3.00002683
3.00000564
3.00001971
3.00000976
3.00000707
3.00001219
3.00001051
3.00001365
3.00001573
3.00002530
3.00001234
3.00002911
3.00014445
3.00010920
3.00013003
3.00005611
3.00001941
3.00001202
3.00001354
3.00001333
3.00001885
3.00002584
3.00000858
3.00002035
3.00003898
3.00009662
3.00006850
3.00009998
3.00022071
3.00028168
3.00034837
3.00027263
3.00019206
3.00007507
3.00010205
3.00007577
3.00003658
3.00009744
3.00017589
3.00001839
3.00008106
3.00008840
3.00003298
3.00003459
3.00001956
3.00001728
3.00002531
3.00000855
3.00007267
3.00003891
3.00002655
3.00002850
3.00003028
3.00010650
3.00015975
3.00077053
3.00019078
3.00004821
3.00019086
3.00005320
3.00006286
3.00001028
3.00000704
3.00000480
3.00000228
3.00001464
3.00000479
3.00000179
3.00000382
3.00000529
3.00001453
3.00000458
3.00000173
3.00000348
3.00000571
3.00000152
3.00000407
3.00000304
3.00001217
3.00005662
3.00001366
3.00011282
3.00001578
3.00002115
3.00000125
3.00002994
3.00009200
3.00004358
3.00002560
3.00001070
3.00000681
3.00000195
3.00000305
3.00003012
3.00003153
3.00002896
3.00012171
3.00004314
3.00001039
3.00001862
3.00011508
3.00054704
3.00068509
3.00027951
3.00025035
3.00035761
3.00065668
3.00102293
3.00170683
3.00328241
3.00153190
3.00022477
3.00017336
3.00011789
3.00003820
3.00006065
3.00002103
3.00001538
3.00023364
3.00019298
3.00000325
3.00000139
3.00000585
3.00002356
3.00000469
3.00001176
3.00004435
3.00001320
3.00007180
3.00002986
3.00001323
3.00001175
3.00000412
3.00000331
3.00000649
3.00000499
3.00000078
3.00000460
3.00001618
3.00000648
3.00001765
3.00003473
3.00001413
3.00001728
3.00001537
3.00005922
3.00113064
3.00093035
3.00005266
3.00008320
3.00025127
3.00017121
3.00010762
3.00008625
3.00027248
3.00024711
3.00023920
3.00014265
3.00026898
3.00057006
3.00026046
3.00002212
3.00009822
3.00014409
3.00006505
3.00005643
3.00008592
3.00010276
3.00023459
3.00006435
3.00000934
3.00002062
3.00008660
3.00002899
3.00000622
3.00010023
3.00024521
3.00001555
3.00000776
3.00000363
3.00000996
3.00000847
3.00000412
3.00001281
3.00002402
3.00003753
3.00005628
3.00003077
3.00002192
3.00005749
3.00003578
3.00001335
3.00002272
3.00005537
3.00002901
3.00001853
3.00031895
3.00036382
3.00001315
3.00000419
3.00001102
3.00002469
3.00000434
3.00001096
3.00005528
3.00010368
3.00001857
3.00000171
3.00001705
3.00001082
3.00003460
3.00006795
3.00011267
3.00033936
3.00049561
3.00003706
3.00002347
3.00001544
3.00001372
3.00001355
3.00001277
3.00000798
3.00001728
3.00005943
3.00002447
3.00000949
3.00000597
3.00000404
3.00012509
3.00054773
3.00015391
3.00001530
3.00000119
3.00000257
3.00001846
3.00001557
3.00000947
3.00002913
3.00001092
3.00000619
3.00003322
3.00004242
3.00001656
3.00003621
3.00000973
3.00000387
3.00001837
3.00016209
3.00036615
3.00008566
3.00002250
3.00001867
3.00010326
3.00020962
3.00008298
3.00004477
3.00001599
3.00010424
3.00043703
3.00001825
3.00000729
3.00001303
3.00009379
3.00001261
3.00002540
3.00001314
3.00001427
3.00000395
3.00000538
3.00005801
3.00003304
3.00003265
3.00015871
3.00006820
3.00006067
3.00012658
3.00006728
3.00010544
3.00035544
3.00011917
3.00010587
3.00039320
3.00010729
3.00010633
3.00003527
3.00003617
3.00004843
3.00001762
3.00008564
3.00011403
3.00013663
3.00009194
3.00010888
3.00012260
3.00006560
3.00015387
3.00029255
3.00014744
3.00003007
3.00002029
3.00003394
3.00002869
3.00000398
3.00000263
3.00001415
3.00000257
3.00000084
3.00000805
3.00002265
3.00000712
3.00000643
3.00001756
3.00004340
3.00002336
3.00000400
3.00000435
3.00002128
3.00007407
3.00009111
3.00006756
3.00002698
3.00000986
3.00000147
3.00000252
3.00000531
3.00013699
3.00002894
3.00000787
3.00002901
3.00000606
3.00000579
3.00001521
3.00002130
3.00001731
3.00001186
3.00001938
3.00004206
3.00007995
3.00012219
3.00034456
3.00037162
3.00016912
3.00020704
3.00061609
3.00025309
3.00014053
3.00008237
3.00012552
3.00014878
3.00029790
3.00035650
3.00042142
3.00096737
3.00046608
3.00026293
3.00036262
3.00030194
3.00027994
3.00027927
3.00017109
3.00013807
3.00019933
3.00013032
3.00021625
3.00024978
3.00005982
3.00005313
3.00007220
3.00005950
3.00004571
3.00007620
3.00002726
3.00004280
3.00009385
3.00012139
3.00015428
3.00032633
3.00049501
3.00008652
3.00001221
3.00003832
3.00003745
3.00001199
3.00002458
3.00002340
3.00002244
3.00000887
3.00003180
3.00007293
3.00003750
3.00003040
3.00003176
3.00002664
3.00001341
3.00002131
3.00006885
3.00010786
3.00001773
3.00001321
3.00001235
3.00000434
3.00000900
3.00002459
3.00000171
3.00000263
3.00000256
3.00000295
3.00000987
3.00000821
3.00001222
3.00001795
3.00001339
3.00000683
3.00000596
3.00002897
3.00034773
3.00019678
3.00003143
3.00001198
3.00003361
3.00002059
3.00001603
3.00001260
3.00001408
3.00004612
3.00006049
3.00004479
3.00000778
3.00002259
3.00001072
3.00006793
3.00002928
3.00001928
3.00001258
3.00002320
3.00005086
3.00016736
3.00012689
3.00008187
3.00005641
3.00003811
3.00004768
3.00009913
3.00020568
3.00001338
3.00008912
3.00035714
3.00005691
3.00002453
3.00001528
3.00001353
3.00001223
3.00002971
3.00001834
3.00000484
3.00001205
3.00001191
3.00002639
3.00025310
3.00008645
3.00005176
3.00003410
3.00001809
3.00002083
3.00001490
3.00001324
3.00003594
3.00010913
3.00005130
3.00001178
3.00001148
3.00000299
3.00001354
3.00001412
3.00000587
3.00000528
3.00001304
3.00002022
3.00024688
3.00009568
3.00000357
3.00000288
3.00001395
3.00001167
3.00013517
3.00004045
3.00000705
3.00000528
3.00000306
3.00000667
3.00000203
3.00000162
3.00000719
3.00001072
3.00005205
3.00000497
3.00000591
3.00009183
3.00005792
3.00006467
3.00004972
3.00000832
3.00000960
3.00002503
3.00002679
3.00001117
3.00001150
3.00003095
3.00007138
3.00003984
3.00001207
3.00001106
3.00010918
3.00003497
3.00000335
3.00003227
3.00002203
3.00003784
3.00001483
3.00000724
3.00000447
3.00001018
3.00002382
3.00000211
3.00002559
3.00001324
3.00006340
3.00005938
3.00002332
3.00000162
3.00006204
3.00002309
3.00000286
3.00000815
3.00005112
3.00001301
3.00000404
3.00002821
3.00005347
3.00002786
3.00000938
3.00000931
3.00000470
3.00001305
3.00001444
3.00000976
3.00001040
3.00000785
3.00008967
3.00007245
3.00000657
3.00001543
3.00005949
3.00000391
3.00005242
3.00000519
3.00001709
3.00007735
3.00015417
3.00023845
3.00024154
3.00013565
3.00022233
3.00019908
3.00011559
3.00004622
3.00005814
3.00008009
3.00009046
3.00006871
3.00005939
3.00036424
3.00007709
3.00065082
3.00224002
3.00017627
3.00211103
3.00069008
3.00077511
3.00031818
3.00168836
3.00918751
3.00729502
3.00080762
3.00049527
3.00019677
3.00092836
3.00109770
3.00062282
3.00093401
3.00144474
3.00079997
3.00100079
3.00383288
3.00392889
3.00136527
3.00231824
3.00126332
3.00016365
3.00021586
3.00058523
3.00207978
3.00161916
3.00018312
3.00003759
3.00094153
3.00837067
3.00035760
3.01028652
3.00165548
3.00187204
3.00108537
3.00093760
3.00036524
3.00137439
3.00067137
3.00001183
3.00031544
3.00061535
3.00001726
3.00002633
3.00012722
3.00659419
3.03670434
3.00171017
3.00083797
3.00057392
3.01118972
3.01930107
3.00115388
3.00072788
3.00041132
3.00026015
3.00072545
3.00211789
3.00545547
3.00362821
3.02802306
3.01658724
3.00333615
3.01298134
3.01642699
3.27353934
3.19863542
3.11051737
3.32973460
3.07059700
3.03206710
3.16665489
3.83044369
3.55202720
3.02832966
3.00442040
3.04266245
3.24969632
3.07948482
3.01828836
3.09039798
3.08238532
3.16783050
3.05672948
3.09737189
3.35716839
3.11550423
3.26070602
3.86086961
3.53170866
3.09503202
3.22440923
3.80178943
3.16587577
3.05062367
3.17526883
3.31491415
3.06032680
3.14788102
3.52771068
3.10192611
3.17864185
3.62509801
3.59069144
3.09023975
4.28066058
4.94911754
3.60196924
3.07830172
3.07925431
3.11972283
3.02981552
3.04128989
3.02849150
3.13415000
3.25898319
3.53518273
3.73293558
3.14913928
3.11281763
3.13993091
3.07742323
3.49111256
3.45784679
3.72417897
3.20620079
3.27839131
3.81772976
4.95729435
3.90437174
3.81238647
3.46678298
3.47195486
5.09428036
4.54880621
4.23075748
4.03160569
4.43450581
4.95390857
5.67178321
4.28139428
3.38630579
3.99565191
5.57311378
4.20779668
4.58186990
7.09805819
8.84274458
6.57335660
3.78439155
6.28338535
5.80989351
7.72725129
9.68854472
4.69951786
5.32690559
6.07266396
4.16912100
6.21789730
7.49118289
4.80489215
4.32811369
5.32440501
5.03936736
3.74988540
5.09813311
7.67485629
8.33723754
5.45800840
5.42278876
8.95895103
8.24210602
4.33163148
8.44126986
7.51001217
4.73653831
4.64100137
4.16793650
3.25203194
4.46331551
4.89423708
4.32822395
3.47055398
3.65933539
3.73642362
4.10817614
6.14555227
6.38064155
5.07641119
3.14028336
3.71046810
3.30462842
3.30042593
3.42617445
3.77081194
3.24997846
3.29088755
3.43532127
4.67561132
6.77049915
6.58784734
5.00487129
4.19470216
6.99005366
6.21937147
4.68380966
3.41246458
6.40293492
7.78438986
7.26597717
3.94021090
7.24746376
8.12874878
6.33044358
3.77143364
6.41030627
6.34428159
3.67693780
3.57470031
5.26646573
3.37835339
5.71723697
7.96276723
6.73497685
4.74506206
5.59809512
5.83729288
4.45813185
5.11479102
3.38984591
7.27402930
7.40833502
8.04816151
6.61704788
3.37440215
6.94858834
8.10249456
8.31582233
4.10007894
4.76013728
6.34967852
7.94980464
4.60996188
7.50935022
8.08245415
4.61846715
4.36072779
5.25672320
6.28516336
6.03999214
5.63327574
5.14119296
4.94484241
5.98437237
4.82709130
4.42412361
5.16692889
3.60093898
3.73737668
5.12892102
3.56928491
3.82016840
7.49215736
10.43952178
9.37927242
3.65604469
5.80494343
5.30438712
3.46420352
3.76055120
4.45659706
3.69879096
3.99473059
3.27884091
3.08908996
3.32851881
3.92681414
3.66730273
3.07774390
3.06220972
3.11615102
3.89635850
6.38308069
5.76240905
6.27957850
7.55439695
6.53540728
3.53552048
6.41674808
6.64341716
6.22052604
3.92224268
3.53890942
4.01549977
3.20114100
3.37673632
3.13274456
4.35419262
5.38515853
6.08623245
5.52991552
3.64636487
3.21168776
3.79730791
3.86777508
5.85737242
5.58017205
6.74956911
5.63219440
3.35955464
3.68907110
4.59325191
5.19618282
4.21682369
4.68673588
3.35246804
4.21874483
3.99510373
4.36201688
4.25828550
8.12992314
6.86553494
5.71900224
6.60266378
5.77333669
8.75692999
7.41632942
4.08651885
3.38079259
3.63357887
6.35596707
6.95982620
3.95908010
5.49449784
5.70822281
5.12476627
3.88008297
4.04763364
6.44316812
6.47840018
3.96594328
3.41240416
3.21973799
5.09384727
4.79381238
3.96645994
3.76769647
4.02043016
5.24622490
7.92678544
7.00633576
6.83205549
4.29293287
3.81094571
3.68385100
3.77589282
4.23694157
3.43219627
3.44572167
3.65873495
4.88663308
3.71493000
7.55903094
3.83501508
7.27429792
7.02484509
3.93590643
3.37646551
4.02786326
3.21005015
4.15741276
3.49706496
3.79011200
4.09720724
4.22324051
5.27509015
3.55537822
8.44499818
6.47048800
3.49943338
6.47993760
6.32955839
5.60047046
6.73899063
6.44359209
4.41313930
5.67711810
5.99120268
5.28665728
6.46036371
5.07611050
4.46164005
3.71597062
4.96347181
5.37382203
8.43441887
8.84399461
8.59633811
3.68888838
6.85284509
8.44121762
8.12515247
7.45526395
3.74278902
4.30174511
5.47329962
3.33248398
3.71486540
3.33980330
4.03072961
6.28257893
6.78215539
4.58470487
3.23353977
4.88033467
7.10562388
6.29791791
3.91368363
3.65993311
4.08365444
3.41248930
4.18297425
8.70922829
5.99537732
3.94897480
4.45045133
5.45545101
4.46477233
6.46450472
4.10273724
6.42073712
6.83292733
7.41220213
6.20398351
4.33967613
3.33065576
3.53434945
5.14396513
6.81662386
5.52075820
3.96775689
3.60260590
3.61043160
3.57331317
4.62510253
8.40599683
9.74471342
6.84605991
5.08330674
8.98669040
10.86959135
6.91564748
6.92823439
9.33163605
9.32694912
9.01476561
9.35174638
9.81686314
9.97461886
5.58299123
3.61602971
3.42353400
5.64227473
8.21263042
10.06108521
4.14325777
5.26834879
8.22827305
11.39695702
8.63941962
5.68113808
6.98032942
7.38444438
5.23670412
4.41176690
9.96125741
4.38741665
9.96825393
9.93940269
9.25876819
4.22368328
6.92938306
7.91554959
5.30042959
4.89660988
8.89993228
8.65844862
7.49732387
6.15285388
6.98211922
7.64903583
6.38350420
7.08697050
7.22465587
7.25190183
6.09671122
4.73731833
4.44091640
4.49722816
5.18460558
5.61536300
7.58368905
7.09379219
8.53521695
9.46157040
7.90519240
9.34833184
6.21291134
7.91983506
8.64077190
5.72522116
3.35990041
3.33931678
3.98868498
4.92155247
4.80682231
3.85086836
4.39072898
7.36874131
3.85965835
3.23710227
3.32361728
5.69358334
4.58597806
4.53073770
4.40502368
5.60888754
5.63052659
6.43803770
12.61827637
13.07746626
9.05229768
4.24789967
7.77695113
10.77858042
10.77114775
6.01914285
6.08754825
7.43836018
6.15588412
5.78186239
4.67341349
3.39661457
4.47972724
3.59246326
3.42235597
3.53883777
3.41703571
3.31619875
3.73423461
5.18375684
5.80598937
4.34145771
3.33269149
6.05482394
12.07324124
7.97670406
5.47153106
7.51208711
6.84656673
6.53515311
6.60841574
5.77577942
6.22682939
9.02559297
10.08260229
10.10366363
8.66326353
8.07778023
4.97842985
3.72961725
3.63801178
4.21059537
5.32936566
5.44936610
7.77700903
5.85393460
6.11063430
5.98232684
9.16116206
9.59971154
4.89799014
5.40097902
6.75095547
8.95729394
7.49414194
6.27150542
8.15146485
6.31355587
3.92141099
5.78318331
7.09533934
7.48683143
8.49913579
8.65533090
7.27649656
5.02636991
10.95676607
10.83589226
10.11984339
8.03433374
7.50153928
5.47220992
6.90012063
7.48378382
6.68974986
5.98346062
7.38064109
11.07031341
11.08118878
7.44739193
5.36941917
5.82237234
8.81807334
6.48980819
4.39964007
5.77695965
9.59251981
5.05751585
5.38201572
6.66213870
10.42336062
11.23858337
10.20138482
7.84879989
6.67535242
4.77644164
4.51015804
5.30494579
5.62912505
4.93995140
7.99622806
6.63269220
3.54333574
3.21921014
4.48192615
4.33006455
4.08695141
3.38268770
3.36314700
3.50724097
3.93607926
5.91211519
10.03069187
8.64636925
6.11997604
7.01496468
7.34320146
5.05688635
9.74657262
13.09688454
12.90594940
12.08065819
10.19046899
11.89848401
13.05961647
13.45216705
12.71085917
12.28697047
13.13464789
7.74386635
5.10360933
10.22059494
7.81487014
5.80498656
6.97627310
9.30670089
10.31320983
12.40350674
12.48438059
10.66527829
6.18059879
7.76403149
7.05561733
6.42063834
5.91400279
5.22836304
4.11702268
3.62305317
6.19996773
8.67584302
9.58117798
8.35747930
4.51434649
5.37460401
3.63245287
3.43100819
6.47904683
8.32437065
9.70909887
7.62792361
7.71088878
6.63063917
3.89751746
6.37869922
5.79134171
5.19116028
4.24704401
4.55060498
4.37292400
6.51995607
5.64797737
9.35487379
9.19153163
7.42469072
5.55848818
4.04230776
4.18038513
3.50896902
7.49752243
6.35069454
5.85069271
4.43857339
5.55563319
6.58854401
6.34751722
7.45672713
5.88457422
3.66227287
6.11018047
6.03219488
3.57186439
4.09170269
5.46612979
3.67460354
5.34029960
4.04217307
3.72237138
6.62895327
6.12679997
7.06913065
5.62426897
3.99929620
6.93803047
5.51204392
3.99003131
4.70288041
6.92068487
4.20008548
7.08727725
7.68448505
6.07781981
3.57074737
4.63522549
7.77030163
7.98279022
5.91054916
4.85045990
4.20097330
5.50404231
4.38947407
6.65653954
7.73504392
7.47579630
7.39483997
6.18678229
4.25459797
6.16402097
6.69382190
4.85788117
5.31994309
6.15840188
4.07846850
3.23757198
5.21268645
7.34087895
4.18589191
4.20130195
5.40416022
4.27262774
3.42287856
3.32140799
4.26505111
3.48722194
3.92404639
5.10614233
6.86594435
6.91291046
5.03873446
4.11055080
4.14620256
4.76961506
4.73459133
4.63082991
3.62271293
3.55306898
3.29293668
3.50929478
4.95213754
4.45163525
3.76685338
4.56628742
3.29982820
3.64107794
3.54913237
3.25216089
4.06583142
3.30549953
3.63270624
3.64175566
4.25454483
3.75033144
4.25424579
4.21291839
4.51579883
3.85787600
4.31040312
4.32060919
3.27103654
3.19304796
3.08110664
3.41655319
4.86582346
3.96925545
3.18736024
3.29997090
3.85607399
3.99967116
5.05667970
5.29803772
4.33871630
3.09796155
3.18948597
3.64555858
3.34419636
3.37578538
3.85020821
3.37091184
3.05949627
3.09035343
3.21688451
3.29313154
3.00449610
3.25206686
3.05167952
3.00826547
3.02043336
3.19245661
3.28196993
3.07423400
3.04910007
3.12751353
3.07224956
3.02739749
3.26595729
3.31859692
3.01209141
3.10386027
3.30340040
3.09076415
3.00194784
3.05657366
3.00495175
3.02710588
3.02444479
3.00621059
3.03105634
3.04657330
3.01990378
3.00587265
3.00361511
3.00358710
3.00115460
3.00243133
3.01430462
3.00195321
3.16790030
3.06957679
3.00073421
3.00041074
3.01149744
3.02896794
3.00560912
3.00178935
3.00031597
3.00440875
3.00512440
3.00303424
3.00653139
3.00011882
3.00052143
3.00255559
3.00239540
3.00012900
3.00122722
3.00022744
3.00025403
3.03127405
3.04420494
3.00058023
3.00417945
3.01155986
3.00445586
3.00096274
3.00054428
3.00128863
3.00004280
3.00008458
3.00002533
3.00006808
3.00014291
3.00002233
3.00014077
3.00729239
3.01516426
3.00005039
3.00184856
3.00084877
3.00013096
3.00016042
3.00002841
3.00119001
3.00012816
3.00002765
3.00025024
3.00033141
3.00005019
3.00006297
3.00002563
3.00020070
3.00001614
3.00006623
3.00007238
3.00007548
3.00003893
3.00002303
3.00001663
3.00010962
3.00006880
3.00002666
3.00004021
3.00019514
3.00060300
3.00024858
3.00006878
3.00002633
3.00001418
3.00001310
3.00041960
3.00068847
3.00023593
3.00001626
3.00003383
3.00001760
3.00001090
3.00000941
3.00001397
3.00002084
3.00005511
3.00021579
3.00047780
3.00021844
3.00030247
3.00030608
3.00008795
3.00004507
3.00005326
3.00002181
3.00005786
3.00005018
3.00010356
3.00008006
3.00008026
3.00011447
3.00027631
3.00062016
3.00090947
3.00006501
3.00000513
3.00002747
3.00010360
3.00002107
3.00000462
3.00002466
3.00001748
3.00000819
3.00000860
3.00000641
3.00004425
3.00008583
3.00005650
3.00001149
3.00002684
3.00002700
3.00003695
3.00008729
3.00003216
3.00000389
3.00000803
3.00001284
3.00000896
3.00001522
3.00001105
3.00000412
3.00000296
3.00000853
3.00000686
3.00000676
3.00002832
3.00001591
3.00000432
3.00000462
3.00002293
3.00000487
3.00001844
3.00008032
3.00002364
3.00005531
3.00004256
3.00005141
3.00006060
3.00010021
3.00026523
3.00010710
3.00004958
3.00027155
3.00054981
3.00085756
3.00024909
3.00007309
3.00022619
3.00012804
3.00020178
3.00016887
3.00009124
3.00003843
3.00003713
3.00004858
3.00010252
3.00034471
3.00027686
3.00030931
3.00023278
3.00010434
3.00009420
3.00011603
3.00009552
3.00011758
3.00005703
3.00007785
3.00008591
3.00013770
3.00040839
3.00036852
3.00025622
3.00024300
3.00009367
3.00007515
3.00012340
3.00003254
3.00007106
3.00009319
3.00003518
3.00001252
3.00004768
3.00009980
3.00009087
3.00009503
3.00031969
3.00055363
3.00017672
3.00022247
3.00016268
3.00046143
3.00073140
3.00043797
3.00036382
3.00015363
3.00004621
3.00000557
3.00001790
3.00008104
3.00080903
3.00022732
3.00000176
3.00005338
3.00003103
3.00000802
3.00001630
3.00008548
3.00002967
3.00001254
3.00003740
3.00004690
3.00000869
3.00000366
3.00000257
3.00000991
3.00000894
3.00001045
3.00001826
3.00000478
3.00000856
3.00002694
3.00003172
3.00000697
3.00000524
3.00007869
3.00003388
3.00000437
3.00000719
3.00000349
3.00000321
3.00004321
3.00011766
3.00000976
3.00000190
3.00000161
3.00002520
3.00014356
3.00005150
3.00005141
3.00012066
3.00013498
3.00013685
3.00007899
3.00003056
3.00003512
3.00002622
3.00001901
3.00003460
3.00000871
3.00009001
3.00063740
3.00026097
3.00002131
3.00000290
3.00001246
3.00002363
3.00004778
3.00125524
3.00024835
3.00002332
3.00011865
3.00003888
3.00001967
3.00002323
3.00002435
3.00003464
3.00001525
3.00003160
3.00014774
3.00002657
3.00001179
3.00008545
3.00012571
3.00005757
3.00003306
3.00004487
3.00005400
3.00006629
3.00010483
3.00006402
3.00007055
3.00004856
3.00001634
3.00000854
3.00001020
3.00000762
3.00000943
3.00003450
3.00016017
3.00045180
3.00002099
3.00000508
3.00000970
3.00001231
3.00002354
3.00003178
3.00001307
3.00001534
3.00005257
3.00004166
3.00004421
3.00002187
3.00002287
3.00012245
3.00003302
3.00002546
3.00003436
3.00003201
3.00005514
3.00002554
3.00006471
3.00003179
3.00005959
3.00003299
3.00014079
3.00069667
3.00142388
3.00037536
3.00014112
3.00049334
3.00023092
3.00009997
3.00079391
3.00219399
3.00021092
3.00013050
3.00130082
3.00357471
3.00028752
3.00016394
3.00041818
3.00073093
3.00017132
3.00010684
3.00011699
3.00044023
3.00013265
3.00052505
3.00050708
3.00007835
3.00077471
3.00041661
3.00091382
3.00047253
3.00033163
3.00019506
3.00016086
3.00096372
3.00661706
3.00054262
3.00030273
3.00013495
3.00501692
3.01239978
3.00020085
3.00086918
3.00156295
3.00433130
3.00488014
3.00607506
3.00607885
3.00104730
3.00070514
3.00325083
3.01634540
3.02080356
3.01380650
3.00176136
3.00211053
3.00043000
3.00291171
3.08444780
3.12018523
3.23094374
3.08429565
3.00095642
3.00027418
3.00014719
3.00100359
3.00003938
3.02883748
3.00622122
3.02109776
3.02966334
3.00209501
3.05712414
3.12726570
3.04308357
3.06120094
3.16550533
3.04910756
3.01132089
3.04134260
3.28923281
3.10963919
3.19787806
3.17034471
3.07885776
3.01759979
3.13838802
3.47047648
3.51049750
3.16164334
3.05953450
3.03762704
3.22781922
3.04375873
3.00521203
3.18788475
3.11510411
3.15927197
3.16432166
3.02848995
3.01049863
3.00784961
3.10423543
3.30409473
3.64960031
3.59290484
3.01419317
3.22102306
3.05290547
3.01579890
3.08939208
3.45126387
3.22041569
3.11772548
3.78902412
3.32274039
3.09901349
3.06578759
3.04217837
3.12779844
3.03603485
3.02216008
3.22462257
3.97153981
3.37061204
3.00594863
3.50213851
3.73924841
3.58716159
3.14267835
3.04577262
3.37266173
4.05116905
4.33393685
3.20767329
4.36001500
3.84469318
3.08333081
3.25413715
4.67608888
6.26016833
4.23667693
4.67993095
4.93749312
3.48287113
6.60518147
5.13325461
3.25212681
3.04552168
3.67215063
3.20532391
4.64583942
6.66166665
4.90159305
3.27199648
4.43815148
5.69468276
5.08156523
3.31850397
3.45550520
5.41920216
3.67387093
3.49311509
6.07120907
8.39771122
4.42687276
3.71456549
3.86172527
7.80815069
8.53448842
4.82087678
3.91644876
3.39644139
5.54434086
8.31552039
9.24034360
9.39799173
11.59523834
12.80338029
7.73101325
5.46410764
7.63259505
4.99636320
5.07237507
7.24350138
4.15253023
5.50338790
3.65176509
6.93867003
7.87037672
8.46321166
6.27353195
4.31216423
4.26700899
3.49129634
3.43671632
3.09574824
3.47232370
3.57923707
5.06126425
8.14046813
9.98020359
6.21628231
8.03215811
9.20654854
6.47691865
4.28020740
5.76871151
7.35283325
4.80429650
9.00710366
9.61170014
5.76972712
3.20763274
3.45580467
3.58818158
6.15195501
11.15808832
12.67965977
5.61024232
6.07873223
9.30804502
12.27349004
13.87846780
7.01865219
7.47921112
6.28351140
5.99955326
8.90309599
11.12767356
11.89389909
8.76761405
4.93958633
7.87767740
13.90884607
15.27126991
15.37525820
7.91420928
8.15578999
6.90260718
7.16572996
6.05077326
9.87861119
10.60838352
9.60439894
8.30459288
11.51112320
10.25316242
9.65785807
9.53322117
9.65888239
7.39542555
5.53849303
6.78268831
8.82569681
13.37940551
12.91960526
12.02192572
10.49229264
11.47792445
8.22961015
14.49641651
12.35199681
6.82755371
14.16160584
16.38405093
16.87658089
16.50980617
8.45314328
12.02563441
13.68849885
16.49639036
8.92618348
14.54379638
12.76396174
16.25964608
15.21491389
8.89017175
6.73121124
9.41269802
11.13793910
10.52109980
11.00798058
8.57670001
13.34324531
14.72196159
14.89166362
14.03108094
6.79620515
8.60851496
8.63504162
8.90379239
7.09186980
11.75997750
12.86110349
14.34745571
15.17365919
14.09701545
14.87351827
16.18965302
6.49182930
15.77483931
16.27993479
12.08561992
14.51540530
15.33109674
12.58729964
13.17110737
14.02177429
8.76245092
14.11166023
13.99594742
8.74460021
7.28192107
10.68610734
13.61955997
12.39157033
8.22668912
8.10660798
15.96087000
17.67690969
18.43222863
18.01956271
13.62724662
9.67912629
15.09957800
11.74558606
9.70458288
12.52362912
13.42048750
13.45791347
13.22534905
12.98973977
6.46251018
11.17951688
4.50050289
7.86084767
7.47239837
4.74066551
4.60486929
5.56030275
9.14681238
8.17180028
10.17244246
11.07989632
16.20035953
17.21480767
14.04344718
12.57771459
15.53138604
14.82077290
14.84265072
10.76929609
8.20381218
14.58788647
14.34294026
15.36219175
11.74787308
13.13680521
5.66784634
17.11643123
16.01885568
14.30318685
13.55060722
6.95568884
4.95318142
12.36953879
11.30589230
10.38872752
11.19961950
9.68017347
11.38808836
16.39834577
15.88457638
16.59437843
16.10563280
12.43805882
12.32494155
5.80030542
12.01171516
11.48980932
13.01535440
14.48950349
15.35193282
13.56405798
9.91045534
10.70355557
16.28579337
11.46493186
13.78864915
12.84956863
13.57951742
16.47998103
13.71915382
15.11429056
13.14080600
8.65866436
9.24268056
12.81921218
13.54680501
12.77148214
8.04640271
14.11599130
12.69533797
12.11790803
12.57746802
15.34408476
15.10247149
7.12063819
14.28526706
17.01029974
15.91192810
16.08560001
13.86915457
12.81440916
12.30484494
13.36276395
11.69908174
9.95802801
9.91566723
4.80635744
6.87061642
8.74390991
9.58610912
9.64921857
4.32124715
8.17745552
9.77690153
9.91869146
9.73105924
9.52127459
8.50777980
7.47295625
12.02459164
10.53791997
5.94518491
9.12292141
6.39052966
5.31659393
10.08486186
10.86232296
10.39280809
8.14175409
12.13845361
14.21838921
13.95209121
14.49400480
14.48864261
15.11674393
5.23441554
12.99105410
12.62068880
12.43709566
10.51762014
10.84018845
9.12274489
6.16625078
7.82056424
9.41494153
8.21934886
4.57676846
3.60064547
4.12781539
9.44429882
9.97767653
9.18457005
4.26836166
7.32689757
7.60519701
7.20708133
6.72988702
11.44360097
9.92346214
6.93827576
12.50696165
8.69795082
13.70707771
15.16083815
14.37208774
12.95432771
13.12994166
9.65527201
7.56642218
4.88603296
8.36368790
6.50203287
5.37386411
4.70324680
8.42458202
5.34667485
8.03181361
8.31884655
6.14642975
7.21450798
8.47833098
8.80961982
8.49356629
8.96211582
6.61368757
3.49788361
7.30264315
7.90965593
11.09077354
11.69448421
13.63124080
12.27347799
12.39049391
11.25758594
12.71928300
11.34814217
9.73557083
7.97953109
7.55973084
6.23078664
3.59032593
8.84094553
9.17439767
10.58885357
9.33563201
9.35496505
10.04638982
5.78904185
6.28537647
6.69594195
7.18646886
9.01686012
8.49689226
6.79421583
5.45860375
9.42517946
10.80992506
12.48875172
13.59001554
13.91518759
9.47632323
10.40178760
8.58656421
7.99967761
7.59275699
6.05814531
4.88499481
3.84884850
5.66090188
6.41809259
8.83831100
5.35658400
7.33709848
9.92567306
12.63942865
11.66858148
12.79366830
14.95990122
15.05023310
10.90634156
10.67037221
9.38358086
4.46088626
8.55654368
4.55912426
8.34644809
7.64871111
7.75862128
9.52517229
11.45340810
11.09224456
8.86813184
9.20300218
8.20915953
10.22247791
8.97953072
9.55972976
9.01307202
7.38529727
8.58450324
5.62010000
5.53810316
6.02439663
13.07124061
12.14753868
11.26458638
11.43516335
12.10083441
12.56858934
14.00094690
10.35642027
12.41765421
13.18765866
11.68761898
8.49669919
12.04262778
12.17624370
14.25096821
10.51328806
12.22795862
11.01305761
11.05822978
13.19986243
14.13576855
12.95013141
13.71558373
15.45033358
15.64649107
15.73426308
14.57050953
12.38759011
8.83155479
15.89439199
14.33035651
14.80481746
13.09877435
13.33136067
9.88405732
12.19363544
6.43358674
6.14380162
7.88535347
10.39889712
11.32364211
12.02477835
13.06885039
15.55376832
13.81431771
11.64017371
14.84542172
14.18441744
7.56876069
6.22089564
7.08756417
11.34976126
12.23401760
12.32169183
11.53333783
10.82216832
11.95197611
11.42291403
13.09178094
9.88876399
6.67265923
12.28609037
10.97606977
8.54821769
13.02629536
12.88067891
13.19532733
11.89567434
14.35561980
11.91318094
11.41012314
9.17906355
9.93770204
12.23528664
12.12456820
12.51077087
10.38611519
11.52988510
14.91794980
16.78595118
15.05307587
14.60717557
14.68002618
14.10350340
8.30721122
9.34842191
9.53729163
8.81294498
5.64008140
6.60142031
9.22745173
12.32041067
9.62223547
11.33064105
8.15173831
11.06140006
13.23449702
12.62486258
14.05832748
13.38256736
13.36144655
9.50567939
10.70749972
6.84583058
10.19016921
8.94403391
10.65588265
12.65191848
13.72883119
11.88094281
11.75229366
10.63776456
10.43439644
4.89038432
10.71594253
12.21867495
10.99829744
8.02323537
11.59240810
13.20089325
11.96138186
9.92659324
8.44510191
7.61934852
9.69294326
10.55425270
11.49996564
8.98030534
11.80811787
12.34142195
14.80575448
13.74595882
9.61548172
12.90514392
12.71456018
11.27068580
11.78409527
10.96079917
8.04072333
11.22226240
13.32413465
11.68086128
8.34102580
8.01364046
6.40910950
11.69363010
6.68042180
8.69620033
13.06486949
12.38027823
9.66327240
10.08758152
8.60384021
5.47604805
4.84250224
10.60578731
11.65625945
11.52301378
11.53073719
10.51846648
9.83706839
11.22015763
9.55714338
11.92923343
11.86604549
13.35076947
11.67310858
10.72326723
12.10806336
12.55563115
13.53265266
12.05380639
14.76939690
7.31925543
11.44317057
13.52656771
11.69954738
11.37631231
11.39832299
11.39016079
11.60785300
12.17909922
8.65943175
6.08908086
4.17442590
9.04540135
6.14440194
6.51770251
5.30620279
4.94967413
6.15774133
6.91546757
7.17148772
7.67992988
6.28324123
4.62557512
8.52451984
11.84178425
10.08357162
9.59980560
9.55146359
11.43100102
11.06505764
8.81368859
8.48834759
8.41616642
8.86310582
9.68279179
9.95848487
11.88934451
9.36452209
11.43463628
9.07604820
7.02630062
12.90549113
14.26808254
13.32834648
14.97946771
13.19678040
13.00298018
9.56054013
12.00184649
11.93655958
6.85853601
8.36930017
13.27294169
13.14305526
13.00687961
14.27747087
14.27955272
12.21653940
11.67593402
5.16693932
8.76084814
7.36107616
7.63064031
3.90442973
4.57708156
8.55337872
8.11444885
7.65592956
11.96427280
10.64567383
11.91220007
10.17857291
12.43790116
16.12904077
15.35332676
13.15443920
13.07867275
10.81205312
11.55389403
9.53437908
4.53418011
5.53725702
3.98049365
4.71971321
9.56194761
11.50041887
12.85297931
16.10215959
14.02062749
11.13662330
10.13891893
11.11028069
6.92228371
10.95180301
12.61435588
11.46385047
8.56175573
8.11266112
6.44520552
10.61382574
10.53619319
10.50267200
8.11485722
6.19331001
8.93979512
5.47210658
8.48780557
9.32679648
6.20515111
4.11829642
5.46016047
10.25125199
12.20854091
10.47935203
4.71220878
5.52674234
6.61525845
6.11684515
4.63198185
4.28475374
9.90038235
11.10574938
11.78058326
6.94102051
6.02041309
3.61652615
5.08601767
5.37719124
6.28279854
5.44183241
7.04499784
8.26068215
9.32303217
12.75845574
13.79960268
12.33244481
12.29343024
12.07944748
14.55176490
12.34800843
9.22280482
10.57443704
11.94486310
11.94418540
11.59750849
11.84904940
9.57239625
10.82611063
10.79347596
11.63378427
4.03585247
7.57942482
9.13791743
10.27031062
8.80358576
10.73148166
10.76567377
10.80334056
7.49485408
10.03646754
12.96743894
9.51975041
8.13695688
4.83550836
12.27268884
13.55241211
12.56625390
7.97894431
4.78934455
6.05826780
5.22783269
3.85859396
6.64579913
6.45741740
4.92826637
9.00711573
9.25804481
4.84568326
7.22029985
10.05643445
10.47388144
11.22561939
10.05700588
12.69872057
11.14729444
8.30417892
6.92760061
9.78011772
10.65264544
9.89525646
9.78477217
10.81375419
13.22735383
13.15159827
13.22693034
6.81837606
10.25578114
9.70437727
11.44535517
13.30843946
15.13734825
15.11594831
15.92848263
7.36488591
13.57819845
10.38091115
5.53930806
10.76063010
10.27254222
11.99900054
12.63614463
12.67088537
12.24428913
12.58799742
9.04048756
12.35713151
12.22572700
11.90231434
13.72901638
12.90995990
9.47312621
5.12524400
5.04073010
6.47376201
4.39796849
3.95181464
3.80498937
6.17429545
10.54551927
4.82935062
8.59654144
11.19098011
10.39747851
8.98380104
7.52165481
6.07070677
7.14246696
8.91672464
10.05352366
10.53215871
13.24263798
12.51129532
10.70350535
7.31825692
14.31964172
15.47689175
8.85373507
13.92244976
14.70896532
13.97457611
14.89579263
12.93625603
13.70387400
14.97856123
14.52700706
7.91289958
9.09788383
6.03694216
7.98013449
6.85054639
8.88075917
10.06011372
9.80055384
5.43845340
10.55496203
8.46073838
14.97112133
15.16273144
13.44658529
12.90018703
9.94679909
15.20228027
15.55689700
14.56754511
13.89895625
14.77564336
15.07895713
7.98305724
13.36449918
14.37082441
12.85696581
8.63749375
6.82257196
6.95980957
9.79610813
11.06710747
10.19386429
7.80018506
9.33515841
8.72663638
8.60662970
7.61843736
5.17568110
5.83359270
4.19764450
4.03671233
6.75763813
6.59070286
6.27444959
6.59711650
5.97228468
5.50099729
9.78893241
7.31947826
7.95314852
12.24545244
12.16733295
11.19157745
5.29456720
10.78888806
11.70649389
7.38609506
7.06850075
10.98132996
7.24395740
7.48951349
6.95504280
7.83234193
8.24699501
7.39104687
4.67048807
3.62602932
7.03068025
5.37289838
5.14597348
6.05269282
5.97308894
5.12913628
4.12616555
6.27492391
6.25944031
4.13313503
4.57534192
7.04600426
5.15026400
5.52617083
4.83786635
5.31671531
5.30419548
4.97046597
3.84455573
3.80032959
3.28979998
3.82559118
3.55420038
3.19621537
3.43302711
4.10165728
4.64328432
5.55595048
7.08544425
6.29711551
5.47925520
5.13718483
4.79085915
3.51043601
3.63589042
6.15497359
8.73289202
9.94979937
6.71598696
5.12971712
5.76512272
9.40371784
10.20591634
9.31342102
6.14960805
4.85052709
3.90436959
8.46032688
10.84566189
10.12919867
4.96025814
6.71578299
6.42226722
3.56147990
4.48625351
5.42480006
3.25581889
4.43874485
4.94716845
4.82403596
3.64051186
5.94287259
7.85770674
7.47150047
4.95670731
5.66846823
5.36344902
4.45720282
3.53012248
4.26207665
4.41187498
3.22272628
3.71180596
4.91781437
3.37117189
3.61596362
3.18510143
3.76592778
3.22322878
3.08407360
3.32110635
3.50985170
3.61778990
3.51472022
5.14589266
4.53317762
6.29169352
5.49087290
3.54470848
4.09143691
5.08860786
4.78925100
5.10023467
3.32183979
3.52029919
3.52906933
3.24852853
3.17946462
3.33496883
4.45619298
3.24110156
3.12897889
3.25692116
3.55566219
3.28073728
3.23026630
3.04340151
3.04303213
3.09636755
3.13993752
3.04000519
3.39767840
3.14935879
3.08096463
3.55293325
4.06627799
3.45908229
3.12614118
3.22739820
3.36385663
3.06020074
3.02157287
3.03997278
3.05708653
3.18581915
3.12696557
3.01722987
3.04616970
3.12991035
3.04939693
3.10045675
3.39402700
3.17144922
3.41270678
3.18616338
3.03092906
3.11459877
3.19264097
3.05976588
3.04790645
3.05815314
3.00629176
3.00373541
3.00563027
3.01515846
3.00212359
3.00834311
3.01000600
3.01694866
3.00397866
3.00947096
3.00631983
3.00360236
3.01003355
3.02029861
3.01313268
3.02817355
3.00339419
3.00856251
3.01071045
3.03079765
3.01075865
3.02108575
3.00959146
3.02786903
3.04879250
3.06068743
3.02383639
3.00352178
3.00297649
3.00454822
3.00358873
3.00242404
3.00171045
3.00458849
3.00646657
3.00974467
3.00374041
3.00046250
3.00072624
3.00061913
3.00216277
3.00166790
3.00120450
3.00047304
3.00037216
3.00077550
3.00046615
3.00090307
3.00060054
3.00175226
3.00098858
3.00119401
3.00140646
3.00165413
3.00100768
3.00438090
3.00335977
3.00427292
3.00219789
3.00056699
3.00112623
3.00216816
3.00220315
3.00724453
3.00314816
3.00182033
3.00195856
3.00194783
3.00152747
3.00275733
3.00477008
3.00154105
3.00165540
3.00089115
3.00032086
3.00049699
3.00042760
3.00085603
3.00162006
3.00248770
3.00216619
3.00211650
3.00153790
3.00052504
3.00034501
3.00027241
3.00020444
3.00021444
3.00014460
3.00052843
3.00112152
3.00056812
3.00012345
3.00010329
3.00005738
3.00002525
3.00006976
3.00008537
3.00006879
3.00007880
3.00007185
3.00101562
3.00051112
3.00007874
3.00013879
3.00025768
3.00025251
3.00035831
3.00019673
3.00028118
3.00008690
3.00035100
3.00022740
3.00024777
3.00046383
3.00035876
3.00043451
3.00057231
3.00051528
3.00045135
3.00042712
3.00047199
3.00055136
3.00055238
3.00143999
3.00109223
3.00105801
3.00089254
3.00076095
3.00070316
3.00042671
3.00051206
3.00052705
3.00017508
3.00023375
3.00024710
3.00009511
3.00010926
3.00018874
3.00009133
3.00006046
3.00006496
3.00008587
3.00014393
3.00005479
3.00004455
3.00002269
3.00001238
3.00003144
3.00002258
3.00001727
3.00009482
3.00017787
3.00011236
3.00013318
3.00009379
3.00016088
3.00036524
3.00030612
3.00023720
3.00032047
3.00018111
3.00011918
3.00065591
3.00043196
3.00007531
3.00024396
3.00003542
3.00006378
3.00003937
3.00000250
3.00001597
3.00002262
3.00000521
3.00000449
3.00000285
3.00000583
3.00008344
3.00018188
3.00000835
3.00000435
3.00000367
3.00001583
3.00002616
3.00000400
3.00000782
3.00002056
3.00000745
3.00000245
3.00001186
3.00011790
3.00002505
3.00001186
3.00003104
3.00000461
3.00000970
3.00000679
3.00001525
3.00015705
3.00008827
3.00002058
3.00005590
3.00011234
3.00040985
3.00041837
3.00008065
3.00000213
3.00000567
3.00001344
3.00000761
3.00001945
3.00018975
3.00055809
3.00010696
3.00017191
3.00018110
3.00014047
3.00012136
3.00010638
3.00008683
3.00003635
3.00004041
3.00011161
3.00021026
3.00021001
3.00058165
3.00037095
3.00004291
3.00005435
3.00011307
3.00007815
3.00003036
3.00001049
3.00001533
3.00008011
3.00004624
3.00003256
3.00000798
3.00003377
3.00014119
3.00000722
3.00002636
3.00002609
3.00001856
3.00002010
3.00007618
3.00004347
3.00001503
3.00001365
3.00002310
3.00008908
3.00005689
3.00007117
3.00002293
3.00001491
3.00001522
3.00000686
3.00002522
3.00030331
3.00007303
3.00000685
3.00004577
3.00005380
3.00001288
3.00003583
3.00001471
3.00008026
3.00008480
3.00002848
3.00009131
3.00009112
3.00010287
3.00034169
3.00028649
3.00003542
3.00002422
3.00003624
3.00004318
3.00006027
3.00005210
3.00003236
3.00002403
3.00003042
3.00002078
3.00001677
3.00005353
3.00002104
3.00001528
3.00007412
3.00004127
3.00005878
3.00001571
3.00004291
3.00007542
3.00001547
3.00002083
3.00009871
3.00010999
3.00003641
3.00020208
3.00018496
3.00020239
3.00023334
3.00023240
3.00048408
3.00071126
3.00044378
3.00024352
3.00024377
3.00007175
3.00006778
3.00004057
3.00003940
3.00002542
3.00001431
3.00008238
3.00041280
3.00024222
3.00004709
3.00002457
3.00002679
3.00003866
3.00007969
3.00004323
3.00004373
3.00003212
3.00000512
3.00000461
3.00003051
3.00044202
3.00005975
3.00000056
3.00002995
3.00000345
3.00000200
3.00000615
3.00000321
3.00000210
3.00002368
3.00014616
3.00001542
3.00002028
3.00001690
3.00000470
3.00001786
3.00003237
3.00000879
3.00000531
3.00000338
3.00001206
3.00000646
3.00000415
3.00000495
3.00000897
3.00001016
3.00002211
3.00003713
3.00007347
3.00008631
3.00004213
3.00004414
3.00010996
3.00014076
3.00018850
3.00016569
3.00014588
3.00029089
3.00027080
3.00018526
3.00049342
3.00058426
3.00030163
3.00021603
3.00039604
3.00036061
3.00027814
3.00012975
3.00017115
3.00012143
3.00009222
3.00007309
3.00009266
3.00034604
3.00010961
3.00013809
3.00025921
3.00001431
3.00002112
3.00025244
3.00032781
3.00014225
3.00093543
3.00174883
3.00008674
3.00014008
3.00018775
3.00102943
3.00233557
3.00296190
3.00344049
3.00521046
3.00127422
3.00149997
3.00257351
3.00651584
3.00564084
3.00480248
3.00767671
3.00881122
3.01061402
3.01085524
3.00232543
3.00083994
3.00064797
3.00382993
3.00155726
3.00059601
3.02769850
3.04668101
3.00300882
3.00602644
3.00314676
3.00193156
3.00440044
3.01125359
3.00837814
3.07959336
3.04683907
3.00054340
3.00010280
3.00005653
3.00557643
3.00264702
3.00023350
3.00128244
3.00022414
3.00230694
3.00242837
3.02833664
3.00226864
3.00100209
3.00109674
3.00195951
3.00032906
3.06594836
3.10116655
3.04409504
3.06794136
3.01883671
3.00102863
3.06257189
3.13945228
3.13615708
3.11315051
3.02857650
3.03944169
3.03235497
3.10660408
3.14666025
3.22943875
3.50355452
3.66779454
3.37853296
3.13762704
3.05169607
3.46344991
4.26277186
3.28684415
3.10515937
3.06382298
3.14764118
3.22366651
3.16611269
3.16135789
4.13199107
3.96778850
3.55948601
3.10082075
3.53578977
3.92979540
3.95055116
3.67420840
3.46472679
3.82358692
3.47575839
3.14746648
3.32150541
3.57752445
3.41580461
5.01887999
4.61262166
3.35788763
3.18964908
3.25493648
3.12132941
3.12978470
3.02715667
3.28807221
3.39617890
3.16141454
3.03651405
3.11328905
3.84321984
4.11330259
3.53526603
3.31269462
3.07022813
3.10092346
3.76233660
4.00437122
4.14865941
3.36787754
3.03677010
3.29255281
3.09511005
4.50545829
4.31262871
4.47509321
5.28695510
5.77674555
4.81827342
4.10403913
4.75116026
5.31756659
6.88888290
7.69528704
7.31984849
7.36381007
8.11337261
7.30397127
5.73833848
6.44887525
6.52447196
4.84234066
3.74710294
5.33741127
5.18253406
7.64495642
7.23083788
6.06438321
5.57178222
3.78794068
3.42656469
6.09278320
6.70047349
5.36231070
5.33619793
6.39175342
6.67764348
4.45772326
3.85799244
5.45463374
7.12822601
7.71807889
4.82262358
5.89187752
7.81199843
7.17718832
7.53699897
6.55391029
4.14263188
5.95771823
7.01487538
7.47154185
4.44277238
5.13626164
4.20480720
7.16750880
7.81225148
8.96342208
10.76365957
8.39365930
8.63648721
8.61309851
10.75852743
8.92522506
6.40503788
4.02619035
5.48092339
5.10429553
5.49785994
6.07062256
11.23523757
12.93668084
6.79005325
4.75098760
9.47843505
13.76423176
12.23700230
11.56579799
6.88273959
5.73527451
4.34853147
11.95871935
12.86318599
12.64944447
12.03737495
9.45970968
7.68778884
4.96380835
7.97707031
6.78590018
14.83525740
12.91771287
12.44943154
6.35375883
5.32337825
11.15931734
6.72487453
6.88579528
8.43939275
7.75333117
7.50772853
7.54085486
7.91765231
6.04700829
3.92306541
4.29506993
4.32550737
5.72710947
6.24102325
5.57706028
3.66577560
5.65960393
5.44253539
10.22675521
9.37447250
7.73641539
6.08175878
6.78019856
5.17061671
8.24575889
8.40462752
8.47301427
7.34401290
7.75092006
10.07457168
10.57388727
9.47596543
8.51631490
5.10629569
3.86125137
7.99224557
8.15027956
8.57974478
7.19341911
6.67245742
8.03479501
8.98841736
8.24167559
8.22326567
6.19091929
6.31504203
7.63441518
6.25622027
6.11707695
6.48542072
6.03475063
9.47271099
11.18470591
10.59230485
11.00081870
8.22506217
4.99804105
4.34488159
4.98373947
7.80724468
5.02352567
5.32143910
6.61018759
4.03810723
5.20263878
4.52391635
8.73391379
10.77787034
9.61676837
4.73361096
8.96575549
9.37035992
8.21055258
8.61318821
9.09904201
9.60937299
11.67128866
10.87527808
9.25195234
8.30170538
3.45363468
5.53647778
5.91050878
4.64276117
5.65793078
7.85971982
7.90163456
8.13079036
7.19291221
4.07875957
4.37124263
5.94385557
8.40671474
8.69929813
6.59592464
9.46113544
10.25408370
9.79715421
12.79985687
11.10701161
10.93328745
11.97793159
7.70794076
4.22336443
5.68234736
8.66980793
9.16387532
7.63373502
9.27728141
10.32400579
10.88401498
8.91005901
7.38471685
4.55957285
12.79794589
14.75911170
9.19012167
10.70592921
11.81905637
12.48733526
12.28880472
13.43668380
12.29535142
14.12877354
6.12604569
8.04264328
4.53904732
8.12335975
7.91617949
9.89600856
10.31561695
11.26489211
10.84789954
10.62566037
10.49587753
11.15863627
8.50888000
7.05099620
7.15326733
8.95811774
4.93972218
4.31375701
7.56290424
8.23502046
8.05964711
8.18484331
8.53899024
9.88916708
7.09581418
7.56794983
8.27859688
4.73739926
5.14890342
10.25267270
8.56350939
7.54507397
4.53553846
11.85107837
13.24665720
10.31877175
8.04287361
7.49781053
9.07943810
7.86627041
7.92763581
4.01438347
5.86636457
8.56919701
9.98899498
7.86348270
9.04846815
9.91347961
12.32490850
13.14906698
13.46128425
4.98343949
7.15750397
5.73070157
8.21390167
8.84756486
10.17562766
4.56609005
5.24021645
8.43991999
8.65803426
9.86674921
8.05899793
8.78930654
8.03969354
6.03585617
5.44577734
8.78549590
8.52068261
7.70008614
7.73651772
10.00201040
10.60875092
9.08956518
8.51862118
6.78321771
8.76698753
6.20067810
10.80462816
10.83154915
5.78800766
8.02847421
7.04810580
5.10280834
7.05283791
8.27306493
8.33280485
6.83801070
6.80933289
8.14936069
4.93723480
7.42250745
8.48045267
9.03082153
7.54702873
7.39488770
8.87414084
7.09686361
5.13292227
5.72912425
4.10937513
5.39495905
5.43921694
6.33063567
5.54226904
7.95658680
6.38410075
6.59960214
4.02106787
6.11082179
4.38997440
3.72446888
6.26196910
6.34275096
6.59462160
7.11556680
8.15246915
6.96370551
9.18893752
9.75539153
7.10904671
4.13214757
4.11080647
5.86265594
5.85272421
7.17448726
5.76345722
7.75083756
8.73955267
9.40489043
4.48251041
7.73030432
4.28922126
6.00108852
4.40116090
6.23333120
8.34467629
8.50643305
3.49397614
3.95814107
3.64997054
7.76779005
7.64234290
8.09800388
4.41815001
5.25274494
8.75059644
9.86112437
6.92493346
6.01032487
6.87148382
7.97893985
8.69327444
7.13361834
3.80885388
4.60394523
5.26862426
7.08368100
7.35456210
8.28675301
9.92733016
11.14483806
11.20723915
11.55489614
12.88887682
6.32679964
8.15494924
7.20942943
8.75584030
10.68292451
10.26990360
13.32949479
11.10639488
10.03648498
10.08200351
11.42087550
5.45857097
8.65733126
9.47548479
12.98935135
13.10435516
10.36276588
12.93763476
12.86622245
6.56868307
5.64312237
7.62046612
7.82944823
10.46034687
10.07993130
8.48036614
6.61078455
9.63347937
9.31485209
7.62266310
8.24857110
10.64451061
11.03293705
12.15699133
10.13047128
10.44345159
4.61173974
7.68251442
7.70563079
7.16687153
8.89703285
5.07314401
12.61721126
10.85265605
7.96949586
3.78890674
8.38058996
8.65711977
4.78990820
4.50637614
6.65978071
7.61443275
7.83170811
6.98869262
4.79490207
5.24341584
5.50544500
5.27439886
3.26668424
4.39558435
4.58321222
5.41173999
6.26008167
5.56489204
3.70097023
9.21271490
9.78658043
6.97396000
4.56455369
5.26005665
8.90812005
11.23987420
11.64490767
10.21317422
6.87430928
6.65774640
4.51591277
6.69507226
7.82592461
5.24658298
4.75762778
9.76908512
7.42396024
7.01947518
4.54179444
5.11265669
5.71590946
11.34949119
7.12163219
5.98813258
10.01612100
12.26396646
10.79605093
8.16185520
6.64181488
4.72864724
7.86242183
8.40972310
9.94692348
7.98863581
4.39078366
5.96828008
4.74774495
9.89041611
8.82061297
5.17383610
5.56426034
5.76032803
6.14526733
10.64492249
10.07265875
10.60608799
9.32657802
4.28286445
4.15260094
3.81640132
5.05268376
4.10274737
4.77652889
6.20756266
5.70519573
4.73071370
4.52437103
6.25654605
4.31195368
4.16469424
4.67415098
4.75850587
6.09220315
4.16342195
4.28244712
5.58278635
3.96787222
6.69772452
8.08548445
5.04051891
3.59526070
5.50969739
4.21311013
3.44641233
4.21775015
4.93313614
4.05766439
4.07595909
5.59914327
6.72651757
4.47160062
4.21135174
3.72185472
4.42221306
3.46722123
3.26480561
3.48077198
3.29652577
3.19096693
3.25763160
3.40697660
3.45150857
3.17595332
3.11363538
3.18415924
3.10168592
3.09148420
3.19724183
3.04882059
3.03773071
3.01808018
3.04356063
3.03781878
3.01528961
3.02458768
3.04171447
3.43218798
3.09369931
3.01088431
3.07528141
3.02904766
3.02242006
3.00521151
3.01516702
3.07408696
3.03551549
3.01888939
3.00813696
3.02032935
3.02821872
3.00897355
3.03105458
3.05552392
3.01054058
3.00070037
3.01270118
3.00877091
3.01134131
3.00898586
3.00192247
3.00054998
3.00037767
3.00127070
3.00150790
3.00179694
3.00019752
3.00027441
3.00006690
3.00007101
3.00029434
3.00006055
3.00052312
3.00248990
3.00236277
3.00185395
3.00209897
3.00218264
3.00037622
3.00048664
3.00288227
3.00039121
3.00051000
3.00037620
3.00075452
3.00134402
3.00192619
3.00123888
3.00035156
3.00093274
3.00061128
3.00010570
3.00027193
3.00235694
3.00230754
3.00077626
3.00106921
3.00118744
3.00124695
3.00042153
3.00027737
3.00055081
3.00044099
3.00022720
3.00009423
3.00018119
3.00023978
3.00017144
3.00004610
3.00003267
3.00005266
3.00004175
3.00002284
3.00046041
3.00081515
3.00010416
3.00001985
3.00001697
3.00001472
3.00000731
3.00001216
3.00004305
3.00004667
3.00002820
3.00001940
3.00002320
3.00004297
3.00002842
3.00005979
3.00002588
3.00002923
3.00005259
3.00007335
3.00012584
3.00003435
3.00001309
3.00006518
3.00007385
3.00004111
3.00005749
3.00008063
3.00046860
3.00016799
3.00007810
3.00008798
3.00016461
3.00011389
3.00012511
3.00007695
3.00004459
3.00002772
3.00015130
3.00058380
3.00022035
3.00011363
3.00057627
3.00056937
3.00003232
3.00002710
3.00003338
3.00010995
3.00009248
3.00004798
3.00006780
3.00022747
3.00023505
3.00008939
3.00021559
3.00006740
3.00004308
3.00006786
3.00023016
3.00007880
3.00006996
3.00003238
3.00001745
3.00002451
3.00003350
3.00004069
3.00006324
3.00015083
3.00013007
3.00004174
3.00002426
3.00006546
3.00008730
3.00004824
3.00015750
3.00048718
3.00059217
3.00034158
3.00013339
3.00011504
3.00006028
3.00005057
3.00007665
3.00003350
3.00005889
3.00009290
3.00005493
3.00004517
3.00002173
3.00003065
3.00002691
3.00002616
3.00000947
3.00000765
3.00000776
3.00001491
3.00002788
3.00000939
3.00002239
3.00003726
3.00009805
3.00011208
3.00013432
3.00012152
3.00005559
3.00011430
3.00002652
3.00003788
3.00002209
3.00000394
3.00000341
3.00000381
3.00002865
3.00003814
3.00001168
3.00001371
3.00003369
3.00004100
3.00001477
3.00000649
3.00000697
3.00001287
3.00002984
3.00001359
3.00001103
3.00001116
3.00002024
3.00002527
3.00000658
3.00000659
3.00012552
3.00012575
3.00000966
3.00001903
3.00001465
3.00006697
3.00001846
3.00000260
3.00001025
3.00004099
3.00009942
3.00022948
3.00018379
3.00001252
3.00001430
3.00001918
3.00001245
3.00005171
3.00001489
3.00001238
3.00002513
3.00003540
3.00000343
3.00000766
3.00000746
3.00001291
3.00022647
3.00019931
3.00001808
3.00008084
3.00034965
3.00065828
3.00092667
3.00163765
3.00242273
3.00131369
3.00208000
3.00060760
3.00021439
3.00024377
3.00004049
3.00000474
3.00000336
3.00002987
3.00001657
3.00001656
3.00004675
3.00006180
3.00019260
3.00006562
3.00000211
3.00000134
3.00000498
3.00000788
3.00000288
3.00009435
3.00002655
3.00000180
3.00000611
3.00004766
3.00000671
3.00000777
3.00002868
3.00014712
3.00016859
3.00001540
3.00000998
3.00001406
3.00001330
3.00000225
3.00000329
3.00006028
3.00042371
3.00023516
3.00000380
3.00000089
3.00000420
3.00000756
3.00000432
3.00000080
3.00000260
3.00002227
3.00003758
3.00003211
3.00005695
3.00004608
3.00003480
3.00008363
3.00012639
3.00002719
3.00000662
3.00001327
3.00000427
3.00001092
3.00000409
3.00000909
3.00016225
3.00010155
3.00002280
3.00006195
3.00000954
3.00000627
3.00001371
3.00001046
3.00002062
3.00000979
3.00002247
3.00005675
3.00012042
3.00003503
3.00006454
3.00008059
3.00001568
3.00001711
3.00004472
3.00001750
3.00001857
3.00002156
3.00002625
3.00001819
3.00000805
3.00003879
