3.00000000
3.00000000
3.00000000
3.00000000
3.00000000
3.00000000
3.00000000
3.00000000
3.00000000
3.00000000
3.00000000
3.00000000
3.00000000
3.00000000
3.00000000
3.00000000
3.00000000
3.00000000
3.00000000
3.00000000
3.00000000
3.00000000
3.00000000
3.00000000
3.00000000
3.00000000
3.00000000
3.00000000
3.00000000
3.00000000
3.00000000
3.00000000
3.00000000
3.00000000
3.00000000
3.00000000
3.00000000
3.00000000
3.00000000
3.00000000
3.00000000
3.00000000
3.00000000
3.00000000
3.00000000
3.00000000
3.00000000
3.00000000
3.00000000
3.00000000
3.00000000
3.00000000
3.00000000
3.00000000
3.00000000
3.00000000
3.00000000
3.00000000
3.00000000
3.00000000
3.00000000
3.00000000
3.00000000
3.00001744
3.00002238
3.00004037
3.00001069
3.00000626
3.00000249
3.00000249
3.00000239
3.00000276
3.00000299
3.00000238
3.00000260
3.00000323
3.00000341
3.00000376
3.00000390
3.00000879
3.00000719
3.00000515
3.00000325
3.00000173
3.00000198
3.00000470
3.00000440
3.00000415
3.00000861
3.00000399
3.00000208
3.00000256
3.00000470
3.00000735
3.00000912
3.00000483
3.00000472
3.00000974
3.00001188
3.00001611
3.00000818
3.00000791
3.00000907
3.00001048
3.00001183
3.00000800
3.00000909
3.00001338
3.00001492
3.00002662
3.00003229
3.00002523
3.00001249
3.00000988
3.00000907
3.00000921
3.00001068
3.00000373
3.00000482
3.00000599
3.00001626
3.00003583
3.00001624
3.00002171
3.00015108
3.00018368
3.00022956
3.00035674
3.00078241
3.00097964
3.00110407
3.00045874
3.00033028
3.00034643
3.00026839
3.00015675
3.00008501
3.00005278
3.00003009
3.00002843
3.00000652
3.00000521
3.00000444
3.00000657
3.00001019
3.00001358
3.00001616
3.00003749
3.00004542
3.00004854
3.00004671
3.00001120
3.00000640
3.00000278
3.00000213
3.00000270
3.00000166
3.00000240
3.00000165
3.00000192
3.00000245
3.00000239
3.00000314
3.00000321
3.00000402
3.00000558
3.00000989
3.00000983
3.00001207
3.00001684
3.00002244
3.00003175
3.00001903
3.00002997
3.00002213
3.00002697
3.00002683
3.00004329
3.00004235
3.00003680
3.00003859
3.00004378
3.00004891
3.00006156
3.00004582
3.00003905
3.00002961
3.00003550
3.00003133
3.00004956
3.00003439
3.00003721
3.00003670
3.00003258
3.00003957
3.00005942
3.00009149
3.00010358
3.00016752
3.00037107
3.00071370
3.00083299
3.00065667
3.00045228
3.00040626
3.00033257
3.00033973
3.00024371
3.00013610
3.00009424
3.00007762
3.00008465
3.00008235
3.00011032
3.00007433
3.00007971
3.00005270
3.00003326
3.00003028
3.00002501
3.00006832
3.00013866
3.00012506
3.00014575
3.00017547
3.00012943
3.00024857
3.00026890
3.00010898
3.00020914
3.00033218
3.00014203
3.00006753
3.00003395
3.00001609
3.00000617
3.00000455
3.00000233
3.00000181
3.00000293
3.00000445
3.00000474
3.00000601
3.00000312
3.00000274
3.00000331
3.00000348
3.00000445
3.00000311
3.00000410
3.00000302
3.00000310
3.00000215
3.00000118
3.00000234
3.00000167
3.00000351
3.00000451
3.00000242
3.00000179
3.00000382
3.00000496
3.00000837
3.00000327
3.00000324
3.00000390
3.00000457
3.00000378
3.00001018
3.00001274
3.00003427
3.00007016
3.00035983
3.00165564
3.00310280
3.00134873
3.00099788
3.00123720
3.00219215
3.00482363
3.00746805
3.01014957
3.00541850
3.00101514
3.00048581
3.00024513
3.00007048
3.00002871
3.00001138
3.00001506
3.00001262
3.00000885
3.00000333
3.00000456
3.00000922
3.00000740
3.00001283
3.00002244
3.00001795
3.00002556
3.00003841
3.00005659
3.00005124
3.00003078
3.00001951
3.00000505
3.00000398
3.00000503
3.00000419
3.00000393
3.00000759
3.00000616
3.00000619
3.00002465
3.00001295
3.00003847
3.00004733
3.00018035
3.00020421
3.00007281
3.00007872
3.00041818
3.00065051
3.00017640
3.00020397
3.00035208
3.00101124
3.00109636
3.00088239
3.00030360
3.00031452
3.00045261
3.00045637
3.00008195
3.00007959
3.00010098
3.00014062
3.00003185
3.00002101
3.00001776
3.00005657
3.00004808
3.00003654
3.00003016
3.00003294
3.00002507
3.00001579
3.00002204
3.00002277
3.00001711
3.00001524
3.00001423
3.00001836
3.00001852
3.00001971
3.00002258
3.00001812
3.00002117
3.00003412
3.00003874
3.00004549
3.00005389
3.00005785
3.00006851
3.00007008
3.00007175
3.00007412
3.00009103
3.00006454
3.00004541
3.00002372
3.00000865
3.00000573
3.00000578
3.00000777
3.00002690
3.00001348
3.00000933
3.00001689
3.00000551
3.00002664
3.00002923
3.00014505
3.00023797
3.00041254
3.00041167
3.00016126
3.00009791
3.00005634
3.00005288
3.00004932
3.00005682
3.00006195
3.00001444
3.00000655
3.00000399
3.00000551
3.00000496
3.00000397
3.00000201
3.00000171
3.00000248
3.00000377
3.00000272
3.00000333
3.00000411
3.00000651
3.00000485
3.00000272
3.00000207
3.00000327
3.00001287
3.00001416
3.00002811
3.00003678
3.00002672
3.00001434
3.00001614
3.00002214
3.00004726
3.00008550
3.00012112
3.00008015
3.00005781
3.00005368
3.00007801
3.00007473
3.00006382
3.00002409
3.00001923
3.00002186
3.00001891
3.00002124
3.00003397
3.00003176
3.00002620
3.00002309
3.00001770
3.00001696
3.00001355
3.00000990
3.00001431
3.00003468
3.00005676
3.00011923
3.00015230
3.00029028
3.00044093
3.00032764
3.00034293
3.00031014
3.00029569
3.00023818
3.00021570
3.00016008
3.00013686
3.00010598
3.00010851
3.00009831
3.00007705
3.00006404
3.00004045
3.00003943
3.00004604
3.00004985
3.00004963
3.00003217
3.00003499
3.00004380
3.00005864
3.00008150
3.00005349
3.00002405
3.00000797
3.00000368
3.00000346
3.00000218
3.00000172
3.00000195
3.00000272
3.00000701
3.00001310
3.00001849
3.00003350
3.00008080
3.00007139
3.00001433
3.00001908
3.00005608
3.00003778
3.00003222
3.00002439
3.00001771
3.00000921
3.00000717
3.00001267
3.00000811
3.00000547
3.00000846
3.00001218
3.00001672
3.00001142
3.00000903
3.00000941
3.00001184
3.00001963
3.00002326
3.00004420
3.00008429
3.00017298
3.00022567
3.00026358
3.00023749
3.00039134
3.00042070
3.00054383
3.00045019
3.00051858
3.00040704
3.00059452
3.00052976
3.00054615
3.00072715
3.00077833
3.00101113
3.00121220
3.00127556
3.00143536
3.00131500
3.00099114
3.00091001
3.00071861
3.00064938
3.00048703
3.00049303
3.00048130
3.00037303
3.00031475
3.00027045
3.00036944
3.00031800
3.00019626
3.00014536
3.00011964
3.00009375
3.00008106
3.00007750
3.00007813
3.00008072
3.00009095
3.00007018
3.00005357
3.00006651
3.00005835
3.00005347
3.00004891
3.00004718
3.00003491
3.00003548
3.00003092
3.00003958
3.00004428
3.00004349
3.00006083
3.00007145
3.00006931
3.00005959
3.00005918
3.00005157
3.00003535
3.00002631
3.00001538
3.00001898
3.00001223
3.00000743
3.00000564
3.00000583
3.00000443
3.00000724
3.00000874
3.00000781
3.00000917
3.00000694
3.00001151
3.00001828
3.00002651
3.00002620
3.00002455
3.00003882
3.00006870
3.00006802
3.00009716
3.00008088
3.00007663
3.00004957
3.00006471
3.00008374
3.00015631
3.00011047
3.00003920
3.00002871
3.00001556
3.00001215
3.00001698
3.00002838
3.00003985
3.00010064
3.00016043
3.00018876
3.00020208
3.00016697
3.00008330
3.00007340
3.00005480
3.00004424
3.00004183
3.00003058
3.00001869
3.00001638
3.00002505
3.00002231
3.00001497
3.00001039
3.00001391
3.00002268
3.00002792
3.00002203
3.00002750
3.00004330
3.00004379
3.00003638
3.00001948
3.00001616
3.00002145
3.00001370
3.00001073
3.00001216
3.00001034
3.00001837
3.00002006
3.00002231
3.00001524
3.00001228
3.00001274
3.00001316
3.00001180
3.00001037
3.00000770
3.00000666
3.00000541
3.00000807
3.00000602
3.00000526
3.00000784
3.00000812
3.00000773
3.00000815
3.00001137
3.00001016
3.00001153
3.00000933
3.00001107
3.00000641
3.00000759
3.00000800
3.00000651
3.00000646
3.00000810
3.00000725
3.00001304
3.00001583
3.00001851
3.00001944
3.00003224
3.00002716
3.00001566
3.00004230
3.00002657
3.00001857
3.00001134
3.00000906
3.00000696
3.00000790
3.00000543
3.00000553
3.00000619
3.00000644
3.00001252
3.00001544
3.00001436
3.00001443
3.00001216
3.00001166
3.00000644
3.00000834
3.00000805
3.00000824
3.00000930
3.00000812
3.00000650
3.00000588
3.00000440
3.00000784
3.00000825
3.00000741
3.00000572
3.00000762
3.00000794
3.00000826
3.00001264
3.00001638
3.00001688
3.00001749
3.00002818
3.00002444
3.00001861
3.00002624
3.00001877
3.00001127
3.00000927
3.00000811
3.00001929
3.00002071
3.00002723
3.00001686
3.00001091
3.00001080
3.00000965
3.00001443
3.00002688
3.00004073
3.00006361
3.00013798
3.00014796
3.00020494
3.00017594
3.00021062
3.00022474
3.00029332
3.00031759
3.00022773
3.00020105
3.00017998
3.00018701
3.00027499
3.00040529
3.00050497
3.00042927
3.00056926
3.00034909
3.00021802
3.00028528
3.00099663
3.00179943
3.00210837
3.00119220
3.00157173
3.00115463
3.00137339
3.00151802
3.00134344
3.00170814
3.00327584
3.00287601
3.00489918
3.00572730
3.00309821
3.00219007
3.00119237
3.00036115
3.00018565
3.00022719
3.00012135
3.00016118
3.00010652
3.00005100
3.00006804
3.00003185
3.00003935
3.00001522
3.00003020
3.00001025
3.00000836
3.00001972
3.00000572
3.00000895
3.00000543
3.00000466
3.00000805
3.00001203
3.00001220
3.00005533
3.00014068
3.00043820
3.00042909
3.00068228
3.00068493
3.00131264
3.00065082
3.00075611
3.00039603
3.00033103
3.00069974
3.00073423
3.00073859
3.00231446
3.00160376
3.00073515
3.00117862
3.00367973
3.00356564
3.01321648
3.01342452
3.01509883
3.01841129
3.02136044
3.00576042
3.02725047
3.01727850
3.05751829
3.02179437
3.04514903
3.04367752
3.04996848
3.01143294
3.02351450
3.03182743
3.05446619
3.05233635
3.13152962
3.09058631
3.12896051
3.18053802
3.24059934
3.25020550
3.29996270
3.17738232
3.12769356
3.06253609
3.04671663
3.09459677
3.06181689
3.06390419
3.08618733
3.25379484
3.21902754
3.23791487
3.17822373
3.40361765
3.33244242
3.24229461
3.26535729
3.29184059
3.29375694
3.48264105
3.42546377
3.34923722
3.28461137
3.10714764
3.10261413
3.08534281
3.04163337
3.03332412
3.02114149
3.02387456
3.07094843
3.32214498
3.29412622
3.25220205
3.25312137
3.32081816
3.58141288
4.31213975
4.65690021
4.15968993
3.92780356
3.84549299
3.90394229
3.73954202
3.72930410
3.78236134
3.82802601
4.49799922
3.95310310
3.90034868
4.03176454
4.66351705
4.97614266
5.11062434
4.90615989
3.62720818
4.45941149
6.09485767
6.67899911
6.19291315
5.47618832
6.29893313
7.33754345
6.03233696
6.58726969
7.80324860
8.45470842
7.33779677
8.84853740
5.41102433
4.49117705
5.30916210
5.02881889
5.63680699
5.67470754
4.25914279
4.65949247
4.55918527
4.21254409
5.89643511
5.89452045
6.65758712
6.80818737
4.69346458
6.17875409
6.79670430
5.63625912
5.65398306
5.28600914
5.42077260
4.57599923
4.46097338
4.16164504
4.15355582
4.13864367
4.32472041
4.35872913
4.28035191
4.06124503
3.90296689
4.31244424
4.55476320
3.78911630
3.63434156
3.48823765
3.46900576
3.37957737
3.38369535
3.47549071
3.83198295
3.94243405
4.28933619
4.33897540
4.65572180
4.87446611
5.78281152
5.09212012
4.95997584
5.22198940
4.99316076
4.47345362
4.81620271
4.74543107
4.42819687
4.49947298
5.00780639
5.18084162
5.29203133
5.00969537
5.16091095
4.73612725
4.69599800
4.51256540
4.64606356
4.74218050
4.89592890
5.20991925
5.12717239
4.31177769
5.73177130
4.47868908
5.15337414
4.27018081
4.51858062
4.50392315
4.44319823
5.76873640
4.63285941
4.95759758
5.84748396
5.02757691
5.97523027
4.74412249
4.78751755
5.36501402
6.03089750
5.69888815
6.63591926
5.53824264
5.54702211
4.97844119
4.37906910
3.97794885
3.99657575
3.68445168
3.79728006
3.78943765
3.81721536
4.22446648
4.23528338
3.51322640
3.49613291
3.59688884
3.72633330
4.37988068
4.67773458
6.79996217
8.30838928
7.32480296
4.45961646
4.28993038
4.02259025
3.95290854
3.74138288
3.55028370
3.33246308
3.16576432
3.16832731
3.27918480
3.50533153
3.28173173
3.27931474
3.24732568
3.30220583
3.39592557
3.94453650
4.97684737
4.65532571
4.94451236
5.26535798
4.81083792
4.53599016
4.24416940
4.07744004
3.91440948
3.69421842
3.58282797
3.58301884
3.58230857
3.51798616
3.62065624
3.64426528
3.55463341
3.73213569
4.00944724
3.47007335
3.60285534
3.55414514
3.91351766
4.53115005
4.26470062
4.08548621
3.73803514
4.02503378
3.55539477
3.74809095
3.98070349
3.84108599
3.53797504
3.46530380
3.66887278
3.85759441
4.44183700
5.26748383
5.94741321
5.98088790
4.94659640
4.24129281
3.73909672
5.90673549
4.43612518
4.75798480
3.74271388
4.26331243
4.26001645
4.19548360
4.30348069
4.02174673
4.02336142
3.90339111
3.71430089
3.81232356
3.82446924
3.88909436
4.13397825
3.50744804
3.54458064
3.44198178
3.59619295
3.72230882
3.65111149
3.92120792
3.89007825
5.28686480
4.12846242
4.89557661
3.88079982
3.92355848
3.44556733
3.48443011
3.54671486
3.30248344
3.27556360
3.58352950
4.56766451
5.11575153
5.15884972
5.70151900
5.14898400
4.27359987
4.26780879
3.68685861
3.74605720
4.01747298
4.08204521
4.22145369
3.92043870
4.04532610
3.88240486
3.94715080
4.91976531
5.91306051
5.04316321
4.09551362
4.81933633
3.94435565
3.46497775
4.10643914
3.99250518
4.17607232
3.76873265
4.42673078
4.23304087
5.22567023
5.45209866
5.07822609
5.03996530
5.14781854
5.40739200
6.02960915
5.80225651
6.76270093
5.38698495
6.70164619
6.28802106
5.27319354
5.33689393
3.99942641
4.18586374
3.75534912
3.49438750
3.58174274
3.85726787
3.51420051
3.66556617
3.94528581
3.50251621
3.36326699
4.31606690
4.43064342
4.22885299
4.09129347
4.04790760
4.57260215
5.38706107
6.16887136
7.48526210
7.44542821
5.11841565
4.44027023
4.86648861
4.88105437
4.36196787
4.44184214
4.03959067
3.99498795
4.57617433
4.24404776
5.28010178
4.21227637
4.73511705
5.26929600
4.94077731
4.09905193
3.75893493
3.65650731
3.96339426
4.16122810
5.53707548
7.38610558
7.09598893
6.06646034
5.61386426
6.26260149
8.44313744
8.57666302
7.72825992
7.22804302
6.70245971
7.54875383
6.51304393
6.91500467
7.17234709
4.84824681
4.41883849
4.52196644
4.96856209
5.34681035
7.96953633
8.85211004
5.88797852
9.97883531
10.83100262
10.63286137
8.48893354
8.81858576
7.75405720
7.09377023
7.95432037
8.61834544
9.81462075
9.19128167
7.44159167
6.92490933
5.99440257
5.63647329
6.36241812
5.99829726
6.09180792
6.33114643
5.88250108
4.89451241
5.35127010
4.99053371
5.53310906
5.22488033
4.77672647
5.38474302
5.17257511
5.21415705
4.06356491
4.26425248
4.38277291
4.38497179
4.88442641
6.37059120
8.09914364
10.05675702
9.44939954
9.39053408
9.52836931
6.89396877
6.55011629
5.97168901
4.98895162
4.42420378
3.77784359
4.28497910
4.47166380
5.13926644
5.23278072
6.88002332
5.22203377
3.83399772
3.68191296
4.34668325
4.96956957
5.61483228
6.07424319
7.04310345
8.37845095
10.29802907
10.97170462
12.12495102
11.91750514
7.92562682
6.37922593
6.72289947
8.27914206
8.97115037
6.96809295
5.66768336
4.62790245
3.87860238
4.62662075
4.15432203
4.21691522
3.78725994
3.72245365
3.46864141
3.57775748
3.62383263
3.79830879
3.54265396
3.81355513
3.44237263
4.30080883
4.30655983
7.80918965
10.94486313
8.97863447
7.60604487
6.62682702
7.27325922
5.65358636
5.42036889
5.50848729
5.85465422
6.72476332
7.27022729
7.76406269
6.59900734
6.41420394
6.08450092
5.27001159
5.47229378
5.80071779
5.47882221
6.37676588
7.14401245
6.82894473
6.87996894
6.88739172
8.04961443
7.48562447
8.47097860
5.02708974
7.53007162
8.24805892
7.69765812
6.68907072
5.94976329
6.35318849
6.45904370
6.56114724
6.95265553
8.05836602
6.92614812
7.12690876
7.74603304
6.86826345
9.15420364
8.44438711
8.96637405
6.26736073
5.73621606
5.31473294
4.54895050
4.60909153
4.94489020
5.80197131
6.13827081
8.95364246
8.65526179
8.79959809
6.48992209
5.26207369
6.71297476
7.33246959
6.41478339
6.57870481
7.50326141
7.55263474
5.71216447
6.01281072
8.36302955
8.97774980
8.29251701
6.74575800
5.62087854
6.19233301
5.95654119
5.52032936
5.73652490
5.41410857
5.11721498
4.50245308
4.85655307
4.20216930
4.23258691
4.48011435
4.40486632
3.90658392
4.01506831
4.06436285
5.81558732
8.06397416
8.17018551
8.39281169
6.04423806
6.40650950
8.07509638
7.10744610
7.35276437
12.02405456
11.66507315
11.10731180
8.11280693
9.82410361
11.65338940
13.30115496
12.18295791
10.41217118
11.97258458
9.80122946
8.52228797
8.96862166
7.24780226
8.48729836
7.45961250
9.54015061
10.21728337
10.98705701
10.73951888
9.18511907
7.24005991
6.08234418
6.35186589
5.64451757
4.29886100
4.06414975
4.46736286
5.23644600
5.33306747
7.16225231
7.10961625
6.15860665
6.28278684
5.75031863
6.34027191
5.43154092
5.09902787
5.78197157
7.51641714
6.36491368
7.05145676
5.87346029
5.78777682
4.87119493
4.33713441
4.26605293
4.39200594
4.78974635
4.43023180
5.49805177
6.32260712
8.28904146
6.34626640
7.00572285
6.46984039
5.14099219
5.91782145
5.67884844
6.82437608
7.35104957
6.87310041
4.70711106
5.15467861
4.90358069
4.65325464
4.54784735
4.58616529
4.08275043
4.16036982
4.45866578
4.64147864
4.67737308
5.26474006
5.64950984
4.78303288
5.10696277
5.69660343
6.11951771
6.70986814
5.89438762
5.62336140
5.55502300
5.55874805
5.45243130
6.42926070
6.16181243
5.83260287
6.14572111
5.10993934
5.12889414
5.32868011
4.27288768
4.91090571
4.95297514
5.58304708
4.90801535
4.13000004
4.90534739
5.27409543
5.52766901
5.92458937
5.71008174
5.14323599
5.57838081
4.57343908
4.46541496
4.26555933
4.40885722
4.40928037
4.20360992
4.30042612
4.50479017
4.10535140
4.15238623
4.62275611
4.59305667
4.38257385
4.21635565
4.00539288
3.96018150
4.02893793
3.86560807
4.17406933
3.95150653
4.24243670
4.50545092
5.01704438
4.67064047
4.05044922
4.02568588
4.07233699
4.08768657
3.71038038
3.66467931
3.63443291
3.60729101
3.75396908
3.78563392
4.04925216
3.86658916
3.95764642
3.82438373
4.16704679
3.73407757
3.88715327
3.98011804
3.95106551
4.39038502
4.29999222
4.24496889
4.49178464
4.07474559
3.69967499
3.49248650
3.23876024
3.30577130
3.27036928
3.37929483
3.37287738
3.38309378
3.27142819
3.27552562
3.32142739
3.30826017
3.38317493
3.33794484
3.30811366
3.53870517
3.55487728
3.65583650
3.37238310
3.61908010
4.02245289
4.19574496
3.93296019
3.35289187
3.38836787
3.11904129
3.08461357
3.02275913
3.02787921
3.01820303
3.05641871
3.02345217
3.01508472
3.03164250
3.02062777
3.00493486
3.00385168
3.00373353
3.00518012
3.01275350
3.02632734
3.06997581
3.03686766
3.04294312
3.00792443
3.02252235
3.00612249
3.00097680
3.00357355
3.00301778
3.00265499
3.00511943
3.00325548
3.01906036
3.02741765
3.02406934
3.02145745
3.01007904
3.00990975
3.00545590
3.00140798
3.00073887
3.00042330
3.00016349
3.00005979
3.00007918
3.00003211
3.00011263
3.00009227
3.00010553
3.00050991
3.00037296
3.00064892
3.00057675
3.00088650
3.00095139
3.00021198
3.00009123
3.00005165
3.00002590
3.00001776
3.00001529
3.00000865
3.00002725
3.00012767
3.00046726
3.00022060
3.00014305
3.00040944
3.00015550
3.00004136
3.00014257
3.00002553
3.00004060
3.00006060
3.00010917
3.00013782
3.00011645
3.00004698
3.00010587
3.00053783
3.00034876
3.00014486
3.00005928
3.00007150
3.00004687
3.00002161
3.00002661
3.00003842
3.00011278
3.00009890
3.00021279
3.00049844
3.00021741
3.00008363
3.00002585
3.00002460
3.00003629
3.00010703
3.00008172
3.00005970
3.00003926
3.00002246
3.00001409
3.00002545
3.00004639
3.00005848
3.00004549
3.00006156
3.00006817
3.00004669
3.00005286
3.00005951
3.00006521
3.00005333
3.00004297
3.00002609
3.00002140
3.00002525
3.00001397
3.00001888
3.00001900
3.00003114
3.00003982
3.00011393
3.00032561
3.00077709
3.00104911
3.00098279
3.00097869
3.00085406
3.00030684
3.00013462
3.00009541
3.00006615
3.00005664
3.00009665
3.00019427
3.00013169
3.00007685
3.00004787
3.00001139
3.00000769
3.00000868
3.00000537
3.00000929
3.00000590
3.00001365
3.00001461
3.00001890
3.00005030
3.00004363
3.00002185
3.00004219
3.00003399
3.00006053
3.00009748
3.00014980
3.00004716
3.00004282
3.00002069
3.00001689
3.00002030
3.00001703
3.00001667
3.00001092
3.00000828
3.00000510
3.00000568
3.00000463
3.00000612
3.00000694
3.00000714
3.00001212
3.00000743
3.00000562
3.00000846
3.00000664
3.00001277
3.00000973
3.00000602
3.00005939
3.00003914
3.00002676
3.00003631
3.00007069
3.00015705
3.00026528
3.00026088
3.00054483
3.00042101
3.00025469
3.00095780
3.00144736
3.00047653
3.00032420
3.00020374
3.00008433
3.00009539
3.00019043
3.00022362
3.00046534
3.00016494
3.00005631
3.00005952
3.00031595
3.00097997
3.00078089
3.00109723
3.00085955
3.00053113
3.00021270
3.00023584
3.00023982
3.00034600
3.00028536
3.00031341
3.00040126
3.00081933
3.00163195
3.00192365
3.00143436
3.00072193
3.00020948
3.00013232
3.00003543
3.00001980
3.00002117
3.00003737
3.00005190
3.00002295
3.00006097
3.00010894
3.00046188
3.00047024
3.00125583
3.00102576
3.00056864
3.00081703
3.00046931
3.00044205
3.00020325
3.00018975
3.00017416
3.00010586
3.00008292
3.00003198
3.00001272
3.00000858
3.00000776
3.00001959
3.00000556
3.00000819
3.00000947
3.00000638
3.00001680
3.00001178
3.00001108
3.00001877
3.00001905
3.00001464
3.00001704
3.00000665
3.00001258
3.00000982
3.00000676
3.00000279
3.00000768
3.00000586
3.00001059
3.00001797
3.00000917
3.00000864
3.00001497
3.00000434
3.00000506
3.00000283
3.00000631
3.00000649
3.00000431
3.00000401
3.00000394
3.00000499
3.00000554
3.00000607
3.00001198
3.00001690
3.00002538
3.00012558
3.00015268
3.00054242
3.00044413
3.00023286
3.00012421
3.00014180
3.00009333
3.00005146
3.00005301
3.00002443
3.00000712
3.00000489
3.00001710
3.00001763
3.00000613
3.00001789
3.00001747
3.00002250
3.00002149
3.00001372
3.00001441
3.00000724
3.00000858
3.00004338
3.00008081
3.00009018
3.00014978
3.00008913
3.00006874
3.00004520
3.00002509
3.00004423
3.00012831
3.00014119
3.00010826
3.00003324
3.00004245
3.00006206
3.00011465
3.00007859
3.00007170
3.00013318
3.00012307
3.00006543
3.00002468
3.00002152
3.00002032
3.00003629
3.00006712
3.00004762
3.00003328
3.00002121
3.00001465
3.00000939
3.00001213
3.00001595
3.00001849
3.00001898
3.00003169
3.00003020
3.00003899
3.00005221
3.00007991
3.00007663
3.00009065
3.00009335
3.00010700
3.00011455
3.00012515
3.00014678
3.00013644
3.00016457
3.00015765
3.00015618
3.00014981
3.00011507
3.00006655
3.00004285
3.00003789
3.00006643
3.00007173
3.00008494
3.00008609
3.00019774
3.00027335
3.00052300
3.00030823
3.00052025
3.00045929
3.00021270
3.00023412
3.00016208
3.00016048
3.00029211
3.00035035
3.00028258
3.00039815
3.00042152
3.00032460
3.00036630
3.00030624
3.00019121
3.00005731
3.00005992
3.00005524
3.00003149
3.00003725
3.00003280
3.00004137
3.00004590
3.00006098
3.00008367
3.00014183
3.00017200
3.00013641
3.00006212
3.00011298
3.00016689
3.00160380
3.00054359
3.00035496
3.00092600
3.00116342
3.00325459
3.00411864
3.00592295
3.00409659
3.00281921
3.00103775
3.00596507
3.00089542
3.00009966
3.00006867
3.00004098
3.00005523
3.00003178
3.00021379
3.00045347
3.00017952
3.00005595
3.00016560
3.00038760
3.00052534
3.00109795
3.00626413
3.00801688
3.00401009
3.00422960
3.00323502
3.00340797
3.00512540
3.00491039
3.02098511
3.01578773
3.06964162
3.17965614
3.08211607
3.05610833
3.10289959
3.10224403
3.16696345
3.09779155
3.04466477
3.01738336
3.03292861
3.02408049
3.00970316
3.00337813
3.00697993
3.00566377
3.00834828
3.00961157
3.00639270
3.00494640
3.00788143
3.00950971
3.00763644
3.02605773
3.02839155
3.04187175
3.03509070
3.06099305
3.04740683
3.02963548
3.03014264
3.02242993
3.04122389
3.02735565
3.04732852
3.14644259
3.06897561
3.07301329
3.08106656
3.06259832
3.06666081
3.06537889
3.10309963
3.06639822
3.03501493
3.01402157
3.04834809
3.09202119
3.10177312
3.13806143
3.05361274
3.14919784
3.43609597
3.74905010
3.31572253
3.53462932
3.16649080
3.16521443
3.23420355
3.60991238
3.73799464
3.60874058
3.41717112
3.51259104
4.58540214
4.72261432
5.15349189
3.76108849
3.18800281
3.25267416
3.46561501
3.60894390
4.09351496
3.76019414
3.49426689
3.77658442
3.78513403
3.60380948
3.45618150
3.44892713
4.01352962
3.51940193
3.64169947
6.54869527
6.68512403
5.99910520
5.31334083
6.14522105
6.57022603
5.48309569
4.47771771
4.17057262
4.57747622
5.05259099
5.34311188
6.24967512
7.51094812
10.46891607
11.88577730
10.89671468
7.30663982
5.19857833
5.77197556
5.52609064
6.24105899
6.09849985
6.03107479
6.02978534
6.31099392
6.13127361
5.77525244
5.05682619
3.66376535
3.59207082
3.59454439
3.46878080
3.40580471
3.41844832
3.72920711
4.65312230
7.36685563
8.13783979
10.04408316
9.77193114
10.02230996
10.31513713
8.91745653
7.09528679
6.00676689
6.37042510
9.11294215
8.75000547
6.04369868
3.79830800
4.34663558
4.54606869
4.80122113
10.32936170
12.81960318
14.14153279
8.17727409
8.94084904
10.41051787
13.82226934
6.93176085
5.59928620
4.73618007
6.29618414
6.01971784
8.70450429
9.93606141
9.36649248
8.93530735
9.82590021
13.42947420
15.50774896
15.74562936
12.10770483
8.65112057
10.35135569
6.34152138
7.77146314
7.16386275
7.96742525
7.19778613
5.63869326
10.12606500
8.70782016
13.00986694
8.21071085
8.54846336
7.43658359
10.31453021
9.56154197
12.17290625
13.61329831
14.11541579
12.26607601
10.75454544
12.37584068
16.93221604
16.90419222
17.87240845
18.50213655
17.82408050
19.59823888
18.67004435
18.48515223
19.81745829
18.05611523
17.78446950
18.25853084
17.97684465
14.81053147
17.47796853
17.36708120
15.40958990
14.15938198
13.24162868
13.59126728
12.83130995
13.67534331
16.04205322
18.53981378
18.29706238
14.66592301
14.86463132
14.32731437
15.59713426
14.93682571
17.95048905
16.67793277
12.32576480
11.58280722
14.99101519
16.73936524
15.72941527
17.53881785
15.24956308
19.83110153
17.36241633
16.55865172
17.41070934
17.13397247
16.83171382
18.25527364
15.00074637
11.83457666
13.30656077
11.74532978
13.71418278
13.78669086
15.48937463
11.24911265
13.85949689
13.38632024
12.18044818
14.37334932
13.27793126
17.63634551
20.15012506
21.69058234
21.28501575
18.79789941
16.89299584
16.01061988
13.75020321
9.36999225
10.83190564
12.80549016
12.32873604
11.92564213
11.86284886
10.81739413
9.41222740
6.72413315
6.59720563
7.92136791
8.10541243
6.36368462
8.67088931
7.82807082
9.96493627
10.81790537
14.84957452
17.24999438
19.22605410
14.90607861
14.62605682
17.97756585
14.69103169
15.31515115
9.15708298
13.34151059
15.57897300
15.86541539
17.47267462
15.24613637
19.53737729
18.02717617
19.11008252
16.91459462
15.21545448
15.05798998
11.56647336
10.99412034
13.29609199
13.28475210
12.69023141
13.93528919
13.92562266
15.09456767
17.64517105
16.64997023
18.03430185
17.21654506
13.68065052
16.39810210
12.41676977
12.54262200
12.86955445
13.60251855
14.10494210
15.66130691
16.33130534
17.26552232
16.49904862
17.80624336
18.29560217
17.19933037
17.10255185
18.51155093
18.25707980
13.59673477
15.41782507
12.08728686
15.09814723
11.34007886
14.67918596
12.71907781
15.09930972
11.48443119
14.94953786
12.45530334
14.96194950
14.96962916
15.70671715
16.11524417
13.64021056
14.36264112
18.87037127
16.70183113
17.04449408
13.04730891
12.61602654
10.63826927
12.37319166
10.65819859
11.88678204
11.53715472
9.20268604
6.85429144
6.01550914
8.52295796
11.10658720
7.85743139
8.66049108
8.36367887
8.88817051
7.64321014
7.99408964
8.73406348
7.97980528
12.36149008
11.68116669
10.58298997
7.68418435
6.89709156
6.59963339
7.36471549
8.32388522
8.98607549
9.80439898
11.63407357
14.61040606
13.23385651
14.23247744
15.68384715
16.39414675
13.57811314
12.32022368
11.00826116
12.17498246
8.29015489
9.88860192
10.31760124
8.27035829
8.51705885
7.88192496
7.63890591
4.53547601
4.85351522
5.52404478
8.45075787
9.38979303
11.02513988
7.76412933
6.29863732
8.34103261
9.16581599
8.54535462
11.70162484
11.38412915
15.64014715
12.92446613
13.80920484
13.22224878
15.32075647
14.34302887
11.77639142
11.77137295
8.54093478
7.02566182
5.35997377
7.42249530
8.14241526
9.73381906
8.60044246
9.26114213
8.68747307
6.19960191
6.35165879
6.59239498
5.49171532
5.59940554
5.75805077
5.66274143
6.26264439
5.21185460
5.44802283
5.63305334
6.14512252
9.00073038
10.18728362
12.95180450
10.56304209
10.93339956
8.91136737
11.09763937
9.00687824
7.31180306
5.65235156
7.14458134
6.60167925
5.53378689
5.96741449
6.84126745
7.93475697
6.32647716
6.77461645
7.65104259
5.95454699
4.82691468
5.47011132
6.61632243
6.19205053
5.63583837
6.35413998
6.30141041
8.49323382
8.30511262
12.55012002
12.98725365
13.09086288
15.76186547
8.65972405
7.75968480
5.32179874
4.87190333
3.88718152
4.05189341
4.07051027
4.52468682
6.66550131
6.30898371
6.29981434
6.40276285
7.23883080
11.03799123
9.53345393
14.22734721
14.94708986
15.20907841
8.60183011
8.07747003
6.47354298
7.78422317
7.39404269
6.70424025
6.54606781
5.86701936
5.55161218
7.47102389
9.29526843
10.65147493
8.82729655
11.39639195
7.62633336
7.58911858
7.46074270
6.80460479
6.12137719
6.92163080
6.75511202
8.33711122
11.27603797
10.60470639
12.03530045
10.20376107
8.89663835
12.41017274
13.22316817
12.44210154
13.88413321
13.26012291
10.73368325
12.02412962
10.63820406
10.92467755
15.28987392
10.24365298
13.67537673
8.28873270
10.50214681
9.50132653
11.60475894
12.10502189
15.07172046
11.74651055
12.77236299
15.95382985
16.20315887
16.40321221
14.31473314
17.54431019
13.66695849
16.86912798
13.81289602
14.65799782
11.71369580
12.49260960
9.71768015
11.79753261
7.34636748
6.67202258
7.16821582
8.73588172
9.19009389
11.82315700
15.65701536
16.03780039
15.69764327
14.76246650
14.73241073
13.56834414
9.62688133
12.07419957
9.28981378
12.24536788
12.04872556
10.65948252
9.37225574
10.27185981
11.81448124
9.38985498
12.25767816
8.75020647
9.73543068
10.45542058
8.57784422
9.08417388
13.52320868
11.35782796
11.87399755
16.56758754
13.97153302
11.30261304
9.41950821
7.22351154
8.22405202
12.02058885
10.20536466
10.94114020
9.25517410
13.74714937
14.86362734
18.46803368
15.66368893
14.61338636
14.44426536
13.46371830
10.44105126
11.04674924
9.67555681
8.63536356
8.14828986
6.64462751
6.85717134
11.14299493
7.79999072
9.91946713
6.59039028
10.74424062
12.25089671
10.99538642
13.86193868
14.58938645
13.35467955
13.10461421
9.76145664
10.88509134
11.21216152
11.11224169
13.26261415
13.75495072
14.23696947
10.86405473
10.57501083
10.67305728
10.97534214
11.00785504
9.95880101
10.38074526
9.74234326
9.36332884
11.40028501
11.88670162
10.01001792
11.44474486
9.98669155
8.24046075
6.94084449
8.43307987
10.64562982
6.88351019
10.44488864
10.49714017
14.65953131
12.82940434
15.12162924
12.43115165
11.08946232
8.88769605
11.17159657
11.81527470
11.48205146
13.39217412
12.83153641
14.41129384
13.17545918
13.59037500
12.12170798
14.50365065
11.96260581
10.60588257
11.67700771
10.64985215
7.58628961
9.30995446
7.20956354
5.98533429
8.55791499
8.10225921
9.95462044
10.14621899
10.32473564
9.97265599
10.07461238
10.30777501
10.05312253
10.09161070
9.89104570
12.15157662
9.57155951
9.03389625
10.21049594
10.83525246
12.43900979
10.06714417
14.77170390
12.47563593
10.05595605
12.57867493
9.51476174
9.03412443
9.36495326
10.03935348
9.43002074
10.47133814
7.88387672
7.44024125
6.86729057
8.40359991
6.70433906
5.91853727
4.69901959
4.41085672
5.31059191
5.95316478
4.98699661
5.82255890
5.39125521
5.48061851
7.90721486
12.33386614
11.77677305
9.12249111
6.89622063
9.13503738
8.84581919
7.44709792
5.64828291
6.24555955
6.65168950
6.80918578
7.09196715
9.80141655
6.41626225
9.23468747
7.44203710
11.50070860
11.45878075
13.83380047
12.13276524
15.04000415
11.95874430
11.57219500
10.63123373
10.61135416
12.31538737
11.96401245
12.95672791
12.20597300
11.81300314
14.12123432
16.12612212
13.79034572
11.03669738
11.25225494
9.16210774
9.77108658
10.53140920
10.88135714
7.95786670
7.68854174
8.75978611
9.33589552
11.86490466
13.69287357
15.43257439
13.42203601
14.73155571
17.72564397
17.11380652
15.68859108
12.55428817
12.14677972
9.65997148
9.60647184
8.04898775
6.58128736
5.95885835
6.37142710
5.77028527
7.62149798
9.42329374
11.31208338
17.06244879
13.31968331
14.23085305
9.29124633
9.50351705
7.10214684
8.91991135
10.95685805
9.23022898
11.62105588
9.54285209
10.96920946
8.60067866
8.31812261
8.01652531
7.37195090
5.93315583
6.76601400
6.47508832
5.76950902
7.14619568
6.50452590
5.54577766
5.62731662
7.93421803
10.31993755
8.30499832
6.08016709
5.71362839
4.43189508
4.72437457
5.66189918
5.82664176
8.13159976
8.64399342
9.79936449
6.50558029
6.62201775
4.76827705
4.64699130
5.27068855
7.64722253
8.21246927
8.27511754
10.05355660
12.36090424
11.26585993
12.89693802
12.98568694
11.13912599
10.11015449
14.28020089
10.81013054
9.10761610
10.14576335
11.76710943
11.74502471
9.36081639
10.00253094
6.93612981
8.38387591
8.20845447
10.97804734
7.32950953
7.32379870
8.05122135
8.34597438
8.85250287
11.24952379
13.07689147
13.12924940
15.89216134
13.55289386
11.88081274
9.51332330
8.45325923
10.67749940
15.14028369
12.68688021
11.87717009
9.68431634
6.50866032
4.67178912
4.56712358
6.02505208
8.52057082
8.73689564
8.70573675
7.88872873
7.51720223
7.57211593
6.99196435
7.82279135
8.06913770
9.24301287
8.17146193
11.10606243
8.70857220
8.97942424
6.43130288
7.61046824
10.44287830
8.30809256
8.83228898
9.03107272
11.95230318
11.82678917
12.15579943
10.90824634
12.18866097
11.10110690
13.01608198
15.03121524
15.96666062
15.56927792
16.96706276
12.76789043
12.74557109
8.01093823
10.00552355
10.53082591
8.36318614
10.69804875
12.90728805
11.31833307
12.04855254
14.49296355
9.66962815
11.52969357
10.43827987
13.04756998
12.86175831
12.00266573
10.33868885
9.88140207
7.78352819
5.89428280
5.04110114
5.39246503
5.91576870
6.85873539
8.92195384
8.30379205
7.74468473
8.80732627
7.72205850
5.97985589
5.27572481
5.57368338
5.12067265
7.14473577
7.85773591
10.60762366
11.98269716
12.18784121
9.30839940
12.56316248
13.79894168
15.96507394
12.37023901
13.46735374
15.75319299
16.62954843
14.84833634
16.34988031
15.32352345
16.02432011
14.34858143
13.26706572
10.46843269
9.38971980
9.84776617
8.03146745
7.50809930
7.51429751
12.04573306
12.59402159
11.30199678
14.28875893
15.22472812
15.30793471
13.80457489
13.48712185
14.53091093
15.72312682
16.04157629
15.55683241
13.79452693
14.61055519
15.37790003
12.67317288
12.36884249
14.14829757
12.98346599
10.01940471
9.19325174
9.17690749
9.86691145
10.06292589
8.54775285
7.53228527
6.98277399
6.57914203
5.57147179
4.77600704
4.22805704
4.30655983
3.75863149
3.72437154
4.19935271
4.06506238
4.94030258
4.72735195
6.14844394
5.54938234
8.01069996
7.02528658
7.45696246
10.70649547
10.41944110
9.16642259
7.79073592
8.99087036
11.43390161
9.67484724
8.97964717
9.42293472
8.18528779
5.61286140
5.59690749
6.78124933
5.57160070
5.47732288
5.70172413
6.24198639
7.73859179
7.19361316
6.28107186
6.88743266
7.27208965
5.99156893
5.23540592
4.68296934
5.24181609
4.15263128
4.00514302
4.73494773
5.35827597
5.49522565
6.28721908
4.47465748
4.33872829
3.78487565
3.57850648
3.93127677
3.57651685
3.68080649
3.61545897
3.52446915
3.38989357
3.54310815
3.65806518
4.07048036
4.57462284
4.05991882
4.43984273
3.73081449
3.73153549
3.73154040
4.37463724
5.97507638
6.93580752
7.43028304
8.72504664
4.93599075
5.66013840
7.01216628
7.91319126
7.07411991
8.34332635
5.19429358
6.76784193
8.15437460
8.31902034
8.93790769
5.59834379
4.66711422
4.76557341
4.22238834
4.03746705
4.34425171
4.40123988
4.12390774
4.24550821
4.66696212
4.93060921
4.69265462
4.90495002
4.92793182
3.90915172
3.99262329
3.89402070
4.10505092
3.74268927
3.78146232
3.71431365
3.60744915
3.53794123
3.44677497
3.36600330
3.39915352
3.49441568
3.43937103
3.37872642
3.25764203
3.39809866
3.33841713
3.33991330
3.55134725
3.69734852
4.13614378
4.03334311
4.11265052
4.25421181
3.61080611
3.85769799
3.67294763
4.05631081
3.98936570
4.14135845
3.87204156
3.70019791
3.66831687
3.63385339
3.46684745
3.41184201
3.38362656
3.76225770
3.39343860
3.24512118
3.17195629
3.18139339
3.20415999
3.17409516
3.15985132
3.15054862
3.10231066
3.05834866
3.05178733
3.21053481
3.30592253
3.13009171
3.09938960
3.11818901
3.06609699
3.05688188
3.04357656
3.07890119
3.06125848
3.04153408
3.04382521
3.09750786
3.04806769
3.07351474
3.05540871
3.08428998
3.15167757
3.10524070
3.13924446
3.16913881
3.05510271
3.10894816
3.04665966
3.06083668
3.08020079
3.05061777
3.03192333
3.01080941
3.02348654
3.01439013
3.00735887
3.00691436
3.01091856
3.01009471
3.00502743
3.00495735
3.01062761
3.00374621
3.00666534
3.01479436
3.00802481
3.00897850
3.00711504
3.01790147
3.00837553
3.00943320
3.00616585
3.00902403
3.00409400
3.00512112
3.00936054
3.00425956
3.00366697
3.00386843
3.00481583
3.00491778
3.00310717
3.00288314
3.00301308
3.00429524
3.00247470
3.00330501
3.00257746
3.00225521
3.00087791
3.00189291
3.00117084
3.00085897
3.00122310
3.00185376
3.00153038
3.00167520
3.00233270
3.00146806
3.00143462
3.00225025
3.00205105
3.00267909
3.00325047
3.00383720
3.00243504
3.00219127
3.00214286
3.00209415
3.00146876
3.00259622
3.00501698
3.00714144
3.00847255
3.00997685
3.00682180
3.00596339
3.00687729
3.00318062
3.00321881
3.00507236
3.00565955
3.00654834
3.00354186
3.00315535
3.00182073
3.00216351
3.00128465
3.00166297
3.00578122
3.01250269
3.01195586
3.00975355
3.00619749
3.00241032
3.00182950
3.00140949
3.00111958
3.00084605
3.00060971
3.00136364
3.00184027
3.00136540
3.00055003
3.00026832
3.00018035
3.00013042
3.00018054
3.00020406
3.00024791
3.00018847
3.00019968
3.00030569
3.00018724
3.00019407
3.00019773
3.00051168
3.00093654
3.00106092
3.00070233
3.00030965
3.00044303
3.00073655
3.00072525
3.00102091
3.00176796
3.00165161
3.00160246
3.00119402
3.00095174
3.00113966
3.00119164
3.00120440
3.00135443
3.00147874
3.00253046
3.00312648
3.00412237
3.00409128
3.00313996
3.00268833
3.00175736
3.00160131
3.00067723
3.00052422
3.00112309
3.00064723
3.00047200
3.00042561
3.00043369
3.00041342
3.00030606
3.00031001
3.00024261
3.00016659
3.00016000
3.00012074
3.00009713
3.00003869
3.00004718
3.00004409
3.00005076
3.00005529
3.00009762
3.00025562
3.00036487
3.00041749
3.00072007
3.00165636
3.00168559
3.00113468
3.00097952
3.00073185
3.00064010
3.00083980
3.00057437
3.00032495
3.00019049
3.00014383
3.00008663
3.00002570
3.00001110
3.00002294
3.00000830
3.00000385
3.00000442
3.00000614
3.00000472
3.00001931
3.00000847
3.00000627
3.00000384
3.00000192
3.00000200
3.00000668
3.00000831
3.00000363
3.00000637
3.00000183
3.00000397
3.00000232
3.00000302
3.00002263
3.00000587
3.00001523
3.00000788
3.00001063
3.00001341
3.00003158
3.00004307
3.00002977
3.00002617
3.00002089
3.00001053
3.00000410
3.00000350
3.00000525
3.00000863
3.00001132
3.00002412
3.00003223
3.00005684
3.00015307
3.00034157
3.00047172
3.00082519
3.00083991
3.00055039
3.00037129
3.00031674
3.00022217
3.00010789
3.00013097
3.00029021
3.00047496
3.00049833
3.00047458
3.00037025
3.00022545
3.00028284
3.00029267
3.00024453
3.00013399
3.00005250
3.00004638
3.00010057
3.00009534
3.00008425
3.00004447
3.00003146
3.00002529
3.00001473
3.00001437
3.00001368
3.00002852
3.00003137
3.00010968
3.00007428
3.00006934
3.00007369
3.00010563
3.00016324
3.00019526
3.00010136
3.00009170
3.00007537
3.00005624
3.00003095
3.00001105
3.00000609
3.00001268
3.00000594
3.00000801
3.00000862
3.00001296
3.00003878
3.00003771
3.00005008
3.00007220
3.00009485
3.00010028
3.00027958
3.00042980
3.00052656
3.00032410
3.00016509
3.00011811
3.00016841
3.00025772
3.00030327
3.00029367
3.00016660
3.00010619
3.00007667
3.00008612
3.00008036
3.00008142
3.00004739
3.00004734
3.00007184
3.00006614
3.00004811
3.00003502
3.00002270
3.00002133
3.00001950
3.00002457
3.00003029
3.00004041
3.00006493
3.00020472
3.00021471
3.00026512
3.00044058
3.00105560
3.00227069
3.00158124
3.00103310
3.00064185
3.00060218
3.00032076
3.00028906
3.00018934
3.00009062
3.00006978
3.00005387
3.00007695
3.00011145
3.00015957
3.00015139
3.00009069
3.00006459
3.00007331
3.00016573
3.00013435
3.00016220
3.00007646
3.00002743
3.00002006
3.00001083
3.00000456
3.00000202
3.00000187
3.00000194
3.00000291
3.00000392
3.00000523
3.00000859
3.00000329
3.00001031
3.00003042
3.00002768
3.00003765
3.00002665
3.00001354
3.00001511
3.00001473
3.00001422
3.00001643
3.00001490
3.00001402
3.00001162
3.00001551
3.00001923
3.00002922
3.00004683
3.00011631
3.00017684
3.00018522
3.00020426
3.00020406
3.00025604
3.00024126
3.00021107
3.00026799
3.00045156
3.00051973
3.00062526
3.00074766
3.00095555
3.00142190
3.00141927
3.00106405
3.00087250
3.00083657
3.00064830
3.00055121
3.00056344
3.00039671
3.00024550
3.00030009
3.00031403
3.00025689
3.00018893
3.00016283
3.00010089
3.00008867
3.00005088
3.00002751
3.00001644
3.00001637
3.00002128
3.00007922
3.00011770
3.00017891
3.00030925
3.00062247
3.00087715
3.00154637
3.00242375
3.00216894
3.00490982
3.00459437
3.00849072
3.00804288
3.01101375
3.01247270
3.00777722
3.00909634
3.02218657
3.03924943
3.03880163
3.00893789
3.00415370
3.00144272
3.00076900
3.00044191
3.00086519
3.00223340
3.00547912
3.00835858
3.00786182
3.00959957
3.00357499
3.00062694
3.00025996
3.00012830
3.00029403
3.00015404
3.00020672
3.00010084
3.00005483
3.00004588
3.00008431
3.00022251
3.00065860
3.00021753
3.00016170
3.00026227
3.00042515
3.00027111
3.00046077
3.00081457
3.00162754
3.00110860
3.00052291
3.00068202
3.00129827
3.00735097
3.00155343
3.00231905
3.00244499
3.00230599
3.00176347
3.00295184
3.00613205
3.01503129
3.05644672
3.04787949
3.02969987
3.02217012
3.04260680
3.04379047
3.03764487
3.06006147
3.25055319
3.09906915
3.32054583
3.13799156
3.24174299
3.26439287
3.41206782
3.17396320
3.09141102
3.05603699
3.09859937
3.03789949
3.13539500
3.14878636
3.51569732
3.34038088
3.40269098
4.06534093
4.02955243
3.93188422
4.59273816
3.71128392
4.80852014
4.01920337
3.56572852
3.22485849
3.10580684
3.02959979
3.10223889
3.05699772
3.05529367
3.09953340
3.15228614
3.19155529
3.32102834
3.23148135
3.18661744
3.18547180
3.24812075
3.15311037
3.08447737
3.18489653
3.03157698
3.01845933
3.02630127
3.01024613
3.00961284
3.01569995
3.02693113
3.00753914
3.05011784
3.05396672
3.16844160
3.06063423
3.17298448
3.37238519
3.23015786
3.83092853
3.96227895
4.18994776
4.27264294
4.64718908
4.30080583
4.36431597
5.10042789
4.68155476
4.73688069
5.49443658
5.32617318
5.38383356
4.80449499
5.23850152
4.84118758
5.14045365
5.01392165
6.00929191
5.37486882
5.39749931
4.55708759
4.21660854
4.08266056
3.88960775
4.15964790
4.33123995
4.54059455
4.66907205
4.74251425
4.46364195
4.34696681
4.80154308
4.85411169
5.87112375
5.25990214
5.02246027
4.51436185
4.58694504
5.16124677
4.50691764
5.18738421
4.67701947
4.59590827
4.90203960
4.85232850
6.75365731
7.50018509
8.70618555
8.39666229
8.29522203
7.57316222
7.03962083
8.30529161
7.39514712
6.33623446
5.62099662
7.05362874
6.85612632
6.92480642
9.54771444
8.99983437
12.90371021
11.98353847
8.34792479
10.46979971
13.43407544
12.40096798
13.13386152
8.05977485
11.37436947
8.64994505
13.04531091
11.61794679
12.07120914
11.27214042
10.23463042
14.89267638
11.69470154
16.92498907
16.70095608
17.57041005
17.49922055
15.92818677
13.92336211
10.38157827
10.03587035
7.20337870
5.66332574
6.03928534
4.92724659
5.16402193
5.37086754
5.35475887
7.29817788
5.93100964
5.20668294
4.75568165
4.86940220
4.15067209
4.86568437
4.89750276
6.06211117
6.41857682
7.64562315
6.42673400
4.89001749
6.34988001
6.80541078
6.16302804
6.12216328
5.58877023
6.61023365
6.76302936
7.34125251
8.41846851
8.38348574
6.62346959
5.47582154
6.15853607
7.07887052
6.03838344
5.11723730
5.76629431
4.92768886
7.28189790
7.03900892
5.96956956
5.13332821
5.11728110
4.54504792
5.66287902
5.23893956
8.06618863
6.63764043
5.68983929
6.33576639
8.37603960
8.94999909
8.01788719
8.62377446
6.70464497
5.81035098
4.41096828
6.62105411
5.94772271
5.20826628
5.27915055
6.96472514
7.52720855
6.37375787
7.65379338
7.41569426
8.51936990
9.32655547
7.93140725
10.18289561
8.69017466
7.53374617
8.72534876
7.75614994
6.69764851
9.60484180
9.63260866
6.75383517
6.40771775
4.78691391
4.65611595
4.92661892
5.17912476
4.03445531
4.81951411
5.09859918
6.00232355
4.72812961
5.64291197
4.29688412
5.05181748
6.07415522
8.75351843
7.96355931
10.52906555
8.91150396
8.45063707
11.35514141
8.65104349
8.39989788
10.01011337
7.48421897
5.80540923
6.06387648
5.57540202
6.13224059
6.49912785
6.59856021
8.71641846
8.59947410
7.03301086
9.25155848
9.06317143
12.35982786
14.87226883
11.40304412
13.18666371
13.12142564
14.35111001
15.11087345
13.19914030
11.05078875
13.61614402
11.53421573
9.26346059
9.46541643
7.87013596
7.66093661
7.70943245
8.19083384
10.36887768
9.32994710
8.68217845
8.01635411
8.94724208
5.80510726
5.00065482
6.56732300
8.16744133
8.27931154
4.58511334
5.90234049
5.18609518
8.03402920
7.26066000
5.70746949
8.40877730
5.85779363
5.91903155
6.93627148
7.65019734
7.10304324
8.28343407
9.66221624
10.82237638
9.27360539
9.90432995
11.96680403
10.24864436
5.58651040
5.01018925
6.06012576
4.88932752
5.03013280
4.47978968
4.81875624
5.62382944
7.97010109
10.07788300
9.96959514
11.46967500
11.04869371
11.85125126
13.50025731
11.52366149
10.76510530
10.98826053
8.33488368
8.03661479
10.92129629
8.33843962
8.12009669
9.91557175
10.27124488
9.37014131
7.00578539
5.92898340
4.94969600
3.84687538
5.03047030
5.96237034
5.45569288
4.68132809
4.66390335
7.15942683
8.40024951
7.04709123
6.43331679
7.49694368
8.93161251
7.74753381
8.38180395
9.31003053
8.11461238
6.20171585
6.17617999
6.54458240
7.64805853
9.16516336
7.57139279
6.35615995
5.55631085
5.47639927
5.53310906
5.34841755
5.38114149
5.97898702
5.22211908
5.34083393
5.89824160
5.77948814
5.47377632
7.41557910
5.78056445
5.56481452
5.48852672
6.00875193
5.46917767
5.83656739
6.24994771
5.80007914
5.26871642
5.13107881
4.67091909
4.27088261
4.00070865
4.29575410
4.69675629
4.52724031
5.40062144
6.16447116
6.21457633
6.86404856
5.34896206
5.47252556
5.02934972
4.26883738
4.72289435
5.33257480
4.53741270
5.60800734
5.92893367
7.13178688
4.99103722
5.34690937
4.75079489
3.79637657
3.93469538
4.08632474
5.25079149
6.22179936
4.64612567
4.19985447
5.90758924
5.07651878
4.59467141
5.51409795
4.34595145
4.94337141
6.18086029
8.30236742
5.80076405
5.63894592
5.44922346
4.88096957
5.60142371
4.63213904
4.88349472
4.88082675
4.17100617
5.84439379
5.75607300
6.29519115
7.06242819
9.18166895
8.84159445
9.32831052
12.56260803
8.08688975
9.58124834
7.43588820
7.55330094
9.26496827
8.31354971
12.65915097
9.56143649
12.67595446
9.31011521
13.03191569
11.74738236
14.88949172
14.77831582
12.43235321
12.34699821
11.47511375
12.17598826
12.37844982
12.11873573
6.74838460
7.00247892
7.59657521
8.49450686
7.53528085
7.47474268
6.49255580
6.71731892
6.30551635
6.82377192
6.75287021
8.23041742
8.54670549
10.39331688
9.67134510
10.17060844
11.90606143
9.26477573
8.97622102
9.63247068
12.07100110
10.79209466
11.09649877
8.38471724
6.73044654
5.83761424
6.09135926
6.66369165
6.72609398
5.07987064
5.37700021
5.18210073
4.76536847
4.32163091
4.36608816
4.35596878
4.42504298
4.84428881
4.30904832
4.01471363
3.95647713
4.37712952
5.05392003
5.65738546
6.30522667
6.89259116
7.08443130
7.46023839
5.42714311
6.77697884
8.48154698
9.23705210
9.51659864
7.91588818
8.10859463
8.14688870
8.39141975
7.42002344
8.54863382
8.52989061
8.29709009
8.53079545
7.34809561
7.07578755
8.37170608
9.77414711
11.01950169
11.77936250
11.60711144
11.29743508
11.45168029
10.82735280
8.91194974
10.21157213
8.38634824
11.01682888
8.30703006
7.83939959
7.89766803
7.45992202
7.65387727
7.33013636
10.04180685
9.89001960
11.69553222
12.62164777
12.24409117
11.95792630
12.04086888
12.53550552
12.10284264
11.70032260
11.65595452
8.74603763
8.12041659
6.72218693
7.51790816
6.36117515
6.33942653
5.75329257
5.98299044
6.25731116
6.90708361
7.09823082
8.44182267
8.77103575
7.89479941
6.87035784
5.76587722
4.81688677
5.58995509
5.34765811
5.75166188
6.12618844
5.58342817
4.88387385
4.07007410
5.96671152
5.84134565
4.95363047
5.13979055
6.03501601
7.49418134
8.15355845
9.29253555
9.68838162
8.12997884
6.76868710
6.34091624
5.77556405
3.48344459
3.55453905
3.59521603
3.30509093
3.26217821
3.37116967
3.51674524
3.60400491
3.48705867
3.45816628
3.47895867
3.24787076
3.13653727
3.10139940
3.11218167
3.12931857
3.06172160
3.05458198
3.03060341
3.01755652
3.02610585
3.01867017
3.03788303
3.03068099
3.03093630
3.07153730
3.02964373
3.03094864
3.01889030
3.02379264
3.06834953
3.04353989
3.04100699
3.03816274
3.05154594
3.06688281
3.04253870
3.02046697
3.00475255
3.00068212
3.00071546
3.00042115
3.00073295
3.00040520
3.00077989
3.00101665
3.00076844
3.00100139
3.00162091
3.00092302
3.00039508
3.00021198
3.00015537
3.00029118
3.00025091
3.00030398
3.00031226
3.00028013
3.00019792
3.00023882
3.00035450
3.00047168
3.00039534
3.00058362
3.00036513
3.00073733
3.00084640
3.00153105
3.00094899
3.00115771
3.00074641
3.00099469
3.00090942
3.00080178
3.00067414
3.00054584
3.00060664
3.00108789
3.00087978
3.00092658
3.00098097
3.00102547
3.00117273
3.00114671
3.00130424
3.00090609
3.00069929
3.00054662
3.00040686
3.00024085
3.00020816
3.00017599
3.00026353
3.00017056
3.00011816
3.00011522
3.00006241
3.00005721
3.00006688
3.00005554
3.00003151
3.00003830
3.00002370
3.00002957
3.00003290
3.00002972
3.00003471
3.00003981
3.00004135
3.00004553
3.00005334
3.00006910
3.00006660
3.00006779
3.00007523
3.00005023
3.00005072
3.00005125
3.00004079
3.00004280
3.00004045
3.00006359
3.00009782
3.00014260
3.00018700
3.00029058
3.00032961
3.00035287
3.00040727
3.00034947
3.00033833
3.00033393
3.00030720
3.00011276
3.00013037
3.00012821
3.00015367
3.00036495
3.00035917
3.00016592
3.00009562
3.00009058
3.00009440
3.00010950
3.00006981
3.00007351
3.00009011
3.00016190
3.00023560
3.00027209
3.00025710
3.00023044
3.00033674
3.00024198
3.00021351
3.00016248
3.00012180
3.00007579
3.00006685
3.00005452
3.00008477
3.00010031
3.00013740
3.00011150
3.00009785
3.00007574
3.00009565
3.00008832
3.00014005
3.00015780
3.00017374
3.00020987
3.00026341
3.00044530
3.00040163
3.00031410
3.00024017
3.00028147
3.00025249
3.00023823
3.00018291
3.00015722
3.00014595
3.00011748
3.00008886
3.00006407
3.00004757
3.00003274
3.00003430
3.00003785
3.00003678
3.00003125
3.00002736
3.00002136
3.00001874
3.00001888
3.00002377
3.00008988
3.00027250
3.00048002
3.00057247
3.00040621
3.00021510
3.00012584
3.00004391
3.00001429
3.00000929
3.00000990
3.00001016
3.00000831
3.00000863
3.00001016
3.00001743
3.00003800
3.00005235
3.00005816
3.00004481
3.00002486
3.00002786
3.00003086
3.00003783
3.00002843
3.00003058
3.00002027
3.00001948
3.00001581
3.00001692
3.00002435
3.00003069
3.00003487
3.00004572
3.00004852
3.00004479
3.00003249
3.00002023
3.00001264
3.00001111
3.00001776
3.00003378
3.00004011
3.00002992
3.00002437
3.00003466
3.00002564
3.00002862
3.00002564
3.00001641
3.00001188
3.00000697
3.00000871
3.00001180
3.00001769
3.00002155
3.00002505
3.00002889
3.00004867
3.00009031
3.00046298
3.00142785
3.00254542
3.00405353
3.00443023
3.00708775
3.00655060
3.00403975
3.00176135
3.00087421
3.00068393
3.00016643
3.00002545
3.00001159
3.00002365
3.00005983
3.00005526
3.00003494
3.00002291
3.00000919
3.00000686
3.00000379
3.00000245
3.00000367
3.00000427
3.00000485
3.00000775
3.00000659
3.00000881
3.00001001
3.00001146
3.00000786
3.00000837
3.00000757
3.00000866
3.00001090
3.00001856
3.00000610
3.00000658
3.00000558
3.00000549
3.00000598
3.00000428
3.00000440
3.00000544
3.00000366
3.00000237
3.00000277
3.00000267
3.00000267
3.00000265
3.00000388
3.00000567
3.00000976
3.00000797
3.00001293
3.00001341
3.00000962
3.00001997
3.00001642
3.00001306
3.00000904
3.00001538
3.00001751
3.00001508
3.00001273
3.00001217
3.00001630
3.00001244
3.00001399
3.00000999
3.00001171
3.00002079
3.00005370
3.00002477
3.00005183
3.00003566
3.00011473
3.00013438
3.00013097
3.00010877
3.00010385
3.00012686
3.00006309
3.00006392
3.00004795
3.00004762
3.00006089
3.00005191
3.00005540
3.00003133
3.00002976
3.00003580
