3.00000000
3.00000000
3.00000000
3.00000000
3.00000000
3.00000000
3.00000000
3.00000000
3.00000000
3.00000000
3.00000000
3.00000000
3.00000000
3.00000000
3.00000000
3.00000000
3.00000000
3.00000000
3.00000000
3.00000000
3.00000000
3.00000000
3.00000000
3.00000000
3.00000000
3.00000000
3.00000000
3.00000000
3.00000000
3.00000000
3.00000000
3.00000000
3.00000000
3.00000000
3.00000000
3.00000000
3.00000000
3.00000000
3.00000000
3.00000000
3.00000000
3.00000000
3.00000000
3.00000000
3.00000000
3.00000000
3.00000000
3.00000000
3.00000000
3.00000000
3.00000000
3.00000000
3.00000000
3.00000000
3.00000000
3.00000000
3.00000000
3.00000000
3.00000000
3.00000000
3.00000000
3.00000000
3.00000000
3.00001730
3.00003106
3.00003820
3.00001412
3.00000720
3.00000445
3.00000244
3.00000304
3.00000312
3.00000380
3.00000268
3.00000298
3.00000291
3.00000507
3.00000336
3.00000431
3.00001003
3.00000841
3.00000489
3.00000374
3.00000234
3.00000258
3.00000578
3.00000598
3.00000491
3.00001104
3.00000552
3.00000255
3.00000389
3.00000623
3.00001249
3.00001442
3.00000631
3.00000664
3.00001175
3.00001913
3.00002203
3.00001038
3.00001016
3.00001004
3.00001509
3.00001363
3.00000992
3.00001007
3.00001378
3.00001675
3.00003086
3.00004328
3.00003038
3.00001585
3.00001225
3.00001199
3.00001453
3.00001308
3.00000545
3.00000616
3.00001027
3.00002149
3.00004691
3.00002292
3.00002525
3.00011866
3.00017871
3.00017743
3.00028171
3.00060895
3.00083265
3.00138836
3.00047084
3.00031654
3.00033267
3.00025460
3.00016561
3.00011625
3.00006598
3.00003942
3.00003904
3.00000968
3.00000553
3.00000580
3.00000660
3.00001291
3.00001338
3.00002078
3.00003318
3.00004633
3.00006406
3.00004890
3.00001132
3.00000866
3.00000353
3.00000223
3.00000315
3.00000214
3.00000219
3.00000202
3.00000190
3.00000235
3.00000352
3.00000346
3.00000437
3.00000468
3.00000778
3.00001045
3.00001277
3.00001312
3.00002013
3.00002566
3.00003906
3.00002453
3.00003063
3.00002607
3.00002729
3.00003422
3.00005094
3.00004704
3.00005730
3.00004915
3.00008241
3.00007865
3.00008598
3.00005739
3.00005533
3.00004094
3.00004484
3.00004086
3.00004096
3.00004355
3.00003507
3.00003897
3.00003905
3.00004404
3.00005687
3.00010338
3.00011962
3.00020761
3.00044816
3.00085145
3.00092392
3.00083032
3.00059071
3.00046714
3.00049712
3.00042263
3.00030456
3.00018542
3.00013103
3.00010884
3.00011634
3.00010437
3.00015119
3.00011057
3.00010680
3.00007153
3.00004447
3.00004034
3.00002923
3.00007905
3.00016046
3.00016242
3.00017674
3.00022545
3.00013494
3.00033362
3.00037433
3.00016592
3.00029416
3.00040889
3.00021262
3.00008177
3.00005379
3.00002032
3.00000754
3.00000596
3.00000311
3.00000224
3.00000404
3.00000612
3.00000772
3.00000918
3.00000464
3.00000311
3.00000535
3.00000379
3.00000712
3.00000418
3.00000486
3.00000484
3.00000510
3.00000358
3.00000186
3.00000258
3.00000199
3.00000370
3.00000456
3.00000283
3.00000199
3.00000379
3.00000556
3.00001101
3.00000327
3.00000412
3.00000424
3.00000511
3.00000428
3.00001327
3.00001379
3.00003863
3.00007625
3.00044631
3.00188260
3.00344234
3.00160496
3.00103735
3.00110486
3.00225645
3.00424762
3.00711878
3.01053654
3.00588068
3.00105901
3.00052190
3.00029289
3.00009452
3.00002969
3.00001614
3.00002115
3.00001449
3.00000986
3.00000358
3.00000488
3.00000887
3.00000776
3.00001219
3.00001990
3.00002120
3.00002738
3.00005121
3.00005792
3.00005487
3.00002944
3.00002239
3.00000648
3.00000459
3.00000759
3.00000549
3.00000608
3.00000961
3.00000857
3.00000913
3.00003827
3.00002233
3.00005143
3.00007093
3.00023961
3.00027733
3.00011437
3.00009988
3.00046399
3.00099241
3.00017754
3.00025540
3.00054563
3.00155115
3.00160652
3.00121884
3.00034457
3.00039222
3.00044460
3.00057769
3.00013881
3.00009547
3.00014295
3.00017076
3.00003902
3.00002418
3.00001887
3.00005427
3.00004468
3.00004341
3.00002561
3.00003822
3.00002474
3.00001818
3.00001794
3.00002328
3.00001954
3.00001183
3.00001549
3.00001547
3.00001872
3.00002058
3.00002724
3.00002301
3.00002731
3.00003510
3.00004700
3.00005863
3.00006537
3.00009181
3.00008769
3.00008548
3.00010184
3.00009931
3.00012330
3.00008898
3.00005064
3.00003108
3.00001334
3.00000752
3.00000711
3.00001172
3.00003138
3.00001714
3.00001092
3.00001677
3.00000702
3.00002384
3.00003199
3.00015673
3.00025280
3.00031112
3.00029681
3.00016617
3.00011487
3.00005721
3.00005477
3.00004668
3.00005758
3.00007434
3.00001816
3.00000918
3.00000481
3.00000591
3.00000715
3.00000659
3.00000347
3.00000301
3.00000422
3.00000518
3.00000465
3.00000370
3.00000555
3.00000795
3.00000555
3.00000376
3.00000290
3.00000337
3.00001656
3.00001668
3.00003503
3.00004637
3.00002934
3.00001531
3.00001771
3.00002660
3.00005317
3.00009838
3.00014794
3.00010919
3.00006505
3.00006583
3.00010264
3.00010133
3.00008216
3.00003509
3.00002321
3.00002329
3.00002139
3.00002456
3.00003320
3.00003163
3.00002895
3.00002297
3.00002088
3.00001705
3.00001443
3.00001078
3.00001627
3.00005607
3.00010915
3.00015924
3.00021296
3.00040352
3.00054681
3.00051178
3.00043419
3.00038413
3.00035594
3.00024222
3.00017874
3.00014754
3.00010025
3.00008943
3.00007462
3.00006588
3.00005213
3.00004360
3.00002654
3.00003146
3.00003255
3.00003968
3.00004572
3.00002771
3.00003722
3.00004593
3.00006933
3.00011979
3.00006711
3.00003745
3.00001006
3.00000464
3.00000336
3.00000236
3.00000155
3.00000198
3.00000382
3.00000795
3.00001633
3.00002317
3.00004192
3.00010375
3.00010026
3.00001864
3.00002692
3.00008012
3.00006571
3.00006526
3.00004199
3.00002684
3.00001303
3.00000909
3.00001611
3.00000994
3.00000713
3.00001270
3.00001982
3.00001557
3.00001418
3.00000993
3.00001100
3.00001393
3.00002491
3.00003009
3.00004640
3.00009102
3.00018022
3.00027367
3.00025240
3.00024585
3.00041526
3.00051919
3.00044789
3.00046243
3.00060034
3.00048286
3.00054301
3.00077996
3.00081315
3.00094556
3.00154924
3.00141309
3.00163441
3.00190160
3.00181687
3.00153836
3.00147292
3.00135806
3.00093125
3.00094605
3.00091861
3.00072797
3.00069426
3.00062755
3.00057744
3.00039977
3.00045452
3.00035206
3.00028256
3.00023293
3.00019669
3.00014033
3.00013502
3.00013073
3.00018595
3.00015583
3.00019193
3.00013989
3.00009888
3.00010231
3.00011222
3.00008809
3.00007423
3.00006315
3.00005010
3.00004173
3.00004325
3.00004545
3.00006123
3.00006056
3.00008345
3.00009097
3.00009915
3.00008726
3.00008361
3.00006093
3.00005362
3.00002659
3.00002306
3.00003063
3.00001773
3.00001048
3.00000699
3.00000892
3.00000722
3.00001234
3.00001208
3.00001251
3.00001248
3.00001051
3.00001479
3.00002998
3.00003141
3.00003580
3.00003989
3.00005069
3.00008566
3.00008432
3.00008071
3.00008283
3.00009484
3.00005718
3.00010161
3.00010076
3.00015282
3.00014006
3.00005510
3.00003671
3.00002300
3.00001704
3.00002724
3.00003923
3.00005844
3.00013232
3.00020431
3.00022434
3.00025189
3.00019426
3.00011951
3.00008404
3.00006260
3.00005941
3.00004686
3.00003211
3.00002140
3.00001491
3.00002816
3.00002827
3.00001423
3.00001296
3.00001359
3.00002460
3.00002856
3.00002043
3.00003825
3.00004262
3.00004961
3.00004677
3.00003019
3.00002399
3.00003001
3.00001923
3.00001545
3.00001327
3.00001442
3.00001971
3.00002175
3.00002861
3.00001744
3.00001197
3.00001273
3.00001498
3.00001375
3.00001221
3.00000815
3.00000535
3.00000537
3.00000632
3.00000621
3.00000612
3.00000654
3.00000792
3.00000824
3.00000834
3.00001058
3.00000978
3.00000950
3.00000836
3.00001097
3.00000651
3.00000756
3.00000828
3.00000751
3.00000838
3.00000892
3.00000882
3.00001747
3.00001884
3.00002132
3.00002363
3.00004288
3.00004156
3.00002333
3.00006463
3.00004084
3.00002434
3.00001743
3.00001096
3.00001075
3.00000863
3.00000830
3.00000521
3.00000890
3.00000850
3.00001114
3.00001733
3.00001676
3.00001273
3.00001354
3.00001221
3.00000680
3.00000951
3.00000824
3.00000927
3.00000873
3.00000910
3.00000695
3.00000650
3.00000568
3.00000733
3.00001073
3.00000835
3.00000631
3.00000901
3.00000939
3.00001170
3.00001201
3.00002080
3.00002047
3.00001872
3.00003276
3.00002957
3.00002356
3.00003133
3.00002107
3.00001693
3.00001151
3.00001148
3.00002382
3.00003019
3.00003310
3.00002009
3.00001705
3.00001152
3.00001063
3.00002125
3.00003257
3.00005259
3.00007830
3.00018739
3.00022006
3.00022394
3.00027703
3.00028856
3.00028337
3.00039930
3.00039846
3.00037479
3.00028757
3.00026854
3.00024127
3.00039155
3.00065327
3.00077387
3.00088143
3.00110867
3.00084771
3.00063038
3.00058238
3.00201277
3.00375002
3.00402609
3.00326115
3.00195668
3.00129757
3.00167597
3.00136341
3.00156230
3.00192767
3.00233124
3.00227286
3.00408498
3.00293148
3.00266409
3.00104148
3.00047714
3.00019088
3.00014073
3.00013131
3.00009053
3.00011459
3.00006258
3.00003534
3.00004937
3.00002633
3.00004249
3.00001949
3.00004633
3.00001659
3.00002650
3.00002941
3.00001255
3.00001802
3.00000832
3.00000906
3.00001352
3.00002131
3.00007234
3.00019742
3.00025539
3.00024137
3.00033121
3.00058354
3.00042305
3.00032999
3.00078228
3.00080199
3.00059886
3.00044471
3.00104168
3.00066036
3.00197845
3.00346482
3.00349711
3.00135612
3.00261529
3.01165330
3.01448789
3.03670081
3.03841857
3.04188900
3.04250734
3.02317281
3.02807468
3.04289380
3.03231207
3.02831763
3.03239350
3.06273706
3.02242021
3.02157988
3.00811998
3.00673956
3.00659089
3.02375207
3.02010757
3.02949322
3.03094559
3.04414565
3.05725710
3.13773429
3.09346801
3.13685131
3.18606126
3.14091607
3.07603290
3.13046198
3.08881882
3.07364175
3.07091054
3.10903738
3.18678568
3.12070252
3.10349799
3.11399196
3.15512259
3.15149762
3.22879582
3.10558928
3.19356144
3.32158413
3.55719849
3.39490599
3.34206961
3.49891124
3.21266780
3.10945665
3.10656802
3.07421959
3.01914189
3.01118413
3.05784355
3.17657058
3.38031513
3.44209886
3.85978243
3.90563585
4.44232102
5.21958205
5.39403357
5.66729843
5.21277779
4.25226032
5.46163722
5.03018457
5.98776456
5.72204784
5.73610668
5.78243897
6.87802687
7.29848196
6.45756417
6.58188945
6.81789401
6.23206454
5.60750250
5.34328929
4.15710306
3.74960088
5.71502067
7.82590442
8.25039546
7.02880344
8.10838265
6.04644558
8.60499261
8.69467204
9.77265932
7.80349775
9.68511390
9.50455589
11.84883303
9.11807919
9.45872909
9.42492953
11.04845968
10.93341221
8.50999483
9.69325450
7.69889155
9.09030612
7.99537788
7.11290222
5.31013458
6.48465909
4.79912793
5.26343047
4.76781135
5.45015779
6.07827674
6.56353810
6.62969788
6.54669401
6.36355854
5.19647160
5.80891408
5.63781331
5.71131098
6.92534709
4.55635916
4.06298020
3.69560959
4.25128523
5.73039342
4.84613557
5.86960904
4.78890057
5.63838069
4.63130371
4.82292783
4.63508299
4.38660547
4.20931996
4.58421596
3.92074363
4.34542939
4.57471413
4.40105490
4.71339331
4.57397433
4.68025155
4.03157256
4.07897252
4.58414588
4.14059183
4.12941407
4.24814647
4.04265089
4.76051422
5.23177177
4.75341412
5.20404818
4.57291995
4.76556776
4.79849789
5.68457922
5.46514694
5.44911959
6.11032196
5.05052715
4.82397022
3.84906848
4.02433609
4.20834778
3.87347257
3.85842261
4.03536983
4.18409625
5.23980949
4.73037302
5.60640515
5.05192053
6.39176024
7.00349320
5.13816632
4.04198631
4.37645182
6.06413944
4.05139473
4.50927950
4.01126691
4.00320045
4.20817983
3.63111240
3.93461020
4.11684741
4.34575694
5.81184974
5.42623260
5.93139404
4.35823149
5.34569292
5.02325410
4.45703781
4.51063166
4.63708588
4.89449288
3.63067837
3.52338233
3.84625719
4.06578747
3.95692379
4.47917417
3.86901659
3.54821055
3.73159503
3.88204082
3.74156179
3.62973083
3.51996646
3.85493288
3.77164443
4.02597500
3.93256309
4.07058815
4.30643397
4.08942980
4.11085029
4.05492967
4.90948135
5.28778240
4.96672370
5.07167803
4.87429387
4.63705376
4.18264690
4.37402771
4.02453401
4.31107834
4.87364968
4.62542393
4.21892642
3.92996073
3.88185484
3.67032294
4.06861097
4.20465380
3.80442153
3.76700631
3.86910888
3.96328738
3.89955807
4.01924341
3.92775758
3.88602989
3.92900275
4.13795214
4.37761313
4.49241480
5.64045436
6.77726377
5.71012731
3.83023992
4.04939637
4.04669424
4.83304736
5.11270403
4.91050369
4.65370698
4.94197844
4.70098383
6.23485278
5.63549236
6.29486348
5.12029049
4.69558208
4.62249562
5.26125161
4.44618259
4.13467216
4.90090985
4.20337161
4.76300097
4.51805022
5.82260703
7.27762537
7.13440815
6.05699728
5.37449990
4.44877113
4.07977634
4.19705993
4.69682194
4.95572228
4.71149681
5.16003206
4.39383680
3.81329350
3.72250953
3.94770864
3.59035258
3.82694004
4.47653844
3.97038298
4.93731706
6.08658688
6.11422015
6.88692062
7.02200730
6.20905634
6.44253212
6.15399083
5.48027379
5.41313177
4.37880163
4.53926859
4.01444330
3.63779633
3.63250706
3.61208760
3.76810627
3.67005876
3.79629802
5.25391881
4.32695839
4.71905984
4.36397592
3.94723669
3.58629914
3.93649799
3.59125754
3.27309470
3.39733003
3.58954807
4.01107614
4.08606062
4.13011230
4.53777001
4.82519259
4.43605044
4.72314080
4.69383136
4.98612629
4.69480796
4.32040974
4.08039862
3.61305263
5.32614377
4.07301803
3.55214846
3.59994109
3.48787145
3.22424658
3.22881511
3.09917229
3.23176791
3.16512345
3.32566198
3.11830986
3.21038383
3.54065335
3.57040582
3.76467037
4.38919449
5.28792585
5.64984964
5.71901390
4.56633981
5.76150286
5.65672062
4.68063598
4.97218954
8.27039360
6.55385495
5.73347136
5.81016703
5.93353496
5.31717928
6.92017063
8.89279460
8.59824476
7.39666080
8.18411166
7.90670991
7.02295039
7.80593867
9.14116784
10.88546237
10.92597709
12.64337596
14.36898742
14.43613589
11.80049819
8.36703625
11.39760216
11.33544539
8.91086910
10.41190146
8.12957281
6.84131215
7.29277508
10.16672183
8.79507097
10.44347550
7.48840875
8.40959077
8.74039713
7.53146164
7.81102996
7.13956869
9.55279188
9.54279137
6.20205763
6.15471325
6.69612005
5.73747015
4.77926173
4.21874035
4.52717709
5.52671919
5.51535557
9.04647335
7.79366457
9.37012066
7.23548877
7.04457000
7.05364625
8.63505811
6.76775947
6.93043913
7.40258412
6.95507214
6.62444881
6.20839006
6.94983134
6.35947046
6.75327133
5.83171626
6.13193977
5.55018665
5.81386587
5.65895935
4.41297991
4.19346079
3.83649496
4.24371228
4.19967508
5.11356258
6.00927525
5.75544224
7.30595664
8.66842117
6.13032308
4.53074544
6.51036665
5.30853009
5.10008824
4.12261854
4.41654068
4.26173744
4.69643888
6.49425951
5.95166553
9.59955187
7.46522710
5.64593373
8.00885871
6.02560053
8.65030840
8.72336887
9.04089345
12.94191510
14.98959429
15.98731115
15.27141814
17.24200796
16.02504437
15.21403218
16.92317025
17.85004619
13.11755323
12.46070581
8.39683134
6.77918130
8.21754278
9.63653090
8.05625354
5.97372506
4.92310723
5.34954391
4.52280970
4.93289872
6.73968810
5.66441480
7.64515005
8.46464428
10.18295656
12.18290819
10.66057446
14.19899049
17.33407163
13.52017916
14.76877167
12.87035523
10.25921010
9.17919255
8.27379214
7.95881925
7.52733603
8.12258343
8.59330774
9.55837647
10.54374071
9.46730564
8.62199224
7.60844040
5.86986585
6.20628647
6.69353262
7.13166286
7.06879232
7.51774952
6.08217423
7.76784915
6.44863362
7.43068691
7.15757667
7.75792747
5.25024862
6.85603047
8.33952717
9.16235403
7.46687973
8.88218914
8.66453796
10.70482469
8.12763285
8.18471015
8.48993972
9.76732884
10.33819906
9.15917670
13.69709187
11.07895735
13.08167721
13.45445949
11.74637786
11.79244247
8.08095356
6.85606544
5.84720272
8.38890708
10.36175114
11.65863593
10.43633024
12.77516369
12.04145616
10.99984640
10.53689260
9.48535533
11.06875709
9.88135842
8.11313131
7.04842638
5.70366420
5.49344087
5.96122615
7.18708575
7.55419693
9.46392096
9.44637960
7.95389777
6.47742328
7.25726093
7.37136793
5.73658313
4.89804418
5.19480147
4.83421579
5.12167458
5.07188031
4.83529392
4.08127777
4.00905316
4.02150636
4.29878098
4.25729595
5.98732603
9.67589652
8.20833058
5.35105548
6.66351478
7.09608241
10.47375667
10.36158051
12.13172939
20.45026811
19.38880503
20.19928095
17.35368200
17.17412428
17.86514073
18.96652718
16.12612176
14.10789113
15.07969170
16.48761112
14.04859844
10.33796796
13.52742077
9.92863252
9.45739325
11.29902526
10.09956478
11.23067402
10.65198482
11.96340281
12.74811107
13.30707396
9.50135636
8.14283347
8.62832601
5.92166325
5.64032318
7.08859081
5.86304187
7.67823108
5.28577034
4.43964435
5.71061421
5.70960390
5.16245047
6.02988704
5.49532430
5.58946999
6.33514252
4.88015429
5.65178343
5.23163252
5.64591324
6.15578528
5.39877823
4.87510133
4.24437802
5.15798622
4.88687058
5.31688333
9.09688413
8.92406864
11.52315360
12.13740835
14.77906236
13.23950440
15.12822974
14.29806241
15.47653163
16.47538200
17.01599016
12.35091981
13.24726712
9.77461506
9.77566107
7.31861260
5.35895475
6.03260830
5.55631270
6.59916661
6.78695218
7.41003616
7.22493577
8.80466101
9.58552706
9.71966143
9.78775312
10.39204264
10.07853133
8.87932464
8.19660930
9.77144192
8.10125917
6.53449537
6.55380318
5.98940837
5.61203055
6.37308977
4.94729562
4.98664666
6.29459267
5.54903741
4.11763872
4.37298904
5.40943528
5.10534887
5.08202757
5.57095493
5.96987623
6.08937959
5.66359828
5.83353444
6.07142088
5.28295559
5.26161848
4.97227560
5.13485241
4.97042522
4.60253608
4.54814344
3.93692070
5.11401055
4.81118796
4.87269837
5.01112034
5.16713021
4.78016051
4.78832344
4.31557271
4.53561705
4.35945818
4.20954952
4.43105811
4.03376206
4.24881953
4.23148239
4.31030797
4.06113131
4.48412069
4.20848593
4.33984667
4.03956335
3.84998701
3.87306530
3.84172358
4.08170619
3.79271883
4.19305883
4.15385834
3.97650242
3.70676039
4.01216540
3.98513104
3.68745209
3.77330053
3.81523750
3.88495399
4.44082313
4.80945795
5.03283825
5.80128740
5.11070670
5.85192428
4.97909093
3.79707534
3.43311451
3.27389938
3.20578053
3.21224376
3.14409543
3.07456194
3.04012645
3.01640220
3.00967503
3.00505375
3.00352481
3.00416097
3.01253084
3.00487234
3.00196630
3.00091180
3.00059759
3.00635561
3.00736387
3.02832611
3.00796180
3.00668592
3.01505904
3.01126259
3.01224928
3.02422647
3.03614345
3.02474853
3.03046660
3.02189265
3.00606069
3.00277855
3.00151949
3.00251844
3.00058019
3.00117406
3.00156870
3.00213040
3.00689561
3.01735509
3.02651003
3.00546239
3.01832929
3.00424903
3.00144834
3.00059026
3.00125287
3.00163698
3.00144893
3.00212008
3.00186666
3.00150296
3.00073525
3.00105697
3.00093381
3.00074209
3.00049028
3.00007753
3.00055482
3.00023363
3.00008995
3.00016131
3.00012727
3.00018321
3.00033795
3.00033272
3.00045490
3.00136050
3.00118073
3.00054836
3.00060496
3.00055534
3.00026573
3.00022214
3.00006301
3.00003294
3.00004836
3.00003341
3.00003198
3.00005277
3.00014715
3.00070672
3.00182135
3.00113588
3.00052793
3.00037070
3.00020281
3.00011789
3.00007866
3.00005280
3.00003583
3.00006930
3.00007612
3.00008604
3.00005803
3.00003500
3.00014515
3.00052225
3.00048900
3.00011000
3.00011743
3.00006147
3.00003692
3.00002204
3.00002086
3.00003253
3.00006459
3.00005402
3.00011458
3.00051815
3.00013203
3.00007122
3.00004216
3.00003928
3.00004953
3.00011518
3.00009649
3.00006011
3.00006932
3.00004332
3.00001932
3.00003654
3.00008333
3.00007660
3.00008740
3.00010626
3.00014338
3.00009113
3.00011136
3.00012662
3.00010333
3.00012877
3.00007526
3.00004672
3.00003416
3.00004293
3.00002425
3.00002164
3.00002339
3.00003333
3.00004830
3.00010539
3.00037121
3.00067835
3.00079011
3.00073285
3.00064602
3.00047302
3.00022287
3.00012777
3.00009621
3.00006471
3.00006353
3.00012163
3.00020906
3.00016233
3.00006692
3.00004821
3.00001497
3.00000943
3.00001131
3.00000626
3.00000878
3.00000866
3.00001110
3.00001129
3.00000908
3.00002636
3.00002221
3.00001377
3.00002927
3.00001987
3.00005475
3.00006974
3.00014495
3.00004175
3.00003638
3.00002253
3.00001749
3.00002002
3.00002193
3.00001581
3.00001339
3.00000875
3.00000571
3.00000782
3.00000529
3.00000600
3.00000923
3.00000750
3.00001610
3.00000972
3.00000672
3.00001217
3.00000868
3.00001330
3.00001230
3.00000737
3.00008734
3.00005896
3.00003642
3.00006590
3.00012361
3.00024461
3.00037809
3.00036340
3.00080282
3.00072488
3.00038843
3.00150349
3.00258523
3.00082659
3.00062003
3.00028453
3.00014187
3.00012944
3.00023731
3.00018596
3.00053001
3.00015037
3.00006892
3.00007299
3.00033004
3.00107941
3.00074951
3.00110310
3.00079649
3.00055432
3.00027585
3.00025958
3.00021660
3.00042402
3.00034153
3.00038083
3.00051697
3.00105934
3.00208462
3.00234776
3.00210075
3.00133287
3.00031758
3.00018074
3.00005970
3.00002711
3.00002852
3.00005847
3.00006296
3.00003482
3.00008853
3.00015898
3.00063400
3.00074804
3.00141000
3.00147428
3.00075318
3.00083751
3.00078265
3.00094284
3.00028068
3.00031642
3.00030866
3.00010759
3.00012179
3.00003432
3.00001327
3.00001112
3.00000744
3.00002155
3.00000675
3.00000547
3.00001074
3.00000716
3.00001765
3.00001455
3.00001513
3.00002552
3.00002437
3.00002168
3.00002842
3.00000806
3.00002768
3.00001219
3.00000999
3.00000376
3.00000890
3.00000767
3.00001873
3.00002721
3.00001242
3.00001342
3.00002712
3.00000662
3.00000817
3.00000425
3.00000718
3.00000886
3.00000509
3.00000458
3.00000608
3.00000613
3.00000763
3.00001065
3.00001803
3.00002575
3.00004445
3.00024664
3.00035457
3.00083434
3.00072795
3.00024960
3.00016259
3.00015006
3.00010300
3.00004820
3.00004235
3.00002376
3.00000849
3.00000525
3.00001849
3.00001708
3.00000709
3.00001460
3.00001689
3.00001749
3.00001862
3.00001125
3.00001116
3.00000431
3.00000698
3.00003923
3.00005854
3.00005493
3.00008314
3.00005246
3.00004217
3.00003196
3.00002251
3.00004034
3.00012277
3.00012875
3.00010607
3.00003295
3.00003939
3.00006057
3.00009407
3.00007916
3.00007039
3.00012460
3.00008113
3.00006055
3.00001833
3.00001772
3.00001875
3.00003122
3.00007033
3.00006295
3.00005088
3.00004842
3.00002440
3.00001644
3.00001876
3.00002324
3.00002865
3.00002835
3.00003335
3.00004333
3.00004177
3.00005711
3.00009604
3.00009167
3.00012802
3.00011634
3.00016927
3.00018911
3.00022913
3.00022371
3.00027316
3.00028084
3.00031923
3.00033411
3.00026697
3.00024575
3.00018248
3.00008408
3.00010490
3.00011477
3.00010854
3.00017379
3.00017313
3.00033410
3.00050709
3.00072624
3.00051866
3.00057392
3.00038971
3.00021049
3.00015002
3.00012206
3.00013833
3.00025201
3.00033867
3.00017933
3.00018022
3.00022712
3.00027616
3.00031141
3.00023952
3.00017550
3.00008603
3.00006271
3.00007037
3.00005550
3.00004729
3.00003887
3.00004472
3.00005186
3.00007975
3.00007224
3.00012116
3.00012895
3.00010903
3.00007672
3.00010791
3.00025258
3.00276381
3.00090759
3.00050644
3.00134447
3.00242260
3.00520913
3.00505148
3.01231478
3.00629873
3.01081792
3.00509804
3.01356377
3.00478136
3.00025320
3.00025716
3.00025409
3.00014524
3.00021052
3.00031306
3.00059513
3.00237087
3.00251505
3.00335418
3.00499058
3.00483355
3.00227882
3.00344021
3.00541303
3.00495105
3.00714850
3.00242089
3.00196113
3.00222754
3.00360794
3.01318749
3.02299680
3.04724721
3.15371321
3.05110194
3.04372379
3.05349288
3.06892955
3.04393399
3.13655121
3.04976080
3.02238913
3.06056182
3.02560668
3.03673738
3.01307215
3.03553317
3.03247288
3.01933756
3.02409337
3.03307848
3.00979639
3.01082091
3.00814660
3.01790134
3.01453509
3.02034943
3.02320082
3.04883619
3.05156436
3.07515575
3.04970682
3.06002889
3.24705725
3.17411933
3.07832619
3.17666835
3.10613524
3.13425365
3.11035147
3.09620727
3.08402617
3.06167758
3.09928888
3.06975075
3.23346782
3.11237528
3.12339775
3.15299532
3.21655507
3.22637327
3.58646106
3.32108151
3.44612828
4.03958921
4.36143415
4.09836486
4.49730443
3.42062822
3.76338326
4.12550614
4.39907376
3.85800012
4.35470811
4.74654640
5.17807793
6.61010318
6.11762123
5.93259740
4.79673567
3.23055176
3.09119342
3.22252677
3.12378413
3.31886006
3.40711314
3.27189067
3.31031812
3.60553683
3.85776716
4.91548023
4.11544883
4.35109183
5.41608135
7.28790815
7.66290364
8.39153832
7.73302759
7.23395967
8.80986588
6.39485770
5.88589539
5.65696042
5.22272813
4.18765968
5.44600871
5.81442827
7.46260778
6.37861389
7.69807884
6.57902752
5.42195102
4.36307100
4.29001908
3.53069998
3.43527323
4.03641112
3.86686106
3.68842817
3.87032350
3.70181329
4.52415133
3.76145321
3.31031370
3.48663049
3.19102353
3.39821557
3.75861491
3.59030843
3.28743931
3.23743451
4.54781031
5.83958429
8.96126850
11.32082474
13.70690412
11.80134067
12.55607859
10.11622305
11.02112945
9.48670973
13.96032916
12.32771932
13.57587333
11.14122889
8.26395060
8.07944605
9.02619302
14.10666799
12.27854889
12.70071753
8.58019098
10.30230209
10.11814315
10.77829988
12.33462432
11.28522735
11.52080601
12.54344773
8.51164589
10.29577120
7.84561122
9.93605435
8.89498530
9.36484160
12.48986197
13.33974694
13.80402673
15.57026510
13.59418049
13.42562674
12.19021658
11.47694560
11.66516454
14.56500574
12.81615761
9.19522257
10.60352689
10.64750812
10.84994797
8.78471538
9.72493222
9.44907244
9.99414181
9.34613213
10.22343385
8.58123812
12.77097442
13.29072052
10.80324495
11.12910915
9.52076344
9.17027230
14.76273038
13.13678748
20.34273706
18.90633540
22.02008333
15.24259040
18.36001252
17.15260563
15.07632031
17.47025286
14.39833956
16.76292829
17.18555366
17.59584710
18.82030640
18.91125805
19.26541265
21.91255145
20.66571865
19.86663403
18.85065050
17.58700452
17.56448857
21.88836411
15.40661472
14.33810084
10.32680397
9.20708057
15.55502239
17.20148710
11.96157691
14.89925172
17.47805485
17.38263313
17.68998430
17.42554557
17.41175960
16.16795763
18.75756213
18.77593397
15.53641471
19.63923724
19.88322915
21.27614531
20.02462287
18.30926175
16.59581963
18.35071770
16.20181592
17.08784387
17.90655506
19.69693879
13.74230026
16.49239048
10.81593542
14.08803761
11.43540222
14.16093217
14.77391976
19.87887667
21.22817137
24.37443618
24.05001731
21.69675170
17.62014038
16.01445888
12.53037569
12.84466952
9.43144561
9.47158222
9.87140782
9.28705293
12.12001396
9.05655281
9.51904499
8.36855432
9.90070741
9.37137051
9.23226614
7.88433474
12.12764389
10.52497541
11.89607281
14.94948949
19.35966205
20.45885665
20.90553968
22.84940098
21.33922242
20.04908490
15.56538891
14.95592114
14.12408135
10.57983845
6.67119852
10.20681983
14.30656751
11.16294575
11.17770386
14.40807797
15.85594828
14.14828321
11.70510173
7.35043458
10.79836967
14.57092343
14.03707178
15.42208128
19.14578413
18.16664681
20.27611452
20.78902179
22.71180830
23.28942074
24.65081243
21.59160336
19.02107076
15.17582490
16.00212387
14.41782830
18.47748903
15.52227434
18.32651274
17.81187875
16.71939575
16.64171139
17.53046096
18.02920339
19.54910324
21.89486487
22.47578514
20.84133893
13.64155515
14.17220665
10.11793467
13.26694043
9.98683945
11.28300693
10.76006387
14.94587006
10.92748056
10.50139082
12.75640459
15.50252382
16.00401948
15.33285100
15.89290566
18.85437169
14.65620720
16.74076070
18.38052754
18.75612761
14.49546539
14.46799149
13.55267243
12.41312491
13.21420085
11.11507431
11.06805145
9.07909768
7.35270511
6.18311424
8.49051672
8.73342771
7.01118110
6.30870780
6.04779186
7.48588319
4.46238764
4.27597297
5.05872008
4.89955023
6.00352394
7.98826292
5.63250473
7.84453198
6.57908291
6.19790126
7.97345274
10.23721310
8.42291643
6.57871503
8.11012523
7.63782632
7.40609611
6.28577683
7.38712249
6.13527219
5.11096542
5.54085480
6.96911306
8.64867914
10.30085639
12.57074814
9.85752625
10.49078449
10.48394678
7.67130215
8.16148246
11.61267610
11.10519010
14.61563707
15.06765547
10.73238218
10.30022032
14.50054356
14.27915653
11.66183928
14.10341836
14.67024314
10.95889931
18.01188160
19.07795304
16.41923686
21.91187171
22.54254293
19.07267335
22.55264358
20.38608154
20.84858004
22.49620923
21.79940545
21.79881432
20.94108127
19.36219445
19.07785042
17.72296393
10.51287365
7.12475914
7.86610011
7.58282263
8.23060552
9.14931536
9.55699981
9.48909535
6.63005330
7.91250071
5.70898560
6.55716083
5.76336476
6.20903421
6.59508110
8.28641787
7.21802859
7.45559934
8.79950893
7.55504662
10.42071866
8.39494084
6.72910129
8.13258329
8.90349188
9.47570466
9.86600940
10.90927533
13.95877807
15.67100921
12.33429235
11.86754580
6.53784105
7.84937407
9.10685714
5.91521705
5.33609920
8.29302434
7.97926155
5.58265993
6.38415600
8.11610141
10.20545491
11.36354393
14.88618627
16.36759381
14.53877126
12.75118957
7.52082295
7.31107870
5.89927427
5.47416797
6.13646515
6.97352776
6.28805732
10.01002199
8.84341775
6.92337639
8.58834386
7.34898943
7.89384344
8.09348341
14.48841043
14.28106817
16.19851931
10.35604810
12.86218474
10.59188267
10.49063978
11.64484852
13.13571216
12.55693863
10.41927072
12.14645667
12.57510888
9.79047178
12.00229130
14.81593589
14.40375113
14.99743686
11.56011683
12.46684053
12.06088690
8.38765484
7.90179882
10.70668386
9.67443232
11.92714293
14.47884893
12.21521347
18.41930119
17.31257970
16.47103976
17.94531028
16.59811964
14.12926535
9.58368502
11.76284452
12.42076086
14.17400317
10.74188315
11.42317959
15.34471629
10.14391128
13.22692776
12.71128505
14.80103460
13.05649691
14.35274040
13.35655850
10.33402364
9.40098937
11.83240646
10.40825389
13.64148504
9.37165168
9.61433862
8.79605247
11.02557003
8.22301934
7.09639000
7.79234951
7.25270767
10.03663939
12.22129464
12.00143020
9.38912668
12.09314666
10.79141251
13.04076320
15.46979457
19.49989569
20.97164049
18.64130561
12.94083655
14.44619750
13.91480606
9.35727162
9.80280018
14.63518965
13.03002869
11.39112578
10.65844926
10.34891740
8.24057817
12.94235537
9.82628717
7.43972371
8.86926919
10.45267174
10.61331944
11.87336698
16.35844081
13.47968792
16.38842154
10.00151448
11.58756545
16.72912362
17.85747823
14.59255870
14.29619869
16.36670113
17.23303614
17.64830359
18.04271282
15.81656736
13.70012713
12.69808104
15.59921539
18.11401118
18.26175025
14.58469039
17.34832455
14.43700391
15.16582518
10.23857091
12.73904648
10.66749342
16.92244833
13.84475555
16.64228227
14.45650101
12.84666309
12.08582557
7.80995690
8.58949519
12.80239452
17.73437920
17.71867656
20.33497754
20.93965774
20.77628830
19.43353751
20.35428174
15.84793087
14.17778802
12.44602910
10.50380456
9.25327753
10.55834987
11.00313181
13.03021705
13.73720955
14.04020626
11.55525454
11.76352047
11.27837722
10.26894660
10.50937697
8.32784453
12.13511289
9.18329751
14.30279943
11.41854026
10.78770015
11.61264320
10.07367926
11.52723925
7.60252157
11.47607381
11.95837616
12.67527070
12.61503611
13.56144086
16.74503522
14.03927768
10.40313399
7.65111063
7.87198850
5.80430742
8.33701760
10.06811506
12.79278713
10.61382624
9.41879211
10.45337914
7.16287036
7.03511449
7.23986469
10.20662675
10.37929958
11.96657679
11.08313505
12.33793043
16.45161277
16.22769707
18.86844500
17.40312526
20.26760526
19.05241489
18.48567188
15.11596520
13.54344321
14.15205865
13.06190033
6.73483566
5.12116268
4.34702584
4.34882921
4.15589796
3.99660425
4.58854357
5.43634526
8.79708491
12.74962621
8.98584001
9.58410519
11.09172329
10.16346886
7.93696790
9.05729415
11.07125556
7.97731900
11.06247589
8.98381730
8.96997999
10.23494037
10.46120988
8.37251392
9.56577324
9.96985900
9.80254298
8.78535142
8.63183455
7.98187899
8.87850672
12.02280992
12.39686822
13.41838080
13.64371587
13.72775965
13.22005859
11.60596978
9.33390106
10.22763953
6.72015313
6.59925348
7.46536816
8.38999378
10.22557500
12.98240511
11.26774480
10.16164529
8.93593341
8.63777287
7.15008719
7.75989833
10.11425636
6.93043711
7.86116399
9.33564599
8.76107087
11.33919695
10.07582721
8.26703358
7.80681324
13.80946369
13.74795318
14.10313661
11.24015068
12.30144569
9.23604940
7.23390008
5.80838448
6.63856305
9.19755440
7.83387015
8.74808810
14.26344248
10.77880726
12.39805336
14.96332155
14.06649320
14.84830410
18.94918632
18.95765552
19.50846711
11.91804557
12.12432080
15.51781718
11.74742397
15.74987844
15.06948519
17.43516314
13.42746989
15.86507141
11.86582893
17.35406844
14.38757805
18.70549640
17.72935303
16.09679158
12.40415374
14.26260588
10.57540036
12.13557934
10.94882941
9.31646575
17.16690928
15.78843118
18.80275421
13.29686520
13.82418944
12.85938127
11.61747122
10.05592893
10.64915226
16.08034061
18.64380047
17.51389517
21.57617723
17.17570411
16.43840476
17.58633128
16.71458355
16.36678071
13.43505569
11.63573109
10.75351838
9.55930202
10.70615434
10.31269724
9.22384421
9.09935796
7.48908395
8.28602650
5.44228655
7.25611539
7.71011216
6.06522484
8.48161034
8.69973027
7.10322006
11.19828375
10.61195243
9.40640325
10.36611562
11.49593691
8.81758236
13.60453311
12.20256313
14.80308127
17.31738855
16.03616152
20.96322780
16.11213681
14.58865176
14.91543560
12.78893135
16.22372729
15.77533540
17.25918282
14.46377398
10.05392504
6.87887511
5.30208849
4.84054668
4.81528080
5.75526730
6.34246555
5.02177328
5.03811029
5.47885173
4.54377269
4.85326271
5.18740610
4.74453212
6.07601494
5.57041144
4.52850063
4.51369456
4.08902030
3.93031800
5.09982435
4.43457946
4.96298055
5.15376346
4.72862708
5.14999730
5.76818358
5.95618484
3.95689355
6.26581706
7.00431629
7.79807125
8.13656668
10.13737376
11.68679170
10.03433780
15.17653369
10.20685408
15.52131828
9.08156040
8.68290638
11.51381987
10.77460547
10.65935497
13.39633216
14.81427568
16.42586986
16.10632947
16.67320323
17.95876230
16.89096225
17.19675594
13.63372292
12.37074487
7.25009327
7.00918041
5.59302422
6.70400334
5.37146391
5.38115044
6.73443920
5.06225015
5.95546988
5.30119828
4.90187552
4.15998846
4.33177654
4.03906857
4.45954884
4.20136083
4.13853582
4.86579479
5.92528586
5.70080643
6.54440444
5.61186071
5.45648769
4.92052339
5.75750511
5.80732423
6.97210143
4.84895853
4.77272249
5.11479886
4.71737598
4.98645096
5.02110349
4.51529203
4.79373574
7.07978899
6.49230806
7.90998354
9.28812080
7.87019731
9.73242512
8.68013933
10.82171414
12.37489178
17.94447700
18.40764181
19.53907760
19.50390449
15.31318359
15.53143657
13.65497751
13.86207865
8.44246110
8.93169685
11.20698924
9.65061878
11.95877446
9.22612595
13.00044045
14.13600017
18.11112023
18.40551870
21.44111669
21.19560098
18.35778869
20.65607072
19.72815555
15.94005919
18.43725688
18.25564267
17.52973105
16.74284053
18.48468053
17.95268831
15.06665072
15.12169465
11.07726957
9.47778108
10.18893251
10.80855902
9.21797797
6.85054435
7.39533343
6.14014931
5.30702000
5.12630589
6.24351856
5.22154972
4.46759874
4.64087634
5.27863628
4.24717789
4.90576998
5.86765193
6.07319966
6.55308476
6.50950506
9.60717921
9.27696027
9.36903239
10.15758591
10.98310822
10.97627046
10.95236510
12.86168145
11.49222614
12.06559417
11.61074464
9.75048138
8.69987931
7.10502094
5.89271305
5.41421760
4.43683244
4.65130903
5.09896938
5.98634812
6.00155659
6.47508929
7.18225747
6.73895003
5.33782044
4.81552027
4.72904038
4.28900284
4.48229843
4.81777086
6.27598146
6.39962981
7.13768187
6.53793383
6.44732065
5.96320351
5.40204232
5.39152218
4.80646696
4.40133101
4.15523275
4.00706797
3.86568138
5.09834328
4.64932683
5.51844349
4.31198071
4.51213924
5.07532949
5.36722609
4.61123709
4.49965066
4.93618773
6.51191703
9.14026998
10.52190547
11.18657354
14.41181831
13.03024844
16.24919612
11.22590100
12.82344771
14.29721594
16.74295930
13.92187763
19.58751828
20.49231593
16.01348092
16.97328595
14.54501928
16.30666032
18.59349907
15.11040035
14.95996009
11.05779924
9.32012795
8.68921927
8.67883722
7.70653848
7.69748230
5.40729947
5.89481335
6.02605730
6.89598661
7.10087297
7.85108098
7.75666961
8.47436223
7.73168940
7.75687529
6.22152536
5.10824683
4.93233444
4.10794716
3.57069068
3.23594390
3.37267629
3.38245949
3.43627779
3.30696196
3.30225592
3.42957491
3.63170186
3.88099967
3.88022597
3.93982674
4.46755504
4.01416011
4.37841691
4.19767207
3.70993100
3.56638554
3.66312933
3.89853368
4.04247212
4.15869547
4.51846336
4.86174565
4.04649134
4.12726868
3.82396852
3.80634537
4.89314293
4.24425516
4.72163773
4.26172483
4.28412302
4.13160060
3.97147177
4.38419751
5.01449832
3.79588659
3.50518689
3.65494622
3.41878992
3.93316277
3.38717211
3.63090641
3.45011344
3.30281634
3.14907059
3.05779022
3.05576059
3.02622177
3.05912525
3.04352894
3.04509141
3.03918476
3.03188572
3.03492636
3.07978035
3.11206502
3.08277986
3.09494002
3.05259832
3.07417346
3.04465956
3.06283850
3.02982882
3.03455608
3.02254319
3.01341718
3.00462454
3.00934712
3.00781103
3.00459942
3.00677090
3.00702910
3.00275386
3.00268153
3.00442155
3.00562102
3.00398717
3.00519924
3.01066868
3.01287561
3.00671266
3.01025944
3.02327001
3.00637706
3.00510092
3.00379157
3.00255603
3.00261133
3.00187271
3.00315513
3.00426635
3.00263572
3.00159604
3.00190305
3.00085306
3.00046292
3.00075220
3.00058438
3.00068509
3.00067932
3.00078574
3.00066215
3.00097512
3.00059629
3.00076628
3.00086241
3.00072320
3.00150485
3.00135609
3.00118191
3.00217345
3.00269686
3.00140944
3.00157884
3.00284908
3.00284914
3.00581054
3.00742661
3.01289200
3.00906155
3.00667364
3.01128034
3.01450167
3.00635779
3.02259344
3.02160351
3.02909671
3.02843992
3.02858751
3.02220821
3.02101723
3.02116399
3.01201350
3.01890054
3.01565750
3.01322588
3.00923049
3.00653677
3.00435504
3.00312756
3.00292648
3.00213772
3.00227184
3.00672475
3.01059504
3.01547113
3.01316935
3.00824328
3.00349874
3.00279466
3.00170850
3.00114516
3.00106312
3.00078071
3.00202167
3.00253315
3.00160665
3.00070400
3.00037092
3.00025593
3.00022265
3.00032131
3.00032581
3.00045209
3.00031409
3.00029486
3.00042929
3.00020779
3.00026268
3.00026252
3.00048460
3.00109717
3.00108228
3.00072097
3.00029513
3.00034150
3.00035309
3.00050958
3.00082366
3.00119270
3.00144335
3.00126212
3.00124604
3.00078497
3.00089577
3.00112770
3.00098269
3.00091657
3.00095343
3.00144457
3.00213830
3.00250057
3.00200368
3.00137828
3.00141421
3.00067166
3.00094418
3.00041295
3.00043805
3.00083739
3.00056961
3.00044736
3.00046810
3.00030709
3.00035326
3.00019720
3.00023620
3.00016351
3.00013048
3.00012032
3.00009387
3.00007967
3.00004001
3.00004464
3.00005285
3.00005552
3.00008282
3.00018029
3.00040132
3.00053336
3.00103448
3.00110714
3.00288498
3.00350874
3.00169214
3.00149952
3.00116950
3.00078616
3.00117421
3.00079344
3.00041281
3.00027154
3.00018170
3.00010368
3.00002990
3.00001624
3.00002744
3.00000952
3.00000503
3.00000581
3.00000695
3.00000701
3.00003108
3.00001497
3.00000880
3.00000527
3.00000259
3.00000298
3.00000837
3.00001055
3.00000435
3.00000635
3.00000225
3.00000371
3.00000297
3.00000273
3.00002401
3.00000581
3.00001136
3.00000803
3.00000760
3.00000979
3.00002154
3.00003575
3.00004372
3.00003443
3.00002027
3.00001276
3.00000453
3.00000445
3.00000729
3.00000952
3.00001393
3.00002063
3.00002540
3.00003216
3.00006787
3.00017586
3.00031771
3.00034493
3.00037861
3.00031921
3.00021564
3.00020488
3.00014908
3.00008375
3.00012727
3.00024267
3.00044502
3.00060829
3.00061886
3.00061566
3.00050011
3.00053414
3.00076165
3.00080010
3.00038438
3.00014108
3.00007177
3.00016501
3.00011810
3.00009039
3.00005314
3.00003833
3.00003630
3.00001832
3.00001888
3.00001768
3.00003994
3.00002796
3.00012840
3.00009097
3.00007463
3.00007550
3.00012635
3.00017330
3.00022280
3.00012122
3.00015739
3.00011910
3.00007222
3.00003774
3.00001608
3.00000767
3.00001382
3.00000852
3.00000826
3.00000965
3.00001403
3.00004528
3.00005278
3.00006160
3.00008884
3.00011328
3.00011380
3.00033885
3.00050988
3.00061050
3.00037751
3.00015267
3.00013372
3.00017325
3.00028639
3.00042550
3.00034310
3.00020461
3.00013796
3.00011061
3.00012380
3.00012526
3.00013295
3.00007612
3.00006930
3.00009692
3.00008515
3.00006713
3.00004651
3.00002872
3.00002676
3.00002855
3.00002875
3.00004218
3.00004823
3.00008411
3.00024254
3.00027161
3.00035058
3.00091637
3.00138401
3.00222434
3.00147518
3.00094343
3.00070940
3.00052736
3.00032693
3.00028935
3.00021481
3.00009791
3.00007421
3.00006383
3.00012409
3.00015745
3.00023044
3.00018948
3.00010968
3.00005098
3.00009875
3.00017940
3.00016841
3.00017952
3.00007771
3.00003634
3.00002296
3.00001249
3.00000532
3.00000307
3.00000199
3.00000310
3.00000277
3.00000487
3.00000719
3.00001077
3.00000408
3.00001071
3.00002416
3.00002292
3.00003453
3.00002064
3.00001003
3.00001268
3.00000830
3.00000807
3.00001033
3.00001057
3.00001243
3.00001332
3.00001454
3.00002785
3.00004583
3.00009586
3.00026733
3.00044002
3.00050985
3.00052076
3.00066778
3.00061411
3.00082873
3.00067639
3.00061408
3.00094281
3.00103296
3.00110642
3.00119742
3.00135792
3.00178566
3.00151696
3.00138134
3.00093748
3.00096072
3.00071834
3.00071866
3.00070309
3.00041580
3.00036391
3.00039211
3.00048110
3.00033130
3.00035462
3.00031461
3.00015914
3.00012289
3.00010281
3.00007207
3.00008837
3.00006723
3.00004713
3.00019541
3.00024316
3.00033349
3.00060116
3.00095631
3.00130530
3.00283878
3.00515878
3.00426839
3.01504871
3.01152774
3.02404954
3.04018162
3.04808167
3.09372601
3.04892834
3.04236155
3.05143745
3.09528395
3.05202433
3.01934181
3.00870108
3.00293228
3.00185579
3.00112533
3.00290454
3.00619429
3.01780295
3.01585622
3.01560023
3.01520627
3.01053919
3.00987730
3.00161571
3.00076013
3.00108139
3.00118820
3.00042554
3.00016180
3.00005871
3.00007321
3.00007279
3.00024647
3.00026567
3.00013001
3.00014757
3.00027833
3.00041622
3.00038444
3.00057046
3.00040573
3.00059230
3.00061593
3.00088567
3.00143495
3.00158134
3.00193240
3.00270170
3.00117659
3.00313704
3.01316050
3.00913543
3.00516799
3.00534178
3.00898399
3.01005680
3.01139464
3.01246622
3.06326553
3.05754879
3.02652081
3.00977117
3.01407153
3.02235565
3.01517459
3.05225320
3.08658258
3.13107674
3.05381912
3.12901886
3.05403728
3.11799611
3.06331008
3.18810586
3.13529489
3.17410931
3.34080309
3.11294288
3.38354080
3.34486632
4.47464241
4.45481206
3.69584122
3.78767113
3.54672786
4.26290470
3.60673056
4.02723499
3.44764030
3.15554686
3.02890470
3.03226720
3.01392605
3.15197574
3.07179850
3.05927812
3.08973682
3.17221642
3.38914453
3.29426885
3.35472391
3.75669253
4.32432878
3.89953954
4.06711791
3.32182440
3.56900713
3.21327500
3.26483351
3.33459494
3.64618020
3.42024253
3.26173873
3.16376145
3.54807866
3.54229338
3.89796184
3.60529652
3.52396541
4.00246358
3.94010163
3.88069310
4.49375110
4.12402377
4.02866650
3.69100274
4.18225039
4.18567239
5.72184379
5.37206126
5.08631638
6.33095786
5.21403610
5.36563330
5.50355527
4.65506813
4.43136329
4.37410469
4.61973951
4.84064900
4.51645509
4.25214813
4.25376735
4.94789706
4.31472853
4.68865483
5.07178612
5.29785430
5.37790820
6.22311125
5.61602708
7.28732715
7.13025569
8.50930025
8.39273664
8.18972478
5.69503541
6.45150106
5.73453282
5.58050878
6.42048138
7.26888386
5.22856511
6.86037334
5.41797394
6.51294019
8.79144678
8.33365075
8.36978869
6.57897677
5.20900693
6.01485603
7.09876581
6.82982180
5.86949745
6.65258624
6.54606465
6.49463007
5.51948519
4.77428114
5.49468093
5.07550317
6.12627618
8.44842858
9.59794213
8.27527213
7.84739483
7.12827026
7.38086678
12.76640637
10.56110935
10.67448414
10.19413699
12.53115570
10.03373416
12.44854489
9.81913288
15.19687223
11.90506978
10.64734463
11.66363373
11.55601203
12.95941421
11.68890683
12.73336828
16.91961661
17.96740356
19.61853349
22.34628527
22.02714796
18.93045683
20.22106315
16.75269211
11.88453013
12.67376204
9.23071030
6.82886795
6.07099701
4.59094980
5.49999227
7.90650461
8.62654496
10.80433519
10.95018520
10.26194859
9.10945819
10.47148593
10.79957981
9.85724721
9.76540508
8.91694365
7.63413495
6.94528231
7.15639023
6.94010000
10.49990689
7.05647338
7.81598420
6.26176484
5.48489260
6.16760565
5.60316244
5.52213622
4.18202611
5.09016039
6.70462237
5.08737723
6.29454285
5.46279828
4.99144806
5.61915802
7.09566147
7.26374393
6.58485219
5.72512039
7.96317913
10.08766596
9.27179036
9.22997833
9.19297904
9.61321574
6.36381029
7.71271816
7.86981435
8.06828680
5.38576398
7.91408765
6.38693136
10.05056829
10.35558549
9.34554385
8.78024005
10.87079778
13.98087122
8.86859480
8.46339290
8.82947482
6.99736796
7.42939906
7.22259845
4.79191728
5.57650216
5.47186458
5.06011119
6.81522148
9.00678958
5.84628040
6.21988525
6.16056695
4.71313378
5.77410614
7.89652300
9.59869979
9.55675451
8.59926123
6.14485201
7.46104838
8.41011136
9.38343296
8.93097906
7.79342687
7.37488689
4.43634407
5.52171085
5.14646061
8.66953826
9.33304644
6.92220629
7.31579352
5.89219910
7.75294495
8.25891086
7.49342082
8.13528929
9.75078581
8.67497588
12.34680712
10.98371578
14.96120038
13.39744727
18.22431597
18.70674552
18.88473600
20.80074157
20.06735297
22.52079649
20.56636612
20.19644105
18.43892420
15.39207091
13.88438822
15.08617045
13.10412263
10.57877131
8.47341404
7.67978125
12.03021343
14.53416195
13.86560597
14.16121309
13.27067748
13.56130916
10.39832535
16.01649016
12.03325521
8.83465688
6.44211682
7.92829264
7.81008743
7.73403413
4.51568413
5.84856831
7.40464156
5.47395214
5.19169715
4.63934692
5.79873925
5.63170710
6.30334700
7.03776983
6.17986166
9.51428730
7.55841925
10.07492864
6.78366034
6.01682355
5.47682930
5.37988123
5.44247719
5.13048569
4.76988591
4.78925949
4.62540016
5.31304198
7.84193609
9.33878908
9.15893781
12.00182589
9.93192002
10.59744782
8.75363795
8.31136975
6.67642358
8.47351579
8.70982839
8.55720013
8.73850049
7.81466404
13.12367511
14.31176496
9.29177939
7.04384900
6.54707078
5.85757017
6.58342120
6.32678032
9.00740372
10.69909633
9.44668823
6.37819220
9.24091227
11.41253780
12.76006192
11.48835841
11.76314902
10.89954935
7.61026954
5.52153294
4.96018546
4.16210393
4.36114352
4.05709307
4.14166377
4.81890811
6.62182299
8.50934292
8.14162609
7.32021812
6.48444396
5.77003375
5.70880319
5.58545817
5.56308632
5.36939635
5.20228159
5.89082727
6.11032541
6.62340708
5.75952139
5.83310158
5.90410559
6.66439006
6.32021669
6.87080965
5.87919045
5.93174891
5.30116267
4.06996513
4.84260267
4.73856468
4.62708051
4.27956537
3.93025874
4.38590312
5.25010953
4.65675374
6.80632888
8.40026102
6.55248460
8.49902083
6.53922937
6.84200489
6.77455482
8.14731395
6.74935866
6.99605808
9.75651963
9.74195653
11.78220629
8.76636947
7.06973307
6.20659901
4.76114310
4.85731818
6.14676726
7.54663493
9.32470261
6.11872614
7.86371973
6.87772164
7.10170935
7.01256882
8.01503625
7.41031959
7.98705621
10.49058948
11.41408990
11.84116420
10.55953782
11.29651025
10.75961939
12.41254875
7.06461906
6.94368616
7.40160435
7.15357848
5.38021301
5.14125458
5.99737618
5.37163949
5.66387655
6.33708161
6.91141143
7.79963037
7.43450484
7.40079535
8.10646805
7.49229480
8.09695633
9.37450622
9.47310507
10.46106865
8.22898450
6.42146607
6.12781102
6.69100745
5.64641808
6.76478063
5.36918666
6.19217714
5.12668124
4.90841396
6.12388303
7.53288235
7.20305349
8.78026787
9.14616215
9.54652635
9.17257454
9.77227723
10.63925081
11.36101479
8.78455877
7.22003024
6.96612371
6.05165695
6.97854341
7.32475468
8.30951816
9.97025538
7.37505902
9.22952340
11.55825725
13.66947149
14.78225843
17.49604280
18.62548188
16.93745704
14.34401450
11.58571510
11.65785001
10.37190909
9.95807377
10.27438796
10.93813946
10.26083016
9.58454434
8.60108591
6.74817152
6.76068432
6.80868073
6.25239065
5.36519152
5.41331215
5.01050323
5.83360328
5.36683734
5.74762544
9.42140947
11.57220088
11.69192741
10.70417800
8.12926391
10.06257962
11.02524968
13.88868039
12.35077560
10.41818310
10.72020842
10.20278368
9.68206934
9.25542437
10.12968063
9.30172948
11.45522603
9.04107406
7.87388052
7.44366067
5.99815906
6.56314757
6.15491284
5.51291257
5.39618457
6.18424626
5.91874022
6.78337385
7.32347908
6.48504015
6.75044439
7.00218130
7.23027187
7.01013376
8.42391574
7.88740530
6.98252956
6.60082993
6.23788548
8.82518243
8.03091625
8.69086578
9.86925982
10.47569685
7.41877415
6.87451571
6.88454712
6.85017003
5.61709552
5.39051880
5.77684486
3.88390466
3.72229527
5.51019486
7.29245963
8.53845967
8.81994249
9.63390561
8.22920684
7.69044183
7.14226130
7.75990215
6.63103847
5.65236921
7.00191565
6.10418554
6.11094717
6.54319946
7.27575325
6.72477183
6.53747413
6.97509039
6.85670463
7.61245702
7.75143386
9.24526122
8.37419181
6.94125098
6.54721669
9.35927755
7.83040284
7.21133525
5.66769986
4.68313736
4.93342233
3.60821390
5.29106718
4.71006344
4.99423186
4.44064461
4.81309838
4.59093742
6.56029500
7.40743847
6.84789793
6.41403153
5.46289217
6.15864378
4.97713577
4.13414413
4.28130039
3.82926132
3.58490681
3.22714667
3.27127945
3.12185706
3.07156070
3.19542163
3.46012012
4.07892793
3.97199174
4.90787010
5.00254705
4.28769565
3.76401972
3.76288421
3.44737633
4.07854539
3.51306497
3.48378845
3.14893114
3.23124589
3.42003281
3.33215838
3.10861443
3.02205649
3.00369579
3.00229566
3.00150855
3.00132151
3.00082907
3.00078123
3.00094102
3.00070834
3.00049226
3.00064192
3.00039031
3.00027830
3.00025481
3.00015069
3.00022226
3.00026594
3.00059230
3.00086055
3.00092088
3.00066739
3.00092202
3.00079648
3.00099845
3.00086906
3.00051478
3.00045048
3.00038858
3.00069479
3.00102393
3.00086029
3.00053711
3.00047924
3.00042153
3.00044875
3.00041415
3.00025936
3.00053794
3.00028844
3.00054443
3.00054490
3.00067475
3.00096054
3.00088291
3.00119011
3.00105921
3.00254636
3.00159930
3.00104953
3.00096814
3.00056744
3.00038425
3.00029229
3.00036531
3.00050839
3.00042311
3.00024901
3.00024386
3.00014395
3.00012082
3.00018194
3.00013335
3.00008538
3.00006351
3.00005491
3.00005235
3.00006572
3.00004622
3.00007026
3.00007718
3.00005797
3.00006380
3.00005693
3.00009841
3.00011947
3.00008406
3.00014662
3.00010417
3.00008214
3.00010103
3.00007799
3.00006786
3.00007230
3.00008977
3.00015488
3.00019195
3.00024106
3.00038702
3.00044921
3.00047420
3.00043809
3.00039542
3.00034575
3.00031145
3.00033473
3.00012407
3.00016727
3.00016026
3.00018353
3.00048790
3.00053850
3.00024812
3.00012993
3.00013024
3.00014578
3.00010690
3.00008944
3.00007956
3.00009475
3.00015688
3.00020600
3.00027057
3.00022328
3.00022281
3.00024517
3.00022315
3.00019493
3.00014685
3.00015174
3.00008724
3.00007803
3.00006696
3.00008589
3.00011613
3.00014481
3.00013336
3.00013357
3.00011248
3.00011914
3.00016135
3.00022775
3.00025987
3.00029212
3.00033662
3.00048482
3.00087803
3.00071629
3.00042909
3.00034061
3.00036678
3.00030963
3.00029408
3.00018776
3.00016870
3.00017803
3.00012083
3.00009397
3.00007433
3.00005999
3.00004010
3.00004421
3.00004948
3.00004731
3.00005229
3.00003550
3.00003182
3.00002830
3.00002870
3.00003715
3.00013177
3.00038623
3.00064492
3.00065671
3.00046126
3.00033498
3.00015877
3.00007095
3.00001887
3.00001032
3.00001042
3.00001204
3.00000937
3.00000919
3.00001445
3.00001932
3.00004619
3.00006509
3.00006708
3.00006193
3.00003556
3.00004729
3.00004700
3.00005839
3.00004391
3.00004773
3.00002958
3.00003073
3.00002990
3.00002825
3.00003707
3.00004006
3.00005503
3.00006803
3.00005907
3.00006237
3.00004038
3.00002472
3.00001447
3.00001367
3.00002383
3.00003821
3.00005768
3.00003363
3.00003786
3.00004205
3.00003853
3.00004647
3.00004006
3.00001975
3.00001518
3.00001128
3.00001087
3.00001770
3.00002111
3.00003202
3.00003803
3.00003947
3.00006626
3.00012240
3.00074294
3.00216416
3.00349511
3.00466943
3.00591892
3.00675331
3.00773556
3.00381638
3.00220004
3.00143601
3.00069241
3.00019619
3.00002577
3.00001323
3.00002979
3.00006634
3.00006464
3.00004155
3.00003558
3.00001298
3.00001138
3.00000359
3.00000354
3.00000324
3.00000469
3.00000574
3.00000864
3.00000623
3.00001001
3.00001205
3.00001020
3.00000821
3.00001074
3.00000878
3.00001160
3.00001320
3.00002153
3.00000776
3.00000588
3.00000573
3.00000766
3.00000716
3.00000549
3.00000508
3.00000689
3.00000350
3.00000274
3.00000226
3.00000292
3.00000347
3.00000374
3.00000476
3.00000950
3.00001312
3.00001300
3.00001375
3.00001684
3.00001368
3.00002822
3.00002134
3.00001651
3.00000915
3.00001787
3.00001632
3.00001621
3.00001423
3.00001377
3.00001766
3.00001507
3.00001710
3.00001536
3.00001303
3.00002248
3.00006662
3.00002738
3.00005394
3.00003943
3.00012435
3.00012273
3.00012075
3.00009601
3.00008688
3.00011557
3.00006151
3.00006553
3.00004697
3.00004777
3.00006088
3.00005138
3.00004506
3.00002839
3.00002558
3.00002816
