1.000000000
1.000000000
1.000000000
1.000000000
1.000000000
1.000000000
1.000000000
1.000000000
1.000000000
1.000000000
1.000000000
1.000000000
1.000000000
1.000000000
1.000000000
1.000000000
1.000000000
1.000000000
1.000000000
1.000000000
1.000000000
1.000000000
1.000000000
1.000000000
1.000000000
1.000000000
1.000000000
1.000000000
1.000000000
1.000000000
1.000000000
1.000000000
1.000000000
1.000000000
1.000000000
1.000000000
1.000000000
1.000000000
1.000000000
1.000000000
1.000000000
1.000000000
1.000000000
1.000000000
1.000000000
1.000000000
1.000000000
1.000000000
1.000000000
1.000000000
1.000000000
1.000000000
1.000000000
1.000000000
1.000000000
1.000000000
1.000000000
1.000000000
1.000000000
1.000000000
1.000000000
1.000000000
1.000000000
0.082791753
0.082793228
0.082790442
0.082788967
0.082790814
0.082788929
0.082787290
0.082787901
0.082785353
0.082785808
0.082783513
0.082781546
0.082781985
0.082780123
0.082778357
0.082778335
0.082776375
0.082775906
0.082774401
0.082773171
0.082773305
0.082771719
0.082770191
0.082769983
0.082769118
0.082768187
0.082768038
0.082766965
0.082766764
0.082765877
0.082764924
0.082764708
0.082764186
0.082763880
0.082763389
0.082763001
0.082762748
0.082762361
0.082761846
0.082761794
0.082761548
0.082761258
0.082760945
0.082760565
0.082760498
0.082760476
0.082760334
0.082760066
0.082759812
0.082759604
0.082759522
0.082759336
0.082759187
0.082759060
0.082758978
0.082758956
0.082758881
0.082758851
0.082758911
0.082758956
0.082759112
0.082759090
0.082758799
0.082758933
0.082759276
0.082759760
0.082760215
0.082760274
0.082760587
0.082760490
0.082760565
0.082761034
0.082760938
0.082760960
0.082761720
0.082761750
0.082761906
0.082762577
0.082762688
0.082763396
0.082763247
0.082763433
0.082764462
0.082764566
0.082764849
0.082765967
0.082765862
0.082766779
0.082766593
0.082766630
0.082767650
0.082767785
0.082768142
0.082769029
0.082768738
0.082768708
0.082769349
0.082768761
0.082769424
0.082768962
0.082768872
0.082769521
0.082768865
0.082768433
0.082768910
0.082768388
0.082768835
0.082768112
0.082767732
0.082768127
0.082767524
0.082767121
0.082767464
0.082766958
0.082767166
0.082766615
0.082766220
0.082766540
0.082765952
0.082765415
0.082765453
0.082764924
0.082764462
0.082764447
0.082763925
0.082763851
0.082763605
0.082763165
0.082762986
0.082762823
0.082762308
0.082762197
0.082761981
0.082761645
0.082761683
0.082761206
0.082760960
0.082760982
0.082760707
0.082760550
0.082760543
0.082760423
0.082760490
0.082760520
0.082760431
0.082760707
0.082760863
0.082760811
0.082760997
0.082760915
0.082760833
0.082760997
0.082760826
0.082760915
0.082760915
0.082761042
0.082761638
0.082761541
0.082761906
0.082762033
0.082762584
0.082762755
0.082762785
0.082763433
0.082763560
0.082763851
0.082765028
0.082765125
0.082766041
0.082765885
0.082765751
0.082766674
0.082766511
0.082766555
0.082767881
0.082768239
0.082769960
0.082769938
0.082769655
0.082770862
0.082770690
0.082770921
0.082773119
0.082773358
0.082773559
0.082775839
0.082775459
0.082777165
0.082776599
0.082776390
0.082778223
0.082778193
0.082785770
0.082795441
0.082794070
0.082784198
0.082790211
0.082792841
0.082788862
0.082796797
0.082917750
0.082852796
0.082822517
0.082807340
0.082822099
0.082807414
0.082827233
0.082841553
0.082853131
0.082894169
0.082830906
0.082816072
0.082830563
0.082819797
0.082834579
0.082937635
0.082889274
0.082852595
0.082831368
0.082845628
0.082851641
0.082826205
0.082816593
0.082847960
0.082843192
0.083743945
0.083692968
0.083443686
0.083213396
0.083946548
0.083841436
0.084590860
0.084217876
0.084480889
0.084852457
0.084760785
0.083725765
0.083260186
0.083174698
0.083105117
0.083141498
0.083086699
0.084009469
0.083251528
0.083141766
0.083106741
0.083477244
0.083269067
0.083008707
0.082961991
0.083007269
0.083014235
0.086254358
0.122148164
0.170915693
0.177476525
0.177532971
0.195835024
0.189237148
0.189287797
0.164510012
0.200971231
0.182700723
0.139416590
0.122896180
0.115519077
0.122528404
0.167848706
0.188631281
0.183866382
0.149026826
0.145830706
0.138173640
0.117614493
0.096524745
0.090614915
0.120834462
0.129262850
0.255321264
0.363096863
0.399870872
0.369008809
0.338379323
0.309613705
0.306206316
0.318644881
0.288091242
0.314062208
0.338595957
0.349022359
0.330023021
0.314520478
0.305861413
0.251595646
0.192882404
0.302484542
0.331631899
0.332267106
0.356820077
0.402653813
0.481034130
0.506544590
0.513696551
0.496151447
0.475264430
0.437524855
0.442172855
0.476710171
0.535207033
0.515771270
0.499609113
0.466464788
0.428524733
0.365807265
0.304501116
0.366886169
0.417760521
0.405682534
0.467592269
0.527339637
0.529082060
0.524543822
0.480341226
0.480374664
0.550446510
0.539153337
0.528362751
0.535791039
0.517426252
0.528838634
0.568568289
0.545777321
0.542319179
0.488360316
0.511761904
0.566135585
0.584210634
0.595604599
0.588400543
0.592192590
0.593866110
0.567401946
0.606578171
0.621463001
0.586688340
0.597311258
0.652054965
0.667237878
0.685528159
0.698205590
0.704076707
0.698445797
0.609995008
0.659627378
0.636213481
0.612282813
0.579051614
0.599839270
0.551612258
0.552037060
0.492226869
0.487851411
0.484500676
0.512909591
0.425487250
0.435367376
0.415119678
0.519765437
0.556715250
0.560074687
0.536253810
0.538099289
0.481816411
0.496682972
0.537075460
0.559955955
0.553645194
0.556443095
0.542394221
0.523226440
0.569252431
0.605170071
0.560688078
0.572302282
0.626149476
0.548428059
0.540392935
0.592943490
0.660612702
0.585092068
0.650630713
0.668942690
0.652741134
0.629340410
0.626715422
0.571140110
0.570902884
0.654473543
0.669088781
0.642601371
0.691552877
0.645618975
0.623316348
0.587418914
0.563916504
0.538273096
0.568416536
0.614017367
0.602397740
0.574600995
0.616624713
0.636410356
0.722083330
0.767541766
0.736009836
0.708708704
0.713847041
0.677291632
0.723488927
0.737792134
0.729797304
0.750716627
0.769022644
0.775578141
0.722474217
0.741149306
0.730248988
0.718559206
0.680259287
0.685584545
0.738948464
0.697275519
0.646655738
0.613480270
0.671576977
0.681448400
0.696685612
0.757511973
0.753919005
0.759974539
0.675795436
0.719295681
0.732761621
0.765927076
0.712232172
0.712426662
0.697093427
0.653005898
0.672102630
0.655265272
0.659559667
0.592197239
0.633881807
0.662912250
0.670867860
0.676579237
0.646085918
0.657877207
0.657848120
0.730454385
0.738757551
0.719424188
0.730058074
0.739941537
0.730416834
0.755032301
0.715194285
0.719596863
0.656868458
0.664852440
0.658907592
0.646206558
0.611417770
0.554959714
0.584703982
0.568566382
0.664767325
0.602029681
0.601894915
0.625440180
0.638558686
0.593860447
0.573543906
0.582458496
0.574213445
0.574018300
0.500844538
0.542636275
0.554028809
0.607074201
0.559377909
0.569890976
0.611749649
0.628737092
0.600632071
0.603615642
0.582279325
0.580564499
0.638943255
0.625834525
0.597882390
0.572706699
0.605564237
0.634389579
0.593657792
0.585968196
0.596651137
0.580389380
0.610363483
0.582486749
0.636823297
0.610493958
0.585471570
0.575217009
0.607831240
0.567399800
0.545909286
0.583513439
0.640263021
0.601673543
0.600998402
0.613171518
0.666167200
0.710240424
0.700461745
0.742587566
0.688520432
0.656717658
0.681070864
0.737090707
0.700250566
0.699248850
0.727552414
0.782799721
0.783037424
0.743139386
0.738260269
0.740561068
0.737866402
0.756917715
0.751900434
0.690916598
0.708215952
0.753379047
0.737225533
0.713545501
0.734501064
0.759106874
0.749798238
0.748968661
0.711051464
0.765782475
0.798540115
0.821512103
0.789399981
0.775953829
0.762325943
0.754988909
0.737643719
0.759435117
0.741218328
0.756291389
0.743258178
0.708412468
0.664584756
0.680918813
0.644964278
0.634712338
0.637491405
0.588626802
0.618153811
0.616838455
0.577186882
0.605170965
0.555679262
0.580726504
0.652298272
0.639405191
0.665509284
0.659754395
0.692027509
0.665209293
0.593581200
0.627664447
0.638635635
0.615814984
0.591051340
0.536046803
0.578097343
0.646826446
0.648463011
0.613130271
0.639523506
0.635742545
0.658529997
0.670917988
0.672631621
0.656077683
0.714175820
0.701470017
0.706361055
0.676060319
0.680535257
0.660690844
0.689649343
0.692759931
0.662907302
0.647156298
0.620742023
0.589117408
0.516381800
0.523453593
0.510517716
0.490768164
0.463986874
0.439555585
0.500496566
0.535195887
0.550726175
0.577484608
0.533024967
0.571646869
0.610348046
0.599576175
0.609103560
0.621496797
0.540892959
0.569840729
0.558275998
0.516995132
0.543490827
0.597634494
0.561082244
0.530711532
0.548843741
0.501473486
0.483029217
0.475838274
0.468260735
0.451920807
0.499591798
0.501133859
0.506419778
0.535150468
0.537913263
0.618510842
0.627946973
0.565847576
0.565846503
0.577259719
0.577141702
0.591772079
0.569910228
0.544889748
0.557880819
0.479840338
0.432671040
0.364857793
0.334108502
0.328387320
0.398665994
0.390561342
0.359926224
0.326250404
0.354234755
0.399020910
0.367629886
0.355677485
0.352075607
0.320388287
0.312041581
0.355207592
0.330478579
0.316598088
0.290320516
0.363133520
0.388841301
0.422596693
0.413884521
0.374416292
0.364052564
0.355780393
0.287915170
0.278242439
0.243393794
0.295013428
0.292237073
0.318670124
0.339713126
0.317734182
0.343507707
0.403425157
0.394695997
0.374551237
0.367927730
0.346103549
0.369267881
0.352846801
0.365371555
0.347389340
0.315698445
0.310423464
0.253403038
0.209148869
0.221100196
0.193153292
0.177378133
0.168998107
0.127734005
0.095027350
0.092356548
0.100342117
0.107179612
0.114892945
0.123811856
0.133701742
0.110831492
0.097888760
0.097435363
0.092217542
0.098972097
0.107527137
0.094930947
0.086723804
0.088039517
0.088289998
0.090397686
0.085977785
0.086807981
0.087281317
0.085182622
0.084703267
0.083608165
0.083178982
0.083085760
0.083010361
0.083013982
0.083050013
0.083043642
0.082948126
0.082893543
0.082946673
0.083324008
0.083040208
0.082943261
0.082911573
0.082873113
0.082925051
0.082910351
0.082885489
0.083205834
0.083058864
0.083032638
0.082919009
0.082921252
0.083146065
0.083010562
0.082920596
0.082881756
0.082923606
0.082852155
0.082825080
0.082853332
0.082873113
0.082836568
0.082838073
0.082840353
0.082840681
0.082829386
0.082846776
0.082894690
0.082854696
0.082824446
0.082833894
0.082829081
0.082856469
0.082811430
0.082811259
0.082796775
0.082789980
0.082789153
0.082787290
0.082787506
0.082786672
0.082786441
0.082779810
0.082774587
0.082771227
0.082769342
0.082767524
0.082767874
0.082767151
0.082767107
0.082768254
0.082767591
0.082767479
0.082768418
0.082767926
0.082768507
0.082770959
0.082770489
0.082771257
0.082770504
0.082770720
0.082773373
0.082773566
0.082773887
0.082775697
0.082775183
0.082777508
0.082777999
0.082778782
0.082781248
0.082780302
0.082779899
0.082782187
0.082782082
0.082782395
0.082784846
0.082783803
0.082785644
0.082784474
0.082783706
0.082785286
0.082784414
0.082784399
0.082786344
0.082784601
0.082783677
0.082784981
0.082783550
0.082785055
0.082783855
0.082783513
0.082785092
0.082783483
0.082782209
0.082783088
0.082781598
0.082781479
0.082783461
0.082782090
0.082782894
0.082781479
0.082780764
0.082781978
0.082780637
0.082779951
0.082781345
0.082780115
0.082781091
0.082779929
0.082779415
0.082780376
0.082778580
0.082777455
0.082778104
0.082776651
0.082775891
0.082776688
0.082774803
0.082774714
0.082773082
0.082772218
0.082772732
0.082771271
0.082769953
0.082769670
0.082768477
0.082767606
0.082767993
0.082766853
0.082766905
0.082766056
0.082765110
0.082765110
0.082764506
0.082763970
0.082764119
0.082763582
0.082763180
0.082763471
0.082762778
0.082762547
0.082762793
0.082762249
0.082762122
0.082762532
0.082762085
0.082761921
0.082762375
0.082761884
0.082762286
0.082761891
0.082761906
0.082762711
0.082762375
0.082762316
0.082763046
0.082762644
0.082763419
0.082763106
0.082763262
0.082764283
0.082763962
0.082764775
0.082764260
0.082764350
0.082765602
0.082765311
0.082766384
0.082766049
0.082766138
0.082767434
0.082767114
0.082767315
0.082768850
0.082768396
0.082769610
0.082768880
0.082768947
0.082770497
0.082770154
0.082770541
0.082772493
0.082772166
0.082773656
0.082772978
0.082773082
0.082774825
0.082774155
0.082774147
0.082775481
0.082774378
0.082774006
0.082775339
0.082774460
0.082775913
0.082774974
0.082774788
0.082776107
0.082775168
0.082774900
0.082776375
0.082775578
0.082775421
0.082776934
0.082775898
0.082777075
0.082776137
0.082776174
0.082777470
0.082775906
0.082775220
0.082776606
0.082775839
0.082777180
0.082776211
0.082775906
0.082777053
0.082775958
0.082775638
0.082776859
0.082775697
0.082775138
0.082776442
0.082775593
0.082776576
0.082775146
0.082774602
0.082775883
0.082775071
0.082774766
0.082775854
0.082774691
0.082775921
0.082775109
0.082774945
0.082776077
0.082774952
0.082774788
0.082776666
0.082776152
0.082777344
0.082776196
0.082775734
0.082777284
0.082776405
0.082776316
0.082777873
0.082776800
0.082776554
0.082778156
0.082777232
0.082778506
0.082777500
0.082777239
0.082778528
0.082777217
0.082776882
0.082778700
0.082777865
0.082779162
0.082777813
0.082777284
0.082778588
0.082777731
0.082778148
0.082780749
0.082779951
0.082780860
0.082779139
0.082778320
0.082779616
0.082778648
0.082778476
0.082780108
0.082779095
0.082778811
0.082785375
0.082796536
0.082832627
0.082808733
0.082789801
0.082782701
0.082791865
0.082806297
0.082805134
0.082954742
0.082893789
0.082857534
0.082830295
0.082848348
0.082841881
0.082859427
0.082925305
0.082865603
0.082848698
0.082834207
0.082816616
0.082839698
0.082822278
0.082837455
0.082821459
0.082855061
0.082827263
0.082810961
0.082815133
0.082809925
0.082842022
0.082827374
0.082864806
0.082951248
0.083022989
0.082965426
0.082918830
0.082924530
0.082886204
0.082845412
0.082839713
0.082860231
0.082869031
0.082988106
0.082906775
0.083048686
0.084175281
0.085856460
0.084149115
0.085955180
0.090967052
0.101760685
0.104582503
0.095066950
0.096928030
0.105174325
0.161695942
0.198924676
0.251206756
0.251518548
0.247618899
0.259194642
0.235321000
0.241952941
0.267137975
0.272119582
0.253083825
0.230211437
0.179645449
0.149778232
0.196884766
0.242403060
0.287412196
0.321982265
0.349522948
0.314269543
0.325862795
0.329168856
0.342445731
0.374012291
0.323674232
0.358010411
0.358497262
0.380483806
0.406949341
0.457745582
0.540582418
0.475553095
0.486428976
0.532528520
0.492798716
0.446240425
0.495869994
0.557661593
0.516480803
0.478829920
0.464929789
0.520232379
0.508959472
0.500865877
0.497787535
0.508858085
0.472250700
0.473621041
0.503895998
0.545996964
0.574158609
0.530068636
0.532644033
0.488705546
0.527406812
0.592308640
0.598226070
0.606614172
0.673072815
0.665729225
0.597442091
0.550242662
0.626759112
0.724375427
0.730566144
0.757173419
0.747090161
0.719545543
0.805822432
0.827958584
0.822537720
0.831060946
0.819753826
0.833439291
0.834586203
0.827071786
0.832393110
0.832156301
0.813655198
0.832125902
0.834566116
0.824110806
0.803506970
0.772614777
0.807700992
0.821822584
0.833006322
0.833311796
0.823698819
0.827732682
0.825713933
0.798503578
0.785131991
0.761004210
0.777539968
0.788833916
0.780462682
0.756387889
0.715520501
0.765325129
0.755907178
0.769486070
0.775093973
0.741665781
0.766053736
0.769509792
0.825841010
0.822005510
0.799246907
0.815726399
0.821010172
0.815190017
0.757689357
0.763277531
0.761165023
0.725751221
0.721549094
0.807918668
0.816496015
0.813043714
0.746201098
0.711342454
0.778851390
0.779747784
0.765559435
0.724705219
0.763181508
0.725211799
0.732264280
0.744212329
0.823370755
0.808452070
0.797145545
0.818788588
0.779503465
0.743553460
0.713794529
0.745573580
0.820434272
0.811354756
0.847925901
0.844102442
0.836941838
0.818896592
0.833988965
0.853630662
0.853939950
0.848901093
0.842730463
0.832917929
0.804019868
0.806241691
0.823183656
0.818567276
0.816282809
0.805871010
0.825336337
0.832031548
0.838957310
0.835396051
0.833537400
0.846740901
0.835844576
0.814606249
0.840058863
0.848520696
0.837445855
0.822310627
0.832035601
0.820222259
0.812272668
0.836739182
0.806583762
0.797389805
0.826333761
0.818472326
0.841428697
0.850992382
0.851564944
0.842218578
0.806167543
0.788333535
0.833029747
0.848832011
0.837816536
0.805682480
0.829121768
0.831438959
0.837392867
0.845455885
0.841456711
0.836848199
0.833850265
0.848515213
0.846659124
0.833180010
0.826558888
0.843118191
0.793078840
0.732330441
0.795384586
0.827197492
0.847186089
0.764500737
0.785661101
0.833068550
0.845300794
0.833458960
0.837706208
0.837201118
0.814784646
0.829377055
0.825605392
0.835250676
0.799852788
0.803477705
0.810998321
0.757730424
0.772257149
0.732217968
0.812599361
0.830222011
0.835926533
0.820735991
0.769733787
0.656607628
0.618007839
0.674113333
0.650874734
0.790537655
0.784627497
0.742379010
0.715772271
0.788028896
0.771376014
0.815452337
0.836993456
0.796464562
0.814804196
0.828676760
0.816670895
0.845690250
0.825821877
0.791432917
0.793116093
0.809043825
0.814484239
0.788017750
0.820223510
0.825439513
0.833684266
0.791599751
0.792712092
0.815517902
0.832738161
0.819159687
0.831411421
0.817478955
0.833959043
0.837715566
0.787312031
0.813857555
0.828031659
0.818742037
0.847133577
0.839408278
0.824635506
0.832471430
0.840183735
0.845097423
0.833990455
0.828136921
0.836620986
0.853596866
0.843754053
0.848775268
0.842385769
0.828362644
0.773894250
0.749861777
0.783316314
0.846155167
0.841167092
0.847035825
0.828768790
0.809829414
0.833117127
0.843487501
0.844575047
0.835065484
0.840827823
0.842484832
0.845335126
0.839937031
0.817383885
0.832261324
0.843175769
0.844080746
0.812521756
0.788125694
0.822506547
0.829906106
0.822558582
0.823742151
0.842570484
0.849680781
0.802833319
0.828769922
0.832967043
0.843677878
0.841070294
0.830299199
0.841669261
0.836378753
0.829408050
0.826383710
0.801182449
0.784167051
0.730221868
0.759230554
0.819600701
0.829148412
0.808371127
0.825314343
0.816015482
0.792675853
0.844107091
0.841904283
0.833268642
0.829697311
0.823155820
0.849140406
0.846323013
0.843474925
0.846667409
0.844368815
0.840891540
0.846042514
0.848024964
0.847850740
0.823164940
0.843818843
0.841927588
0.844687283
0.844077349
0.813123822
0.808369875
0.802153289
0.835019350
0.827928483
0.833281338
0.821924150
0.815772176
0.825769067
0.838032663
0.839822888
0.834699154
0.804571092
0.822170079
0.829814970
0.835458577
0.819789052
0.811666965
0.819094419
0.792618334
0.814428091
0.778905213
0.792646050
0.829850972
0.828103244
0.818661332
0.822767615
0.831804097
0.817723811
0.836089969
0.808865190
0.837139666
0.835449815
0.835199118
0.837340951
0.822690189
0.820682824
0.824531198
0.813929498
0.790397227
0.720056713
0.760554492
0.771920741
0.793825865
0.762829423
0.814607620
0.830854535
0.831590354
0.835164845
0.835955679
0.822670221
0.834868789
0.784466565
0.809626341
0.803480208
0.771123767
0.773059249
0.807514250
0.835251451
0.833696365
0.820695996
0.823533356
0.820031404
0.805514574
0.799914539
0.768894196
0.811952829
0.799727440
0.811211169
0.831328630
0.820467055
0.804726720
0.797787070
0.813276768
0.823531926
0.823057055
0.800480664
0.778813303
0.790724039
0.801671982
0.809489310
0.828387320
0.791346312
0.791040778
0.798276246
0.689350367
0.673130453
0.787920773
0.810901344
0.754725456
0.764403164
0.777116418
0.785417140
0.708149910
0.744681180
0.732186496
0.755093336
0.672847211
0.653290093
0.577432930
0.638542891
0.572158337
0.588871896
0.591858089
0.594554007
0.595363438
0.602839351
0.562707663
0.562197983
0.525051355
0.516785562
0.524415970
0.514056265
0.581724763
0.589626729
0.522609830
0.475602597
0.547056615
0.517657638
0.558371842
0.510099471
0.481496900
0.442293167
0.478075206
0.493222207
0.481918901
0.444179088
0.447227091
0.469445497
0.391158491
0.349293828
0.283007711
0.256839275
0.219227478
0.179030091
0.129816845
0.124027297
0.102153674
0.095540799
0.089421302
0.103859641
0.115805469
0.104715794
0.091271773
0.085965902
0.096147172
0.105766259
0.113257430
0.104924060
0.104792558
0.107454136
0.103761576
0.100788981
0.104440801
0.101502888
0.093775451
0.086694703
0.087232657
0.084551714
0.083469726
0.083185211
0.083096378
0.083005875
0.083053678
0.082957692
0.082911052
0.082889311
0.082875021
0.082879603
0.082871556
0.082919337
0.082883701
0.082906477
0.082856037
0.082831435
0.082814261
0.082842126
0.082814120
0.082823515
0.082828201
0.082823925
0.082825840
0.082818583
0.082812227
0.082805030
0.082819670
0.082802080
0.082797974
0.082797617
0.082795419
0.082790315
0.082786582
0.082784735
0.082785219
0.082783937
0.082779072
0.082777813
0.082775861
0.082776055
0.082775049
0.082774505
0.082775243
0.082774058
0.082773417
0.082774103
0.082773082
0.082772650
0.082773171
0.082771935
0.082771286
0.082771637
0.082770385
0.082770497
0.082769327
0.082768358
0.082768172
0.082767241
0.082766362
0.082766421
0.082765706
0.082765609
0.082764879
0.082764201
0.082764529
0.082764067
0.082763486
0.082763337
0.082762748
0.082762688
0.082763352
0.082763232
0.082763851
0.082763597
0.082763739
0.082764603
0.082764246
0.082764134
0.082764603
0.082764111
0.082764156
0.082765259
0.082764812
0.082765497
0.082765318
0.082765833
0.082767345
0.082767144
0.082767226
0.082768336
0.082768053
0.082769476
0.082769290
0.082769543
0.082770757
0.082770325
0.082770526
0.082772143
0.082771927
0.082772084
0.082773238
0.082772203
0.082771972
0.082773089
0.082772791
0.082774267
0.082773760
0.082773514
0.082774512
0.082773812
0.082773499
0.082774296
0.082773328
0.082774103
0.082773067
0.082772672
0.082773365
0.082772739
0.082772464
0.082773291
0.082772844
0.082772963
0.082773887
0.082772769
0.082773052
0.082771882
0.082771584
0.082772493
0.082771666
0.082771152
0.082771197
0.082769819
0.082769416
0.082770333
0.082769774
0.082769647
0.082768127
0.082766965
0.082766667
0.082766168
0.082765788
0.082765900
0.082765236
0.082764477
0.082764298
0.082763262
0.082762778
0.082762577
0.082761779
0.082761705
0.082761452
0.082761087
0.082761213
0.082761019
0.082760893
0.082761183
0.082761079
0.082760774
0.082761034
0.082761087
0.082761593
0.082761370
0.082761399
0.082762070
0.082762055
0.082762673
0.082762673
0.082762748
0.082763150
0.082762837
0.082762793
0.082763717
0.082764052
0.082764924
0.082764447
0.082764022
0.082764573
0.082764499
0.082764551
0.082765333
0.082765140
0.082765050
0.082765706
0.082765363
0.082765825
0.082765467
0.082765400
0.082765795
0.082765423
0.082765177
0.082765609
0.082765609
0.082766391
0.082765929
0.082765698
0.082766511
0.082766436
0.082766615
0.082767628
0.082767308
0.082767360
0.082768403
0.082768105
0.082768708
0.082768150
0.082768105
0.082769066
0.082768641
0.082768433
0.082769446
0.082768925
0.082769141
0.082768835
0.082769446
0.082770772
0.082769699
0.082768813
0.082769163
0.082768865
0.082769111
0.082770184
0.082769565
0.082770079
0.082769386
0.082769319
0.082770862
0.082770795
0.082770593
0.082771175
0.082770631
0.082770608
0.082771696
0.082770996
0.082771935
0.082771696
0.082771413
0.082771912
0.082771339
0.082771607
0.082772829
0.082771994
0.082772195
0.082771339
0.082771316
0.082772240
0.082771972
0.082772158
0.082772933
0.082771763
0.082772367
0.082771964
0.082772173
0.082772531
0.082771078
0.082770579
0.082771637
0.082771264
0.082771599
0.082770415
0.082769699
0.082770184
0.082769454
0.082769044
0.082769483
0.082768694
0.082767725
0.082767487
0.082766511
0.082766704
0.082766317
0.082765788
0.082765304
0.082764819
0.082764037
0.082763582
0.082763255
0.082762867
0.082762636
0.082762033
0.082761712
0.082761116
0.082760833
0.082760721
0.082760677
0.082760647
0.082760602
0.082760580
0.082761720
0.082761817
0.082762092
0.082761928
0.082762107
0.082762219
0.082762040
0.082762256
0.082762502
0.082761519
0.082760997
0.082761548
0.082769006
0.082775809
0.082774997
0.082776144
0.082781158
0.082780860
0.082776099
0.082778208
0.082779132
0.082841076
0.082834162
0.082875773
0.082868047
0.082826205
0.082867675
0.082845591
0.082908221
0.082873076
0.082853191
0.082846679
0.082842767
0.082888216
0.082843222
0.082829691
0.082825311
0.082926229
0.084202006
0.085303709
0.083563291
0.083501741
0.083077893
0.082964890
0.089774422
0.091158867
0.093192220
0.104408413
0.104780227
0.141468316
0.220093191
0.313101321
0.295932114
0.268117458
0.294657916
0.313690752
0.302707285
0.285670429
0.301866919
0.333173364
0.288682342
0.250368506
0.217550606
0.246693864
0.233761474
0.204286605
0.238845572
0.223767146
0.189825714
0.239371404
0.409681618
0.477282912
0.440310091
0.479973495
0.523346841
0.588939250
0.625512421
0.641486228
0.676581085
0.688739538
0.658354402
0.625522673
0.624458134
0.591813505
0.643665671
0.681284845
0.594969511
0.627253711
0.655004025
0.752039611
0.755665720
0.759931505
0.790642202
0.783373356
0.783323050
0.759310663
0.736968279
0.772870660
0.805667758
0.829455912
0.830754459
0.815021574
0.832049131
0.824150681
0.834419131
0.833082795
0.838837624
0.839981675
0.837868750
0.823223352
0.841139257
0.840173125
0.837858379
0.832549751
0.811327279
0.831966817
0.828770697
0.840107679
0.832143903
0.809614837
0.827754021
0.804088295
0.804439008
0.828892887
0.794030726
0.785873890
0.804247677
0.797732532
0.811494291
0.801073849
0.804346740
0.812740862
0.746172190
0.736032367
0.725328147
0.710640848
0.684878826
0.684207916
0.746112108
0.774639487
0.743610919
0.784605801
0.800974369
0.795502245
0.699719131
0.726870537
0.660100460
0.669180453
0.571793616
0.563628852
0.666814864
0.685353637
0.654460192
0.592584074
0.508250058
0.449768603
0.412631810
0.445754141
0.480623811
0.505207896
0.534172177
0.562832236
0.594428122
0.613439262
0.661607623
0.625842154
0.660721838
0.732421935
0.692741990
0.661555052
0.665649116
0.697420061
0.698463023
0.585158885
0.619168699
0.706660450
0.709520519
0.733683050
0.644983709
0.627871096
0.559454262
0.526850820
0.609045982
0.599276423
0.518746316
0.514520764
0.506871581
0.623536706
0.679398954
0.659985125
0.633321762
0.619804919
0.668821275
0.744428694
0.711690426
0.650219619
0.617966056
0.647690535
0.712420344
0.622128844
0.625499547
0.720892131
0.807193220
0.815481424
0.815747917
0.822614491
0.818840146
0.833549976
0.756762505
0.628242135
0.689553082
0.718282878
0.747176468
0.726814091
0.711538911
0.683653116
0.743160844
0.796811342
0.771841645
0.775973558
0.805294216
0.719385564
0.626663625
0.661687255
0.722171903
0.738323212
0.765204906
0.766967237
0.753685296
0.814225018
0.808837116
0.828588963
0.788796723
0.769725144
0.775811970
0.803025842
0.779425085
0.705386937
0.706264317
0.654049158
0.626248121
0.612666190
0.683181405
0.699371338
0.766132891
0.810229778
0.808541536
0.792150080
0.759079933
0.818131447
0.787642837
0.799531281
0.828347325
0.805411279
0.780204535
0.712533712
0.717177212
0.757533133
0.738428056
0.764932811
0.792873263
0.777965963
0.819628060
0.765814066
0.787418127
0.752917051
0.651410103
0.730869472
0.741975546
0.746273100
0.670940042
0.702074051
0.722090781
0.750105798
0.827817321
0.847441494
0.834809363
0.841205895
0.847306609
0.840132236
0.778168023
0.767873764
0.771682560
0.792768002
0.776299477
0.756789267
0.806315124
0.802443206
0.757769108
0.763152301
0.683832943
0.712558270
0.638889134
0.673949122
0.712360919
0.700673163
0.737585306
0.608588576
0.590015352
0.635742486
0.642426610
0.639321923
0.659447670
0.720705450
0.746996164
0.748259842
0.749607086
0.757548869
0.798122406
0.830025852
0.817995787
0.799271584
0.769085705
0.766550839
0.802497089
0.797062814
0.821679831
0.815447330
0.806255817
0.771274984
0.791919768
0.767804742
0.756562650
0.691177845
0.599606037
0.592726648
0.613891661
0.649591327
0.676847756
0.677990019
0.689619064
0.741915584
0.749557734
0.705307186
0.640628815
0.576872230
0.568665385
0.596657038
0.571377397
0.594232500
0.638959944
0.609593630
0.537781835
0.540799677
0.514798582
0.487897038
0.485649884
0.612913549
0.614537179
0.651004553
0.608965158
0.613712609
0.541399419
0.571353674
0.662700474
0.640611887
0.645748794
0.635658741
0.616378784
0.666935265
0.645354807
0.587627828
0.555937171
0.536975980
0.501130342
0.462826252
0.511399090
0.556538522
0.591445684
0.543494821
0.582672536
0.602360666
0.577395141
0.564447761
0.614071548
0.670915067
0.680891275
0.679593384
0.691710174
0.665359676
0.634044349
0.597420752
0.549583912
0.623931170
0.601033628
0.622773945
0.642775476
0.612803817
0.665914536
0.724997997
0.706669509
0.713503003
0.685507894
0.635027051
0.666404068
0.709687769
0.691685498
0.695682764
0.729082286
0.753196537
0.706566870
0.735387623
0.760231137
0.730840266
0.673613012
0.672786117
0.608378291
0.676530242
0.682065070
0.753394663
0.754306257
0.725241244
0.782005429
0.790775061
0.804620445
0.693749726
0.590529323
0.497303784
0.528739333
0.514207363
0.544881046
0.652408957
0.637627363
0.683526218
0.788740158
0.782112539
0.675786138
0.644039869
0.649825931
0.658233106
0.663268447
0.657706499
0.618503630
0.635836899
0.630499125
0.595002651
0.614280283
0.686621249
0.706411183
0.652857363
0.678858697
0.712592900
0.798598289
0.824532330
0.791824818
0.830773473
0.777038693
0.791879773
0.712332606
0.705123425
0.692706525
0.773623884
0.726317525
0.691727936
0.644814193
0.607672513
0.546948850
0.548444271
0.593854904
0.579860389
0.568444848
0.594803452
0.588820934
0.581874132
0.551139534
0.545245528
0.505629659
0.455520481
0.473096043
0.515828609
0.568493247
0.560283124
0.637099147
0.607884169
0.559262812
0.551803410
0.551377296
0.600488007
0.592010915
0.598961651
0.517535567
0.528150558
0.578493714
0.635515511
0.668963075
0.681284010
0.706405044
0.727963209
0.731416225
0.692185104
0.671330631
0.681338012
0.693629265
0.713007689
0.722764671
0.723053634
0.779911280
0.769050837
0.741890013
0.762578905
0.781276047
0.848945439
0.848164856
0.838463366
0.855054080
0.849474967
0.831685364
0.850747108
0.850297630
0.855853617
0.852624357
0.850091875
0.839590847
0.851671100
0.854820132
0.851759493
0.811766684
0.826144695
0.824994624
0.814765632
0.748537540
0.728050053
0.724107563
0.668625712
0.664709210
0.625823081
0.705983043
0.802696824
0.808473349
0.777166963
0.777149677
0.765208125
0.775079787
0.779063106
0.768838108
0.755501211
0.784436822
0.799446046
0.779521108
0.799415886
0.788797915
0.740035653
0.699492514
0.690657437
0.736077189
0.754319847
0.733142257
0.684567511
0.715940893
0.639100313
0.587264836
0.569522023
0.467352271
0.528138280
0.497737914
0.422670603
0.422333091
0.426279902
0.406171411
0.389534950
0.370890766
0.377396852
0.425592989
0.395701289
0.349932164
0.347163290
0.306793660
0.229849562
0.199465871
0.171403885
0.131996274
0.131357715
0.149652764
0.134393498
0.113665335
0.094838575
0.086608723
0.084945008
0.087711520
0.088440381
0.085852228
0.084106222
0.083421908
0.083229274
0.083054595
0.083025023
0.082963333
0.083030984
0.082993306
0.082908854
0.082907893
0.082865916
0.082867406
0.083015658
0.082914487
0.082878649
0.082867056
0.082857013
0.082847230
0.082845710
0.082838885
0.082840346
0.082836166
0.082813516
0.082807317
0.082802296
0.082800791
0.082804017
0.082800619
0.082798772
0.082801230
0.082798660
0.082800478
0.082797803
0.082796372
0.082799695
0.082798287
0.082797423
0.082799852
0.082797877
0.082799822
0.082797229
0.082796030
0.082799219
0.082798414
0.082798079
0.082801044
0.082797922
0.082796894
0.082800299
0.082798310
0.082800239
0.082798839
0.082798935
0.082801484
0.082799017
0.082797475
0.082799762
0.082798235
0.082797572
0.082799084
0.082796313
0.082798131
0.082795449
0.082792938
0.082793787
0.082791343
0.082789674
0.082790807
0.082788125
0.082788952
0.082786471
0.082784288
0.082784861
0.082782753
0.082781166
0.082781337
0.082778811
0.082776524
0.082776047
0.082773916
0.082773812
0.082772754
0.082771443
0.082771569
0.082771033
0.082770415
0.082770742
0.082769617
0.082768723
0.082768843
0.082768098
0.082768738
0.082768500
0.082768284
0.082769334
0.082768969
0.082768999
0.082770631
0.082770631
0.082770765
0.082772762
0.082773000
0.082774937
0.082774527
0.082774311
0.082776777
0.082777314
0.082778215
0.082781069
0.082780726
0.082783364
0.082783334
0.082784243
0.082788646
0.082789600
0.082789749
0.082793325
0.082792588
0.082792774
0.082798347
0.082797311
0.082801193
0.082800612
0.082800947
0.082805403
0.082804099
0.082803316
0.082808480
0.082808107
0.082811646
0.082808807
0.082806930
0.082810394
0.082808323
0.082806610
0.082809374
0.082807273
0.082806513
0.082810000
0.082806818
0.082808375
0.082804725
0.082802966
0.082805827
0.082803860
0.082802281
0.082805373
0.082803130
0.082800768
0.082801819
0.082797691
0.082798205
0.082795098
0.082792729
0.082793504
0.082790494
0.082787879
0.082788467
0.082785748
0.082783230
0.082783274
0.082780547
0.082780503
0.082778566
0.082776897
0.082777075
0.082775481
0.082773797
0.082773559
0.082771972
0.082771167
0.082769923
0.082768604
0.082768239
0.082767308
0.082766213
0.082766026
0.082765311
0.082764529
0.082764067
0.082763322
0.082762934
0.082762696
0.082762271
0.082762063
0.082761943
0.082761243
0.082760714
0.082760505
0.082760394
0.082760349
0.082760304
0.082760267
0.082759991
0.082759917
0.082759619
0.082759731
0.082759902
0.082759969
0.082760163
0.082760178
0.082760282
0.082760945
0.082761101
0.082761087
0.082761370
0.082761392
0.082761474
0.082762063
0.082762107
0.082762107
0.082762696
0.082762845
0.082763068
0.082763895
0.082763866
0.082764700
0.082764827
0.082765326
0.082766801
0.082766466
0.082766458
0.082767792
0.082767896
0.082768232
0.082769379
0.082768902
0.082770124
0.082770333
0.082771026
0.082773075
0.082772754
0.082772478
0.082773626
0.082773216
0.082774594
0.082774282
0.082774386
0.082775913
0.082775556
0.082775645
0.082776919
0.082776278
0.082776427
0.082778208
0.082777433
0.082778484
0.082777575
0.082776979
0.082777858
0.082777008
0.082776748
0.082777970
0.082777396
0.082777165
0.082777984
0.082776725
0.082777493
0.082776666
0.082776718
0.082778208
0.082777746
0.082777254
0.082777418
0.082775943
0.082776301
0.082775339
0.082775027
0.082776241
0.082775645
0.082775213
0.082776286
0.082775362
0.082774423
0.082774960
0.082773708
0.082774371
0.082773484
0.082773037
0.082773969
0.082773469
0.082773261
0.082773708
0.082772471
0.082772076
0.082773142
0.082772687
0.082773432
0.773698926
0.391052395
0.311665863
0.277356863
0.268635124
0.246598318
0.233673349
0.245970920
0.238327727
0.228353381
0.222289488
0.220561534
0.222129062
0.221464142
0.220752373
0.219141781
0.218188375
0.216701388
0.218500763
0.221058369
0.220891565
0.220207185
0.219211534
0.219627634
0.220426872
0.227595434
0.227630228
0.224310786
0.224825397
0.222819388
0.222959340
0.222526655
0.219675422
0.218346342
0.217247874
0.216931194
0.217452064
0.217803687
0.218584299
0.218583465
0.220051736
0.218590543
0.218667626
0.220415220
0.221204385
0.225174561
0.227675378
0.224768385
0.225699320
0.239217371
0.236633569
0.233962089
0.231723204
0.229221761
0.230087876
0.227780029
0.231268093
0.232391134
0.232814386
0.230039179
0.230881944
0.232206106
0.242259100
0.267264038
0.274054438
0.267646492
0.273842245
0.285322756
0.356956095
0.411742508
0.386255026
0.387620777
0.533796489
0.664262712
0.613988101
0.504261792
0.576461196
0.493710756
0.468497664
0.459551752
0.417152345
0.399857849
0.438410729
0.438911080
0.335748672
0.353214383
0.340750366
0.349352896
0.320308238
0.331955731
0.361135811
0.438131243
0.560156822
0.605966330
0.587795138
0.542696059
0.538608849
0.556609809
0.561859071
0.597044706
0.566626787
0.487754852
0.540023744
0.658857167
0.820385456
0.784022331
0.822408974
0.744780421
0.340081006
0.318439364
0.326977491
0.297615081
0.233193442
0.173158035
0.141244188
0.123943061
0.114957526
0.111569442
0.111514620
0.113311253
0.113026537
0.095381044
0.084169649
0.083116762
0.082940310
0.082884453
0.082847655
0.082830369
0.082819566
0.082810536
0.082803383
0.082799628
0.082793936
0.082791686
0.082788356
0.082786500
0.082784787
0.082782768
0.082781546
0.082781844
0.082780518
0.082779922
0.082780920
0.082779743
0.082780473
0.082779706
0.082779646
0.082779683
0.082779907
0.082779691
0.082779787
0.082779966
0.082779899
0.082780115
0.082779646
0.082779706
0.082779646
0.082779601
0.082779579
0.082779579
0.082779571
0.082779557
0.082779504
0.082779840
0.082777590
0.082776412
0.082776763
0.082773261
0.082772456
0.082771584
0.082770772
0.082770124
0.082769535
0.082768731
0.082768209
0.082767941
0.082766406
0.082765654
0.082765304
0.082765162
0.082765073
0.082765028
0.082765020
0.082765378
0.082766622
0.082766123
0.082765758
0.082766086
0.082765460
0.082765825
0.082765229
0.082765043
0.082764924
0.082763977
0.082763650
0.082764350
0.082763903
0.082763836
0.082764581
0.082764171
0.082764864
0.082764290
0.082764305
0.082765155
0.082764871
0.082765020
0.082766302
0.082765996
0.082766093
0.082767539
0.082767256
0.082767531
0.082769111
0.082768895
0.082770549
0.082770281
0.082770579
0.082772441
0.082772054
0.082772292
0.082774729
0.082774609
0.082774989
0.082777500
0.082777068
0.082777664
0.082781024
0.082780994
0.082784094
0.082783937
0.082784213
0.082787193
0.082787000
0.082787238
0.082790203
0.082789935
0.082790129
0.082793660
0.082792521
0.082795464
0.082794502
0.082794301
0.082797319
0.082796648
0.082796305
0.082798831
0.082797274
0.082797088
0.082799762
0.082797736
0.082799718
0.082797952
0.082797073
0.082799233
0.082797259
0.082796209
0.082798168
0.082796037
0.082794912
0.082796775
0.082794607
0.082796313
0.082794443
0.082793750
0.082795516
0.082793437
0.082792327
0.082794197
0.082792416
0.082791470
0.082793266
0.082791120
0.082792334
0.082790278
0.082789138
0.082790576
0.082788587
0.082787551
0.082789049
0.082786970
0.082785614
0.082786441
0.082783937
0.082784176
0.082781799
0.082780093
0.082780458
0.082778469
0.082776770
0.082776971
0.082775339
0.082774021
0.082773969
0.082771920
0.082771666
0.082770385
0.082769193
0.082769014
0.082767941
0.082766585
0.082766198
0.082765490
0.082764827
0.082764789
0.082763791
0.082763329
0.082763560
0.082762651
0.082762204
0.082762405
0.082761757
0.082761504
0.082761794
0.082761280
0.082761265
0.082761757
0.082761370
0.082761869
0.082761593
0.082761712
0.082762778
0.082762763
0.082763717
0.082763411
0.082763195
0.082764074
0.082763702
0.082764782
0.082764566
0.082764708
0.082766034
0.082765684
0.082765907
0.082767390
0.082767181
0.082768582
0.082768194
0.082768485
0.082770266
0.082769953
0.082770407
0.082772635
0.082772285
0.082772493
0.082774527
0.082774103
0.082776323
0.082775801
0.082775868
0.082778029
0.082777753
0.082778357
0.082780749
0.082780071
0.082782105
0.082781561
0.082781553
0.082783654
0.082782894
0.082782783
0.082784958
0.082783997
0.082783513
0.082785159
0.082783833
0.082785852
0.082784548
0.082783811
0.082784846
0.082783163
0.082782872
0.082784683
0.082783461
0.082782857
0.082784429
0.082783192
0.082785323
0.082784615
0.082784474
0.082786411
0.082785234
0.082785182
0.082787611
0.082786582
0.082786575
0.082789235
0.082788095
0.082790278
0.082789019
0.082788669
0.082790993
0.082789637
0.082789361
0.082792073
0.082791075
0.082790665
0.082793012
0.082791619
0.082794294
0.082793042
0.082792595
0.082794562
0.082792409
0.082791701
0.082794309
0.082793377
0.082793169
0.082795039
0.082792610
0.082791559
0.082793213
0.082791306
0.082792893
0.082790911
0.082790479
0.082793228
0.082791790
0.082790859
0.082792506
0.082789928
0.082788512
0.082789831
0.082788289
0.082790881
0.082789853
0.082789063
0.082790211
0.082787931
0.082786560
0.082787506
0.082785659
0.082787216
0.082785793
0.082785480
0.082787357
0.082785912
0.082784869
0.082785554
0.082783096
0.082781620
0.082782462
0.082780637
0.082781702
0.082780205
0.082779184
0.082783334
0.082788415
0.082791083
0.082802474
0.082830243
0.082811907
0.082823597
0.082884111
0.082919575
0.082903147
0.083076864
0.083380997
0.083496481
0.083312362
0.083361186
0.084386006
0.106926128
0.144572556
0.172601178
0.215302691
0.246919900
0.216709629
0.250461042
0.302667499
0.280337155
0.312061727
0.325372517
0.431133837
0.422143102
0.446751535
0.425331622
0.473946691
0.551769495
0.555803716
0.573334575
0.622864664
0.673464000
0.558923781
0.599905014
0.592608333
0.610396028
0.612824976
0.575515747
0.630386829
0.681306243
0.706545770
0.733669221
0.692649305
0.664798558
0.689169586
0.706487298
0.636969328
0.644170880
0.643502533
0.667264104
0.647221386
0.614154935
0.659964919
0.660352826
0.747611344
0.727361619
0.759351671
0.712159634
0.689606786
0.653377891
0.671185613
0.711165607
0.681779325
0.680110514
0.686565936
0.653755367
0.676468074
0.667325258
0.735714376
0.790693343
0.779911280
0.776089430
0.732594192
0.746512175
0.742934048
0.761760294
0.743731976
0.727051497
0.720477760
0.766189814
0.784323335
0.783583939
0.799724877
0.796123683
0.730828047
0.682761252
0.647743821
0.633053005
0.674398720
0.673959911
0.651353598
0.654393554
0.666166246
0.693460107
0.700647473
0.671842635
0.643528640
0.639386892
0.632580996
0.635294795
0.531403244
0.452627420
0.401373595
0.465474784
0.411643088
0.392633110
0.356925398
0.342899948
0.360826403
0.331738532
0.301917702
0.265133381
0.213210836
0.157559797
0.106585674
0.088110052
0.084387504
0.083531484
0.083198115
0.083052091
0.082977764
0.082924694
0.082888462
0.082867771
0.082847893
0.082837552
0.082822435
0.082808539
0.082801469
0.082793608
0.082787775
0.082783170
0.082777821
0.082775801
0.082773954
0.082773551
0.082771674
0.082770742
0.082768962
0.082767785
0.082768448
0.082767963
0.082767829
0.082767427
0.082766779
0.082766704
0.082765631
0.082764916
0.082765117
0.082764484
0.082764022
0.082764380
0.082763597
0.082763188
0.082763933
0.082763538
0.082764767
0.082774781
0.082774766
0.082830623
0.082807414
0.082804464
0.082817622
0.082841940
0.082816727
0.082853340
0.082829751
0.084028564
0.086593159
0.106847771
0.154381692
0.145448789
0.177528381
0.246812418
0.298053771
0.365147173
0.439204246
0.392277271
0.433274925
0.402446359
0.404500574
0.535676777
0.581609488
0.656387925
0.541122258
0.567593217
0.666410565
0.726140201
0.727528930
0.721129119
0.720245957
0.700925887
0.714711666
0.728357732
0.720840693
0.769677222
0.827656329
0.816351354
0.835251927
0.836405933
0.832327664
0.834434986
0.837276518
0.835599720
0.836566627
0.834664464
0.834369659
0.819803298
0.809466422
0.833329797
0.834859967
0.840584755
0.820594370
0.815256357
0.811313689
0.807292759
0.791689098
0.789693952
0.815114558
0.818442762
0.834401906
0.844991565
0.846098483
0.840883613
0.844845712
0.828536570
0.846436560
0.848915637
0.843132615
0.844831407
0.841150820
0.847463071
0.847348690
0.845678508
0.832530081
0.830768466
0.837806165
0.836151779
0.789394498
0.741421402
0.795760572
0.817121923
0.795658290
0.796063304
0.801200390
0.801179588
0.833612204
0.847126126
0.852193356
0.851316214
0.841380060
0.838878393
0.840275645
0.843122363
0.841160715
0.839184642
0.845573962
0.830431759
0.841470718
0.835738003
0.787760377
0.839363754
0.842975378
0.840266705
0.842775166
0.827637851
0.787275910
0.773503125
0.741943538
0.769725442
0.756869555
0.687444568
0.653112769
0.585099697
0.543100297
0.505045593
0.383511901
0.295533299
0.210516736
0.143551037
0.099227250
0.086491570
0.084166519
0.083523653
0.083259687
0.083100118
0.083006620
0.082961708
0.082905084
0.082878627
0.082855918
0.082837231
0.082823545
0.082811244
0.082806073
0.082797691
0.082793258
0.082788721
0.082782194
0.082779154
0.082776122
0.082774580
0.082773626
0.082772687
0.082771964
0.082770541
0.082769528
0.082770810
0.082770057
0.082769670
0.082770437
0.082770944
0.082770668
0.082772307
0.082772076
0.082772233
0.082774647
0.082774684
0.082775168
0.082778141
0.082778059
0.082778722
0.082782216
0.082782112
0.082783014
0.082788251
0.082789108
0.082790293
0.082795471
0.082794674
0.082799777
0.082801044
0.082802713
0.082810760
0.082811490
0.082811587
0.082817934
0.082817636
0.082818501
0.082828753
0.082828224
0.082836509
0.082834527
0.082833387
0.082841612
0.082840368
0.082840294
0.082849152
0.082846634
0.082844727
0.082852006
0.082847647
0.082854517
0.082851447
0.082850985
0.082859926
0.082855545
0.082882494
0.082866088
0.082914829
0.082976736
0.083018109
0.083350003
0.083552524
0.083692387
0.093574360
0.091274381
0.087418765
0.085983627
0.099480197
0.133717045
0.173965409
0.206157237
0.297794938
0.481487483
0.560353756
0.571609497
0.618755996
0.694931507
0.723279417
0.767771780
0.810587525
0.804644108
0.829436421
0.826903939
0.764220715
0.708695769
0.728646696
0.718822241
0.731422305
0.796543717
0.736981094
0.729623735
0.716523111
0.703503966
0.728085876
0.742343664
0.774390340
0.740286350
0.714516759
0.692453444
0.697964072
0.682971239
0.737086952
0.772152662
0.787008166
0.769991398
0.784509957
0.772542536
0.764498651
0.808342099
0.799499810
0.781590104
0.757469773
0.769736588
0.771842659
0.753512144
0.771765530
0.750743508
0.788231432
0.803138018
0.831174731
0.825502932
0.805158854
0.797166765
0.756906152
0.756771803
0.767752230
0.806252897
0.816003501
0.816287994
0.823026657
0.812317967
0.783133507
0.771797419
0.768975317
0.752030373
0.724755049
0.801747501
0.801373839
0.752993762
0.763801336
0.793615878
0.808561265
0.828215897
0.846038580
0.828244030
0.843708694
0.849442840
0.842254937
0.836458325
0.839807570
0.814707518
0.804006040
0.811134696
0.829862297
0.795478344
0.752293825
0.782025874
0.808173716
0.837680578
0.846377194
0.849964380
0.819967270
0.805097878
0.843294024
0.845544159
0.843722165
0.845082819
0.848214686
0.846803844
0.854659617
0.827351511
0.802433074
0.796093822
0.706127644
0.661727071
0.591411829
0.518270135
0.502714157
0.442765385
0.303430796
0.182872713
0.113718957
0.090404406
0.084896334
0.083912782
0.083358280
0.083196104
0.083065450
0.083001330
0.082964107
0.082906939
0.082883075
0.082870625
0.082855791
0.082843386
0.082834728
0.082825415
0.082821310
0.082814410
0.082810707
0.082808964
0.082804032
0.082800068
0.082800411
0.082796082
0.082795404
0.082791343
0.082788765
0.082788698
0.082786120
0.082784258
0.082783923
0.082781792
0.082780391
0.082780831
0.082778968
0.082779087
0.082777552
0.082776688
0.082777925
0.082776934
0.082776748
0.082778193
0.082777530
0.082777262
0.082778931
0.082778186
0.082780264
0.082779601
0.082779154
0.232358128
0.770660698
0.528513908
0.505942583
0.694530070
0.608235538
0.481624991
0.476469725
0.406729102
0.378717542
0.316983730
0.297400862
0.292632371
0.283051729
0.304819494
0.298970610
0.287683547
0.317907095
0.332577616
0.326513559
0.319251984
0.319741338
0.356898189
0.341721177
0.442180604
0.677821696
0.785024762
0.341564775
0.226062506
0.194951847
0.169972390
0.164945662
0.168289527
0.134837329
0.091221914
0.084411435
0.083474562
0.083210528
0.083090298
0.083015338
0.082965225
0.082932040
0.082903706
0.082882620
0.082869187
0.082855046
0.082844779
0.082838953
0.082829714
0.082825020
0.082818225
0.082813635
0.082812816
0.082808182
0.082804427
0.082804516
0.082801975
0.082800098
0.082800254
0.082796991
0.082797810
0.082795672
0.082793862
0.082795516
0.082793772
0.082793050
0.082795590
0.082794003
0.082796283
0.082794897
0.082793958
0.082795553
0.082794063
0.082793638
0.082796164
0.082794495
0.082793914
0.082797028
0.082795627
0.082798071
0.082796641
0.082796171
0.082798846
0.082797229
0.082796767
0.082799651
0.082798116
0.082797237
0.082800038
0.082798436
0.082800463
0.082798265
0.082797319
0.082799762
0.082797639
0.082796253
0.082798034
0.082795240
0.082793526
0.082794927
0.082792148
0.082792714
0.082789920
0.082788244
0.082789406
0.082786962
0.082784504
0.082784355
0.082782164
0.082782827
0.082780555
0.082778245
0.082777850
0.082775943
0.082774416
0.082774103
0.082772180
0.082771078
0.082771689
0.082770169
0.082769766
0.082768477
0.082767189
0.082766987
0.082766183
0.082765453
0.082765400
0.082764871
0.082764626
0.082764022
0.082763359
0.082763247
0.082762912
0.082762502
0.082762606
0.082762212
0.082761794
0.082761869
0.082761221
0.082760990
0.082761109
0.082760714
0.082760908
0.082760714
0.082760707
0.082761236
0.082761109
0.082761139
0.082761541
0.082761280
0.082761586
0.082761176
0.082761064
0.082767144
0.082782030
0.082792729
0.082792647
0.082842149
0.082804926
0.082857549
0.082988605
0.082912751
0.082915410
0.082924977
0.083011732
0.082963191
0.082977310
0.083146229
0.083228618
0.084051318
0.100399613
0.106968746
0.091477439
0.095362499
0.115889207
0.116658390
0.106060751
0.160633206
0.236492246
0.224984512
0.246601999
0.258701146
0.279934525
0.276561975
0.305197626
0.340254456
0.326360106
0.381037295
0.402122647
0.451265991
0.506154120
0.569039702
0.529503703
0.618319452
0.652942240
0.628145039
0.660286248
0.572359383
0.592707396
0.571559846
0.627894521
0.657620907
0.625968337
0.558449328
0.574105918
0.609606683
0.498909354
0.431876212
0.380954564
0.293112129
0.343270153
0.400954485
0.448120505
0.395013332
0.492078811
0.549805403
0.511920452
0.562558293
0.556576669
0.584214747
0.625198901
0.573627353
0.591138601
0.617350638
0.537295222
0.589082479
0.616655469
0.626956642
0.611433625
0.559722126
0.526118517
0.539235830
0.511196852
0.525576413
0.519609571
0.520386517
0.445183694
0.400992215
0.416549474
0.496863157
0.470718682
0.558489144
0.628823280
0.642200470
0.579070687
0.576541543
0.623918355
0.606433451
0.611544490
0.587243915
0.599171579
0.639142632
0.582382321
0.572459280
0.494434357
0.476315588
0.494854242
0.510655046
0.462049425
0.488808841
0.507211328
0.435401142
0.407084972
0.324548870
0.260232896
0.263534486
0.243309528
0.225161746
0.174746275
0.131179482
0.103488244
0.089969210
0.086352214
0.083984002
0.083407752
0.083273403
0.083055459
0.082974836
0.082929634
0.082902953
0.082887448
0.082870744
0.082855180
0.082848996
0.082839057
0.082826242
0.082819924
0.082814485
0.082813352
0.082809947
0.082807548
0.082808077
0.082804859
0.082803838
0.082805187
0.082802869
0.082801834
0.082803883
0.082816154
0.082802229
0.082807973
0.082842082
0.082845695
0.082943596
0.082887284
0.082896046
0.083250903
0.084005468
0.083691150
0.083265878
0.084139995
0.084741130
0.083372243
0.083504640
0.107064113
0.155064732
0.160877436
0.160927698
0.220603600
0.293452263
0.330036670
0.435162038
0.457998812
0.496633887
0.462159693
0.522033989
0.450320840
0.542546928
0.602150559
0.588207245
0.664919555
0.776997507
0.763467431
0.757792056
0.688189566
0.705110252
0.741708040
0.751832426
0.804811299
0.790027142
0.808428943
0.815305650
0.810160041
0.803894758
0.810102642
0.809545279
0.812415063
0.822773993
0.802878439
0.797546327
0.833282650
0.831708133
0.825959623
0.826497734
0.811774790
0.826685488
0.836971104
0.830404639
0.815811992
0.830035031
0.836557925
0.834495664
0.821750224
0.842496693
0.830969930
0.843270421
0.846170425
0.841703057
0.843317747
0.841570497
0.841594100
0.842301786
0.811315835
0.829924941
0.838916659
0.817731261
0.811825573
0.812849998
0.821189702
0.817949593
0.844042301
0.845479906
0.808984220
0.823397696
0.830152810
0.846723795
0.848166525
0.831717491
0.837679088
0.833659112
0.831100345
0.806643784
0.821720779
0.811341882
0.805382431
0.800002575
0.831722975
0.828667045
0.849743128
0.835962176
0.844661117
0.838762581
0.837668657
0.831214130
0.828081727
0.805171072
0.809887409
0.822844923
0.728357852
0.738484979
0.732329428
0.777358532
0.762356639
0.674327374
0.613165557
0.563808680
0.444401205
0.343464285
0.271965832
0.200925454
0.144932389
0.105343141
0.089790285
0.085113093
0.083883241
0.083355904
0.083190054
0.083054811
0.082995735
0.082950525
0.082912460
0.082891747
0.082874812
0.082863159
0.082853705
0.082843930
0.082836397
0.082833685
0.082827434
0.082822248
0.082821459
0.082817033
0.082817845
0.082814425
0.082812041
0.082812935
0.082809739
0.082808085
0.082810417
0.082808279
0.082809426
0.082806453
0.082805656
0.082807593
0.082804866
0.082803741
0.082806185
0.082804017
0.082803562
0.082806133
0.082804218
0.082806796
0.082804687
0.082803726
0.082805723
0.082803495
0.082802922
0.082805127
0.082802802
0.082801856
0.082803987
0.082801744
0.082804151
0.082802430
0.082802102
0.082804583
0.082802720
0.082802266
0.082805142
0.082803831
0.082803674
0.082806252
0.082803793
0.082805768
0.082803071
0.082801834
0.082803614
0.082801491
0.082801059
0.082803503
0.082801640
0.082801282
0.082803614
0.082801163
0.082800567
0.082803033
0.082801238
0.082803585
0.082801811
0.082801692
0.082803994
0.082801536
0.082800515
0.082802892
0.082801454
0.082801484
0.082804151
0.082801700
0.082803905
0.082802750
0.082803674
0.082807198
0.082805447
0.082804583
0.082807019
0.082825981
0.082840092
0.082816958
0.082823336
0.082822472
0.083064944
0.083075434
0.083687149
0.083676510
0.083572954
0.083299272
0.086557232
0.131196395
0.206346303
0.314360678
0.355086982
0.519017279
0.519231260
0.494600832
0.568768144
0.639208496
0.700718164
0.702930748
0.708892882
0.766135931
0.799051583
0.803705871
0.802084982
0.813426077
0.822899997
0.826900482
0.810435116
0.780815005
0.819034278
0.830686510
0.814761639
0.819019258
0.823587239
0.793815136
0.785795867
0.830322564
0.840444028
0.836350322
0.837506473
0.840198398
0.841280520
0.823888183
0.811621666
0.809698164
0.807758868
0.751725972
0.764253736
0.716211259
0.706024587
0.718310475
0.641527474
0.628212929
0.619729340
0.630021632
0.634563863
0.619046748
0.673073292
0.730599701
0.737546265
0.664292157
0.653632164
0.617794454
0.646326125
0.746677518
0.680062294
0.670919478
0.658517718
0.692515850
0.702714026
0.685144544
0.630796194
0.640050709
0.678718865
0.642438829
0.701283455
0.657716811
0.652074695
0.588841915
0.586213231
0.732656896
0.784717739
0.785213232
0.818473935
0.796047032
0.781089842
0.763513327
0.777295947
0.787543416
0.799609184
0.708211243
0.664247751
0.702013850
0.707000017
0.751006961
0.806032419
0.786668956
0.804043591
0.812682986
0.746245742
0.748005092
0.763740420
0.808770835
0.799697161
0.804230332
0.800718725
0.852483928
0.843745232
0.841919720
0.834735453
0.856689870
0.851247847
0.854591072
0.811263859
0.751637995
0.660685897
0.569876373
0.445463240
0.335018247
0.228670418
0.146977171
0.102658227
0.088127315
0.085055411
0.083914757
0.083509929
0.083235376
0.083117358
0.083029918
0.082942910
0.082914084
0.082870185
0.082851052
0.082836024
0.082821414
0.082814015
0.082802333
0.082796447
0.082791559
0.082785763
0.082781963
0.082779288
0.082776703
0.082775228
0.082775228
0.082772546
0.082771376
0.082770847
0.082769968
0.082769781
0.082769640
0.082768857
0.082768455
0.082768179
0.082769290
0.082768954
0.082769491
0.082770959
0.082770564
0.082772203
0.082772061
0.082772255
0.082774341
0.129995584
0.764010966
0.638213217
0.420913070
0.309818178
0.309208244
0.378877401
0.375739157
0.325321078
0.356510907
0.437622577
0.468048662
0.445199430
0.455390006
0.483603179
0.500426590
0.488214046
0.503696024
0.437221885
0.349916726
0.326021850
0.285295993
0.266805887
0.281633407
0.336460799
0.470573783
0.705241144
0.819638968
0.429199934
0.251798600
0.198472202
0.172650650
0.165755153
0.112047188
0.087319374
0.084027492
0.083439641
0.083231561
0.083117150
0.083046108
0.083002821
0.082964763
0.082936414
0.082921013
0.082902171
0.082894005
0.082880631
0.082870081
0.082869209
0.082861945
0.082857683
0.082860440
0.082854554
0.082849838
0.082853176
0.082847230
0.082851410
0.082845896
0.082841881
0.082847297
0.082843252
0.082839981
0.082843594
0.082839601
0.082836688
0.082840420
0.082833596
0.082835861
0.082830161
0.082826316
0.082829922
0.082826786
0.082824938
0.082829200
0.082824633
0.082826808
0.082821935
0.082819968
0.082824923
0.082822345
1.000000000
1.000000000
