0.500000000
0.500000000
0.500000000
0.500000000
0.500000000
0.500000000
0.500000000
0.500000000
0.500000000
0.500000000
0.500000000
0.500000000
0.500000000
0.500000000
0.500000000
0.500000000
0.500000000
0.500000000
0.500000000
0.500000000
0.500000000
0.500000000
0.500000000
0.500000000
0.500000000
0.500000000
0.500000000
0.500000000
0.500000000
0.500000000
0.500000000
0.500000000
0.500000000
0.500000000
0.500000000
0.500000000
0.500000000
0.500000000
0.500000000
0.500000000
0.500000000
0.500000000
0.500000000
0.500000000
0.500000000
0.500000000
0.500000000
0.500000000
0.500000000
0.500000000
0.500000000
0.500000000
0.500000000
0.500000000
0.500000000
0.500000000
0.500000000
0.500000000
0.500000000
0.500000000
0.500000000
0.500000000
0.500000000
0.958584785
0.958584070
0.958585441
0.958586156
0.958585262
0.958586216
0.958586991
0.958586693
0.958588004
0.958587766
0.958588898
0.958589911
0.958589673
0.958590567
0.958591461
0.958591521
0.958592474
0.958592772
0.958593547
0.958594143
0.958594084
0.958594859
0.958595634
0.958595753
0.958596170
0.958596647
0.958596706
0.958597243
0.958597362
0.958597779
0.958598256
0.958598375
0.958598673
0.958598793
0.958599031
0.958599269
0.958599389
0.958599567
0.958599806
0.958599865
0.958599985
0.958600104
0.958600283
0.958600461
0.958600521
0.958600521
0.958600581
0.958600700
0.958600819
0.958600938
0.958600998
0.958601058
0.958601177
0.958601236
0.958601236
0.958601236
0.958601296
0.958601296
0.958601296
0.958601236
0.958601177
0.958601177
0.958601356
0.958601296
0.958601117
0.958600879
0.958600640
0.958600581
0.958600461
0.958600521
0.958600461
0.958600223
0.958600283
0.958600283
0.958599865
0.958599865
0.958599806
0.958599448
0.958599389
0.958599031
0.958599091
0.958599031
0.958598495
0.958598435
0.958598316
0.958597779
0.958597839
0.958597362
0.958597422
0.958597422
0.958596885
0.958596826
0.958596647
0.958596230
0.958596349
0.958596408
0.958596051
0.958596349
0.958596051
0.958596230
0.958596289
0.958595991
0.958596289
0.958596528
0.958596289
0.958596528
0.958596349
0.958596706
0.958596885
0.958596647
0.958597004
0.958597183
0.958597004
0.958597243
0.958597183
0.958597422
0.958597660
0.958597481
0.958597779
0.958598018
0.958598018
0.958598256
0.958598495
0.958598495
0.958598793
0.958598793
0.958598912
0.958599150
0.958599269
0.958599329
0.958599567
0.958599627
0.958599746
0.958599925
0.958599925
0.958600163
0.958600283
0.958600223
0.958600402
0.958600461
0.958600461
0.958600521
0.958600521
0.958600461
0.958600521
0.958600402
0.958600283
0.958600342
0.958600223
0.958600283
0.958600342
0.958600223
0.958600342
0.958600283
0.958600283
0.958600223
0.958599925
0.958599985
0.958599806
0.958599746
0.958599448
0.958599389
0.958599329
0.958599031
0.958598971
0.958598793
0.958598197
0.958598197
0.958597720
0.958597779
0.958597839
0.958597422
0.958597481
0.958597481
0.958596826
0.958596647
0.958595753
0.958595753
0.958595932
0.958595335
0.958595395
0.958595276
0.958594203
0.958594084
0.958593965
0.958592832
0.958593011
0.958592057
0.958592415
0.958592534
0.958591521
0.958591580
0.958587766
0.958582938
0.958583593
0.958588541
0.958585560
0.958584249
0.958586216
0.958582282
0.958521485
0.958554089
0.958569288
0.958576977
0.958569527
0.958576918
0.958566964
0.958559811
0.958553970
0.958533287
0.958565116
0.958572507
0.958565295
0.958570659
0.958563268
0.958511472
0.958535731
0.958554208
0.958564878
0.958557725
0.958554685
0.958567441
0.958572268
0.958556533
0.958558977
0.958106637
0.958132207
0.958257377
0.958373010
0.958005011
0.958057702
0.957681596
0.957868874
0.957736611
0.957550228
0.957596242
0.958115816
0.958349526
0.958392441
0.958427370
0.958409131
0.958436608
0.957973421
0.958353937
0.958408952
0.958426595
0.958240628
0.958345056
0.958475769
0.958499253
0.958476484
0.958473027
0.956845284
0.938711524
0.913746893
0.910427511
0.910432875
0.900961637
0.904389441
0.904362977
0.917165279
0.898299634
0.907793462
0.929993391
0.938375950
0.942105830
0.938551724
0.915398777
0.904650629
0.907175004
0.925089538
0.926710784
0.930617452
0.941047370
0.951684535
0.954654872
0.939399183
0.935131907
0.869335592
0.810036004
0.789769650
0.807313263
0.824549139
0.840382457
0.842164218
0.835435271
0.852056205
0.837956905
0.824582398
0.818877697
0.829386950
0.837800086
0.842530489
0.871586859
0.902465343
0.843889177
0.827999115
0.828018069
0.814527988
0.788795412
0.743474483
0.728769541
0.724944890
0.735479295
0.747898996
0.769918859
0.767237008
0.747066617
0.712276459
0.724523544
0.734219968
0.753122985
0.774236798
0.809621572
0.843151569
0.808583558
0.779583156
0.787062705
0.751106799
0.715860069
0.715269983
0.718571782
0.744955599
0.744736254
0.701636076
0.709161997
0.715523362
0.711276412
0.722574413
0.715744793
0.690722883
0.705432594
0.707306325
0.740084231
0.726118386
0.692171574
0.681397319
0.673469543
0.678443789
0.676075935
0.675824344
0.692709982
0.668140948
0.658671439
0.680974543
0.674428701
0.638812006
0.628922701
0.616512477
0.606894732
0.603087783
0.606168985
0.666825771
0.633783042
0.650246441
0.665401459
0.686432958
0.673029661
0.703381777
0.702843070
0.738420129
0.740688741
0.742484927
0.724758804
0.776069880
0.770307183
0.781655371
0.720520914
0.698270619
0.696808398
0.711696386
0.710107267
0.744038820
0.734725118
0.710300446
0.696030259
0.700375617
0.698590636
0.707357287
0.719376326
0.690756202
0.668067694
0.696711898
0.689591050
0.654167295
0.704246700
0.709275424
0.676684201
0.632158816
0.682332098
0.639592052
0.626909673
0.637660086
0.653423667
0.655205071
0.690294147
0.690351844
0.636309803
0.626522839
0.645137250
0.610711753
0.643565774
0.657426715
0.680706024
0.695129097
0.710808277
0.692188978
0.663676798
0.671084940
0.688671291
0.661372900
0.649394691
0.588879764
0.552450597
0.579547107
0.599983692
0.595930159
0.622640550
0.588797390
0.579055607
0.584628642
0.569510162
0.555077195
0.548583150
0.592447221
0.578717887
0.586620331
0.594851851
0.622088552
0.617768407
0.578951001
0.610282362
0.644515157
0.665632308
0.627346337
0.619961977
0.610027611
0.563896716
0.568421483
0.562260926
0.624850988
0.593271494
0.583270371
0.555926085
0.598824024
0.598769605
0.610062242
0.640191972
0.626928747
0.638127804
0.634330690
0.677999496
0.651757896
0.632463455
0.626542687
0.623612285
0.644334614
0.636546552
0.636484027
0.585588992
0.579963386
0.594977856
0.586717427
0.579071105
0.586393774
0.566762328
0.598372161
0.594165623
0.638077319
0.632268131
0.635583162
0.643261492
0.666684806
0.701182663
0.682284653
0.692458391
0.629416525
0.671630085
0.671718836
0.656089604
0.648079395
0.676528513
0.689460874
0.683395207
0.688713610
0.688509226
0.733026147
0.708102047
0.701223731
0.668107092
0.698235214
0.691397309
0.665239573
0.654530048
0.672900617
0.671264827
0.684655190
0.685615003
0.647702694
0.656684756
0.674706817
0.690273583
0.669778585
0.651152968
0.677384794
0.682252347
0.675668359
0.685935020
0.666698813
0.684525788
0.648594558
0.666439474
0.681894362
0.688336730
0.668038189
0.693505287
0.706827641
0.683196247
0.646296084
0.672159255
0.671880543
0.664305031
0.629975915
0.598992586
0.606658757
0.573698342
0.614751220
0.636454344
0.619748890
0.579481125
0.607039928
0.607864797
0.586674988
0.540641725
0.540793121
0.575836778
0.580125868
0.578161120
0.580391169
0.564802349
0.568161845
0.614350200
0.602288485
0.567152321
0.580905676
0.598077595
0.582616031
0.563822806
0.570959389
0.571304560
0.600579798
0.558364391
0.527607799
0.496074349
0.538876355
0.551115215
0.560709357
0.568234324
0.581490457
0.564180374
0.578728974
0.566582024
0.577112675
0.602771580
0.632702351
0.621233225
0.645582438
0.651870728
0.649444640
0.680503070
0.661685228
0.662733495
0.687498510
0.669517636
0.700718105
0.685134053
0.639410913
0.648168385
0.630256712
0.633305073
0.612093925
0.630574405
0.677392423
0.655607700
0.648315251
0.663153410
0.678126812
0.711764991
0.685832024
0.640848875
0.641323864
0.664216220
0.647005558
0.648750842
0.634482920
0.626403391
0.625300884
0.636473358
0.595483065
0.604633987
0.602300465
0.623834372
0.620887756
0.633509994
0.613406181
0.611345887
0.632132769
0.641988695
0.659047425
0.678676546
0.723364472
0.719291270
0.727098048
0.738747299
0.754255056
0.768165469
0.732136071
0.711777687
0.702450097
0.685476005
0.713446915
0.689203799
0.664775491
0.672794700
0.666641474
0.658351123
0.709181786
0.691126049
0.698553383
0.723271370
0.707033038
0.672438085
0.696296334
0.714586496
0.703460813
0.731981039
0.742716253
0.747268140
0.751704514
0.761095464
0.733051956
0.731846690
0.729028881
0.711607218
0.710292280
0.659854591
0.653877199
0.694224954
0.694435358
0.687585592
0.687846005
0.678728223
0.692555428
0.707547724
0.699514985
0.745586395
0.772366285
0.810088396
0.826811314
0.829894304
0.790816009
0.795752585
0.812925637
0.831341624
0.815808296
0.790482461
0.808513165
0.815151453
0.816819787
0.834329784
0.839002848
0.815152824
0.828874469
0.836524546
0.850801349
0.810711026
0.796586096
0.776985586
0.782541931
0.804902971
0.810661495
0.815078020
0.852229297
0.857448697
0.876003861
0.848247349
0.849665046
0.835386753
0.823795617
0.836120725
0.821845591
0.788003445
0.793536663
0.804897785
0.808575630
0.820682406
0.807727873
0.817013919
0.810131609
0.819975436
0.837364852
0.840090632
0.870762527
0.894011617
0.887741029
0.902355671
0.910516202
0.914829373
0.935918689
0.952438176
0.953780055
0.949756980
0.946305931
0.942415893
0.937900484
0.932878554
0.944474876
0.950997949
0.951224685
0.953850567
0.950452149
0.946138501
0.952486455
0.956610620
0.955949605
0.955823839
0.954764843
0.956985295
0.956568360
0.956330299
0.957384408
0.957625091
0.958174765
0.958390176
0.958437085
0.958474934
0.958473146
0.958455026
0.958458245
0.958506227
0.958533645
0.958506942
0.958317399
0.958459914
0.958508670
0.958524585
0.958543897
0.958517790
0.958525240
0.958537638
0.958376765
0.958450615
0.958463788
0.958520830
0.958519757
0.958406806
0.958474874
0.958519995
0.958539605
0.958518565
0.958554387
0.958568037
0.958553791
0.958543897
0.958562255
0.958561540
0.958560407
0.958560228
0.958565891
0.958557069
0.958533049
0.958553135
0.958568335
0.958563626
0.958566010
0.958552241
0.958574831
0.958574951
0.958582282
0.958585680
0.958586097
0.958586991
0.958586931
0.958587348
0.958587408
0.958590746
0.958593369
0.958595157
0.958596051
0.958597004
0.958596826
0.958597183
0.958597183
0.958596587
0.958596945
0.958597004
0.958596528
0.958596766
0.958596468
0.958595276
0.958595514
0.958595097
0.958595514
0.958595395
0.958594024
0.958593905
0.958593786
0.958592892
0.958593071
0.958591878
0.958591640
0.958591282
0.958590031
0.958590508
0.958590686
0.958589554
0.958589613
0.958589435
0.958588243
0.958588779
0.958587825
0.958588421
0.958588779
0.958588004
0.958588481
0.958588481
0.958587468
0.958588362
0.958588839
0.958588183
0.958588898
0.958588123
0.958588719
0.958588898
0.958588123
0.958588898
0.958589554
0.958589137
0.958589852
0.958589911
0.958588898
0.958589613
0.958589196
0.958589911
0.958590269
0.958589673
0.958590329
0.958590686
0.958589971
0.958590627
0.958590090
0.958590686
0.958590925
0.958590448
0.958591342
0.958591938
0.958591580
0.958592355
0.958592713
0.958592296
0.958593249
0.958593369
0.958594203
0.958594620
0.958594382
0.958595097
0.958595753
0.958595932
0.958596528
0.958596945
0.958596766
0.958597302
0.958597302
0.958597720
0.958598197
0.958598197
0.958598495
0.958598733
0.958598673
0.958598971
0.958599150
0.958599031
0.958599329
0.958599448
0.958599329
0.958599627
0.958599687
0.958599448
0.958599687
0.958599806
0.958599567
0.958599806
0.958599627
0.958599806
0.958599806
0.958599389
0.958599567
0.958599567
0.958599210
0.958599448
0.958599031
0.958599210
0.958599091
0.958598614
0.958598733
0.958598375
0.958598614
0.958598554
0.958597958
0.958598077
0.958597541
0.958597720
0.958597660
0.958597004
0.958597183
0.958597064
0.958596289
0.958596528
0.958595932
0.958596289
0.958596289
0.958595514
0.958595634
0.958595455
0.958594501
0.958594561
0.958593845
0.958594263
0.958594203
0.958593249
0.958593607
0.958593607
0.958592892
0.958593488
0.958593667
0.958593011
0.958593428
0.958592713
0.958593190
0.958593249
0.958592594
0.958593071
0.958593190
0.958592474
0.958592892
0.958592951
0.958592176
0.958592713
0.958592117
0.958592594
0.958592594
0.958591938
0.958592713
0.958593071
0.958592355
0.958592713
0.958592057
0.958592534
0.958592713
0.958592117
0.958592653
0.958592832
0.958592236
0.958592832
0.958593071
0.958592415
0.958592832
0.958592355
0.958593071
0.958593369
0.958592713
0.958593130
0.958593249
0.958592713
0.958593309
0.958592713
0.958593130
0.958593190
0.958592594
0.958593190
0.958593249
0.958592355
0.958592594
0.958591998
0.958592534
0.958592772
0.958591998
0.958592474
0.958592474
0.958591700
0.958592236
0.958592355
0.958591580
0.958592057
0.958591402
0.958591878
0.958592057
0.958591402
0.958592057
0.958592236
0.958591282
0.958591700
0.958591104
0.958591759
0.958591998
0.958591342
0.958591819
0.958591580
0.958590269
0.958590686
0.958590209
0.958591104
0.958591521
0.958590865
0.958591342
0.958591402
0.958590627
0.958591104
0.958591282
0.958587945
0.958582401
0.958564281
0.958576202
0.958585739
0.958589315
0.958584726
0.958577394
0.958578110
0.958502829
0.958533525
0.958551705
0.958565414
0.958556294
0.958559632
0.958550751
0.958517671
0.958547652
0.958556116
0.958563447
0.958572268
0.958560705
0.958569407
0.958561838
0.958569825
0.958552957
0.958566964
0.958575070
0.958572984
0.958575606
0.958559573
0.958566904
0.958548069
0.958504677
0.958468616
0.958497524
0.958520889
0.958518028
0.958537281
0.958557785
0.958560705
0.958550394
0.958545983
0.958486140
0.958527029
0.958455682
0.957890153
0.957045734
0.957903147
0.956996560
0.954478562
0.949043989
0.947624266
0.952418268
0.951481640
0.947324753
0.918531060
0.899233699
0.871737480
0.871546388
0.873725772
0.867532194
0.880245745
0.876701355
0.863333464
0.860692024
0.870848536
0.882912815
0.909343362
0.924694240
0.900324821
0.876398742
0.852365375
0.833688080
0.818511069
0.838027596
0.831656933
0.829848051
0.822673976
0.804919183
0.833034277
0.814198613
0.813890696
0.801611125
0.786666095
0.757288694
0.707467616
0.747357368
0.740535736
0.713162959
0.737315178
0.764451027
0.735002935
0.697424293
0.723342359
0.745677173
0.753716648
0.721235156
0.728266716
0.733013034
0.734869361
0.728233039
0.749796629
0.748766065
0.730445743
0.704891860
0.686930418
0.714785993
0.713161290
0.740181923
0.717035890
0.677209795
0.673711896
0.668799162
0.625164866
0.630233109
0.674820602
0.703991175
0.655625880
0.586333275
0.582562208
0.559252501
0.568953514
0.590573847
0.512861609
0.464273423
0.440013021
0.465665489
0.503515780
0.464625657
0.462371737
0.498226523
0.486452818
0.484802246
0.517078042
0.489664644
0.476925045
0.500465751
0.524006546
0.553541899
0.519919336
0.501499772
0.467101753
0.456726253
0.435769856
0.441489667
0.436328411
0.410198838
0.400577515
0.385364681
0.395441115
0.401763588
0.396419555
0.381921113
0.359565943
0.386509508
0.381103784
0.388790220
0.391959846
0.373227090
0.386583537
0.388830274
0.425431550
0.422978252
0.407127678
0.418262988
0.423295379
0.418437779
0.382156402
0.385301054
0.383709788
0.364631563
0.362374961
0.410860747
0.416592032
0.414270043
0.375050575
0.356762707
0.393222690
0.393688887
0.385583669
0.363762647
0.384242713
0.363825589
0.367569685
0.373826951
0.419370383
0.409858912
0.404380202
0.417732894
0.393703461
0.373785138
0.358096540
0.375012904
0.419090331
0.412981302
0.451073289
0.444173247
0.435066432
0.419121802
0.430456907
0.464949936
0.478710145
0.451537758
0.444161564
0.432056665
0.410440803
0.411286861
0.424201399
0.419946700
0.418264568
0.411950469
0.426352322
0.434416950
0.439053237
0.443415016
0.436346412
0.467522144
0.444107056
0.419681311
0.448213786
0.477515519
0.494463712
0.426697850
0.436200052
0.422813386
0.417980939
0.440732837
0.413016617
0.406777352
0.426819950
0.419638425
0.447156340
0.465865076
0.473326504
0.458918065
0.413346499
0.400967598
0.433940649
0.458541334
0.439420402
0.411957949
0.429931551
0.429826111
0.440598279
0.450938076
0.444033206
0.436946243
0.435339600
0.454307854
0.450111657
0.436690599
0.430189222
0.447266728
0.403513610
0.368338794
0.404675961
0.427407980
0.452447802
0.385697573
0.398135096
0.432063848
0.448572636
0.500587523
0.489384025
0.446946114
0.419346869
0.432073563
0.427431762
0.438331395
0.407924235
0.409297258
0.416052639
0.382405639
0.390735060
0.368239522
0.415182471
0.427750826
0.434622437
0.421783447
0.388785243
0.328861356
0.309269816
0.337673932
0.325855166
0.399672091
0.396271348
0.373051822
0.359028041
0.398404002
0.388505846
0.415023446
0.430994153
0.403385192
0.415176034
0.425468355
0.416510463
0.439192444
0.423170656
0.400513589
0.402236432
0.411646932
0.415114075
0.398591071
0.420156509
0.423498034
0.430124015
0.401361167
0.401989251
0.416110247
0.427804321
0.420254111
0.429116249
0.417711675
0.430081993
0.439634562
0.399508148
0.417040765
0.429690063
0.421030939
0.451955259
0.439966351
0.425080389
0.431281239
0.439162463
0.446637750
0.433849514
0.427630395
0.436059028
0.460829645
0.486852795
0.475410283
0.443300694
0.432992697
0.392087251
0.378023893
0.396856487
0.462427408
0.486168742
0.474601030
0.431607783
0.414626539
0.431798339
0.448997438
0.452252239
0.438457608
0.447283566
0.461881071
0.458712131
0.448490888
0.421308100
0.436969310
0.453897208
0.457618207
0.417470455
0.400130391
0.423477083
0.428643823
0.424105942
0.423988670
0.441288292
0.457027167
0.408660918
0.428182662
0.432812601
0.442408532
0.441544026
0.428505033
0.445338696
0.435994297
0.428883106
0.429737687
0.408551753
0.397798181
0.367312282
0.383293003
0.421624660
0.428118646
0.412252277
0.425188839
0.417545378
0.402227998
0.440619439
0.438464552
0.431332290
0.431406766
0.425310761
0.461379200
0.454100400
0.490727931
0.472262144
0.458059609
0.496084690
0.482694238
0.464685380
0.454985261
0.513545394
0.467139184
0.457449704
0.465038955
0.452713817
0.419647425
0.413908482
0.410064787
0.444418252
0.436756551
0.441952229
0.431008875
0.423742682
0.430650771
0.458108157
0.474195629
0.488207161
0.526355624
0.509080052
0.498394251
0.476413786
0.513414741
0.515230179
0.509244442
0.535187244
0.507759571
0.546963871
0.532492220
0.476030588
0.486454993
0.506467640
0.502982557
0.486412972
0.512711823
0.480030328
0.520457923
0.461857855
0.458098561
0.479119986
0.457271665
0.509032011
0.508941174
0.501241684
0.518949628
0.541514635
0.595646620
0.562393546
0.553801596
0.530033052
0.560637295
0.507956147
0.468877465
0.488160461
0.476920724
0.468955845
0.504592180
0.482134968
0.546590984
0.516279757
0.524148405
0.552294135
0.551590443
0.517772377
0.464360744
0.476939291
0.501570106
0.497907549
0.500865400
0.521627069
0.526196599
0.556891680
0.515426457
0.530009925
0.516087592
0.471987963
0.502421439
0.522491574
0.528248549
0.513943851
0.494581372
0.498329818
0.526022136
0.547079265
0.537238061
0.526035011
0.516053677
0.491748184
0.537365139
0.536452174
0.531821966
0.617009401
0.628166139
0.540361822
0.518243432
0.568787634
0.560175240
0.549107492
0.540070951
0.603868484
0.575888395
0.584559858
0.564804614
0.625960588
0.638731897
0.686982453
0.648145139
0.690480113
0.679894149
0.677882910
0.675778687
0.675682664
0.670395732
0.696076930
0.696225107
0.718500853
0.723323405
0.718102217
0.724482298
0.682530165
0.677422881
0.719227374
0.747091055
0.704178512
0.722586572
0.697908819
0.726856291
0.743609905
0.766611636
0.745650053
0.737110317
0.743468463
0.765653372
0.763566136
0.750572920
0.795507312
0.818716884
0.854757845
0.868719637
0.888616562
0.909601748
0.934851885
0.937786639
0.948847771
0.952177107
0.955254197
0.947983921
0.941954017
0.947558641
0.954325497
0.956990719
0.951868296
0.947021663
0.943242729
0.947455645
0.947517693
0.946174324
0.948038757
0.949536502
0.947695434
0.949176610
0.953066945
0.956624866
0.956354737
0.957700908
0.958244145
0.958387077
0.958431661
0.958477139
0.958453119
0.958501399
0.958524764
0.958535731
0.958542883
0.958540618
0.958544672
0.958520651
0.958538532
0.958527148
0.958552480
0.958564878
0.958573461
0.958559513
0.958573520
0.958568811
0.958566487
0.958568633
0.958567619
0.958571255
0.958574474
0.958578050
0.958570719
0.958579600
0.958581686
0.958581865
0.958582938
0.958585501
0.958587348
0.958588302
0.958588064
0.958588719
0.958591104
0.958591759
0.958592713
0.958592653
0.958593130
0.958593428
0.958593011
0.958593607
0.958594024
0.958593607
0.958594143
0.958594441
0.958594084
0.958594799
0.958595097
0.958594918
0.958595574
0.958595514
0.958596051
0.958596587
0.958596647
0.958597124
0.958597541
0.958597541
0.958597898
0.958597958
0.958598316
0.958598614
0.958598495
0.958598733
0.958598971
0.958599091
0.958599389
0.958599389
0.958599091
0.958599150
0.958598793
0.958598971
0.958598852
0.958598435
0.958598614
0.958598673
0.958598435
0.958598673
0.958598673
0.958598137
0.958598316
0.958598018
0.958598077
0.958597839
0.958597064
0.958597183
0.958597124
0.958596587
0.958596706
0.958595991
0.958596110
0.958595991
0.958595335
0.958595574
0.958595455
0.958594680
0.958594799
0.958594680
0.958594024
0.958594561
0.958594739
0.958594203
0.958594263
0.958593547
0.958593845
0.958593905
0.958593428
0.958593845
0.958593965
0.958593607
0.958594084
0.958593667
0.958594203
0.958594322
0.958594084
0.958594382
0.958594501
0.958594084
0.958594322
0.958594263
0.958593786
0.958594382
0.958594143
0.958594799
0.958594918
0.958594501
0.958594918
0.958595157
0.958595157
0.958595812
0.958596051
0.958595574
0.958595872
0.958595932
0.958596647
0.958597243
0.958597422
0.958597660
0.958597839
0.958597779
0.958598137
0.958598495
0.958598614
0.958599091
0.958599329
0.958599448
0.958599865
0.958599865
0.958600044
0.958600223
0.958600163
0.958600223
0.958600283
0.958600163
0.958600223
0.958600342
0.958600223
0.958600223
0.958599925
0.958600044
0.958600044
0.958599687
0.958599687
0.958599389
0.958599389
0.958599389
0.958599150
0.958599329
0.958599329
0.958598912
0.958598733
0.958598256
0.958598495
0.958598733
0.958598435
0.958598495
0.958598435
0.958598077
0.958598197
0.958598197
0.958597898
0.958598077
0.958597839
0.958598018
0.958598018
0.958597839
0.958598018
0.958598137
0.958597958
0.958597958
0.958597541
0.958597779
0.958597898
0.958597481
0.958597541
0.958597422
0.958596945
0.958597064
0.958597064
0.958596528
0.958596706
0.958596408
0.958596647
0.958596706
0.958596230
0.958596408
0.958596528
0.958595991
0.958596289
0.958596170
0.958596349
0.958595991
0.958595335
0.958595872
0.958596349
0.958596170
0.958596289
0.958596170
0.958595634
0.958595932
0.958595693
0.958596051
0.958596110
0.958595335
0.958595335
0.958595455
0.958595157
0.958595395
0.958595455
0.958594918
0.958595216
0.958594799
0.958594918
0.958595037
0.958594799
0.958595097
0.958594918
0.958594322
0.958594739
0.958594620
0.958595097
0.958595097
0.958594620
0.958594739
0.958594680
0.958594263
0.958594859
0.958594561
0.958594739
0.958594680
0.958594501
0.958595216
0.958595455
0.958594918
0.958595097
0.958594918
0.958595514
0.958595872
0.958595634
0.958595991
0.958596230
0.958595991
0.958596408
0.958596885
0.958597004
0.958597481
0.958597362
0.958597600
0.958597839
0.958598077
0.958598316
0.958598733
0.958598971
0.958599091
0.958599329
0.958599448
0.958599746
0.958599865
0.958600163
0.958600342
0.958600402
0.958600402
0.958600402
0.958600461
0.958600461
0.958599865
0.958599806
0.958599687
0.958599806
0.958599687
0.958599627
0.958599746
0.958599627
0.958599508
0.958599985
0.958600223
0.958599985
0.958596230
0.958592772
0.958593190
0.958592594
0.958590090
0.958590209
0.958592594
0.958591580
0.958591104
0.958560050
0.958563507
0.958542585
0.958546460
0.958567441
0.958546638
0.958557785
0.958526254
0.958543956
0.958553910
0.958557129
0.958559155
0.958536267
0.958558977
0.958565712
0.958567917
0.958517253
0.957876325
0.957323432
0.958197296
0.958228350
0.958441079
0.958497763
0.955077767
0.954381824
0.953360260
0.947712362
0.947526872
0.928912759
0.888194978
0.838353217
0.847965777
0.862907827
0.848613262
0.838253498
0.844264209
0.853471339
0.844686687
0.827675998
0.851902366
0.872333765
0.889598012
0.874196887
0.881063342
0.896534920
0.878419578
0.886391163
0.904091179
0.878042161
0.783711255
0.745063186
0.767696977
0.744693577
0.719031155
0.678502083
0.654611111
0.645646751
0.621749640
0.613225341
0.634541631
0.656374574
0.656768620
0.677564383
0.643528402
0.617294788
0.675880134
0.655339062
0.637102544
0.566160023
0.564113736
0.561269701
0.532235324
0.541152537
0.540791869
0.562806368
0.579930723
0.549919546
0.515785813
0.475429088
0.460053056
0.511109769
0.466578126
0.438005030
0.460939616
0.448920280
0.463162631
0.467149019
0.457368881
0.432169855
0.460216790
0.455585718
0.447322071
0.437653273
0.417154908
0.435465991
0.431147516
0.443331629
0.433926135
0.414715886
0.428599536
0.410834819
0.410576552
0.428911448
0.403537363
0.398418307
0.409484833
0.405119687
0.413718581
0.406939030
0.409166306
0.415283918
0.375650942
0.370062977
0.364359945
0.356565654
0.343223602
0.342844099
0.375479847
0.391390681
0.373905838
0.396440715
0.406916112
0.403108925
0.350794554
0.365011871
0.330549002
0.335163027
0.285997659
0.281900853
0.333832860
0.343244433
0.327545971
0.296419680
0.254150808
0.224891648
0.206318572
0.222883686
0.240325481
0.252626300
0.267123073
0.281486034
0.297333091
0.306891978
0.331168950
0.313113719
0.330718786
0.367399067
0.346966326
0.331118017
0.333203465
0.349366307
0.349919379
0.292670995
0.309766054
0.354082763
0.355526656
0.368095160
0.322778225
0.314141005
0.279787034
0.263462573
0.304680407
0.299774170
0.259403169
0.257287264
0.253460914
0.311958909
0.340215415
0.330397427
0.316907614
0.310097098
0.334895670
0.373830289
0.356733620
0.325425893
0.309170872
0.324129969
0.357070148
0.311247081
0.312942475
0.361493498
0.409244746
0.415937036
0.416153938
0.421787322
0.418914527
0.431327194
0.381176293
0.314410120
0.345703423
0.360464364
0.375843138
0.364771634
0.356995493
0.342471719
0.373641640
0.403511167
0.389226407
0.391627401
0.409528226
0.361130357
0.313612252
0.331318974
0.362342507
0.370754898
0.385387450
0.386273026
0.379064590
0.413662195
0.410428315
0.424197793
0.398565501
0.387748331
0.390705198
0.407554954
0.393332690
0.353656143
0.354070127
0.327405214
0.313348919
0.306514233
0.342194140
0.350463152
0.385682642
0.410904944
0.410525620
0.400515825
0.381781995
0.417337418
0.397917897
0.405131638
0.424810767
0.408757925
0.393946201
0.357492536
0.359746754
0.381128430
0.370671630
0.385170728
0.400968194
0.392307699
0.417381078
0.385348618
0.397822052
0.378616869
0.326045305
0.366916537
0.372617871
0.375145942
0.336022526
0.351962119
0.362234592
0.377250314
0.423638761
0.443329990
0.429983944
0.492207974
0.480507642
0.454883128
0.394808114
0.388476282
0.390160620
0.403483331
0.393110633
0.381450385
0.412646770
0.409032553
0.382166088
0.384894341
0.342596829
0.357637048
0.319837689
0.337599397
0.357465416
0.351333201
0.370732456
0.304479957
0.295139819
0.318161547
0.321512818
0.319995105
0.330162913
0.361291140
0.375381649
0.375968456
0.376763970
0.381119609
0.403514117
0.425820768
0.416978270
0.405277640
0.387870461
0.386417300
0.406741887
0.403107196
0.419364989
0.415513068
0.410122842
0.388998300
0.401476562
0.387043208
0.381332844
0.346486986
0.299994886
0.296515733
0.307166755
0.325198233
0.339100420
0.339621067
0.345536470
0.372600317
0.376610130
0.353523880
0.320572138
0.288532495
0.284417659
0.298452348
0.285764039
0.297230065
0.319728196
0.304938197
0.268929154
0.270439386
0.257423550
0.243962571
0.242839098
0.306593627
0.307400107
0.325772941
0.304604113
0.306993186
0.270737678
0.285745412
0.331662536
0.320524812
0.323117107
0.318023592
0.308333337
0.333792627
0.322904229
0.293899536
0.278018475
0.268519729
0.250580698
0.231420264
0.255718172
0.278315932
0.295803517
0.271779984
0.291414410
0.301288128
0.288765222
0.282279044
0.307167679
0.335807085
0.340886563
0.340235561
0.346368641
0.333012581
0.317228347
0.298815161
0.274836510
0.312132269
0.300632656
0.311555386
0.321633577
0.306537986
0.333353817
0.363433421
0.354018420
0.357557207
0.343241632
0.317734450
0.333574951
0.355578482
0.346424520
0.348411739
0.365650564
0.378205568
0.353968531
0.368977010
0.382109761
0.366691202
0.337294430
0.336897135
0.304360032
0.338745087
0.341521978
0.378709972
0.378999770
0.363729060
0.394687355
0.399186373
0.408326596
0.347675115
0.295399755
0.248671845
0.264408380
0.257131219
0.272487193
0.326527119
0.319043487
0.342340708
0.397869498
0.394381940
0.338400275
0.322323263
0.325245321
0.329502761
0.332023114
0.329171091
0.309411287
0.318146169
0.315456510
0.297615409
0.307309121
0.343810111
0.353897542
0.326737016
0.339905947
0.357109159
0.403090060
0.419544250
0.399583459
0.424804062
0.391524911
0.400036633
0.357060581
0.353392154
0.347001523
0.389654964
0.364389002
0.346620500
0.322728038
0.304018915
0.273532420
0.274281800
0.297047943
0.290023476
0.284297526
0.297529638
0.294527203
0.291043103
0.275624007
0.272673041
0.252837032
0.227767512
0.236559272
0.257942677
0.284315348
0.280198216
0.318774879
0.304074824
0.279682666
0.275947779
0.275732219
0.300357461
0.296099216
0.299596637
0.258791268
0.264106929
0.289331138
0.317975700
0.334880173
0.341132462
0.353943318
0.364998996
0.366854876
0.346654892
0.336105108
0.341181576
0.347460538
0.357288688
0.362288147
0.362461001
0.392586291
0.386772484
0.372206360
0.383298308
0.393405378
0.439026296
0.438970685
0.430391133
0.450189471
0.444899380
0.428019673
0.449466318
0.451125562
0.463216841
0.475017816
0.457601547
0.439082235
0.465556204
0.472581029
0.475593090
0.531641424
0.517938972
0.519482374
0.527904391
0.579089284
0.593807459
0.595943332
0.632438779
0.633454800
0.656886220
0.603776872
0.526919425
0.516872883
0.547807038
0.548745096
0.558012605
0.549305856
0.547393799
0.556118071
0.567568004
0.543248057
0.528282404
0.545304656
0.523324430
0.537301898
0.577632606
0.607911050
0.614594579
0.581763029
0.568523049
0.587282777
0.620067775
0.598659217
0.649318755
0.681418657
0.691438198
0.752120316
0.715838373
0.733461320
0.777501464
0.777753949
0.775573015
0.786820710
0.796316862
0.806752563
0.803103805
0.775887907
0.793126881
0.818467855
0.819977999
0.842019677
0.883070886
0.899011672
0.913566828
0.933745444
0.934064507
0.924741387
0.932538033
0.943043649
0.952532351
0.956667781
0.957503200
0.956113517
0.955748022
0.957047880
0.957924604
0.958268225
0.958364964
0.958452642
0.958467543
0.958498538
0.958464563
0.958483458
0.958525956
0.958526433
0.958547533
0.958546758
0.958472311
0.958523154
0.958541095
0.958546937
0.958552003
0.958556890
0.958557606
0.958561122
0.958560407
0.958562493
0.958573818
0.958576977
0.958579481
0.958580256
0.958578646
0.958580375
0.958581269
0.958580017
0.958581328
0.958580434
0.958581746
0.958582461
0.958580792
0.958581507
0.958581924
0.958580732
0.958581686
0.958580732
0.958582044
0.958582640
0.958581030
0.958581448
0.958581626
0.958580136
0.958581686
0.958582222
0.958580494
0.958581507
0.958580554
0.958581209
0.958581209
0.958579898
0.958581150
0.958581924
0.958580792
0.958581507
0.958581865
0.958581090
0.958582520
0.958581567
0.958582938
0.958584189
0.958583772
0.958584964
0.958585799
0.958585262
0.958586574
0.958586156
0.958587408
0.958588541
0.958588243
0.958589256
0.958590090
0.958589971
0.958591282
0.958592415
0.958592653
0.958593786
0.958593845
0.958594382
0.958595037
0.958594978
0.958595216
0.958595514
0.958595395
0.958595932
0.958596408
0.958596289
0.958596706
0.958596349
0.958596468
0.958596587
0.958596051
0.958596230
0.958596230
0.958595395
0.958595395
0.958595335
0.958594382
0.958594263
0.958593249
0.958593488
0.958593607
0.958592296
0.958591998
0.958591580
0.958590150
0.958590269
0.958588958
0.958589017
0.958588541
0.958586335
0.958585858
0.958585799
0.958584011
0.958584368
0.958584249
0.958581507
0.958581984
0.958580077
0.958580375
0.958580196
0.958577931
0.958578587
0.958579004
0.958576441
0.958576620
0.958574831
0.958576262
0.958577216
0.958575428
0.958576500
0.958577335
0.958575964
0.958577037
0.958577394
0.958575666
0.958577216
0.958576441
0.958578289
0.958579183
0.958577752
0.958578706
0.958579540
0.958577991
0.958579063
0.958580256
0.958579719
0.958581805
0.958581567
0.958583117
0.958584309
0.958583891
0.958585382
0.958586693
0.958586395
0.958587766
0.958589017
0.958589017
0.958590388
0.958590388
0.958591402
0.958592236
0.958592117
0.958593011
0.958593845
0.958593965
0.958594739
0.958595157
0.958595753
0.958596408
0.958596647
0.958597064
0.958597660
0.958597720
0.958598077
0.958598495
0.958598733
0.958599091
0.958599269
0.958599389
0.958599627
0.958599687
0.958599746
0.958600104
0.958600402
0.958600461
0.958600521
0.958600581
0.958600581
0.958600581
0.958600760
0.958600760
0.958600938
0.958600879
0.958600819
0.958600760
0.958600640
0.958600640
0.958600581
0.958600283
0.958600163
0.958600223
0.958600044
0.958600044
0.958599985
0.958599687
0.958599687
0.958599687
0.958599389
0.958599329
0.958599210
0.958598793
0.958598793
0.958598375
0.958598316
0.958598077
0.958597362
0.958597481
0.958597481
0.958596826
0.958596766
0.958596647
0.958596051
0.958596289
0.958595693
0.958595574
0.958595216
0.958594203
0.958594382
0.958594501
0.958593905
0.958594143
0.958593369
0.958593607
0.958593547
0.958592713
0.958592892
0.958592832
0.958592176
0.958592534
0.958592474
0.958591580
0.958591938
0.958591402
0.958591878
0.958592176
0.958591759
0.958592176
0.958592296
0.958591700
0.958591938
0.958592057
0.958591640
0.958592296
0.958591938
0.958592355
0.958592296
0.958591580
0.958591759
0.958592057
0.958591938
0.958592713
0.958592534
0.958593011
0.958593249
0.958592534
0.958592832
0.958593071
0.958592534
0.958592951
0.958593428
0.958593249
0.958593786
0.958593488
0.958593905
0.958594203
0.958593667
0.958594024
0.958594084
0.958593905
0.958594501
0.958594680
0.958594143
0.958594382
0.958593965
0.413629621
0.195529759
0.155833051
0.138678446
0.134317577
0.123299159
0.116836675
0.122985460
0.119163863
0.114176691
0.111144744
0.110280767
0.111064531
0.110732071
0.110376187
0.109570891
0.109094188
0.108350694
0.109250382
0.110529184
0.110445783
0.110103592
0.109605767
0.109813817
0.110213436
0.113797717
0.113815114
0.112155393
0.112412699
0.111409694
0.111479670
0.111263327
0.109837711
0.109173171
0.108623937
0.108465597
0.108726032
0.108901843
0.109292150
0.109291732
0.110025868
0.109295271
0.109333813
0.110207610
0.110602193
0.112587281
0.113837689
0.112384193
0.112849660
0.119608685
0.118316785
0.116981044
0.115861602
0.114610881
0.115043938
0.113890015
0.115634046
0.116195567
0.116407193
0.115019590
0.115440972
0.116103053
0.121129550
0.133632034
0.137027234
0.133823261
0.136921138
0.142661422
0.178478867
0.205877095
0.193129882
0.193813369
0.266987354
0.333062053
0.307333291
0.252173245
0.288408965
0.246885926
0.234266028
0.229790226
0.208580464
0.199931517
0.219212160
0.219463155
0.167874619
0.176607788
0.170375600
0.174677029
0.160154283
0.165978223
0.180568829
0.219076231
0.280207038
0.303268939
0.294113845
0.271437526
0.269396037
0.278425664
0.281046987
0.298740953
0.283448726
0.243902609
0.270094842
0.330141485
0.435598582
0.402919680
0.462750167
0.563049078
0.822345138
0.834528029
0.829825222
0.846188307
0.881201446
0.912652433
0.929029524
0.937828243
0.942380369
0.944093227
0.944119334
0.943209291
0.943354070
0.952260196
0.957893014
0.958421469
0.958510101
0.958538175
0.958556652
0.958565295
0.958570778
0.958575308
0.958578944
0.958580852
0.958583713
0.958584785
0.958586454
0.958587408
0.958588243
0.958589256
0.958589911
0.958589733
0.958590388
0.958590686
0.958590209
0.958590806
0.958590448
0.958590806
0.958590806
0.958590806
0.958590686
0.958590806
0.958590746
0.958590686
0.958590686
0.958590627
0.958590806
0.958590806
0.958590806
0.958590865
0.958590865
0.958590865
0.958590865
0.958590865
0.958590925
0.958590746
0.958591878
0.958592474
0.958592296
0.958594024
0.958594441
0.958594918
0.958595335
0.958595693
0.958595991
0.958596349
0.958596647
0.958596766
0.958597541
0.958597898
0.958598077
0.958598137
0.958598197
0.958598197
0.958598256
0.958598077
0.958597422
0.958597660
0.958597839
0.958597720
0.958598018
0.958597839
0.958598137
0.958598197
0.958598256
0.958598733
0.958598912
0.958598554
0.958598793
0.958598852
0.958598435
0.958598673
0.958598316
0.958598614
0.958598614
0.958598137
0.958598316
0.958598256
0.958597600
0.958597720
0.958597720
0.958596945
0.958597124
0.958596945
0.958596170
0.958596289
0.958595455
0.958595574
0.958595455
0.958594501
0.958594739
0.958594620
0.958593369
0.958593369
0.958593190
0.958591938
0.958592117
0.958591819
0.958590150
0.958590150
0.958588600
0.958588660
0.958588541
0.958587050
0.958587170
0.958587050
0.958585560
0.958585680
0.958585620
0.958583832
0.958584368
0.958582938
0.958583415
0.958583534
0.958581984
0.958582342
0.958582520
0.958581209
0.958582044
0.958582103
0.958580792
0.958581805
0.958580792
0.958581686
0.958582103
0.958581030
0.958582044
0.958582520
0.958581567
0.958582640
0.958583176
0.958582282
0.958583355
0.958582520
0.958583415
0.958583772
0.958582878
0.958583951
0.958584487
0.958583534
0.958584428
0.958584905
0.958584011
0.958585083
0.958584487
0.958585501
0.958586097
0.958585382
0.958586335
0.958586872
0.958586156
0.958587170
0.958587825
0.958587408
0.958588660
0.958588541
0.958589733
0.958590627
0.958590448
0.958591402
0.958592296
0.958592176
0.958593071
0.958593726
0.958593726
0.958594799
0.958594918
0.958595574
0.958596170
0.958596230
0.958596766
0.958597422
0.958597660
0.958598018
0.958598316
0.958598375
0.958598852
0.958599091
0.958598971
0.958599389
0.958599627
0.958599567
0.958599865
0.958599985
0.958599865
0.958600104
0.958600104
0.958599865
0.958600044
0.958599806
0.958599925
0.958599865
0.958599329
0.958599389
0.958598912
0.958599031
0.958599150
0.958598733
0.958598912
0.958598375
0.958598435
0.958598375
0.958597720
0.958597898
0.958597779
0.958597064
0.958597124
0.958596468
0.958596647
0.958596468
0.958595634
0.958595753
0.958595514
0.958594322
0.958594620
0.958594501
0.958593369
0.958593607
0.958592474
0.958592772
0.958592713
0.958591640
0.958591759
0.958591461
0.958590269
0.958590627
0.958589613
0.958589852
0.958589852
0.958588839
0.958589196
0.958589256
0.958588183
0.958588660
0.958588898
0.958588064
0.958588719
0.958587706
0.958588362
0.958588779
0.958588243
0.958589077
0.958589196
0.958588302
0.958588898
0.958589256
0.958588421
0.958589077
0.958588004
0.958588362
0.958588421
0.958587468
0.958588064
0.958588064
0.958586872
0.958587348
0.958587348
0.958586037
0.958586633
0.958585501
0.958586156
0.958586335
0.958585143
0.958585858
0.958585978
0.958584607
0.958585143
0.958585322
0.958584130
0.958584845
0.958583534
0.958584130
0.958584368
0.958583355
0.958584428
0.958584785
0.958583474
0.958583951
0.958584070
0.958583117
0.958584368
0.958584845
0.958584070
0.958585024
0.958584189
0.958585203
0.958585441
0.958584070
0.958584785
0.958585203
0.958584428
0.958585680
0.958586395
0.958585739
0.958586514
0.958585203
0.958585739
0.958586097
0.958585560
0.958586693
0.958587348
0.958586931
0.958587825
0.958587050
0.958587766
0.958587945
0.958586991
0.958587706
0.958588243
0.958587885
0.958589137
0.958589852
0.958589435
0.958590329
0.958589792
0.958590567
0.958591044
0.958589017
0.958586454
0.958585143
0.958579421
0.958565474
0.958574593
0.958568752
0.958538353
0.958520591
0.958528817
0.958441496
0.958288848
0.958230793
0.958323300
0.958298743
0.957784295
0.946432590
0.927236438
0.912848234
0.890682638
0.873989284
0.889996648
0.872137427
0.843681991
0.856203079
0.839065433
0.831832290
0.771845460
0.777853489
0.763816237
0.776443005
0.747954965
0.700443089
0.698947132
0.688317716
0.656539559
0.620910406
0.697526276
0.671971858
0.676684499
0.665280521
0.663186431
0.688031077
0.652950466
0.618295312
0.600948811
0.579344988
0.611815929
0.630856931
0.614405096
0.601020336
0.649497151
0.644802272
0.645362556
0.629011929
0.643277287
0.664747596
0.633660972
0.633837104
0.569715798
0.586468995
0.559761763
0.598659217
0.614531517
0.639364064
0.627048731
0.599001467
0.619961500
0.620561123
0.615490973
0.638545096
0.622290015
0.629406214
0.579549789
0.532876074
0.545036852
0.549348950
0.584579945
0.572597980
0.575993061
0.561166584
0.576022089
0.588779747
0.594162583
0.556978762
0.541525126
0.542143703
0.525900185
0.529444814
0.586186409
0.619939864
0.643144965
0.652817488
0.625242233
0.624941587
0.640482128
0.639428318
0.631654799
0.613272071
0.608041883
0.628914773
0.647351146
0.649931252
0.654433191
0.651600301
0.715749443
0.761223018
0.789855540
0.752521515
0.783983171
0.794654489
0.814520061
0.822244287
0.812215149
0.828465223
0.844668925
0.864423752
0.891898632
0.920718014
0.946617305
0.955914378
0.957783043
0.958212912
0.958380282
0.958453774
0.958491147
0.958517909
0.958536088
0.958546519
0.958556533
0.958561718
0.958569348
0.958576322
0.958579838
0.958583832
0.958586752
0.958589077
0.958591759
0.958592772
0.958593667
0.958593905
0.958594918
0.958595395
0.958596230
0.958596826
0.958596528
0.958596766
0.958596826
0.958597004
0.958597362
0.958597362
0.958597898
0.958598256
0.958598197
0.958598495
0.958598733
0.958598554
0.958598971
0.958599150
0.958598793
0.958598971
0.958598375
0.958593369
0.958593249
0.958565235
0.958576918
0.958578408
0.958571732
0.958559573
0.958572209
0.958553791
0.958565712
0.957963824
0.956676185
0.946470976
0.922229290
0.926888943
0.910374045
0.873854160
0.846413016
0.809073746
0.766779363
0.794556797
0.770460904
0.788848877
0.787935913
0.710319042
0.682558119
0.632661641
0.708512604
0.692047238
0.627400577
0.583708942
0.582857847
0.589109302
0.590037167
0.604066014
0.594284475
0.585732460
0.591643274
0.553300261
0.481279820
0.430698454
0.460192710
0.469074517
0.451761872
0.486162245
0.464496017
0.474723309
0.482552946
0.448682457
0.446441531
0.427260727
0.418194532
0.444081157
0.445811927
0.458258450
0.427439511
0.422346830
0.418420911
0.415408432
0.403621256
0.401894838
0.419180572
0.422313035
0.436785251
0.450023353
0.454257607
0.447909296
0.454106241
0.432111055
0.454517871
0.463706017
0.450612426
0.453121156
0.446690112
0.462661743
0.468309253
0.462743431
0.436632365
0.434282452
0.443725049
0.440308541
0.401584625
0.373550177
0.404977947
0.420025647
0.404534101
0.404916376
0.407690883
0.407343209
0.431787193
0.446003199
0.462896705
0.462160587
0.446692288
0.445987314
0.441824496
0.476886719
0.483537585
0.490947545
0.481720567
0.508052766
0.496678352
0.503020465
0.545078456
0.483053952
0.469371855
0.484758109
0.482176006
0.514400363
0.546404421
0.559275985
0.581905246
0.561372399
0.573128998
0.618996859
0.641575933
0.683823764
0.708814561
0.730220437
0.799691439
0.847916782
0.893209279
0.927852154
0.950323164
0.956726491
0.957893789
0.958216667
0.958349347
0.958429575
0.958476603
0.958499193
0.958527684
0.958540976
0.958552420
0.958561897
0.958568811
0.958574951
0.958577514
0.958581805
0.958584011
0.958586276
0.958589554
0.958591104
0.958592594
0.958593369
0.958593845
0.958594382
0.958594739
0.958595455
0.958595991
0.958595335
0.958595693
0.958595932
0.958595514
0.958595276
0.958595395
0.958594561
0.958594680
0.958594620
0.958593428
0.958593369
0.958593071
0.958591580
0.958591640
0.958591282
0.958589554
0.958589613
0.958589137
0.958586514
0.958586097
0.958585501
0.958582938
0.958583295
0.958580792
0.958580136
0.958579302
0.958575249
0.958574891
0.958574831
0.958571613
0.958571732
0.958571315
0.958566189
0.958566427
0.958562315
0.958563328
0.958563864
0.958559752
0.958560407
0.958560407
0.958555996
0.958557248
0.958558202
0.958554506
0.958556712
0.958553255
0.958554745
0.958554983
0.958550513
0.958552718
0.958539248
0.958547413
0.958522975
0.958491862
0.958471060
0.958304465
0.958202779
0.958132684
0.953167498
0.954324484
0.956261754
0.956982195
0.950195849
0.932857573
0.912274539
0.895593405
0.846468031
0.740694225
0.692731559
0.687572002
0.657694399
0.605163634
0.582854569
0.546795428
0.429317564
0.420657843
0.447370142
0.438578844
0.387568206
0.356290400
0.366914958
0.361405224
0.368163228
0.405959189
0.371046364
0.366980314
0.360006422
0.353069603
0.365986764
0.373529106
0.391447127
0.372534662
0.358738363
0.347315758
0.350109279
0.342348307
0.370472163
0.389556974
0.398107320
0.388233989
0.396747768
0.389608294
0.385262072
0.410997897
0.405411899
0.395004630
0.381478965
0.388538659
0.389757156
0.379508585
0.389451116
0.377752334
0.398727626
0.407989204
0.428082824
0.424048573
0.409611017
0.404824734
0.381300539
0.381254166
0.387216747
0.410033017
0.416976541
0.417103350
0.422069550
0.414895386
0.396514237
0.389709711
0.388115019
0.378691941
0.363950402
0.407525122
0.407281190
0.378974766
0.385137141
0.402530581
0.411936253
0.425349355
0.454576522
0.429188430
0.444661677
0.454101831
0.443679452
0.443189234
0.446909100
0.420222670
0.410279453
0.415350139
0.431903988
0.404912770
0.379070044
0.396301925
0.412814230
0.438055068
0.453249156
0.457376748
0.421588391
0.409952074
0.446922630
0.452093989
0.448030055
0.451150537
0.448800653
0.485443473
0.464173466
0.509515643
0.536393464
0.542369425
0.607465744
0.637124777
0.680350125
0.723331034
0.732572973
0.766531825
0.843762755
0.907624602
0.943011343
0.954761505
0.957527459
0.958021283
0.958299816
0.958381295
0.958447099
0.958479285
0.958498061
0.958526850
0.958538830
0.958545089
0.958552599
0.958558798
0.958563209
0.958567858
0.958569944
0.958573341
0.958575189
0.958576083
0.958578646
0.958580613
0.958580434
0.958582640
0.958582938
0.958584964
0.958586276
0.958586335
0.958587587
0.958588541
0.958588719
0.958589792
0.958590448
0.958590269
0.958591163
0.958591104
0.958591878
0.958592296
0.958591700
0.958592176
0.958592296
0.958591580
0.958591878
0.958592057
0.958591223
0.958591580
0.958590508
0.958590865
0.958591104
0.879197598
0.459794015
0.264399767
0.253034532
0.349083096
0.304509342
0.240842089
0.238254428
0.203367531
0.189360142
0.158491999
0.148700476
0.146316230
0.141525894
0.152409822
0.149485350
0.143841803
0.158953682
0.166289061
0.163256928
0.159626126
0.159870803
0.178449750
0.170860976
0.221098706
0.339982897
0.521073937
0.819939375
0.884297609
0.900942981
0.914104462
0.916735828
0.915012836
0.932276011
0.954350054
0.957771122
0.958241463
0.958374202
0.958434641
0.958472311
0.958497524
0.958514214
0.958528459
0.958539069
0.958545804
0.958552957
0.958558083
0.958561003
0.958565712
0.958568037
0.958571434
0.958573759
0.958574176
0.958576560
0.958578467
0.958578408
0.958579659
0.958580613
0.958580554
0.958582163
0.958581746
0.958582819
0.958583713
0.958582878
0.958583772
0.958584130
0.958582878
0.958583653
0.958582520
0.958583236
0.958583653
0.958582878
0.958583653
0.958583832
0.958582580
0.958583415
0.958583713
0.958582163
0.958582819
0.958581626
0.958582342
0.958582580
0.958581209
0.958582044
0.958582282
0.958580852
0.958581626
0.958582044
0.958580613
0.958581448
0.958580434
0.958581507
0.958581984
0.958580792
0.958581805
0.958582520
0.958581626
0.958583057
0.958583891
0.958583176
0.958584607
0.958584309
0.958585680
0.958586514
0.958585978
0.958587170
0.958588421
0.958588481
0.958589554
0.958589256
0.958590388
0.958591521
0.958591759
0.958592713
0.958593547
0.958593607
0.958594620
0.958595216
0.958594918
0.958595634
0.958595872
0.958596528
0.958597124
0.958597243
0.958597660
0.958598018
0.958598018
0.958598316
0.958598435
0.958598733
0.958599091
0.958599091
0.958599269
0.958599508
0.958599448
0.958599627
0.958599865
0.958599806
0.958600104
0.958600223
0.958600163
0.958600402
0.958600283
0.958600402
0.958600402
0.958600104
0.958600163
0.958600163
0.958599985
0.958600104
0.958599925
0.958600163
0.958600223
0.958597183
0.958589613
0.958584309
0.958584309
0.958559513
0.958578169
0.958551705
0.958485901
0.958523989
0.958522677
0.958517909
0.958474278
0.958498597
0.958491564
0.958406746
0.958365381
0.957952440
0.949723899
0.946413636
0.954222202
0.952267826
0.941908598
0.941525519
0.946882129
0.919086814
0.879595876
0.885717988
0.874223948
0.867898643
0.856520951
0.858347893
0.842893243
0.823606908
0.831560373
0.801104009
0.789184511
0.760936737
0.728571057
0.689104199
0.714477420
0.658391893
0.634791017
0.652558863
0.630356967
0.689365506
0.676368475
0.690086722
0.653624475
0.633912802
0.655875027
0.698515415
0.688325644
0.665710986
0.733949661
0.772652030
0.801000297
0.849208593
0.821486294
0.789315283
0.761720359
0.792982697
0.736604393
0.701803267
0.725704730
0.695258975
0.699096382
0.681559145
0.656092465
0.689079165
0.678105652
0.660657942
0.711239934
0.678765655
0.661761403
0.655247748
0.664758623
0.697257519
0.717979014
0.709878027
0.727191806
0.718333125
0.721970320
0.721523285
0.765380383
0.790221870
0.781086028
0.733554959
0.750187397
0.697078943
0.652963161
0.643769860
0.685542285
0.687005043
0.656556726
0.668118179
0.664350927
0.680746973
0.673111498
0.646104455
0.683442891
0.688323081
0.736564457
0.747123659
0.736181378
0.726423204
0.755421638
0.740023971
0.728781343
0.770881414
0.786357641
0.832311928
0.866990983
0.865175068
0.876018345
0.885586441
0.911875248
0.934169948
0.948177397
0.954979360
0.956796110
0.957985580
0.958275020
0.958342552
0.958452165
0.958492637
0.958515406
0.958528817
0.958536685
0.958545029
0.958552897
0.958555996
0.958560944
0.958567441
0.958570600
0.958573341
0.958573878
0.958575606
0.958576798
0.958576560
0.958578229
0.958578706
0.958578050
0.958579242
0.958579719
0.958578706
0.958572507
0.958579540
0.958576560
0.958559513
0.958557665
0.958508492
0.958536744
0.958532393
0.958354056
0.957975328
0.958133042
0.958346546
0.957907617
0.957605600
0.958293140
0.958226800
0.946352959
0.921825707
0.918950677
0.918928921
0.887767196
0.848233223
0.828333199
0.768321097
0.755166113
0.731502056
0.753324389
0.717218280
0.761272073
0.705711603
0.667837977
0.677978337
0.626720190
0.539728165
0.554651022
0.559383810
0.614084482
0.602254808
0.575173497
0.567705572
0.516862631
0.534608483
0.513027132
0.503018916
0.511778653
0.519133270
0.513783753
0.514452755
0.511595488
0.496529788
0.524566472
0.529099643
0.466506064
0.452621460
0.497729599
0.496389121
0.516902208
0.439750791
0.457298070
0.440722883
0.424160182
0.438071251
0.448980391
0.443599880
0.428316057
0.456930071
0.434970409
0.451392472
0.461610585
0.450771868
0.452044457
0.451085150
0.454100817
0.465711236
0.419000566
0.434486091
0.446949720
0.422679245
0.417832673
0.418380231
0.424053788
0.421643227
0.450227559
0.451291531
0.415024340
0.426230997
0.432710499
0.456013024
0.459569722
0.432159007
0.441142470
0.433180779
0.431869835
0.412956208
0.422872543
0.416379631
0.412136585
0.407352209
0.436115116
0.431122899
0.476110458
0.496718735
0.480888754
0.491066992
0.494301260
0.503048658
0.502930760
0.530693650
0.522541106
0.508277237
0.588869691
0.581254900
0.586835206
0.551465809
0.562658966
0.626660466
0.664482832
0.694670796
0.765079439
0.821573317
0.860482097
0.898176908
0.927136004
0.947238624
0.955068529
0.957418203
0.958036005
0.958301008
0.958384335
0.958452404
0.958482087
0.958504856
0.958523989
0.958534420
0.958543003
0.958548844
0.958553612
0.958558500
0.958562315
0.958563745
0.958566844
0.958569467
0.958569825
0.958572030
0.958571672
0.958573341
0.958574533
0.958574116
0.958575726
0.958576560
0.958575368
0.958576441
0.958575845
0.958577335
0.958577812
0.958576798
0.958578229
0.958578765
0.958577454
0.958578646
0.958578885
0.958577514
0.958578527
0.958577156
0.958578289
0.958578765
0.958577812
0.958578885
0.958579183
0.958578110
0.958579242
0.958579719
0.958578646
0.958579779
0.958578587
0.958579421
0.958579600
0.958578348
0.958579302
0.958579540
0.958578110
0.958578765
0.958578825
0.958577514
0.958578765
0.958577752
0.958579123
0.958579719
0.958578825
0.958579898
0.958580136
0.958578885
0.958579838
0.958580017
0.958578825
0.958580077
0.958580375
0.958579123
0.958580017
0.958578885
0.958579719
0.958579838
0.958578646
0.958579898
0.958580375
0.958579183
0.958579898
0.958579898
0.958578587
0.958579779
0.958578706
0.958579302
0.958578825
0.958576977
0.958577931
0.958578348
0.958577037
0.958567560
0.958560467
0.958572090
0.958568871
0.958569348
0.958447456
0.958442330
0.958134949
0.958140373
0.958192408
0.958329856
0.956693828
0.934108257
0.894851089
0.836445808
0.814405143
0.717458308
0.718985796
0.734813511
0.688921392
0.642854512
0.599437296
0.599563599
0.594514370
0.548507035
0.513149619
0.512102604
0.516971231
0.502413809
0.483382463
0.463465005
0.425707579
0.399919391
0.430447996
0.444293231
0.422977984
0.427975506
0.431492865
0.405851334
0.400095791
0.433751881
0.485470980
0.488092303
0.454492152
0.476540893
0.476170570
0.429715544
0.418381661
0.415901154
0.414233267
0.379201114
0.385995686
0.359807253
0.354315430
0.360763460
0.321192950
0.314442992
0.310140580
0.315325826
0.317641258
0.309781611
0.337119132
0.366729528
0.370356828
0.332597554
0.327209294
0.309107423
0.323506474
0.374983191
0.340555847
0.335922182
0.329627305
0.346965134
0.352130592
0.343142271
0.315629870
0.320285171
0.339859128
0.321500182
0.351326138
0.329182327
0.326335847
0.294522285
0.293211102
0.367570072
0.395485014
0.396100610
0.415351570
0.402282953
0.393587112
0.384042799
0.391790330
0.397539407
0.404422134
0.354961783
0.332520783
0.351781249
0.354285240
0.377313972
0.407823831
0.396599114
0.406672865
0.412340343
0.374756783
0.375670940
0.384046108
0.409802407
0.404104322
0.407155126
0.404847413
0.448987752
0.435952067
0.437423497
0.431822300
0.470318466
0.481132865
0.472381592
0.530722737
0.578241050
0.636132598
0.692154467
0.764555812
0.826200247
0.883557022
0.926079094
0.948591948
0.955904305
0.957447052
0.958020031
0.958223522
0.958361566
0.958420932
0.958464921
0.958508670
0.958523214
0.958545327
0.958554983
0.958562493
0.958569884
0.958573580
0.958579421
0.958582461
0.958584845
0.958587766
0.958589673
0.958591044
0.958592296
0.958593071
0.958593071
0.958594441
0.958595037
0.958595335
0.958595753
0.958595872
0.958595932
0.958596289
0.958596528
0.958596647
0.958596110
0.958596289
0.958595991
0.958595276
0.958595455
0.958594620
0.958594680
0.958594620
0.958593547
0.934701204
0.525009990
0.320009083
0.210464492
0.154909223
0.154604211
0.189440086
0.187870577
0.162660688
0.178256020
0.218817636
0.234034911
0.222606063
0.227702543
0.241817713
0.250234634
0.244122177
0.251871288
0.218616381
0.174958706
0.163011074
0.142648011
0.133402959
0.140816733
0.168230668
0.235300824
0.353938282
0.493189663
0.769864738
0.870541453
0.899184465
0.912767470
0.916391969
0.943855524
0.956310928
0.957963705
0.958258986
0.958363593
0.958421111
0.958456814
0.958478630
0.958497763
0.958512008
0.958519816
0.958529294
0.958533406
0.958540082
0.958545446
0.958545864
0.958549500
0.958551645
0.958550274
0.958553195
0.958555579
0.958553910
0.958556890
0.958554804
0.958557606
0.958559632
0.958556890
0.958558917
0.958560586
0.958558738
0.958560765
0.958562195
0.958560348
0.958563745
0.958562613
0.958565474
0.958567441
0.958565593
0.958567202
0.958568096
0.958565950
0.958568275
0.958567142
0.958569586
0.958570600
0.958568096
0.958569407
0.500000000
0.500000000
