1.0000000000
1.0000000000
1.0000000000
1.0000000000
1.0000000000
1.0000000000
1.0000000000
1.0000000000
1.0000000000
1.0000000000
1.0000000000
1.0000000000
1.0000000000
1.0000000000
1.0000000000
1.0000000000
1.0000000000
1.0000000000
1.0000000000
1.0000000000
1.0000000000
1.0000000000
1.0000000000
1.0000000000
1.0000000000
1.0000000000
1.0000000000
1.0000000000
1.0000000000
1.0000000000
1.0000000000
1.0000000000
1.0000000000
1.0000000000
1.0000000000
1.0000000000
1.0000000000
1.0000000000
1.0000000000
1.0000000000
1.0000000000
1.0000000000
1.0000000000
1.0000000000
1.0000000000
1.0000000000
1.0000000000
1.0000000000
1.0000000000
1.0000000000
1.0000000000
1.0000000000
1.0000000000
1.0000000000
1.0000000000
1.0000000000
1.0000000000
1.0000000000
1.0000000000
1.0000000000
1.0000000000
1.0000000000
1.0000000000
0.9924795600
0.9906777100
0.9910715200
0.9959354400
0.9929343500
0.9905789500
0.9902833700
0.9894489000
0.9907956700
0.9861196300
0.9874711600
0.9827600700
0.9746339300
0.9826070700
0.9846161000
0.9749223000
0.9821109200
0.9802870200
0.9803573500
0.9867374300
0.9915212400
0.9915385800
0.9880330600
0.9927694800
0.9932676600
0.9930521200
0.9940019200
0.9924414200
0.9921698000
0.9934501100
0.9945202500
0.9952244800
0.9936838200
0.9916079000
0.9912790700
0.9938569700
0.9961399400
0.9964399900
0.9972230200
0.9973738200
0.9972688600
0.9968283800
0.9961304700
0.9964145400
0.9970337200
0.9973850800
0.9972783900
0.9974257300
0.9975541200
0.9977527300
0.9967688300
0.9971932800
0.9961673600
0.9958590900
0.9948851500
0.9931848600
0.9951247600
0.9961642000
0.9942653800
0.9926316700
0.9922078300
0.9946402900
0.9971205000
0.9976031200
0.9975885200
0.9971428500
0.9962050300
0.9972997300
0.9971908900
0.9968203300
0.9983122300
0.9976933600
0.9969870400
0.9979035900
0.9975761800
0.9968634800
0.9955650000
0.9949952400
0.9957000000
0.9956213800
0.9962426400
0.9966141600
0.9967951200
0.9970893300
0.9975788000
0.9976837600
0.9977079600
0.9978992900
0.9980866900
0.9981237100
0.9982452400
0.9973069400
0.9974850400
0.9972896600
0.9958264200
0.9920033200
0.9921155600
0.9902198900
0.9890368600
0.9869545100
0.9863357500
0.9889962700
0.9861081200
0.9887071800
0.9883005600
0.9861205200
0.9833884200
0.9926804900
0.9933193900
0.9834207900
0.9942449900
0.9943423300
0.9954068700
0.9967783100
0.9974901700
0.9980161200
0.9982259900
0.9982578200
0.9982020900
0.9979060900
0.9978337900
0.9981650700
0.9971549500
0.9961978800
0.9949805100
0.9954503200
0.9963623900
0.9969909200
0.9962089100
0.9971777200
0.9942874300
0.9956193600
0.9962009800
0.9965936500
0.9971361200
0.9974344400
0.9978006500
0.9977783600
0.9981148200
0.9979488300
0.9979465600
0.9968380900
0.9965600400
0.9965159900
0.9954868000
0.9967363500
0.9969027600
0.9960627000
0.9957553100
0.9958101500
0.9948622600
0.9976115200
0.9977788300
0.9974390300
0.9924582800
0.9963082100
0.9959203000
0.9966689900
0.9948301900
0.9972201600
0.9935791500
0.9968015000
0.9970732900
0.9968647400
0.9971707500
0.9972368500
0.9981424800
0.9970805000
0.9981332400
0.9980298900
0.9985597700
0.9981988100
0.9980506900
0.9977726300
0.9974253800
0.9970832500
0.9976517600
0.9972420900
0.9974407000
0.9979568700
0.9961423300
0.9966905100
0.9961156800
0.9951307800
0.9955887800
0.9960469600
0.9961845300
0.9961414900
0.9963148200
0.9964770700
0.9968756400
0.9959152300
0.9957497100
0.9961082300
0.9952680500
0.9952314500
0.9948575500
0.9946612700
0.9954849500
0.9954108600
0.9939711100
0.9928038700
0.9951207000
0.9907281400
0.9882239100
0.9850382200
0.9924293200
0.9899600700
0.9961896500
0.9907107900
0.9856853500
0.9758898600
0.9903051900
0.9944732800
0.9971662200
0.9945959400
0.9964767100
0.9932637200
0.9928159700
0.9954358900
0.9974526800
0.9962827600
0.9948908100
0.9962136100
0.9965762500
0.9971129900
0.9978493500
0.9985086300
0.9981628100
0.9960010600
0.9950626500
0.9969142700
0.9952686400
0.9970703100
0.9958269000
0.9956011800
0.9955926500
0.9949525600
0.9937076600
0.9939828500
0.9925365400
0.9920352100
0.9948586200
0.9903091800
0.9774286200
0.9842785000
0.9863839700
0.9902762200
0.9937112300
0.9877343800
0.9913363500
0.9934848000
0.9949532200
0.9948808000
0.9937306600
0.9976225500
0.9955835900
0.9930692900
0.9904903200
0.9950881600
0.9933269000
0.9906659700
0.9908151600
0.9829240400
0.9676036800
0.9679039700
0.9902398600
0.9964807600
0.9970637000
0.9950287900
0.9938812300
0.9867467900
0.9846477500
0.9892773600
0.9956651300
0.9952158900
0.9949032100
0.9826007500
0.9823585200
0.9939985300
0.9953474400
0.9953977500
0.9952842600
0.9955370400
0.9950160400
0.9944279200
0.9935442200
0.9908815600
0.9954961500
0.9962389500
0.9948939100
0.9963820000
0.9967675200
0.9936751700
0.9971609100
0.9947203400
0.9931315800
0.9947384000
0.9957897100
0.9958563400
0.9960972700
0.9932140100
0.9969040800
0.9971016000
0.9971938100
0.9945035000
0.9979764800
0.9968999600
0.9979019200
0.9981048100
0.9978385600
0.9950609800
0.9968140700
0.9973478300
0.9958997400
0.9953479200
0.9932072800
0.9910798700
0.9949494600
0.9925064400
0.9924534000
0.9939593100
0.9955660700
0.9947520500
0.9944128400
0.9965843000
0.9924566700
0.9924114900
0.9875347600
0.9810590100
0.9941892600
0.9893424500
0.9918839900
0.9938839100
0.9924764000
0.9918245700
0.9866316900
0.9951831700
0.9935211500
0.9943752300
0.9924532800
0.9950274800
0.9936251600
0.9893457300
0.9938498100
0.9835769500
0.9886891200
0.9813203200
0.9896054300
0.9937030700
0.9883235700
0.9904652800
0.9919431200
0.9929130700
0.9932982300
0.9907410100
0.9941860400
0.9882431600
0.9963755000
0.9960879100
0.9963204900
0.9965854900
0.9963144700
0.9945046300
0.9953715200
0.9964116200
0.9960609100
0.9891510000
0.9945403900
0.9932025100
0.9948274500
0.9961146100
0.9921211000
0.9963290100
0.9945899200
0.9919378200
0.9938761600
0.9949607800
0.9955066400
0.9969424600
0.9972087700
0.9979265900
0.9985911300
0.9985787900
0.9990272500
0.9991243500
0.9992753900
0.9989597800
0.9994565800
0.9992886800
0.9991836000
0.9987234500
0.9990826800
0.9989179400
0.9991705400
0.9985938700
0.9987263100
0.9985948200
0.9978405200
0.9973546300
0.9978216900
0.9972271300
0.9955087900
0.9972263000
0.9957939400
0.9943160400
0.9960892200
0.9970742500
0.9978776000
0.9885299800
0.9980750100
0.9976267200
0.9958849500
0.9944965200
0.9961555600
0.9929150300
0.9968234300
0.9973709600
0.9986812500
0.9959201800
0.9963777700
0.9955526000
0.9962240500
0.9950973400
0.9970039700
0.9961448900
0.9966542700
0.9889749300
0.9972184900
0.9966555800
0.9975600200
0.9969122400
0.9947781600
0.9965686800
0.9900738000
0.9968906000
0.9952006300
0.9941889000
0.9916657800
0.9946644300
0.9965127100
0.9894961700
0.9947421600
0.9957352900
0.9944685700
0.9965795900
0.9957222900
0.9913588800
0.9953110800
0.9962065200
0.9947187900
0.9960802200
0.9924618600
0.9960391500
0.9924126300
0.9947292200
0.9943506700
0.9964647300
0.9931808700
0.9941494500
0.9967480900
0.9954924600
0.9964785000
0.9957875600
0.9983723800
0.9947052600
0.9978966700
0.9964307000
0.9967210900
0.9973666100
0.9945311000
0.9951905000
0.9959322800
0.9935936300
0.9960100700
0.9908241000
0.9774774900
0.9783819900
0.9893139600
0.9893576500
0.9928216300
0.9887080200
0.9906615600
0.9896917900
0.9872142100
0.9887268500
0.9934025400
0.9942570300
0.9924901100
0.9889739800
0.9888081000
0.9856939900
0.9919869900
0.9917643700
0.9934309100
0.9895936300
0.9883233300
0.9894568300
0.9918268900
0.9930784100
0.9945998200
0.9915949700
0.9919034800
0.9937506300
0.9933464500
0.9937585600
0.9932875000
0.9931066600
0.9954451300
0.9968602700
0.9951283900
0.9929220700
0.9946745600
0.9947580700
0.9956247200
0.9953348000
0.9948318000
0.9949979800
0.9940971100
0.9955591000
0.9963691200
0.9954546700
0.9961494200
0.9957196100
0.9947779200
0.9938455200
0.9950432800
0.9970107100
0.9951531900
0.9956289500
0.9961470400
0.9952174400
0.9948118900
0.9962275000
0.9956333000
0.9945296600
0.9962056900
0.9948320400
0.9947745200
0.9956170300
0.9946677700
0.9968208100
0.9958207600
0.9950496600
0.9960182300
0.9957478600
0.9930266100
0.9920305000
0.9949619800
0.9966312100
0.9958363800
0.9963975500
0.9962335200
0.9940881700
0.9945443900
0.9961661100
0.9943429200
0.9934086800
0.9947161100
0.9913210300
0.9944968800
0.9944616000
0.9960130500
0.9951545000
0.9897602200
0.9897338700
0.9832842900
0.9920914200
0.9917248500
0.9912885400
0.9919648200
0.9931666300
0.9874610300
0.9885919700
0.9901421700
0.9839259400
0.9800745200
0.9778010200
0.9785782700
0.9858127200
0.9768787000
0.9947351200
0.9872509200
0.9811908600
0.9806630000
0.9939217600
0.9897225500
0.9809761000
0.9871515000
0.9953801600
0.9848823000
0.9933289300
0.9889465000
0.9923782300
0.9898697700
0.9916894400
0.9889218800
0.9852445700
0.9860987700
0.9893180700
0.9919243500
0.9881933300
0.9921937000
0.9911454300
0.9877564900
0.9893514500
0.9886454300
0.9861666000
0.9919635100
0.9908148600
0.9880600600
0.9837958800
0.9846673000
0.9859990500
0.9896763000
0.9845902900
0.9833415200
0.9898682800
0.9849862500
0.9870261500
0.9881448700
0.9805073100
0.9832720200
0.9842189000
0.9883578400
0.9877014800
0.9889158000
0.9901323300
0.9890320900
0.9782801900
0.9901624900
0.9858378800
0.9823613800
0.9864742200
0.9880572600
0.9892639500
0.9739670800
0.9646656500
0.9583161500
0.9389387400
0.8930593100
0.8350306700
0.8254080400
0.8183406000
0.8299252400
0.8166580200
0.8194965700
0.7687833300
0.7569503200
0.8018585400
0.7515566900
0.8067621000
0.8052518400
0.8004249300
0.7492440900
0.7314288000
0.7027549100
0.7082278700
0.6353726400
0.6210666300
0.6061438300
0.5998441000
0.5665106200
0.6384893100
0.5957514000
0.6039639700
0.6219320300
0.5889663100
0.6161693900
0.5440647000
0.5586487100
0.5849304200
0.5545206700
0.5231459100
0.5211572600
0.5059196400
0.5052103400
0.5034949200
0.4859162900
0.4674118800
0.5078415900
0.4794678700
0.4699571400
0.4884386700
0.4798480600
0.4682589500
0.4860362100
0.4753440900
0.4746907700
0.4775213600
0.4968869700
0.4897705600
0.4540600200
0.4888910700
0.4886128000
0.4721185000
0.4873939800
0.4853555600
0.4880615200
0.4972790500
0.4633382900
0.4578436300
0.4687384100
0.4531624000
0.4615201100
0.4512683200
0.4614994800
0.4741534000
0.4621739100
0.4728808700
0.4786172500
0.4847886300
0.4645820000
0.4702729300
0.4974560400
0.5184668900
0.5526735800
0.5128850300
0.5203214900
0.5009914000
0.4789971400
0.4829651400
0.4764274100
0.4772492900
0.4450531300
0.4509609900
0.4537552600
0.4505671000
0.4341724200
0.4575416400
0.4561047900
0.4512488500
0.4358029100
0.4640934500
0.4679091600
0.4360111100
0.4470855900
0.4610604600
0.4744344400
0.4771566100
0.4798108600
0.4569061100
0.4650889600
0.4681451000
0.4369692200
0.4849903300
0.4521603300
0.4774893800
0.4850486500
0.4841956200
0.4767268600
0.4930352300
0.4832843500
0.4776470400
0.4622511300
0.4803019500
0.4761145100
0.4768712500
0.4760627200
0.4779675600
0.4890123600
0.4731430100
0.4713094500
0.4766910100
0.4726105300
0.4595356900
0.4628662800
0.4629404200
0.4524445500
0.4771673700
0.4606440400
0.4606194500
0.4671924100
0.4621040500
0.4754706000
0.4721859400
0.4662462800
0.4695360100
0.4680429400
0.4694201600
0.4768697900
0.4693704800
0.4710291900
0.4616415200
0.4664421100
0.4796365800
0.4723156400
0.4754510200
0.4624748800
0.4759825500
0.4868817300
0.4845784300
0.4964252700
0.4907051300
0.4930233100
0.4848268600
0.4751833700
0.4840938200
0.4750820400
0.4735709100
0.4981014400
0.4916674500
0.4826225900
0.4836101500
0.4641797800
0.4798579500
0.4924708600
0.4845452300
0.5025579900
0.4942310800
0.4740727200
0.5855489400
0.4995325500
0.4641819600
0.4463671400
0.4389904100
0.4550758600
0.4357394900
0.4101024600
0.4335445200
0.4208020600
0.4425294100
0.4708066000
0.4608145400
0.4645533000
0.4084439900
0.4289005100
0.4502307800
0.4503898300
0.4533780800
0.4577043700
0.4399668300
0.4620307400
0.4610757800
0.4645865300
0.4682084900
0.4733444200
0.4679856000
0.4772834500
0.4819764200
0.4799146700
0.4777170400
0.4837875400
0.4577540200
0.4619391900
0.4625026300
0.4648521800
0.4695716200
0.4948158900
0.4611052300
0.5184994900
0.5262467300
0.5260943200
0.5171818100
0.4888390900
0.4694963700
0.4627123200
0.4711395800
0.4756052200
0.4837614900
0.4577159600
0.4705993200
0.4721529800
0.4622322900
0.4609780900
0.4635789700
0.4634941500
0.4600220000
0.4660802800
0.4613061000
0.4591412500
0.4674693600
0.4654991900
0.4727850900
0.4752643700
0.4702732300
0.4715694800
0.4717559800
0.4705415700
0.4774645900
0.4769716300
0.4774065000
0.4742993400
0.4738265300
0.4704766600
0.4803149700
0.4814213500
0.4821495700
0.4806194000
0.4822509000
0.4812654000
0.4804398700
0.4811897600
0.4833598700
0.4961637000
0.4886155100
0.5079755800
0.4983760100
0.4986996100
0.5026514500
0.5078950500
0.5251000500
0.5505013500
0.5737694500
0.6100268400
0.6341288700
0.6437833900
0.6544972700
0.6483126300
0.6752148300
0.7098723600
0.7325497900
0.7560887900
0.7679748500
0.7778815600
0.8086258800
0.8478660000
0.8511925300
0.8507075900
0.8258821400
0.8228434900
0.8372895700
0.7922509300
0.8444103600
0.8190108500
0.8649748000
0.9144298400
0.9368999000
0.9277408700
0.9571827700
0.9644262200
0.9695401800
0.9717307100
0.9898580900
0.9883835900
0.9827477300
0.9638144400
0.9626550700
0.9726910000
0.9563791200
0.9573540700
0.9668094500
0.9595387000
0.9528386000
0.9476889400
0.9504198400
0.9461963800
0.9475646600
0.9541313100
0.9582614300
0.9675818100
0.9713009000
0.9684514400
0.9688394100
0.9557265600
0.9581851400
0.9619025600
0.9788956600
0.9777123900
0.9762767600
0.9786064600
0.9737209700
0.9777545300
0.9799123400
0.9781472100
0.9800705300
0.9774547800
0.9864180100
0.9846555000
0.9859470100
0.9859406900
0.9929505600
0.9947315500
0.9941453900
0.9871647400
0.9841922500
0.9879185600
0.9837523700
0.9764561700
0.9742605100
0.9700653600
0.9789031700
0.9826216700
0.9881614400
0.9886864400
0.9935255100
0.9935920800
0.9947810800
0.9962434800
0.9962995600
0.9971496500
0.9974142300
0.9923619000
0.9939644900
0.9914937000
0.9871469700
0.9823622100
0.9758874800
0.9709277700
0.9728528900
0.9765014100
0.9759166800
0.9888074400
0.9862374100
0.9904450200
0.9836126000
0.9900810100
0.9931618000
0.9969099200
0.9943158000
0.9949019000
0.9918481100
0.9846038200
0.9804773300
0.9756692600
0.9770401700
0.9786225000
0.9718514700
0.9692769100
0.9677955500
0.9580173500
0.9495865700
0.9323855000
0.9036232200
0.8914999400
0.8647759000
0.8621439300
0.8237611100
0.8208323700
0.7741985300
0.7400669500
0.7990345400
0.7469627300
0.6739419700
0.6853105400
0.7031809100
0.6312623000
0.6417805000
0.6572719200
0.6367577300
0.6470629600
0.5957686300
0.5814522500
0.5393956300
0.5220767900
0.4995764500
0.4986447700
0.4947815800
0.4669614700
0.4808218200
0.4650945400
0.4348080800
0.4275901300
0.4026018100
0.4460661700
0.3979368500
0.3805312800
0.3744140000
0.3683380800
0.3644717900
0.3692169800
0.3566819100
0.3546597400
0.3519854200
0.3409499800
0.3141540600
0.3068018000
0.3116315600
0.2962971300
0.2859394600
0.2743641400
0.2801917800
0.2735739600
0.2684944000
0.2812973900
0.2693100300
0.2754878100
0.2852838900
0.2612014400
0.2668965800
0.2851746400
0.2792930000
0.2867487700
0.2751901700
0.2776112600
0.2629228200
0.2831469800
0.2742450200
0.2696503400
0.2849624500
0.2825963500
0.2839055100
0.2816910400
0.2787303600
0.2681567100
0.2793068900
0.2710699700
0.2750720100
0.2709631300
0.2641010900
0.2610433700
0.2676370700
0.2831541000
0.2841106100
0.2889381600
0.2709857800
0.2807499800
0.2747214400
0.2893188900
0.2950917800
0.2844026400
0.2843377300
0.2802180900
0.2867332100
0.2636007400
0.2656643100
0.2575358500
0.2677474600
0.2717661000
0.2735543000
0.2634168000
0.2790647700
0.2711855500
0.2765152200
0.2698045400
0.2765902900
0.2871387000
0.2761759500
0.2813639600
0.2746782600
0.2682492700
0.2727510900
0.2632609600
0.2635186300
0.2621111600
0.2617478700
0.2635276600
0.2637875400
0.2943643600
0.2777310900
0.2731325300
0.2666118400
0.2586368600
0.2588591000
0.2480322700
0.2452149700
0.2120863900
0.2071586000
0.2128332600
0.2120366700
0.1980440300
0.1877489500
0.1879108000
0.1852232400
0.1824511600
0.1996972100
0.1994472000
0.2121246500
0.2012350100
0.1984504900
0.2102699600
0.2047365800
0.2030435900
0.2148001200
0.2130694700
0.2199473500
0.2244879000
0.2132434000
0.2067358900
0.2208704800
0.2248132800
0.2335917800
0.2341828300
0.2259687200
0.2360927300
0.2287580500
0.2602936300
0.2482665200
0.2676124900
0.2882126900
0.2862566700
0.3385562600
0.3307302600
0.3554870200
0.3344165400
0.3852977500
0.3905268000
0.3949807900
0.4131702200
0.4392890300
0.4649647800
0.5673328600
0.5405918400
0.5942286800
0.6366289900
0.6241830600
0.6025356700
0.5928086600
0.5490238100
0.7133502400
0.7371546000
0.7259585900
0.7601782700
0.7487628500
0.6920377600
0.6624167000
0.6277286400
0.7150462900
0.7791314700
0.8040146200
0.7680653900
0.7853846500
0.8457676800
0.8130307200
0.8326186500
0.8167341400
0.8314547500
0.8785277600
0.8319846400
0.8942001500
0.8624697900
0.8580908800
0.8447966000
0.8147925700
0.8449263000
0.8517308800
0.8534033900
0.8166618300
0.8718215200
0.8968451600
0.8800885700
0.8706210900
0.8571674200
0.8769775000
0.9239959100
0.7424634700
0.7418795800
0.8253668000
0.8328970700
0.8654317900
0.8889903400
0.8486406200
0.9119804500
0.8769735700
0.9232550900
0.8235808000
0.9316023600
0.8864989300
0.9435971400
0.7526062100
0.9136273900
0.8750102500
0.7821782200
0.8915659200
0.8410281500
0.9164394100
0.9673129900
0.8572702400
0.9268519300
0.9455835200
0.8857350300
0.9539953500
0.9685142600
0.9524972400
0.9280998100
0.9559001900
0.9400325400
0.8973388700
0.8714819600
0.9436184200
0.9531806100
0.9359800800
0.9209448100
0.9406120800
0.9282877400
0.8575753000
0.9402391900
0.9374624500
0.9553930800
0.9652014400
0.9701802100
0.9247348300
0.9330151100
0.9774305200
0.9895051100
0.9850628400
0.9939223500
0.9877508900
0.9823962500
0.9897134300
0.9617461000
0.9685594400
0.9636349700
0.8900356300
0.9876464600
0.8929149500
0.9487841700
0.9478619100
0.9661681700
0.9500953000
0.9812815800
0.9727006000
0.9243111600
0.9778417300
0.9628147500
0.9143885400
0.9027321900
0.9017495500
0.9644821900
0.9081190200
0.9631379800
0.9710096700
0.9081744000
0.9245234700
0.9692286300
0.8824135700
0.9575159000
0.9617457400
0.9294036000
0.9613189700
0.9514107100
0.9486613300
0.8593610500
0.9321442200
0.9303485800
0.9285435100
0.9503299600
0.9199361800
0.9535812100
0.9363228100
0.9649885900
0.9654924900
0.9594461900
0.9595141400
0.9235615700
0.8968104700
0.8451037400
0.9105190000
0.8622209400
0.9687738400
0.9190843700
0.9571694100
0.9555922200
0.9651694300
0.9726655500
0.9598966800
0.9111822200
0.9629988700
0.9324733000
0.9743949200
0.9124032300
0.9705109000
0.9816184600
0.9767369000
0.9792719500
0.9809116100
0.9927755600
0.9830016500
0.9907999600
0.9937544500
0.9931082700
0.9957128800
0.9948042000
0.9950449500
0.9955782300
0.9953281900
0.9964113800
0.9957124000
0.9950766000
0.9964845200
0.9973600500
0.9967087500
0.9968953100
0.9974945800
0.9978786700
0.9974427200
0.9964918500
0.9974428400
0.9975633600
0.9977303100
0.9946099500
0.9948263800
0.9975854200
0.9965792300
0.9950024500
0.9968780300
0.9921901800
0.9949888600
0.9963190600
0.9944847200
0.9951443100
0.9947905500
0.9959542800
0.9950559100
0.9922397100
0.9967168000
0.9950910800
0.9970350300
0.9959247100
0.9959399700
0.9948486100
0.9970002800
0.9946908400
0.9968361900
0.9956150100
0.9917260400
0.9965592000
0.9926028800
0.9958363800
0.9967754500
0.9962115300
0.9968925100
0.9974312200
0.9959444400
0.9961768400
0.9971112000
0.9973415700
0.9951819800
0.9958561100
0.9961174700
0.9969941400
0.9966938500
0.9944551600
0.9861974100
0.9965919300
0.9968169300
0.9959597000
0.9945638800
0.9967321200
0.9914582400
0.9978182300
0.9946915500
0.9946624600
0.9959811000
0.9987101600
0.9983732700
0.9983028200
0.9973620800
0.9942474400
0.9970909400
0.9967806300
0.9968594300
0.9956706800
0.9934684000
0.9947856100
0.9976239800
0.9968212800
0.9974579200
0.9967914200
0.9970504000
0.9968429800
0.9970858700
0.9941510600
0.9958562300
0.9869427700
0.9931706200
0.9893986000
0.9769832500
0.9744307400
0.9944008000
0.9958439500
0.9896675300
0.9872131900
0.9931834300
0.9949172700
0.9954049600
0.9954518700
0.9933748800
0.9930251800
0.9917735500
0.9947102100
0.9967464200
0.9958494900
0.9936229600
0.9898563600
0.9936465000
0.9841921300
0.9951704100
0.9904271400
0.9903229500
0.9965869200
0.9965175400
0.9908705400
0.9916765700
0.9926056900
0.9907187800
0.9933817400
0.9922698700
0.9942749100
0.9887353800
0.9937418100
0.9913016000
0.9894238100
0.9898415200
0.9911503800
0.9885691400
0.9922257700
0.9834874300
0.9904081800
0.9904887700
0.9919251800
0.9936370800
0.9945788400
0.9951583700
0.9890893100
0.9934580900
0.9939315300
0.9920056500
0.9940463300
0.9959994600
0.9879945500
0.9936715400
0.9954587200
0.9869684600
0.9889047700
0.9921459600
0.9940788700
0.9937527800
0.9960398700
0.9935213900
0.9936988400
0.9970462900
0.9957147200
0.9971489300
0.9956023700
0.9901264900
0.9975256300
0.9956308600
0.9965386400
0.9983639100
0.9961483500
0.9979621200
0.9957037600
0.9972839400
0.9970754400
0.9977571400
0.9958872200
0.9955207100
0.9873456400
0.9964911300
0.9941059400
0.9916075500
0.9868147400
0.9958529500
0.9954718400
0.9911455500
0.9956425400
0.9958582500
0.9967104200
0.9947143200
0.9958763100
0.9949448700
0.9950482200
0.9843521700
0.9958949100
0.9934625600
0.9936347000
0.9959574300
0.9955631500
0.9962595700
0.9963004600
0.9967410000
0.9876319800
0.9967304500
0.9940943100
0.9889264100
0.9799775500
0.9923679200
0.9962475900
0.9922437100
0.9970669200
0.9897678500
0.9965433500
0.9965379200
0.9959105300
0.9963102900
0.9933745300
0.9971486900
0.9950769500
0.9952908800
0.9948534400
0.9924033900
0.9968916800
0.9967774700
0.9930889000
0.9942241300
0.9971486900
0.9912778100
0.9937489000
0.9978583500
0.9961615800
0.9972317800
0.9976174200
0.9980826400
0.9983711800
0.9965740400
0.9972063900
0.9946333200
0.9933182000
0.9955328700
0.9938387300
0.9960908300
0.9951517600
0.9900209900
0.9921551300
0.9924988200
0.9913541700
0.9961897700
0.9928869600
0.9953219300
0.9942473200
0.9951161100
0.9935692500
0.9965257000
0.9949528000
0.9931557800
0.9953426100
0.9921323700
0.9962348300
0.9916564200
0.9916679900
0.9964109100
0.9960552500
0.9941885500
0.9899480300
0.9948034900
0.9923260200
0.9903582900
0.9899045800
0.9912524800
0.9849160900
0.9865006800
0.9888696700
0.9859861100
0.9823277000
0.9882488300
0.9905144000
0.9859091600
0.9793707100
0.9904165300
0.9913346200
0.9908700600
0.9828044200
0.9752395700
0.9704403900
0.9629827100
0.9538533700
0.9427077800
0.9424141000
0.9723257400
0.9782891300
0.9742782700
0.9747023600
0.9755883200
0.9831824300
0.9837513600
0.9799465500
0.9656327400
0.9760630700
0.9671567700
0.9809775900
0.9765139200
0.9796897200
0.9757704700
0.9749594900
0.9720574600
0.9813280700
0.9871695000
0.9777407600
0.9793164100
0.9811811400
0.9825634400
0.9759429100
0.9836042500
0.9887995100
0.9780347300
0.9804980800
0.9862887900
0.9818074700
0.9768084300
0.9738720100
0.9684159800
0.9538684500
0.9696998600
0.9585701200
0.9599552200
0.9764252300
0.9720546600
0.9567194600
0.9665206700
0.9674825700
0.9654869400
0.9593069600
0.9470316200
0.9522106100
0.9586435000
0.9699279700
0.9689809700
0.9711586200
0.9886118800
0.9891424800
0.9908618900
0.9936569300
0.9926455000
0.9915458600
0.9898414000
0.9820331900
0.9830210200
0.9869779900
0.9844899200
0.9867216300
0.9828416100
0.9815256600
0.9769232900
0.9818358400
0.9853803500
0.9807681400
0.9769300200
0.9782440700
0.9793383500
0.9817104900
0.9878661600
0.9824925700
0.9829322100
0.9819920100
0.9834224000
0.9854177200
0.9883258300
0.9886009100
0.9875260600
0.9856129300
0.9872870400
0.9842320700
0.9935362900
0.9933590300
0.9928588900
0.9910324200
0.9873451600
0.9857808900
0.9832663500
0.9830480800
0.9759883300
0.9733189900
0.9815046200
0.9819622600
0.9864850000
0.9923471200
0.9945564300
0.9971600800
0.9974671600
0.9975300400
0.9977177400
0.9978958400
0.9988147000
0.9988660800
0.9977709100
0.9969524100
0.9984608900
0.9984691700
0.9985020200
0.9983876900
0.9984105800
0.9983146200
0.9984458100
0.9983641500
0.9982515000
0.9977816900
0.9978278300
0.9971588900
0.9981562500
0.9971544700
0.9970752000
0.9937242900
0.9952990400
0.9949946400
0.9929552700
0.9939309400
0.9966884300
0.9964884500
0.9978335500
0.9970990400
0.9979811300
0.9982890500
0.9961816100
0.9975296900
0.9977370500
0.9975526900
0.9968482900
0.9972533600
0.9961950800
0.9963382500
0.9960881500
0.9919924700
0.9937688700
0.9947034700
0.9970926000
0.9960321800
0.9946789700
0.9939048900
0.9930739400
0.9963393200
0.9975129400
0.9978172800
0.9974607200
0.9958049100
0.9938596500
0.9944849600
0.9961871500
0.9966105800
0.9980354900
0.9966760900
0.9962527800
0.9962932500
0.9938301400
0.9952387800
0.9945519600
0.9912173700
0.9931847500
0.9953709200
0.9956101800
0.9950631300
0.9854728600
0.9901193400
0.9905269100
0.9863542900
0.9807515100
0.9787507100
0.9847136100
0.9783120200
0.9643964800
0.9566549700
0.9763568600
0.9767168800
0.9840995100
0.9844774000
0.9765966500
0.9866867100
0.9923179100
0.9935562000
0.9928277100
0.9922654000
0.9915920500
0.9890366200
0.9866434300
0.9855995200
0.9857907300
0.9723815300
0.9685360800
0.9644691900
0.9551785000
0.9677028100
0.9445347800
0.9694829000
0.9635679700
0.9693190500
0.9753393500
0.9728485900
0.9802736000
0.9770144800
0.9779443100
0.9771516900
0.9811952100
0.9774831500
0.9825512800
0.9759541700
0.9754332300
0.9695043000
0.9764239800
0.9684829700
0.9651514300
0.9699997300
0.9795624000
0.9883761400
0.9862080800
0.9817414900
0.9911234400
0.9814602100
0.9782365000
0.9801129100
0.9871282600
0.9874256300
0.9812659600
0.9729206000
0.9861080100
0.9783814000
0.9841831300
0.9690532100
0.9719922500
0.9461491700
0.9693887200
0.9636467100
0.9712703800
0.9543084500
0.9262012800
0.9670680200
0.9588693400
0.9544646100
0.9727665800
0.9468159100
0.8756679900
0.9608153700
0.9615271700
0.9694417100
0.9786874700
0.9531058700
0.9446172100
0.9814225400
0.9874784900
0.9835313600
0.9884544000
0.9880248900
0.9832075800
0.9841908200
0.9899525000
0.9819755000
0.9954971100
0.9954552700
0.8904314600
0.9510643500
0.9464644200
0.8533536200
0.9876185700
0.9896090000
0.9598543600
0.9783126100
0.9775533100
0.9853258100
0.9846229000
0.9579185800
0.9626196000
0.6021110400
0.5910324500
0.1030293600
0.0540365700
0.3222122200
0.6943205000
0.0600212100
0.0938763200
0.5286710300
0.6347469100
0.7503169200
0.5894154300
0.8452830900
0.9349774100
0.9495627300
0.9295625700
0.7698591900
0.1169977000
0.5776326700
0.0906840500
0.4556658000
0.9071545600
0.9292454100
0.9503324000
0.9476307000
0.9149826800
0.9468789700
0.8533046800
0.7809405300
0.5066233900
0.8574408300
0.1040916400
0.0944230500
0.0510459100
0.0459926300
0.8905170000
0.9130923700
0.0732856800
0.1610056500
0.9051204300
0.8980873200
0.9457947000
0.8008689300
0.2313935900
0.0499671100
0.1247532200
0.9482488000
0.8589354200
0.8211289000
0.1874629700
0.9396458300
0.7010095100
0.7262593500
0.8982713200
0.9426631900
0.1368366200
0.6874908200
0.9407748600
0.9383596800
0.9521102300
0.8753036300
0.9131462600
0.9506926500
0.8346491500
0.3597663300
0.8877689800
0.8848329200
0.1950175200
0.4672081800
0.1166367100
0.1007783400
0.1204610900
0.1557404800
0.0491804100
0.7513603600
0.7095969300
0.7190176200
0.8471962800
0.8229649100
0.6976287400
0.8868618600
0.8776909100
0.8362209200
0.1503246000
0.7537867400
0.6744024800
0.2592134200
0.7775818100
0.7958805600
0.1729285000
0.3114438400
0.5423221000
0.2512895800
0.1753959200
0.3525366200
0.5198069200
0.2698978800
0.5066537300
0.2358618500
0.5474760500
0.4469149100
0.3424887100
0.3215939400
0.2848080400
0.3617287900
0.2496808000
0.3419653800
0.2700017400
0.2289073200
0.2917741200
0.2017092300
0.2826303200
0.2301290000
0.2039036800
0.2388088300
0.2179235100
0.2382649200
0.2103024900
0.1940945200
0.2116849700
0.1933413700
0.1368768200
0.1778275500
0.1847665200
0.1510194100
0.1490495900
0.1326025900
0.1605578200
0.1804859300
0.1799439300
0.1292028700
0.1453225000
0.1608432100
0.1682105100
0.1715995400
0.1417123500
0.1702891700
0.1572457600
0.1823504300
0.1515232900
0.1781057000
0.1946372700
0.2054305500
0.1745215500
0.1710547700
0.1684002400
0.1800115100
0.1868679500
0.2489769800
0.2315025000
0.2563645800
0.2406078600
0.2402586000
0.2648417700
0.2738667700
0.2526677500
0.2230402500
0.1874007700
0.2080258300
0.2019594500
0.2307035000
0.2167810500
0.2498270900
0.2629762300
0.2870056600
0.1745530200
0.1889222700
0.3140918600
0.1959593700
0.3429412200
0.2667789500
0.2468663300
0.1962508600
0.2193471800
0.2544461500
0.2630960300
0.1791675800
0.1622893100
0.2325771300
0.1743452100
0.2647172500
0.2099540800
0.1940358700
0.2063089600
0.2511009000
0.1995766000
0.1759445400
0.2753010400
0.2270784100
0.1636258400
0.2113811800
0.2022157900
0.2273692900
0.2288593800
0.2439186400
0.2305505600
0.2063330900
0.2556752900
0.2247309800
0.1794953200
0.2246405600
0.2221191100
0.2107830500
0.1956505500
0.2352523700
0.2859257200
0.1927186800
0.2381023300
0.2489554300
0.2445084900
0.2177538300
0.2325726400
0.2680088300
0.2133119900
0.2428682100
0.2502263200
0.2457713300
0.2442797000
0.2339844400
0.2463945600
0.2341613200
0.1846581500
0.2339357600
0.2124459600
0.2298001600
0.2136987100
0.2520084100
0.2430029700
0.2130556600
0.2260347800
0.2651095700
0.2449804800
0.2681128100
0.2837571200
0.2885488900
0.2479807600
0.2568416000
0.2471384900
0.2636087800
0.2494543800
0.3242082900
0.2708551600
0.2830412100
0.2766600500
0.2715127800
0.2787127800
0.2810218300
0.2500126100
0.2966630500
0.3106703200
0.2448170200
0.3013744400
0.2643817700
0.3004504400
0.2749387600
0.2449715000
0.2618067600
0.2622874700
0.2287124200
0.2230174200
0.2674765900
0.3013615000
0.2292866600
0.2397367400
0.2350158500
0.2737835600
0.2245574100
0.2295744400
0.2403421700
0.2572533200
0.2323376100
0.2251818300
0.2592443500
0.3094387400
0.2399361700
0.2553857300
0.2140770300
0.2542666500
0.2399010400
0.2211392500
0.2156101200
0.2103152300
0.2100113900
0.2186807100
0.2131762500
0.2601630400
0.2197401800
0.2466658700
0.2318998600
0.2150191200
0.2027673700
0.2066075800
0.2383472300
0.2325259000
0.2532289900
0.2601690600
0.1725784700
0.2614153900
0.2175084400
0.2372546800
0.2212940200
0.2195886800
0.2180771100
0.2740272300
0.2607072000
0.2456139600
0.2013585600
0.1722167400
0.2146157300
0.1960707200
0.1893128800
0.2113799900
0.2067614000
0.1640158600
0.2035484200
0.1770232600
0.1712639600
0.2124863000
0.1820858400
0.1866867500
0.1873204600
0.1412829000
0.1312623500
0.1602322800
0.1400990600
0.1508070100
0.1431420700
0.1963286800
0.1637581600
0.1507330100
0.1296059000
0.1337810600
0.1494355900
0.1497082300
0.1556725900
0.1440391800
0.1584023400
0.1419875800
0.1634851500
0.1676015000
0.1351937100
0.1702819600
0.1576890300
0.1308639800
0.1509874200
0.1640511200
0.1297334400
0.1505393100
0.1647071800
0.1452651900
0.1532849400
0.1704710900
0.1628340900
0.1408566800
0.1356338600
0.1140835600
0.1226337600
0.1689256900
0.1772168000
0.1553703200
0.1196592600
0.1248689900
0.1489978000
0.1725354000
0.1735925800
0.1504875000
0.1505439000
0.1456656000
0.1574179800
0.1310303200
0.1237169100
0.1456251400
0.1421448000
0.1479904100
0.1556498100
0.1382455700
0.1505333800
0.1535345500
0.1469096700
0.1568510100
0.1614711900
0.1579633500
0.1694805300
0.1424953200
0.1527547800
0.1652901000
0.1678001300
0.1524072600
0.1576593400
0.1477129200
0.1521540300
0.1448343200
0.1620839100
0.1560200800
0.1555037300
0.1623368600
0.1718826600
0.1566371200
0.1375607600
0.1593312800
0.1504962600
0.1601851900
0.1321436500
0.1320941600
0.1413613300
0.1555656600
0.1630240800
0.1526965800
0.1533674200
0.1356709900
0.1508901600
0.1775834400
0.1545425500
0.1533846700
0.1594353000
0.1568032700
0.1484517300
0.1583617900
0.1667149700
0.1427261400
0.1653286400
0.1528607600
0.1429876100
0.1479739000
0.1403084400
0.1514840400
0.1425560000
0.1287628100
0.1263159500
0.1239586600
0.1320285600
0.1515012400
0.1410884300
0.1357123300
0.1350964200
0.1441098700
0.1546818600
0.1584608600
0.1695514600
0.1821192500
0.1808922600
0.1755970900
0.1689810000
0.1842252600
0.1776528100
0.1881111000
0.1906144600
0.1774536200
0.1826458300
0.1784734400
0.1857838200
0.1958063500
0.2085141200
0.2266704000
0.2180298600
0.2258856700
0.2345573000
0.2795579400
0.3000327600
0.3004260100
0.3600228100
0.4183829400
0.3979848900
0.3888374000
0.3892413100
0.4196538600
0.3916322000
0.5120168300
0.4873135700
0.5280354000
0.5931213500
0.5032905300
0.5859401200
0.5977074500
0.6125137800
0.7237647200
0.7389065600
0.7678425300
0.8100337400
0.7897840700
0.8133850100
0.8787890100
0.8059231000
0.8569879500
0.8886500000
0.9135921600
0.9466796500
0.9353900600
0.9407217500
0.9374473700
0.9568074900
0.9444791700
0.9626058900
0.9711391900
0.9837489100
0.9904834000
0.9872033000
0.9851790100
0.9873020600
0.9920200700
0.9936413200
0.9957351700
0.9958016300
0.9960979200
0.9937991500
0.9937660700
0.9924243700
0.9924138200
0.9936237300
0.9901896100
0.9946425000
0.9770337900
0.9905276300
0.9945890900
0.9936017400
0.9932348100
0.9950779700
0.9963064200
0.9948670900
0.9932203300
0.9953773000
0.9903627000
0.9930734000
0.9920073700
0.9931909400
0.9930034300
0.9916482000
0.9959588600
0.9934760900
0.9936694500
0.9936274300
0.9928505400
0.9939356400
0.9954894200
0.9859638200
0.9914343400
0.9948044400
0.9954695700
0.9936372000
0.9949421300
0.9967165600
0.9934688800
0.9949035600
0.9940921700
0.9917769400
0.9964456000
0.9938079700
0.9948145700
0.9968738600
0.9954946000
0.9780715700
0.9835763600
0.9923580300
0.9950300500
0.9841901700
0.9949902900
0.9919278600
0.9955434200
0.9916020000
0.9897375700
0.9952011100
0.9949653700
0.9972580700
0.9977731100
0.9956328300
0.9948134400
0.9940419800
0.9973529600
0.9955647600
0.9956549400
0.9962799000
0.9975991800
0.9971713400
0.9961219400
0.9938162600
0.9952346700
0.9961720100
0.9968517400
0.9956774100
0.9939737900
0.9962206500
0.9965656400
0.9943477500
0.9928902400
0.9935371300
0.9922910300
0.9945047500
0.9918937100
0.9896222400
0.9909652500
0.9908325100
0.9825045500
0.9892082800
0.9909159500
0.9889558000
0.9908022300
0.9920980900
0.9911701700
0.9916729300
0.9941866400
0.9936017400
0.9943232500
0.9940847800
0.9929831000
0.9936640300
0.9944827600
0.9947885300
0.9946191300
0.9940201000
0.9942566800
0.9946123400
0.9937107600
0.9945443900
0.9945428400
0.9942621000
0.9961273100
0.9964053600
0.9963802700
0.9961131800
0.9963256700
0.9969613000
0.9960518500
0.9960275900
0.9912573100
0.9939325500
0.9949939800
0.9967976200
0.9963086200
0.9953128100
0.9957436900
0.9942481500
0.9961929300
0.9967632300
0.9945600600
0.9953280700
0.9962855600
0.9955944400
0.9967219200
0.9964737300
0.9963061800
0.9950693800
0.9967149500
0.9978078000
0.9969483000
0.9962064000
0.9957687900
0.9945201300
0.9952905200
0.9949302100
0.9949318800
0.9939331400
0.9922292800
0.9880403900
0.9900757700
0.9933700600
0.9944958100
0.9920177500
0.9945691800
0.9956972600
0.9952330000
0.9953309900
0.9959725700
0.9951174300
0.9935265800
0.9962646400
0.9727243200
0.9616223000
0.9616620500
0.8909934800
0.8401105400
0.8188019400
0.6927418700
0.6682561000
0.6799740200
0.7671265000
0.7981740200
0.7931330200
0.7640095400
0.8079925200
0.7201778300
0.6692689100
0.6969842300
0.7263426200
0.7812402200
0.8277614100
0.7898828400
0.7470566600
0.8311482700
0.5415311500
0.6392130900
0.3367280700
0.3513092100
0.3691016700
0.3903212000
0.2543765900
0.5263314200
0.8390871900
0.8074697900
0.8890814800
0.9018920700
0.9058120800
0.9138693800
0.9356505900
0.8647998000
0.9214452500
0.9607162500
0.9721627800
0.9737228800
0.9822961700
0.9773348600
0.9522194900
0.8875216800
0.8952974700
0.9043445000
0.9062315800
0.8573184600
0.9541786300
0.9660751200
0.9769538000
0.9056307100
0.9137499900
0.9517316800
0.9420705400
0.9710350600
0.9324098800
0.8471036600
0.9229439500
0.8062240500
0.6479708000
0.8385379900
0.5871899100
0.2320267300
0.6089380400
0.5608188500
0.3913287800
0.4275552300
0.4072209300
0.4943767800
0.3068824400
0.3750466400
0.2198086800
0.5589212200
0.4408754700
0.3459117700
0.3942962300
0.1850297700
0.1445484500
0.2377710900
0.2019714600
0.4809884400
0.2734403300
0.4195801900
0.8116902100
0.8632505500
0.8986830700
0.9102021500
0.7470612500
0.6571236800
0.7018957700
0.7879938500
0.1059572000
0.3579350700
0.3731824500
0.0725888600
0.1094939800
0.2157685600
0.2128330900
0.2721070900
0.1004124100
0.7161125500
0.1754958900
0.5238735100
0.0974535200
0.4277662900
0.6978140500
0.5272922500
0.8514429300
0.9691248500
0.9580895900
0.8876057300
0.9830559500
0.9849645500
0.9810132400
0.9738808300
0.9874416600
0.9962568300
0.9926942600
0.9928752200
0.9916158300
0.9826096300
0.9772152300
0.9673501300
0.9689919400
0.8945325000
0.9436678300
0.8507912800
0.8777840100
0.9503281100
0.9002643200
0.9493854000
0.8943416500
0.9383108600
0.9623802900
0.8766673200
0.8932849200
0.9821167600
0.9798312800
0.9950291500
0.9941393100
0.9870720500
0.9830736500
0.9362254100
0.9633469000
0.9718564200
0.9155808100
0.9538803700
0.9539743100
0.9513286900
0.9083527900
0.9684698600
0.9739692200
0.9890503900
0.9610817400
0.9949235300
0.9953432100
0.9972195600
0.9988063600
0.9977371700
0.9986208700
0.9978137000
0.9988560700
0.9983244500
0.9991262600
0.9992682300
0.9989732500
0.9986779100
0.9980239900
0.9985425500
0.9984046800
0.9986640200
0.9991748900
0.9993919100
0.9990401900
0.9989247900
0.9991932500
0.9993165700
0.9988920100
0.9987875800
0.9973676800
0.9982143600
0.9966191100
0.9987175500
0.9941040900
0.9977591000
0.9984116600
0.9983720200
0.9976041900
0.9957352900
0.9962987300
0.9977115400
0.9968185400
0.9982654500
0.9953305700
0.9982221700
0.9824664600
0.9968456600
0.9903633000
0.9962286900
0.9972810700
0.9969068200
0.9842671800
0.9866286500
0.9912546900
0.9746663000
0.9747095700
0.9838025600
0.9678987300
0.9721017500
0.9850539600
0.9871287300
0.9721622500
0.9885314700
0.9905230400
0.9820649000
0.9839687300
0.9893059100
0.9772397300
0.9898024200
0.9841182200
0.9834421300
0.9844754300
0.9900910900
0.9935805800
0.9901685700
0.9959145200
0.9920159600
0.9952734100
0.9955989100
0.9972146200
0.9946879100
0.9923498000
0.9939769500
0.9954634300
0.9958414400
0.9943132400
0.9947015600
0.9960718200
0.9975934600
0.9966750100
0.9947480600
0.9945066600
0.9918457900
0.9887852700
0.9916946300
0.9704586900
0.9881673500
0.9823265700
0.9837341300
0.9903153800
0.9822232700
0.9902645300
0.9944472300
0.9899466600
0.9929393500
0.9928399300
0.9956612000
0.9949955900
0.9943947800
0.9954314200
0.9942823600
0.9905350800
0.9889561500
0.9902770500
0.9918723700
0.9925140700
0.9944008000
0.9928060200
0.9950138900
0.9935352800
0.9937077800
0.9934142800
0.9965304700
0.9959729300
0.9967743800
0.9962824000
0.9966210100
0.9979300500
0.9976134300
0.9981549400
0.9967838500
0.9963317500
0.9966294200
0.9961192600
0.9965795900
0.9955033700
0.9950258100
0.9927285900
0.9926068800
0.9934798500
0.9932502500
0.9945285900
0.9951293500
0.9911086600
0.9910842200
0.9877204300
0.9854611800
0.9877780100
0.9870719300
0.9887245300
0.9889461400
0.9900948400
0.9906328900
0.9874175800
0.9893093100
0.9919705400
0.9882568700
0.9872637400
0.9812499900
0.9877693100
0.9791560200
0.9795305700
0.9798029100
0.9843649900
0.9821077000
0.9908747700
0.9891062400
0.9912970100
0.9929212900
0.9954378000
0.9950904800
0.9952351500
0.9960821300
0.9966495600
0.9972442400
0.9970171500
0.9971475000
0.9974023100
0.9979540100
0.9981373500
0.9981620900
0.9984759700
0.9985495200
0.9985816500
0.9984891400
0.9986554400
0.9986965100
0.9984179700
0.9986298100
0.9984264400
0.9983641500
0.9986187200
0.9986504900
0.9988243000
0.9988658400
0.9983445400
0.9987751800
0.9987961100
0.9987072900
0.9984197600
0.9984807400
0.9985989900
0.9985766400
0.9987514000
0.9988019500
0.9984632700
0.9979559200
0.9972800000
0.9975696200
0.9976408500
0.9978530400
0.9979034700
0.9981200100
0.9977438400
0.9984191700
0.9984209500
0.9985356300
0.9983763700
0.9966553400
0.9972056700
0.9981389000
0.9979034700
0.9977266200
0.9978019600
0.9969561100
0.9981350900
0.9968421500
0.9977330000
0.9978944700
0.9969109900
0.9974089300
0.9969166500
0.9966573700
0.9960147100
0.9931392100
0.9927498100
0.9936052600
0.9922592000
0.9928111400
0.9948985000
0.9944002000
0.9933161100
0.9924706200
0.9935171600
0.9937352500
0.9914239000
0.9923523100
0.9934658400
0.9935404700
0.9913932100
0.9920903400
0.9915994400
0.9889250400
0.9932998400
0.9916749600
0.9944485400
0.9940920500
0.9926015700
0.9932338600
0.9930689300
0.9955378800
0.9946309300
0.9930409200
0.9948326300
0.9964425000
0.9948263800
0.9952409300
0.9955139800
0.9962278600
0.9966871100
0.9960222800
0.9950937000
0.9943438800
0.9945825900
0.9944207100
0.9929390000
0.9926390600
0.9935205600
0.9949734200
0.9960888600
0.9949789600
0.9956696000
0.9964222900
0.9962039600
0.9974129800
0.9961258800
0.9949159600
0.9953756300
0.9946972100
0.9956849800
0.9962214200
0.9970574400
0.9968750500
0.9965291600
0.9970738900
0.9968565700
0.9969828700
0.9965869200
0.9971969100
0.9978777200
0.9980285800
0.9944656500
0.9971413000
0.9947472200
0.9960467200
0.9890958700
0.9906110200
0.9929180700
0.9958443000
0.9980894900
0.9974531500
0.9981384300
0.9978237200
0.9972679600
0.9978683000
0.9976353600
0.9980978400
0.9980753700
0.9986107300
0.9982190700
0.9979933500
0.9982582900
0.9976615900
0.9973337700
0.9972840500
0.9977757300
0.9977073700
0.9981973800
0.9979711200
0.9981347300
0.9973679200
0.9977358600
0.9977292400
0.9975492400
0.9979437000
0.9976065200
0.9972630700
0.9969223100
0.9978148900
0.9973385900
0.9972543100
0.9975646700
0.9976187300
0.9971323000
0.9975026200
0.9979408400
0.9973236300
0.9971885100
0.9972410200
0.9964349300
0.9963818800
0.9968466200
0.9964178800
0.9971157300
0.9974561300
0.9964279500
0.9970598800
0.9936999100
0.9912195800
0.9937319200
0.9929854300
0.9941556500
0.9943409000
0.9944024700
0.9948974300
0.9951099800
0.9961127600
0.9970997600
0.9962635600
0.9968009000
0.9968648600
0.9970521900
0.9963686500
0.9961013800
0.9956930300
0.9941464700
0.9937337000
0.9910333800
0.9890626100
0.9832623000
0.9823451600
0.9821417300
0.9798963100
0.9793049700
0.9793705900
0.9779942600
0.9816607200
0.9768459800
0.9750744100
0.9786862100
0.9729121300
0.9685488900
0.9532159000
0.9453646500
0.9809464800
0.9902639400
0.9928877900
0.9934834800
0.9932220000
0.9935818900
0.9920479700
0.9909189900
0.9849536400
0.9872746500
0.9919143900
0.9923636900
0.9930155300
0.9949280000
0.9946149000
0.9934539800
0.9854716700
0.9900706400
0.9954238500
0.9968829200
0.9966163000
0.9959134500
0.9953172200
0.9918298100
0.9826562400
0.9811980100
0.9815838900
0.9793477700
0.9856452300
0.9883539700
0.9894032500
0.9812780000
0.9856003500
0.9758618500
0.9579750300
0.9580217600
0.9549135600
0.9904216500
0.9965638500
0.9955558200
0.9966570100
0.9959108800
0.9891591700
0.9880146400
0.9850651600
0.9745227700
0.9447007200
0.8937321900
0.8762217800
0.8601581500
0.9021825800
0.9309086800
0.9666672300
0.9351725600
0.9194995200
0.8342154000
0.9527294000
0.9572323600
0.9466586100
0.9670050100
0.9672648300
0.9740461100
0.9952185800
0.9959691800
0.9973672000
0.9968550200
0.9971565000
0.9948402000
0.9952110600
0.9881207900
0.9831341500
0.9495477700
0.8651672600
0.8095669200
0.8085500600
0.7619860200
0.5833151900
0.6597094500
0.5363073900
0.4785991300
0.5255575800
0.6074853500
0.6076669100
0.5559530900
0.7131376900
0.7841662200
0.8926577000
0.9587114500
0.9380595700
0.9655398100
0.9767901300
0.9747194600
0.9812398600
0.9825120000
0.9782972900
0.9834312800
0.9822171900
0.9837640500
0.9876145100
0.9839242100
0.9864164600
0.9766060100
0.9808599900
0.9686375900
0.9603593300
0.9344852600
0.9546192900
0.8390615600
0.8563048200
0.8355270600
0.7425619400
0.7354500300
0.6611560600
0.4380581700
0.3520135600
0.2412551600
0.2494073800
0.2047636800
0.2269012900
0.2263828700
0.2670549800
0.2438359100
0.3126943400
0.3323607100
0.4973726900
0.4554008800
0.5299825100
0.6850284300
0.6192233600
0.6389867700
0.6828152500
0.6610025800
0.5551742300
0.4108152700
0.5267721400
0.5768788500
0.4975306100
0.5749448500
0.6496914600
0.5280772400
0.5483843700
0.5140932200
0.5248196100
0.5060018300
0.5061507200
0.4435543400
0.4423242200
0.4189909700
0.4821749600
0.4337866600
0.4558506900
0.4481330500
0.4504184100
0.4458042700
0.4495522100
0.4666908700
0.4667014800
0.4642793200
0.4704132100
0.4508611900
0.4674392600
0.4599480000
0.4546960900
0.4548747800
0.4579237400
0.4605445600
0.4544252500
0.4380270200
0.4592782000
0.4490971900
0.4783606500
0.4687261300
0.4965741900
0.4869953700
0.5457354200
0.5265620900
0.5676585400
0.5976305000
0.5893330600
0.5599589900
0.5945250400
0.5762806500
0.5335269000
0.5342646800
0.4636893300
0.4777680900
0.4925524900
0.4981932600
0.4957540000
0.5036122800
0.4948743300
0.4842923600
0.5089265700
0.5058016200
0.5090897100
0.5132182200
0.5487434300
0.5970116900
0.6071082900
0.6383749200
0.6091989900
0.6612622700
0.7245992400
0.7908176800
0.8756077900
0.9085421000
0.9390325500
0.9315481800
0.9293403600
0.9377900400
0.9345419400
0.9502880600
0.9710231400
0.9649534800
0.9850691000
0.9908903200
0.9868428100
0.9926678500
0.9933207600
0.9909111900
0.9951294700
0.9963631000
0.9961554400
0.9957366000
0.9970133300
0.9966129700
0.9967510700
0.9976282700
0.9970902200
0.9970755600
0.9919431200
0.9910401700
0.9642989000
0.9267045300
0.8371790600
0.8510378000
0.9054791900
0.9326157000
0.9562007800
0.9809959500
0.9813639500
0.9912351400
0.9858790000
0.9690707900
0.9754662500
0.9765165400
0.9615400400
0.9249196600
0.9261595600
0.9499047400
0.9467535000
0.9210655100
0.9246622300
0.9329721300
0.8978828800
0.9253466700
0.7405411600
0.9724732600
0.9809832000
0.9874539400
0.9914326700
0.9618078500
0.9736751900
0.9149698000
0.9824703300
0.9950825000
0.9935705700
0.9913280600
0.9939513200
0.9944638600
0.9921815400
0.9877029100
0.9969537300
0.9907012000
0.9975358200
0.9912243500
0.9698430300
0.9965671300
0.9794263200
0.9825401900
0.9925202100
0.9789893000
0.9948140400
0.9824559700
0.9744504100
0.9699231400
0.9712859400
0.9950259300
0.9774507900
0.9336910200
0.9741739600
0.9784750900
0.9802287800
0.9923003900
0.9949229400
0.9798007000
0.9772428900
0.9954741600
0.9936057300
0.9943238500
0.9633448100
0.9940763700
0.9929418600
0.9917131700
0.9850829800
0.9915151600
0.9914093600
0.9899628800
0.9857536600
0.9945742500
0.9939741500
0.9946387400
0.9913016000
0.9947398300
0.9924887400
0.9956523800
0.9956767000
0.9946229500
0.9955284000
0.9939762400
0.9961350000
0.9935030300
0.9970387200
0.9931932100
0.9932925700
0.9957602600
0.9957713500
0.9937351300
0.9963969600
0.9960553600
0.9882608100
0.9958893700
0.9941718000
0.9911313700
0.9908105100
0.9891217400
0.9849293800
0.9807794700
0.9758520700
0.9850714200
0.9815146300
0.9796208700
0.9783278700
0.9828798200
0.9852566100
0.9865070600
0.9868751200
0.9869082000
0.9894896100
0.9882893600
0.9904879900
0.9904644500
0.9893941300
0.9907880400
0.9890650500
0.9911264800
0.9952470700
0.9955012200
0.9958887700
0.9950757600
0.9975824400
0.9974971400
0.9974334800
0.9965660000
0.9967892200
0.9969229100
0.9962217800
0.9955424700
0.9952127900
0.9963064200
0.9973205900
0.9969961600
0.9972565800
0.9901278600
0.9957751600
0.9974014800
0.9971868400
0.9972574100
0.9969208200
0.9952054000
0.9962911600
0.9967435600
0.9947697500
0.9955582600
0.9951854300
0.9940316100
0.9914662800
0.9849490500
0.9747117200
0.9728328000
0.9717426300
0.9698773600
0.9679373500
0.9673471500
0.9719160200
0.9753925200
0.9578691700
0.9501956100
0.9427919400
0.9914470900
0.9925035200
0.9974134600
0.9947580700
0.9972733900
0.9980937800
0.9980896100
0.9967438000
0.9976102100
0.9973673200
0.9938644800
0.9958428700
0.9871186000
0.9874194300
0.9636259700
0.8741272100
0.8359723700
0.7786347900
0.6763846900
0.7519800100
0.9526895900
0.9462452500
0.9239354100
0.6954972700
0.9698492300
0.9312178500
0.9243655200
0.8248354800
0.2493626900
0.3182043100
0.8706452800
0.7005880500
0.8642998300
0.3536284900
0.3806296300
0.4123427300
0.5164641700
0.8536918800
0.6025977700
0.5876680000
0.6270114800
0.4299866600
0.5513743200
0.3274404400
0.3202451200
0.3640560200
0.2499696000
0.2776756300
0.1826471700
0.2947806100
0.2634876700
0.2596502900
0.2174489100
0.2703445600
0.2426396800
0.3080570700
0.2476584600
0.2916401600
0.2475961100
0.2789510200
0.2651600200
0.2447828700
0.2530943200
0.2656967000
0.3045067800
0.2154591200
0.2099593100
0.1738427700
0.2119825500
0.1957514100
0.1816892200
0.2041501000
0.1785124200
0.1918182700
0.2051248100
0.2575768500
0.2092161800
0.2171558300
0.2559549200
0.2880100000
0.2806274600
0.2094944000
0.2083888900
0.1843944300
0.2018800100
0.1773805500
0.2201104000
0.1933393900
0.2059615600
0.1870049400
0.1869615300
0.1959323700
0.1997743000
0.2058188800
0.2090576900
0.2390484200
0.3142344400
0.3152985600
0.2973259700
0.2892337100
0.3298346700
0.3791221700
0.3266693900
0.4106678100
0.4125595400
0.4686012900
0.4470948900
0.6734893300
0.7423029500
0.8652331200
0.9866530300
0.9961401800
0.9983515700
0.9968446500
0.9969725600
0.9952483800
0.9943633100
0.9961782700
0.9971906500
0.9975778500
0.9965848900
0.9968650900
0.9975228900
0.9969364400
0.9972754100
0.9976186200
0.9976168900
0.9971858900
0.9965594400
0.9958491300
0.9949819400
0.9933724400
0.9954968700
0.9959272700
0.9958119400
0.9942402800
0.9961768400
0.9943878100
0.9934663200
0.9957786800
0.9950320700
0.9953609100
0.9960640100
0.9953044700
0.9950621700
0.9943634300
0.9930343600
0.9363192900
0.9777576300
0.9400794500
0.8748940200
0.8771146500
0.7892858400
0.8382099300
0.7176340200
0.6681463100
0.6267215600
0.8313939000
0.9306676400
0.9322409600
0.9034320700
0.9123203800
0.6281712100
0.7164557600
0.7800372800
0.9011121400
0.5633487700
0.6572603600
0.5773102000
0.3681829900
0.9381204200
0.6968260400
0.8062788800
0.7960093000
0.7194046400
0.6895307900
0.5162188400
0.7185683300
0.9796623600
0.8932881400
0.8405407100
0.9648261100
0.8329093500
0.6308862000
0.6078910200
0.5742334700
0.6124881500
0.5324870900
0.7774654600
0.5314165900
0.6731099500
0.8849325200
0.9046425800
0.9564458700
0.9786457400
0.9682364500
0.9873094000
0.9858865700
0.9829515800
0.9745172900
0.9727632400
0.9728261800
0.9400138300
0.9496868800
0.9378726500
0.9515531700
0.9597872500
0.9442889700
0.9086072400
0.9400584700
0.9829679100
0.9873986200
0.9721911500
0.9576328400
0.9903890500
0.9884346700
0.9893900800
0.9866841400
0.9847900300
0.9846892400
0.9804366200
0.9944258900
0.9960331300
0.9962163600
0.9969991400
0.9962531300
0.9934940900
0.9961835700
0.9953947700
0.9968152600
0.9965415600
0.9968565700
0.9958344700
0.9954557400
0.9947127100
0.9955413900
0.9939628200
0.9914325500
0.9929422100
0.9949522000
0.9931440400
0.9942985200
0.9945753800
0.9950705800
0.9949562000
0.9956809300
0.9958694600
0.9931422500
0.9910700300
0.9946738500
0.9955216600
0.9953472000
0.9943987700
0.9912505100
0.9937912800
0.9921475100
0.9936292800
0.9900270100
0.9849948300
0.9904375700
0.9863581100
0.9887568400
0.9893617000
0.9901977800
0.9916096300
0.9938296700
0.9944989100
0.9943972800
0.9938157800
0.9967142300
0.9957634200
0.9966629100
0.9972114000
0.9951993800
0.9929103300
0.9925262900
0.9910644300
0.9852924900
0.9918183100
0.9877118500
0.9892150800
0.9920594700
0.9903048300
0.9902002200
0.9902573800
0.9958570600
0.9902843800
0.9939544800
0.9908485400
0.9835997800
0.9789959200
0.9903192500
0.9926409100
0.9931244300
0.9953209800
0.9959325200
0.9975587100
0.9976497300
0.9975976300
0.9976892500
0.9975373700
0.9969375100
0.9973992100
0.9971712200
0.9973599300
0.9962441900
0.9968190200
0.9959427700
0.9937200500
0.9946282500
0.9930313800
0.9918055500
0.9922571200
0.9927825900
0.9921528700
0.9897553300
0.9929397100
0.9899480300
0.9875901900
0.9888040400
0.9906818900
0.9920021300
0.9924141800
0.9956718700
0.9946115000
0.9939206800
0.9948735800
0.9966025400
0.9968386900
0.9980302500
0.9967987500
0.9979450100
0.9982261100
0.9982461900
0.9978213300
0.9981626900
0.9979704000
0.9983907900
0.9979819100
0.9971622800
0.9955713200
0.9932457800
0.9939305800
0.9892265800
0.9862171400
0.9769470700
0.9396911900
0.9524139800
0.9441310200
0.9046730400
0.9169442700
0.9463625000
0.9387535500
0.9692857900
0.9596579100
0.9796863200
0.9861981300
0.9925155000
0.9889049500
0.9899663900
0.9891713300
0.9883427000
0.9936221200
0.9938248400
0.9962080700
0.9945976700
0.9970670300
0.9971607900
0.9977906900
0.9982700300
0.9975148400
0.9979016800
0.9980177900
0.9983154500
0.9971471400
0.9978861200
0.9964543600
0.9953946500
0.9969774500
0.9973064700
0.9976402500
0.9966678000
0.9966965900
0.9942480300
0.9959127300
0.9927150600
0.9945354500
0.9954523400
0.9967562600
0.9978994100
0.9973204700
0.9978340300
0.9977017000
0.9956610800
0.9963455800
0.9975861300
0.9972372100
0.9958970500
0.9965615900
0.9983280300
0.9980471100
0.9965169400
0.9904878700
0.9948363300
0.9877567300
0.9976777400
0.9963479600
0.9930991500
0.9874021400
0.9941697100
0.9920899900
0.9904077600
0.9898217900
0.9826827000
0.9709266400
0.9279127700
0.9364709300
0.9237342500
0.8301562700
0.8863641600
0.8965666300
0.8444743800
0.7332079400
0.8216872200
0.7886282800
0.7961944900
0.7269142900
0.6470107400
0.8354930900
0.8878549300
0.8933981100
0.8979190000
0.8945827500
0.9331781300
0.8424896600
0.8798424600
0.8612239400
0.9054439100
0.8982506400
0.8968136300
0.8608713200
0.8038119700
0.8102970100
0.8027575600
0.7559114100
0.7724007400
0.7346621800
0.7148003600
0.7106147400
0.6750257600
0.6347053600
0.5961328700
0.5794315300
0.5945205700
0.5337346200
0.5533297100
0.4932801100
0.5069907900
0.4827141200
0.5146027800
0.4705675200
0.4686771600
0.4723243100
0.4902711500
0.5007664600
0.5297272800
0.5643597800
0.5977028600
0.5627337700
0.5805932900
0.5871722100
0.5837518000
0.6208080600
0.6457282900
0.7016644500
0.7474687100
0.7744976300
0.8007983000
0.8566548200
0.9182384600
0.9379127000
0.9306227000
0.9391931900
0.9473500800
0.9559105000
0.9701514800
0.9668335900
0.9729526600
0.9815348400
0.9738683700
0.9709333800
0.9775067600
0.9690250800
0.9867744400
0.9851517100
0.9888458800
0.9875282600
0.9929022200
0.9912883000
0.9929464500
0.9960176300
0.9944677400
0.9958478200
0.9967715100
0.9975612200
0.9973875900
0.9966509900
0.9968549000
0.9975357100
0.9968259300
0.9977046800
0.9980637400
0.9971412400
0.9972612900
0.9974554200
0.9982428600
0.9968325500
0.9937678600
0.9964648500
0.9923160100
0.9878221200
0.9955288800
0.9919135600
0.9905828200
0.9880266200
0.9839499000
0.9842010100
0.9801474800
0.9858692900
0.9885844000
0.9818794100
0.9854954500
0.9955685700
0.9952243600
0.9947274300
0.9941142200
0.9957827300
0.9946761100
0.9963102900
0.9963781200
0.9979488300
0.9954471000
0.9964200300
0.9925508500
0.9972345200
0.9911824500
0.9908890100
0.9804438400
0.9886714200
0.9916569000
0.9880157100
0.9891653700
0.9958666600
0.8773924700
0.9923265000
0.9635656500
0.9864305300
0.9397522200
0.8918519600
0.9882022700
0.9621224400
0.9750410900
0.9872517600
0.9635471700
0.9721230300
0.9662299200
0.8921525500
0.9783055200
0.9672018300
0.9445909300
0.9071750600
0.9676440400
0.9798901100
0.9707670800
0.9826287000
0.9853822000
0.9758569600
0.9932809500
0.9901637400
0.9959167800
0.9870057100
0.9800745200
0.9729554700
0.9900582400
0.9969536100
0.9981012900
0.9930542100
0.9958290500
0.9957780800
0.9941179800
0.9951105700
0.9961648000
0.9935511400
0.9918201000
0.9888907700
0.9955962300
0.9970479600
0.9944103400
0.9952492700
0.9970136900
0.9966577300
0.9966435400
0.9951962800
0.9968307600
0.9952654800
0.9911711800
0.9853103200
0.9770104900
0.8637917000
0.7706107500
0.6801539100
0.6346272200
0.6287012700
0.6136164100
0.6389792600
0.6684069000
0.7885043600
0.8775422600
0.9466107500
0.9733644700
0.9849968000
0.9812353800
0.9840780500
0.9896256300
0.9928234800
0.9935860000
0.9954427500
0.9962061600
0.9953416600
0.9956295500
0.9953061900
0.9963196500
0.9971313500
0.9973329300
0.9970365800
0.9966167800
0.9955608800
0.9962855600
0.9958677300
0.9960726500
0.9962542100
0.9943465600
0.9965856100
0.9960417700
0.9959783600
0.9932991300
0.9926969400
0.9938219800
0.9882921600
0.9896163900
0.9910497700
0.9921199100
0.9953421400
0.9911285600
0.9943603900
0.9942675200
0.9927606600
0.9788492900
0.9904608100
0.9796898400
0.9919506300
0.9919609400
0.9906876700
0.9912394900
0.9913951800
0.9770784400
0.9867510200
0.9842638400
0.9769474300
0.9811721400
0.9880906300
0.9881156700
0.9755384300
0.9808872900
0.9826995100
0.9804178500
0.9825237400
0.9694315200
0.9715266200
0.9762285400
0.9706087100
0.9701221000
0.9535151700
0.9513958100
0.9494260000
0.9349111300
0.9434539700
0.9254740500
0.9034493000
0.9340772600
0.9744752000
0.9909454600
0.9919239900
0.9878089400
0.9857662900
0.9969462800
0.9893429300
0.9864918600
0.9853207500
0.9893561000
0.9931400400
0.9790003900
0.9673964400
0.9093896200
0.9275040000
0.5402473200
0.2063879200
0.7474728800
0.2192579200
0.7552285200
0.8256256000
0.7989900700
0.9544246200
0.5650591900
0.9614092100
0.9311853100
0.8014166400
0.3800427600
0.6873972400
0.0744658100
0.9345008700
0.2103148800
0.8557151600
0.2593158500
0.7244494000
0.2186503000
0.3239274900
0.6879536500
0.5280563200
0.3532303600
0.6201778700
0.4217378500
0.6988166600
0.7491700100
0.8286187600
0.7646411700
0.2674572200
0.1634536100
0.8311561300
0.1985623500
0.1015126200
0.1398351500
0.1506795600
0.0834852200
0.1708893300
0.3849487300
0.1122697100
0.1153070700
0.2389371400
0.0532396100
0.0899232200
0.4433681100
0.6272428600
0.3325829800
0.0617681700
0.1501328100
0.1810582700
0.1237093000
0.3312773400
0.2571376000
0.1695370400
0.2140290900
0.1286060800
0.1739513900
0.2094345500
0.2242127500
0.1785703200
0.1910676100
0.1805339800
0.1742433800
0.1544649500
0.1293714600
0.1334308200
0.1388593500
0.1278953900
0.1442887600
0.1350278700
0.1412450700
0.1117821900
0.1528281000
0.1423482300
0.1632370900
0.1926998500
0.1881005300
0.2147610900
0.2059553000
0.1862502700
0.1888705900
0.2021520400
0.1973830300
0.1956381400
0.2225572600
0.2218258200
0.2736419400
0.3472790100
0.3942767400
0.3889364000
0.3632899500
0.3472552000
0.3280798800
0.3302969900
0.3014275400
0.3055953400
0.3060341200
0.2810050000
0.2301183200
0.2595546500
0.2749738400
0.2573006200
0.2683907700
0.2841797200
0.2956691400
0.2857021400
0.2997336100
0.3012146700
0.2956583200
0.3190876200
0.3097098500
0.3125238700
0.3165483200
0.3236834400
0.3222419300
0.3407557000
0.3858638100
0.4009236100
0.4559455200
0.5431498300
0.6362975200
0.7407940600
0.6776027100
0.7111417700
0.7701293200
0.7311691000
0.6995817400
0.6096950800
0.5136513100
0.5877431000
0.5546480400
0.6265221200
0.6026008700
0.3903980900
0.5767406800
0.6188872500
0.5154936300
0.4206148400
0.4181214000
0.3460359000
0.4327233100
0.4930208600
0.3495782300
0.1959767800
0.2318958000
0.7943360200
0.5347041500
0.3929376000
0.7404377500
0.8717575100
0.9333583100
0.8602612000
0.8672357200
0.7819600700
0.9900785700
0.8355512600
0.4096112800
0.4751276100
0.3688906100
0.3791061900
0.5277195000
0.4279963700
0.2830342100
0.2967835700
0.3523304800
0.4002161900
0.4689084900
0.5139393200
0.5541802000
0.5110475400
0.6117808800
0.6467607000
0.5973925600
0.6035956100
0.5197451100
0.6183936000
0.4934490300
0.6933233700
0.6579027200
0.5547058600
0.7112202000
0.5522791100
0.5868969000
0.7320302100
0.9631288100
0.9846488800
0.9867932200
0.9858040800
0.9921070300
0.9924292000
0.9936088300
0.9956002200
0.9935823100
0.9951185000
0.9947468600
0.9960855200
0.9960593000
0.9953994200
0.9958498500
0.9962111700
0.9954775000
0.9945337800
0.9877656700
0.9935938700
0.9930404400
0.9936144400
0.9909241800
0.9874660400
0.9919762000
0.9916051600
0.9896605000
0.9924016000
0.9928566200
0.9944286300
0.9957842200
0.9959486700
0.9966324000
0.9960116100
0.9963209600
0.9956370000
0.9945939200
0.9932248000
0.9899249100
0.9858837700
0.9879331000
0.9900505500
0.9921639000
0.9940732100
0.9936983600
0.9940322000
0.9938283600
0.9936780300
