1.0000000000
1.0000000000
1.0000000000
1.0000000000
1.0000000000
1.0000000000
1.0000000000
1.0000000000
1.0000000000
1.0000000000
1.0000000000
1.0000000000
1.0000000000
1.0000000000
1.0000000000
1.0000000000
1.0000000000
1.0000000000
1.0000000000
1.0000000000
1.0000000000
1.0000000000
1.0000000000
1.0000000000
1.0000000000
1.0000000000
1.0000000000
1.0000000000
1.0000000000
1.0000000000
1.0000000000
1.0000000000
1.0000000000
1.0000000000
1.0000000000
1.0000000000
1.0000000000
1.0000000000
1.0000000000
1.0000000000
1.0000000000
1.0000000000
1.0000000000
1.0000000000
1.0000000000
1.0000000000
1.0000000000
1.0000000000
1.0000000000
1.0000000000
1.0000000000
1.0000000000
1.0000000000
1.0000000000
1.0000000000
1.0000000000
1.0000000000
1.0000000000
1.0000000000
1.0000000000
1.0000000000
1.0000000000
1.0000000000
0.9942030300
0.9939696800
0.9947007900
0.9965697500
0.9963558900
0.9964983500
0.9960017800
0.9961299900
0.9964214600
0.9959832400
0.9960821300
0.9959741200
0.9958547900
0.9959101700
0.9959856900
0.9955216600
0.9965104500
0.9964233000
0.9960416600
0.9962509300
0.9965694000
0.9960493400
0.9964335000
0.9959190500
0.9958733900
0.9963755000
0.9962568300
0.9961842900
0.9959455100
0.9968756400
0.9966281100
0.9968762400
0.9966452700
0.9963357400
0.9958075300
0.9956480900
0.9958061000
0.9958652300
0.9962182600
0.9953452900
0.9958450200
0.9951605200
0.9953578100
0.9956145300
0.9964228300
0.9959036700
0.9958665400
0.9965811400
0.9964158500
0.9968079900
0.9964272400
0.9967898700
0.9960825400
0.9962413300
0.9969463900
0.9960899900
0.9959981400
0.9960311100
0.9950814200
0.9947926400
0.9965200400
0.9963446300
0.9970871800
0.9970696000
0.9962655900
0.9962897300
0.9964613300
0.9973995700
0.9969067000
0.9971094700
0.9970809800
0.9974314600
0.9973619600
0.9972701700
0.9973280400
0.9972133000
0.9973552200
0.9967559000
0.9975985900
0.9973829400
0.9968960300
0.9967905900
0.9969533700
0.9970736500
0.9968271900
0.9968850000
0.9967741400
0.9967458200
0.9965921600
0.9966574900
0.9964193100
0.9961362500
0.9963588100
0.9958879400
0.9947497200
0.9937855000
0.9935364100
0.9930177900
0.9930054500
0.9920652500
0.9921433900
0.9918370800
0.9929480600
0.9933090200
0.9939051300
0.9944471100
0.9948444400
0.9944676200
0.9946101900
0.9957432200
0.9965511600
0.9968596700
0.9968485200
0.9970484400
0.9971956000
0.9968173500
0.9968549000
0.9972100900
0.9966450300
0.9962502100
0.9965130700
0.9956887400
0.9962279800
0.9956262100
0.9956217400
0.9962152800
0.9957679500
0.9954175900
0.9961019800
0.9944565300
0.9964082800
0.9969744700
0.9970939200
0.9975780800
0.9973427700
0.9976529500
0.9977664900
0.9975832700
0.9975678300
0.9976632600
0.9976840000
0.9977749000
0.9980164800
0.9980253000
0.9979692100
0.9976668400
0.9973036100
0.9972796400
0.9969093200
0.9962846000
0.9967051100
0.9959056400
0.9956535100
0.9957173500
0.9965105700
0.9952576800
0.9955826400
0.9957712300
0.9964656800
0.9968866700
0.9971767700
0.9976644500
0.9975367800
0.9976965800
0.9972354800
0.9974385500
0.9972611700
0.9972472800
0.9969770900
0.9971621600
0.9967619200
0.9962555200
0.9964576400
0.9963970800
0.9968298100
0.9967469000
0.9965369700
0.9956158400
0.9955562900
0.9948104600
0.9949175100
0.9948908100
0.9956206700
0.9958475200
0.9955560600
0.9956589900
0.9954896600
0.9958103900
0.9956647800
0.9957148400
0.9961052500
0.9960662700
0.9956936800
0.9955158800
0.9959749600
0.9960699100
0.9960551300
0.9957363600
0.9955815700
0.9955033700
0.9952321600
0.9951109300
0.9951493100
0.9952628600
0.9954423900
0.9956187600
0.9954641500
0.9941250100
0.9937890200
0.9928876800
0.9955164800
0.9949266900
0.9952523700
0.9946550100
0.9931663900
0.9935084600
0.9903704500
0.9910060800
0.9919335200
0.9914851800
0.9926431800
0.9918047200
0.9916629800
0.9905593400
0.9851917000
0.9791475500
0.9792873900
0.9815919400
0.9877483800
0.9869073600
0.9909171500
0.9877142900
0.9899589400
0.9920963000
0.9936978200
0.9934095100
0.9937863300
0.9929657000
0.9951273200
0.9944670200
0.9958133100
0.9962251200
0.9955647000
0.9952992200
0.9945918900
0.9959455100
0.9953824900
0.9951162300
0.9959914100
0.9966664900
0.9965349400
0.9953495900
0.9945181000
0.9954837600
0.9961611000
0.9933868100
0.9934530300
0.9929102100
0.9935729500
0.9920826000
0.9871066200
0.9895980400
0.9900457300
0.9917516100
0.9918826200
0.9910175800
0.9920393200
0.9914428600
0.9909119600
0.9927445700
0.9934495100
0.9923563000
0.9926929500
0.9900541300
0.9903242600
0.9907253400
0.9929648600
0.9929596800
0.9906657900
0.9927095200
0.9927638200
0.9914036400
0.9909297800
0.9934579700
0.9918105600
0.9915932400
0.9925704600
0.9915669600
0.9936221200
0.9930906300
0.9945160700
0.9936032900
0.9938449900
0.9945176200
0.9932501300
0.9941923000
0.9933500900
0.9933185600
0.9935374900
0.9931436800
0.9915468100
0.9929109200
0.9911448400
0.9936284400
0.9899117400
0.9925072800
0.9911806000
0.9913395000
0.9909979100
0.9925234900
0.9907680200
0.9926602800
0.9895194800
0.9905251900
0.9920148800
0.9902879000
0.9921213400
0.9921613300
0.9904874000
0.9920815200
0.9918980600
0.9930571300
0.9945865900
0.9935591800
0.9913596500
0.9927728800
0.9921441100
0.9951953300
0.9945948700
0.9942840900
0.9938602400
0.9914500100
0.9938954700
0.9946187700
0.9947722600
0.9956921900
0.9941915900
0.9937970600
0.9922151000
0.9934719800
0.9935439800
0.9911289200
0.9940115800
0.9930538500
0.9908605800
0.9904492500
0.9895663300
0.9913284200
0.9908112300
0.9903809400
0.9926322100
0.9917367100
0.9905904500
0.9929466800
0.9925173500
0.9941890200
0.9933887700
0.9951024100
0.9944344200
0.9953278300
0.9947941900
0.9954569300
0.9948253600
0.9948876500
0.9945973200
0.9940943100
0.9941177400
0.9944287500
0.9934750200
0.9930964100
0.9942594800
0.9914370200
0.9944896700
0.9925304100
0.9934901000
0.9907459000
0.9911438200
0.9958031800
0.9941703100
0.9954571700
0.9956301500
0.9970238800
0.9953332500
0.9974910000
0.9944526600
0.9959142800
0.9938951100
0.9947961000
0.9945059400
0.9943094300
0.9948046800
0.9963644100
0.9963728200
0.9964566800
0.9948540300
0.9939726000
0.9964698600
0.9938303800
0.9939382100
0.9936392900
0.9947007900
0.9933747600
0.9916994600
0.9933396000
0.9950187200
0.9940733300
0.9945577400
0.9946461300
0.9921590100
0.9907273100
0.9936779100
0.9921360000
0.9933576000
0.9942809300
0.9942863600
0.9944720300
0.9956615600
0.9957564500
0.9950391700
0.9879729700
0.9900037600
0.9913756300
0.9885659800
0.9898338300
0.9926187400
0.9902811100
0.9925702200
0.9936664700
0.9930170800
0.9901077700
0.9930105800
0.9939470300
0.9945120800
0.9919523600
0.9930177900
0.9916155900
0.9920334200
0.9880811000
0.9899851100
0.9909824700
0.9866747300
0.9928015500
0.9894535500
0.9823517200
0.9886516900
0.9836894900
0.9869903900
0.9880351400
0.9799187200
0.9867206800
0.9848666800
0.9870044600
0.9853324300
0.9862723400
0.9830753800
0.9890856100
0.9781303400
0.9884781200
0.9922425700
0.9859947000
0.9912735800
0.9902454600
0.9877632300
0.9896987100
0.9916881900
0.9931917800
0.9936394100
0.9941518900
0.9895626900
0.9907518600
0.9888231800
0.9895045800
0.9866238200
0.9882929900
0.9880209600
0.9809178100
0.9813769500
0.9821325500
0.9861831700
0.9742498400
0.9803315400
0.9766917200
0.9820952400
0.9829301200
0.9776045100
0.9789311900
0.9828209900
0.9803851800
0.9837061200
0.9801376500
0.9824932800
0.9792963900
0.9831060800
0.9828825000
0.9830865900
0.9756076300
0.9869076000
0.9822511100
0.9844797300
0.9857673600
0.9852038600
0.9852073200
0.9853923900
0.9849215100
0.9861100900
0.9836375100
0.9852827800
0.9796229000
0.9831687200
0.9846549000
0.9783616700
0.9837440800
0.9796192600
0.9810189600
0.9816575100
0.9824308800
0.9813417200
0.9820839800
0.9794132700
0.9825736900
0.9826293000
0.9832683200
0.9823795600
0.9813455900
0.9827370600
0.9845198400
0.9834871300
0.9829281000
0.9809199600
0.9830035000
0.9822161200
0.9838866600
0.9868691600
0.9829552800
0.9808055200
0.9781929300
0.9821924600
0.9822513500
0.9806940600
0.9815948000
0.9818119400
0.9795882700
0.9801001000
0.9776290100
0.9766080400
0.9776280500
0.9801397900
0.9813090000
0.9790935500
0.9839817900
0.9815149900
0.9800313700
0.9802286000
0.9796445400
0.9784067300
0.9769910000
0.9741486300
0.9798377200
0.9758669700
0.9789546700
0.9827922000
0.9810596100
0.9838097100
0.9799891100
0.9804019300
0.9691711100
0.9689763800
0.9736503400
0.9742177100
0.9748188900
0.9735539600
0.9785507900
0.9733404500
0.9781584700
0.9761255400
0.9800512800
0.9801574300
0.9806937600
0.9768403800
0.9769502900
0.9817298700
0.9769895100
0.9770722400
0.9807176000
0.9727696200
0.9734954200
0.9785894800
0.9786471100
0.9775701800
0.9812821100
0.9779753700
0.9772959400
0.9746866200
0.9750337000
0.9736906900
0.9769043300
0.9773581000
0.9791359300
0.9784137000
0.9758083800
0.9782956200
0.9779045600
0.9792403000
0.9784883300
0.9811496700
0.9807388800
0.9834217400
0.9794712700
0.9797637500
0.9781922700
0.9824928000
0.9802569700
0.9783710200
0.9852917200
0.9826005100
0.9810760000
0.9785550200
0.9805661400
0.9770859500
0.9783300800
0.9786216600
0.9673492300
0.9821727900
0.9771702900
0.9742220600
0.9779792400
0.9813025600
0.9750630900
0.9790331700
0.9729707200
0.9760381600
0.9712305100
0.9727559700
0.9740060000
0.9658321700
0.9738168100
0.9610315600
0.9507612000
0.9405077700
0.9179847200
0.9236446600
0.9014197000
0.9131309400
0.9091961400
0.8854197900
0.8762365000
0.8874107000
0.8881137400
0.8703700300
0.8821689500
0.8472573800
0.8604565300
0.8682161600
0.8572493800
0.8411733500
0.8268207900
0.8133969900
0.8074054100
0.7957382800
0.7801868900
0.7956277100
0.7592336500
0.7399016600
0.7937873600
0.7450205700
0.7671365700
0.7544624200
0.7565963900
0.7611888100
0.7471347500
0.7403663400
0.7287238800
0.7341353900
0.7172741300
0.7097417700
0.6826566500
0.6750998500
0.6722944400
0.6804885300
0.6662710300
0.6617227800
0.6620949500
0.6409008500
0.6347808200
0.6452867400
0.6388625500
0.6415758700
0.6326795800
0.6429532200
0.6154352400
0.6208961000
0.6209685200
0.6092282500
0.6087123200
0.6217251400
0.6133442500
0.6209207800
0.6426619900
0.6306683400
0.6759116100
0.6703119300
0.6633514800
0.6297779100
0.6327079500
0.6311661600
0.6391923400
0.6402027600
0.6465054200
0.6570780300
0.6489321000
0.6330400700
0.6452937100
0.6215411400
0.6406317900
0.6359205800
0.6547769300
0.6852268600
0.6536813400
0.6989035000
0.6738069100
0.6537213300
0.6457984400
0.6207384500
0.6178134700
0.6062542800
0.6274092800
0.6136326200
0.6017962100
0.6017470400
0.6167298000
0.6113228800
0.6135705700
0.6152678100
0.6335471900
0.6325554800
0.6370122400
0.6442447900
0.6430864900
0.6508229400
0.6726068300
0.6690530200
0.6490822400
0.6822188500
0.6587513700
0.6580842700
0.6520614000
0.6773250700
0.6599934700
0.6518205400
0.6404438600
0.6475341900
0.6586557600
0.6514329300
0.6371198900
0.6212476500
0.6399349600
0.6440829000
0.6408827900
0.6262998600
0.6341838800
0.6395669600
0.6294164700
0.6264922600
0.6290391100
0.6287357200
0.6178370700
0.6203989400
0.6261586000
0.6240918000
0.6354949500
0.6344509100
0.6311201500
0.6252729300
0.6129199300
0.6129440100
0.6198962300
0.6316317900
0.6281452800
0.6236144900
0.6286262900
0.6291042600
0.6208941900
0.6203286100
0.6127030800
0.6134668600
0.6316325700
0.6263604800
0.6246422500
0.6176890100
0.6323434700
0.6377426400
0.6407804500
0.6464179200
0.6305905600
0.6368252000
0.6238684700
0.6248067600
0.6341632600
0.6178496500
0.6327598700
0.6600951600
0.6180591600
0.5958691800
0.6145934500
0.6300591200
0.6431276800
0.6586028900
0.6185677100
0.6198023600
0.6276245700
0.6768980000
0.7256149600
0.6650315500
0.6379730100
0.6111760700
0.6291549800
0.6399073600
0.6490755100
0.6397917900
0.6386249100
0.6456262500
0.6611503400
0.6355023400
0.6240052600
0.6334289900
0.6687294800
0.6591591200
0.6385566000
0.6170647700
0.6230023500
0.6236549600
0.6276654600
0.6333955500
0.6335980300
0.6321457600
0.6347991200
0.6283759500
0.6353349700
0.6513465600
0.6481890700
0.6876512200
0.6509031700
0.6447109600
0.6570335000
0.6640342500
0.6554294200
0.6345419300
0.6812831800
0.6528192200
0.6537567400
0.6874727600
0.6808285700
0.6742641300
0.6636021100
0.6534932900
0.6543104600
0.6555839200
0.6507152300
0.6714177100
0.6444881000
0.6614951500
0.6398264800
0.6508267500
0.6503015200
0.6368130400
0.6260778300
0.6260802700
0.6532610700
0.6400256200
0.6520693900
0.6550955800
0.6394951900
0.6546658300
0.6452701700
0.6252228600
0.6475853300
0.6411579300
0.6346176300
0.6416194400
0.6399213700
0.6505171100
0.6676486100
0.6618678000
0.6521163600
0.6606205100
0.6521313200
0.6529707300
0.6629902700
0.6581009600
0.6551295500
0.6602296800
0.6589393600
0.6680897500
0.6763308600
0.6762803200
0.6847168800
0.7043404600
0.6742536400
0.6682711200
0.6916120600
0.6952482500
0.7206530600
0.7434697700
0.7550029800
0.7658136500
0.7884308100
0.8093103200
0.8228138100
0.8184425200
0.8458705500
0.8522326900
0.8664825600
0.8478846000
0.8565817500
0.8605578500
0.9082450900
0.9225744600
0.9193936000
0.9064713100
0.9192645500
0.9343159200
0.9361485200
0.9478344900
0.9495471100
0.9652113900
0.9760090100
0.9767628300
0.9820137600
0.9880582700
0.9912686300
0.9915930000
0.9917124500
0.9939423200
0.9949711600
0.9939011300
0.9925941800
0.9917491700
0.9902414700
0.9913187600
0.9916951100
0.9932500100
0.9905847900
0.9889069800
0.9873783000
0.9856892800
0.9890500300
0.9901053300
0.9917741400
0.9911627800
0.9925572900
0.9938401600
0.9928968500
0.9926177900
0.9926130800
0.9925164600
0.9912209500
0.9920768700
0.9911490700
0.9883224400
0.9887808600
0.9925406600
0.9922943100
0.9922102700
0.9933292900
0.9939643700
0.9941749000
0.9941904500
0.9949854600
0.9949229400
0.9956479700
0.9961634900
0.9962821600
0.9962658300
0.9946570400
0.9957835700
0.9964105500
0.9930353200
0.9889511500
0.9915139100
0.9952723400
0.9955169600
0.9958880500
0.9966290600
0.9964480400
0.9966002100
0.9965778000
0.9966797800
0.9967122100
0.9968648600
0.9966216100
0.9963337200
0.9956504700
0.9964373100
0.9959969500
0.9945530900
0.9952585100
0.9952948700
0.9945426000
0.9944158800
0.9949870100
0.9943865500
0.9943239700
0.9946395800
0.9942358100
0.9933822200
0.9949563100
0.9956206700
0.9957629400
0.9957841000
0.9960178700
0.9952796700
0.9935669300
0.9924535200
0.9916758500
0.9896926300
0.9887127900
0.9849404700
0.9773188200
0.9746209400
0.9672804500
0.9549175500
0.9419485900
0.9197097400
0.9144939200
0.9131164600
0.9061242900
0.8953268500
0.8794258800
0.8335641600
0.8439889600
0.8399663600
0.8528111600
0.8558511700
0.8465617900
0.8460205200
0.8379786000
0.8483287700
0.8466713400
0.8343468300
0.8224399700
0.7808146500
0.7749041900
0.7734596100
0.7644038800
0.7546043400
0.7501758900
0.7270597200
0.7417203800
0.7454994900
0.7434010500
0.7174518700
0.7140141100
0.6949521300
0.6922400600
0.6966858500
0.6829803600
0.6518656000
0.6488850100
0.6342036700
0.6122749400
0.6162899100
0.5893871200
0.5724278700
0.5637592700
0.5567416000
0.5352720600
0.5437002200
0.5452184700
0.5338642600
0.5061833300
0.4987795400
0.5027954000
0.4926480400
0.4982174000
0.5004627700
0.4895807500
0.4826940300
0.4805318400
0.4784582900
0.4638259700
0.4742719800
0.4648309100
0.4616571100
0.4723162100
0.4760375000
0.4734835600
0.4854989300
0.4937474400
0.4811772400
0.4814846200
0.4862062600
0.4846895900
0.4924390000
0.4782814100
0.4861984800
0.4804118600
0.4786603500
0.4818059500
0.4884844700
0.4759809400
0.4785942700
0.4830545200
0.4851597000
0.4945618500
0.4837380600
0.4752504800
0.4829289300
0.4716845200
0.4796897500
0.4809283000
0.4791780100
0.4883647600
0.4659991000
0.4662872900
0.4586641800
0.4658349800
0.4631101200
0.4630540900
0.4507945200
0.4743048300
0.4629695400
0.4808551100
0.4642163200
0.4779889600
0.4711794900
0.4791901100
0.4736219900
0.4736806800
0.4781578500
0.4797889000
0.4798751800
0.4742946300
0.4671536100
0.4725238400
0.4682091800
0.4707494400
0.4647432300
0.4717827100
0.4805393500
0.4772129100
0.4731674500
0.4774507300
0.4711893800
0.4699066900
0.4672467400
0.4709669900
0.4499427400
0.4519116300
0.4766720200
0.4662664800
0.4612422300
0.4441258900
0.4470751000
0.4358090800
0.4244721800
0.4404308500
0.4296380900
0.4434380800
0.4293619400
0.4376798000
0.4516859400
0.4323275100
0.4387454700
0.4531214200
0.4549862100
0.4754916100
0.4781451800
0.4766900200
0.4673110800
0.4753122000
0.4864042700
0.4922425200
0.5009290600
0.4744577100
0.4846345800
0.4942384400
0.5068700900
0.4899491100
0.5501958100
0.5233945300
0.5487836600
0.5516398000
0.5592206100
0.6020592500
0.5506453500
0.6048345600
0.5967595000
0.6725381600
0.7162690200
0.7442461800
0.7638083700
0.8174215000
0.8437913100
0.8195653000
0.8324620100
0.8540986200
0.8530319900
0.8364441400
0.8736488200
0.8601761500
0.8577522600
0.8655882500
0.8808323700
0.8641493300
0.8705998100
0.8744980100
0.8775371900
0.8689808800
0.8888804300
0.8801355400
0.8799094600
0.8779638400
0.9001687800
0.8913357900
0.9021946200
0.8997419500
0.8664795200
0.9010081300
0.8842110000
0.9160878100
0.9042815000
0.9081190200
0.9040421200
0.8891081200
0.8794086000
0.8963602200
0.8869066800
0.9149333200
0.9011390800
0.8881796600
0.8864010600
0.9014812100
0.9015128000
0.8444877300
0.8599121600
0.8434791000
0.8703674100
0.8796274700
0.8378103400
0.8650993700
0.8634361600
0.8976928000
0.8815700400
0.9204227900
0.8648750200
0.8528803000
0.9052527500
0.8919700400
0.9293258200
0.9280138600
0.9309365700
0.9389857100
0.9462659400
0.9485300200
0.9365808400
0.9348510500
0.9314882800
0.9370293600
0.9271607400
0.9338117200
0.9604827200
0.9445563000
0.9325800500
0.9428345000
0.9405347700
0.9502486600
0.9422876200
0.9296572800
0.9199267600
0.9356015300
0.9572893400
0.9406548100
0.9295793800
0.9288797400
0.9539455800
0.9525843300
0.9542571900
0.9527510400
0.9400216900
0.9448514000
0.9584043000
0.9558558500
0.9528747200
0.9512627700
0.9690411100
0.9715055200
0.9821485300
0.9816486800
0.9756878600
0.9735589000
0.9667468100
0.9586272800
0.9738540100
0.9731904900
0.9584707600
0.9559191500
0.9713914400
0.9501606200
0.9386659900
0.9576771300
0.9400026200
0.9347021600
0.9150289300
0.9436090600
0.9384368100
0.9377401500
0.8982819900
0.9198987500
0.9294899700
0.9257419700
0.9356863500
0.9521838400
0.9017811400
0.8988605700
0.9284969600
0.8775357000
0.9021256000
0.9172768000
0.8928756700
0.9448664200
0.9051770600
0.9329518700
0.9067391200
0.8936601300
0.8865661000
0.9053684500
0.9302902800
0.9506833000
0.9476542500
0.9522309300
0.9716109000
0.9703140900
0.9691005300
0.9734510200
0.9518355100
0.9615907700
0.9611606000
0.9581590900
0.9568270400
0.9716269400
0.9576450600
0.9723949400
0.9688946000
0.9563962800
0.9627466800
0.9660702300
0.9378120900
0.9521220900
0.9565210300
0.9652625900
0.9667409100
0.9598560300
0.9632571900
0.9657832400
0.9635413300
0.9675303100
0.9777462500
0.9716113800
0.9755850400
0.9726839100
0.9726235900
0.9773080300
0.9720686100
0.9762686500
0.9825280300
0.9785012600
0.9775763200
0.9726420600
0.9788367200
0.9825137300
0.9823953500
0.9739477600
0.9762771700
0.9801695900
0.9805094000
0.9867028000
0.9826093900
0.9796899600
0.9820991800
0.9851334100
0.9801928400
0.9749614000
0.9662509600
0.9803787500
0.9823942200
0.9792637200
0.9746385800
0.9764000200
0.9796676600
0.9819681000
0.9830378300
0.9841095800
0.9847971800
0.9786423400
0.9878228900
0.9836484200
0.9831231200
0.9891768100
0.9889366600
0.9875540700
0.9820845700
0.9839586000
0.9883084300
0.9861337500
0.9859359300
0.9846988300
0.9875037100
0.9868649800
0.9894357900
0.9882259400
0.9888407600
0.9895909400
0.9884158400
0.9896676500
0.9872776900
0.9903070900
0.9866559500
0.9874596600
0.9879717200
0.9840555200
0.9869412800
0.9879975300
0.9899832000
0.9882765400
0.9936064500
0.9885954300
0.9917232400
0.9891285300
0.9905108800
0.9921898200
0.9925082300
0.9913943400
0.9923301300
0.9898686400
0.9899001700
0.9879085400
0.9904049600
0.9901685700
0.9842483400
0.9853780300
0.9850231400
0.9858493800
0.9866800900
0.9838008300
0.9842489400
0.9881982200
0.9873122000
0.9892439800
0.9841482600
0.9871463800
0.9854427600
0.9851089700
0.9882203300
0.9907431000
0.9851306100
0.9865183200
0.9890180800
0.9894702400
0.9909128000
0.9919807900
0.9892818900
0.9871296300
0.9925218200
0.9915137900
0.9905338300
0.9913044000
0.9899160300
0.9898757300
0.9885519700
0.9907744500
0.9940651700
0.9876347200
0.9829353100
0.9821193200
0.9856482700
0.9790549300
0.9803612200
0.9894429400
0.9866187000
0.9879585500
0.9893239100
0.9882788700
0.9837440800
0.9872845400
0.9844143400
0.9909598800
0.9893548500
0.9869894400
0.9892954200
0.9907551400
0.9899829600
0.9905669100
0.9846836900
0.9913574500
0.9898216700
0.9885649100
0.9904193300
0.9850445400
0.9932129400
0.9917622800
0.9889009000
0.9929260000
0.9902958300
0.9882706400
0.9914588900
0.9864343400
0.9874177000
0.9857014400
0.9886493700
0.9895316400
0.9866146400
0.9906780700
0.9835417900
0.9946751600
0.9922981900
0.9883407400
0.9894234500
0.9879504400
0.9886655800
0.9903842200
0.9912312600
0.9914619900
0.9913382500
0.9885904200
0.9860655100
0.9943165200
0.9922135500
0.9952558900
0.9909412300
0.9917735500
0.9908891300
0.9933462100
0.9898798500
0.9915472900
0.9930161200
0.9932711700
0.9926933100
0.9916263800
0.9924052400
0.9941554100
0.9924092300
0.9930309700
0.9942823600
0.9929654600
0.9934334800
0.9954126500
0.9925466200
0.9933970000
0.9950897100
0.9928977500
0.9951961600
0.9927431300
0.9945229300
0.9960344400
0.9951062200
0.9952155400
0.9958956200
0.9965482400
0.9946883900
0.9951406700
0.9942649000
0.9954929400
0.9949106600
0.9956501100
0.9951219000
0.9952113000
0.9959779400
0.9953617500
0.9950619300
0.9958950300
0.9960715800
0.9954239700
0.9949836700
0.9966776400
0.9963273400
0.9948788900
0.9962789400
0.9904409600
0.9925823200
0.9921361200
0.9927071900
0.9916362800
0.9939121000
0.9934353800
0.9945973200
0.9942201400
0.9955961100
0.9972789900
0.9963517200
0.9962664200
0.9966614200
0.9955825200
0.9940634400
0.9955906900
0.9948881300
0.9954674200
0.9957238400
0.9966134400
0.9961032900
0.9953031500
0.9961823800
0.9954630700
0.9952007500
0.9951807300
0.9949554800
0.9937378200
0.9947180200
0.9934974900
0.9943293900
0.9922424600
0.9902721000
0.9906505300
0.9938976200
0.9925974600
0.9910159100
0.9939572800
0.9921986500
0.9929559200
0.9938668600
0.9925225400
0.9935854100
0.9925546100
0.9943572900
0.9952650100
0.9965811400
0.9950927500
0.9956207900
0.9949440400
0.9955749500
0.9952948700
0.9927871800
0.9956749100
0.9946178800
0.9942692500
0.9956087500
0.9947091300
0.9946283700
0.9945954700
0.9956148900
0.9946282500
0.9963118400
0.9938090400
0.9921054800
0.9901226200
0.9885925100
0.9884520200
0.9893679000
0.9893277300
0.9879863900
0.9886505600
0.9892345700
0.9900673600
0.9897697000
0.9887963500
0.9908485400
0.9906632900
0.9897358400
0.9893748800
0.9891338900
0.9880687600
0.9881756300
0.9880459300
0.9879507400
0.9877268700
0.9858892000
0.9901464600
0.9894060500
0.9892537600
0.9901601700
0.9882616400
0.9885678300
0.9902260900
0.9928708700
0.9922986600
0.9917957200
0.9934279300
0.9938252000
0.9925817300
0.9928182400
0.9949977400
0.9914291500
0.9938182200
0.9942218700
0.9924553600
0.9920731200
0.9909184000
0.9901457400
0.9912540300
0.9929873300
0.9908232700
0.9915836500
0.9929962800
0.9894461000
0.9920141100
0.9928382000
0.9934799700
0.9941271500
0.9915149200
0.9924552400
0.9926284600
0.9924253200
0.9926124800
0.9909504700
0.9917063700
0.9906603700
0.9923186300
0.9901946200
0.9901796600
0.9881746800
0.9892596000
0.9906433200
0.9885813600
0.9883244000
0.9907723700
0.9889701600
0.9820644900
0.9888300300
0.9907557400
0.9931770600
0.9933498500
0.9927203700
0.9912313800
0.9918212900
0.9912750700
0.9917156100
0.9922634400
0.9919931900
0.9921992400
0.9924089900
0.9914582400
0.9918541900
0.9913874300
0.9924593600
0.9915986100
0.9921888100
0.9923942100
0.9924531600
0.9932456600
0.9938488600
0.9941453900
0.9940713000
0.9946845200
0.9945876600
0.9957458400
0.9960809400
0.9962775100
0.9961839300
0.9961335700
0.9960185900
0.9966136800
0.9962912800
0.9957934600
0.9955293500
0.9961904300
0.9955762600
0.9957464300
0.9950803500
0.9960864800
0.9962718500
0.9961707000
0.9963640600
0.9963297200
0.9960242500
0.9955902100
0.9954128900
0.9958055000
0.9963657900
0.9965308300
0.9964582300
0.9964422600
0.9963246000
0.9968552600
0.9957100200
0.9953187100
0.9952375900
0.9942405200
0.9934911100
0.9949134600
0.9949422500
0.9952570800
0.9955635100
0.9958444200
0.9953616300
0.9951953300
0.9954979400
0.9942066700
0.9945294300
0.9948239300
0.9945553500
0.9950416700
0.9951695800
0.9957050700
0.9962454400
0.9958373300
0.9958439500
0.9955335900
0.9958518700
0.9961437000
0.9959226800
0.9959212500
0.9956517800
0.9948705400
0.9947120000
0.9952246000
0.9952061800
0.9955284000
0.9950862500
0.9940723800
0.9941851500
0.9933510400
0.9941573100
0.9939310600
0.9942061900
0.9949769400
0.9947257600
0.9949345000
0.9957510200
0.9960892200
0.9961215900
0.9956408700
0.9956215000
0.9951698200
0.9956249600
0.9957127600
0.9953017200
0.9959430100
0.9955886600
0.9947375700
0.9942019600
0.9930363300
0.9937773900
0.9939096000
0.9930703000
0.9917282500
0.9936112800
0.9923032500
0.9914831500
0.9897199300
0.9877375400
0.9873427200
0.9900678400
0.9892893400
0.9869585600
0.9861288700
0.9853244400
0.9823712100
0.9866603600
0.9886791100
0.9885999000
0.9891114800
0.9814995500
0.9875899600
0.9852852200
0.9902442700
0.9895161400
0.9898029600
0.9890534300
0.9884100000
0.9891046300
0.9888396900
0.9887529600
0.9887613700
0.9873634000
0.9872544400
0.9881069700
0.9860882200
0.9889220000
0.9851828200
0.9800395400
0.9855555300
0.9825370900
0.9911322000
0.9921297400
0.9915209400
0.9917048200
0.9923257800
0.9909380700
0.9925400600
0.9916970700
0.9932809500
0.9923032500
0.9916153600
0.9927482000
0.9938310400
0.9927760400
0.9925242100
0.9895384300
0.9906200200
0.9918711200
0.9911502600
0.9900464400
0.9828233700
0.9851956400
0.9846349400
0.9725744100
0.9670764800
0.9746212400
0.9707782300
0.9598609800
0.9608061300
0.9373000900
0.9568362200
0.9511916000
0.9362918700
0.9521994600
0.9610744700
0.9653012800
0.9602527600
0.9762234700
0.9794903400
0.9799527500
0.9880005700
0.9844684000
0.9906946400
0.9850087200
0.9907710600
0.9863237100
0.9783802600
0.9866548800
0.9573119900
0.9716904800
0.9669843900
0.9233647600
0.9402498000
0.9618428900
0.9188655000
0.9335603100
0.9678524100
0.9598349300
0.9642186800
0.9795414800
0.9492657200
0.9487773200
0.9423061000
0.9465885200
0.9650743000
0.9482997100
0.9578151100
0.9666504300
0.9581613500
0.9662281300
0.9768557500
0.9747681600
0.9750212400
0.9735493100
0.9796939500
0.9791791400
0.9719755600
0.9683899300
0.9629917700
0.9750189800
0.9758624400
0.9786968200
0.9650295400
0.9657270900
0.9818367400
0.9713223600
0.9520998600
0.9638370300
0.9858761400
0.9723147700
0.9665589900
0.9601792700
0.9746471600
0.9173265100
0.9590083400
0.9484322100
0.9729815100
0.9472706300
0.9538580200
0.9353580500
0.9330325100
0.9525848600
0.8773586800
0.8519041500
0.9335696700
0.8519741300
0.9378169200
0.9434012800
0.9052837500
0.9217165700
0.9772518900
0.9275500800
0.9315666600
0.9586682300
0.8674001700
0.9594036300
0.9698085200
0.9284905200
0.9314668800
0.9625183300
0.9799482800
0.9711432500
0.9252823600
0.9408831000
0.9547629400
0.8977969300
0.9423419200
0.9186250000
0.8878544600
0.8057824400
0.8924698800
0.9033098800
0.8466094700
0.9442718600
0.9332063800
0.8679903700
0.9622929700
0.8879461900
0.8623576200
0.8966920400
0.9092251700
0.8929148300
0.8837709400
0.8896026600
0.8534536400
0.7085546300
0.8813450900
0.8315994100
0.7980988000
0.7648178900
0.7821004400
0.7096800200
0.8346437800
0.7391687000
0.7672788500
0.7470755000
0.8312634800
0.7157729900
0.7246824500
0.6929577600
0.6538171800
0.7224446500
0.6965993000
0.6879723100
0.6593734000
0.5482190300
0.5486253500
0.5595470100
0.5820398300
0.5229052300
0.5680049100
0.5544338200
0.5173513900
0.5355843900
0.5436011600
0.5445646600
0.5153657800
0.5229229300
0.5107209700
0.5094913800
0.4588947900
0.4401202200
0.4939374000
0.4413321300
0.4575553800
0.4634181600
0.5057135200
0.4949172700
0.4779132000
0.4586069900
0.4870138500
0.5060245400
0.4874263700
0.4936885500
0.4665268100
0.4525030300
0.3980416700
0.4447755200
0.3921012600
0.3402218200
0.3493243500
0.3780570300
0.4128922800
0.3875811400
0.4261319300
0.4736129000
0.3870705400
0.4615420100
0.4011629500
0.4204735200
0.4716852900
0.4673513500
0.4717742200
0.4311629500
0.4374266600
0.4200424800
0.4617006800
0.4356958000
0.4721258300
0.5150353900
0.4438809200
0.4795619000
0.4329338700
0.4881311100
0.4277689500
0.4614722700
0.4911852500
0.5005108700
0.5065049500
0.6002073900
0.4781990100
0.4800507100
0.4692505000
0.4736841000
0.5143585200
0.4524643700
0.4650908700
0.4914885200
0.5056938500
0.4767583000
0.4819322800
0.4424245400
0.4258816500
0.4721883200
0.4662840100
0.4741371000
0.4445788900
0.4364399600
0.4568851600
0.4305147800
0.4579869500
0.4488028300
0.5004409000
0.4371580200
0.4587018800
0.4474227400
0.4475522900
0.4768798400
0.4021209500
0.4694624200
0.4481865500
0.5019372100
0.4489448400
0.4593191400
0.4530797300
0.4876590700
0.4507860500
0.4923292400
0.4769575300
0.4917417200
0.4291043900
0.4719378700
0.4788604400
0.4803213200
0.4461903600
0.4486762000
0.4613460000
0.4686568100
0.4540614800
0.4687645400
0.4573497800
0.4518705900
0.4600257300
0.4619216000
0.4754978100
0.4871514100
0.4557899500
0.4277432000
0.4850980300
0.4976604900
0.4643011700
0.4639634800
0.4983793800
0.4895867100
0.4868882900
0.5193893300
0.4846711800
0.5438641300
0.5710114200
0.5297241800
0.4711302500
0.4810572000
0.4811821900
0.4874245800
0.4843596200
0.4824925700
0.4696473500
0.4648352900
0.5066146300
0.4816710700
0.5105752900
0.4986711400
0.4770911000
0.5020755500
0.5199711300
0.5426056400
0.5076106200
0.5254405700
0.5108500100
0.5172618600
0.5160389500
0.5183427900
0.4862121600
0.4510920900
0.5399285000
0.4998071800
0.5305861800
0.4930430100
0.5217585000
0.4852373000
0.4888486300
0.5231126500
0.5128837200
0.4847531000
0.4990826500
0.4862283500
0.5358788400
0.5055611100
0.4914415800
0.5359119200
0.5322171400
0.4968221800
0.5131791200
0.5120821600
0.5217712500
0.4946622000
0.5131369200
0.4713331800
0.4905167800
0.4729364500
0.4950591000
0.4910745300
0.4877498100
0.4934122300
0.5057444600
0.5812813000
0.5124818100
0.4984881300
0.4708733600
0.4809912100
0.4875212300
0.4879988100
0.5047313000
0.4877848600
0.4788322200
0.4724332400
0.4275355600
0.4270583100
0.4374040400
0.4025231300
0.4983388800
0.4519500100
0.3777016700
0.4273083500
0.4303465800
0.4259218900
0.4432339700
0.4358326500
0.4133656900
0.4307123100
0.3689857700
0.3613084600
0.3386002200
0.3804835700
0.3604404300
0.3331733300
0.3774373800
0.3410081000
0.3677982100
0.3515944800
0.3695343100
0.3668855100
0.3652165500
0.3738977300
0.3772259100
0.3495559700
0.3811202600
0.3804284900
0.3867177100
0.3691924800
0.3982515300
0.3661240600
0.3756384600
0.4073033000
0.4045193200
0.3957099900
0.3928611300
0.4435893300
0.4208974200
0.4128646600
0.4076878400
0.4074943100
0.3816187700
0.3893419800
0.3714187400
0.3309178700
0.3879016300
0.4058910000
0.3689732000
0.3771199600
0.3916353300
0.3641989800
0.3856881600
0.4070196400
0.3634417100
0.3783295800
0.3609687700
0.3852637400
0.3832973500
0.3571677500
0.3560168700
0.3599929200
0.3760821200
0.3575330100
0.3705127800
0.3610585000
0.3685835000
0.3813136500
0.3634735000
0.3537056700
0.3452394300
0.3542233400
0.3648483200
0.3477564200
0.3509876100
0.3675229000
0.3747725200
0.3726631100
0.3666355300
0.3592357000
0.3674159000
0.3730469000
0.3746602800
0.3743070400
0.3975834000
0.3733825100
0.3408984500
0.3975689700
0.3614803600
0.3563323600
0.3617816600
0.3559711300
0.3587999000
0.3621348700
0.3797947800
0.3502878200
0.3688049300
0.3486392200
0.3458518100
0.3537964800
0.3724591400
0.3563346600
0.3560553800
0.3490672400
0.3441685400
0.3497642900
0.3586795600
0.3708612300
0.3830438300
0.3627117300
0.3671386200
0.3691871500
0.3833516800
0.3415638200
0.3508095700
0.3750382100
0.3804927800
0.3677204500
0.3455405500
0.3277410900
0.3453863000
0.3397746400
0.3589139600
0.3305226600
0.3598975200
0.3564723700
0.3876930800
0.3961771700
0.4037464000
0.3929916600
0.3868639500
0.3706500200
0.3951144500
0.3957836000
0.3909513100
0.4214248400
0.4231477700
0.4038697800
0.4138767100
0.4158435800
0.4173429300
0.4285497700
0.4329594400
0.4267792100
0.4290826000
0.4563829600
0.4935973000
0.5356741000
0.5568524000
0.5885051500
0.6181546400
0.6353327000
0.6304960300
0.6235191200
0.6389404500
0.6812738200
0.6798062300
0.6870675100
0.7061774700
0.7394738200
0.7762517900
0.7681420400
0.7976282200
0.8192689400
0.8387135900
0.8459861900
0.8693263500
0.8408533900
0.8731113700
0.8570485100
0.8789101200
0.8739808200
0.8845279200
0.9029508800
0.9315326200
0.9437572400
0.9421139400
0.9506785900
0.9651072600
0.9729413400
0.9847383500
0.9796175400
0.9906664500
0.9922005500
0.9909419400
0.9938511800
0.9950220600
0.9961159200
0.9960703800
0.9947079400
0.9954624800
0.9948245300
0.9949017800
0.9964157300
0.9960277100
0.9956099400
0.9962658300
0.9961781500
0.9952341900
0.9942084600
0.9956543400
0.9955050900
0.9938887400
0.9962961100
0.9959741200
0.9954984200
0.9958451400
0.9963837900
0.9963809800
0.9957505500
0.9965032300
0.9964283100
0.9967431400
0.9966024200
0.9965032300
0.9969258900
0.9961016200
0.9961518600
0.9964749200
0.9962887800
0.9957291500
0.9952523700
0.9958145000
0.9959108800
0.9964581100
0.9964140100
0.9963371800
0.9967166800
0.9964512600
0.9958487700
0.9966458700
0.9971141800
0.9966632700
0.9960402300
0.9958729100
0.9968652100
0.9962897300
0.9954537200
0.9957845800
0.9967729400
0.9964098300
0.9956820000
0.9958629600
0.9956530300
0.9967002300
0.9967500000
0.9959532000
0.9958714800
0.9954569300
0.9959380600
0.9963116000
0.9958804800
0.9956173900
0.9957462000
0.9955154100
0.9957824900
0.9958373300
0.9959477800
0.9956941600
0.9957546000
0.9956199500
0.9961083500
0.9964261700
0.9961423300
0.9954602100
0.9955605300
0.9956829500
0.9961482300
0.9963755000
0.9955775700
0.9952480200
0.9962045600
0.9957996000
0.9961221800
0.9963998800
0.9962874700
0.9968768400
0.9967697900
0.9962112900
0.9974064200
0.9965434700
0.9970074300
0.9965788700
0.9966917000
0.9969339400
0.9966055200
0.9959197000
0.9959238800
0.9961265900
0.9965246300
0.9966881900
0.9968009000
0.9965606300
0.9961590800
0.9964715200
0.9969080100
0.9957343900
0.9954242100
0.9939316500
0.9946731900
0.9950175900
0.9956495200
0.9959816900
0.9960305100
0.9962552800
0.9964187100
0.9965701100
0.9966633900
0.9961236100
0.9966048000
0.9962490200
0.9960861200
0.9960422500
0.9961336900
0.9965674900
0.9964147800
0.9956314600
0.9962793000
0.9965355400
0.9968425000
0.9972804800
0.9971166800
0.9970250700
0.9968388100
0.9967226400
0.9970209000
0.9967981000
0.9965392400
0.9966745400
0.9966970700
0.9966412800
0.9958271400
0.9957583500
0.9972868000
0.9966134400
0.9962310200
0.9960174000
0.9967140000
0.9967930900
0.9972559800
0.9964429700
0.9965608700
0.9969876400
0.9973831800
0.9972142600
0.9970857500
0.9969102700
0.9970542200
0.9967023700
0.9969967600
0.9967377800
0.9966644600
0.9966331100
0.9967688300
0.9966051600
0.9960269900
0.9961114500
0.9951187400
0.9946525100
0.9945284700
0.9923242300
0.9932583600
0.9938390900
0.9924879100
0.9945522000
0.9941977300
0.9921371300
0.9933607600
0.9920405700
0.9919803100
0.9922553300
0.9909037900
0.9923026600
0.9938906400
0.9951776300
0.9938880800
0.9945916500
0.9933691600
0.9931642400
0.9888972600
0.9836233900
0.9736431800
0.9672294900
0.9611690600
0.9756027500
0.9758398500
0.9829795400
0.9800034200
0.9856652000
0.9849770100
0.9922803600
0.9908319100
0.9904237400
0.9930176700
0.9958546200
0.9964158500
0.9964857100
0.9951872800
0.9944755400
0.9862560600
0.9508481600
0.9274571500
0.9360485700
0.9412205200
0.9347834000
0.9525668000
0.9419696300
0.9255566600
0.9278875000
0.9497105500
0.9506678000
0.9521002800
0.9327555900
0.9626124500
0.9818143200
0.9663512100
0.9519025700
0.9631707100
0.9523601500
0.9273593400
0.8913753600
0.9347235000
0.9157683800
0.9193997400
0.9232080600
0.9402360900
0.9215958700
0.9349355100
0.9347131800
0.9358677300
0.9486186500
0.9400852300
0.9367438000
0.9383947300
0.9345530300
0.9051066600
0.9225842400
0.9097833000
0.8104710600
0.9445402000
0.9217762400
0.8282668600
0.8765166400
0.8247519100
0.9394543800
0.9295925500
0.7991273400
0.6335430700
0.6911219400
0.1977700900
0.0951279800
0.3755697000
0.3051721200
0.1370047500
0.2911079800
0.2541208900
0.1270833300
0.2231553000
0.1704971500
0.2840572600
0.1482314200
0.1659406000
0.2870799600
0.2056439400
0.2642794800
0.2820205700
0.3885007800
0.4099515700
0.3168197000
0.3787778300
0.1598433900
0.4024938300
0.1893683100
0.3273593500
0.5385732100
0.6319756500
0.5035802700
0.4354906100
0.3793645800
0.2180250900
0.3435354200
0.3429184900
0.2646852700
0.3707732300
0.2744100400
0.2431529600
0.3142089200
0.1885598900
0.3551037300
0.3760712700
0.2447166300
0.1523979200
0.2804475100
0.2273208300
0.2636842700
0.3709604700
0.1906925100
0.3302379300
0.2296320100
0.2128052000
0.1764901900
0.1768282400
0.1865995500
0.2024929700
0.2471626400
0.1789481000
0.2711329800
0.2001700000
0.2207804900
0.1797327700
0.2702345800
0.4098196000
0.4336180400
0.5155633100
0.5310714800
0.2848034500
0.2903263900
0.2616590300
0.4689562000
0.2850681500
0.2915917900
0.4760814900
0.2143579100
0.2537736000
0.1956010600
0.2291580700
0.2154437600
0.6196492900
0.4885367200
0.4066046200
0.3599258700
0.4491935700
0.3285496200
0.2596044800
0.3954351500
0.3202579000
0.2645766100
0.3257241800
0.3627190300
0.3306104200
0.3681877300
0.5222843300
0.2852170200
0.3271340700
0.2628177100
0.2966153900
0.2200308100
0.2045368000
0.2156249100
0.2089000300
0.2685912000
0.1536094000
0.2474231300
0.1660336400
0.3016080300
0.1761691900
0.3934940400
0.6460024700
0.8822125200
0.9647804500
0.9769551800
0.9844971900
0.9846375600
0.9878507300
0.9886925200
0.9883203500
0.9880281700
0.9898238800
0.9878557300
0.9853283800
0.9870182900
0.9868276100
0.9828264100
0.9871946000
0.9860388000
0.9880245300
0.9882093700
0.9886354200
0.9890214800
0.9882654000
0.9905722700
0.9870646000
0.9813244900
0.9892774800
0.9885922100
0.9892414200
0.9881187100
0.9843353000
0.9893944900
0.9904109200
0.9908780500
0.9886872800
0.9879640300
0.9917569800
0.9858448500
0.9892836800
0.9835304600
0.9819300800
0.9825459700
0.9811208800
0.9792266500
0.9830050500
0.9860879800
0.9881652600
0.9944346500
0.9937374600
0.9952449200
0.9966946800
0.9957452400
0.9961987100
0.9952983300
0.9958058600
0.9949635300
0.9948668500
0.9939227700
0.9939909600
0.9946743200
0.9933738700
0.9943646200
0.9953081000
0.9963731200
0.9962163600
0.9964649700
0.9965194500
0.9961900700
0.9965928200
0.9962889000
0.9964092400
0.9962785800
0.9966332300
0.9960025000
0.9957243200
0.9953618600
0.9961755300
0.9966082600
0.9965055000
0.9967461800
0.9964363600
0.9962525400
0.9960237700
0.9959223300
0.9960240100
0.9962975400
0.9961833400
0.9955672600
0.9960899400
0.9955459800
0.9949752100
0.9955133800
0.9953416600
0.9953174600
0.9964638400
0.9962070000
0.9962843700
0.9963374100
0.9965127100
0.9957680700
0.9956061200
0.9959910500
0.9961803000
0.9952932000
0.9959324000
0.9936903700
0.9933859700
0.9946933400
0.9942043400
0.9941217300
0.9945541600
0.9948700700
0.9952715000
0.9958168900
0.9960146000
0.9960344400
0.9966079000
0.9962416900
0.9966213700
0.9967135200
0.9966931300
0.9967616200
0.9968819600
0.9968711700
0.9965050200
0.9969726800
0.9966714400
0.9968304000
0.9971283100
0.9974036800
0.9973719100
0.9969573000
0.9972286800
0.9969075300
0.9969508600
0.9967297300
0.9968641400
0.9967871900
0.9961144900
0.9961859600
0.9958720800
0.9964180000
0.9957484600
0.9955690500
0.9952926600
0.9960026100
0.9962558700
0.9962316200
0.9964422600
0.9962809700
0.9959021200
0.9959443200
0.9951358400
0.9950798700
0.9947026400
0.9949394500
0.9950650300
0.9951440100
0.9947875700
0.9954694500
0.9947533600
0.9943114500
0.9959844400
0.9963200100
0.9968335000
0.9966639900
0.9967038000
0.9970623900
0.9968935300
0.9967579200
0.9966417600
0.9962730400
0.9961884600
0.9955779300
0.9959868800
0.9961782700
0.9957711100
0.9963885500
0.9956264500
0.9959728100
0.9958989000
0.9961006600
0.9964665200
0.9964106700
0.9962146900
0.9965540200
0.9961412500
0.9959667900
0.9961618200
0.9960529800
0.9961980000
0.9966616600
0.9965468000
0.9963783600
0.9965356600
0.9963164300
0.9965665300
0.9965260600
0.9965806600
0.9963809800
0.9968998400
0.9969442500
0.9968845200
0.9970873000
0.9968673600
0.9969166500
0.9965577700
0.9965716600
0.9966571300
0.9964535200
0.9967901100
0.9965922200
0.9970341900
0.9972844100
0.9966536800
0.9958808400
0.9965420400
0.9960389100
0.9959339500
0.9961181900
0.9962306600
0.9959369900
0.9961246800
0.9959690600
0.9956522600
0.9954552700
0.9961250400
0.9960103000
0.9961131800
0.9956509500
0.9951510400
0.9958627200
0.9960822500
0.9959654800
0.9960921400
0.9959046200
0.9964512600
0.9969877600
0.9968897700
0.9970693000
0.9972108000
0.9974797400
0.9972540700
0.9975782000
0.9975003600
0.9973766800
0.9972468600
0.9971725900
0.9974438000
0.9972851300
0.9969831100
0.9968120500
0.9970839600
0.9971291400
0.9969716100
0.9971219900
0.9969109900
0.9965443000
0.9966669700
0.9969505100
0.9970248300
0.9975087600
0.9969609400
0.9968234300
0.9968643800
0.9964811800
0.9964224100
0.9965493700
0.9964439300
0.9961340400
0.9965703500
0.9966518300
0.9955111700
0.9956502300
0.9956772900
0.9955897300
0.9955015800
0.9954788100
0.9952033800
0.9950569900
0.9949032100
0.9950200300
0.9946948900
0.9950071600
0.9951399600
0.9949567900
0.9947096100
0.9954765400
0.9956058900
0.9958198100
0.9963213200
0.9966205400
0.9964308700
0.9960361100
0.9961376800
0.9958663000
0.9961358900
0.9959725700
0.9943980600
0.9958893700
0.9949312800
0.9939463700
0.9932898900
0.9940609300
0.9948560000
0.9954385200
0.9953944700
0.9951150400
0.9940393000
0.9940944300
0.9934011100
0.9933846600
0.9932770100
0.9943859600
0.9941749000
0.9952368700
0.9954112200
0.9954629500
0.9961559200
0.9950561500
0.9952608900
0.9950685500
0.9951867500
0.9951890700
0.9949958300
0.9943807700
0.9935485700
0.9932752800
0.9928646100
0.9927173900
0.9901223800
0.9926030000
0.9921613300
0.9900860200
0.9902861700
0.9921411300
0.9926808500
0.9906693700
0.9903827300
0.9907928100
0.9905845500
0.9911187300
0.9882483500
0.9911999100
0.9903653300
0.9929313700
0.9936628300
0.9931728200
0.9936220000
0.9931065400
0.9930907500
0.9925723700
0.9930219100
0.9921798700
0.9915123600
0.9900576500
0.9906585200
0.9910666300
0.9920845000
0.9922087200
0.9942972100
0.9943061500
0.9937672600
0.9916696500
0.9896978700
0.9875483500
0.9868421000
0.9837284700
0.9873932600
0.9847769700
0.9860190200
0.9865923500
0.9876135600
0.9857279700
0.9782062800
0.9704445600
0.9712445100
0.9778589600
0.9783445600
0.9872412700
0.9928590100
0.9921658000
0.9937567700
0.9943164000
0.9953416600
0.9960103000
0.9955032500
0.9936140200
0.9918376800
0.9844965900
0.9809638300
0.9684650300
0.9241228700
0.9208796600
0.9035829900
0.9113896500
0.9467585100
0.9538189800
0.9453668600
0.9050696500
0.9183316800
0.9301992100
0.9403281200
0.9461981100
0.9401986000
0.9663442400
0.9634578800
0.9729123700
0.9874144200
0.9814034700
0.9839236100
0.9809179300
0.9775344100
0.9744122600
0.9594285500
0.9379518600
0.9214041200
0.8842422400
0.8682444700
0.8082380300
0.8011878100
0.7818920000
0.6860920200
0.7264925800
0.6935508300
0.6490088100
0.7020128400
0.7266709800
0.6662282900
0.7232612400
0.7272366300
0.8043677200
0.8559351600
0.8477871400
0.8777938500
0.9181098300
0.9419529400
0.9494152700
0.9553889000
0.9597181100
0.9640482700
0.9609247400
0.9667043700
0.9732329200
0.9729937300
0.9704255500
0.9663466800
0.9602879900
0.9619149000
0.9551265200
0.9672215600
0.9521246000
0.9597204300
0.9077940600
0.9170783200
0.8941978800
0.8301469100
0.8528429900
0.6706141200
0.5582477500
0.5124507500
0.4529881200
0.4389710700
0.4425243100
0.4345286200
0.4515047700
0.4728233200
0.4874456500
0.5488970300
0.6093090800
0.6788345000
0.6599472800
0.7372105100
0.7770218300
0.7804638100
0.8059731700
0.7614766400
0.7336158800
0.6955577100
0.6933987700
0.6926266600
0.6734610800
0.6801237500
0.7458913900
0.6761610500
0.6668773900
0.6822800600
0.6874237700
0.6401530500
0.6626367000
0.6306119600
0.6350773000
0.6263018300
0.6359099100
0.6027024400
0.6281049300
0.6099280100
0.5942298200
0.6166560100
0.6055459400
0.6307340900
0.6085148500
0.6180714400
0.6421871200
0.6290236700
0.6409738100
0.6457983300
0.6320262000
0.6278263900
0.6299467700
0.6430841100
0.6652228800
0.6600619600
0.6769327500
0.6942233400
0.7074908000
0.7339656900
0.7414118600
0.7365555800
0.7398822900
0.7253352400
0.7504492400
0.7421990000
0.7519940700
0.7507875600
0.7521100000
0.7541414500
0.7421147200
0.7283992200
0.7154614300
0.7101578700
0.7127322600
0.7023376200
0.6930539000
0.6880723800
0.6874737700
0.6857655000
0.6920449700
0.6944236200
0.7154209000
0.7523596900
0.7692000300
0.7948604800
0.8077906400
0.8079846500
0.7981059000
0.8045067800
0.8336419500
0.8985254800
0.9300791600
0.9466155800
0.9620464400
0.9668078400
0.9720902400
0.9786981900
0.9784594800
0.9829489000
0.9878756400
0.9902853400
0.9900397700
0.9920112500
0.9954818500
0.9955548600
0.9946409500
0.9965612300
0.9962595700
0.9954166400
0.9956675800
0.9951673700
0.9953462500
0.9947629600
0.9958761300
0.9946704500
0.9920988100
0.9939422000
0.9926540900
0.9915494900
0.9774172300
0.9625544500
0.9380119400
0.9385249000
0.9728848300
0.9622501100
0.9532585700
0.9811503900
0.9793166500
0.9845917800
0.9743452700
0.9476115700
0.9119578000
0.8996186900
0.8643241500
0.8873277300
0.8672983100
0.8789848100
0.8832879100
0.8784002100
0.8898176600
0.8905841700
0.9053012100
0.8766289400
0.9140844900
0.9301683300
0.9675383600
0.9743645200
0.9861218300
0.9906317000
0.9922596800
0.9910610300
0.9928471400
0.9909836100
0.9931807500
0.9925600300
0.9927071900
0.9921529900
0.9929428100
0.9924551200
0.9915450800
0.9899812300
0.9879362000
0.9875219500
0.9910342100
0.9904999100
0.9918029900
0.9845331300
0.9913335400
0.9885800500
0.9814897200
0.9876712600
0.9799601400
0.9774152600
0.9800133100
0.9734702100
0.9638925200
0.9853767800
0.9855884900
0.9909301400
0.9896983500
0.9847971800
0.9858442500
0.9916294200
0.9894764400
0.9914332600
0.9905623800
0.9890109900
0.9889438200
0.9906039800
0.9881895800
0.9872834700
0.9849702100
0.9854233300
0.9874668700
0.9838825500
0.9855409300
0.9844088000
0.9892648500
0.9805794400
0.9822686900
0.9798351500
0.9770769500
0.9813501800
0.9812867000
0.9800286300
0.9873593400
0.9810965700
0.9776998800
0.9818590300
0.9784750900
0.9807918700
0.9819490300
0.9822900900
0.9845127500
0.9849779600
0.9855323400
0.9890971200
0.9919309000
0.9925946600
0.9942396900
0.9930622000
0.9919758400
0.9902695400
0.9889733200
0.9872430600
0.9870475500
0.9866587500
0.9854742300
0.9861001400
0.9857479900
0.9861766700
0.9853754000
0.9853712300
0.9854618300
0.9842086400
0.9842929200
0.9853612800
0.9867734900
0.9888579800
0.9893698700
0.9900626500
0.9905721500
0.9913051700
0.9945907600
0.9943143700
0.9956101800
0.9959608900
0.9969126000
0.9973275700
0.9974581600
0.9975253900
0.9973334100
0.9970545800
0.9971132300
0.9971514300
0.9973690500
0.9972998500
0.9972018000
0.9973305500
0.9969297100
0.9964968600
0.9965068700
0.9966399700
0.9963386100
0.9961851200
0.9961081100
0.9962337600
0.9966302500
0.9955022900
0.9955133800
0.9951484800
0.9953923200
0.9954394700
0.9957792800
0.9949972600
0.9935988200
0.9926234500
0.9925321900
0.9934006900
0.9942580500
0.9938002200
0.9938659100
0.9928291400
0.9918551400
0.9911434700
0.9908428200
0.9958378100
0.9970942700
0.9965059800
0.9971299800
0.9967356300
0.9962916400
0.9953036300
0.9956662700
0.9961788700
0.9953794500
0.9971881500
0.9962981300
0.9960821300
0.9943696900
0.9935734900
0.9933735100
0.9929419800
0.9766199600
0.9905422300
0.9859214400
0.9779495600
0.9729377600
0.9841490400
0.9660813200
0.9621924200
0.9787033200
0.9889445300
0.9804472900
0.9718478900
0.9589086800
0.9637888700
0.9777764100
0.9737077400
0.9117690300
0.9742374400
0.9243921000
0.9266491500
0.8810093400
0.8878586900
0.8388906700
0.8962219400
0.8904490500
0.8405445800
0.6086068700
0.6827745400
0.6867801000
0.5538900500
0.5509450400
0.5908362300
0.4892374300
0.4647544000
0.4620658200
0.4522531600
0.4669378700
0.4951485100
0.4981451000
0.5212339200
0.5120895500
0.4894008000
0.4945318400
0.4958973800
0.5220508600
0.4875167900
0.4428702000
0.4792899800
0.4760679000
0.4094624800
0.3648883100
0.4522562300
0.4582612200
0.4814543400
0.5186936900
0.4741964900
0.5148128300
0.5087932900
0.5566526700
0.5150356300
0.5686692000
0.5774251200
0.6586152900
0.6243178200
0.5426258400
0.5388228300
0.5010762800
0.5176847000
0.4905290600
0.5423398000
0.4971390400
0.5131509300
0.4930317100
0.4182753000
0.4325504300
0.4568876000
0.4178763000
0.4559400700
0.5037736300
0.5353673100
0.5240446300
0.5964962800
0.6002557900
0.5476700700
0.5521192600
0.5560581700
0.5458300700
0.5765122200
0.6124286700
0.6003735700
0.6887377500
0.6690514100
0.8075410700
0.9678072900
0.9868396500
0.9899389700
0.9896244400
0.9913143500
0.9903349300
0.9904949700
0.9927243600
0.9938780700
0.9922835200
0.9936820300
0.9928290200
0.9950660500
0.9940356000
0.9928181200
0.9933221900
0.9926268500
0.9934859900
0.9947636100
0.9954645000
0.9969109900
0.9967735400
0.9968801700
0.9965819700
0.9969561100
0.9970039700
0.9970266200
0.9967526200
0.9963633400
0.9957338000
0.9954617600
0.9954030500
0.9952157700
0.9950711700
0.9951112900
0.9955127800
0.9956955900
0.9927091600
0.9940103300
0.9921308200
0.9909838400
0.9906752700
0.9791190000
0.9866147600
0.9806055400
0.9778995500
0.9761964100
0.9776285300
0.9489890900
0.9423567100
0.9570744000
0.9441308400
0.8152606500
0.8712196400
0.7616751800
0.7107187500
0.7937245400
0.6151508700
0.7097799200
0.4659802300
0.5422619600
0.5204163200
0.4342295500
0.3384755000
0.2717642800
0.3794935300
0.3353939700
0.1806076900
0.4952812500
0.5133665800
0.4742182500
0.7022504200
0.5317925800
0.3897531900
0.4991213100
0.4349500800
0.4493151600
0.5343962300
0.6039497900
0.4660481200
0.4544645200
0.4404136800
0.3913782500
0.4886901100
0.5840702700
0.5953987200
0.6243388700
0.7140477900
0.6002943500
0.6064750000
0.5693420800
0.5456032200
0.4095647900
0.3482330100
0.2966147400
0.3489879400
0.3985597500
0.4586179300
0.3873860500
0.4881613900
0.7308359700
0.9164554500
0.9902854600
0.9957666400
0.9963571400
0.9971504800
0.9976581300
0.9974793800
0.9977372900
0.9968407200
0.9970738900
0.9969588500
0.9969172500
0.9968679500
0.9968285000
0.9973670800
0.9976424600
0.9967664500
0.9963743100
0.9958167700
0.9958639100
0.9962683300
0.9953943500
0.9954494800
0.9956964300
0.9959184500
0.9960505400
0.9962377500
0.9962055700
0.9954140200
0.9960599500
0.9965528200
0.9967386100
0.9966192200
0.9967743800
0.9966458700
0.9959832400
0.9963793200
0.9961963900
0.9954494800
0.9955008600
0.9959197000
0.9965343500
0.9968265300
0.9970117800
0.9969223100
0.9965272500
0.9968550200
0.9967735400
0.9964786200
0.9964897000
0.9957746900
0.9960523800
0.9961483500
0.9961075200
0.9962986100
0.9961735600
0.9965240400
0.9966294200
0.9965990200
0.9962515200
0.9971439200
0.9962252400
0.9966182100
0.9967574500
0.9966860400
0.9954972300
0.9957962000
0.9951588500
0.9961316600
0.9964309900
0.9966971900
0.9970499300
0.9966776400
0.9965212300
0.9956740700
0.9949907700
0.9957986500
0.9967293700
0.9962074800
0.9954397100
0.9958841200
0.9960510100
0.9956394400
0.9956105400
0.9950014900
0.9942567900
0.9946315300
0.9960642500
0.9956341400
0.9955624300
0.9948412800
0.9951652300
0.9930892600
0.9935885700
0.9885030400
0.9891948700
0.9897309500
0.9900873300
0.9909692400
0.9921141900
0.9936417900
0.9944837700
0.9953551300
0.9958533000
0.9954192600
0.9961583000
0.9960644800
0.9963201300
0.9963244800
0.9961367200
0.9965233200
0.9968986500
0.9969255300
0.9970454600
0.9967761600
0.9969634400
0.9964683100
0.9968992500
0.9967829000
0.9969952100
0.9960789100
0.9959938500
0.9960456500
0.9956253800
0.9948782900
0.9949408800
0.9951634400
0.9953302100
0.9950087100
0.9941526100
0.9930499800
0.9919032500
0.9919615400
0.9922958600
0.9908297100
0.9893009100
0.9892690800
0.9833738800
0.9901654100
0.9912583200
0.9936220000
0.9937188600
0.9957802300
0.9963165500
0.9961637300
0.9963943400
0.9953873800
0.9954571700
0.9957948900
0.9960254400
0.9966499200
0.9957658100
0.9959511800
0.9961084700
0.9962192200
0.9955992700
0.9943874500
0.9960163200
0.9935176400
0.9947427500
0.9915766100
0.9909232300
0.9926181400
0.9924156700
0.9896434500
0.9929118800
0.9934153600
0.9906627500
0.9930924200
0.9911337500
0.9932780900
0.9947362500
0.9898998100
0.9882057900
0.9919329300
0.9929683800
0.9948280500
0.9903013700
0.9921867800
0.9866257900
0.9936548500
0.9896017900
0.9943909000
0.9938480300
0.9932385700
0.9912915200
0.9913057700
0.9938077300
0.9907745700
0.9889028700
0.9925121100
0.9902592900
0.9911435800
0.9907929300
0.9891452200
0.9851409200
0.9869109400
0.9821073400
0.9800803700
0.9781629400
0.9640916000
0.9739641500
0.9570351200
0.9442468900
0.9429842800
0.9269759700
0.9245321200
0.8731960100
0.8607804800
0.9041691400
0.8771190600
0.8725935800
0.8945363800
0.7964035900
0.8229095300
0.8449612300
0.7897000900
0.8790457800
0.8627423600
0.8777926600
0.8933069700
0.9210845200
0.8990797400
0.9129476000
0.9085841200
0.8844276700
0.9171754700
0.8870775700
0.9182574700
0.9036353800
0.8912019700
0.8852566500
0.8881011000
0.8950011700
0.9111084300
0.9106267700
0.9040466500
0.9198508900
0.8614304700
0.8471770300
0.8066453300
0.8030332900
0.8152382400
0.7980569600
0.7656070000
0.7464774300
0.7374198400
0.7122831300
0.7143626800
0.7077186700
0.6809702500
0.6853845100
0.6857718800
0.6897445300
0.7549881900
0.8074024900
0.7664086800
0.7991241800
0.7735785200
0.7701957200
0.7995193600
0.8549121000
0.8786193700
0.8908789800
0.9423169500
0.9248328800
0.9549731000
0.9755419500
0.9845134600
0.9850140200
0.9852579200
0.9883166000
0.9899963100
0.9887598800
0.9908540200
0.9898326400
0.9891512400
0.9887791900
0.9896601400
0.9898186300
0.9913369400
0.9908193900
0.9907485800
0.9890905000
0.9860828500
0.9902603000
0.9890185600
0.9908822800
0.9929029300
0.9907772500
0.9905381200
0.9896441700
0.9936875700
0.9886625400
0.9938276400
0.9922282100
0.9893919200
0.9893485300
0.9940598000
0.9885543000
0.9917939300
0.9942013600
0.9916894400
0.9933583100
0.9917570900
0.9807977100
0.9902819400
0.9880595800
0.9884035000
0.9815431200
0.9842433900
0.9707813300
0.9784613300
0.9741560800
0.9857148500
0.9687482100
0.9796159300
0.9668262600
0.9756626500
0.9736247700
0.9656579500
0.9802556000
0.9611404500
0.9818052600
0.9885824900
0.9833978400
0.9901048500
0.9874603700
0.9805667400
0.9786024100
0.9839444800
0.9831483400
0.9894787700
0.9841582800
0.9789630200
0.9843451400
0.9803975800
0.9847493800
0.9891309700
0.9741882100
0.9797042600
0.9791553600
0.9759488100
0.9808599900
0.9742652800
0.9657366900
0.9553472400
0.9489083900
0.9841471900
0.9568657900
0.9675812100
0.9757832900
0.9805220400
0.9817054300
0.9689786400
0.9733760400
0.9820267600
0.9734286700
0.9744162000
0.9633294300
0.9763007200
0.9649959200
0.9767306400
0.9766848100
0.9771795900
0.9845069600
0.9806129300
0.9729313300
0.9775537800
0.9731220600
0.9776858100
0.9806489900
0.9870340800
0.9814556200
0.9873663200
0.9840726300
0.9859712700
0.9893994900
0.9860287300
0.9877449900
0.9888251400
0.9888914800
0.9879710100
0.9892366500
0.9923915300
0.9919892000
0.9935743200
0.9927917700
0.9935604300
0.9934470100
0.9933377500
0.9921459600
0.9914604400
0.9912328100
0.9897702900
0.9898158300
0.9888032100
0.9720308800
0.9399604800
0.8970399500
0.8660580500
0.8543677300
0.8592150800
0.8959024500
0.9403350900
0.9659317100
0.9798794400
0.9885451200
0.9891783000
0.9926754800
0.9921358800
0.9921674100
0.9919134400
0.9930267300
0.9933390000
0.9933064600
0.9943646200
0.9946724800
0.9937578400
0.9933996200
0.9955240500
0.9957147200
0.9956444500
0.9955077200
0.9956932700
0.9943636700
0.9949965500
0.9947387600
0.9954457300
0.9954580100
0.9950361800
0.9954423900
0.9946492300
0.9946103100
0.9945660800
0.9945961800
0.9950625300
0.9962213000
0.9963621500
0.9964482800
0.9961392300
0.9968445300
0.9967019000
0.9961781500
0.9964537600
0.9961955500
0.9958667800
0.9964068500
0.9959675100
0.9963187000
0.9965404300
0.9958048500
0.9956302600
0.9957898300
0.9948103400
0.9956865900
0.9964904200
0.9960479100
0.9962378700
0.9953705700
0.9956064800
0.9921785600
0.9918546700
0.9935971500
0.9928983400
0.9917952400
0.9943091900
0.9925835100
0.9919231500
0.9902144700
0.9879419200
0.9883756600
0.9893757100
0.9891776400
0.9896871400
0.9847580200
0.9866383100
0.9864918600
0.9887477200
0.9917720000
0.9922762500
0.9936117500
0.9939627100
0.9956854600
0.9944883600
0.9964798100
0.9967185900
0.9968537700
0.9950069200
0.9821296300
0.9839736800
0.9873977300
0.9855130300
0.9619716400
0.9789267200
0.9798170900
0.9585701800
0.9356578000
0.9557958200
0.9644346200
0.9434079500
0.9545375700
0.9654862300
0.9714916300
0.9529315800
0.9722502200
0.9724678400
0.9742329100
0.9666402900
0.9814328600
0.9709779600
0.9417992800
0.9585961700
0.9465656900
0.9580273000
0.9307990700
0.8141909800
0.8505830200
0.8297722900
0.9223331200
0.8484029800
0.8551896200
0.8741700100
0.8868104800
0.8810049900
0.7712850000
0.8116647600
0.8632859000
0.8861048800
0.8753808700
0.7665711600
0.8076233900
0.9026842100
0.8071754000
0.6734089900
0.8109017000
0.7221043100
0.8419385000
0.8712593900
0.8492910300
0.8644998700
0.8148281000
0.9169395000
0.8829286700
0.7763454900
0.8115462700
0.8276097200
0.8590962900
0.7832287000
0.6968236600
0.6746437000
0.5582104300
0.5346330400
0.5314704200
0.5524212700
0.5515232700
0.5496566300
0.4913170000
0.5265424800
0.5485534100
0.4408732400
0.4318068900
0.4402984400
0.4382300400
0.4262029800
0.4004371800
0.4016833600
0.3851504000
0.4379652100
0.3788506400
0.4202721100
0.4201062600
0.4501403300
0.4279992600
0.4527280000
0.4569291500
0.4476408700
0.4626306300
0.4341744800
0.4683764900
0.4422679200
0.4370430700
0.4798102100
0.5311123100
0.5752492000
0.6080868200
0.5969799200
0.5802693400
0.5474943500
0.5365110000
0.5350282800
0.5386906300
0.5134840000
0.5005416900
0.4574198400
0.4637989400
0.4740376500
0.4794149400
0.4923654800
0.5002402700
0.5079948300
0.5064891600
0.5149199400
0.5157749700
0.5132088700
0.5207887300
0.5242971200
0.5313318400
0.5424546600
0.5382372100
0.5406857100
0.5581067800
0.6023431400
0.6410692300
0.7048860200
0.7544040700
0.8207391500
0.8789793300
0.9516972900
0.9764533000
0.9786378700
0.9673066700
0.9651586400
0.9505750500
0.9244788300
0.9409095000
0.9259604200
0.9345250700
0.8797619900
0.8992445500
0.8336024300
0.8699139400
0.8723981400
0.8504080800
0.8633059300
0.8367419800
0.8548362300
0.8173351300
0.6551442100
0.4241041500
0.3340920500
0.5897294900
0.5175421800
0.5751481100
0.2545910800
0.3352417900
0.3523160800
0.5147612100
0.3945594100
0.4274339400
0.3783668900
0.4122135300
0.4393270900
0.4362253200
0.4314211900
0.4109440400
0.3950763600
0.4652372000
0.4402503100
0.4432553600
0.4517841000
0.4391439300
0.4448502100
0.4289931400
0.4586341700
0.4401360800
0.4626302700
0.4494069200
0.4598989800
0.4217270900
0.3654805700
0.4471271600
0.3944422600
0.3659411700
0.3411172000
0.3500626700
0.3624845400
0.4255156200
0.5812028100
0.7140101200
0.9161154600
0.9700329300
0.9911160500
0.9953946500
0.9962264300
0.9960172800
0.9963755000
0.9964224700
0.9963304400
0.9964285500
0.9964178800
0.9966247100
0.9966237500
0.9963569000
0.9967363500
0.9965492500
0.9963233500
0.9968825600
0.9959977900
0.9966536200
0.9969299400
0.9963045100
0.9965465700
0.9965646900
0.9969838300
0.9969525300
0.9969227900
0.9961710600
0.9957481000
0.9965099700
0.9967057100
0.9965993800
0.9962544400
0.9971114400
0.9965830400
0.9967495200
0.9962051500
0.9951480000
0.9946411800
0.9939152600
0.9937011000
0.9946421400
0.9949683500
0.9956732400
0.9956163200
0.9957328400
0.9958109900
0.9958938400
