1.00000000
1.00000000
1.00000000
1.00000000
1.00000000
1.00000000
1.00000000
1.00000000
1.00000000
1.00000000
1.00000000
1.00000000
1.00000000
1.00000000
1.00000000
1.00000000
1.00000000
1.00000000
1.00000000
1.00000000
1.00000000
1.00000000
1.00000000
1.00000000
1.00000000
1.00000000
1.00000000
1.00000000
1.00000000
1.00000000
1.00000000
1.00000000
1.00000000
1.00000000
1.00000000
1.00000000
1.00000000
1.00000000
1.00000000
1.00000000
1.00000000
1.00000000
1.00000000
1.00000000
1.00000000
1.00000000
1.00000000
1.00000000
1.00000000
1.00000000
1.00000000
1.00000000
1.00000000
1.00000000
1.00000000
1.00000000
1.00000000
1.00000000
1.00000000
1.00000000
1.00000000
1.00000000
1.00000000
0.99428612
0.99433136
0.99389863
0.99047393
0.99095821
0.99193549
0.98878622
0.99015629
0.98508942
0.98444331
0.98567283
0.98873317
0.98490268
0.98646551
0.98704290
0.98841721
0.98805666
0.98762101
0.98816866
0.98787826
0.98495680
0.98601276
0.98646981
0.98513031
0.98798859
0.98819613
0.98573470
0.98584217
0.98166716
0.98589325
0.98813581
0.98619974
0.98209041
0.97374392
0.96955740
0.98010570
0.98411453
0.98629457
0.98737168
0.98835760
0.98971075
0.98998219
0.98969132
0.99085629
0.99145812
0.99224311
0.99263567
0.99267769
0.99284703
0.99293292
0.99188918
0.99183792
0.99176967
0.99164271
0.99114674
0.99001616
0.98975092
0.98972535
0.98890311
0.98554903
0.98540038
0.98237938
0.98658633
0.98789817
0.98933595
0.98817235
0.98833489
0.98782128
0.99181658
0.99195588
0.99112272
0.99113512
0.99045956
0.99021006
0.98876917
0.98958522
0.98964018
0.98806947
0.98621351
0.98647505
0.98712766
0.98838180
0.98902458
0.98964334
0.99051255
0.98907709
0.98963380
0.99028683
0.98973525
0.99000752
0.98896080
0.98848498
0.99006569
0.98873866
0.98858029
0.98613507
0.98907310
0.98727024
0.98754466
0.98668307
0.98753113
0.98819298
0.98865545
0.98836577
0.98758495
0.98736584
0.98603547
0.98667300
0.98578984
0.97974294
0.98398453
0.98422378
0.98273706
0.98618430
0.98644835
0.98734355
0.98689032
0.98501068
0.98658746
0.98693478
0.98754102
0.98550147
0.98612195
0.98354244
0.98351061
0.98738831
0.98880005
0.98947680
0.99057066
0.99000341
0.98942238
0.99016094
0.99075061
0.99144828
0.98751187
0.98799336
0.98828167
0.98842609
0.98832828
0.98760730
0.98702335
0.98690897
0.98600513
0.98464453
0.98378861
0.98272705
0.98594624
0.98653352
0.98733729
0.98720759
0.98759717
0.98824549
0.98876345
0.98866814
0.98768115
0.98870230
0.98831868
0.98948354
0.98914683
0.98808438
0.98685873
0.98743093
0.98542422
0.98775846
0.98387480
0.99016893
0.99296427
0.99200904
0.99359351
0.99430686
0.99506313
0.99298215
0.99209327
0.99206698
0.99119020
0.99188942
0.99067909
0.98938572
0.99052960
0.99168676
0.98887026
0.98862189
0.99010098
0.98976433
0.99134493
0.99171549
0.99285614
0.99215978
0.99108255
0.99326962
0.99266499
0.99295527
0.99092770
0.99068832
0.98973513
0.98844552
0.98955929
0.99118632
0.99214774
0.99135685
0.98912036
0.98815328
0.98961788
0.98451716
0.98820436
0.98824316
0.98767543
0.98959750
0.98833686
0.98819387
0.98788863
0.99323189
0.99310875
0.99464583
0.99589181
0.99478710
0.99541795
0.99469948
0.99400097
0.99202055
0.99250960
0.99197912
0.99230677
0.99318671
0.99454981
0.99483395
0.99245948
0.99231875
0.99208015
0.99264413
0.99047256
0.99191499
0.99036574
0.99263692
0.98962295
0.99141133
0.99133170
0.99185151
0.98816711
0.98666567
0.98813695
0.98737723
0.98800069
0.99011821
0.98575300
0.98680347
0.98885733
0.98917997
0.98689866
0.98926103
0.99384451
0.99274409
0.99420786
0.99229211
0.99166650
0.99501109
0.99377465
0.99504352
0.99509996
0.99353576
0.99495125
0.99490476
0.99089676
0.98752594
0.99273562
0.99157882
0.98804885
0.99247485
0.99215066
0.99103105
0.98995626
0.99285042
0.99314260
0.99150425
0.98930001
0.98876965
0.98722702
0.99056518
0.99152714
0.98956186
0.98889160
0.98993754
0.99036181
0.98931259
0.99204117
0.99128050
0.98963833
0.99249882
0.99139565
0.99065161
0.99082559
0.99044800
0.98788095
0.98814672
0.98838788
0.98586768
0.98805445
0.98757809
0.98629808
0.98698902
0.98707831
0.98694211
0.98791003
0.98783475
0.98876613
0.98846418
0.98697007
0.98568082
0.98569798
0.98676586
0.98727137
0.98368591
0.98144662
0.98197925
0.98500454
0.98770291
0.98539668
0.98329145
0.98199099
0.98253137
0.98149168
0.98513454
0.98719901
0.98986900
0.99095261
0.98914284
0.98748195
0.98995215
0.98406351
0.98997647
0.98821169
0.98447984
0.98100626
0.98603225
0.97674698
0.98424017
0.97858834
0.97771400
0.98104411
0.96723938
0.98003894
0.97448415
0.97688943
0.97950602
0.98285091
0.97934717
0.97770602
0.97656608
0.97637004
0.98437828
0.98166925
0.98047447
0.97608769
0.96345431
0.98035723
0.97332722
0.97825593
0.96404606
0.98354095
0.97728479
0.98492080
0.97959983
0.98452920
0.98078924
0.98437041
0.98755175
0.98763883
0.98733729
0.98882991
0.98780626
0.98647910
0.99040669
0.98682886
0.98843443
0.98722947
0.98797506
0.99014473
0.98546904
0.98971188
0.98476863
0.98571265
0.99302292
0.98736751
0.98342437
0.99177438
0.99073046
0.99057806
0.99225038
0.99054807
0.99086201
0.99324036
0.99233103
0.99265575
0.99284333
0.99228412
0.99314260
0.99321353
0.99062353
0.99178761
0.99173212
0.99170750
0.98920727
0.99048924
0.99209714
0.99093562
0.99208999
0.99078548
0.98940825
0.99315029
0.99261218
0.99240065
0.99472588
0.99303073
0.99168700
0.99143362
0.99225736
0.99290884
0.99396992
0.99380457
0.99285829
0.99345464
0.99456537
0.99399817
0.99293810
0.99380010
0.99439716
0.99314755
0.99399239
0.99363226
0.99402398
0.99453139
0.99476153
0.99410903
0.99246323
0.99385214
0.99406356
0.99236566
0.99198568
0.99133658
0.98744011
0.99000263
0.98807329
0.99014306
0.98616040
0.98662031
0.98455793
0.98682368
0.98817843
0.98623115
0.98476601
0.98684061
0.98578113
0.98414016
0.98605263
0.98794472
0.98488218
0.98263264
0.98467642
0.98669821
0.98438329
0.98512381
0.98658460
0.98539531
0.98581284
0.98397762
0.98589104
0.98627049
0.98605841
0.98839939
0.98514670
0.98628116
0.98482597
0.98379058
0.98719716
0.98793143
0.98646301
0.98376459
0.98602885
0.98634446
0.98836422
0.98638576
0.98553944
0.98784804
0.98702282
0.98779804
0.98831600
0.98824346
0.98643458
0.98882258
0.99007165
0.98911029
0.98942482
0.99013001
0.98943698
0.99027681
0.99016517
0.98964870
0.98822868
0.98920220
0.98877001
0.99017054
0.99060643
0.98876560
0.98944610
0.98743987
0.98861712
0.98732519
0.98776466
0.98635536
0.98923665
0.98953259
0.98649418
0.98411894
0.98690420
0.98356932
0.98892027
0.98583013
0.98333400
0.98709923
0.98462301
0.98646498
0.98663902
0.98533142
0.98682845
0.98734468
0.98159170
0.98763323
0.98523802
0.98659617
0.98450828
0.98693860
0.98260975
0.98602772
0.98559570
0.98507303
0.98364455
0.98472023
0.97645241
0.98101211
0.98273897
0.98234713
0.97897834
0.98270768
0.97903836
0.98259097
0.97886181
0.97972691
0.98092711
0.97728527
0.98188812
0.98396242
0.98507696
0.97909284
0.97928888
0.98393536
0.98406363
0.98367149
0.97947985
0.98258668
0.98260003
0.98457700
0.98044938
0.97841531
0.98031074
0.97474229
0.97593802
0.97012007
0.96910930
0.97069764
0.97946435
0.97805279
0.97415280
0.97960883
0.98273718
0.98595667
0.97745162
0.98289883
0.98266888
0.98232472
0.97976077
0.98239785
0.98069865
0.97894979
0.98009479
0.97684050
0.97632909
0.98221254
0.98044878
0.98093569
0.97989815
0.98187637
0.97791070
0.97686028
0.97381175
0.97807419
0.97760993
0.97683775
0.98153061
0.97819638
0.97657710
0.98059124
0.97965324
0.97528207
0.97401232
0.98297840
0.97756904
0.97830337
0.97737551
0.97424763
0.97318655
0.97858274
0.97750980
0.97725576
0.98293996
0.97876370
0.97728854
0.97504598
0.97879076
0.96748781
0.97540104
0.97761482
0.97360569
0.97244328
0.97788322
0.97579932
0.97603101
0.97612733
0.97876281
0.97625035
0.97815311
0.96801269
0.97714001
0.97079968
0.97566277
0.96967196
0.96116292
0.96698850
0.96611851
0.94788182
0.96105456
0.92059487
0.92715746
0.91818219
0.89592713
0.91944015
0.86748958
0.88296163
0.85218763
0.83928198
0.85497242
0.84105706
0.84848291
0.83638304
0.84462589
0.83206236
0.80890775
0.85322022
0.80387980
0.81595743
0.78640294
0.72515440
0.65835756
0.68659490
0.64328891
0.66849959
0.62255085
0.59502906
0.55586952
0.55548835
0.54874980
0.51641321
0.59663838
0.54481971
0.48247707
0.50253570
0.44490531
0.50125670
0.42291126
0.46781906
0.43659386
0.52358371
0.52057070
0.44845259
0.53695041
0.49885073
0.47583547
0.47114411
0.43550199
0.40795884
0.47730285
0.51567954
0.50139010
0.46263573
0.47805157
0.51605207
0.50714183
0.48718259
0.55817217
0.56694758
0.54602170
0.52661443
0.62592864
0.62472367
0.62588811
0.55657959
0.46672639
0.45570278
0.47708243
0.42420435
0.50387949
0.50174904
0.47122976
0.43867940
0.41071850
0.44534162
0.50556690
0.45504180
0.47417918
0.46518210
0.46741566
0.46833414
0.46428147
0.49057794
0.47758389
0.46153790
0.48381060
0.49012884
0.48183784
0.50284159
0.49450788
0.48116159
0.48711231
0.47105411
0.49386749
0.48042575
0.47487894
0.44957224
0.46290892
0.49181518
0.47474051
0.47856736
0.46003735
0.50631297
0.47797248
0.47104064
0.51296926
0.50697100
0.48704958
0.48079294
0.48990792
0.46039647
0.47969210
0.46896815
0.46434572
0.46135542
0.48382422
0.44699964
0.46361935
0.45319912
0.46609366
0.46461108
0.43924165
0.44987294
0.46115223
0.46483970
0.45566916
0.47603711
0.47253022
0.46161866
0.47574911
0.47651944
0.48443136
0.47404620
0.48397338
0.49131978
0.50899661
0.49291044
0.49889648
0.50331020
0.48463964
0.49758449
0.50893664
0.51509309
0.51622427
0.53162569
0.52904791
0.52666873
0.52344537
0.48662472
0.52572358
0.52568674
0.49746069
0.50813049
0.50008535
0.48529774
0.44860637
0.47940043
0.53793848
0.44835371
0.45531654
0.53713101
0.52064139
0.46642429
0.48960203
0.49146757
0.50808233
0.55565798
0.54850835
0.51538622
0.50571859
0.48358935
0.49594897
0.51415104
0.52281880
0.44922450
0.44859067
0.46896932
0.44103873
0.44569802
0.46764153
0.46136659
0.48348433
0.50701362
0.48466584
0.47961998
0.47760302
0.48897138
0.48130250
0.49282598
0.46591172
0.46181279
0.47212380
0.50602382
0.51261860
0.51578993
0.51280963
0.46716931
0.46880436
0.45451674
0.45881429
0.47531435
0.47065541
0.50585634
0.47527072
0.45862922
0.49994004
0.47966203
0.46699148
0.48011282
0.46734980
0.48031247
0.49955699
0.47777504
0.51488620
0.51435357
0.47735819
0.47731566
0.48910639
0.49539354
0.48924839
0.50202024
0.49229902
0.48052377
0.48204109
0.47617835
0.46321931
0.47195488
0.45175979
0.46129936
0.47127360
0.45543975
0.47918883
0.48532653
0.49246457
0.48559725
0.47492650
0.47677618
0.47512859
0.46531901
0.46433452
0.45181292
0.42553365
0.41015178
0.42641732
0.41584590
0.42752141
0.42647621
0.43497989
0.44755989
0.43001652
0.44444796
0.44383004
0.45638761
0.46621042
0.48301864
0.48401293
0.49894717
0.49392274
0.48928824
0.48359093
0.48744339
0.47583967
0.48346362
0.50104582
0.52536929
0.54441065
0.56879121
0.58821088
0.58668405
0.62612522
0.64264035
0.64935356
0.64565766
0.63884383
0.60641229
0.70070583
0.72145122
0.75725228
0.77299696
0.79446572
0.80728811
0.86207348
0.88591570
0.93345344
0.95902807
0.97602946
0.98449242
0.98641819
0.98628354
0.98788738
0.98948276
0.98831660
0.98790365
0.98830473
0.98838603
0.98645127
0.98693836
0.98462093
0.98557913
0.98713672
0.98513585
0.98662949
0.98613054
0.98278230
0.98015207
0.98144376
0.98063529
0.97925687
0.98105705
0.98169303
0.97912127
0.98326045
0.98292333
0.97520727
0.97893107
0.96997762
0.98015988
0.98371071
0.98424244
0.98489225
0.98505139
0.98527271
0.98653477
0.98799300
0.98811603
0.98606408
0.98276848
0.98651296
0.98899847
0.98527795
0.98750263
0.98703766
0.98714918
0.98833382
0.98735553
0.98409814
0.98272747
0.98415977
0.98253340
0.98836362
0.98341894
0.98684758
0.98666775
0.98763847
0.98836809
0.98241156
0.98725933
0.98917305
0.98811102
0.98798674
0.98881626
0.98635536
0.98330104
0.98618478
0.98552793
0.98834628
0.98695379
0.98682249
0.98798221
0.98670214
0.98359090
0.98513895
0.98663682
0.98751950
0.98743033
0.98102647
0.98353690
0.98368764
0.97807658
0.98345113
0.98347139
0.97437751
0.97227341
0.97738701
0.97267908
0.95825267
0.96147889
0.96279591
0.95853108
0.96383834
0.95285636
0.94124830
0.93696117
0.93566310
0.94349599
0.94101536
0.94409800
0.92837459
0.93676776
0.89135873
0.90806890
0.91364682
0.90276289
0.88538110
0.77995223
0.86876166
0.88019860
0.80027896
0.86312425
0.85762906
0.85563534
0.84398931
0.77757525
0.69077218
0.65719664
0.61811650
0.58713591
0.59096718
0.56951809
0.53208768
0.51651102
0.48569739
0.44167724
0.43688017
0.41346121
0.37101561
0.37657705
0.34146184
0.32287917
0.31399813
0.30706909
0.29767379
0.29092443
0.28275597
0.29487503
0.29587573
0.30996415
0.30217180
0.28959069
0.32266462
0.31629109
0.29703206
0.28151092
0.28119972
0.28185019
0.30549634
0.28946826
0.27957252
0.26509032
0.29006451
0.28189057
0.30200064
0.29079506
0.29878664
0.29750246
0.27549285
0.31084007
0.33480185
0.33369768
0.33123302
0.29531702
0.27839088
0.30394286
0.31007418
0.30111527
0.28391770
0.30167884
0.30748087
0.27942181
0.30352101
0.27452970
0.29634896
0.27879193
0.31549263
0.30127552
0.26155233
0.28637707
0.33344373
0.30126631
0.30147073
0.31002522
0.31107408
0.28340697
0.31099603
0.29760361
0.28796244
0.28421530
0.29252216
0.31778806
0.30190271
0.28701982
0.25452447
0.30943212
0.28718600
0.28166828
0.27315402
0.28338304
0.29939070
0.28114864
0.28965187
0.28610736
0.26084569
0.27886230
0.27570769
0.26352543
0.28982073
0.28892416
0.28828228
0.28769755
0.28138223
0.28130496
0.29005727
0.29988357
0.28644484
0.29514396
0.28760678
0.29376972
0.27325913
0.29052678
0.24513008
0.28419867
0.24894518
0.23955067
0.23455903
0.26589134
0.24590260
0.21721955
0.23345947
0.22043520
0.21705648
0.21001215
0.20482884
0.21024989
0.18501577
0.20754322
0.17609979
0.20637880
0.17624469
0.18709090
0.22692285
0.21193200
0.21322729
0.22021215
0.24569641
0.23867302
0.25349790
0.26290375
0.23881076
0.30451876
0.24037707
0.29476225
0.27767864
0.28740272
0.29757956
0.33962283
0.34102660
0.38696903
0.37143928
0.50063723
0.43995315
0.65768689
0.57915366
0.63993728
0.74275774
0.67517000
0.70900959
0.68451208
0.66016829
0.63781232
0.74618381
0.73157263
0.80842942
0.80851263
0.76507604
0.67491001
0.71786582
0.71121174
0.80574405
0.83407670
0.81714851
0.79443103
0.84715527
0.85761338
0.85306501
0.81824088
0.80809164
0.83731395
0.83972263
0.84251523
0.84723771
0.84466398
0.86038542
0.83939093
0.80117780
0.80309743
0.86114144
0.83556557
0.84785312
0.83391792
0.85292041
0.85735828
0.87862784
0.85822248
0.78903329
0.79948109
0.72333091
0.78326350
0.82180142
0.76612175
0.81530416
0.87911624
0.85081762
0.85113525
0.89291447
0.84808105
0.83623660
0.83240235
0.83442008
0.87497032
0.86177939
0.89621323
0.88285422
0.90531468
0.92200845
0.88336539
0.90826821
0.91519892
0.93548793
0.92398095
0.91578639
0.90986246
0.90428656
0.92326128
0.91819966
0.87434411
0.89734787
0.91854906
0.90712875
0.91807908
0.90245026
0.94143778
0.91791213
0.90898103
0.90605980
0.91889417
0.87717843
0.91544729
0.92372572
0.90660232
0.91122025
0.91229957
0.91426826
0.89223504
0.89761013
0.93685114
0.92229116
0.94153249
0.95126319
0.95341212
0.94191581
0.95348614
0.92155570
0.92279989
0.90843678
0.91757917
0.91181195
0.87748981
0.90915561
0.91289318
0.89448619
0.91713464
0.91872269
0.91918284
0.91746086
0.93786007
0.89034188
0.93783230
0.93066895
0.94328320
0.93739331
0.92654526
0.93913919
0.93106151
0.92707133
0.92749584
0.92592293
0.93706232
0.93156821
0.92078751
0.90341973
0.91496283
0.90024596
0.86966974
0.87563801
0.89224058
0.89342582
0.88703102
0.89156753
0.90530515
0.90090990
0.90946639
0.92166585
0.90047520
0.89826334
0.88846296
0.86546737
0.88500178
0.85604829
0.90604317
0.91052067
0.94519144
0.95363778
0.94054341
0.94137883
0.93837744
0.94752038
0.92920828
0.93060875
0.93773335
0.94556826
0.91709006
0.93650377
0.94854665
0.95490485
0.96162856
0.95510924
0.95904177
0.95804471
0.96604472
0.97637945
0.97619575
0.97937220
0.98114258
0.97878748
0.97453636
0.97222197
0.98006481
0.97762638
0.98631787
0.97620821
0.98141336
0.98359215
0.98540211
0.98589104
0.97890830
0.97876018
0.98154688
0.98271495
0.97762853
0.97260916
0.97760016
0.97357970
0.97900689
0.97168523
0.97571725
0.97864145
0.97865844
0.98029572
0.98109770
0.97945935
0.98322886
0.98511618
0.98446065
0.98333824
0.98437804
0.98765290
0.98837703
0.98937714
0.99178010
0.98964685
0.98868072
0.98989058
0.99098152
0.99002761
0.99165148
0.99192291
0.99237472
0.99107927
0.99168855
0.99291986
0.99336445
0.99320590
0.99169922
0.99344122
0.99236029
0.99198830
0.99268991
0.99293411
0.99359012
0.99390608
0.99429893
0.99421620
0.99428767
0.99370569
0.99409842
0.99391717
0.99373537
0.99275208
0.99380648
0.99348140
0.99177587
0.99247265
0.99180013
0.99404681
0.99162078
0.99134237
0.99243754
0.99240738
0.99331713
0.99176788
0.99346900
0.99104136
0.99294150
0.99286640
0.99385494
0.99277037
0.99363846
0.99339628
0.99371159
0.99354267
0.99299061
0.99277979
0.99306482
0.99301612
0.99182254
0.99328727
0.99159008
0.99129921
0.99202251
0.98968118
0.98983264
0.98925251
0.98784572
0.98900592
0.98695892
0.98918474
0.99038678
0.98933315
0.98998851
0.98912036
0.98589200
0.98894346
0.99030650
0.98832846
0.98904759
0.98947644
0.98973548
0.98836774
0.99012601
0.98973960
0.98650581
0.98829365
0.99049056
0.99047637
0.99059349
0.99298781
0.99099308
0.99061686
0.99129838
0.99207097
0.99148458
0.99214453
0.99275029
0.99297053
0.99307245
0.99005592
0.99038726
0.99171114
0.99169278
0.99147242
0.99078441
0.99042213
0.98989570
0.98871034
0.98816234
0.98978591
0.98725688
0.98929566
0.98837656
0.98672861
0.99138087
0.99096161
0.99051744
0.98839104
0.98640501
0.99095005
0.98605716
0.98879331
0.98686856
0.98857981
0.98874319
0.99226719
0.98953807
0.99152583
0.99121761
0.98647738
0.98767090
0.98738599
0.98611200
0.98978603
0.99034131
0.99043006
0.99063092
0.98954713
0.99247015
0.99175477
0.98792017
0.99358410
0.99030918
0.99274206
0.99092555
0.99152011
0.98721761
0.99027342
0.98907512
0.98734856
0.98903018
0.98565173
0.98806691
0.98407584
0.98850316
0.98848420
0.98857111
0.98449379
0.98988593
0.98593289
0.98653686
0.99060947
0.99149501
0.99178922
0.99197102
0.99147063
0.98574442
0.99058646
0.99045920
0.98828703
0.98858809
0.98825592
0.99111301
0.98732692
0.98425621
0.98247004
0.98133057
0.98982251
0.98896992
0.98927259
0.98771673
0.99045873
0.99105704
0.99073225
0.99031806
0.99041194
0.99072355
0.99074250
0.98718590
0.98888332
0.98721808
0.98880249
0.98995656
0.99081224
0.98938656
0.99041146
0.99035627
0.98978782
0.99029750
0.99246949
0.99190158
0.99100375
0.98583871
0.98769337
0.98723853
0.99013686
0.98996210
0.98758441
0.98833025
0.98950154
0.98669308
0.98922729
0.98727661
0.98879308
0.98731923
0.98775733
0.98318374
0.98143780
0.98313254
0.97981882
0.98131359
0.98382819
0.98499668
0.98486310
0.98287857
0.98425162
0.98617560
0.98513156
0.98440754
0.98511767
0.98677629
0.98506135
0.98664385
0.98618382
0.98528349
0.98441887
0.98425734
0.98370343
0.98308796
0.98399514
0.98705089
0.98575133
0.98516661
0.98615682
0.98697364
0.98832613
0.98719621
0.98460889
0.98606199
0.98597139
0.98466742
0.98015517
0.97695315
0.97650075
0.97579896
0.97660875
0.97853822
0.97383344
0.97818840
0.97901219
0.97868586
0.96964431
0.97673494
0.96751380
0.97457379
0.97197109
0.97396559
0.97264344
0.96368921
0.96825790
0.97257328
0.97791666
0.98006046
0.97427791
0.97578865
0.97671354
0.97900897
0.98201996
0.98118651
0.98166305
0.98608834
0.98626453
0.98709166
0.98709339
0.98565209
0.98554718
0.98420191
0.98665231
0.98398834
0.98477882
0.98594308
0.98539263
0.98082411
0.98512775
0.98647958
0.98588353
0.98691559
0.98602849
0.98428118
0.98295712
0.98461783
0.98407263
0.98191422
0.98834592
0.98631895
0.98708618
0.98525143
0.98710883
0.98543143
0.98661774
0.98735642
0.98695612
0.98657644
0.98490661
0.98755032
0.98697144
0.98600930
0.98416477
0.98594505
0.98794472
0.98590195
0.98785830
0.99111301
0.99006408
0.98981440
0.98912638
0.98940384
0.98905540
0.98985589
0.98898447
0.98861980
0.98858416
0.98583394
0.98382378
0.98197240
0.98140728
0.98354739
0.98135895
0.97842103
0.97773975
0.97667617
0.97105318
0.97133136
0.97366798
0.97259164
0.97417396
0.97621888
0.98130554
0.98246700
0.98498440
0.98512381
0.98857701
0.99067199
0.98895931
0.98867887
0.98961931
0.98577130
0.98618442
0.98916388
0.98772752
0.98031449
0.98477268
0.98709249
0.98976654
0.98653919
0.98361105
0.98088032
0.98068905
0.98686069
0.98444808
0.98013467
0.97356921
0.97236955
0.97422475
0.98016924
0.97872555
0.98199350
0.98680753
0.98558271
0.99000108
0.98977834
0.99139494
0.99346632
0.99295652
0.99234313
0.99491453
0.99403065
0.99070251
0.99244773
0.99168187
0.99247783
0.99220395
0.99091750
0.98892993
0.99094170
0.98929125
0.98855245
0.99094778
0.98914087
0.99113667
0.98932636
0.99095285
0.98973173
0.99127519
0.99204987
0.99261755
0.99237227
0.99267173
0.99214560
0.99184650
0.99207252
0.99311358
0.99023122
0.99127465
0.98990774
0.99069512
0.99164408
0.99031430
0.99093062
0.99246126
0.98942649
0.98849326
0.99200541
0.98853487
0.98992842
0.98198652
0.98379093
0.98660839
0.98879784
0.98876601
0.98858029
0.98985416
0.98938960
0.98764145
0.98551172
0.98947436
0.98935157
0.98554462
0.99014026
0.98708874
0.98839486
0.99139035
0.99090612
0.99087334
0.99204469
0.99230266
0.98915058
0.98806423
0.98708200
0.98748475
0.98414916
0.98602211
0.98441458
0.98582709
0.97972864
0.97986335
0.97588038
0.98436409
0.98787284
0.98281777
0.98676413
0.98215967
0.98373163
0.98321503
0.98052555
0.98017681
0.97701812
0.97471952
0.97477120
0.96909058
0.97201568
0.96741599
0.96036249
0.96183664
0.95891964
0.96191579
0.96361071
0.97251356
0.97877330
0.97784513
0.98189390
0.98370439
0.98281926
0.98233116
0.98367876
0.98440570
0.98433197
0.98502064
0.98463297
0.98542935
0.98496675
0.98535568
0.98520410
0.98584324
0.98690015
0.98839915
0.98751897
0.98625445
0.98518813
0.98700815
0.98611963
0.98630458
0.98591590
0.98654836
0.98705006
0.98632509
0.98673499
0.98653030
0.98538917
0.98495179
0.98444748
0.98605180
0.98612881
0.98490244
0.98723328
0.98442060
0.98700804
0.98740596
0.98841548
0.98830253
0.98698086
0.96892905
0.96990025
0.94065005
0.93624538
0.91743469
0.87592441
0.77199781
0.77792418
0.78024024
0.77629167
0.78816575
0.75618470
0.67624313
0.59609604
0.54980516
0.43240431
0.50521338
0.45735911
0.39165446
0.38095000
0.32916829
0.50077510
0.50243646
0.64494765
0.50621814
0.49966300
0.62323004
0.57718670
0.57514375
0.46649462
0.38348666
0.36633307
0.37093297
0.43064386
0.35481670
0.45456007
0.48804504
0.61708182
0.52723414
0.49186459
0.48490846
0.50551355
0.38473517
0.47043854
0.38419813
0.32167983
0.29073748
0.33130854
0.50843579
0.44294605
0.36645320
0.29181775
0.43801796
0.49058384
0.52668524
0.26476833
0.38343105
0.39690980
0.29388869
0.43160814
0.38807267
0.41605437
0.31607622
0.41630483
0.51828927
0.40771773
0.39103755
0.49517506
0.32887557
0.40622285
0.42855695
0.46820021
0.38995412
0.47692496
0.41018599
0.49034995
0.41875219
0.37403578
0.50099719
0.40545022
0.38633096
0.35028505
0.24758314
0.23774387
0.25361696
0.27625188
0.29432997
0.34674627
0.45745951
0.54683781
0.43742183
0.42742682
0.46320841
0.50358152
0.43867213
0.41296473
0.35146448
0.42151707
0.35706627
0.27454203
0.31561533
0.38789779
0.28130874
0.26410097
0.35751364
0.31137228
0.25552195
0.30869910
0.31343234
0.25061920
0.31388348
0.31632993
0.37907389
0.36519605
0.32294407
0.29908872
0.31460300
0.29751989
0.28962022
0.31016618
0.28335279
0.29359052
0.26994091
0.28022048
0.28851971
0.24194978
0.26164147
0.28153777
0.29199946
0.34948286
0.24531548
0.28455165
0.26482314
0.24706611
0.21282679
0.19013932
0.20796476
0.21181282
0.16969222
0.22224839
0.19933157
0.20287369
0.25264060
0.19392903
0.18415253
0.20101984
0.22763936
0.21954855
0.19078182
0.20644082
0.20572396
0.23182039
0.22412378
0.22474329
0.18714461
0.26418090
0.25398079
0.22648628
0.20913552
0.23404416
0.22834711
0.24674577
0.21297629
0.31567502
0.26388809
0.22898629
0.21665581
0.25297806
0.26915506
0.22180058
0.23040403
0.25293297
0.22456130
0.23107955
0.22764641
0.18347771
0.23284179
0.24290848
0.18806092
0.22895917
0.21523808
0.20157841
0.23142734
0.18361700
0.19013675
0.20630567
0.27202696
0.21428943
0.24255204
0.24883269
0.20710424
0.28986478
0.25727212
0.20204395
0.21326426
0.24066344
0.21908113
0.27346689
0.20400885
0.19355778
0.24665853
0.22492918
0.21857920
0.22275236
0.24465264
0.25307173
0.21833694
0.23902914
0.22135210
0.23180035
0.23037295
0.23243874
0.21609077
0.24027368
0.24312647
0.24623044
0.21554735
0.20587441
0.22840613
0.22615159
0.23263320
0.21699257
0.21280746
0.23519282
0.20488925
0.19829668
0.21400020
0.22552772
0.22508529
0.19651608
0.19521989
0.26951495
0.24685584
0.23782885
0.17124797
0.26325357
0.21709272
0.23114954
0.17557052
0.23571835
0.21317959
0.19386840
0.24552166
0.22258143
0.19514678
0.23873444
0.22319658
0.24004541
0.21719810
0.21450660
0.21175258
0.18725632
0.24256817
0.22353455
0.19116116
0.23034044
0.24392790
0.20297241
0.20462537
0.21165425
0.20652226
0.24642944
0.25644463
0.24127804
0.27676177
0.24234585
0.24701077
0.23501809
0.25148377
0.24305005
0.20957288
0.25307333
0.22114412
0.22999118
0.21191679
0.25265291
0.27806607
0.19033802
0.21566497
0.25690371
0.23018338
0.28429940
0.21930543
0.24063055
0.22711092
0.21334822
0.27060193
0.21821974
0.23787329
0.25397405
0.22030453
0.25621271
0.22285448
0.22515880
0.23722000
0.19160183
0.21818712
0.28133911
0.21044534
0.23074117
0.23617226
0.21019953
0.24859643
0.20005135
0.23916213
0.22987261
0.20812894
0.27151024
0.23392008
0.25701597
0.22531836
0.24459937
0.22272393
0.25053135
0.23494716
0.27166352
0.28407064
0.25893241
0.23495801
0.23955823
0.23912531
0.26790810
0.21958309
0.24653494
0.20308630
0.23503867
0.19471355
0.27725977
0.23475888
0.20886019
0.24638578
0.25354204
0.19673528
0.22910167
0.19916102
0.19166911
0.17783904
0.18615408
0.20843565
0.19489563
0.20497285
0.20081814
0.19701199
0.20581909
0.19510895
0.20045188
0.18513240
0.18001376
0.15181275
0.19935131
0.17925481
0.17652524
0.20672297
0.17779887
0.21644647
0.20480353
0.19725186
0.21687992
0.21779098
0.16831452
0.22029628
0.22516024
0.20068993
0.20339385
0.18470082
0.24682833
0.19659141
0.19813135
0.23674791
0.22493760
0.20557141
0.23935030
0.23008738
0.25388518
0.21372619
0.20975618
0.18881187
0.20242073
0.23880254
0.20861164
0.26340827
0.20866312
0.19526032
0.22247040
0.19540338
0.19339445
0.19744453
0.20399880
0.19148247
0.18872549
0.17021556
0.21272990
0.17708555
0.18002264
0.17742437
0.17148486
0.19792351
0.17805196
0.19962308
0.16044712
0.19292729
0.17692758
0.16097516
0.16631368
0.19391333
0.17732522
0.17938656
0.18780951
0.17740214
0.17284875
0.17200384
0.21053240
0.19288817
0.20381413
0.21541801
0.17298067
0.19262247
0.20188038
0.23597273
0.25798431
0.20558792
0.19533612
0.21082638
0.18333890
0.20703104
0.22947851
0.21302234
0.20806308
0.17293298
0.17200223
0.20755892
0.17096779
0.17270848
0.15102422
0.16990319
0.18817230
0.16970156
0.17786053
0.17532387
0.19264472
0.19065885
0.18758686
0.20528671
0.18208098
0.16552317
0.19293499
0.21921070
0.22176221
0.19278537
0.19729358
0.20834860
0.19596645
0.17246234
0.21059744
0.22527862
0.20271955
0.23176740
0.27017206
0.25283682
0.24373171
0.22439072
0.22851990
0.23661107
0.27523103
0.24306296
0.23901799
0.27502248
0.29132605
0.27726701
0.31925040
0.37130594
0.33736625
0.37156895
0.39922175
0.41628066
0.41350400
0.41404605
0.39056131
0.37995440
0.40966949
0.47031611
0.46391851
0.44811252
0.57992029
0.63876081
0.62621814
0.60697114
0.75043911
0.77447468
0.82508826
0.74524426
0.81717324
0.74587506
0.83168453
0.89429557
0.86150301
0.88632810
0.88798916
0.92027181
0.92117071
0.92256206
0.92088121
0.95012212
0.95720142
0.96261245
0.95959622
0.97428924
0.97469217
0.98506391
0.97758240
0.98527074
0.98083222
0.98610002
0.98823303
0.98782080
0.98576015
0.98717701
0.98626673
0.98771310
0.98863608
0.98624992
0.98955894
0.98613727
0.98821706
0.98945475
0.98863482
0.98928076
0.98396009
0.98597533
0.98743361
0.98989642
0.99007481
0.98772907
0.98729998
0.98717427
0.98935974
0.98996514
0.99118328
0.99094957
0.98846185
0.98994559
0.98780441
0.99028230
0.98865849
0.98948306
0.98921508
0.98892128
0.99155629
0.98959935
0.99030298
0.99284983
0.99225813
0.99205643
0.99166262
0.99213773
0.99163896
0.99213517
0.99149644
0.99198079
0.98887116
0.99238014
0.99330598
0.99244457
0.99057895
0.99096996
0.98742491
0.98946685
0.98960948
0.98958367
0.98828030
0.98987401
0.98791111
0.98113453
0.98676908
0.98879188
0.98871768
0.99092674
0.99144506
0.99133658
0.99077636
0.99194652
0.99127030
0.99133217
0.99092674
0.99175209
0.99246103
0.99114382
0.99313462
0.99299437
0.99128562
0.99377257
0.99236852
0.99228317
0.99223620
0.99416369
0.99252170
0.99279988
0.99330783
0.99279237
0.99162298
0.99230689
0.99313653
0.98998427
0.99034077
0.99012589
0.98953015
0.99058247
0.99143034
0.99044925
0.98660648
0.98631525
0.98633027
0.98616022
0.98849714
0.98647064
0.98580277
0.98771697
0.99063498
0.99090099
0.98798752
0.98892236
0.98892844
0.98808819
0.98889786
0.98881054
0.98740941
0.98868364
0.98522031
0.98816085
0.98814398
0.98551524
0.98533720
0.98262167
0.98407978
0.98311043
0.98342001
0.98357898
0.98569483
0.98799217
0.98896116
0.98967707
0.98685533
0.98859030
0.98857182
0.98803830
0.98813826
0.98860812
0.98945564
0.98969203
0.98890591
0.98980612
0.99222201
0.99171585
0.99036539
0.99262506
0.99204201
0.99308008
0.99263179
0.99375498
0.99339044
0.99191952
0.99275982
0.99158126
0.98890251
0.99239993
0.99234200
0.99190193
0.99135864
0.99234712
0.99103642
0.99272960
0.99120998
0.99071807
0.98824638
0.99231577
0.99067491
0.99077761
0.98901641
0.98081356
0.98242158
0.97726738
0.95937556
0.95633674
0.89972526
0.89975053
0.90151930
0.84085208
0.88154024
0.88396335
0.87607616
0.73330832
0.78965920
0.75775164
0.82331365
0.76500380
0.78530657
0.79421383
0.75486648
0.73921722
0.70997584
0.67706817
0.69470042
0.71720725
0.64768922
0.67604768
0.66382200
0.67874205
0.60164791
0.75710613
0.82218957
0.79651397
0.81516778
0.88034511
0.89509171
0.90599990
0.90807331
0.89859837
0.90266109
0.90888840
0.89332473
0.88098103
0.88330483
0.85802811
0.86407906
0.85990644
0.85566390
0.79971641
0.79138362
0.77327043
0.76820070
0.81030196
0.82203490
0.72424120
0.70577163
0.74247766
0.71846372
0.74308527
0.65488493
0.61036640
0.52868015
0.49659020
0.45129436
0.42936504
0.40739483
0.38999331
0.41692725
0.44622481
0.40906310
0.35589617
0.41565159
0.44697705
0.40253395
0.37771067
0.29276338
0.43704656
0.30372396
0.38989636
0.33071497
0.35083899
0.31806260
0.37763178
0.37453428
0.34587377
0.24219428
0.34768116
0.38723850
0.43189293
0.42854956
0.49330115
0.48185644
0.42133233
0.44990698
0.39089507
0.32373121
0.59568572
0.47012511
0.30557814
0.29619414
0.45940667
0.39289314
0.66445631
0.36423764
0.44553870
0.55670542
0.74072939
0.45698264
0.65950626
0.78678125
0.72488421
0.47073063
0.80824631
0.82096410
0.77213806
0.76418716
0.72570884
0.75522321
0.70366788
0.80821002
0.92257720
0.88958228
0.88141620
0.84492791
0.86278689
0.87902135
0.90674311
0.86809361
0.90612674
0.86462337
0.91998500
0.93727529
0.85458893
0.90560871
0.90419155
0.89279622
0.90987796
0.93394154
0.94082898
0.89658779
0.93159378
0.96334201
0.93897843
0.96115696
0.97352648
0.94654900
0.93115658
0.93850118
0.95399135
0.93437546
0.91085339
0.96520275
0.95490950
0.94250983
0.96486235
0.97098833
0.98032147
0.98603904
0.98334181
0.98747313
0.98872644
0.98764449
0.98789132
0.98917437
0.98502272
0.98525453
0.98722583
0.98348951
0.98692650
0.98703474
0.98157102
0.98493564
0.98790926
0.98503858
0.98761231
0.98411185
0.98543662
0.98703408
0.98568141
0.98744023
0.98848689
0.98924774
0.98778254
0.98783946
0.98961079
0.98519403
0.98601621
0.98775089
0.98685557
0.98601729
0.98663771
0.98525435
0.98326010
0.98575854
0.98536181
0.98560858
0.98417974
0.98266000
0.98696405
0.98157984
0.98485631
0.98307586
0.98470253
0.98317671
0.99034727
0.99065346
0.99137878
0.99094993
0.99053895
0.99040389
0.99023563
0.99000508
0.98935670
0.98994166
0.98997539
0.98974133
0.98870867
0.99001187
0.98764145
0.98900980
0.98825139
0.98783594
0.98882037
0.98672962
0.98420411
0.98848152
0.98739886
0.98752880
0.98243207
0.98256117
0.98199064
0.98005599
0.98005086
0.97768891
0.97653586
0.97179091
0.97422677
0.97665060
0.97696507
0.97873002
0.97973788
0.97789907
0.97152948
0.97609574
0.97642469
0.97173506
0.95983517
0.98086250
0.98223156
0.98719251
0.98967135
0.99216992
0.99433798
0.99490780
0.99498463
0.99504459
0.99453199
0.99509382
0.99490780
0.99470705
0.99438113
0.99374902
0.99368203
0.99341440
0.99368966
0.99282455
0.99267417
0.99186009
0.99186158
0.99161935
0.99099064
0.99041313
0.99176049
0.99097681
0.99037421
0.99071282
0.99097931
0.99074465
0.99202943
0.99164152
0.99073058
0.99111021
0.99151516
0.98924434
0.98920459
0.98927385
0.98944151
0.98832047
0.98668587
0.98662299
0.98629934
0.98654735
0.98635012
0.98614591
0.98599827
0.98640162
0.98524886
0.98148960
0.97767282
0.98048145
0.98112613
0.98017806
0.98094660
0.98082650
0.98110145
0.98154116
0.98429966
0.98408175
0.98572391
0.98688936
0.98392439
0.97962946
0.98209435
0.98104894
0.98166728
0.98253351
0.98363298
0.98518848
0.98481327
0.98667115
0.98432010
0.98697788
0.98745745
0.99025166
0.99091560
0.99078041
0.99112976
0.99175370
0.99283510
0.99276590
0.99263680
0.99293798
0.99251634
0.99217319
0.99145246
0.99110061
0.99111605
0.99112284
0.99090248
0.99138087
0.99155855
0.99113727
0.99165934
0.99046725
0.99042004
0.98956025
0.99005884
0.98964852
0.99081790
0.98994058
0.99143314
0.99222177
0.99261224
0.99179649
0.99186134
0.99146491
0.99144381
0.99134809
0.99091876
0.99108315
0.98962700
0.99070215
0.99153394
0.99152535
0.99225616
0.99283135
0.99355972
0.99273151
0.99284935
0.99158996
0.99093658
0.99066144
0.98999047
0.98988885
0.99070871
0.99103165
0.99149996
0.99114788
0.99046969
0.99056154
0.98902994
0.98992538
0.98955089
0.98888749
0.98928064
0.98901761
0.98895222
0.98718357
0.98729473
0.98927164
0.98970884
0.98762089
0.98861027
0.99031371
0.98841244
0.98759186
0.98789304
0.98867851
0.98874730
0.98756742
0.98791677
0.98855186
0.98864847
0.98762685
0.98646718
0.98643315
0.98461992
0.98629725
0.98651856
0.98649603
0.98613226
0.98468542
0.98506492
0.98585802
0.98243630
0.98556894
0.98924142
0.98863739
0.98776501
0.98607218
0.98688263
0.98729080
0.98758715
0.98717809
0.98704070
0.98780769
0.98711908
0.98628962
0.98590755
0.98644489
0.98794812
0.98739702
0.99018562
0.98916876
0.98716533
0.98496813
0.98564607
0.98442799
0.98886383
0.98648190
0.98199767
0.98011667
0.97820503
0.97940022
0.98056394
0.98228329
0.98575658
0.98611093
0.98827362
0.98714268
0.98719460
0.98706585
0.98842978
0.98875880
0.98920691
0.98745316
0.98787922
0.98646730
0.98774368
0.98733705
0.98741245
0.98604310
0.98724675
0.98811322
0.98778194
0.98976582
0.98748279
0.98483676
0.98472601
0.98404455
0.98660707
0.98325205
0.98256636
0.98372251
0.98517007
0.98821694
0.98514044
0.98476589
0.98579830
0.98785597
0.98854244
0.98850584
0.99008614
0.99060798
0.98922682
0.99074465
0.98982495
0.98987061
0.98892516
0.98623359
0.98516971
0.98533732
0.98902881
0.98822218
0.98881310
0.98719424
0.98896027
0.98581058
0.98745173
0.99036986
0.99011236
0.98967427
0.98679799
0.98999351
0.98502862
0.98650628
0.98865408
0.99071211
0.99125659
0.99057943
0.98636264
0.99194348
0.99186689
0.98999119
0.99173224
0.99013317
0.99123198
0.99248075
0.99180579
0.99085063
0.98869294
0.98808855
0.99061298
0.99102694
0.98989445
0.98816419
0.98818332
0.98940229
0.98989773
0.99084049
0.98722839
0.98662078
0.98563170
0.98487896
0.98732889
0.99004108
0.98796999
0.98791367
0.99278283
0.99258125
0.99028790
0.98991734
0.98756045
0.98562288
0.98530394
0.98795867
0.98412293
0.98270863
0.98293823
0.98462385
0.98816037
0.98632544
0.98646402
0.98740524
0.98681182
0.98116827
0.98314995
0.98435831
0.97887796
0.96782917
0.97890639
0.96798027
0.97403514
0.97102642
0.98769045
0.97389472
0.98277020
0.97168970
0.96950120
0.97445208
0.96978956
0.96148723
0.95256180
0.95721954
0.95978785
0.95358747
0.95769978
0.95937842
0.96725500
0.96649140
0.96519476
0.97654963
0.97951525
0.98048210
0.98232859
0.98730242
0.98747534
0.98475063
0.98162866
0.97651106
0.96900475
0.94527215
0.94015205
0.94123024
0.93041730
0.92159730
0.92294508
0.92820346
0.93548876
0.91224420
0.91978890
0.90183020
0.82543772
0.81587470
0.82442760
0.82485145
0.77534133
0.72394681
0.78168756
0.69688272
0.74329406
0.88373303
0.92593437
0.94569331
0.95911187
0.98244447
0.97886550
0.98157632
0.98207527
0.97870386
0.97412825
0.97527641
0.96957695
0.96674222
0.97175670
0.96796978
0.97361577
0.96279693
0.96856689
0.97479576
0.97891313
0.97998261
0.98341882
0.98297817
0.98549634
0.98348236
0.98606145
0.98518407
0.98462927
0.98391944
0.97705203
0.97126514
0.98622429
0.98557973
0.98233646
0.97802299
0.97623831
0.96893400
0.96435690
0.91309148
0.89548546
0.86890781
0.72784257
0.70783889
0.69620907
0.55836791
0.47104064
0.51943839
0.49277169
0.47420388
0.45470822
0.41928968
0.46551353
0.43942735
0.42207256
0.41326860
0.39708468
0.39451423
0.37381116
0.37425658
0.41020554
0.47114232
0.42464629
0.42181218
0.39326683
0.38865781
0.44812340
0.44001311
0.42422748
0.47119144
0.46265027
0.44242874
0.42616829
0.46503931
0.46687499
0.50719506
0.53987867
0.55771172
0.54357231
0.54444498
0.57193428
0.61033255
0.57284039
0.56443810
0.55596209
0.53035116
0.53775656
0.54783350
0.55610979
0.54766136
0.54746544
0.52812296
0.54559314
0.55157274
0.55382270
0.54390168
0.55925494
0.55267167
0.55086148
0.56262451
0.55196828
0.50456691
0.49763113
0.53456753
0.54637015
0.52724725
0.49654967
0.49287122
0.50490725
0.50962943
0.52073002
0.53283775
0.56548679
0.53778285
0.58268231
0.60549259
0.60460448
0.60616457
0.60990274
0.61009097
0.58971351
0.57359892
0.57907283
0.56158984
0.58456594
0.57631791
0.55708140
0.53916359
0.51771557
0.49992776
0.50886256
0.50372028
0.48744163
0.47863421
0.49025235
0.52584171
0.51881665
0.53372717
0.52342409
0.54776675
0.53515756
0.54922813
0.59085900
0.63894296
0.68450087
0.72102314
0.78512931
0.77567381
0.76397204
0.78319681
0.83638120
0.80855387
0.85133475
0.89148259
0.87134588
0.91362005
0.94188833
0.90445662
0.94109625
0.95577097
0.92816842
0.97235107
0.98022640
0.97147983
0.97390395
0.97798628
0.98128623
0.98145366
0.98701394
0.98269200
0.97443014
0.96963602
0.95679682
0.96618629
0.95459843
0.94484317
0.96015495
0.96751583
0.96679050
0.96220225
0.96504384
0.94223195
0.96993959
0.97259247
0.96546894
0.96616656
0.95183873
0.91457152
0.86431360
0.73388207
0.66878343
0.61343163
0.56631565
0.57884818
0.65799350
0.66287893
0.75232077
0.85524648
0.93300658
0.93196917
0.95078826
0.96167034
0.97043341
0.96819520
0.98561156
0.98970103
0.99377668
0.99389005
0.99420172
0.99184930
0.99343622
0.99413741
0.99354243
0.99333125
0.99220842
0.99193102
0.99246854
0.99325848
0.99246007
0.99342644
0.99183136
0.99320388
0.99306703
0.99257642
0.99265701
0.99285150
0.99112087
0.98984867
0.99168277
0.99244952
0.98910123
0.99048507
0.98750359
0.98254645
0.98335600
0.98196959
0.97865570
0.97587174
0.97183675
0.97122341
0.97422314
0.96121633
0.96355480
0.94746321
0.96076971
0.95505780
0.96548480
0.96551758
0.95677388
0.96398413
0.96919328
0.95717841
0.97245187
0.96280378
0.97087103
0.97930157
0.98330611
0.98729205
0.98769325
0.98863345
0.98995763
0.99015230
0.98783678
0.98875266
0.98872304
0.99030274
0.98952907
0.98842233
0.98602772
0.98814666
0.98888284
0.98962784
0.98763162
0.98537147
0.98133135
0.97714001
0.97330397
0.97648072
0.97680056
0.97510546
0.97326940
0.97482681
0.97272801
0.97640139
0.97729057
0.98243755
0.98401225
0.98424625
0.98535812
0.98481894
0.98452085
0.98420161
0.98087859
0.97936088
0.98133862
0.97901869
0.97473383
0.96658617
0.96782994
0.96459252
0.96522433
0.97131449
0.98128319
0.98582584
0.98808402
0.99010932
0.99111474
0.99105561
0.99097061
0.99278158
0.99262846
0.98970735
0.99183172
0.99242800
0.99132830
0.99106020
0.99009049
0.99024314
0.99000400
0.99133462
0.99153626
0.99209595
0.99215901
0.99239445
0.99180472
0.99001896
0.99050140
0.98986757
0.98770088
0.98603153
0.98044878
0.97755301
0.97617847
0.97673428
0.97337276
0.96756047
0.96634388
0.98892128
0.97955334
0.99116266
0.98921061
0.98821181
0.98965782
0.99083942
0.99241287
0.99080735
0.98882347
0.97018021
0.95105052
0.94574237
0.82789356
0.91870409
0.82225204
0.84382826
0.62517887
0.66199434
0.79012823
0.66493726
0.78782874
0.75898534
0.56838387
0.63153702
0.43388709
0.52599752
0.59256011
0.40979573
0.45743072
0.53626424
0.50589782
0.53434336
0.37778926
0.39067042
0.33884346
0.49681360
0.42702225
0.39533955
0.27824256
0.37434670
0.21762265
0.35806972
0.25862607
0.34269595
0.41189325
0.29466981
0.34131452
0.29374358
0.29320922
0.25153825
0.27520251
0.26182020
0.23147409
0.22188774
0.24016483
0.20402637
0.27744901
0.22966596
0.23717225
0.24496077
0.26763871
0.22819282
0.17830406
0.22499767
0.25951257
0.19872102
0.22619990
0.22915521
0.20994066
0.18425520
0.21852221
0.17207180
0.20628817
0.22371766
0.19976579
0.19974525
0.25702357
0.23730950
0.25372335
0.20845315
0.21505864
0.32922965
0.20528571
0.23985323
0.23601204
0.23534873
0.20987163
0.24575312
0.27059785
0.21647717
0.19114091
0.22169976
0.19642407
0.22711188
0.26419064
0.28601849
0.22730529
0.28988713
0.28695974
0.38721237
0.50598633
0.46502107
0.41063556
0.46437678
0.47274119
0.78394586
0.91456103
0.98051709
0.99312288
0.99533588
0.99422872
0.99438018
0.99377692
0.99409062
0.99385589
0.99370748
0.99368227
0.99243343
0.99282998
0.99274772
0.99320215
0.99133050
0.99276155
0.99331242
0.99386662
0.99391162
0.99413610
0.99353611
0.99374396
0.99240547
0.99124497
0.99269038
0.99371779
0.99006337
0.99390656
0.99063921
0.99217248
0.99220628
0.99165678
0.99036634
0.98906881
0.98754334
0.98719484
0.98761344
0.98938543
0.98862284
0.97624278
0.96927983
0.96355683
0.94989091
0.93441367
0.79587215
0.85949892
0.85658962
0.87066251
0.82553941
0.82188612
0.68737221
0.72393698
0.64153272
0.68694425
0.62609488
0.61094201
0.47938114
0.59135157
0.52624696
0.45432156
0.32439676
0.44630441
0.49591339
0.47851953
0.62622833
0.75939500
0.71837682
0.57088333
0.64481741
0.65742242
0.66537303
0.53248221
0.73591489
0.82363427
0.58984327
0.54579031
0.68903226
0.66402173
0.78033185
0.57870573
0.83528370
0.88914621
0.93435913
0.93642074
0.94980299
0.95400184
0.96687949
0.96637785
0.97999293
0.97414047
0.96556848
0.97238702
0.97116023
0.97325552
0.97096395
0.98112285
0.98429906
0.98640269
0.98978221
0.98954529
0.98646808
0.98985696
0.98872364
0.98899823
0.98860323
0.98853695
0.98613364
0.98714077
0.98937082
0.98725021
0.98711360
0.98882711
0.98934060
0.98992807
0.99108958
0.99068892
0.99222153
0.98935002
0.98793459
0.99014097
0.99042749
0.98973912
0.98957598
0.98972869
0.98894650
0.98562372
0.98829913
0.98558623
0.98779953
0.98825419
0.98767972
0.98848957
0.98892516
0.99077046
0.99057591
0.98988801
0.98860431
0.99002445
0.99027133
0.98555946
0.98751640
0.98780721
0.98930210
0.98699933
0.98303753
0.98765731
0.98870903
0.98908335
0.98783803
0.98830330
0.98818260
0.98773873
0.98809403
0.98655385
0.98804200
0.98724002
0.98673487
0.99010146
0.99182898
0.99140644
0.99140584
0.99172229
0.99187827
0.99134421
0.98970836
0.98964769
0.98841524
0.98743165
0.98754531
0.98787713
0.98750871
0.98867744
0.98989481
0.99034905
0.99056292
0.98915648
0.99209315
0.99226940
0.99008054
0.98962337
0.98824602
0.98739606
0.98885238
0.99070871
0.99288249
0.99319649
0.99236768
0.99320847
0.99423307
0.99405366
0.99357468
0.99299026
0.99281186
0.99072182
0.98776442
0.98904920
0.98670644
0.98873198
0.98306882
0.98133588
0.97979957
0.98082697
0.97966468
0.98005956
0.97554386
0.97562885
0.96552634
0.97359639
0.98403025
0.98731297
0.98739910
0.98741871
0.98627013
0.98548269
0.98238176
0.98292440
0.98415875
0.98002887
0.98041117
0.97914231
0.98027110
0.98366064
0.98470694
0.98489124
0.98576790
0.98578799
0.98684144
0.98835725
0.98901004
0.99028325
0.98928648
0.98911440
0.98897934
0.98944247
0.99093950
0.99138290
0.98889786
0.98865581
0.98909926
0.98674196
0.98758507
0.98823828
0.98900443
0.99144757
0.99063420
0.99122077
0.99092418
0.99100530
0.99094087
0.99124533
0.99021739
0.98861665
0.99060613
0.98942405
0.99237037
0.99162614
0.99071622
0.98865998
0.99111193
0.99018997
0.98664141
0.99081671
0.98844481
0.99113023
0.98941058
0.98636484
0.99026287
0.99090827
0.98800433
0.98724174
0.98686373
0.98965514
0.99063444
0.98604071
0.98474205
0.99084795
0.99065924
0.99027878
0.99143547
0.99069715
0.99044877
0.98807985
0.98983788
0.99139434
0.99031138
0.99032873
0.99011666
0.98912036
0.99111545
0.98768616
0.98518133
0.98623824
0.98046577
0.97703993
0.98210955
0.97005391
0.97490668
0.97454458
0.95923477
0.97328329
0.95758945
0.94991219
0.96180993
0.96031213
0.95675582
0.95982969
0.97151732
0.96207744
0.95653725
0.95539361
0.96028984
0.95944721
0.95807242
0.96230078
0.95979035
0.95714736
0.96816796
0.96293539
0.95204854
0.96529073
0.97282100
0.97536659
0.96648151
0.97182876
0.96843219
0.97058487
0.96926850
0.96754426
0.96161205
0.96358824
0.97124130
0.95680904
0.96443886
0.95073527
0.95482832
0.94108206
0.95990127
0.96281558
0.96269625
0.96522397
0.95980835
0.95353144
0.94185036
0.92945910
0.92142349
0.91086048
0.86077350
0.83067489
0.76588190
0.71134681
0.68455350
0.68155926
0.59903556
0.60756952
0.58716774
0.64940798
0.67418343
0.69604886
0.67437160
0.65822017
0.66672856
0.68490821
0.67623514
0.72629219
0.77931333
0.80275971
0.79036719
0.84119672
0.84223431
0.82537532
0.84059358
0.85593140
0.82534951
0.88087291
0.86580902
0.85741025
0.91273475
0.93494123
0.95101529
0.96134895
0.97229844
0.97625333
0.97637331
0.97516894
0.98239809
0.98227894
0.97958952
0.98535049
0.98855621
0.98836911
0.98954952
0.98640543
0.98948169
0.98831499
0.99002105
0.98896909
0.98972845
0.98668575
0.98363781
0.98797721
0.99035162
0.98949218
0.99118268
0.98760742
0.98613572
0.98660117
0.98466218
0.98712510
0.97989100
0.97848731
0.97832835
0.97109342
0.94782513
0.94219732
0.95554858
0.92816019
0.91250986
0.93226272
0.91460192
0.91535568
0.92307192
0.86138713
0.89097261
0.87690175
0.95809788
0.96631002
0.97697449
0.97014207
0.98169714
0.97868335
0.97576696
0.97303641
0.98004615
0.97914654
0.97973651
0.98044807
0.98293394
0.98464233
0.98303276
0.98354304
0.98276711
0.97653371
0.98665744
0.98450965
0.98867947
0.98515677
0.98667091
0.98168254
0.98359942
0.98165339
0.97744548
0.98071665
0.98535526
0.98048270
0.98628217
0.97810501
0.98380661
0.98152000
0.98450691
0.98260295
0.97866863
0.97966307
0.97675735
0.97955316
0.98198491
0.98403716
0.98575526
0.98212653
0.98364532
0.98978662
0.99005109
0.98945695
0.98920667
0.98753124
0.98492569
0.98555589
0.98716193
0.98674196
0.98709840
0.99026930
0.99015570
0.99233949
0.99222457
0.99286026
0.99245036
0.99262756
0.99283618
0.99353623
0.99304706
0.99263752
0.99267274
0.99291342
0.99319446
0.99215865
0.99283946
0.99357539
0.99319530
0.99271351
0.99180532
0.99169016
0.98951679
0.98478520
0.98629785
0.98478806
0.98193616
0.98382157
0.98321688
0.98439342
0.98271537
0.98480195
0.98333168
0.98601598
0.98406166
0.98468763
0.98541218
0.98646647
0.98891371
0.98955232
0.98863763
0.98806006
0.98707390
0.98728675
0.98700225
0.98635733
0.98427385
0.98657507
0.98399287
0.98422962
0.98554081
0.98781592
0.98648030
0.98589987
0.98316824
0.98358595
0.98588967
0.98694605
0.98620903
0.98314166
0.98122841
0.98221004
0.98560208
0.98097020
0.98496592
0.98358917
0.98139393
0.98125309
0.98090482
0.98463446
0.98434651
0.98414856
0.98414803
0.98280257
0.98322129
0.98562950
0.98390412
0.98407137
0.98583329
0.98566008
0.98440892
0.98508263
0.98581135
0.98568779
0.98304290
0.98564237
0.98457181
0.98510307
0.98587662
0.98593026
0.98744595
0.98086411
0.98343098
0.98557383
0.98548931
0.98615509
0.98455876
0.98070395
0.97957820
0.97854841
0.97627389
0.97896808
0.97531348
0.97301167
0.98230863
0.98505151
0.99022830
0.99075854
0.98743045
0.99036098
0.98755437
0.98535109
0.98582274
0.97739863
0.97948062
0.97293991
0.94760686
0.95690453
0.95922285
0.91993582
0.90153253
0.89098823
0.83240581
0.88403553
0.72574431
0.55547559
0.58776087
0.44877344
0.54702908
0.53220874
0.39360923
0.32539225
0.31291604
0.28386059
0.50351685
0.35716456
0.35750490
0.27030021
0.31947488
0.23838601
0.27957100
0.27633071
0.28838959
0.20479406
0.26466194
0.24129072
0.22212215
0.25683668
0.25465012
0.27080411
0.23848683
0.21901424
0.30580154
0.27930918
0.21388131
0.27651113
0.22241499
0.23033108
0.23868312
0.22916971
0.30597791
0.22392172
0.28883949
0.25926512
0.26262078
0.25517917
0.19326591
0.30447841
0.20751977
0.22343291
0.22103421
0.30888158
0.21273182
0.25097698
0.23007782
0.20150559
0.25236282
0.16596621
0.29501468
0.25954276
0.22759175
0.26974100
0.21951543
0.28979895
0.19545443
0.18827626
0.20260142
0.21059714
0.18970332
0.21258190
0.22206400
0.20571698
0.21993390
0.23870189
0.18793362
0.23423378
0.21675022
0.20277233
0.22512297
0.18900265
0.22031030
0.22695349
0.27450213
0.23763126
0.34160003
0.28961524
0.29496863
0.38734958
0.34770498
0.35458693
0.45401233
0.39181027
0.53689432
0.49119371
0.54368037
0.60520262
0.56856680
0.54526436
0.60094786
0.54638231
0.67969215
0.66605783
0.68824369
0.68777573
0.68196440
0.60512096
0.59597659
0.56128025
0.54015088
0.49718058
0.54277289
0.57565260
0.59325284
0.58938032
0.58850849
0.63713050
0.68047696
0.67636317
0.75540799
0.78696185
0.82347637
0.86896396
0.92150569
0.88866013
0.90787315
0.87381363
0.82652265
0.70855290
0.77419943
0.72533572
0.59267783
0.58837330
0.55401903
0.49749717
0.46351248
0.46709669
0.43663859
0.37234202
0.46765268
0.41895798
0.41332659
0.37206352
0.36471441
0.38869718
0.40684071
0.35068554
0.45257807
0.40233609
0.35208440
0.42696002
0.49066553
0.59227681
0.59181279
0.57228148
0.44227150
0.76671976
0.84551984
0.78351724
0.74684399
0.73339820
0.67132199
0.78702229
0.82810801
0.73042321
0.72948831
0.87864900
0.91903937
0.92775393
0.92539257
0.97275126
0.98066038
0.98566878
0.98648852
0.98472911
0.98725164
0.98998767
0.98789573
0.98707670
0.98711270
0.98894149
0.99254954
0.99269450
0.99278599
0.99534684
0.99607974
0.99504083
0.99486178
0.99507374
0.99408394
0.99417818
0.99287534
0.99321085
0.99382520
0.99384999
0.99320155
0.99229974
0.99254066
0.99185079
0.99315053
0.99136376
0.98857683
0.99130541
0.99159628
0.98930103
0.98858017
0.98876321
0.99010205
0.98970592
0.99067068
0.99141425
0.98993075
0.99023527
0.98945099
0.99002421
0.99089128
0.99126464
0.99071574
0.99216074
0.99046993
0.98890710
0.98860919
0.98779255
0.98417652
0.97554499
0.97368330
0.97826844
0.97109109
0.97556043
0.97465718
0.97439051
0.98310608
0.98383915
0.98642665
