1.00000000
1.00000000
1.00000000
1.00000000
1.00000000
1.00000000
1.00000000
1.00000000
1.00000000
1.00000000
1.00000000
1.00000000
1.00000000
1.00000000
1.00000000
1.00000000
1.00000000
1.00000000
1.00000000
1.00000000
1.00000000
1.00000000
1.00000000
1.00000000
1.00000000
1.00000000
1.00000000
1.00000000
1.00000000
1.00000000
1.00000000
1.00000000
1.00000000
1.00000000
1.00000000
1.00000000
1.00000000
1.00000000
1.00000000
1.00000000
1.00000000
1.00000000
1.00000000
1.00000000
1.00000000
1.00000000
1.00000000
1.00000000
1.00000000
1.00000000
1.00000000
1.00000000
1.00000000
1.00000000
1.00000000
1.00000000
1.00000000
1.00000000
1.00000000
1.00000000
1.00000000
1.00000000
1.00000000
0.97943830
0.97925401
0.97831190
0.97819656
0.97737235
0.97719550
0.97670949
0.97810900
0.97429413
0.97188270
0.97270852
0.97509527
0.97276455
0.97455716
0.97562826
0.97609520
0.97594339
0.97600842
0.97580713
0.97518176
0.97207683
0.97377408
0.97286308
0.97307712
0.97482502
0.97416025
0.97131807
0.97512203
0.97140360
0.97383648
0.97565496
0.97411376
0.97071224
0.96694571
0.96289384
0.96897429
0.97122699
0.97472328
0.97638625
0.97733748
0.97844678
0.97765106
0.97702652
0.97752619
0.97843528
0.97914815
0.97879070
0.97805572
0.97773451
0.97700727
0.97528696
0.97523654
0.97380972
0.97215962
0.97039223
0.96940619
0.96709031
0.96725053
0.96734303
0.96199399
0.96270502
0.95901906
0.96537745
0.97026998
0.97321981
0.97173160
0.97252917
0.96924239
0.97338516
0.97746736
0.97796905
0.97820038
0.97858757
0.97919512
0.97904599
0.97946703
0.98027027
0.97807640
0.97704470
0.97714382
0.97678578
0.97719759
0.97671527
0.97640604
0.97796029
0.97684473
0.97784525
0.97949457
0.97965240
0.98059821
0.97979271
0.97876179
0.98037887
0.97988588
0.97881776
0.97577989
0.97809315
0.97618866
0.97656208
0.97544539
0.97641557
0.97674596
0.97741199
0.97756588
0.97657180
0.97634476
0.97507769
0.97741377
0.97670990
0.97161782
0.97408807
0.97376043
0.97364843
0.97564542
0.97635061
0.97677034
0.97607666
0.97548586
0.97752339
0.97867143
0.97915190
0.97890991
0.97836292
0.97604066
0.97512573
0.97744173
0.97902852
0.97955668
0.98019224
0.97978354
0.97923046
0.97981936
0.98104632
0.98214865
0.97890955
0.97888410
0.97873014
0.97909832
0.97869498
0.97839200
0.97810429
0.97642720
0.97521859
0.97400022
0.97235280
0.97064924
0.97206521
0.97216427
0.97190553
0.97119272
0.97068673
0.97147602
0.97079885
0.97134393
0.96837068
0.97038943
0.97113615
0.97369313
0.97138244
0.97155297
0.97490931
0.97662920
0.97621232
0.97652781
0.97369891
0.97879732
0.98162901
0.98121041
0.98275971
0.98341805
0.98382759
0.98273104
0.98235142
0.98098558
0.98014587
0.98059970
0.98073936
0.98130381
0.98138463
0.98247683
0.97985256
0.98068845
0.98140520
0.98103529
0.98220670
0.98267359
0.98310190
0.98240924
0.98117697
0.98249865
0.98231101
0.98155761
0.98144770
0.98130655
0.98089510
0.97976184
0.98033673
0.98084348
0.98076642
0.97917819
0.97853935
0.97712415
0.97677815
0.97196150
0.97384793
0.97005916
0.97267818
0.97326702
0.96799839
0.96730453
0.97096425
0.97856241
0.97889096
0.97967005
0.97705805
0.97905833
0.98153967
0.97831434
0.98104089
0.98026443
0.97807842
0.97776604
0.97614008
0.97833920
0.98090345
0.98134941
0.97747225
0.97825080
0.97631705
0.97877401
0.97742850
0.98031199
0.98018634
0.98059285
0.97904462
0.97947717
0.97972691
0.97932988
0.97544777
0.97020179
0.97406799
0.97055042
0.97327912
0.97671950
0.97103643
0.97417194
0.97608280
0.97658783
0.97639424
0.97627831
0.98063397
0.98177058
0.98328066
0.97897959
0.97865444
0.98160845
0.98392808
0.98138326
0.98248035
0.98185319
0.98230690
0.98342544
0.97832584
0.97595131
0.98313898
0.98022890
0.97898930
0.98097080
0.98113924
0.97929400
0.98160249
0.98202997
0.98138589
0.98150188
0.98007637
0.98076069
0.97753578
0.97792852
0.98153967
0.98241341
0.98089051
0.98000813
0.98277068
0.98010767
0.98394603
0.98169255
0.98133951
0.98453701
0.98036695
0.98125952
0.98214644
0.98051476
0.98058838
0.98102415
0.98086160
0.97890157
0.97857589
0.97826654
0.97492212
0.97864145
0.97794306
0.97858846
0.97896886
0.97840357
0.97518200
0.97495031
0.97188389
0.96947151
0.97151619
0.97196883
0.96855348
0.96965009
0.97014654
0.97132641
0.97606069
0.97487271
0.97061950
0.97427094
0.96841723
0.97061419
0.96221042
0.97103846
0.97667515
0.97882152
0.97839171
0.97754854
0.97474277
0.97051805
0.96466529
0.97306699
0.97712654
0.96888036
0.97126007
0.97384179
0.95435733
0.97009259
0.96485806
0.96519011
0.96340597
0.94950759
0.96314913
0.95379913
0.95647627
0.96315676
0.95914024
0.95790559
0.95557874
0.95561582
0.95325774
0.96891755
0.96776193
0.96554536
0.96140462
0.95237464
0.96743804
0.96115357
0.96492875
0.95572484
0.97205114
0.96229231
0.96762109
0.96214616
0.96629715
0.96379393
0.96343541
0.96624660
0.96988958
0.97112840
0.96920455
0.97183788
0.96613520
0.97224551
0.97476715
0.97099113
0.97815233
0.97207934
0.97960347
0.97582698
0.97951883
0.97143936
0.97604114
0.98387593
0.98054439
0.97335309
0.98182988
0.97962701
0.97813052
0.98098779
0.97957832
0.98307192
0.98108160
0.98210299
0.98106658
0.97815120
0.97808379
0.98104298
0.98009241
0.97987843
0.98072219
0.97852933
0.97795278
0.97723973
0.97307914
0.97676700
0.97767681
0.97825706
0.97438353
0.97559208
0.97585833
0.97899753
0.97834516
0.98033410
0.97643185
0.97747588
0.97512460
0.97565633
0.97706485
0.97987640
0.97353655
0.97515249
0.97723091
0.98020899
0.97585344
0.97916222
0.97947901
0.97891724
0.97925603
0.97957146
0.97992104
0.97843790
0.98116356
0.98158413
0.98241788
0.97708225
0.97880942
0.97783339
0.97567594
0.97390342
0.97414172
0.96634835
0.96852446
0.96964508
0.97463733
0.96216846
0.96721250
0.95996749
0.96505064
0.96896446
0.96477437
0.96471578
0.96578205
0.96202511
0.95754433
0.96798742
0.96525794
0.96680105
0.95230681
0.95744681
0.96311694
0.95683581
0.95972043
0.96194744
0.95973182
0.96343505
0.95759219
0.95630509
0.95940393
0.95440966
0.96003497
0.95499659
0.95809627
0.95473683
0.95368731
0.96129137
0.96122074
0.96238756
0.95990163
0.96370810
0.96355468
0.96613020
0.96096122
0.96282500
0.96479899
0.96373361
0.96739691
0.96692085
0.97033405
0.96319401
0.96982789
0.97135872
0.97037035
0.96909940
0.97308594
0.97201771
0.97370738
0.97003931
0.97400302
0.96970785
0.97153455
0.96901959
0.97188693
0.97201949
0.97248656
0.97144747
0.96908486
0.97036642
0.97151047
0.97103161
0.97152358
0.97427148
0.97160858
0.97067767
0.95911479
0.97135913
0.96540958
0.97212338
0.96552527
0.96567643
0.97044748
0.96353102
0.96071279
0.96592361
0.95968068
0.96387279
0.96129477
0.93773741
0.95963621
0.95270246
0.95447814
0.94309878
0.94842333
0.93353820
0.94937390
0.94993079
0.93787783
0.94975668
0.94934261
0.93229288
0.94990176
0.95254701
0.94403148
0.94303250
0.93703866
0.93331009
0.93054312
0.92389661
0.92802906
0.92067450
0.91757798
0.92686445
0.93025738
0.92711288
0.91539025
0.90647066
0.92760855
0.91602540
0.93883079
0.92292535
0.93456638
0.93857563
0.94395459
0.93961149
0.93552828
0.94535899
0.93106312
0.93745136
0.91365218
0.91534281
0.93091166
0.92927921
0.93949109
0.94269657
0.92729396
0.92929065
0.94245285
0.91800523
0.94290650
0.93587732
0.93815070
0.93554646
0.93292958
0.91455144
0.92435259
0.92321259
0.92365807
0.92945629
0.93807286
0.93574131
0.92747706
0.94633502
0.93917418
0.91881156
0.92901850
0.92566240
0.93697733
0.91844696
0.93654162
0.93518704
0.93340844
0.92441219
0.93360424
0.92475182
0.93348968
0.91510797
0.93063807
0.92430055
0.93189692
0.90695870
0.92569977
0.91089433
0.93337208
0.90989542
0.92729753
0.94228262
0.93030256
0.90805316
0.91961747
0.92237121
0.91708833
0.92546660
0.92008883
0.91351336
0.92685336
0.91481924
0.91885626
0.93339026
0.92814296
0.91941112
0.93445915
0.93957812
0.92893201
0.91859072
0.93360269
0.93242842
0.92971539
0.91627365
0.92950457
0.90678221
0.90578008
0.90253979
0.84091741
0.81412822
0.79593247
0.76190561
0.75601125
0.65276676
0.74068129
0.65306664
0.60686773
0.66870666
0.59788018
0.59244663
0.55851591
0.59243971
0.53878170
0.52700418
0.57950562
0.52092099
0.52459162
0.47297829
0.39516675
0.36577713
0.33913058
0.33700898
0.31102496
0.30233788
0.27526081
0.24566285
0.27202284
0.26427990
0.23846398
0.26391491
0.23605277
0.19023700
0.19284086
0.16150559
0.17153278
0.15281805
0.17921945
0.16340801
0.19490916
0.18671161
0.16268393
0.19790252
0.19939655
0.17443566
0.17152329
0.17063239
0.14466137
0.17286853
0.19806603
0.21050192
0.18975399
0.19581139
0.20605414
0.17515409
0.19291179
0.20931382
0.19787663
0.19950669
0.17976211
0.21098262
0.20211372
0.18704672
0.16477458
0.15182434
0.13408065
0.15036558
0.12788504
0.15421622
0.16399379
0.14172263
0.14010711
0.14676364
0.15036337
0.18489768
0.18653047
0.19197942
0.20303251
0.20712820
0.18358107
0.18301247
0.18273394
0.18574613
0.19964609
0.20218267
0.18617091
0.19275302
0.20548762
0.20937496
0.17760287
0.19199190
0.18465288
0.20046267
0.18997474
0.19221386
0.17991099
0.18405485
0.20401339
0.19215867
0.18918461
0.18524534
0.20421515
0.18150987
0.18115078
0.19214128
0.21169741
0.18059608
0.19700894
0.18949102
0.18163687
0.17201984
0.16915138
0.15883593
0.16408165
0.16339670
0.15275025
0.16070662
0.15866126
0.17024307
0.15672715
0.15156576
0.15333728
0.15389535
0.15017927
0.14693946
0.14294946
0.14740820
0.14665590
0.14656541
0.14763211
0.15225682
0.14651637
0.14898024
0.15494858
0.15659952
0.16416414
0.16296881
0.16543844
0.16210414
0.16382116
0.16324416
0.16459735
0.16491464
0.17447621
0.16651912
0.17061076
0.16636331
0.15414883
0.17433652
0.17932637
0.16481289
0.17521109
0.17206930
0.16875206
0.16267081
0.17717169
0.22204463
0.16449256
0.16238241
0.20420069
0.16891479
0.15987487
0.15664168
0.17036279
0.17257442
0.19842526
0.17949916
0.16433193
0.17220521
0.15703118
0.17362651
0.19035910
0.18190813
0.15687071
0.15682790
0.16334276
0.15557492
0.14318746
0.15450273
0.15239613
0.15207925
0.17764693
0.17564692
0.15735073
0.16166313
0.18110172
0.18253922
0.17385572
0.17911741
0.16172089
0.16138393
0.18037911
0.18303078
0.18823890
0.18639782
0.18074591
0.16129953
0.15916358
0.15477662
0.16449395
0.18400513
0.20854053
0.18191049
0.16789158
0.18426301
0.18204600
0.18438819
0.18960397
0.19152400
0.18824135
0.18638340
0.17107233
0.19206654
0.20767882
0.20041126
0.20601925
0.20406382
0.20395863
0.19477344
0.20296122
0.19294041
0.18633778
0.17710939
0.16737223
0.16400132
0.15627451
0.16265771
0.16664754
0.16124700
0.14900294
0.16341650
0.16902877
0.16973671
0.16916075
0.17342085
0.17420448
0.16349278
0.15555206
0.16203439
0.16046514
0.15363029
0.14794412
0.15006146
0.14213590
0.13550113
0.13679515
0.14364226
0.14849573
0.14441660
0.15155673
0.15981188
0.17364016
0.18676963
0.19749080
0.21257079
0.21195637
0.20051689
0.20044252
0.20544083
0.20776926
0.19943412
0.20365775
0.20897955
0.21556847
0.22334722
0.23019779
0.24277909
0.23881324
0.27340791
0.25274286
0.23786224
0.24723953
0.25520959
0.23472512
0.28351310
0.32332850
0.36639431
0.38203391
0.44648802
0.50919533
0.61902410
0.67745924
0.79837883
0.88181871
0.93863636
0.96029490
0.96897620
0.97165787
0.97491270
0.97667855
0.97396243
0.97414327
0.97361124
0.97455513
0.97306347
0.97342390
0.96882278
0.97129524
0.97103024
0.96921891
0.96981603
0.96672338
0.96118706
0.95494038
0.95943928
0.95938027
0.95816892
0.95966244
0.96049553
0.95622867
0.96330917
0.96296161
0.95499271
0.95671356
0.94591033
0.95690149
0.96023488
0.96004605
0.96259367
0.96303290
0.96404845
0.96640098
0.96898144
0.96952373
0.96699435
0.96227837
0.96830422
0.97358048
0.96895349
0.96974397
0.97027558
0.97055256
0.97054648
0.96675837
0.96008223
0.95972335
0.96098971
0.95932418
0.96712619
0.95841259
0.96209317
0.95906109
0.96575993
0.96711719
0.96093470
0.97068000
0.97418231
0.97310883
0.97398233
0.97471267
0.97195202
0.96749538
0.97101766
0.97123665
0.97327751
0.97159868
0.97272509
0.97421378
0.97071493
0.96683371
0.96708560
0.96958959
0.97269011
0.97014946
0.96406078
0.96849871
0.96464133
0.95825505
0.96684355
0.96584940
0.95141113
0.94074351
0.94559097
0.93182021
0.91336262
0.91972798
0.92264664
0.91322929
0.92042339
0.90734249
0.89268935
0.88077086
0.87108648
0.87816232
0.86640066
0.87064964
0.86424506
0.80803925
0.73760670
0.74986082
0.71187025
0.73059964
0.67997557
0.52625501
0.62760156
0.67021328
0.59630722
0.66332883
0.68224084
0.58110398
0.61431330
0.46632850
0.31378034
0.25805864
0.22285654
0.22562882
0.21681748
0.20232078
0.17125860
0.16740541
0.15279797
0.14465936
0.14983599
0.13694310
0.11566531
0.10272073
0.09619411
0.08162248
0.07583693
0.07692150
0.07377927
0.07229890
0.07052696
0.07191798
0.07265516
0.07235387
0.07150409
0.07040954
0.07074167
0.08222920
0.07102329
0.06930062
0.06885329
0.06981170
0.06841990
0.06759225
0.06285625
0.06569315
0.06193271
0.07027464
0.07044303
0.07381266
0.07945976
0.08110075
0.07650217
0.08345909
0.07819619
0.07942814
0.07668858
0.07169555
0.06589613
0.06294350
0.05980055
0.05779874
0.04383678
0.04088594
0.04037730
0.03955130
0.04199622
0.04040335
0.04527858
0.04010392
0.05548757
0.04705465
0.04192162
0.05093798
0.06234856
0.05306052
0.05386062
0.06061409
0.06440708
0.05553688
0.05960525
0.05737868
0.05130930
0.05571699
0.05208340
0.05977969
0.05761369
0.04456387
0.04866893
0.05913525
0.05563312
0.05262175
0.05548998
0.05178105
0.06822319
0.05733468
0.06545650
0.05755962
0.04892286
0.05777229
0.05506555
0.04432116
0.04772651
0.05222872
0.04515890
0.05121404
0.03878670
0.04712630
0.04711061
0.04540513
0.05170159
0.05092299
0.05119389
0.04637219
0.04580818
0.04904445
0.03210882
0.04338460
0.03792749
0.03372488
0.03388013
0.03509363
0.03731969
0.02986961
0.04045280
0.03089271
0.03546556
0.03868823
0.03066068
0.03177478
0.02725263
0.02825405
0.02749695
0.03007286
0.02775607
0.02775589
0.02803214
0.03067879
0.03992594
0.03705056
0.03360990
0.04628078
0.03996099
0.05139035
0.04158883
0.05679031
0.05722253
0.05258789
0.06657311
0.07686687
0.07929717
0.07935794
0.08471081
0.09109084
0.10581137
0.15052542
0.12942539
0.20856126
0.23278446
0.26866582
0.27698284
0.30218986
0.26502126
0.27471647
0.21989556
0.24003713
0.31716046
0.34972316
0.41786087
0.38939053
0.37506384
0.32743296
0.32269865
0.33421692
0.46515000
0.46682987
0.39246008
0.45094281
0.45694739
0.49201784
0.49333522
0.47285625
0.48505741
0.44274664
0.51656741
0.48441038
0.53700346
0.53430903
0.58408540
0.58535033
0.48597586
0.45270708
0.52089763
0.54876488
0.53700459
0.56016165
0.57239652
0.49711648
0.61775231
0.58266711
0.56005424
0.54497313
0.43618584
0.42992380
0.53873390
0.53464377
0.62710345
0.69116575
0.62425125
0.63451731
0.67409045
0.60620880
0.61127585
0.61320585
0.61132616
0.71354574
0.62714505
0.70121652
0.67996210
0.69885743
0.74887180
0.70705450
0.77982080
0.83386749
0.81657428
0.75665462
0.78891438
0.77678329
0.80346018
0.75748008
0.81057256
0.70333207
0.80327553
0.81510079
0.76794577
0.77918577
0.76678640
0.85800457
0.82112545
0.81212407
0.75558639
0.77428281
0.78727716
0.80037928
0.80328614
0.75920928
0.78754342
0.79070902
0.78972656
0.78145105
0.74478137
0.83041155
0.80032384
0.81822020
0.82527214
0.85178405
0.84571677
0.86915648
0.79219645
0.79523486
0.80146855
0.78373832
0.75959396
0.71675110
0.77325642
0.72371489
0.72903264
0.75986522
0.75644296
0.73423368
0.76531410
0.77354246
0.76099950
0.79978848
0.81245357
0.84725070
0.79905826
0.80295378
0.82842773
0.81806463
0.81355917
0.83207941
0.81050426
0.82879263
0.81514776
0.76198465
0.75733352
0.74159741
0.76636744
0.61167717
0.69362468
0.71034259
0.74279124
0.65696692
0.73562717
0.75123829
0.69365704
0.76777905
0.74381298
0.73088294
0.73389125
0.65483248
0.61865425
0.68813848
0.68289149
0.72830516
0.79574037
0.79991341
0.84182554
0.81970853
0.79815567
0.85206294
0.81485039
0.76187986
0.79863322
0.74922341
0.82936621
0.70212984
0.79695684
0.80836499
0.84728140
0.81943345
0.82008994
0.85195416
0.81498134
0.87328702
0.90588486
0.90459484
0.92409551
0.91172487
0.92229319
0.90409231
0.89885002
0.90909958
0.92255175
0.92558444
0.90940744
0.93948877
0.94065511
0.95593119
0.96052527
0.94695151
0.95458764
0.94774216
0.95144469
0.93125200
0.94377506
0.95636898
0.94404072
0.94643998
0.95220423
0.95037174
0.95736790
0.95208031
0.95979154
0.96132684
0.95586163
0.96731532
0.96422601
0.96484238
0.96717852
0.96447158
0.97145241
0.96871287
0.97550732
0.97078818
0.96810395
0.97594064
0.97830814
0.97673428
0.97792244
0.97947329
0.97742349
0.97795838
0.97631705
0.97403210
0.97775465
0.98015368
0.97796774
0.97677147
0.97958004
0.97808707
0.97887117
0.97845387
0.97791934
0.97939610
0.97640330
0.97864509
0.97853571
0.97686964
0.97478467
0.97182918
0.97507370
0.97254682
0.97348523
0.97598946
0.97034943
0.97473776
0.97008789
0.97612393
0.97673208
0.97897035
0.97797948
0.97680855
0.97925180
0.97541034
0.97892201
0.98205525
0.97646320
0.97963035
0.97873563
0.97968125
0.97914106
0.98108804
0.98148775
0.97971171
0.97885281
0.98082489
0.97893161
0.98044878
0.98083097
0.97646528
0.97870034
0.97765768
0.97887188
0.97803324
0.97758651
0.97638309
0.97308695
0.97600323
0.97839636
0.97452456
0.97406524
0.97694880
0.97112387
0.97416329
0.96729004
0.97034711
0.96736419
0.97453982
0.97263271
0.97408956
0.96980703
0.97238874
0.97001028
0.97527224
0.96930671
0.96477461
0.97388995
0.96867931
0.97446692
0.97111613
0.97675949
0.97343928
0.97397667
0.97534126
0.97755843
0.97650278
0.97861058
0.97472590
0.97638988
0.97333103
0.97057533
0.97386861
0.97192717
0.97434616
0.97751343
0.96843767
0.97487986
0.97221375
0.96800160
0.97191745
0.97261751
0.96406531
0.96992612
0.96481907
0.96589869
0.96248156
0.96345854
0.96576726
0.96805602
0.95555454
0.96805233
0.96696991
0.96957278
0.96937013
0.96465588
0.96768481
0.97319645
0.97537506
0.97609383
0.97499192
0.97190744
0.96750677
0.97115213
0.96943778
0.97425824
0.97495985
0.97490203
0.97483599
0.97420698
0.97958010
0.97680295
0.96966112
0.97368705
0.97449130
0.97750741
0.97491246
0.97094190
0.97300071
0.97623807
0.97286564
0.97135079
0.97436947
0.96355075
0.96951818
0.96715283
0.96763444
0.97289342
0.97115636
0.96251279
0.96939790
0.96348608
0.96443820
0.97263747
0.97664487
0.97560352
0.97486138
0.97664624
0.97059590
0.97586036
0.97261840
0.97517121
0.97162914
0.97297275
0.97424978
0.97502428
0.96981657
0.96726573
0.95982778
0.97027558
0.96661448
0.96525764
0.96329522
0.96757990
0.96934509
0.96594483
0.97000062
0.96734667
0.96832186
0.97498566
0.96674234
0.96436322
0.96316439
0.96161634
0.96419072
0.97250992
0.97200733
0.96993095
0.97279990
0.97341692
0.97491008
0.97316462
0.97229099
0.97272664
0.96827102
0.96920145
0.96646565
0.97383195
0.97754169
0.97208959
0.97079301
0.97536939
0.97157574
0.97501278
0.97113222
0.97192353
0.97099847
0.97341329
0.97134012
0.97085685
0.97072124
0.96590668
0.96940607
0.96874028
0.97235233
0.96864587
0.96894240
0.96867955
0.97140157
0.96932566
0.96747810
0.96764833
0.96872294
0.96632487
0.96718609
0.96673387
0.96595484
0.96475285
0.96233767
0.96403509
0.96400195
0.96337932
0.96554440
0.96344006
0.96433407
0.96286887
0.96683091
0.96741807
0.96836352
0.96519876
0.96449226
0.96336603
0.96200341
0.95197308
0.94207174
0.94173086
0.94013137
0.94232178
0.94510627
0.93359286
0.94856167
0.94682199
0.94713348
0.93174374
0.94349134
0.92271888
0.93995166
0.93858898
0.94131976
0.93434060
0.91998607
0.93534404
0.93599260
0.94330019
0.94995952
0.93681228
0.94118673
0.94292194
0.94724184
0.95525140
0.95265496
0.95179141
0.96353400
0.96622169
0.96668243
0.97092098
0.96940380
0.96929395
0.96727985
0.96921903
0.96555316
0.96922034
0.97018552
0.96543646
0.95744956
0.96205020
0.96416450
0.96752119
0.96808809
0.97126073
0.97256809
0.97152394
0.97262573
0.97031862
0.96979707
0.97350895
0.97181070
0.97197819
0.97035730
0.97033644
0.96859229
0.96831214
0.96688545
0.97045118
0.97239041
0.97022164
0.97301573
0.96931344
0.97013861
0.96883732
0.97140461
0.97301966
0.97090685
0.96750021
0.97419161
0.97247386
0.97072810
0.97079605
0.97079581
0.96750122
0.96702355
0.96789682
0.96779466
0.97129613
0.97206402
0.97108030
0.96995711
0.96698284
0.96732080
0.96225399
0.95826513
0.95709515
0.94925821
0.94750357
0.94083595
0.95299315
0.95219862
0.95704168
0.96108276
0.96803713
0.97100002
0.97350037
0.97703391
0.98054713
0.98132837
0.97812122
0.97605032
0.97934008
0.97668332
0.97610897
0.97901917
0.97626209
0.97201961
0.97734845
0.97783023
0.97711426
0.97709572
0.97529572
0.97525239
0.97439337
0.97639537
0.97362107
0.97252041
0.97097653
0.96116096
0.97055030
0.96978968
0.97425306
0.97586387
0.97861594
0.97688907
0.97961146
0.97937143
0.98200756
0.98319238
0.98270422
0.98142928
0.98344374
0.98255104
0.97969967
0.98143691
0.98073888
0.98081034
0.97995043
0.97954720
0.97835195
0.97958767
0.97754842
0.97494894
0.97812665
0.97878426
0.97860068
0.97559822
0.97629911
0.97756791
0.97983474
0.98091060
0.97933745
0.97849804
0.97907615
0.97948837
0.97975874
0.98055547
0.98110837
0.97695833
0.97911626
0.97800487
0.98042542
0.98056662
0.97879744
0.97991151
0.97997141
0.97590989
0.97694767
0.97977209
0.97877318
0.98054492
0.97004175
0.96838880
0.97390521
0.97400868
0.97510648
0.97345442
0.97556847
0.97587514
0.97229803
0.97094190
0.97610474
0.97542542
0.97047764
0.97348130
0.96844304
0.97324377
0.97438067
0.97374368
0.97241491
0.97418821
0.97553617
0.97353923
0.97342664
0.97217464
0.97235602
0.96568877
0.96981847
0.96619028
0.97061700
0.96476597
0.95838088
0.95852751
0.96859848
0.97325492
0.97064543
0.97454208
0.97289306
0.97336960
0.97296518
0.97109556
0.96938133
0.96643996
0.96345556
0.96312577
0.95596379
0.95825100
0.95169693
0.93527359
0.93803406
0.93115336
0.94688046
0.95486939
0.96331900
0.96829134
0.96682048
0.97133416
0.97348166
0.97178280
0.97038245
0.97186929
0.97160983
0.97208697
0.97065967
0.97211862
0.97335231
0.97244400
0.97286421
0.97308218
0.97221237
0.97316700
0.97295231
0.97196341
0.97239429
0.97086626
0.97266406
0.97233069
0.97207355
0.97136241
0.97222590
0.97167462
0.97212380
0.97165436
0.97236902
0.97131604
0.97112536
0.97054636
0.97059309
0.97069955
0.96943319
0.97008634
0.96829534
0.96822685
0.96856761
0.96728659
0.96919101
0.96663719
0.94311619
0.93759918
0.89977407
0.90733051
0.87705606
0.85813379
0.79534900
0.80854559
0.82959980
0.82962322
0.83860701
0.83572793
0.80589092
0.81104630
0.79342103
0.74423516
0.77753836
0.71553791
0.74090493
0.71744168
0.59873211
0.73105371
0.74945396
0.83819687
0.73645687
0.76066667
0.77445847
0.66671079
0.70382738
0.60595435
0.52394241
0.37920761
0.46292406
0.43836048
0.38333720
0.35638586
0.36606440
0.35723397
0.29368421
0.27658892
0.29565835
0.27925080
0.24694902
0.24810603
0.21803541
0.18301548
0.18193500
0.13735214
0.22140989
0.17465420
0.18832999
0.18874775
0.19500761
0.14919756
0.31436333
0.18260594
0.22011063
0.26607651
0.23142469
0.24124734
0.23934653
0.32933894
0.26179579
0.26823345
0.29964906
0.22757646
0.24756870
0.28375974
0.16956666
0.21780287
0.23467158
0.13654046
0.21236537
0.19008841
0.22081991
0.26084280
0.16675918
0.15900679
0.24800672
0.14679074
0.13589424
0.12470876
0.08797430
0.07998800
0.10962909
0.09195863
0.12591510
0.13505989
0.14530909
0.19546281
0.26387191
0.12884623
0.14855389
0.13838011
0.14628424
0.11193942
0.11899376
0.11547627
0.10214974
0.09928574
0.13027345
0.14760306
0.10062302
0.13248596
0.11024625
0.08907637
0.08031509
0.08766424
0.07149206
0.07222150
0.11836628
0.08981045
0.10675153
0.13273484
0.09665384
0.09329340
0.09096656
0.08137041
0.07300843
0.06698777
0.05861013
0.05664190
0.04421092
0.04455986
0.05507934
0.04557059
0.04518962
0.06112349
0.05034073
0.05335861
0.03883979
0.04275887
0.03577708
0.04099817
0.03055838
0.03181086
0.02743116
0.02693860
0.02522541
0.02363937
0.02523602
0.02986113
0.03074541
0.02721721
0.02734099
0.02763105
0.02940101
0.02524644
0.02960152
0.02746282
0.02855957
0.02933577
0.03732172
0.02946573
0.02428289
0.04038585
0.03393531
0.03593746
0.02998759
0.03226931
0.03386840
0.04024979
0.04721848
0.04864144
0.05090432
0.04348060
0.04260205
0.04387182
0.05954810
0.04430493
0.04009693
0.04844126
0.03857279
0.04064341
0.04009814
0.03118464
0.05053768
0.04333414
0.03848035
0.03318035
0.04389949
0.03141129
0.03767307
0.03694192
0.02931551
0.04130351
0.04151590
0.02956381
0.03774406
0.04312162
0.03681014
0.04194293
0.03876281
0.03719132
0.04794983
0.04451335
0.04457371
0.03738889
0.03808790
0.03649919
0.03762222
0.03778074
0.03456521
0.03865107
0.03061225
0.02995877
0.04251164
0.03859571
0.03493024
0.03808026
0.03662141
0.04418709
0.03797051
0.04782110
0.03345100
0.03565877
0.03272900
0.03680372
0.03364564
0.03671515
0.03262672
0.03476860
0.02923299
0.03673543
0.03027617
0.03116103
0.03323223
0.03255922
0.03098091
0.02883488
0.04268802
0.03762410
0.04055838
0.03269437
0.02859206
0.03789471
0.04260040
0.03481077
0.03563730
0.03880360
0.03102357
0.03723374
0.03687793
0.03588413
0.02286207
0.03973129
0.03721628
0.03528902
0.03474208
0.03217108
0.03344496
0.02351687
0.03907651
0.02759076
0.02658208
0.02930068
0.03230436
0.02888538
0.03152707
0.03184098
0.02582952
0.03128711
0.03343330
0.03257024
0.03952866
0.03394004
0.03000875
0.03553027
0.03028913
0.03608142
0.03098088
0.03428342
0.03121608
0.03532893
0.03120267
0.02861425
0.03796811
0.02752977
0.03197056
0.03407410
0.03375199
0.03529811
0.03284213
0.03624836
0.02683339
0.03001172
0.03631495
0.02830351
0.03124335
0.02874113
0.03182176
0.03096180
0.02893142
0.03014365
0.03797267
0.02789022
0.02804925
0.03275887
0.03609782
0.03501450
0.03282389
0.03149744
0.03708440
0.03594288
0.03852006
0.03058310
0.03316442
0.04111896
0.04201681
0.04182572
0.03452344
0.03108451
0.03533861
0.03878810
0.03572823
0.04323841
0.05242632
0.04230826
0.03919747
0.03959236
0.03853368
0.04586346
0.03326586
0.04490625
0.04715649
0.03812460
0.02785151
0.03904985
0.03514210
0.03106266
0.03641890
0.04297389
0.03092615
0.03520293
0.03140863
0.02763845
0.03141002
0.02608053
0.02530897
0.02493790
0.02811739
0.02658353
0.02523166
0.03395706
0.02921155
0.03069292
0.02156398
0.02434948
0.02559126
0.02475752
0.02231645
0.02413428
0.02383822
0.02390986
0.02831354
0.02673598
0.02320112
0.02614551
0.02665397
0.02484643
0.03039440
0.03052521
0.03147030
0.02827473
0.02520531
0.03307850
0.02981422
0.02939930
0.03603692
0.03285237
0.03081522
0.03386717
0.03048725
0.03008878
0.03941083
0.03841204
0.03939268
0.03345083
0.04645633
0.04719884
0.04933728
0.06142790
0.05030062
0.04429761
0.04622504
0.04478677
0.05021595
0.05104262
0.05228671
0.04784383
0.04065784
0.04190692
0.04102583
0.03465541
0.03101448
0.03425895
0.04202173
0.03639755
0.03445709
0.03946602
0.04062181
0.03910374
0.03740905
0.03322345
0.03663960
0.03493770
0.02998524
0.03704622
0.03708126
0.03730977
0.03435349
0.03913037
0.03791007
0.03892637
0.04287837
0.03310494
0.03976408
0.03674179
0.04723801
0.04867142
0.06444827
0.05115374
0.04118518
0.04479320
0.04297591
0.05031428
0.03784012
0.03917927
0.03824175
0.03561439
0.03726565
0.03803692
0.03335996
0.03710262
0.03498658
0.03539734
0.03810343
0.03421586
0.03459499
0.03329613
0.02959357
0.03110724
0.02817619
0.03186239
0.02608981
0.02486745
0.03114041
0.03019727
0.03411806
0.02786691
0.03000523
0.02934409
0.02825711
0.03028590
0.03432795
0.03417497
0.03719494
0.04452258
0.04653054
0.04553655
0.04879197
0.04575456
0.04660510
0.05159950
0.05127143
0.05095895
0.06792131
0.08094751
0.07556564
0.09511150
0.10077707
0.11632659
0.12992862
0.13278918
0.13238396
0.14463021
0.14387494
0.13475008
0.12749000
0.14804202
0.15531939
0.16431150
0.17345905
0.24878635
0.30937421
0.28627226
0.28524941
0.40869081
0.42156613
0.57570589
0.49403083
0.58699560
0.54042536
0.68219936
0.79616004
0.74724525
0.75302911
0.77688110
0.84410065
0.85198224
0.86998737
0.84939158
0.92083055
0.92817736
0.94290274
0.93423808
0.94838268
0.95633727
0.96616113
0.95676243
0.96750265
0.96410185
0.96911401
0.97168005
0.97483271
0.96576995
0.97460324
0.97222465
0.97214431
0.97224492
0.96418655
0.96916324
0.96951854
0.96859747
0.97152495
0.97529459
0.97349632
0.96972811
0.97021413
0.97331280
0.97801948
0.97888207
0.97503442
0.97553217
0.97337180
0.97666967
0.97461319
0.97743076
0.97814745
0.97381818
0.97661728
0.97527617
0.97533393
0.97264814
0.97538209
0.97415835
0.97447282
0.97423393
0.97216457
0.97673094
0.97942537
0.97859097
0.98067665
0.98111409
0.97802907
0.97696006
0.97911191
0.98022103
0.97914118
0.97387391
0.97888619
0.98047352
0.97964615
0.97888523
0.98176414
0.97688156
0.98071772
0.98001593
0.98068768
0.97719973
0.97909492
0.97924554
0.97286528
0.97809464
0.97898442
0.98155928
0.98162031
0.98123050
0.98039275
0.98068857
0.98359644
0.98243988
0.98185319
0.98235840
0.98234367
0.98210919
0.98014188
0.98232138
0.98349357
0.98301029
0.98370969
0.98169827
0.98173267
0.98267853
0.98382574
0.98109931
0.98161113
0.98185593
0.98147166
0.98047745
0.98095244
0.98209423
0.98104000
0.97802645
0.97852135
0.97748888
0.98050725
0.97933263
0.97811699
0.97553092
0.97633857
0.97490591
0.97512668
0.97688657
0.97532493
0.97511363
0.97764319
0.97843426
0.97829676
0.97565877
0.97583038
0.97670525
0.97502577
0.97568458
0.97440255
0.97322625
0.97473484
0.96875966
0.97116244
0.96972424
0.96590239
0.96749550
0.96347225
0.96829277
0.96869856
0.96866971
0.96231592
0.96764719
0.97483903
0.97719795
0.97648346
0.97075933
0.97463471
0.97361833
0.97653461
0.97734082
0.97345114
0.97501707
0.97679603
0.97755188
0.98036432
0.98125112
0.98116297
0.98035139
0.98313934
0.98282880
0.98278344
0.98109871
0.98218590
0.98290145
0.98302346
0.98156089
0.97963536
0.97623175
0.98095465
0.98119801
0.98004913
0.97811937
0.98076284
0.97920036
0.98005396
0.97954613
0.97883838
0.97618502
0.97950554
0.97772741
0.97803545
0.97728157
0.97337604
0.97356582
0.97096753
0.96038008
0.95958668
0.93780231
0.93733203
0.93584681
0.91610253
0.93101746
0.93153483
0.93432760
0.88774031
0.90281814
0.87137973
0.90307504
0.88274515
0.88458610
0.88351440
0.85813046
0.85646093
0.82039499
0.78267360
0.80456060
0.82103246
0.75889289
0.77513993
0.75982279
0.75807405
0.71131372
0.78843129
0.82466477
0.79969549
0.82932967
0.85442841
0.86695296
0.88118029
0.86677635
0.82922858
0.81905270
0.81631267
0.77750826
0.69423121
0.68840516
0.61981750
0.60870171
0.60776705
0.60208124
0.46559301
0.41843244
0.36206305
0.36089510
0.36682931
0.36389092
0.28816530
0.26352784
0.24764112
0.27067754
0.22615758
0.26194754
0.23836446
0.18824580
0.16368294
0.15300447
0.15313528
0.12708436
0.13196117
0.12874736
0.17009048
0.15522593
0.13965178
0.14913696
0.16604207
0.15984072
0.14549312
0.11987751
0.16998366
0.13693132
0.15339077
0.12707728
0.15426649
0.14701524
0.17204158
0.17282838
0.17109711
0.13775048
0.16512109
0.16726881
0.17322020
0.19800007
0.24255973
0.22646613
0.19808058
0.17935972
0.20140935
0.10315268
0.14855801
0.18176249
0.11532063
0.10908967
0.12913530
0.10174996
0.16199398
0.13268821
0.10771386
0.15355442
0.16153748
0.14284673
0.18444289
0.19175519
0.16331856
0.13216697
0.22864136
0.22951816
0.20622820
0.20924023
0.16320363
0.19121067
0.16491826
0.20570284
0.32998374
0.27479059
0.24135008
0.22667025
0.20159705
0.21941671
0.23743457
0.19773288
0.28586635
0.18539949
0.27060157
0.30091634
0.19773285
0.24013239
0.24330400
0.21433388
0.22202949
0.27396429
0.31279963
0.22534707
0.30306315
0.47774622
0.33585054
0.52661818
0.66172403
0.47945830
0.40223747
0.38001412
0.45954475
0.44661200
0.33362639
0.55488050
0.44125673
0.34774014
0.50471509
0.61495942
0.70645446
0.79109585
0.79865879
0.86217105
0.86821353
0.86337298
0.87805891
0.87842304
0.84593624
0.87341702
0.90000534
0.90149504
0.90068990
0.92223233
0.89619237
0.91132754
0.91347748
0.89781994
0.90057671
0.88042665
0.91103047
0.88042355
0.91065574
0.89773864
0.93433654
0.92133695
0.91175795
0.92316800
0.92862290
0.91584867
0.91916335
0.91487503
0.91807353
0.91494226
0.91377091
0.91239321
0.88880384
0.90165406
0.90747577
0.91825086
0.91177452
0.90843177
0.90152007
0.88881618
0.89609998
0.90501094
0.90200627
0.92886513
0.95047617
0.94641244
0.95316935
0.95475465
0.95310688
0.95836490
0.95649266
0.95671540
0.95216024
0.95160151
0.95736182
0.95100349
0.95393234
0.95413685
0.94781744
0.95470303
0.94713521
0.94936973
0.95488048
0.94710088
0.93828118
0.94774753
0.94586968
0.94523054
0.92433363
0.93926513
0.94495451
0.93839020
0.93097818
0.93370497
0.93131638
0.90845537
0.91102755
0.91407073
0.92137802
0.92570162
0.92459977
0.92010587
0.90420401
0.91572523
0.91233003
0.91512632
0.89210832
0.93085349
0.93087274
0.94639927
0.96193498
0.97116077
0.97441179
0.98046768
0.98094922
0.98389143
0.98482829
0.98456222
0.98429698
0.98489714
0.98494500
0.98437577
0.98480737
0.98501760
0.98419338
0.98334354
0.98381907
0.98256463
0.98226744
0.98169184
0.98108393
0.97936237
0.98107040
0.98066372
0.97994000
0.97976148
0.98009288
0.97989070
0.98080450
0.98028278
0.97922528
0.98007214
0.97936922
0.97838885
0.97758156
0.97763705
0.97839123
0.97695106
0.97619814
0.97492516
0.97468424
0.97409672
0.97425145
0.97422564
0.97435647
0.97444475
0.97437221
0.97231805
0.97108185
0.97301948
0.97186702
0.97022432
0.97295344
0.97321373
0.97092652
0.97068191
0.97318429
0.97359663
0.97637254
0.97760803
0.97365981
0.97159183
0.97240126
0.97150034
0.97153562
0.97216785
0.97312260
0.97559571
0.97622275
0.97784311
0.97622573
0.97709686
0.97759801
0.97979087
0.97990674
0.97897846
0.97917694
0.97915626
0.97930521
0.97943944
0.97837353
0.97774965
0.97682172
0.97521341
0.97397059
0.97216570
0.97218925
0.97185779
0.97199482
0.97268653
0.97340006
0.97295392
0.97436994
0.97373986
0.97493321
0.97490048
0.97514606
0.97566241
0.97671366
0.97625434
0.97678542
0.97646660
0.97677135
0.97647172
0.97594595
0.97562772
0.97382212
0.97230744
0.97309995
0.97314304
0.97204870
0.97307152
0.97361463
0.97821116
0.97894740
0.97832608
0.97827989
0.97743213
0.97816205
0.97920108
0.97823846
0.97873777
0.97706610
0.97759378
0.97993684
0.98004490
0.98063368
0.98087114
0.98014945
0.97996461
0.97810125
0.97972679
0.97947925
0.97835618
0.97873759
0.97823572
0.97852910
0.97692937
0.97565746
0.97820413
0.97818464
0.97700465
0.97778624
0.97891325
0.97774374
0.97720850
0.97786170
0.97813910
0.97806609
0.97746992
0.97800350
0.97830510
0.97840381
0.97587115
0.97508460
0.97410655
0.97252268
0.97494984
0.97512847
0.97580636
0.97545993
0.97494853
0.97564608
0.97609121
0.97417182
0.97547817
0.97803819
0.97784710
0.97792196
0.97630346
0.97733247
0.97755915
0.97764617
0.97705054
0.97704315
0.97736436
0.97685641
0.97654611
0.97577208
0.97457576
0.97577250
0.97505867
0.97748953
0.97749889
0.97531658
0.97439188
0.97529727
0.97412586
0.97876507
0.97637379
0.97154295
0.97017157
0.96850049
0.97068530
0.97191703
0.97296280
0.97492337
0.97517484
0.97573018
0.97348171
0.97367561
0.97399175
0.97362566
0.97399163
0.97384495
0.97094405
0.96832454
0.96537834
0.96528703
0.96594673
0.96613306
0.96449929
0.96213382
0.96418464
0.96721476
0.96990395
0.96862149
0.96609735
0.96710134
0.96570742
0.97253913
0.96963120
0.97010440
0.97112322
0.97181791
0.97428924
0.97238582
0.97214794
0.97410810
0.97717017
0.97697574
0.97790068
0.97893816
0.97892088
0.97719473
0.97839236
0.97708011
0.97729629
0.97698295
0.97553080
0.97559899
0.97459167
0.97914428
0.97802258
0.97731096
0.97588533
0.97807670
0.97696722
0.97730607
0.97815508
0.97800660
0.97725689
0.97546059
0.97738588
0.97324061
0.97419387
0.97663170
0.97836852
0.97787493
0.97748649
0.97157401
0.97806472
0.97771800
0.97707474
0.97824681
0.97456193
0.97779912
0.97853112
0.97983003
0.97934902
0.97704583
0.97594720
0.97910231
0.98027909
0.97836351
0.97639102
0.97511780
0.97580963
0.97637886
0.97749901
0.97375542
0.97318572
0.97267413
0.97214508
0.97316968
0.97688907
0.97654289
0.97520953
0.97963047
0.98098880
0.97918940
0.97833681
0.97602069
0.97419423
0.97317827
0.97484916
0.97623694
0.97708434
0.97270274
0.97352070
0.97837991
0.97473359
0.97706896
0.97902471
0.97811311
0.97226137
0.97571462
0.97832483
0.96720994
0.95524454
0.96977890
0.96106052
0.96815044
0.96081638
0.97051233
0.97084481
0.96506208
0.95293534
0.95440370
0.95604235
0.95173287
0.94488961
0.93798941
0.95207703
0.95477051
0.95044440
0.95654863
0.94904739
0.95188993
0.94777632
0.94750559
0.95669460
0.96103400
0.96222365
0.96571344
0.97200477
0.97470403
0.97208863
0.96875137
0.96650088
0.95930344
0.94670647
0.94247806
0.94236797
0.92822254
0.92178714
0.92598784
0.92537749
0.93574512
0.91952646
0.90881366
0.90219927
0.81264883
0.78520918
0.78932458
0.77747500
0.71903121
0.69121695
0.73069447
0.70052689
0.70783281
0.83565140
0.87858081
0.92079347
0.92685449
0.94908369
0.95196545
0.95457375
0.94060999
0.93875736
0.93279511
0.93576729
0.91572005
0.90881568
0.92833185
0.91382599
0.93586224
0.92128664
0.90562910
0.93191522
0.93504578
0.92959732
0.94648641
0.93055809
0.95457798
0.94326389
0.95385087
0.94762415
0.95443135
0.95314628
0.91907799
0.90159339
0.94521463
0.96091461
0.94173151
0.94801205
0.93948352
0.91307223
0.90643525
0.77076358
0.69422340
0.67540449
0.39114025
0.37095425
0.36573073
0.28005436
0.20482481
0.23923790
0.20312969
0.21211202
0.19305344
0.17895737
0.20906080
0.19728337
0.19153318
0.18175243
0.20100892
0.16910315
0.16042805
0.16314223
0.20356710
0.19734107
0.17878987
0.19305590
0.15784901
0.18012232
0.25754148
0.17816859
0.22524402
0.25419980
0.26302138
0.20742396
0.25333256
0.24430688
0.26582280
0.27888396
0.33060151
0.38038763
0.31717780
0.30491745
0.30140108
0.30717075
0.29661101
0.24673137
0.26314914
0.25688899
0.25551215
0.23519991
0.26649314
0.23288570
0.22571273
0.22242236
0.21474902
0.22647518
0.21752909
0.22797047
0.20975967
0.20809628
0.19350594
0.17670228
0.16932473
0.15382147
0.14823963
0.15006079
0.15678725
0.14697921
0.13353819
0.12747000
0.12554938
0.12999386
0.13444419
0.13560529
0.14225815
0.14121911
0.15489721
0.16885348
0.17187878
0.17602079
0.17540206
0.18333232
0.17362110
0.17108950
0.16862763
0.15955684
0.17082575
0.16991425
0.16813315
0.16386537
0.16146514
0.16088074
0.16478322
0.16951470
0.16537268
0.16124867
0.16778211
0.18449435
0.18638241
0.19412573
0.18507092
0.19724132
0.19619586
0.21447065
0.24664061
0.27856010
0.31583080
0.36672539
0.45609605
0.48071679
0.47251564
0.49782711
0.56583470
0.59652978
0.64905661
0.74996209
0.77326810
0.84950167
0.91152292
0.86079597
0.90517503
0.90503359
0.87107491
0.93513030
0.92671812
0.93258899
0.93717486
0.93616486
0.94777942
0.94499582
0.95322460
0.92342615
0.87604332
0.86229432
0.82313055
0.84819072
0.81196553
0.76348931
0.78882617
0.84164208
0.83123851
0.76107699
0.77603471
0.72021067
0.82343102
0.83399552
0.79256833
0.76236075
0.76008540
0.65260547
0.57137674
0.41925189
0.27372921
0.30337957
0.25195935
0.30242130
0.25848052
0.29747719
0.43320248
0.57385367
0.79660749
0.83913589
0.85561216
0.91165268
0.92189443
0.92529237
0.95069021
0.96153319
0.97296244
0.96919829
0.97550428
0.96953356
0.97342664
0.97572601
0.97517043
0.97058749
0.97432095
0.97134137
0.97791934
0.97145724
0.97638613
0.97777212
0.97375917
0.97602481
0.97411776
0.97679025
0.97688258
0.97742790
0.97396332
0.97154766
0.97558582
0.97625023
0.96498460
0.97296226
0.97225720
0.96255732
0.96395510
0.96747452
0.94893861
0.95103478
0.93670571
0.92941099
0.93468946
0.92066914
0.92147642
0.89632636
0.91788852
0.91604781
0.92834312
0.93002903
0.91874939
0.92436522
0.92442012
0.92234957
0.94411671
0.93301630
0.94119251
0.95523620
0.96058947
0.96780205
0.96833223
0.97398406
0.97610235
0.97676235
0.97484493
0.97543633
0.97585219
0.97773826
0.97629511
0.97521234
0.97324693
0.97513461
0.97659647
0.97865731
0.97627801
0.97164625
0.96605045
0.95823354
0.95055932
0.94590050
0.93831956
0.93207127
0.92572570
0.93023056
0.92732584
0.93371773
0.93426383
0.94518453
0.94758272
0.95001674
0.95403332
0.95092911
0.95132256
0.95240748
0.94732732
0.94678426
0.95681930
0.95747983
0.95518452
0.94875169
0.95213336
0.95428503
0.95442039
0.95853835
0.96866333
0.97320044
0.97582167
0.97727931
0.97794765
0.97908038
0.97965586
0.97981226
0.97977257
0.97860980
0.98022735
0.98176676
0.98017633
0.98051608
0.97815299
0.97743285
0.97585797
0.98005611
0.98086482
0.98158777
0.98089099
0.97976202
0.97747850
0.97302598
0.97545457
0.97520739
0.97189820
0.96553224
0.95184749
0.94162059
0.93263841
0.93058246
0.91968966
0.90911394
0.89682925
0.95797753
0.95794964
0.97299945
0.97321814
0.97496706
0.97375125
0.97545820
0.97935277
0.97856003
0.97964805
0.97119594
0.96208352
0.95736420
0.92802274
0.93350393
0.90194798
0.88058746
0.75088322
0.57753366
0.61285579
0.53598267
0.62393939
0.60820764
0.30924821
0.32303146
0.25534320
0.32310748
0.31962618
0.27682057
0.25872961
0.28618601
0.29447594
0.27253056
0.19252400
0.15345335
0.15652703
0.25509194
0.21702491
0.20313449
0.10463306
0.10156312
0.07856489
0.12439410
0.13693176
0.14883620
0.11718614
0.08431897
0.11219334
0.07092836
0.08752689
0.05961177
0.05889462
0.05278940
0.04338029
0.06356302
0.04366977
0.04019297
0.05731102
0.05547740
0.05151537
0.04568679
0.05103977
0.05167924
0.03017298
0.03980665
0.05002922
0.03298158
0.03014169
0.02743560
0.02812839
0.03262703
0.02834574
0.02334395
0.02697656
0.02514465
0.02570567
0.02882222
0.03215784
0.02688056
0.03264261
0.02846560
0.03296200
0.03966791
0.02638739
0.02878896
0.03530744
0.03192267
0.03053645
0.03329772
0.03823087
0.04665659
0.05441212
0.04312439
0.04307642
0.04390291
0.05181727
0.05408569
0.05205454
0.06140153
0.05653075
0.09113397
0.12755641
0.12607098
0.12066329
0.13595878
0.15277310
0.32178327
0.58834583
0.86504662
0.95820165
0.98071325
0.97860569
0.98307472
0.97884482
0.98378062
0.98424745
0.98173296
0.98562753
0.98551649
0.98364222
0.98578507
0.98579216
0.98500836
0.98468184
0.98464394
0.98460776
0.98456568
0.98418540
0.98398095
0.98409355
0.98120856
0.97925913
0.98041511
0.98065418
0.97787231
0.97995591
0.97597516
0.97819650
0.97860706
0.97835481
0.97601771
0.97599018
0.97474706
0.97372276
0.97320175
0.97478694
0.97413087
0.96947527
0.96735001
0.96650064
0.95744985
0.95245117
0.90253848
0.91412401
0.90390986
0.90627968
0.88872427
0.82770461
0.64973176
0.58578622
0.48962861
0.46145907
0.41679791
0.36209944
0.28083128
0.34695181
0.28832528
0.15432152
0.10136482
0.10298672
0.09864439
0.09940887
0.11474945
0.13669597
0.13870940
0.10595262
0.11184375
0.10778822
0.11102644
0.07602445
0.12970139
0.16488789
0.09030089
0.06983046
0.10927339
0.11726179
0.13946170
0.08903312
0.22051869
0.39402300
0.55787492
0.66064370
0.67998016
0.71012795
0.79467368
0.84345198
0.88789684
0.87278599
0.83526713
0.88632500
0.87207842
0.88031572
0.88587332
0.88827085
0.89359552
0.90579343
0.93946648
0.93563545
0.95576054
0.96873784
0.96428353
0.96090043
0.97356784
0.97318345
0.97461730
0.97154588
0.97323143
0.97086471
0.97309619
0.97747380
0.97377610
0.97576392
0.97542816
0.97676712
0.97967899
0.97767943
0.97715032
0.97952086
0.97929758
0.97990865
0.97837603
0.97689182
0.97586399
0.97473079
0.97556078
0.97402376
0.97560990
0.97755843
0.97807992
0.97831982
0.97821701
0.97947985
0.97899443
0.97555417
0.97471774
0.97420293
0.97390544
0.96477401
0.97102755
0.97396946
0.97550982
0.97479826
0.96968395
0.97555566
0.97752577
0.97761643
0.97684586
0.97673243
0.97564507
0.97523391
0.97426796
0.97152948
0.97199124
0.97074908
0.97077012
0.97542757
0.97781563
0.97826117
0.97804755
0.97903454
0.97914141
0.97796291
0.97675681
0.97570634
0.97425473
0.97266960
0.97351754
0.97455323
0.97463793
0.97606260
0.97701102
0.97762132
0.97742647
0.97729093
0.97795230
0.97860479
0.97774929
0.97837710
0.97533733
0.97403675
0.97738999
0.97917092
0.98036814
0.97912037
0.97922665
0.98067641
0.98154771
0.98226780
0.98041922
0.98016959
0.98048431
0.97813761
0.97791106
0.97724724
0.97555441
0.97767806
0.97482514
0.97214073
0.97153330
0.97050023
0.97042817
0.97122037
0.97013634
0.97104669
0.96536440
0.96866924
0.97511190
0.97792852
0.97796112
0.97718108
0.97677928
0.97666293
0.97503358
0.97543699
0.97587550
0.97417587
0.97438079
0.97281873
0.97376198
0.97469008
0.97538155
0.97585219
0.97631603
0.97658622
0.97731757
0.97996050
0.97918802
0.97888446
0.97929490
0.97852570
0.97785681
0.97842032
0.97894120
0.97917020
0.97768426
0.97696197
0.97663534
0.97462523
0.97493911
0.97719336
0.97763276
0.98115081
0.98012918
0.98208916
0.98170024
0.97955543
0.98118126
0.98102117
0.97912300
0.97656393
0.97852570
0.97877353
0.98163617
0.98055041
0.97929776
0.97690588
0.97983176
0.97688156
0.97126734
0.97694314
0.97553504
0.97649729
0.97609007
0.97238064
0.97985178
0.97957385
0.97841144
0.97666669
0.97550404
0.98233634
0.98164004
0.97898602
0.97732860
0.98226225
0.98007452
0.98448318
0.98254895
0.98316872
0.97923547
0.98019296
0.97949833
0.98046368
0.97822177
0.97900015
0.97388905
0.97385448
0.97278184
0.96536624
0.96912527
0.96715719
0.95897686
0.96258557
0.95627874
0.95935392
0.95373958
0.94716406
0.94303179
0.95232326
0.92322856
0.91629905
0.91261345
0.91476208
0.93709737
0.94488734
0.95285505
0.93865430
0.94328660
0.94836640
0.93291050
0.93885225
0.93487424
0.93206996
0.92430270
0.92662680
0.91955751
0.89822358
0.91295457
0.91668224
0.94840509
0.94626874
0.91399664
0.94211692
0.93413675
0.91226411
0.93114078
0.92100990
0.88891077
0.91153771
0.91155809
0.89294183
0.90714210
0.86534745
0.88480783
0.86224258
0.88710201
0.89546227
0.88237274
0.88652557
0.88695502
0.85647690
0.83850610
0.80845219
0.79796815
0.78268874
0.69409561
0.60683644
0.56560326
0.48384893
0.46428970
0.45085335
0.37789506
0.36169568
0.36181724
0.41629598
0.45285353
0.48649973
0.48997489
0.44563067
0.46708384
0.46856555
0.45945612
0.50602698
0.58005869
0.62816226
0.61252493
0.69252992
0.67177379
0.66137153
0.68906784
0.71031356
0.65708780
0.76625919
0.75302184
0.74323344
0.83379084
0.87569553
0.89701086
0.90861607
0.93993878
0.95426017
0.95127666
0.95589590
0.96885890
0.96996123
0.96937257
0.97583157
0.97489458
0.98071849
0.98048085
0.97657371
0.98121840
0.98184341
0.97833133
0.98179239
0.97768229
0.97399443
0.97720611
0.97270399
0.98119903
0.98082650
0.97619015
0.97822434
0.97073317
0.96929830
0.97211027
0.97348911
0.96599180
0.96861547
0.95988846
0.95045322
0.89961708
0.92599088
0.87333757
0.86030149
0.87145334
0.88850588
0.83899778
0.82989591
0.78651696
0.79520220
0.78650945
0.77807188
0.91458565
0.93296903
0.95601958
0.94830805
0.96600723
0.95905107
0.97058189
0.95485103
0.96555561
0.96240789
0.96614456
0.96574688
0.96235466
0.96773273
0.96101755
0.96435499
0.96389294
0.96453440
0.96048051
0.96622592
0.96840471
0.95686299
0.96512079
0.95739633
0.96227241
0.95202821
0.95124716
0.96226019
0.95467186
0.95751292
0.96712428
0.96136099
0.95636410
0.96533883
0.96081537
0.95951360
0.96039140
0.95302087
0.94731820
0.95491451
0.96508384
0.96281481
0.96693432
0.96692485
0.96887356
0.97122860
0.97232080
0.97149009
0.97084349
0.96497577
0.97165674
0.97040266
0.97657293
0.97776330
0.97408843
0.97944254
0.97733533
0.98331934
0.98269975
0.98167580
0.98201674
0.98125398
0.98201925
0.98395824
0.98240697
0.98155415
0.98289770
0.98105454
0.98294789
0.98165500
0.98313165
0.98175561
0.98292625
0.98198730
0.98125494
0.97999614
0.97835481
0.97394323
0.97173530
0.96994597
0.96544856
0.96929514
0.96938622
0.96869636
0.96690023
0.96971762
0.96910918
0.97311294
0.97086203
0.97326750
0.97498089
0.97788405
0.97902769
0.97923434
0.97833455
0.97850043
0.97736508
0.97741222
0.97746164
0.97690636
0.97527415
0.97716784
0.97606587
0.97586435
0.97601658
0.97716457
0.97656095
0.97620970
0.97473407
0.97413820
0.97669172
0.97763956
0.97692823
0.97450000
0.97439790
0.97401083
0.97304088
0.97081393
0.97341597
0.97210318
0.97150934
0.97135353
0.97467107
0.97673255
0.97813362
0.97469634
0.97414172
0.97290844
0.97544426
0.97677875
0.97573233
0.97640377
0.97733611
0.97679305
0.97617358
0.97591156
0.97557914
0.97592533
0.97412449
0.97575313
0.97412938
0.97398537
0.97356039
0.97420859
0.97471595
0.97014916
0.97197151
0.97356570
0.97282332
0.97333944
0.96998942
0.96570098
0.96287131
0.96080899
0.95317435
0.95832175
0.95910484
0.95283806
0.96921843
0.97364795
0.97902530
0.97920716
0.97606850
0.97661841
0.97587788
0.97200745
0.97284186
0.97054404
0.97470981
0.96723461
0.96127617
0.96381354
0.96345067
0.94997412
0.95114446
0.91824090
0.86513621
0.84931374
0.59157068
0.46674001
0.52272677
0.32467163
0.42495325
0.32022539
0.18591240
0.16393889
0.20979771
0.13959274
0.17687032
0.13257512
0.10566650
0.07357436
0.08297510
0.08478562
0.06455393
0.05467947
0.06705028
0.03465591
0.04656876
0.04750893
0.03999511
0.04109801
0.04330417
0.04132305
0.04878393
0.05474683
0.06045033
0.05197093
0.04330001
0.04765543
0.05455777
0.06574162
0.04119200
0.04303096
0.06258724
0.04202395
0.05615270
0.05856549
0.04606463
0.04950469
0.03985563
0.07401736
0.05775484
0.05844354
0.06225134
0.06265032
0.05097249
0.04718839
0.04439924
0.04295099
0.04602850
0.04301910
0.05020946
0.04048897
0.05105273
0.04661328
0.03596202
0.04339237
0.04285599
0.02680440
0.02294465
0.02642504
0.02186896
0.02404183
0.02609263
0.02215617
0.02039197
0.03133573
0.03245857
0.04128677
0.03832292
0.03914026
0.03601270
0.03893393
0.03678023
0.04376398
0.05018765
0.05463182
0.07061739
0.06470644
0.07053905
0.09230903
0.08421491
0.07995002
0.10190748
0.08030364
0.11991862
0.10671259
0.11481900
0.16014345
0.12043457
0.14617124
0.14959317
0.14576378
0.25331122
0.19964705
0.21582383
0.25098768
0.23396184
0.19566309
0.20337527
0.19517882
0.18012604
0.16860023
0.17642869
0.19533142
0.21372339
0.23169991
0.26830292
0.31878325
0.38955322
0.41860056
0.52453953
0.59989029
0.66398442
0.74040025
0.79511577
0.78191942
0.79791224
0.73649561
0.66600281
0.49615127
0.57139313
0.50123870
0.34925914
0.31931365
0.27032790
0.21616170
0.16151951
0.19213989
0.17480898
0.16213189
0.17391896
0.13960217
0.13075082
0.12418074
0.12245745
0.10473742
0.09372491
0.08398432
0.10019743
0.07910741
0.07952379
0.09295634
0.10688230
0.12035222
0.13741450
0.13128135
0.09471349
0.16798636
0.25911126
0.20853655
0.18271679
0.17300609
0.14039135
0.18252984
0.20415793
0.15366727
0.18549156
0.28794399
0.40656596
0.50479400
0.55801785
0.74657023
0.81436437
0.88544786
0.87738466
0.86924440
0.90016973
0.91403347
0.90224427
0.91668504
0.91986495
0.92553657
0.94494247
0.94651687
0.95095295
0.97582555
0.98093742
0.98342472
0.98332596
0.98644626
0.98614097
0.98568290
0.98366541
0.98315674
0.98366714
0.98240983
0.98061484
0.97959846
0.97942895
0.97954249
0.97944951
0.97764403
0.97632068
0.97863472
0.97990578
0.97811252
0.97716546
0.97715640
0.97886676
0.97856301
0.97989231
0.97960109
0.97899663
0.97740734
0.97688794
0.97837561
0.97669637
0.97615868
0.97923720
0.97792506
0.97595495
0.97530037
0.97480923
0.97211218
0.96762663
0.95836741
0.96278542
0.96221304
0.95485950
0.95918304
0.95832598
0.95695204
0.96581548
0.96756941
0.97196680
