3.00000000
3.00000000
3.00000000
3.00000000
3.00000000
3.00000000
3.00000000
3.00000000
3.00000000
3.00000000
3.00000000
3.00000000
3.00000000
3.00000000
3.00000000
3.00000000
3.00000000
3.00000000
3.00000000
3.00000000
3.00000000
3.00000000
3.00000000
3.00000000
3.00000000
3.00000000
3.00000000
3.00000000
3.00000000
3.00000000
3.00000000
3.00000000
3.00000000
3.00000000
3.00000000
3.00000000
3.00000000
3.00000000
3.00000000
3.00000000
3.00000000
3.00000000
3.00000000
3.00000000
3.00000000
3.00000000
3.00000000
3.00000000
3.00000000
3.00000000
3.00000000
3.00000000
3.00000000
3.00000000
3.00000000
3.00000000
3.00000000
3.00000000
3.00000000
3.00000000
3.00000000
3.00000000
3.00000000
3.00001967
3.00003152
3.00004480
3.00001453
3.00000819
3.00000327
3.00000293
3.00000305
3.00000393
3.00000370
3.00000226
3.00000331
3.00000344
3.00000446
3.00000407
3.00000456
3.00000964
3.00000997
3.00000610
3.00000425
3.00000270
3.00000252
3.00000556
3.00000676
3.00000559
3.00001110
3.00000622
3.00000246
3.00000315
3.00000594
3.00000975
3.00001111
3.00000513
3.00000610
3.00001059
3.00001317
3.00002126
3.00001111
3.00000909
3.00001001
3.00001373
3.00001368
3.00000826
3.00001185
3.00001295
3.00002046
3.00003517
3.00004579
3.00003247
3.00001620
3.00001319
3.00001139
3.00001412
3.00001487
3.00000520
3.00000708
3.00000906
3.00002379
3.00005721
3.00002252
3.00002607
3.00015064
3.00021065
3.00020328
3.00037156
3.00074720
3.00087475
3.00126878
3.00042981
3.00040217
3.00036177
3.00028093
3.00020089
3.00012261
3.00006965
3.00004089
3.00003272
3.00000873
3.00000534
3.00000481
3.00000579
3.00001390
3.00001522
3.00001681
3.00003667
3.00004855
3.00006158
3.00004750
3.00001287
3.00000817
3.00000335
3.00000243
3.00000295
3.00000248
3.00000270
3.00000215
3.00000190
3.00000274
3.00000315
3.00000397
3.00000382
3.00000448
3.00000942
3.00001105
3.00001449
3.00001516
3.00002376
3.00003389
3.00005063
3.00002845
3.00003498
3.00002474
3.00003670
3.00003689
3.00005457
3.00005100
3.00005730
3.00005340
3.00006360
3.00006581
3.00008847
3.00005934
3.00007176
3.00003964
3.00004502
3.00005839
3.00005800
3.00004895
3.00003987
3.00005643
3.00004686
3.00005212
3.00007060
3.00011234
3.00012624
3.00020389
3.00052977
3.00090997
3.00131505
3.00097047
3.00066159
3.00057610
3.00056885
3.00042756
3.00033822
3.00017426
3.00012223
3.00010780
3.00012431
3.00009624
3.00013237
3.00010107
3.00010558
3.00006636
3.00004162
3.00003765
3.00002896
3.00007696
3.00016444
3.00016957
3.00020888
3.00022802
3.00013753
3.00031156
3.00038151
3.00015625
3.00028510
3.00042825
3.00015654
3.00005527
3.00004004
3.00001901
3.00000678
3.00000523
3.00000298
3.00000204
3.00000353
3.00000485
3.00000807
3.00000901
3.00000451
3.00000310
3.00000509
3.00000376
3.00000767
3.00000346
3.00000484
3.00000369
3.00000432
3.00000303
3.00000204
3.00000237
3.00000244
3.00000446
3.00000576
3.00000316
3.00000229
3.00000408
3.00000636
3.00000976
3.00000399
3.00000388
3.00000432
3.00000499
3.00000458
3.00001287
3.00001380
3.00002934
3.00007204
3.00039752
3.00160726
3.00292039
3.00129080
3.00103500
3.00121165
3.00233267
3.00419019
3.00687613
3.01120528
3.00591123
3.00110396
3.00066978
3.00025429
3.00007797
3.00003635
3.00001439
3.00002092
3.00001258
3.00000871
3.00000305
3.00000366
3.00000886
3.00000653
3.00001115
3.00001631
3.00001799
3.00002418
3.00003831
3.00004857
3.00004982
3.00003152
3.00002287
3.00000579
3.00000533
3.00000592
3.00000611
3.00000524
3.00001029
3.00000867
3.00000933
3.00003747
3.00002012
3.00005997
3.00007261
3.00023167
3.00026359
3.00010990
3.00010451
3.00040536
3.00072673
3.00014516
3.00022719
3.00038212
3.00110826
3.00115336
3.00074271
3.00022569
3.00022083
3.00026047
3.00027226
3.00006375
3.00005883
3.00009872
3.00014056
3.00003151
3.00002596
3.00001998
3.00006338
3.00006213
3.00005447
3.00003418
3.00004647
3.00003237
3.00002423
3.00001981
3.00003083
3.00001667
3.00001609
3.00001713
3.00002495
3.00002563
3.00002903
3.00003332
3.00002963
3.00002886
3.00004321
3.00005186
3.00006209
3.00006901
3.00008016
3.00008287
3.00008658
3.00008157
3.00009106
3.00009763
3.00007116
3.00004090
3.00001883
3.00000790
3.00000538
3.00000605
3.00000757
3.00002409
3.00001422
3.00001146
3.00001752
3.00000616
3.00002451
3.00003830
3.00019599
3.00027756
3.00040284
3.00037196
3.00017239
3.00011489
3.00006236
3.00004335
3.00005579
3.00005744
3.00007168
3.00001770
3.00000759
3.00000511
3.00000744
3.00000630
3.00000452
3.00000305
3.00000179
3.00000263
3.00000399
3.00000329
3.00000330
3.00000429
3.00000691
3.00000531
3.00000308
3.00000248
3.00000311
3.00001432
3.00001438
3.00003049
3.00004096
3.00003043
3.00001692
3.00001672
3.00002887
3.00005567
3.00011313
3.00016919
3.00013900
3.00007626
3.00010101
3.00012069
3.00012162
3.00009288
3.00004315
3.00002634
3.00003054
3.00002699
3.00002956
3.00003515
3.00003127
3.00002866
3.00002397
3.00002053
3.00001865
3.00001482
3.00001140
3.00002029
3.00004661
3.00008514
3.00011945
3.00018835
3.00025385
3.00035797
3.00033430
3.00030117
3.00024075
3.00028389
3.00022512
3.00022564
3.00015393
3.00013086
3.00010185
3.00008461
3.00009064
3.00008176
3.00005419
3.00004234
3.00003494
3.00004461
3.00005283
3.00004945
3.00003457
3.00003502
3.00004313
3.00005620
3.00009597
3.00004697
3.00002143
3.00000823
3.00000320
3.00000402
3.00000229
3.00000250
3.00000193
3.00000312
3.00000841
3.00001651
3.00002166
3.00004235
3.00010612
3.00008655
3.00002108
3.00002461
3.00006381
3.00006519
3.00005527
3.00003975
3.00002663
3.00001244
3.00000950
3.00001679
3.00000973
3.00000693
3.00001311
3.00001814
3.00001846
3.00001365
3.00001066
3.00001149
3.00001429
3.00002350
3.00003477
3.00006197
3.00008964
3.00019988
3.00024005
3.00027239
3.00027907
3.00041275
3.00069950
3.00058196
3.00069908
3.00075261
3.00059478
3.00079540
3.00099376
3.00093728
3.00119212
3.00136335
3.00140814
3.00160781
3.00186647
3.00163950
3.00149660
3.00174578
3.00114923
3.00082143
3.00092209
3.00079917
3.00079826
3.00084282
3.00061973
3.00057302
3.00053210
3.00050085
3.00055376
3.00040541
3.00025397
3.00020928
3.00018422
3.00013916
3.00012517
3.00013616
3.00013853
3.00012834
3.00010472
3.00006363
3.00006429
3.00006116
3.00005902
3.00005271
3.00004968
3.00003571
3.00004163
3.00003670
3.00004580
3.00005360
3.00007222
3.00008504
3.00009406
3.00009458
3.00008291
3.00008053
3.00006902
3.00005605
3.00003015
3.00002109
3.00002796
3.00001575
3.00000946
3.00000811
3.00000738
3.00000739
3.00001008
3.00000916
3.00000856
3.00000920
3.00000773
3.00001315
3.00002210
3.00002288
3.00003001
3.00003001
3.00004815
3.00008444
3.00008392
3.00010339
3.00010136
3.00008511
3.00005510
3.00006137
3.00008027
3.00015992
3.00008568
3.00004715
3.00002485
3.00001738
3.00001464
3.00001947
3.00003615
3.00005106
3.00010922
3.00021620
3.00021334
3.00027600
3.00022484
3.00015896
3.00009387
3.00008034
3.00006641
3.00006850
3.00003838
3.00003235
3.00001863
3.00003162
3.00002604
3.00001398
3.00001617
3.00001556
3.00003421
3.00003877
3.00002407
3.00004013
3.00004674
3.00004808
3.00005709
3.00003101
3.00002237
3.00002985
3.00001983
3.00001388
3.00001277
3.00001213
3.00001908
3.00001815
3.00002156
3.00001589
3.00000968
3.00001309
3.00001355
3.00001285
3.00001161
3.00000782
3.00000753
3.00000580
3.00000944
3.00000793
3.00000836
3.00001013
3.00001444
3.00001211
3.00001551
3.00001960
3.00002079
3.00001604
3.00001507
3.00001845
3.00000969
3.00001238
3.00001107
3.00001270
3.00000900
3.00001053
3.00001516
3.00001881
3.00002479
3.00003746
3.00003205
3.00004676
3.00004330
3.00002279
3.00004664
3.00003717
3.00001950
3.00001494
3.00000936
3.00000999
3.00000829
3.00000657
3.00000535
3.00000673
3.00000718
3.00001032
3.00001728
3.00001604
3.00001147
3.00001343
3.00001162
3.00000681
3.00000879
3.00000968
3.00000933
3.00001086
3.00000913
3.00000877
3.00000663
3.00000559
3.00000881
3.00000798
3.00000845
3.00000665
3.00000760
3.00000852
3.00001035
3.00001134
3.00001847
3.00002025
3.00002230
3.00002831
3.00002458
3.00002735
3.00003085
3.00002149
3.00002209
3.00001212
3.00001280
3.00002914
3.00002953
3.00003115
3.00002023
3.00001733
3.00001162
3.00001141
3.00001577
3.00002558
3.00003685
3.00005871
3.00012575
3.00016291
3.00020373
3.00020507
3.00019262
3.00022950
3.00028417
3.00028110
3.00022296
3.00018541
3.00017554
3.00017202
3.00022032
3.00036321
3.00042628
3.00046194
3.00050510
3.00031019
3.00018371
3.00021691
3.00069894
3.00098747
3.00107206
3.00079909
3.00068721
3.00060778
3.00071696
3.00067294
3.00086789
3.00097962
3.00142503
3.00141726
3.00226301
3.00238001
3.00160838
3.00081774
3.00030143
3.00013766
3.00010792
3.00007031
3.00005555
3.00006533
3.00003628
3.00001651
3.00001791
3.00001439
3.00001429
3.00000791
3.00000786
3.00000461
3.00000353
3.00000384
3.00000219
3.00000352
3.00000188
3.00000195
3.00000262
3.00000281
3.00000303
3.00000968
3.00001122
3.00001960
3.00002420
3.00003118
3.00003608
3.00003591
3.00003240
3.00003946
3.00002225
3.00001856
3.00001875
3.00001220
3.00001976
3.00004728
3.00005409
3.00002231
3.00003790
3.00006575
3.00011512
3.00026738
3.00041648
3.00032839
3.00053081
3.00036337
3.00017979
3.00015630
3.00020522
3.00024255
3.00030219
3.00040073
3.00046605
3.00029703
3.00020319
3.00012000
3.00013688
3.00051294
3.00046606
3.00056613
3.00047559
3.00059290
3.00201027
3.00278359
3.00260586
3.00231225
3.00123712
3.00122777
3.00149767
3.00208479
3.00191656
3.00145177
3.00089732
3.00057859
3.00012381
3.00004782
3.00002270
3.00001313
3.00001574
3.00001527
3.00001085
3.00000949
3.00000739
3.00000707
3.00001073
3.00001032
3.00001225
3.00001207
3.00003840
3.00005618
3.00002910
3.00002529
3.00004299
3.00005258
3.00029043
3.00071324
3.00199306
3.00181844
3.00352186
3.00404321
3.00573538
3.00755635
3.02599445
3.03728734
3.01379524
3.00966955
3.00334879
3.00200166
3.00452727
3.01132094
3.00477665
3.00243783
3.00072237
3.00028129
3.00033224
3.00020736
3.00014082
3.00017339
3.00011060
3.00001955
3.00001968
3.00000376
3.00000440
3.00000839
3.00000969
3.00000679
3.00000309
3.00000142
3.00000141
3.00000224
3.00000210
3.00000519
3.00001275
3.00000408
3.00000313
3.00000833
3.00000559
3.00000784
3.00000405
3.00000236
3.00000210
3.00000173
3.00000169
3.00000224
3.00000202
3.00000196
3.00000441
3.00000831
3.00001603
3.00001240
3.00000644
3.00000462
3.00000513
3.00000556
3.00001211
3.00002700
3.00003116
3.00001537
3.00001273
3.00003076
3.00006817
3.00003367
3.00002206
3.00000876
3.00000485
3.00000336
3.00000465
3.00000361
3.00000303
3.00000240
3.00000179
3.00000189
3.00000192
3.00000381
3.00001306
3.00004583
3.00017029
3.00057391
3.00154694
3.00196449
3.00250504
3.00430639
3.00268355
3.00349111
3.00217242
3.00188244
3.00129942
3.00077113
3.00050847
3.00042569
3.00053527
3.00075630
3.00060316
3.00036603
3.00016264
3.00008891
3.00008000
3.00026878
3.00098539
3.00386659
3.00782603
3.00815084
3.00620593
3.00525849
3.00307582
3.00113442
3.00049384
3.00026564
3.00013232
3.00016120
3.00016351
3.00014212
3.00019624
3.00011949
3.00009127
3.00005398
3.00009288
3.00008203
3.00018774
3.00017050
3.00006991
3.00008057
3.00009530
3.00010921
3.00019333
3.00021661
3.00036048
3.00051932
3.00039754
3.00046757
3.00034206
3.00054432
3.00088750
3.00657036
3.00086855
3.00102560
3.00569580
3.00753625
3.01971765
3.02166102
3.04761595
3.07394537
3.16276793
3.06680124
3.02186940
3.03846599
3.01837542
3.04633963
3.02426220
3.07405440
3.13925368
3.11931762
3.18632382
3.53345700
3.41659367
3.67301696
3.77420615
4.02104826
3.70240232
4.23694676
4.50496605
4.05279141
4.00930580
3.70012559
3.91970474
3.52431903
3.66512038
3.45521558
3.29849727
3.25451530
3.11974835
3.19995991
3.09945944
3.10521581
3.16852917
3.21362216
3.17961327
3.44100273
3.27456505
3.56953000
3.73769655
3.45231333
3.48911821
3.29461002
3.23514208
3.08814106
3.06044748
3.05322275
3.08114236
3.06010871
3.03431329
3.02846741
3.07431333
3.31485473
3.21485216
3.50649299
3.54413981
3.75551397
3.43162013
3.83938630
3.78880496
3.88604226
3.37814594
3.62779135
3.66851836
3.27742846
3.32955094
3.18609326
3.18644616
3.14105527
3.12177045
3.19671286
3.15868745
3.09160430
3.03314834
3.06733289
3.08588022
3.11140868
3.13028378
3.18427288
3.31042955
3.23101357
3.19079854
3.26519493
3.24410409
3.55791804
3.29470455
3.05068649
3.12641662
3.17453199
3.07585579
3.07769712
3.08586039
3.05224608
3.07825559
3.16645259
3.11936339
3.22971917
3.48248316
3.72084958
4.14007767
4.62739066
4.66162638
4.38402760
4.39990062
4.20243356
4.23750126
4.36017986
4.15934244
3.65957240
3.64968522
3.27779557
3.20548787
3.23509878
3.17314197
3.22686919
3.22593283
3.28346253
3.11329634
3.08945338
3.04958363
3.03290890
3.03378425
3.05015971
3.03795351
3.03315753
3.02188455
3.03683445
3.01267646
3.04534101
3.03197135
3.03815149
3.02456417
3.02223107
3.09886149
3.11060170
3.03075800
3.04219352
3.02379182
3.04659874
3.02200712
3.01772727
3.00980716
3.01426212
3.01414743
3.00408420
3.01173931
3.00450528
3.00470722
3.00313167
3.00198073
3.00101636
3.00045965
3.00109428
3.00440304
3.00252292
3.00432693
3.00545900
3.00182109
3.00072832
3.00094414
3.00145687
3.00147143
3.00148968
3.00034921
3.00009038
3.00019363
3.00016835
3.00013424
3.00035696
3.00029916
3.00111170
3.00290552
3.00689506
3.04237021
3.04315496
3.11735022
3.03815599
3.05250275
3.04790045
3.03615436
3.09928107
3.06285572
3.09564083
3.19317006
3.05632481
3.01882186
3.01899258
3.01020599
3.01422064
3.00307334
3.00160557
3.00534588
3.00233239
3.00069364
3.00053463
3.00064531
3.00017952
3.00011539
3.00015734
3.00039839
3.00067574
3.00107809
3.00714990
3.01881594
3.01216870
3.00432474
3.01255181
3.01396730
3.00157386
3.00187936
3.01924858
3.01055820
3.04426107
3.04160264
3.15425000
3.08639909
3.16958460
3.14039983
3.08703482
3.08747870
3.06320797
3.02985545
3.01575311
3.01035041
3.00302626
3.00388544
3.00202816
3.00561156
3.01071377
3.00359672
3.00477004
3.00153229
3.00148899
3.00149505
3.00354448
3.00217853
3.00425870
3.01246175
3.01515047
3.02777457
3.10410404
3.15443458
3.36074605
4.70222696
4.54140215
4.61932235
4.62623241
4.16721137
3.65178195
3.22977450
3.13455459
3.08363089
3.02089437
3.01866402
3.00733263
3.00279552
3.00300558
3.00745519
3.01727360
3.03360277
3.03819083
3.04808302
3.06683454
3.11532475
3.19945552
3.16867964
3.13487997
3.18638648
3.17239450
3.04077387
3.00521828
3.00033592
3.00005322
3.00001676
3.00001490
3.00001595
3.00002212
3.00002806
3.00001955
3.00001605
3.00001447
3.00001125
3.00001497
3.00001170
3.00001041
3.00001234
3.00001272
3.00001314
3.00001358
3.00001106
3.00001514
3.00001715
3.00001440
3.00000963
3.00001055
3.00001069
3.00000900
3.00001482
3.00001535
3.00001744
3.00001582
3.00001322
3.00002364
3.00001926
3.00002038
3.00002494
3.00003264
3.00002869
3.00002160
3.00001687
3.00000938
3.00000717
3.00000663
3.00000663
3.00000865
3.00000625
3.00000432
3.00000671
3.00001376
3.00001491
3.00001409
3.00000871
3.00002007
3.00001200
3.00002032
3.00002116
3.00002575
3.00001922
3.00002448
3.00002353
3.00001884
3.00001565
3.00001355
3.00001529
3.00001671
3.00001337
3.00001032
3.00000645
3.00000541
3.00000494
3.00000424
3.00000635
3.00000698
3.00000804
3.00000881
3.00000989
3.00001025
3.00001089
3.00001202
3.00001898
3.00001701
3.00001293
3.00000979
3.00000821
3.00000978
3.00001201
3.00001523
3.00001729
3.00002367
3.00002555
3.00002452
3.00002963
3.00002760
3.00003547
3.00002555
3.00003411
3.00002949
3.00004057
3.00003748
3.00004509
3.00007590
3.00008815
3.00014514
3.00011021
3.00006175
3.00003053
3.00002911
3.00002708
3.00002945
3.00001926
3.00001293
3.00000962
3.00000692
3.00000655
3.00000775
3.00000794
3.00000701
3.00000583
3.00000314
3.00000355
3.00000702
3.00001831
3.00003377
3.00004728
3.00006295
3.00006139
3.00005597
3.00004558
3.00003222
3.00004113
3.00005382
3.00006527
3.00008756
3.00008827
3.00011927
3.00020785
3.00030600
3.00015391
3.00017289
3.00022847
3.00020782
3.00010377
3.00008577
3.00006512
3.00009152
3.00021612
3.00060589
3.00109622
3.00146280
3.00191743
3.00167830
3.00313005
3.00188386
3.00127415
3.00121133
3.00102440
3.00090400
3.00095752
3.00112388
3.00098485
3.00075159
3.00053772
3.00048743
3.00051673
3.00045242
3.00045090
3.00046901
3.00034462
3.00024367
3.00019863
3.00024921
3.00026790
3.00025673
3.00028351
3.00018366
3.00023109
3.00018121
3.00032478
3.00033949
3.00051642
3.00069014
3.00104419
3.00141079
3.00166686
3.00220312
3.00231415
3.00371259
3.00432432
3.00594926
3.00637494
3.00548119
3.00521258
3.00352580
3.00248952
3.00241629
3.00243476
3.00255969
3.00205993
3.00194201
3.00165269
3.00240906
3.00188121
3.00087172
3.00091244
3.00164270
3.00143249
3.00149977
3.00125296
3.00112839
3.00107065
3.00103482
3.00127613
3.00222856
3.00273216
3.00367994
3.00423858
3.00555148
3.00571073
3.00715440
3.00961776
3.00667977
3.01138834
3.01731665
3.01526221
3.01557408
3.01552285
3.02788073
3.02080688
3.01620398
3.01145061
3.01265990
3.01686326
3.01584190
3.01341170
3.01121918
3.00750935
3.00470709
3.00909867
3.00687957
3.00620026
3.00747146
3.00617645
3.00849032
3.01024605
3.01574475
3.01844573
3.01974895
3.02169122
3.02029239
3.02441926
3.02035099
3.02094186
3.01525209
3.01418619
3.01102462
3.00895026
3.01247802
3.01554025
3.02001901
3.01780635
3.01625587
3.02124425
3.02142685
3.03849772
3.06163798
3.08472109
3.14107532
3.13899341
3.11183897
3.06300824
3.03218940
3.01383744
3.00530889
3.00317961
3.00251405
3.00170825
3.00121147
3.00084989
3.00062290
3.00043595
3.00025917
3.00012957
3.00006169
3.00004046
3.00003121
3.00002828
3.00002171
3.00001868
3.00001935
3.00001830
3.00001525
3.00003149
3.00006079
3.00004404
3.00009840
3.00016302
3.00037476
3.00043765
3.00039088
3.00021318
3.00024463
3.00029623
3.00021726
3.00013939
3.00005884
3.00003592
3.00002253
3.00002006
3.00002508
3.00002950
3.00003874
3.00008884
3.00015443
3.00016001
3.00020475
3.00006267
3.00003534
3.00001911
3.00000635
3.00000253
3.00000343
3.00000331
3.00000313
3.00000482
3.00000752
3.00000839
3.00000937
3.00001524
3.00001719
3.00002081
3.00001342
3.00001026
3.00001113
3.00000889
3.00000826
3.00000581
3.00000766
3.00000775
3.00000704
3.00000912
3.00001366
3.00001919
3.00002036
3.00002010
3.00001757
3.00001521
3.00001470
3.00000829
3.00000882
3.00000527
3.00000436
3.00000368
3.00000343
3.00000405
3.00001144
3.00005052
3.00015306
3.00010966
3.00007089
3.00006842
3.00006609
3.00002083
3.00002440
3.00001858
3.00001283
3.00003228
3.00004068
3.00004633
3.00004069
3.00002485
3.00006026
3.00030732
3.00023542
3.00006821
3.00006366
3.00002936
3.00001699
3.00001383
3.00001047
3.00002499
3.00003561
3.00003342
3.00009185
3.00034567
3.00011765
3.00004763
3.00002596
3.00002433
3.00003470
3.00006504
3.00005183
3.00004624
3.00002938
3.00002206
3.00001368
3.00003287
3.00004807
3.00009868
3.00006040
3.00012797
3.00012326
3.00013071
3.00011197
3.00014767
3.00011946
3.00011542
3.00010035
3.00006034
3.00004407
3.00003967
3.00002424
3.00001680
3.00002605
3.00003335
3.00004762
3.00013064
3.00033584
3.00067486
3.00108925
3.00081855
3.00108398
3.00093210
3.00042652
3.00022123
3.00019772
3.00011491
3.00010485
3.00016678
3.00028874
3.00020202
3.00009718
3.00005847
3.00001276
3.00001030
3.00001028
3.00000749
3.00000952
3.00000844
3.00001268
3.00001511
3.00001358
3.00003918
3.00002806
3.00001618
3.00003087
3.00002346
3.00005334
3.00008371
3.00012455
3.00003208
3.00002821
3.00001774
3.00001369
3.00001508
3.00001511
3.00001270
3.00000950
3.00000736
3.00000476
3.00000542
3.00000485
3.00000488
3.00000667
3.00000677
3.00001095
3.00000756
3.00000640
3.00000788
3.00000692
3.00001242
3.00001033
3.00000579
3.00006957
3.00004838
3.00003015
3.00004416
3.00007844
3.00020870
3.00032053
3.00032046
3.00069099
3.00076314
3.00034451
3.00101033
3.00231903
3.00075954
3.00060529
3.00029915
3.00013651
3.00013748
3.00024121
3.00019006
3.00046294
3.00018975
3.00006150
3.00006536
3.00037217
3.00106948
3.00073916
3.00122817
3.00083029
3.00062835
3.00029925
3.00033168
3.00032509
3.00044353
3.00040406
3.00040124
3.00054338
3.00114776
3.00216868
3.00265408
3.00216772
3.00111467
3.00026532
3.00016802
3.00005029
3.00002565
3.00002441
3.00005165
3.00006532
3.00003189
3.00006777
3.00014487
3.00052624
3.00053027
3.00109284
3.00105206
3.00057154
3.00066231
3.00058252
3.00054822
3.00018818
3.00018545
3.00017169
3.00008606
3.00009547
3.00002335
3.00001432
3.00000761
3.00000751
3.00001993
3.00000632
3.00000615
3.00000932
3.00000671
3.00001568
3.00001179
3.00001121
3.00001756
3.00001854
3.00001361
3.00001564
3.00000553
3.00001210
3.00000773
3.00000563
3.00000285
3.00000726
3.00000600
3.00001298
3.00001586
3.00001032
3.00000799
3.00001837
3.00000428
3.00000613
3.00000359
3.00000570
3.00000791
3.00000429
3.00000485
3.00000406
3.00000657
3.00000631
3.00000836
3.00001192
3.00001841
3.00002519
3.00012221
3.00020465
3.00046859
3.00034623
3.00014507
3.00011329
3.00011302
3.00007442
3.00004262
3.00003505
3.00002734
3.00000759
3.00000650
3.00002156
3.00001402
3.00000967
3.00001514
3.00002041
3.00001911
3.00001824
3.00001028
3.00001336
3.00000500
3.00000814
3.00004761
3.00007716
3.00008020
3.00011652
3.00007638
3.00005440
3.00003698
3.00002747
3.00005585
3.00014122
3.00015114
3.00019469
3.00004162
3.00005610
3.00009882
3.00012946
3.00011725
3.00009207
3.00019025
3.00013022
3.00007587
3.00002909
3.00002316
3.00002134
3.00003745
3.00006640
3.00005381
3.00003981
3.00003077
3.00001481
3.00001260
3.00001396
3.00001753
3.00002024
3.00002124
3.00002564
3.00002724
3.00003242
3.00004803
3.00007004
3.00008354
3.00008983
3.00009704
3.00009288
3.00014646
3.00017572
3.00019191
3.00027400
3.00028237
3.00056998
3.00057240
3.00065825
3.00070503
3.00046040
3.00025853
3.00018460
3.00016296
3.00016406
3.00016870
3.00019616
3.00030684
3.00043737
3.00057335
3.00036599
3.00034048
3.00022124
3.00014616
3.00008877
3.00009762
3.00010868
3.00026051
3.00033087
3.00020487
3.00029938
3.00033408
3.00035756
3.00041092
3.00028880
3.00020383
3.00006456
3.00006169
3.00006009
3.00004009
3.00003166
3.00002824
3.00002652
3.00002649
3.00003136
3.00003529
3.00004707
3.00005366
3.00004317
3.00002981
3.00004095
3.00006548
3.00056067
3.00012211
3.00009570
3.00023373
3.00040706
3.00068464
3.00103275
3.00138630
3.00121591
3.00082050
3.00024959
3.00076269
3.00025502
3.00002701
3.00001315
3.00001542
3.00000921
3.00000707
3.00000884
3.00001067
3.00004040
3.00001430
3.00000704
3.00000763
3.00000818
3.00001064
3.00001217
3.00001321
3.00001242
3.00001077
3.00001534
3.00001203
3.00002948
3.00002754
3.00003900
3.00004035
3.00005879
3.00044505
3.00011451
3.00019207
3.00020601
3.00040540
3.00014862
3.00007760
3.00007571
3.00009412
3.00015693
3.00017422
3.00002956
3.00002333
3.00012500
3.00007207
3.00009951
3.00014404
3.00009889
3.00005457
3.00006569
3.00006948
3.00008528
3.00006856
3.00004357
3.00003797
3.00003176
3.00003087
3.00002539
3.00001314
3.00002525
3.00004959
3.00011227
3.00006500
3.00019505
3.00034943
3.00031574
3.00062640
3.00154458
3.00264990
3.00200963
3.00247770
3.00083601
3.00033778
3.00015318
3.00004112
3.00003765
3.00001338
3.00003902
3.00001945
3.00000466
3.00000774
3.00000363
3.00000532
3.00000371
3.00000840
3.00000932
3.00001484
3.00001283
3.00001577
3.00002675
3.00002179
3.00001267
3.00002402
3.00003544
3.00005832
3.00006628
3.00002499
3.00000986
3.00000539
3.00001137
3.00001274
3.00002458
3.00001786
3.00001307
3.00000746
3.00000599
3.00000464
3.00000374
3.00000658
3.00000469
3.00000511
3.00000412
3.00000339
3.00001482
3.00002826
3.00003661
3.00002817
3.00001383
3.00001033
3.00000642
3.00001192
3.00002104
3.00003282
3.00003016
3.00004941
3.00006085
3.00014316
3.00021515
3.00017351
3.00012098
3.00009349
3.00010103
3.00015004
3.00012906
3.00010119
3.00004945
3.00003896
3.00004085
3.00003551
3.00002804
3.00002655
3.00002569
3.00003400
3.00004600
3.00005936
3.00006989
3.00007708
3.00008643
3.00014884
3.00012076
3.00011259
3.00011054
3.00022273
3.00050789
3.00101783
3.00150447
3.00197268
3.00260005
3.00194132
3.00042321
3.00032809
3.00028025
3.00005548
3.00005462
3.00001106
3.00000665
3.00000561
3.00000288
3.00000263
3.00000193
3.00000499
3.00000760
3.00000456
3.00000495
3.00000370
3.00000220
3.00000240
3.00000610
3.00000575
3.00000696
3.00000739
3.00000406
3.00000252
3.00000553
3.00001099
3.00000613
3.00001884
3.00007304
3.00007695
3.00020230
3.00058240
3.00155002
3.00606136
3.00220485
3.00095388
3.00139654
3.00080671
3.00063297
3.00063370
3.00085368
3.00063371
3.00012355
3.00003028
3.00003770
3.00002435
3.00001845
3.00001246
3.00000805
3.00000324
3.00000203
3.00000133
3.00000071
3.00000066
3.00000154
3.00000114
3.00000055
3.00000068
3.00000125
3.00000150
3.00000183
3.00000143
3.00000202
3.00000258
3.00000154
3.00000094
3.00000056
3.00000061
3.00000102
3.00000243
3.00000272
3.00000105
3.00000082
3.00000126
3.00000237
3.00000280
3.00000431
3.00000494
3.00000155
3.00000229
3.00000266
3.00000286
3.00000457
3.00000787
3.00000690
3.00000624
3.00000681
3.00000566
3.00000142
3.00000200
3.00000317
3.00000340
3.00000625
3.00000622
3.00000645
3.00001798
3.00005118
3.00005747
3.00007936
3.00004668
3.00004460
3.00002689
3.00003398
3.00004526
3.00004292
3.00005167
3.00006267
3.00004300
3.00002897
3.00001909
3.00001483
3.00001611
3.00000766
3.00001489
3.00002989
3.00006874
3.00014916
3.00021251
3.00021067
3.00013876
3.00011849
3.00016426
3.00010596
3.00004520
3.00003716
3.00002815
3.00001865
3.00002026
3.00002468
3.00001859
3.00001158
3.00000374
3.00000300
3.00000357
3.00000426
3.00000398
3.00000504
3.00000511
3.00000796
3.00000825
3.00000723
3.00001074
3.00001245
3.00001493
3.00002214
3.00002099
3.00002234
3.00002793
3.00002883
3.00002848
3.00003668
3.00002733
3.00002117
3.00001325
3.00000427
3.00000242
3.00000164
3.00000129
3.00000138
3.00000323
3.00000130
3.00000147
3.00000314
3.00000728
3.00000339
3.00000274
3.00000353
3.00000438
3.00000197
3.00000304
3.00000087
3.00000191
3.00000241
3.00000431
3.00000526
3.00000741
3.00001126
3.00000614
3.00001193
3.00001497
3.00000435
3.00000314
3.00000679
3.00001439
3.00003243
3.00009029
3.00011195
3.00009322
3.00008626
3.00004399
3.00003392
3.00001042
3.00000600
3.00000708
3.00000729
3.00000718
3.00000919
3.00002386
3.00004290
3.00008018
3.00020309
3.00030604
3.00061170
3.00041474
3.00010157
3.00012581
3.00015276
3.00009393
3.00006432
3.00005469
3.00001949
3.00000671
3.00001077
3.00002136
3.00012300
3.00002434
3.00001043
3.00001603
3.00001356
3.00001495
3.00001962
3.00002175
3.00002551
3.00001362
3.00002756
3.00001025
3.00002275
3.00006001
3.00005476
3.00002599
3.00005551
3.00003275
3.00000950
3.00001680
3.00003255
3.00004379
3.00020211
3.00005823
3.00001483
3.00000789
3.00000320
3.00000271
3.00001406
3.00001406
3.00000780
3.00000685
3.00000735
3.00000469
3.00000817
3.00000959
3.00003486
3.00003330
3.00005157
3.00005927
3.00003718
3.00006100
3.00014974
3.00013446
3.07618454
3.52942143
4.47602234
5.75282103
7.60264559
9.27600666
9.40777335
11.34852968
13.69559280
12.94613103
10.17118929
7.62076241
6.46974698
6.39890830
5.42524958
4.55865633
4.59846457
4.17692095
3.71246941
3.32574450
3.39101322
3.39439106
3.17156318
3.14572890
3.11387812
3.07865089
3.10811731
3.08562080
3.16179818
3.37599060
3.98797892
5.70458567
7.23582522
10.05645206
9.80996148
9.68313710
13.98835829
9.69960081
8.00996459
7.71150445
5.94098568
6.05936962
5.78420411
6.67005148
5.78238057
8.61267559
8.91120864
9.69111982
7.09556195
5.99731032
5.24913606
3.45389249
3.17772963
3.25204701
3.14230498
3.02476548
3.09760625
3.05017868
3.00838126
3.01738658
3.01178029
3.00644777
3.00461459
3.00081838
3.00164076
3.00535627
3.00360428
3.00277687
3.01148646
3.02207569
3.02675886
3.02532335
3.07011042
3.14044534
3.27454353
3.26688069
3.31695952
3.14615298
3.07497190
3.05344758
3.05728652
3.01143973
3.00885646
3.02010725
3.01978072
3.03623419
3.01966852
3.01893207
3.01775902
3.04639260
3.03013106
3.03907729
3.04069004
3.02999086
3.04103733
3.05693902
3.04513166
3.08428516
3.03123131
3.05822179
3.02908956
3.02675689
3.02148066
3.01874806
3.03317863
3.02702407
3.01055103
3.02107239
3.02985081
3.01494516
3.01096356
3.00792756
3.01447381
3.00956956
3.01685039
3.01377754
3.01203574
3.00634842
3.01099608
3.00888907
3.01063852
3.00422408
3.00357777
3.00623940
3.02867392
3.03288923
3.02658369
3.03327622
3.05950579
3.08481715
3.06919566
3.29316236
3.23242576
3.13469776
3.41967725
3.16624021
3.10093016
3.05218141
3.03308058
3.07890987
3.20147544
3.23192178
3.25294366
3.20332078
3.04279206
3.00713812
3.00588393
3.00508089
3.00280270
3.00111169
3.00185283
3.00524163
3.00332600
3.03197265
3.01382875
3.01942310
3.03684686
3.04692118
3.03176289
3.01867282
3.02406867
3.10420653
3.02061568
3.01628322
3.01766840
3.01129127
3.00930806
3.00705470
3.02069568
3.01864007
3.03303190
3.01847777
3.01622800
3.00807272
3.00523951
3.01457065
3.00787114
3.01125758
3.01085927
3.00930877
3.00696168
3.01367400
3.01495470
3.03380932
3.11387596
3.05714395
3.03001423
3.00457917
3.00384907
3.00096690
3.00230061
3.00052380
3.00125540
3.00052517
3.00295826
3.00786222
3.03666356
3.12520426
3.31208570
3.28910258
3.39627189
3.32920759
3.17726505
3.06736504
3.03811739
3.02252338
3.01573859
3.00769215
3.00721797
3.02503233
3.01086874
3.06133856
3.03900266
3.05793314
3.29097732
3.13626224
3.24156884
3.27932469
3.08546531
3.19194758
3.18098104
3.22458453
3.51141508
3.07298661
3.07694994
3.13090888
3.02808836
3.02744542
3.09633786
3.03788546
3.00517261
3.00238933
3.00056474
3.00068743
3.00021190
3.00043964
3.00011693
3.00027674
3.00063116
3.00864448
3.01039250
3.01113781
3.02445187
3.02355392
3.03709595
3.02614160
3.07052423
3.04240256
3.03659421
3.01461726
3.07173476
3.02883504
3.01461107
3.03102968
3.03769999
3.04283796
3.07145045
3.04863449
3.04518173
3.02108946
3.00232078
3.00099994
3.00043498
3.00023328
3.00009519
3.00006749
3.00003295
3.00002667
3.00001664
3.00001146
3.00000659
3.00000454
3.00000368
3.00000269
3.00000300
3.00000379
3.00000527
3.00000512
3.00000797
3.00001046
3.00001115
3.00001845
3.00004285
3.00006811
3.00007272
3.00009107
3.00021216
3.00048415
3.00070549
3.00063175
3.00028686
3.00023566
3.00012526
3.00008270
3.00003295
3.00001651
3.00001434
3.00001421
3.00001267
3.00001456
3.00001109
3.00001411
3.00001192
3.00000806
3.00001279
3.00001785
3.00009870
3.00012097
3.00004235
3.00007289
3.00016719
3.00041965
3.00059503
3.00056903
3.00091186
3.00117470
3.00107777
3.00146917
3.00174205
3.00182301
3.00183106
3.00109444
3.00026177
3.00008161
3.00003384
3.00002501
3.00003188
3.00002634
3.00001299
3.00000781
3.00000616
3.00000630
3.00000645
3.00000523
3.00000396
3.00000539
3.00001090
3.00001560
3.00003289
3.00001920
3.00001982
3.00001425
3.00000696
3.00000878
3.00000837
3.00000456
3.00000282
3.00000384
3.00000300
3.00000351
3.00000365
3.00000562
3.00000408
3.00000716
3.00000498
3.00000565
3.00000818
3.00001172
3.00000919
3.00000892
3.00000847
3.00000900
3.00001142
3.00001710
3.00001319
3.00000692
3.00000518
3.00000639
3.00001271
3.00000929
3.00000953
3.00001512
3.00005453
3.00001871
3.00001346
3.00000998
3.00001091
3.00000891
3.00001332
3.00001051
3.00000937
3.00001503
3.00000749
3.00000834
3.00000759
3.00000600
3.00000777
3.00000652
3.00000916
3.00000780
3.00000624
3.00000489
3.00000822
3.00000590
3.00001401
3.00000656
3.00001229
3.00001055
3.00001387
3.00001371
3.00002506
3.00005253
3.00002919
3.00003462
3.00001957
3.00002596
3.00004839
3.00003096
3.00003149
3.00002379
3.00002262
3.00001246
3.00002260
3.00000855
3.00000867
3.00000759
3.00001098
3.00000725
3.00000766
3.00000834
3.00001439
3.00002264
3.00001319
3.00000989
3.00000937
3.00000941
3.00000976
3.00000794
3.00000944
3.00001309
3.00001717
3.00001253
3.00001836
3.00002362
3.00002509
3.00003055
3.00000991
3.00000738
3.00000700
3.00000683
3.00000795
3.00000917
3.00000589
3.00000600
3.00000558
3.00000550
3.00000449
3.00000710
3.00001688
3.00005934
3.00011489
3.00010366
3.00006891
3.00003221
3.00000899
3.00000592
3.00000452
3.00000415
3.00000834
3.00001805
3.00002715
3.00005366
3.00004622
3.00001959
3.00000772
3.00000978
3.00001464
3.00001778
3.00002272
3.00004133
3.00003866
3.00003824
3.00004313
3.00006313
3.00006161
3.00008104
3.00008884
3.00018844
3.00028977
3.00033599
3.00026123
3.00020585
3.00011701
3.00008298
3.00014511
3.00017195
3.00052495
3.00098657
3.00302759
3.00448095
3.00307755
3.00191558
3.00118897
3.00070228
3.00071786
3.00080049
3.00117103
3.00045600
3.00013029
3.00007311
3.00007584
3.00006742
3.00006117
3.00005774
3.00006005
3.00006730
3.00006412
3.00006948
3.00007816
3.00008062
3.00011487
3.00014273
3.00015632
3.00015684
3.00010362
3.00014790
3.00008772
3.00008932
3.00009320
3.00008915
3.00009467
3.00012355
3.00012251
3.00014926
3.00014076
3.00009461
3.00009174
3.00012938
3.00011659
3.00009339
3.00008952
3.00009835
3.00006110
3.00005589
3.00005014
3.00003861
3.00002623
3.00003205
3.00002742
3.00000804
3.00000616
3.00001142
3.00002002
3.00001713
3.00002446
3.00002233
3.00003044
3.00004433
3.00003901
3.00004699
3.00003753
3.00005776
3.00007312
3.00017566
3.00020750
3.00033526
3.00045071
3.00040502
3.00050913
3.00050202
3.00056520
3.00043375
3.00041601
3.00043516
3.00054253
3.00051315
3.00053213
3.00085604
3.00095677
3.00130231
3.00213384
3.00252262
3.00297189
3.00303115
3.00313082
3.00294481
3.00241972
3.00221265
3.00250612
3.00369258
3.00516230
3.00669308
3.00791092
3.00974033
3.01139581
3.01421069
3.01260493
3.01130035
3.00794786
3.00484215
3.00235289
3.00154389
3.00114252
3.00108903
3.00091414
3.00093533
3.00127851
3.00181603
3.00286288
3.00445734
3.00452573
3.00355220
3.00302809
3.00207262
3.00170544
3.00133616
3.00072894
3.00065876
3.00040812
3.00042441
3.00045149
3.00057102
3.00052006
3.00077685
3.00039979
3.00025472
3.00048261
3.00087093
3.00088940
3.00069426
3.00039193
3.00036065
3.00036764
3.00155577
3.00136189
3.00088537
3.00041513
3.00039022
3.00027156
3.00017405
3.00005955
3.00002490
3.00001489
3.00001704
3.00001291
3.00001903
3.00002676
3.00005756
3.00007365
3.00015101
3.00016726
3.00015364
3.00011966
3.00008817
3.00024260
3.00022499
3.00051352
3.00050712
3.00114999
3.00159503
3.00362266
3.00519409
3.00599040
3.00654234
3.00472900
3.00382262
3.00241974
3.00143327
3.00135346
3.00110922
3.00123412
3.00114640
3.00104534
3.00124702
3.00076799
3.00072481
3.00079655
3.00073067
3.00083306
3.00076644
3.00066119
3.00074796
3.00069491
3.00041513
3.00037825
3.00057711
3.00040775
3.00051784
3.00044533
3.00036451
3.00041147
3.00047421
3.00069759
3.00105602
3.00185017
3.00229603
3.00235149
3.00614625
3.00834744
3.01292730
3.01349706
3.02041687
3.02589840
3.02721325
3.01900491
3.02714095
3.03201314
3.03469046
3.04254067
3.05588565
3.05491252
3.06355710
3.05878187
3.07268919
3.06647200
3.05221347
3.03892652
3.02737495
3.01625766
3.00886531
3.00456438
3.00261303
3.00185845
3.00126040
3.00077446
3.00031206
3.00016601
3.00049276
3.00245999
3.00595927
3.00905262
3.01771608
3.01575078
3.01318868
3.00755542
3.00453441
3.00240964
3.00140482
3.00132937
3.00099635
3.00178420
3.00116314
3.00030289
3.00026796
3.00042838
3.00023579
3.00019699
3.00027743
3.00023715
3.00009960
3.00006864
3.00007707
3.00004450
3.00004162
3.00002560
3.00001056
3.00000426
3.00000912
3.00001790
3.00000913
3.00000636
3.00000582
3.00000647
3.00000531
3.00000894
3.00001926
3.00000619
3.00000905
3.00001905
3.00002823
3.00003427
3.00006484
3.00017440
3.00014160
3.00018039
3.00016020
3.00007679
3.00009626
3.00010007
3.00019978
3.00034940
3.00017124
3.00007746
3.00007121
3.00008692
3.00008283
3.00013538
3.00009972
3.00017568
3.00015054
3.00020361
3.00026514
3.00027167
3.00023734
3.00026573
3.00018600
3.00019884
3.00046463
3.00063676
3.00056497
3.00060368
3.00078780
3.00049241
3.00039082
3.00063011
3.00075459
3.00069867
3.00134925
3.00256583
3.00227950
3.00201263
3.00217702
3.00211052
3.00096332
3.00268247
3.00283165
3.00454351
3.00416455
3.00341749
3.00231165
3.00187959
3.00157268
3.00088286
3.00078921
3.00127134
3.00221209
3.00349025
3.00167510
3.00115504
3.00080283
3.00102845
3.00052972
3.00076073
3.00250385
3.00447764
3.00730513
3.00747917
3.00384520
3.00216430
3.00229688
3.00176987
3.00118555
3.00097657
3.00083747
3.00192232
3.00327295
3.00178601
3.00062021
3.00032403
3.00030892
3.00030077
3.00037451
3.00047152
3.00048767
3.00036938
3.00041342
3.00063498
3.00038640
3.00041670
3.00046289
3.00064153
3.00134791
3.00123965
3.00075664
3.00031332
3.00029736
3.00048599
3.00055022
3.00090272
3.00113571
3.00150850
3.00126760
3.00112335
3.00075007
3.00086778
3.00104170
3.00087824
3.00091401
3.00096918
3.00167302
3.00261975
3.00301606
3.00359830
3.00212011
3.00192081
3.00114663
3.00123902
3.00053574
3.00048334
3.00108510
3.00062451
3.00043439
3.00043775
3.00031270
3.00029040
3.00018404
3.00026249
3.00018688
3.00018432
3.00014145
3.00014777
3.00010186
3.00005555
3.00006311
3.00005788
3.00007306
3.00006836
3.00018007
3.00048945
3.00076327
3.00094899
3.00114108
3.00312518
3.00343664
3.00154560
3.00133486
3.00132630
3.00090349
3.00116884
3.00069377
3.00045967
3.00029087
3.00024747
3.00014860
3.00003143
3.00001835
3.00002863
3.00000991
3.00000437
3.00000510
3.00000558
3.00000483
3.00001811
3.00000952
3.00000828
3.00000478
3.00000199
3.00000249
3.00000708
3.00000973
3.00000431
3.00000724
3.00000251
3.00000345
3.00000302
3.00000291
3.00002656
3.00001014
3.00001354
3.00001142
3.00001374
3.00001690
3.00003514
3.00005467
3.00003348
3.00003584
3.00001803
3.00001090
3.00000363
3.00000357
3.00000493
3.00000644
3.00000907
3.00001641
3.00002449
3.00003846
3.00009170
3.00022010
3.00032131
3.00056629
3.00045552
3.00037731
3.00023262
3.00017200
3.00012369
3.00007714
3.00008604
3.00020102
3.00029002
3.00028667
3.00032000
3.00020970
3.00022408
3.00020571
3.00028092
3.00026699
3.00014805
3.00005212
3.00007020
3.00009911
3.00011207
3.00007503
3.00005138
3.00004176
3.00002844
3.00001950
3.00001526
3.00001915
3.00003300
3.00003349
3.00015278
3.00009887
3.00009475
3.00006943
3.00011836
3.00016358
3.00022636
3.00013796
3.00011180
3.00013955
3.00006325
3.00003101
3.00001324
3.00000863
3.00001698
3.00001160
3.00000986
3.00001121
3.00002010
3.00004918
3.00005719
3.00006149
3.00010561
3.00011007
3.00010429
3.00034842
3.00052108
3.00058893
3.00043331
3.00018052
3.00016021
3.00020836
3.00031520
3.00035525
3.00041306
3.00021809
3.00013883
3.00010557
3.00014005
3.00013251
3.00010893
3.00007118
3.00006502
3.00010963
3.00008324
3.00006720
3.00005306
3.00002908
3.00002361
3.00002452
3.00003169
3.00004045
3.00004550
3.00009145
3.00019738
3.00021273
3.00034512
3.00069467
3.00115546
3.00199450
3.00162840
3.00080538
3.00060712
3.00040156
3.00037155
3.00022787
3.00012293
3.00009088
3.00006714
3.00005663
3.00006468
3.00012514
3.00019530
3.00011795
3.00008198
3.00004721
3.00005576
3.00011342
3.00011824
3.00012180
3.00006590
3.00002450
3.00002230
3.00001277
3.00000532
3.00000260
3.00000172
3.00000336
3.00000332
3.00000479
3.00000738
3.00000991
3.00000435
3.00001128
3.00002474
3.00002061
3.00002392
3.00001711
3.00000917
3.00001285
3.00001134
3.00001162
3.00001339
3.00001561
3.00001531
3.00001357
3.00002401
3.00002686
3.00005939
3.00009867
3.00025259
3.00037068
3.00033269
3.00047449
3.00044284
3.00051369
3.00048173
3.00042929
3.00045301
3.00064472
3.00075486
3.00081480
3.00103645
3.00132605
3.00151127
3.00133553
3.00123138
3.00117757
3.00086315
3.00073352
3.00063235
3.00048504
3.00031204
3.00026372
3.00040681
3.00035812
3.00033345
3.00023535
3.00022794
3.00013778
3.00009648
3.00004801
3.00002966
3.00002244
3.00001965
3.00002697
3.00008338
3.00015074
3.00016680
3.00025813
3.00042236
3.00052892
3.00086747
3.00111207
3.00097365
3.00121905
3.00170030
3.00241567
3.00342476
3.00419179
3.00539408
3.00376740
3.00434026
3.00915133
3.01660998
3.01353941
3.00437640
3.00155814
3.00064304
3.00030996
3.00019272
3.00039418
3.00121151
3.00235017
3.00413779
3.00570061
3.00388772
3.00194738
3.00060931
3.00016575
3.00009720
3.00009500
3.00008297
3.00005476
3.00001909
3.00001267
3.00001917
3.00001448
3.00002921
3.00003473
3.00001362
3.00001148
3.00001806
3.00006157
3.00006314
3.00009866
3.00005540
3.00004113
3.00003461
3.00004308
3.00006401
3.00006527
3.00009643
3.00004471
3.00003414
3.00005422
3.00004739
3.00004558
3.00003604
3.00002626
3.00004745
3.00002577
3.00002089
3.00002570
3.00002893
3.00003477
3.00004913
3.00004169
3.00003242
3.00005943
3.00003739
3.00004098
3.00003749
3.00003629
3.00003236
3.00004161
3.00002752
3.00002566
3.00002463
3.00001898
3.00002981
3.00002295
3.00003497
3.00003199
3.00004539
3.00003623
3.00003119
3.00002643
3.00002049
3.00002161
3.00001501
3.00002143
3.00001757
3.00001419
3.00001104
3.00000819
3.00000795
3.00000964
3.00001450
3.00001920
3.00001865
3.00001424
3.00000625
3.00000555
3.00000443
3.00000436
3.00000447
3.00000452
3.00000671
3.00000794
3.00001346
3.00001433
3.00001540
3.00003948
3.00003035
3.00002738
3.00002668
3.00001630
3.00001049
3.00002598
3.00003479
3.00004316
3.00002774
3.00001955
3.00001948
3.00001956
3.00001435
3.00001806
3.00002188
3.00002495
3.00004062
3.00011155
3.00035833
3.00092899
3.00214485
3.00502330
3.00769871
3.00727391
3.00480294
3.00243253
3.00168242
3.00065332
3.00048818
3.00029566
3.00038123
3.00044227
3.00028803
3.00028463
3.00027501
3.00028055
3.00083532
3.00125913
3.00070633
3.00109799
3.00150116
3.00530153
3.01628835
3.03528524
3.05833259
3.14682439
3.28648361
3.89040676
3.41538774
3.20994105
3.28378741
3.14490492
3.79330385
4.50226813
4.90441385
6.52781408
7.73039230
8.72562280
8.34866768
7.97190077
5.74160718
3.81356085
3.65328244
3.83280379
4.34499596
4.48224051
4.54530584
4.62323501
4.31596877
3.99794290
4.25398063
4.05792776
4.24383948
4.52372870
3.80244791
5.80338365
6.05663787
5.72563754
4.88524996
5.58696616
4.52200252
5.60010808
4.23702589
4.09871843
4.18451182
4.89871851
5.79754831
5.85752704
6.72605440
8.51990532
6.75933398
7.85554574
7.71828292
5.86134731
6.16173628
5.04353825
3.74118691
3.28113946
3.11907882
3.07750806
3.08606895
3.11043997
3.08041780
3.08916976
3.06168982
3.14535367
3.23874493
3.22750794
3.29983141
3.34585364
3.21935779
3.24981449
3.32189744
3.35682643
3.83411362
4.72744667
4.94867456
3.81328362
3.44667352
3.98841636
4.52944761
3.85431017
5.22488969
5.88432112
5.39269168
5.00756595
6.27606662
4.63406841
3.87793294
3.62461960
4.12676380
3.72185275
3.92023554
4.15101267
4.00108432
3.97838383
3.93137611
3.99108930
3.67106446
4.58873939
4.27341129
3.45426393
4.63559380
4.14093613
4.45810328
3.80463960
3.55490165
3.52408639
3.71064754
3.48576049
3.25783931
4.23268638
4.58833761
3.79079103
3.78673402
3.44370192
3.70925624
4.21639760
4.09685167
5.04896467
5.04423980
3.37301948
3.15413075
3.10636979
3.17303033
3.40126831
3.73605494
4.29515664
5.01908208
4.07879927
3.48003837
3.12645108
3.22339131
3.61835869
3.74756602
4.15201933
3.50398466
3.47766614
3.58607933
4.10518838
3.85720406
4.09364327
4.91420802
6.49056920
6.31874849
4.12963517
3.59143635
3.31908123
3.27612802
3.54716666
3.95190563
4.23726444
3.99509401
3.54656793
3.52776685
3.77779939
3.93376992
4.22273595
4.16954470
3.70947128
3.26720879
3.56631981
3.54368549
3.34600696
3.28943833
3.40541734
3.45588222
4.33746837
4.46640748
4.46040770
4.42782598
4.26283446
3.59951424
4.04127199
4.01316401
3.40677024
3.22057344
3.27811085
3.53978481
3.68966066
3.32516252
3.28263046
3.19096944
3.16874383
3.14520807
3.11385871
3.20117782
3.35836149
3.66803571
3.45785642
3.42798846
3.16834249
3.19395734
3.27578763
3.60166981
3.41136551
3.35532506
3.29540450
3.39644875
3.73475295
3.98286388
4.82202169
5.66978263
4.92753894
4.99845725
5.13597592
3.61354286
4.33513522
4.24749868
4.16894157
4.01147230
4.51353617
4.84802698
5.51521275
5.07886459
4.51148851
3.27128126
3.06803871
3.01194337
3.00226322
3.00065375
3.00029198
3.00025676
3.00022367
3.00017539
3.00010904
3.00004487
3.00002224
3.00001424
3.00001193
3.00001457
3.00001493
3.00001774
3.00002652
3.00004723
3.00004148
3.00003523
3.00004478
3.00004010
3.00004630
3.00005220
3.00004710
3.00005668
3.00005061
3.00004329
3.00001850
3.00001296
3.00001135
3.00000978
3.00000849
3.00001167
3.00000596
3.00000497
3.00000615
3.00001180
3.00003497
3.00007316
3.00015105
3.00028827
3.00037029
3.00041624
3.00054812
3.00099749
3.00142010
3.00136420
3.00132186
3.00095554
3.00063086
3.00048966
3.00049010
3.00113977
3.00121954
3.00141477
3.00081995
3.00073454
3.00098205
3.00114904
3.00148148
3.00127791
3.00123683
3.00088872
3.00063502
3.00067135
3.00082101
3.00078604
3.00097563
3.00068492
3.00072570
3.00066987
3.00074438
3.00029651
3.00015763
3.00013001
3.00011584
3.00020919
3.00045331
3.00065346
3.00105403
3.00127521
3.00165387
3.00159160
3.00097350
3.00038366
3.00019145
3.00014057
3.00014704
3.00013272
3.00013337
3.00017622
3.00025880
3.00036307
3.00059456
3.00046769
3.00039415
3.00046008
3.00029059
3.00017309
3.00015115
3.00037548
3.00048170
3.00054283
3.00056183
3.00050086
3.00054641
3.00060487
3.00088781
3.00068834
3.00071117
3.00082512
3.00110728
3.00103797
3.00195089
3.00180315
3.00254496
3.00306938
3.00188948
3.00332589
3.00469575
3.00436858
3.00327899
3.00210909
3.00119220
3.00106007
3.00105797
3.00090768
3.00111269
3.00099151
3.00076076
3.00062487
3.00064923
3.00109366
3.00111045
3.00135559
3.00173170
3.00124571
3.00120086
3.00108272
3.00091053
3.00087535
3.00085287
3.00084807
3.00078383
3.00077417
3.00073551
3.00088064
3.00099079
3.00114913
3.00076442
3.00049654
3.00040026
3.00040863
3.00047918
3.00040797
3.00050901
3.00026203
3.00024465
3.00019166
3.00019537
3.00016555
3.00020173
3.00022741
3.00012480
3.00009728
3.00010175
3.00008529
3.00007009
3.00006661
3.00011428
3.00006946
3.00008082
3.00007120
3.00006578
3.00006036
3.00007117
3.00006744
3.00005936
3.00006502
3.00006207
3.00005942
3.00005116
3.00004440
3.00003681
3.00003031
3.00002121
3.00001872
3.00001405
3.00001454
3.00001209
3.00001397
3.00001424
3.00002080
3.00002524
3.00002674
3.00003389
3.00003060
3.00003324
3.00003368
3.00003916
3.00004123
3.00003557
3.00003220
3.00002994
3.00002299
3.00001990
3.00001880
3.00002539
3.00003729
3.00002959
3.00002799
3.00002169
3.00001776
3.00001566
3.00001894
3.00001563
3.00002119
3.00003236
3.00003293
3.00004027
3.00007157
3.00009142
3.00008229
3.00008722
3.00008681
3.00007009
3.00006785
3.00005912
3.00003654
3.00002575
3.00001463
3.00001291
3.00001391
3.00001013
3.00001635
3.00003109
3.00001724
3.00001214
3.00000935
3.00000914
3.00001125
3.00000854
3.00000878
3.00000564
3.00000597
3.00000583
3.00000829
3.00000776
3.00000940
3.00001041
3.00001453
3.00002206
3.00002497
3.00004454
3.00004946
3.00005124
3.00005937
3.00007093
3.00004104
3.00003861
3.00003599
3.00002932
3.00002659
3.00002013
3.00001636
3.00001789
3.00001668
3.00001267
3.00001138
3.00000771
3.00000820
3.00000893
3.00001162
3.00001238
3.00001253
3.00000718
3.00000659
3.00000712
3.00000871
3.00000911
3.00001519
3.00001202
3.00001094
3.00000937
3.00000834
3.00001030
3.00001175
3.00000984
3.00000848
3.00001128
3.00001111
3.00001048
3.00001047
3.00001807
3.00002385
3.00001883
3.00001292
3.00001453
3.00001127
3.00001486
3.00001627
3.00001694
3.00001617
3.00001589
3.00001517
3.00001452
3.00001683
3.00001325
3.00001669
3.00002825
3.00002298
3.00003199
3.00005974
3.00005998
3.00018252
3.00018870
3.00019850
3.00009712
3.00003269
3.00002858
3.00005290
3.00006619
3.00007472
3.00013093
3.00013755
3.00011453
3.00008858
3.00021353
3.00014823
3.00009054
3.00005335
3.00004538
3.00005730
3.00008623
3.00009964
3.00018220
3.00012091
3.00013645
3.00017779
3.00021349
3.00034735
3.00032332
3.00034738
3.00029145
3.00031982
3.00037410
3.00074686
3.00054208
3.00045293
3.00035148
3.00036400
3.00034641
3.00023269
3.00020925
3.00023768
3.00019225
3.00021278
3.00020327
3.00019041
3.00020826
3.00022922
3.00023102
3.00028917
3.00038533
3.00035562
3.00031967
3.00034795
3.00025788
3.00022610
3.00013398
3.00017756
3.00021110
3.00015443
3.00012501
3.00012374
3.00007063
3.00006365
3.00006898
3.00006163
3.00003611
3.00003290
3.00002784
3.00003179
3.00003385
3.00002612
3.00004337
3.00003846
3.00004681
3.00004567
3.00004409
3.00010445
3.00008189
3.00008205
3.00010933
3.00008749
3.00006983
3.00008345
3.00006356
3.00005323
3.00005950
3.00006697
3.00010231
3.00013905
3.00021887
3.00034023
3.00037030
3.00040741
3.00041406
3.00037544
3.00032121
3.00028379
3.00025813
3.00011784
3.00012768
3.00013839
3.00013859
3.00034197
3.00048774
3.00018070
3.00011806
3.00010225
3.00011525
3.00007336
3.00007015
3.00006231
3.00007981
3.00011598
3.00019188
3.00020762
3.00020677
3.00023010
3.00022028
3.00023532
3.00022373
3.00016847
3.00014720
3.00010028
3.00007691
3.00007314
3.00008935
3.00012895
3.00015093
3.00012595
3.00012240
3.00009467
3.00013653
3.00013686
3.00020201
3.00021651
3.00022223
3.00030121
3.00043142
3.00066256
3.00060584
3.00036290
3.00028112
3.00027943
3.00024498
3.00023261
3.00020420
3.00018114
3.00015838
3.00012561
3.00009991
3.00007564
3.00005947
3.00004378
3.00004304
3.00004527
3.00004250
3.00003821
3.00002884
3.00002402
3.00002136
3.00001911
3.00003723
3.00009625
3.00031135
3.00063488
3.00066142
3.00042932
3.00025689
3.00015536
3.00005541
3.00001681
3.00000830
3.00001220
3.00001370
3.00000880
3.00001064
3.00001405
3.00002324
3.00004021
3.00006345
3.00006239
3.00005072
3.00003362
3.00003304
3.00003429
3.00004850
3.00003270
3.00004208
3.00002653
3.00002588
3.00002784
3.00002634
3.00003260
3.00004000
3.00005276
3.00007341
3.00006738
3.00005851
3.00003686
3.00002368
3.00001381
3.00001161
3.00001857
3.00004240
3.00004682
3.00003144
3.00003727
3.00003550
3.00003664
3.00004943
3.00004170
3.00002529
3.00001554
3.00000986
3.00001030
3.00001498
3.00001661
3.00002360
3.00002922
3.00002734
3.00004541
3.00007533
3.00030210
3.00118593
3.00246685
3.00467594
3.00566450
3.00860676
3.00748192
3.00450312
3.00213804
3.00143184
3.00061949
3.00021684
3.00001998
3.00001386
3.00002872
3.00007718
3.00007675
3.00003940
3.00003204
3.00001347
3.00001202
3.00000402
3.00000319
3.00000381
3.00000405
3.00000696
3.00000893
3.00000745
3.00001099
3.00001075
3.00001068
3.00001034
3.00000952
3.00000985
3.00001177
3.00001342
3.00001972
3.00000776
3.00000563
3.00000582
3.00000589
3.00000541
3.00000406
3.00000494
3.00000537
3.00000282
3.00000240
3.00000255
3.00000303
3.00000289
3.00000392
3.00000386
3.00000935
3.00001108
3.00001225
3.00001634
3.00001646
3.00001439
3.00003083
3.00002460
3.00002183
3.00000865
3.00002102
3.00002021
3.00001566
3.00001515
3.00001325
3.00001290
3.00000937
3.00001146
3.00000807
3.00000928
3.00001430
3.00005421
3.00001890
3.00004582
3.00003221
3.00010311
3.00010025
3.00011332
3.00009145
3.00009675
3.00010972
3.00006733
3.00006251
3.00005274
3.00005734
3.00006852
3.00005509
3.00004838
3.00002845
3.00002909
3.00003927
