0.000000000
0.000000000
0.000000000
0.000000000
0.000000000
0.000000000
0.000000000
0.000000000
0.000000000
0.000000000
0.000000000
0.000000000
0.000000000
0.000000000
0.000000000
0.000000000
0.000000000
0.000000000
0.000000000
0.000000000
0.000000000
0.000000000
0.000000000
0.000000000
0.000000000
0.000000000
0.000000000
0.000000000
0.000000000
0.000000000
0.000000000
0.000000000
0.000000000
0.000000000
0.000000000
0.000000000
0.000000000
0.000000000
0.000000000
0.000000000
0.000000000
0.000000000
0.000000000
0.000000000
0.000000000
0.000000000
0.000000000
0.000000000
0.000000000
0.000000000
0.000000000
0.000000000
0.000000000
0.000000000
0.000000000
0.000000000
0.000000000
0.000000000
0.000000000
0.000000000
0.000000000
0.000000000
0.000000000
0.599725604
0.599400043
0.599613875
0.599420637
0.599486262
0.599312484
0.599012703
0.598848999
0.598810375
0.599007428
0.599255592
0.599333346
0.599483669
0.599670172
0.599958539
0.600355476
0.600426793
0.600682229
0.600661337
0.600989968
0.601183474
0.601066977
0.600701958
0.600798905
0.600923151
0.600742936
0.600472540
0.600376546
0.600002468
0.599775225
0.599651456
0.599787831
0.599635720
0.599148035
0.598939300
0.598890007
0.598730922
0.598467678
0.598652095
0.598660618
0.598370641
0.598492146
0.598356545
0.598043919
0.597356290
0.596821845
0.596115470
0.595582008
0.594658107
0.594073236
0.593911588
0.593741387
0.593125343
0.593307614
0.593451917
0.592605859
0.591842830
0.591389537
0.591497958
0.591750085
0.592331976
0.592818171
0.593067467
0.592261732
0.592899203
0.593402028
0.592804909
0.592520118
0.592785388
0.593903214
0.594680518
0.595157266
0.595714331
0.595646679
0.595025837
0.594563067
0.594105363
0.594068378
0.593735725
0.593850911
0.594769686
0.595434517
0.596187681
0.596446455
0.596774548
0.596838892
0.596866518
0.596626014
0.596500248
0.596389920
0.596345156
0.596645445
0.597220153
0.597794682
0.598125786
0.598195016
0.598565668
0.598878384
0.598674566
0.598282069
0.597850919
0.597637802
0.597348422
0.597084552
0.596791863
0.596308798
0.595198870
0.594855785
0.596092194
0.596690923
0.597368658
0.597584426
0.598146200
0.598485231
0.598371208
0.598481506
0.598812491
0.598797947
0.598444611
0.598741233
0.599120855
0.599254966
0.598962396
0.598411649
0.597985268
0.597408444
0.597035676
0.597071081
0.596491277
0.596131802
0.596013755
0.596202701
0.596009910
0.595964253
0.595703036
0.595371872
0.594222546
0.593124330
0.592268407
0.590782613
0.589414924
0.589125395
0.589592576
0.591813385
0.593676001
0.595486313
0.596899718
0.597967863
0.598727822
0.599289536
0.599642396
0.600067198
0.600264817
0.600536615
0.600841284
0.600905150
0.600740165
0.600412846
0.600177199
0.599848270
0.599362403
0.598479807
0.598383158
0.598388821
0.598933637
0.599460244
0.599882245
0.600207984
0.600294352
0.600404471
0.601191014
0.601844490
0.601889819
0.602017432
0.602047980
0.602035820
0.601901025
0.601934224
0.601811498
0.601820856
0.601795793
0.601569563
0.601949036
0.601776242
0.601674855
0.601276368
0.601480275
0.601657808
0.601780862
0.601873875
0.601981401
0.602034688
0.602172881
0.602180660
0.602291435
0.602380306
0.602644682
0.602522284
0.602536231
0.602533370
0.602444530
0.602636993
0.602598280
0.602867633
0.603297710
0.603565037
0.603927225
0.603938490
0.603902221
0.603790313
0.603700131
0.603592843
0.603485346
0.603226781
0.603235722
0.603012383
0.602843821
0.602701992
0.602663845
0.602744639
0.602737755
0.603114337
0.603042096
0.603162289
0.603107661
0.603316307
0.603449672
0.603823543
0.603708327
0.603784204
0.603648245
0.603381127
0.603125811
0.603228986
0.603154987
0.602888912
0.602934390
0.602921307
0.602882504
0.602645844
0.602560490
0.602478892
0.602620721
0.602638453
0.602567703
0.602448642
0.602399528
0.602483571
0.602629840
0.602863163
0.602834463
0.602922797
0.602961242
0.602820873
0.602993667
0.602965534
0.602963567
0.602856010
0.602657318
0.602557510
0.602473706
0.602347374
0.602150589
0.601920664
0.601666987
0.601542264
0.601501107
0.601680607
0.601776212
0.601733774
0.601867378
0.601695746
0.601603508
0.601473331
0.601137340
0.600761682
0.600168169
0.599566013
0.599004447
0.598563045
0.598930061
0.599501103
0.599608690
0.599921823
0.600102842
0.600395620
0.600513935
0.600541860
0.600612998
0.600364685
0.600274086
0.599900633
0.599830389
0.599392802
0.599148959
0.598871082
0.598870158
0.598828822
0.598513156
0.598694801
0.598715037
0.598769635
0.598730147
0.599078000
0.599290818
0.599570066
0.599674731
0.599758387
0.599731594
0.599850804
0.600121588
0.600264132
0.600260943
0.600365311
0.600255728
0.599965125
0.599785656
0.599961996
0.599812537
0.599643230
0.599627465
0.599700004
0.599884301
0.599837184
0.599832416
0.599747449
0.599553555
0.599613816
0.599605173
0.599363536
0.598864466
0.598345995
0.597953707
0.597989917
0.598038107
0.597948045
0.597833455
0.598005921
0.597788543
0.597830176
0.597847372
0.598124981
0.598359466
0.598761857
0.598809719
0.598894477
0.599193394
0.599192739
0.599204272
0.599364042
0.599347472
0.599341840
0.599232703
0.599487722
0.599501073
0.599838078
0.600060731
0.600037158
0.600023121
0.599623770
0.599391162
0.598869979
0.598851919
0.598440140
0.598031282
0.597611696
0.597399771
0.597497225
0.597591698
0.597877085
0.598136216
0.598114699
0.597805828
0.598129958
0.598417372
0.598832905
0.598512352
0.598555148
0.598773718
0.599353194
0.600023776
0.600298345
0.600693226
0.601040989
0.601283640
0.601501793
0.601606071
0.601717293
0.601707399
0.601810157
0.601709962
0.601636738
0.601530612
0.601582050
0.601802766
0.601958871
0.602184743
0.602170318
0.602191478
0.602373600
0.602329791
0.602283806
0.602516592
0.602672011
0.602803916
0.602832705
0.602828443
0.602963030
0.602964550
0.602972955
0.602809817
0.602621138
0.602514595
0.602503985
0.602444708
0.602322370
0.602125943
0.602227867
0.602246374
0.602332652
0.602429301
0.602509707
0.602582663
0.602667451
0.602938056
0.603021353
0.602893174
0.602954656
0.602884263
0.603003919
0.602919996
0.602847159
0.602694511
0.602244079
0.602258891
0.602313817
0.602396280
0.602157503
0.602114916
0.601696044
0.601870745
0.601867110
0.602091014
0.601874858
0.601709664
0.601566344
0.601539195
0.601648420
0.601658016
0.601839066
0.602134436
0.602262884
0.602180064
0.602268845
0.602178723
0.602243096
0.602331519
0.602279186
0.602274895
0.602306634
0.602177590
0.601779431
0.601695359
0.601478726
0.601638019
0.601774484
0.601760298
0.601686358
0.601694286
0.601647615
0.601341158
0.600894690
0.600258082
0.600061059
0.600081623
0.600145221
0.600248218
0.600049198
0.600021064
0.599922955
0.599937499
0.599911243
0.600020915
0.599959403
0.599885672
0.599640548
0.599256277
0.599379599
0.599221200
0.599068046
0.598800361
0.598671764
0.598857522
0.599142045
0.599154323
0.599110991
0.599043250
0.599179417
0.599149644
0.599067569
0.599050283
0.599089891
0.598890483
0.598836720
0.598850310
0.598743021
0.598401725
0.598126560
0.597750485
0.597386241
0.597195357
0.597042352
0.596730530
0.596378475
0.596355647
0.596425742
0.596444041
0.596474588
0.596564591
0.596554130
0.596489966
0.596519500
0.596552134
0.596202195
0.595242649
0.594775558
0.594289184
0.593955815
0.593573540
0.593354732
0.592968822
0.592558473
0.592202365
0.591986388
0.592100710
0.592390716
0.592674762
0.592753351
0.592561841
0.591947019
0.591535479
0.591300815
0.591490120
0.591663688
0.591855526
0.592027277
0.591942340
0.592044026
0.591986835
0.592159241
0.592412889
0.592502147
0.592447162
0.592152745
0.592078567
0.592073619
0.591962248
0.591832578
0.591503620
0.591174603
0.590863466
0.590466946
0.590413809
0.590367407
0.590263367
0.589993387
0.590128630
0.590100110
0.589838117
0.589515001
0.589785933
0.589878857
0.589776039
0.589918911
0.589519233
0.589090317
0.589184165
0.589423209
0.589523703
0.589394182
0.589214087
0.588979244
0.588655770
0.588610590
0.588548332
0.588465065
0.588050008
0.587711632
0.587846458
0.587632924
0.587581098
0.587581813
0.587618530
0.587911040
0.588298082
0.588675827
0.588651836
0.588618845
0.588453770
0.588235587
0.587639123
0.587363929
0.587123692
0.586991876
0.586692542
0.586701393
0.586413890
0.586233854
0.586134851
0.586034536
0.586033821
0.585875273
0.585507423
0.585345149
0.585318446
0.585310996
0.585364938
0.585619658
0.585760713
0.585915744
0.586178631
0.586244345
0.586268246
0.586215287
0.586296499
0.586335123
0.586366802
0.586512804
0.586639374
0.586717129
0.586943805
0.587383389
0.587748915
0.588062346
0.588223368
0.587987274
0.587682158
0.587259859
0.587038815
0.587017179
0.586973816
0.586726308
0.586548269
0.586599410
0.586682081
0.586772114
0.586883008
0.586855620
0.587040603
0.587219238
0.587681025
0.588118553
0.588472247
0.588776886
0.588811249
0.589081556
0.589328289
0.589454472
0.589243799
0.589213967
0.589265794
0.589314163
0.589297593
0.589273542
0.589354753
0.589342475
0.589301705
0.589253843
0.589399606
0.589532197
0.589555472
0.589703262
0.589725405
0.589638799
0.589625984
0.589581162
0.589676976
0.589589089
0.589617074
0.589676976
0.589733243
0.589591622
0.589369744
0.589042425
0.588765055
0.588610470
0.588392407
0.587867558
0.587725937
0.587527633
0.587573349
0.587648511
0.587916464
0.588065803
0.588172257
0.588515848
0.588871866
0.589236110
0.589377403
0.589369118
0.589243054
0.588897616
0.588705868
0.588657051
0.588663876
0.588866144
0.589063644
0.589238584
0.589534163
0.589722484
0.589891523
0.589972705
0.590147167
0.590087354
0.590138167
0.590128869
0.590129018
0.590025902
0.589786768
0.589435697
0.588829488
0.588069648
0.587395549
0.586880505
0.586533278
0.586403430
0.586538911
0.586676866
0.587070078
0.587023348
0.587140232
0.587104738
0.586768925
0.586393714
0.586360335
0.586633980
0.586622119
0.586421609
0.586737007
0.587186009
0.587742239
0.588170379
0.588563710
0.589029580
0.589324236
0.589481056
0.589483827
0.589496285
0.589471698
0.589177489
0.588876784
0.588914603
0.589061558
0.589323044
0.589528233
0.589500785
0.589299500
0.588957578
0.588811666
0.588749290
0.588896811
0.588830560
0.588692963
0.588841707
0.588945627
0.589113623
0.589324385
0.589595556
0.589864820
0.589888513
0.589811563
0.589727372
0.589620650
0.589352131
0.589185238
0.589199811
0.589208424
0.589226961
0.589181453
0.589300483
0.589406848
0.589562207
0.589580595
0.589610159
0.589836150
0.590084791
0.590327561
0.590426624
0.590433687
0.590332389
0.590174884
0.590016484
0.589604467
0.589484155
0.589049399
0.588813365
0.588859737
0.588932276
0.588743925
0.588393748
0.588222742
0.588358045
0.588498861
0.588644713
0.588726819
0.588888407
0.589060664
0.589311033
0.589546025
0.589677364
0.589843631
0.589835316
0.589905083
0.589857429
0.589923203
0.590104222
0.590243131
0.590250760
0.590103656
0.589960247
0.589636534
0.589286417
0.589191496
0.589094251
0.588878155
0.588652253
0.588485211
0.588178337
0.588053763
0.587980270
0.587672591
0.587679744
0.587617189
0.587540776
0.587373406
0.586962670
0.586486399
0.585984260
0.585448533
0.585199982
0.585085392
0.584985763
0.585321903
0.585377425
0.585378677
0.585115075
0.585563302
0.585925907
0.586234957
0.586419970
0.586783767
0.587084860
0.587018669
0.586797297
0.586541176
0.586388946
0.586116016
0.586177021
0.586436659
0.586653590
0.586804479
0.586898774
0.586763442
0.586394459
0.586131871
0.585884660
0.585832834
0.586282670
0.586741954
0.587310314
0.587734848
0.587776780
0.587910920
0.588084221
0.588278472
0.588513821
0.588393331
0.588254064
0.588204890
0.588194698
0.588241637
0.588332266
0.588187426
0.588083774
0.587869346
0.587777227
0.587636411
0.587464035
0.587310880
0.587028772
0.586842239
0.586866915
0.586875618
0.586820632
0.587555408
0.588052094
0.587958485
0.587741941
0.587523133
0.587210625
0.587157220
0.587445885
0.587835193
0.588170707
0.588467479
0.588751704
0.589097112
0.589537024
0.589917779
0.590308219
0.590476781
0.590746999
0.591393411
0.591848135
0.591963083
0.591819853
0.591781974
0.591873556
0.591906130
0.591936588
0.592099905
0.592396051
0.592617780
0.592779964
0.592911869
0.593002528
0.592969298
0.592987955
0.593026727
0.593172222
0.593173325
0.593171597
0.593176007
0.592963099
0.592614681
0.592333466
0.592492312
0.592954963
0.593286991
0.593367159
0.593400925
0.593534321
0.593871921
0.593975186
0.594060272
0.593996495
0.594056696
0.593948662
0.594200730
0.594429135
0.594773859
0.595086604
0.595277727
0.595413238
0.595122159
0.594770372
0.594612658
0.595136732
0.595490187
0.595696032
0.596004367
0.596416891
0.596745014
0.596983075
0.597121835
0.597332597
0.597674787
0.597883403
0.597997159
0.598040074
0.598046392
0.597997546
0.597977430
0.597967774
0.597881794
0.597861409
0.598003030
0.598092824
0.598188698
0.598626852
0.599050194
0.599328607
0.599431753
0.599445105
0.599451542
0.599230230
0.599017709
0.598800004
0.598586112
0.598475307
0.598477185
0.598502249
0.598644942
0.598775029
0.599062473
0.599206686
0.599267960
0.598853469
0.598905355
0.599186569
0.599404335
0.599274993
0.599400908
0.599444032
0.599558085
0.599306464
0.599223018
0.599299848
0.599451303
0.599624693
0.599840343
0.600151300
0.600357741
0.600550205
0.600729853
0.600865126
0.601003796
0.601050347
0.601221472
0.601413608
0.601538926
0.601489514
0.601594031
0.601554573
0.601097584
0.600816458
0.600643635
0.600833416
0.601046890
0.600973755
0.601040632
0.601290673
0.601600766
0.602002442
0.602174282
0.602238089
0.601805955
0.601733416
0.600895405
0.600672245
0.600197285
0.600349933
0.600449026
0.600125968
0.599446803
0.598976344
0.598778486
0.598516405
0.598417848
0.598389357
0.598489910
0.598182589
0.598071963
0.597976685
0.597805560
0.597764432
0.597789645
0.597613782
0.597588301
0.597656399
0.597723514
0.597950250
0.598099828
0.598302931
0.598483741
0.598756075
0.598745227
0.598608524
0.598431051
0.598438114
0.598453850
0.598541677
0.598677546
0.598793894
0.598853409
0.598809570
0.598797202
0.598758966
0.598589092
0.598076046
0.598176658
0.597850382
0.597693950
0.597509801
0.597402841
0.597374618
0.596745431
0.596390694
0.596625298
0.596857905
0.597076029
0.597048938
0.597133815
0.597515404
0.597697765
0.597730964
0.597515255
0.597147942
0.597109079
0.596976936
0.597584903
0.597177774
0.597437114
0.597295016
0.597389072
0.597136140
0.596650571
0.596451491
0.596624553
0.596171230
0.595422477
0.595073462
0.595003933
0.595075846
0.594926924
0.595282525
0.595567256
0.595904469
0.596236676
0.596523434
0.596702695
0.596846998
0.596685469
0.595908821
0.594555765
0.593085647
0.591667414
0.591532469
0.591655433
0.591706127
0.592067868
0.592298925
0.592625201
0.592825323
0.593071908
0.593176961
0.593753844
0.593891531
0.593380243
0.593432426
0.592837423
0.592527181
0.592110753
0.592514783
0.592803538
0.593589693
0.594022512
0.594525218
0.594994545
0.595449150
0.595889598
0.596248955
0.596762061
0.597071230
0.597262979
0.597535849
0.597739339
0.597875208
0.598076731
0.598049998
0.598104566
0.598067999
0.597831786
0.597597361
0.597362489
0.597514123
0.597565413
0.597446352
0.597287148
0.597288132
0.597693443
0.597776413
0.597861201
0.598037064
0.598388195
0.598605335
0.598840505
0.598937243
0.599024028
0.599196464
0.599231571
0.599134564
0.599030823
0.598919332
0.598428130
0.597846508
0.597482353
0.597447485
0.597730190
0.598182231
0.598721504
0.598571181
0.598590016
0.598670125
0.598648936
0.598724902
0.598669559
0.598481506
0.598307848
0.598539352
0.598454475
0.598266184
0.598671257
0.598684758
0.598730296
0.598649234
0.599107713
0.598957092
0.598603696
0.597913563
0.597382426
0.596876115
0.596508473
0.596139312
0.595731258
0.595065147
0.594252348
0.593517065
0.592851311
0.592106581
0.592018127
0.592188150
0.592446297
0.592498541
0.592743427
0.592959821
0.593244553
0.593673974
0.594048917
0.594105542
0.594041824
0.594003230
0.593962550
0.593921900
0.593823582
0.593660504
0.593637973
0.593654603
0.593666583
0.593526542
0.593460828
0.593293965
0.592836946
0.592326403
0.591500670
0.590947241
0.590546936
0.590007782
0.589880228
0.590216756
0.589915067
0.589309156
0.588753462
0.587595850
0.586768091
0.586772233
0.586843967
0.587309808
0.587396950
0.587263316
0.587565124
0.587682694
0.587855250
0.587875813
0.587679923
0.588328689
0.588284165
0.587933242
0.587908864
0.587828428
0.587105840
0.586879343
0.586870134
0.587007731
0.587045580
0.587136775
0.587167650
0.587170810
0.587122291
0.587170005
0.587264866
0.588483125
0.589842558
0.591171980
0.591861337
0.592234105
0.592564970
0.592738211
0.592852950
0.592928231
0.593065977
0.593058467
0.593070865
0.593247205
0.593512774
0.593518674
0.593393803
0.593481451
0.593586683
0.593699366
0.593731940
0.593598992
0.593325466
0.593246996
0.593040019
0.592823207
0.592746258
0.592751741
0.592791557
0.592911571
0.592914551
0.592937291
0.592940360
0.592777878
0.592537045
0.592559874
0.592407823
0.592627764
0.592928022
0.593037426
0.593262255
0.593478262
0.593770742
0.594245940
0.594509304
0.594640821
0.594728947
0.594725758
0.594667792
0.594719321
0.594809562
0.594837397
0.594930112
0.595039338
0.595028162
0.594909877
0.594994396
0.595052004
0.595254332
0.595564365
0.595766634
0.595982164
0.596015573
0.595790088
0.594877839
0.595049411
0.595349938
0.595348358
0.595560759
0.595996052
0.596064687
0.596213669
0.596305072
0.596486032
0.596414208
0.596494555
0.596542329
0.596530944
0.596346408
0.596240640
0.596361786
0.596289486
0.596177965
0.596077055
0.595896214
0.595751137
0.595628440
0.595366180
0.595153481
0.594947100
0.594747365
0.594485402
0.594294250
0.593994528
0.593790591
0.593659610
0.593520433
0.593485236
0.593657285
0.593854696
0.594005227
0.594137907
0.594195336
0.594204813
0.594034940
0.593983740
0.593950152
0.593986899
0.594019949
0.593833208
0.593553782
0.593469590
0.593337029
0.593090922
0.593149960
0.593221039
0.593571723
0.593752623
0.593939900
0.594025314
0.594064236
0.593946755
0.593810797
0.593627870
0.593611807
0.593527585
0.593598127
0.593590736
0.593522012
0.593825459
0.593610227
0.593619287
0.593265682
0.592767924
0.592613578
0.592358440
0.592233092
0.592217445
0.592433125
0.592510521
0.592552274
0.592558086
0.592645764
0.592690110
0.592596799
0.592406988
0.592380375
0.592304885
0.592379272
0.592433602
0.592419595
0.592630655
0.592478901
0.592346877
0.592305005
0.592161149
0.592107505
0.592107743
0.592133284
0.592190146
0.592575788
0.592932761
0.593178302
0.593192667
0.593241602
0.593126684
0.592800617
0.592690319
0.592764229
0.592650682
0.592512965
0.592274576
0.591947258
0.592088014
0.592265427
0.592361927
0.592670381
0.592877239
0.593063831
0.593264192
0.593088627
0.592783779
0.592593282
0.592546970
0.592437744
0.592502207
0.592652768
0.592816651
0.592927545
0.592853218
0.592842460
0.592801720
0.592836350
0.592585117
0.592486292
0.592435837
0.592603952
0.592602342
0.592643410
0.592619181
0.592526913
0.592384219
0.592173994
0.591946274
0.591613680
0.591258049
0.590949178
0.590855002
0.590601593
0.590502411
0.590471596
0.590460628
0.590591550
0.590659469
0.590747476
0.591082305
0.591397524
0.591938525
0.592524916
0.592929393
0.593190968
0.593334377
0.593478501
0.593788654
0.593622327
0.593531519
0.593398839
0.593131512
0.593078792
0.593080312
0.593164086
0.593089223
0.592992127
0.592964470
0.592949778
0.593074113
0.593186468
0.593312979
0.593369514
0.593415558
0.593445420
0.593538970
0.593548566
0.593465060
0.593451470
0.593625963
0.593756348
0.593852222
0.594114363
0.594322354
0.594239116
0.594123691
0.593855023
0.593520761
0.593028873
0.592717171
0.592674494
0.592727035
0.592852354
0.593013823
0.593306810
0.593347430
0.593130469
0.593153834
0.593194574
0.593188763
0.593173206
0.593318880
0.593411863
0.593348771
0.593243808
0.593212545
0.593522102
0.594010085
0.594316274
0.594384253
0.594281912
0.594374299
0.594520062
0.594256848
0.594462842
0.594366968
0.593868464
0.593478680
0.593153298
0.593063802
0.592966706
0.592748135
0.592686594
0.592706472
0.592697173
0.592940003
0.592993170
0.592968583
0.592889100
0.592837632
0.592691422
0.592550814
0.592640638
0.592796504
0.592767745
0.592773527
0.592912018
0.593326896
0.593728483
0.593903482
0.593779683
0.593555272
0.593459338
0.593554080
0.593507171
0.593695581
0.593486369
0.593387008
0.593383342
0.593527049
0.593720436
0.593918443
0.593955278
0.594056308
0.593876004
0.593656391
0.593517870
0.593496680
0.593235224
0.593213826
0.593278825
0.593477279
0.593546480
0.593649924
0.593573451
0.593589365
0.593723089
0.593903810
0.594257087
0.594281226
0.594408631
0.594260454
0.594297200
0.594469517
0.594526082
0.594599187
0.594651610
0.594643354
0.594643056
0.594902515
0.595019162
0.594946086
0.594744295
0.594588965
0.594634026
0.594624549
0.594732285
0.594856411
0.594808251
0.594648510
0.594578624
0.594287872
0.594419479
0.593220234
0.591790318
0.590752333
0.589887887
0.589074522
0.588686824
0.588303268
0.587920129
0.587493807
0.587079793
0.586685956
0.586724013
0.586890519
0.586997092
0.586710095
0.586560100
0.586353987
0.586267322
0.586355686
0.586399913
0.586314619
0.586351931
0.586461335
0.586797953
0.586970717
0.587063491
0.587127984
0.587008476
0.586674511
0.586675465
0.586927652
0.587297976
0.587502599
0.588091940
0.588642061
0.589002013
0.589071453
0.589231431
0.589319795
0.589306772
0.589589000
0.589678705
0.589662075
0.589468777
0.589306206
0.589033544
0.588980496
0.589250386
0.589801580
0.590258986
0.590545714
0.590866476
0.591435403
0.591939747
0.592186183
0.592269719
0.592274576
0.592012376
0.591957450
0.591925502
0.591954440
0.591946065
0.592246294
0.592665255
0.592970133
0.593324423
0.593584955
0.593783349
0.593935430
0.593971461
0.593882769
0.593927562
0.593882293
0.593811661
0.593787313
0.594030976
0.594337970
0.594583780
0.594722688
0.594893903
0.595159024
0.595367312
0.595586985
0.595848709
0.596114457
0.596361041
0.596603096
0.596708447
0.596794546
0.597091824
0.597454190
0.597681016
0.597732663
0.597691208
0.597574264
0.597484052
0.597543567
0.597579062
0.597647130
0.597787052
0.598064184
0.598389775
0.598797888
0.599255294
0.599696189
0.600111067
0.600452453
0.600658715
0.600757718
0.600750506
0.600506037
0.600432843
0.600358427
0.600174546
0.599628538
0.599195153
0.599060148
0.599164099
0.598991543
0.598632872
0.598371953
0.598372310
0.598393947
0.598346233
0.598482549
0.598522156
0.598511785
0.598378092
0.598611921
0.598599315
0.599029392
0.599628627
0.600232244
0.600812018
0.601336628
0.601472378
0.601514995
0.601544350
0.601412356
0.601268709
0.601139247
0.600917697
0.600706995
0.600718200
0.600763857
0.600935906
0.600971311
0.600881547
0.600774020
0.600599527
0.600558907
0.600706011
0.600989223
0.601095319
0.600850701
0.600736380
0.600700915
0.600753188
0.600736290
0.600639552
0.600609601
0.600457937
0.600436032
0.600648314
0.600954592
0.601217240
0.601123154
0.600924820
0.600846678
0.600615233
0.600610107
0.600558788
0.600042343
0.600126714
0.600051045
0.599649698
0.598979980
0.598448187
0.598495811
0.598205596
0.597622931
0.597295254
0.597453386
0.597862333
0.598196715
0.598207295
0.598010659
0.597680271
0.597663313
0.597630292
0.597530812
0.597570568
0.597504646
0.597376436
0.597053736
0.596691042
0.596088529
0.595347315
0.594556361
0.594007492
0.593495458
0.593149960
0.593017846
0.592952311
0.593029439
0.593348831
0.593702197
0.593392611
0.592779785
0.591852039
0.591000944
0.590545595
0.590360552
0.590404242
0.590469837
0.590743780
0.590747952
0.590670347
0.590913147
0.590874821
0.591037273
0.590788543
0.590662956
0.590190738
0.589947462
0.589669675
0.589341342
0.588562608
0.587983251
0.589020073
0.590324551
0.591386706
0.591947526
0.592227995
0.592579156
0.592599124
0.592764616
0.592456579
0.592428595
0.592269242
0.592471063
0.592265874
0.592182040
0.592003226
0.592027634
0.591922402
0.592023373
0.592112899
0.592285722
0.592288703
0.592226058
0.592356771
0.592616379
0.592946589
0.593228340
0.593458593
0.593774438
0.593928665
0.594106704
0.594150424
0.594301552
0.594396830
0.594509274
0.594632566
0.594742268
0.594722539
0.594803333
0.594756514
0.594632179
0.594360441
0.594168276
0.593873382
0.593683928
0.593564272
0.590284169
0.584181577
0.574118257
0.560122788
0.541698486
0.524337828
0.506690085
0.485342741
0.458953381
0.437130392
0.413181245
0.385062277
0.360141933
0.336670816
0.309597790
0.286355197
0.264671922
0.245295942
0.229190826
0.215705574
0.205053329
0.197016478
0.191336095
0.188992739
0.188054383
0.189329624
0.192002594
0.195110381
0.198440015
0.200157523
0.199884951
0.200110137
0.200474322
0.199868917
0.201090217
0.201111078
0.201294065
0.200485110
0.199370682
0.198102176
0.198557734
0.199769199
0.199902952
0.201705515
0.203838289
0.208681166
0.210998297
0.214612305
0.218778074
0.221340537
0.219958365
0.220684171
0.221836448
0.223492742
0.222783566
0.223429024
0.224151313
0.224611700
0.223465562
0.221500754
0.217586875
0.213705778
0.208343446
0.202403963
0.196768105
0.192657709
0.190845072
0.190291286
0.190870821
0.190297425
0.190170825
0.190630496
0.192304134
0.195902824
0.200512052
0.206484854
0.212671518
0.217232168
0.219944596
0.223358870
0.228808403
0.236859262
0.240191281
0.242904007
0.247176409
0.253406167
0.260326207
0.263453364
0.265684307
0.265330255
0.262090921
0.255401313
0.250374496
0.238589704
0.230240762
0.224340677
0.221447587
0.216879725
0.213860393
0.212861300
0.209607959
0.206578314
0.204355001
0.203516126
0.203775764
0.203719795
0.204165995
0.205825925
0.207902968
0.209030807
0.212449312
0.216330826
0.215638101
0.215436637
0.217157185
0.219477534
0.219333649
0.220816851
0.223662913
0.222028315
0.220440567
0.216907442
0.218053937
0.220654011
0.222382784
0.225225329
0.229328513
0.235920250
0.243319511
0.249200881
0.254328310
0.258189738
0.260018885
0.261071205
0.260712087
0.259810269
0.260131896
0.259504497
0.254516363
0.249922037
0.246108472
0.242275596
0.235031843
0.226949394
0.216623366
0.209047377
0.204860926
0.201617539
0.201537728
0.203014433
0.204617977
0.209569752
0.213544965
0.216246188
0.216755509
0.214848578
0.213776708
0.212864399
0.208057523
0.203784704
0.201410949
0.202088952
0.203261197
0.201933205
0.200548351
0.197870195
0.196494818
0.195400059
0.192941427
0.192274511
0.190912783
0.189823031
0.189082265
0.189613104
0.188676357
0.187430561
0.188039601
0.188706398
0.187729180
0.187033355
0.186297238
0.185453117
0.185466707
0.185111880
0.184478700
0.184832215
0.185725749
0.188821018
0.191253066
0.192797363
0.195565522
0.198973894
0.204283893
0.212182522
0.215447783
0.213262141
0.206902802
0.202279687
0.197270513
0.194033444
0.191639304
0.189859569
0.189597666
0.191381514
0.194844544
0.200291157
0.203824043
0.203491688
0.203806400
0.203317046
0.204159796
0.205183029
0.206710517
0.210397601
0.209378123
0.206777573
0.207457006
0.208625078
0.207469344
0.204666734
0.202152252
0.200918078
0.199358404
0.196168900
0.193161011
0.192871511
0.192361236
0.192463279
0.192380667
0.193648577
0.193326294
0.192888558
0.193367064
0.194349408
0.195979178
0.196730316
0.196652591
0.198577166
0.200582683
0.202473700
0.205968499
0.210831702
0.214043677
0.215931475
0.215827405
0.215753555
0.216429889
0.217247427
0.216287792
0.211781144
0.207606435
0.202597201
0.197309494
0.192061722
0.188289165
0.185673058
0.184296668
0.183205545
0.182215154
0.181972563
0.181742668
0.181990504
0.181837499
0.181953907
0.181650162
0.181493640
0.179914713
0.179498076
0.180305779
0.181066930
0.181325078
0.182425380
0.183276236
0.184029758
0.184853733
0.186128616
0.187408805
0.188108206
0.189129949
0.190812111
0.192859173
0.195246816
0.195521355
0.196611226
0.198825002
0.201781631
0.203187644
0.202553749
0.200996459
0.199808180
0.199773490
0.200988293
0.202479780
0.204496682
0.206984937
0.211095273
0.214957535
0.220064342
0.226587832
0.234006464
0.237985909
0.242494106
0.247525990
0.251014054
0.252787232
0.254590571
0.252741158
0.249398232
0.242525160
0.234162569
0.227430999
0.219678938
0.213912725
0.209564745
0.205878139
0.203710735
0.201742589
0.200541675
0.199297011
0.199422896
0.200825512
0.202727616
0.206376672
0.210878193
0.211902022
0.211335123
0.211125433
0.209692359
0.208354533
0.205713987
0.205546021
0.204782188
0.202697933
0.201730967
0.198920190
0.191928089
0.195662737
0.214903533
0.249945343
0.293136120
0.338419914
0.377057374
0.408985615
0.434607327
0.455089808
0.471688151
0.485126436
0.496078551
0.505330116
0.513320744
0.520420760
0.526304990
0.531605095
0.536310941
0.540396690
0.544083118
0.547393024
0.550462753
0.553006172
0.555234522
0.557134777
0.558890522
0.560383379
0.561811119
0.563267648
0.564847320
0.566456199
0.567819089
0.568910092
0.570049495
0.571141869
0.572209299
0.573218077
0.574291408
0.575387120
0.576355606
0.575981855
0.575495332
0.575264692
0.575434774
0.575895756
0.576441586
0.576494932
0.576544493
0.577257037
0.577574760
0.577978611
0.578359783
0.578658640
0.578956991
0.579241276
0.579812914
0.580174834
0.580662310
0.581712782
0.582557589
0.583614379
0.584696919
0.586242139
0.586232632
0.586517572
0.586573273
0.586718887
0.586568087
0.586719722
0.587065011
0.587397188
0.587668300
0.588055700
0.588125199
0.588281065
0.588551134
0.588713735
0.589070469
0.589033455
0.589387536
0.589410573
0.589588344
0.589797109
0.590179682
0.590343684
0.590297967
0.590430945
0.590788871
0.590995014
0.591459960
0.591723561
0.592403919
0.593175322
0.593664646
0.594038248
0.594305038
0.594833344
0.594894648
0.595305622
0.595744163
0.596163929
0.596169263
0.596180648
0.596981913
0.597483814
0.597996235
0.598578006
0.599076509
0.599475771
0.599479139
0.599561274
0.599732637
0.600014180
0.600393772
0.600670069
0.600917399
0.601170510
0.601388544
0.601588935
0.601710588
0.601988882
0.602276564
0.602409333
0.602632552
0.602750927
0.602965742
0.602967173
0.603052169
0.602885455
0.602810681
0.602410853
0.602020413
0.601514339
0.601057708
0.600161672
0.599775374
0.599225402
0.598738760
0.598186255
0.597965866
0.598079830
0.598246515
0.598446250
0.598453939
0.598631650
0.598788470
0.598860443
0.598861754
0.598865539
0.598924994
0.599015951
0.598932326
0.599002391
0.599095732
0.599308223
0.599232048
0.599033654
0.598832428
0.598352224
0.598053277
0.597930759
0.597976774
0.597762197
0.597577661
0.597329229
0.597463876
0.597731143
0.597729564
0.597745627
0.597870946
0.597981036
0.597920388
0.597578198
0.597448826
0.597407073
0.597416818
0.597541243
0.597643673
0.597749561
0.597776979
0.597802579
0.597878635
0.597911358
0.597971976
0.598277450
0.598809958
0.599287629
0.599539429
0.599672139
0.599831998
0.599913538
0.599949688
0.600232780
0.600177884
0.600065678
0.599956661
0.600136787
0.599935889
0.600185245
0.600155801
0.600155801
0.600502074
0.600952387
0.601154774
0.601418674
0.601399064
0.601285160
0.601071984
0.600951940
0.600775540
0.600720972
0.600538284
0.600735456
0.600908846
0.600962460
0.600809485
0.600688696
0.600628972
0.600547105
0.600556105
0.600585878
0.600512534
0.600605398
0.600475013
0.600521237
0.600636840
0.600773275
0.600844681
0.600929826
0.600886166
0.600765437
0.600680918
0.600473076
0.600156575
0.600081682
0.600303352
0.600767404
0.600620002
0.600486249
0.600739151
0.600532979
0.600417435
0.600470781
0.600638181
0.600815743
0.600698292
0.600499630
0.600939304
0.600885630
0.600345820
0.600097418
0.600158632
0.600267410
0.600261450
0.600488663
0.600558907
0.600623995
0.600557923
0.600555480
0.600774974
0.600754559
0.601016283
0.601131052
0.600985527
0.600902736
0.600780874
0.600563765
0.599967420
0.599437654
0.599415720
0.599540263
0.599703878
0.599811465
0.599710554
0.599570513
0.599644452
0.599184394
0.599032015
0.598737240
0.598917723
0.599146515
0.599299580
0.599281400
0.598941207
0.598747194
0.598522037
0.598111689
0.598036468
0.597757339
0.597469628
0.596888065
0.596517920
0.596156120
0.595883310
0.595417380
0.594728678
0.594203323
0.593779027
0.593280494
0.592901736
0.592576504
0.592183560
0.592309684
0.592087567
0.591763914
0.591543108
0.591340244
0.591548622
0.591699660
0.591979533
0.592362195
0.592437506
0.593191564
0.593962193
0.594856590
0.595507979
0.595940620
0.596393079
0.596236229
0.596092492
0.595492363
0.594919115
0.594946682
0.595238328
0.595469385
0.595699877
0.595602810
0.595593154
0.595230877
0.594995230
0.594738275
0.594884276
0.595040232
0.595324874
0.595491856
0.595834553
0.595876545
0.595697939
0.595442891
0.595870495
0.596218467
0.596553415
0.596802056
0.594073832
0.589563429
0.580609024
0.566881150
0.552456051
0.535962522
0.517145723
0.494794905
0.468067884
0.432991743
0.393538535
0.353686750
0.324947000
0.301449955
0.273681521
0.253495157
0.236856461
0.228993058
0.220891058
0.211419106
0.205170512
0.197898149
0.193817973
0.191190064
0.188868940
0.187851012
0.187792659
0.188967168
0.190466583
0.192003250
0.194094539
0.196374416
0.198881626
0.200222433
0.200961232
0.201640308
0.203589022
0.205842435
0.207533956
0.208244145
0.212679923
0.217588782
0.220752537
0.223273873
0.224485815
0.223416507
0.221525908
0.218445957
0.215506911
0.211155593
0.208455741
0.205032110
0.201151550
0.200767338
0.198113143
0.195399165
0.195271611
0.195776820
0.196445286
0.198505342
0.200703263
0.202651501
0.204480469
0.206062615
0.205924273
0.206402481
0.206367016
0.207552552
0.209558189
0.212018847
0.210979104
0.212720633
0.213487446
0.217783272
0.222003877
0.227236092
0.228006065
0.230204225
0.232390285
0.234511316
0.235477805
0.236785233
0.237829268
0.237857938
0.233287513
0.227459371
0.226459324
0.224855006
0.221897781
0.214679301
0.209433436
0.205693722
0.200253069
0.196136653
0.192522466
0.189874172
0.188992918
0.190441012
0.192905188
0.196286678
0.200781107
0.205728889
0.210434437
0.213564932
0.215985835
0.218581080
0.220810592
0.217593312
0.211042047
0.204384387
0.200737238
0.189387977
0.205647290
0.250753284
0.307410717
0.358831763
0.402086258
0.433412135
0.456512332
0.473645270
0.487360954
0.499318004
0.509448469
0.518329918
0.525461376
0.532345027
0.537892997
0.542334527
0.545842826
0.549096495
0.552176386
0.554530799
0.557388633
0.560489982
0.563064069
0.565394014
0.567696095
0.569929123
0.572156012
0.574267000
0.575879931
0.576908946
0.577679664
0.578353792
0.578916609
0.579908222
0.581173718
0.582368970
0.583616525
0.584823787
0.586126685
0.587268323
0.588223457
0.588938236
0.589677662
0.590545952
0.591237813
0.591950893
0.592627853
0.593199998
0.593709946
0.594261169
0.594636440
0.595031977
0.595293045
0.595170885
0.595432818
0.595453292
0.595932692
0.596328020
0.596526921
0.596649826
0.596938103
0.597648531
0.598977417
0.599128902
0.599458605
0.599874079
0.600191861
0.600612700
0.600699812
0.600900948
0.600961685
0.601244658
0.601311535
0.601086736
0.600883126
0.600594521
0.600552738
0.599671632
0.599162877
0.599004030
0.598963916
0.598621368
0.598120213
0.598084807
0.597427636
0.595879078
0.594170839
0.591586471
0.588110238
0.583543807
0.577773273
0.570866913
0.564611942
0.557944030
0.553841263
0.549840510
0.546208054
0.543752223
0.543017209
0.544175088
0.548578829
0.553862840
0.559546620
0.564881623
0.570597529
0.575390160
0.579481512
0.582351834
0.584812522
0.586713284
0.587905824
0.589376301
0.590684593
0.591626942
0.592621922
0.593294591
0.593934983
0.594802499
0.595444918
0.595923662
0.596253216
0.596218973
0.596480042
0.596432090
0.596723497
0.596775591
0.596659333
0.596558124
0.596278071
0.596025199
0.595784545
0.595503092
0.594831228
0.594334722
0.593580008
0.592784435
0.592465878
0.592511296
0.592655182
0.592605025
0.592858762
0.593892723
0.594663799
0.594915032
0.594873279
0.595217377
0.595580310
0.595813811
0.595963508
0.596393317
0.596648872
0.596847057
0.597233474
0.597606033
0.598063678
0.598463207
0.598773003
0.599213272
0.599273920
0.599636585
0.600100756
0.600657910
0.601214945
0.601687729
0.601756990
0.601970613
0.602125019
0.602375329
0.602335930
0.602065206
0.601751715
0.601388127
0.601199478
0.600986362
0.600747794
0.600197971
0.599717885
0.599643081
0.599550873
0.599875003
0.600387186
0.600404114
0.600539953
0.600782305
0.600718737
0.600656271
0.599694401
0.598909080
0.598644912
0.598624796
0.598417908
0.598093718
0.598255515
0.598494917
0.599021435
0.599533528
0.599910945
0.600230813
0.600593448
0.600587815
0.600581050
0.600548685
0.600437075
0.600261986
0.600051403
0.599854797
0.599701554
0.599559695
0.599656433
0.599638015
0.599834383
0.599708587
0.599721938
0.599844962
0.599704146
0.599632472
0.599219352
0.599037766
0.598330081
0.598081201
0.597469360
0.596515536
0.595793694
0.594890505
0.594128639
0.593765408
0.594007432
0.594694883
0.595661998
0.596609294
0.597602606
0.598155022
0.598492533
0.599011093
0.599260718
0.599470824
0.598912299
0.598643214
0.598855197
0.599028856
0.599229604
0.599508524
0.599835932
0.599694759
0.599474400
0.599692196
0.600015730
0.600128144
0.600380659
0.600394636
0.601008147
0.601366669
0.601309299
0.601381212
0.601461321
0.601483345
0.601484537
0.601389438
0.601051390
0.600511819
0.600269049
0.599946201
0.599773884
0.599539995
0.599427521
0.599209636
0.598633081
0.598556101
0.598225892
0.598040074
0.597778410
0.597702384
0.597544521
0.597664207
0.597651929
0.597719848
0.597915977
0.598077804
0.598008275
0.598067999
0.598124295
0.598259598
0.598561585
0.598729253
0.599048465
0.599502444
0.599824548
0.600236148
0.600765556
0.601327211
0.601749301
0.601903081
0.602067649
0.602049828
0.602096885
0.602229148
0.602262795
0.601916939
0.601289093
0.601374298
0.601611972
0.601213992
0.600517303
0.600244284
0.600835055
0.601011425
0.601127326
0.601524055
0.602020264
0.602326661
0.602766991
0.602735788
0.602595240
0.602410555
0.602307290
0.602133363
0.601936698
0.601729512
0.601688176
0.601537257
0.601716727
0.601682246
0.601784766
0.601829976
0.601783842
0.601927847
0.601628214
0.601642847
0.601538718
0.601561606
0.601668835
0.601692259
0.601844490
0.601820141
0.601643234
0.601496786
0.601361156
0.600838453
0.600425273
0.600268424
0.600111157
0.599996418
0.599993140
0.600158393
0.600307167
0.600411803
0.600564659
0.600761235
0.601168215
0.601156354
0.601308942
0.600921035
0.600699395
0.600461513
0.600326836
0.600311041
0.600402117
0.600659072
0.600836068
0.601099908
0.600778311
0.600820154
0.600867093
0.600540549
0.600658327
0.600639313
0.601024747
0.601315856
0.601256490
0.601138651
0.601342142
0.601503789
0.601713955
0.601782292
0.601745367
0.601855904
0.601686239
0.601480633
0.601266056
0.601374716
0.600931704
0.600690573
0.600734651
0.600612640
0.599931300
0.599429756
0.598859906
0.599199057
0.599430144
0.599216491
0.599123597
0.599172682
0.599119991
0.599231631
0.599342346
0.599198163
0.598902494
0.598863572
0.598586828
0.598410547
0.598456204
0.598602116
0.598764151
0.598801434
0.599207103
0.599542052
0.600063682
0.600187451
0.600179523
0.600205481
0.600531071
0.600407749
0.600294352
0.600127071
0.599900037
0.600041360
0.600029916
0.599947393
0.599985898
0.599956006
0.599928260
0.599587500
0.599241614
0.599004209
0.599205345
0.599173874
0.598910689
0.599106371
0.599219143
0.599104375
0.599069804
0.599008441
0.598944515
0.598775029
0.598839790
0.599122614
0.599133283
0.599175543
0.599194556
0.599159181
0.599242538
0.599134833
0.598969877
0.598662198
0.598778605
0.598973751
0.598456293
0.598170906
0.598159105
0.598242521
0.598569900
0.598796546
0.599183619
0.599370301
0.599074990
0.598742753
0.598531455
0.598485768
0.598545402
0.598829657
0.599190980
0.599189430
0.599530846
0.599380493
0.599108189
0.598707080
0.597528845
0.596419483
0.596101433
0.596179217
0.596586883
0.597272128
0.598032862
0.598859251
0.598825604
0.598955065
0.598506123
0.597765416
0.597691268
0.597889394
0.598163068
0.598432064
0.598633647
0.598652691
0.598732561
0.598985314
0.598877549
0.598372936
0.598063409
0.598127335
0.598525822
0.598737568
0.598867178
0.599101216
0.598962158
0.598830640
0.598540604
0.598257542
0.597909629
0.597523898
0.597033054
0.596601546
0.596080482
0.595694900
0.595670342
0.595932364
0.596162558
0.596345246
0.596504360
0.596837223
0.596880615
0.596942246
0.597288221
0.597254574
0.597581983
0.597650319
0.597471029
0.597492129
0.597796917
0.598298907
0.598606676
0.598887146
0.599247217
0.599417359
0.599419236
0.599411100
0.599292874
0.599232703
0.599208653
0.598776549
0.598789096
0.599242657
0.599738330
0.599692822
0.599621177
0.599403948
0.598705769
0.597784579
0.597481996
0.596557468
0.596687764
0.597452044
0.597287744
0.596754283
0.596332818
0.595829070
0.595056564
0.594740927
0.594284952
0.593624115
0.593052536
0.593157381
0.592709929
0.592763722
0.592546165
0.591786891
0.591208965
0.590949625
0.590580970
0.590377450
0.590071380
0.590099245
0.590037405
0.589752406
0.589656174
0.589583695
0.589754552
0.589384764
0.588802755
0.588805258
0.588607520
0.588397026
0.588152081
0.587911665
0.587818563
0.587633938
0.587430626
0.587488443
0.587612689
0.587725371
0.587885350
0.587973416
0.588034004
0.587618023
0.587714434
0.588029802
0.587966591
0.588090241
0.588279426
0.588191509
0.588444501
0.588817120
0.588907868
0.588815004
0.588823646
0.589333296
0.589460492
0.590088040
0.590610206
0.591061980
0.591746956
0.592284262
0.592777997
0.593353122
0.593618184
0.593541414
0.593688667
0.593946695
0.594070762
0.594156593
0.594407767
0.594571322
0.594683379
0.594630092
0.594679385
0.594599545
0.594664335
0.594470769
0.594292194
0.594234794
0.594027191
0.593754232
0.593493462
0.593189210
0.592826426
0.592341721
0.591736197
0.591310054
0.590900630
0.590290159
0.589647174
0.589361221
0.589258254
0.588695258
0.588019997
0.587334275
0.587852538
0.588737428
0.589864016
0.590401322
0.590709955
0.591452599
0.591966867
0.592306286
0.593028098
0.593771547
0.594525754
0.595221609
0.595526397
0.596107006
0.596624345
0.597049326
0.597362518
0.597803473
0.598186165
0.598454356
0.598333657
0.598428041
0.598485410
0.598338991
0.598089248
0.597519428
0.597366422
0.597155094
0.596714795
0.596243113
0.596050024
0.595957100
0.596330017
0.596756905
0.597103983
0.597287625
0.597305477
0.597385645
0.597677559
0.597717971
0.597383857
0.597464502
0.597691655
0.597820014
0.597775787
0.597675562
0.597553760
0.597373843
0.597063631
0.596421868
0.595832825
0.595229626
0.594580889
0.594079614
0.593471706
0.592913002
0.592149884
0.592954636
0.593749374
0.594366997
0.594767809
0.595235527
0.595760912
0.596333474
0.596552968
0.596736908
0.596680135
0.596868515
0.597024590
0.596762329
0.596608728
0.596694708
0.596455961
0.596317977
0.596130878
0.595932811
0.595900565
0.595856845
0.595711589
0.595887005
0.596109420
0.596217632
0.596487314
0.596588969
0.596885562
0.596927792
0.596774429
0.596675396
0.596474171
0.596481085
0.596459776
0.596392155
0.596489668
0.596699297
0.596758217
0.597104907
0.597137362
0.597064763
0.596952468
0.596789420
0.596909791
0.596999049
0.596879154
0.596883953
0.597218037
0.597171217
0.597162217
0.597223669
0.597327858
0.597412795
0.597489446
0.597461909
0.597438753
0.597538054
0.597732425
0.597691655
0.597674191
0.597625077
0.597466975
0.597085506
0.596230954
0.596165687
0.596182585
0.596200675
0.596143544
0.596154213
0.596070141
0.595971346
0.595776618
0.595493823
0.595276743
0.595011890
0.594866961
0.593961805
0.592937469
0.592075825
0.591706067
0.591345221
0.591270596
0.591384321
0.591613978
0.592006624
0.592525750
0.592823327
0.592948854
0.592566282
0.592312783
0.592065364
0.592153490
0.592583865
0.592659533
0.593119025
0.593869388
0.594468743
0.594974190
0.595524073
0.595931798
0.596252710
0.596456885
0.596683323
0.596839815
0.597026944
0.597334921
0.597790897
0.598124176
0.598440260
0.598789573
0.599106014
0.599391699
0.599720538
0.599812865
0.599817812
0.599841475
0.599878430
0.599940091
0.600064158
0.600131184
0.599929422
0.599632889
0.599715412
0.599590600
0.599434167
0.599403262
0.599355966
0.599054635
0.598803043
0.598834038
0.598565817
0.598143816
0.597769141
0.597504586
0.597116053
0.596716046
0.596210092
0.595625252
0.594961703
0.594855636
0.594072312
0.593319952
0.594039857
0.594774604
0.595383763
0.595796525
0.596065074
0.596294194
0.596483201
0.596597821
0.596654147
0.594668806
0.589518309
0.582741112
0.571831673
0.554764986
0.536988556
0.511172861
0.475833058
0.431939304
0.392332792
0.356342077
0.316417217
0.288979828
0.270388842
0.254910111
0.242989719
0.229315758
0.220012963
0.210513353
0.201217413
0.196098447
0.196149766
0.191477537
0.189243257
0.187716007
0.186223388
0.185195863
0.185284436
0.185311496
0.185759127
0.186315119
0.185037017
0.183388412
0.182895005
0.183218777
0.182866037
0.183680058
0.183737576
0.183597744
0.183420479
0.184001923
0.184065819
0.184092462
0.184290409
0.184123099
0.183852077
0.183792174
0.183537781
0.183419287
0.182343781
0.182933211
0.181808531
0.181181490
0.181515038
0.181463480
0.181609333
0.181567788
0.182182133
0.182907522
0.181768835
0.181411147
0.181287885
0.180707514
0.178956807
0.178332567
0.178257763
0.178840458
0.178959370
0.178985775
0.179936349
0.181159735
0.182066500
0.183152318
0.190695167
0.208700716
0.236100197
0.267726719
0.301894963
0.334159017
0.363940597
0.391535580
0.416864157
0.439418256
0.459865212
0.476690233
0.490366936
0.502308697
0.512496918
0.520954221
0.528401792
0.534779012
0.540066063
0.544220984
0.547636598
0.550884545
0.554389715
0.557582378
0.560781807
0.563580155
0.566421986
0.568678766
0.570752889
0.572597355
0.574423850
0.575929791
0.577365309
0.578793019
0.579943895
0.581024766
0.581562459
0.581492752
0.581046969
0.580539107
0.580043137
0.579905838
0.581174374
0.582749307
0.584160864
0.585499257
0.586624980
0.587628931
0.588374019
0.589107454
0.589979649
0.590559125
0.591094136
0.591955543
0.592968911
0.593740761
0.594409823
0.595101297
0.595934510
0.596661896
0.597393543
0.598303795
0.599486887
0.599478543
0.599618316
0.598097891
0.595546514
0.591632515
0.586231023
0.575878084
0.569016159
0.555872321
0.533758491
0.502721131
0.474137545
0.443207562
0.414853454
0.386050165
0.367435932
0.343496382
0.319124520
0.303235769
0.294538796
0.288949728
0.278461397
0.267892063
0.256693363
0.244230688
0.277907073
0.340666473
0.400437772
0.442564011
0.471616626
0.491505802
0.506270409
0.518089950
0.527707815
0.535912812
0.541656077
0.546848267
0.551857263
0.556689858
0.560702920
0.564321220
0.567713916
0.570619732
0.573106349
0.575189233
0.577022344
0.578702152
0.580141038
0.581368089
0.582652152
0.583359003
0.583957404
0.584924251
0.585487366
0.585568964
0.585735798
0.585998893
0.585720271
0.585862786
0.585965782
0.586350232
0.586143166
0.586234450
0.586189270
0.585568279
0.584190637
0.584515333
0.584301412
0.584443748
0.584439397
0.584598571
0.585196972
0.585850865
0.585990816
0.587162703
0.588527918
0.589832008
0.591017902
0.592351168
0.592759132
0.593322545
0.594074547
0.594595313
0.594928950
0.595297962
0.596097499
0.597030580
0.597918659
0.598843634
0.598709613
0.598781884
0.599039614
0.599544764
0.599804759
0.600082606
0.600549668
0.600658357
0.600929081
0.600758672
0.600962371
0.601100743
0.601186424
0.601047367
0.600970685
0.600674152
0.600276291
0.600000978
0.599928588
0.600243986
0.600445867
0.600530744
0.600684136
0.600395888
0.600157440
0.600241542
0.600359261
0.599984258
0.599669218
0.599990308
0.600135386
0.599924803
0.600481451
0.600542396
0.600631028
0.600626916
0.601129085
0.601026118
0.600940138
0.600888073
0.601010144
0.600817949
0.601033002
0.600904852
0.601048529
0.601517767
0.601452976
0.601609319
0.602251887
0.602493882
0.602466464
0.602565318
0.602594912
0.601953864
0.601517171
0.601311177
0.600969136
0.600744158
0.600629508
0.600506186
0.600392491
0.600035161
0.599793822
0.599573821
0.599496216
0.599426240
0.599113286
0.598990381
0.598561555
0.598667324
0.598466277
0.598161787
0.597976387
0.597845972
0.598100930
0.598244518
0.597975135
0.597989529
0.597488672
0.597438723
0.597269803
0.597728580
0.598206878
0.598465025
0.599041820
0.599398851
0.599713773
0.600044996
0.599997252
0.600231409
0.600545704
0.600984424
0.601276428
0.601332366
0.601346970
0.601610005
0.601876229
0.602035344
0.601974547
0.602125794
0.601940453
0.601495862
0.601091862
0.600844949
0.600271434
0.599836677
0.599190444
0.598645061
0.598240614
0.597500414
0.596231699
0.594438583
0.592259437
0.589725614
0.586304665
0.582117200
0.577065259
0.572700888
0.567203730
0.560591549
0.552796751
0.544140935
0.535737544
0.529722333
0.524712473
0.519329488
0.512160093
0.503538549
0.494912982
0.489342749
0.487288833
0.488419712
0.494322002
0.499790847
0.505742192
0.512143523
0.519468755
0.526319534
0.533760548
0.539740086
0.545118809
0.549496621
0.553588480
0.558033139
0.562569797
0.566763967
0.570418984
0.573034942
0.574823558
0.576603293
0.578640670
0.580406129
0.582187742
0.583737522
0.584654272
0.584961206
0.585279822
0.585248441
0.586200953
0.587005466
0.586859077
0.586841643
0.587001711
0.587176710
0.586945117
0.586861134
0.586859733
0.586358756
0.586480647
0.586319387
0.586057961
0.586173803
0.586012572
0.585449725
0.585233152
0.585214853
0.585093975
0.584919482
0.584710956
0.584674299
0.584676325
0.584781110
0.584931314
0.584923983
0.584869027
0.584923506
0.585123777
0.585251153
0.585285991
0.585224658
0.585403353
0.585803479
0.586221069
0.586272508
0.586353421
0.586515725
0.586608261
0.586828500
0.586894214
0.587090999
0.587333709
0.587476224
0.587165624
0.587137669
0.587004960
0.586990833
0.587079942
0.586992919
0.586632878
0.586378336
0.586595863
0.586888522
0.587754548
0.587980539
0.588096350
0.587903112
0.587350994
0.586957783
0.586830676
0.586645752
0.586377084
0.586365402
0.586366355
0.586366743
0.586622387
0.587091118
0.587111801
0.586878836
0.586404592
0.586400211
0.586462677
0.586037904
0.585775316
0.585639030
0.585561931
0.585736245
0.585786581
0.586074650
0.586533695
0.586919159
0.586984396
0.587205410
0.587346196
0.587373078
0.587077618
0.586871803
0.586746335
0.586673915
0.586813301
0.587063372
0.587304711
0.587583065
0.587866008
0.588039339
0.588335246
0.588739872
0.589162767
0.589612663
0.590146631
0.590785444
0.591145247
0.591195017
0.591245681
0.591586381
0.592081070
0.592178553
0.592563987
0.592986852
0.593569160
0.594030410
0.594321012
0.594559878
0.594691545
0.594817281
0.595022291
0.595272213
0.595533550
0.595224231
0.595373631
0.595556974
0.595825642
0.595898688
0.595828176
0.595936775
0.595748842
0.595450908
0.594989032
0.594507515
0.593776166
0.593102604
0.592702270
0.592191726
0.591493398
0.590835452
0.590133220
0.589706779
0.589088053
0.588487029
0.589374006
0.590362191
0.591165453
0.591799676
0.592199892
0.592481405
0.592706621
0.592774212
0.592824906
0.592806011
0.592826575
0.592805892
0.592914522
0.592953175
0.592864245
0.592827559
0.592754304
0.592627198
0.592573762
0.592715353
0.592673957
0.592567027
0.592442095
0.592321068
0.591997504
0.591616929
0.591366887
0.591226518
0.591246516
0.591125667
0.591081977
0.591448307
0.591623187
0.591706932
0.591689318
0.591668934
0.591836780
0.592140585
0.592363715
0.592581123
0.592743307
0.592927098
0.592962831
0.593618482
0.593850553
0.594027638
0.594009101
0.594132155
0.594114125
0.594144523
0.594035715
0.594018549
0.593966424
0.593923897
0.593784243
0.593593776
0.593339473
0.593186349
0.593034297
0.592893362
0.592887193
0.592700213
0.592218637
0.591154575
0.591298580
0.591423303
0.591499627
0.591528803
0.591591716
0.591505319
0.591533810
0.591519684
0.591307551
0.590948462
0.590505242
0.590078294
0.588587403
0.587331414
0.586739331
0.586579084
0.586263895
0.586116821
0.585476577
0.585049659
0.585059434
0.585710913
0.586422473
0.586856335
0.586958945
0.587344468
0.587732285
0.588317394
0.588985294
0.589514017
0.589831322
0.590223759
0.590750903
0.591357172
0.591879904
0.592125982
0.592565536
0.592903197
0.592417836
0.592131078
0.591714740
0.591406912
0.591032177
0.590949774
0.590651602
0.589549512
0.589323848
0.589396983
0.590010434
0.589749336
0.589825124
0.589244038
0.588910252
0.587460905
0.587520301
0.587840915
0.588458836
0.588845611
0.589355171
0.589877844
0.590116680
0.589957297
0.590156734
0.589925170
0.590041697
0.590623528
0.590752900
0.590765744
0.590636909
0.590235263
0.589626938
0.589491725
0.589924514
0.590123028
0.590802759
0.591900766
0.592652708
0.593310595
0.593825430
0.593821079
0.593659848
0.593904823
0.594151258
0.594228446
0.594199657
0.593905807
0.593535185
0.593175381
0.592885435
0.592416137
0.591809690
0.591326684
0.590655565
0.590146393
0.590867698
0.591776848
0.592463195
0.592790276
0.592507869
0.592998207
0.592918336
0.592651010
0.593064249
0.589233488
0.583106726
0.571922332
0.557847202
0.535764784
0.506288350
0.469680965
0.427532613
0.382718563
0.340401649
0.298992574
0.263089955
0.236347318
0.216907799
0.204482317
0.197750628
0.194347680
0.193756640
0.195484281
0.198561430
0.201722801
0.205337822
0.211253941
0.216675818
0.222879529
0.228234887
0.231425643
0.236083746
0.239109755
0.241977870
0.246633291
0.249098182
0.249124289
0.248700261
0.248740852
0.247153521
0.244821966
0.241523206
0.239905179
0.239175856
0.239499152
0.239398539
0.236550868
0.233317196
0.234591186
0.233730018
0.234038532
0.234896898
0.236323237
0.236119151
0.235452473
0.239974499
0.242496967
0.245592713
0.249907255
0.250977457
0.250797153
0.249137163
0.250132143
0.246819913
0.243608832
0.243958712
0.243055224
0.241007209
0.241192639
0.240033984
0.239762247
0.238317072
0.234008729
0.226441205
0.219841838
0.215288520
0.201690912
0.194597244
0.204664111
0.231423914
0.267997503
0.308067381
0.346392751
0.380450606
0.409028947
0.433651388
0.455220580
0.472270966
0.486801863
0.498942733
0.508519650
0.517253160
0.524308294
0.530740112
0.536562085
0.541651994
0.545855820
0.550197691
0.553683549
0.556837916
0.559702784
0.562082976
0.564538836
0.566450328
0.568120182
0.569689989
0.571251035
0.572460234
0.573572129
0.574560553
0.575537384
0.576587498
0.577589065
0.578409672
0.579324096
0.580264062
0.581129640
0.581791818
0.582298040
0.582705438
0.583379537
0.583972663
0.584805757
0.585716814
0.586561352
0.587185979
0.587822288
0.588516057
0.588909179
0.589577377
0.590194017
0.590722948
0.591467142
0.592155337
0.590269208
0.585592538
0.577788800
0.566836178
0.549870968
0.530291587
0.505368859
0.476524115
0.445663273
0.410893261
0.372648597
0.339801371
0.305335224
0.276465774
0.253934264
0.237807214
0.221073806
0.209591568
0.200174391
0.194846451
0.192719519
0.192002237
0.192924261
0.190168262
0.207924545
0.257810950
0.316232145
0.368142307
0.411820412
0.445606411
0.470415771
0.489399016
0.504426628
0.516294926
0.526063263
0.534220546
0.540681750
0.546295136
0.550451279
0.554228127
0.557695657
0.560695291
0.563414276
0.566182286
0.568670154
0.570782661
0.572651505
0.574442506
0.576156497
0.577521980
0.578823477
0.580091238
0.580941886
0.581804186
0.582500815
0.583530545
0.584592134
0.585473120
0.586586148
0.587208092
0.587718189
0.588055491
0.588008612
0.587822974
0.588118792
0.588258862
0.588429451
0.588542491
0.589109778
0.589800119
0.590562284
0.591231346
0.591853380
0.592463940
0.593046814
0.593591779
0.594193965
0.594540060
0.594895899
0.595123738
0.595310181
0.595471233
0.595694035
0.596244514
0.596998900
0.598095268
0.599305004
0.599544466
0.599999934
0.600108504
0.600525022
0.600962728
0.601101011
0.601050079
0.600955933
0.600843161
0.600352556
0.600452513
0.600417733
0.599940091
0.599837095
0.599474400
0.599572092
0.599414110
0.599082917
0.598422796
0.597814292
0.597695857
0.597574562
0.597662956
0.597908765
0.000000000
0.000000000
