0.000000000
0.000000000
0.000000000
0.000000000
0.000000000
0.000000000
0.000000000
0.000000000
0.000000000
0.000000000
0.000000000
0.000000000
0.000000000
0.000000000
0.000000000
0.000000000
0.000000000
0.000000000
0.000000000
0.000000000
0.000000000
0.000000000
0.000000000
0.000000000
0.000000000
0.000000000
0.000000000
0.000000000
0.000000000
0.000000000
0.000000000
0.000000000
0.000000000
0.000000000
0.000000000
0.000000000
0.000000000
0.000000000
0.000000000
0.000000000
0.000000000
0.000000000
0.000000000
0.000000000
0.000000000
0.000000000
0.000000000
0.000000000
0.000000000
0.000000000
0.000000000
0.000000000
0.000000000
0.000000000
0.000000000
0.000000000
0.000000000
0.000000000
0.000000000
0.000000000
0.000000000
0.000000000
0.000000000
0.895478740
0.895507768
0.895506755
0.895462073
0.895319134
0.895428404
0.895542890
0.895590320
0.895605847
0.895621449
0.895641804
0.895647801
0.895646192
0.895656534
0.895665661
0.895657860
0.895646416
0.895642743
0.895606659
0.895509489
0.895626865
0.895659626
0.895670734
0.895670027
0.895644568
0.895641275
0.895652346
0.895652354
0.895661630
0.895663954
0.895653166
0.895645611
0.895645007
0.895638205
0.895621598
0.895592853
0.895568982
0.895573236
0.895561762
0.895558029
0.895542532
0.895503707
0.895461142
0.895456322
0.895452477
0.895446658
0.895377129
0.895376466
0.895415679
0.895389497
0.895391755
0.895395160
0.895362608
0.895406850
0.895417243
0.895350724
0.895222992
0.895214647
0.895204805
0.895282753
0.895318247
0.895288333
0.895284079
0.895249330
0.895083331
0.895095520
0.895146303
0.895156756
0.894948989
0.894880168
0.894818470
0.894856706
0.894877926
0.894875839
0.894967198
0.895016402
0.894996487
0.895030335
0.895022660
0.894987382
0.894952916
0.894840136
0.894186109
0.893402167
0.894390054
0.894760020
0.894777775
0.894619711
0.894396462
0.892866008
0.889688745
0.882178828
0.885576554
0.889423735
0.891664833
0.892572686
0.892719239
0.892050534
0.891031861
0.891088724
0.892284639
0.893944114
0.894980974
0.895346351
0.895487189
0.895538770
0.895591505
0.895628244
0.895646520
0.895655304
0.895659186
0.895661995
0.895663485
0.895665936
0.895670235
0.895673305
0.895677753
0.895681791
0.895687208
0.895687185
0.895682730
0.895676672
0.895667955
0.895654008
0.895639345
0.895621620
0.895575844
0.895538703
0.895474218
0.895166598
0.892358907
0.880715378
0.855543181
0.820677370
0.787712023
0.796001375
0.832787603
0.863322154
0.880518131
0.887860008
0.890076771
0.890854739
0.890920274
0.890568979
0.890153892
0.889424719
0.889507480
0.889783338
0.890096255
0.890270546
0.890879646
0.891492635
0.892645188
0.893575348
0.894094847
0.894368425
0.894691609
0.894917302
0.895054989
0.895108014
0.895092748
0.895092629
0.895122118
0.895132594
0.895096377
0.895118468
0.895153888
0.895236999
0.895332567
0.895415209
0.895487003
0.895546928
0.895588152
0.895597719
0.895541944
0.895360075
0.895198993
0.895480812
0.895558268
0.895597503
0.895601064
0.895505942
0.895512424
0.895461597
0.895532042
0.895609856
0.895640038
0.895643689
0.895613737
0.895605028
0.895508640
0.895335443
0.895551048
0.895652100
0.895659566
0.895681001
0.895693019
0.895694241
0.895680197
0.895577736
0.895629309
0.895673223
0.895659290
0.895560943
0.893209167
0.884458475
0.892503977
0.894088730
0.894544117
0.894396052
0.893503115
0.894246586
0.894607060
0.894565091
0.894410312
0.894399680
0.894300923
0.894375324
0.894603357
0.894772008
0.894930176
0.894717827
0.894198991
0.893826209
0.893943556
0.894370161
0.894834012
0.895120554
0.895152077
0.894664451
0.894869879
0.895335175
0.895457178
0.895364039
0.894764513
0.894524358
0.895250618
0.895460606
0.895553283
0.895609371
0.895603977
0.895588584
0.895532712
0.895530641
0.895396292
0.895569831
0.895635158
0.895653345
0.895553343
0.893427327
0.894597307
0.895232089
0.895382151
0.895516448
0.895553775
0.895577237
0.895253323
0.892257340
0.887744419
0.893355027
0.894762516
0.895081162
0.894772016
0.894806430
0.894855194
0.894910187
0.895235695
0.895366140
0.895475343
0.895487428
0.895279750
0.895121433
0.894981995
0.895401217
0.895464703
0.895484678
0.895366460
0.895549916
0.895622388
0.895640902
0.895653024
0.895669922
0.895676285
0.895658515
0.895626731
0.895590439
0.895613119
0.895623222
0.895619035
0.895621911
0.895591170
0.895587303
0.895569414
0.895503789
0.895401657
0.895222992
0.895112216
0.895183645
0.895119928
0.894859880
0.894806214
0.894718207
0.895350493
0.895549133
0.895614348
0.895629302
0.895601317
0.895484865
0.895581976
0.895584866
0.895572700
0.895487987
0.895287342
0.894803278
0.887553185
0.889902413
0.894067265
0.894907981
0.895209089
0.895372003
0.895324171
0.894717000
0.895200439
0.895392790
0.895474255
0.895511985
0.895332061
0.894944899
0.895241365
0.895468943
0.895547085
0.895553671
0.895526402
0.895390972
0.895315900
0.895446390
0.895556092
0.895605460
0.895624876
0.895651370
0.895651244
0.895658679
0.895645797
0.895620719
0.895455241
0.893933117
0.891985618
0.881728150
0.879027456
0.873223901
0.877343394
0.875767484
0.874477148
0.870095998
0.874289349
0.879439645
0.886794880
0.889921889
0.884436049
0.883987203
0.886450894
0.888977215
0.890417032
0.891485259
0.892394811
0.892617568
0.892656736
0.892226078
0.891743951
0.892073721
0.892241158
0.892796129
0.893045254
0.893578172
0.894047484
0.894408740
0.894448973
0.894621789
0.894992530
0.895233087
0.895382844
0.895403475
0.895453155
0.895476602
0.895496197
0.895487085
0.895505466
0.895504519
0.895545565
0.895472787
0.895414606
0.895510681
0.895555541
0.895572402
0.895616852
0.895638742
0.895606577
0.895601273
0.895641938
0.895653039
0.895600431
0.895218521
0.893218271
0.887328058
0.892955199
0.894563079
0.893994026
0.893063292
0.888750337
0.888810270
0.878032766
0.888847984
0.894235790
0.895035639
0.895353235
0.895529963
0.895581253
0.895625122
0.895646140
0.895651370
0.895658247
0.895655148
0.895614825
0.895644985
0.895651825
0.895623140
0.895638734
0.895646065
0.895637877
0.895566814
0.895563230
0.895481549
0.894813336
0.892775066
0.894814208
0.895330243
0.895532817
0.895582646
0.895590380
0.895580783
0.895589747
0.895619318
0.895627938
0.895656653
0.895643860
0.895669043
0.895674519
0.895677015
0.895680249
0.895693265
0.895691939
0.895690463
0.895685807
0.895680301
0.895685703
0.895682111
0.895676650
0.895679809
0.895675197
0.895659260
0.895657994
0.895669177
0.895673975
0.895676225
0.895673648
0.895674594
0.895664848
0.895637661
0.895607270
0.895621590
0.895624511
0.895628177
0.895577550
0.895592064
0.895516776
0.895449162
0.895368174
0.895114623
0.895275325
0.894996509
0.895340845
0.895401187
0.895429239
0.895191796
0.894587867
0.893190369
0.893470906
0.890880302
0.874557346
0.873587862
0.881136902
0.878941879
0.883532874
0.885547414
0.888720728
0.888132170
0.887008831
0.877630621
0.848342970
0.859509528
0.857485786
0.858888328
0.857609466
0.864639729
0.868194789
0.871943370
0.864090860
0.867397860
0.883375563
0.892961629
0.894201793
0.894670472
0.895029411
0.895279288
0.895331442
0.895419195
0.895456553
0.895446852
0.895496823
0.895529971
0.895544544
0.895552948
0.895551667
0.895559080
0.895512506
0.895510681
0.895518884
0.895525351
0.895530201
0.895531058
0.895526633
0.895520613
0.895500861
0.895492435
0.895502761
0.895519607
0.895514235
0.895492002
0.895464592
0.895393893
0.895300359
0.895239994
0.895105235
0.894845352
0.894924559
0.894859448
0.894962758
0.894950636
0.895004258
0.895090677
0.895157203
0.895092309
0.895203717
0.893430427
0.890695475
0.893984638
0.895069025
0.895288095
0.895265840
0.892181933
0.885215417
0.870837048
0.872815296
0.883843563
0.892781734
0.894299947
0.894835375
0.894931130
0.895264365
0.893919021
0.892752439
0.892895937
0.894213684
0.894093141
0.891899101
0.891891435
0.892561324
0.890731879
0.893653184
0.894741811
0.895169109
0.895295508
0.895333998
0.895414062
0.895469896
0.895479590
0.895537093
0.895538911
0.895566173
0.895586751
0.895565420
0.895550862
0.895564705
0.895543411
0.895461969
0.895160764
0.895226687
0.895052060
0.895234071
0.895085432
0.895416297
0.895247668
0.895336881
0.895333335
0.895441741
0.895525061
0.895583704
0.895522565
0.895543307
0.895523019
0.894374557
0.891586028
0.894105777
0.895170890
0.895428747
0.895462170
0.895505279
0.895480938
0.895456575
0.895475239
0.895563006
0.895588927
0.895594135
0.895589650
0.895525374
0.895517349
0.895361803
0.895523824
0.895574749
0.895590909
0.895607181
0.895612538
0.895633712
0.895601898
0.895599850
0.895596512
0.895602606
0.895598061
0.895583987
0.895571500
0.895538479
0.895283535
0.895331524
0.895409554
0.895369552
0.895450912
0.895401783
0.895463221
0.895460784
0.895352848
0.895444296
0.895411715
0.895469695
0.895494491
0.895484559
0.895423003
0.895453677
0.895460181
0.895483606
0.895457029
0.895419598
0.895237528
0.893552147
0.889374495
0.830273136
0.756941363
0.719921023
0.745961428
0.767852604
0.774530768
0.779907554
0.781312168
0.782224059
0.781193301
0.782661408
0.783694133
0.783693776
0.783158660
0.780022010
0.776700065
0.776290134
0.777007371
0.776863500
0.776767015
0.776295036
0.773383215
0.770575359
0.769178554
0.770472810
0.772497788
0.774951920
0.774662942
0.775569335
0.778444514
0.781979531
0.785017848
0.786976412
0.786951751
0.782736585
0.781812355
0.781795308
0.781039909
0.780466154
0.778359234
0.777252823
0.776386559
0.775586471
0.775274292
0.774874389
0.775132388
0.775702640
0.777127787
0.779332727
0.779835299
0.781213403
0.782470509
0.783934906
0.785125956
0.786411762
0.785519212
0.783314601
0.782353505
0.782375634
0.782992929
0.782451212
0.778242901
0.774388075
0.771095380
0.773261666
0.771349967
0.770182326
0.768299863
0.768752202
0.767582640
0.768494949
0.767892405
0.767009363
0.767302528
0.766957402
0.766990051
0.765978202
0.764737025
0.764341384
0.765022457
0.766311914
0.765161783
0.763129592
0.762393638
0.761433303
0.761687517
0.760551065
0.761654392
0.762877300
0.763189077
0.761474490
0.762116790
0.764028147
0.763101503
0.760889083
0.758301288
0.755335450
0.751246378
0.750676736
0.748505056
0.745755821
0.743918061
0.740919381
0.739030540
0.736977041
0.734574854
0.736726999
0.737722844
0.748917788
0.784533024
0.890638910
0.892532974
0.891861960
0.890612729
0.883015223
0.859950677
0.827310875
0.817021310
0.832656205
0.855373621
0.838927463
0.835512504
0.859695360
0.871632993
0.886460498
0.884873331
0.878468424
0.869587824
0.864103377
0.870016053
0.883987829
0.891135029
0.892472193
0.869170889
0.695101589
0.500442594
0.683554381
0.748232007
0.765362918
0.767425567
0.765430599
0.769727096
0.773792118
0.775920600
0.777021691
0.775989503
0.774471432
0.774083808
0.774388999
0.774798259
0.774991423
0.774683818
0.773686469
0.772905558
0.773207873
0.773763865
0.773740873
0.774227917
0.774648160
0.775129229
0.774538502
0.774870008
0.775289342
0.776105613
0.777282253
0.779030144
0.781102881
0.782974035
0.784645617
0.786137238
0.787322178
0.788327917
0.789214090
0.789943844
0.790617168
0.791067109
0.791462079
0.791779488
0.792050749
0.792287976
0.792635202
0.793096572
0.793477491
0.793618888
0.794638768
0.795500085
0.795655936
0.795676097
0.795957923
0.795841500
0.795542181
0.795022100
0.794244438
0.793090507
0.791538566
0.789931923
0.782998428
0.775162235
0.774476439
0.778157607
0.777253076
0.776539326
0.772578001
0.771223307
0.772282824
0.776031926
0.778213158
0.778617918
0.774211138
0.770580769
0.770611554
0.773827717
0.775765285
0.773994863
0.768524066
0.758585423
0.746790558
0.742024809
0.743050724
0.748008579
0.755108312
0.761844665
0.766538218
0.764076591
0.766923755
0.772946075
0.781805292
0.788106963
0.788455099
0.787235141
0.784483343
0.782307655
0.781253234
0.781606838
0.782197088
0.783649921
0.786845878
0.790941074
0.796566159
0.802601412
0.808355421
0.813562095
0.817704320
0.819197297
0.820937365
0.823065877
0.824425668
0.825172201
0.826184005
0.826909274
0.828014806
0.829198077
0.830842510
0.833475307
0.837058023
0.841034889
0.844450980
0.848066360
0.852703407
0.858818889
0.864408240
0.869862348
0.874858409
0.879290991
0.882560946
0.885375299
0.887748107
0.889793970
0.891224571
0.892093949
0.892674789
0.893290095
0.893975936
0.894464135
0.894902565
0.895241722
0.895238511
0.895043112
0.894987099
0.894996136
0.895067066
0.895168588
0.895300582
0.895325236
0.895351961
0.895388573
0.895406887
0.895438254
0.895438097
0.895402975
0.895414770
0.895429090
0.895438224
0.895405255
0.895343073
0.895317338
0.895354129
0.895417735
0.895509109
0.895593174
0.895625725
0.895517468
0.895609692
0.895640120
0.895615831
0.895591646
0.895497762
0.895493388
0.895520680
0.895450488
0.895263687
0.895318829
0.895037010
0.895438895
0.895558774
0.895584762
0.895412214
0.895252764
0.895402886
0.895566024
0.895615794
0.895626776
0.895623386
0.895575784
0.895604163
0.895623572
0.895645589
0.895627297
0.895595200
0.895611636
0.895605005
0.895537481
0.895561107
0.895575888
0.895567179
0.895546310
0.895490721
0.895418815
0.895435601
0.895530313
0.895554081
0.895525984
0.895354964
0.891570233
0.890502006
0.894068830
0.895087302
0.895345554
0.895441830
0.895459719
0.895474896
0.895525120
0.895536363
0.895553201
0.895591095
0.895608157
0.895606101
0.895584881
0.895566545
0.895598553
0.895618849
0.895631470
0.895640567
0.895641923
0.895649754
0.895626128
0.895563662
0.895561427
0.895538583
0.895532027
0.895588323
0.895632833
0.895660155
0.895668894
0.895662546
0.895667195
0.895635977
0.895642273
0.895654827
0.895667009
0.895653673
0.895620897
0.895602770
0.895602249
0.895615354
0.895621203
0.895630576
0.895593613
0.895556085
0.895483658
0.895151682
0.892750807
0.874698266
0.827724159
0.761980742
0.743265510
0.775751337
0.817638114
0.826553166
0.774548292
0.621661395
0.461262882
0.491816044
0.580265909
0.631703049
0.668281317
0.693618327
0.716301769
0.717010409
0.714380205
0.721035570
0.728621215
0.735115707
0.738524646
0.740718663
0.742492080
0.745129824
0.748003095
0.753250867
0.757853493
0.755245268
0.756532788
0.759094670
0.760908082
0.761396065
0.760286480
0.759290248
0.758673772
0.758057982
0.758843899
0.759075105
0.758117080
0.757002443
0.755331710
0.754704401
0.755486518
0.757359117
0.759256750
0.760887548
0.762409553
0.763929322
0.765200987
0.766097188
0.766736865
0.767433286
0.768027484
0.768467039
0.768723443
0.768866867
0.768965334
0.768961236
0.768819436
0.768772483
0.768327832
0.768431365
0.768622801
0.768732980
0.768630102
0.768265069
0.767615706
0.766648218
0.764850169
0.762995303
0.762090668
0.762246728
0.762281761
0.761075139
0.759663120
0.758956388
0.758665517
0.757999092
0.755608186
0.754555434
0.755428642
0.756055743
0.756546646
0.755375624
0.756047755
0.756733030
0.757467598
0.757573351
0.758028328
0.755328998
0.748778492
0.747874588
0.745590895
0.742844790
0.740049809
0.736849248
0.735206753
0.733430117
0.727996826
0.724775910
0.714141369
0.704396665
0.715529054
0.721519947
0.728976995
0.745753348
0.762396351
0.760448545
0.758677050
0.759365335
0.758305997
0.759698808
0.759788975
0.761157259
0.761299223
0.759694204
0.761703894
0.762422547
0.764794916
0.768099144
0.767100573
0.767899290
0.770492479
0.773698315
0.775780529
0.778059289
0.777661130
0.782849997
0.786241204
0.790679857
0.793344438
0.795422286
0.796669900
0.798949391
0.800207019
0.802156448
0.803607583
0.805055276
0.806243777
0.808155641
0.809669003
0.811882034
0.813385934
0.814957246
0.816080227
0.816422418
0.817132652
0.818139613
0.817940786
0.817830026
0.818493471
0.818621412
0.818169087
0.817768976
0.817112923
0.817725807
0.817274809
0.818253353
0.818580940
0.815497085
0.814246088
0.807612240
0.806897059
0.804712787
0.805865988
0.806058168
0.804070786
0.806143776
0.807617188
0.809363678
0.810093820
0.809541658
0.811923116
0.811973095
0.813441083
0.808906779
0.805780560
0.804496855
0.798457444
0.801562279
0.802679673
0.809902817
0.818212703
0.821388856
0.822617173
0.828477919
0.836273015
0.844983801
0.858665362
0.881356969
0.887385421
0.884065852
0.870132595
0.882536985
0.890691318
0.893240884
0.894496292
0.893773407
0.886855148
0.886453956
0.893224098
0.893564947
0.894360118
0.893287271
0.894440576
0.892685831
0.892084114
0.894827232
0.895270288
0.895369761
0.895142198
0.895100541
0.893975645
0.893059738
0.894329980
0.894679584
0.895052589
0.895127788
0.893710941
0.890892446
0.894014418
0.893692546
0.894589841
0.894824684
0.894784048
0.894390799
0.893257670
0.893743671
0.892141528
0.893236667
0.892317332
0.892133921
0.894072182
0.894518383
0.894263409
0.888123669
0.878574401
0.887749612
0.891162120
0.892897651
0.894739240
0.895061798
0.895246536
0.895259000
0.895335175
0.895301513
0.894754708
0.894661941
0.893944256
0.893871449
0.894145742
0.895135857
0.895284355
0.895453408
0.895370662
0.895532630
0.895457231
0.895338841
0.895516418
0.895576470
0.895632342
0.895650186
0.895670243
0.895679682
0.895673089
0.895661242
0.895674437
0.895684339
0.895646341
0.895339034
0.895535782
0.895622298
0.895655081
0.895640090
0.895647705
0.895650238
0.895648420
0.895645283
0.895579048
0.894037805
0.889318354
0.878270693
0.874417976
0.880298406
0.887279831
0.890395291
0.889046930
0.891089223
0.892291769
0.893330477
0.893865429
0.894347012
0.894661151
0.894816138
0.894854404
0.894990765
0.895075418
0.895148657
0.895022638
0.894937709
0.895027190
0.895062566
0.895110406
0.895085990
0.895155802
0.895145915
0.894830950
0.894985564
0.894848362
0.894701004
0.894463636
0.894191928
0.893733747
0.892870396
0.892417483
0.891538464
0.887814671
0.885986574
0.885787845
0.883000419
0.880327210
0.880526491
0.883604139
0.885530546
0.887029454
0.888436280
0.892189682
0.894140907
0.894153498
0.894320838
0.894418366
0.889851086
0.892209619
0.891501360
0.894668050
0.894984469
0.895114273
0.895230889
0.895447180
0.894546546
0.895299479
0.894963577
0.893864430
0.894917309
0.894200645
0.893367663
0.894493781
0.890137024
0.892277345
0.894035675
0.895041734
0.895390615
0.895463035
0.895424552
0.895548552
0.895574339
0.895549007
0.895593740
0.895565987
0.895584755
0.895577990
0.895502381
0.895447299
0.893106878
0.888762601
0.892415002
0.894876689
0.895141706
0.894935809
0.895141169
0.893931322
0.894107290
0.894101322
0.889518224
0.891724966
0.893721610
0.894481152
0.895288691
0.895489812
0.895546742
0.895474896
0.895502090
0.895575613
0.895611450
0.895607635
0.895553790
0.895607434
0.895624302
0.895095907
0.895466954
0.895576581
0.895616025
0.895604037
0.895494841
0.895544656
0.895200774
0.895506933
0.895507462
0.895183146
0.895428583
0.895573370
0.895569064
0.895627201
0.895540714
0.895534053
0.895345129
0.895317577
0.895423211
0.895486198
0.895578943
0.895623095
0.895616964
0.895602286
0.895630494
0.895631313
0.895611286
0.895633630
0.895636745
0.895652503
0.895615868
0.895588413
0.895600744
0.895203017
0.895106792
0.895033851
0.894724004
0.894214623
0.894311160
0.894167192
0.893696822
0.893790327
0.893598720
0.893896751
0.893206976
0.892299801
0.891132146
0.890969113
0.890023693
0.889441788
0.889076270
0.888252474
0.887966417
0.889342956
0.890963987
0.891711786
0.892340794
0.892401710
0.892709568
0.893367968
0.893624261
0.893219821
0.893354900
0.893610835
0.893904313
0.893931694
0.894294262
0.894386940
0.894498602
0.894485109
0.894294687
0.894466795
0.894428410
0.894096412
0.894302711
0.894129395
0.894032419
0.894248538
0.894485116
0.894674145
0.894416861
0.892789371
0.891685396
0.890890062
0.892344728
0.889202736
0.888798170
0.887951620
0.889781468
0.889566071
0.870575503
0.879152544
0.891939096
0.894405648
0.894684613
0.895169102
0.895430006
0.895492144
0.895505719
0.895547859
0.895588458
0.895599209
0.895610474
0.895607352
0.895639390
0.895641394
0.895664744
0.895656690
0.895619795
0.895564042
0.895171225
0.891643658
0.878345266
0.885456264
0.890489861
0.893973418
0.894984864
0.895319872
0.895320989
0.895185277
0.895154268
0.895346269
0.895491518
0.895516552
0.895485729
0.895527735
0.895588674
0.895625748
0.895632751
0.895627506
0.895627096
0.895637579
0.895643353
0.895648398
0.895614170
0.895615615
0.895595632
0.895608239
0.895607375
0.895573981
0.895333946
0.893539347
0.893936403
0.894006789
0.894314691
0.894556910
0.894735746
0.894920848
0.895122282
0.895221487
0.895308830
0.895373613
0.895255961
0.894759431
0.895072080
0.895228058
0.895282745
0.895373210
0.895397842
0.895471238
0.895482436
0.895487681
0.895489670
0.895531647
0.895544335
0.895575240
0.895600982
0.895609871
0.895621084
0.895619236
0.895626888
0.895633504
0.895639502
0.895647869
0.895651653
0.895648494
0.895633735
0.895635501
0.895628877
0.895620875
0.895620748
0.895634107
0.895625114
0.895626754
0.895593069
0.895585574
0.895565651
0.895550057
0.895502977
0.895479731
0.895478956
0.895456098
0.895328492
0.895293206
0.895248242
0.895197555
0.894351698
0.891659021
0.893315241
0.894918047
0.895118989
0.895059742
0.892782487
0.878077410
0.823505923
0.845186993
0.858826473
0.851557314
0.864917710
0.877556659
0.889385305
0.888458915
0.888967834
0.874508306
0.871120498
0.876784466
0.878305830
0.866474524
0.880044669
0.890962660
0.893991485
0.895018503
0.895317599
0.895401806
0.895440169
0.895455576
0.895537592
0.895570107
0.895537488
0.895569250
0.895576194
0.895507015
0.895596586
0.895645626
0.895659789
0.895638444
0.895469062
0.895414665
0.895490564
0.895610057
0.895639077
0.895594925
0.895641983
0.895539716
0.895589285
0.895624176
0.895652682
0.895657413
0.895664372
0.895592645
0.895633109
0.895664804
0.895607054
0.895518661
0.895610265
0.895652637
0.895680614
0.895678557
0.895678312
0.895609260
0.895620883
0.895626672
0.895679183
0.895677447
0.895651944
0.895525917
0.895256057
0.895500585
0.895583540
0.895602062
0.895600602
0.895569138
0.895512462
0.895591386
0.895616449
0.895575792
0.895384692
0.894835204
0.893724225
0.892671987
0.891460516
0.890099429
0.888550721
0.887548998
0.886743598
0.888090968
0.890042529
0.891069718
0.891842350
0.892840609
0.893613338
0.893512845
0.894504458
0.895080857
0.895338558
0.895443253
0.895508058
0.895531148
0.895515755
0.895499133
0.895485833
0.895442270
0.895413652
0.895392142
0.895384572
0.895323865
0.895401701
0.895459026
0.895506725
0.895571619
0.895609237
0.895643108
0.895652406
0.895650990
0.895677671
0.895678200
0.895666413
0.895672180
0.895650938
0.895682856
0.895687848
0.895692982
0.895684235
0.895613037
0.895624161
0.895672075
0.895683698
0.895649083
0.895658202
0.895588726
0.895593800
0.895643845
0.895657912
0.895620301
0.895653039
0.895663634
0.895678252
0.895662479
0.895658642
0.895667255
0.895673700
0.895634040
0.895659968
0.895683594
0.895610109
0.894778132
0.890200250
0.894589618
0.895310603
0.895479247
0.895476997
0.895410679
0.895492420
0.895560816
0.895620108
0.895628929
0.895622663
0.895566151
0.895147331
0.895379856
0.895484447
0.895515740
0.895451218
0.895433947
0.895477831
0.895549640
0.895561762
0.895616241
0.895629093
0.895633914
0.895622388
0.895503797
0.895593457
0.895645730
0.895663083
0.895634346
0.895654529
0.895661190
0.895668626
0.895674594
0.895677723
0.895674773
0.895590410
0.894922391
0.895448923
0.895587407
0.895612247
0.895542741
0.895260274
0.895471610
0.895578951
0.895624503
0.895643882
0.895644478
0.895647801
0.895656213
0.895630784
0.895646781
0.895651497
0.895632125
0.895597190
0.895575635
0.895634606
0.895661049
0.895672426
0.895672739
0.895677723
0.895683296
0.895677656
0.895659067
0.895615555
0.895594925
0.895611160
0.895621352
0.895615824
0.895589881
0.895575009
0.895573683
0.895571612
0.895582207
0.895579688
0.895512581
0.895428404
0.895424798
0.895418555
0.895410433
0.895380765
0.895310856
0.895141229
0.894676574
0.893687621
0.880121805
0.826446488
0.756632790
0.736296296
0.785171539
0.822025910
0.822466537
0.814616948
0.807652846
0.760700867
0.785417065
0.826652452
0.848526463
0.851290837
0.856058106
0.865488485
0.872915015
0.877882935
0.881201878
0.883295558
0.885935515
0.888887197
0.890500180
0.892044768
0.892962560
0.893585794
0.894059144
0.894443020
0.894778639
0.894996427
0.895164989
0.895172194
0.895183258
0.895297766
0.895388730
0.895208806
0.892159045
0.888441980
0.888958193
0.889539093
0.886074647
0.881766744
0.878809035
0.877995469
0.880345218
0.883197866
0.885359272
0.888076179
0.887153149
0.887914658
0.888047054
0.887422405
0.882238865
0.883132137
0.882927068
0.883842997
0.888453715
0.891121402
0.892601028
0.893503360
0.894049019
0.894107118
0.894614257
0.894787170
0.894982301
0.895066693
0.894609369
0.894887723
0.895147562
0.895172954
0.894872978
0.895275317
0.895167962
0.893029854
0.892758697
0.892724179
0.891628318
0.891495995
0.868192315
0.862820670
0.871037200
0.881153956
0.886034757
0.890127175
0.886406898
0.883010104
0.883340769
0.885161437
0.880422026
0.877208091
0.857547402
0.850289181
0.859390035
0.856895581
0.863970414
0.859587491
0.861733139
0.871405661
0.882060103
0.887039065
0.891492896
0.893855684
0.893153712
0.893530779
0.894623995
0.894787870
0.894739285
0.889250480
0.872173607
0.872922599
0.874752164
0.879059196
0.884429209
0.887745202
0.885352388
0.882513493
0.880333886
0.882454991
0.885481521
0.875849426
0.870794609
0.868924841
0.868221283
0.872711554
0.882826544
0.874912590
0.861045480
0.873813987
0.857810155
0.852196440
0.826580986
0.799429268
0.786956295
0.783726126
0.779611140
0.782791525
0.781954750
0.781309322
0.780089766
0.784093305
0.784427330
0.785999477
0.781478018
0.781232029
0.779996514
0.779233441
0.778333947
0.780526638
0.780578658
0.780265287
0.777374059
0.775938839
0.775657490
0.776267827
0.774018183
0.774456233
0.772545531
0.771515653
0.767910957
0.765691862
0.760225907
0.762217283
0.761613756
0.760821059
0.758500353
0.754607990
0.753141135
0.751534343
0.749421328
0.745497704
0.742200464
0.742591232
0.744427174
0.743672490
0.743822217
0.745467752
0.743855000
0.743737698
0.743837357
0.743475765
0.745471507
0.746600658
0.742582917
0.741479188
0.743039101
0.741031766
0.740588844
0.740240484
0.736757994
0.736151367
0.737870365
0.729671896
0.731185138
0.726342112
0.733801603
0.738348007
0.739778072
0.734577864
0.739016682
0.737706363
0.736427724
0.734902829
0.734420210
0.732976884
0.733564049
0.733806789
0.732550949
0.732264370
0.733296156
0.732708573
0.737235159
0.735821068
0.741144359
0.741944730
0.745168149
0.751632959
0.754053369
0.752056181
0.751393706
0.747090369
0.751117811
0.751203969
0.755803123
0.754336238
0.755356967
0.754253268
0.755966097
0.757340074
0.757584676
0.755178750
0.755587921
0.755834520
0.755376518
0.755580515
0.754123673
0.753894135
0.752351284
0.751574695
0.752967820
0.755689368
0.757406875
0.758513540
0.755897716
0.755305186
0.755267128
0.754262775
0.752762213
0.752390087
0.751155823
0.750944898
0.754194856
0.752170563
0.754545465
0.755341187
0.755725250
0.757073879
0.757311523
0.755746782
0.758895785
0.758544207
0.761306226
0.761559978
0.762555182
0.764637277
0.763118088
0.761388853
0.760698631
0.759119600
0.758481309
0.757426351
0.756022394
0.758438349
0.758213565
0.759364739
0.757473201
0.758321121
0.755326197
0.756466895
0.757583722
0.759042829
0.760501325
0.754499346
0.752079979
0.754707560
0.754672244
0.754656658
0.753350601
0.749975950
0.753044218
0.754447609
0.756091222
0.753166616
0.752370551
0.754342616
0.753110901
0.754212454
0.756434962
0.761069879
0.759808376
0.759657532
0.765057713
0.767730713
0.765594646
0.763768688
0.758887604
0.760353148
0.757165357
0.758030877
0.760428220
0.760755196
0.760612309
0.760505661
0.759947762
0.753388986
0.756287098
0.761528611
0.760072693
0.762702093
0.762009636
0.767201185
0.761888474
0.763334706
0.764817730
0.767711908
0.760340035
0.758408964
0.757184565
0.751559153
0.749849975
0.751165152
0.749085754
0.752869487
0.753413603
0.752144441
0.751197562
0.749597698
0.750331581
0.751011848
0.748966932
0.750862658
0.752420023
0.751289219
0.744804889
0.738715649
0.736036777
0.737252235
0.743407696
0.743363172
0.746017724
0.746494859
0.750775516
0.754039153
0.748629838
0.754752055
0.751792327
0.754666269
0.753874615
0.751641810
0.756585419
0.756968766
0.756256923
0.759727299
0.755455449
0.758419514
0.754728273
0.752412125
0.751560897
0.752091229
0.752182424
0.750707403
0.749702007
0.749836981
0.750984952
0.749791235
0.748050869
0.745679945
0.745441765
0.746104270
0.747513115
0.748343289
0.747974664
0.749060690
0.750172079
0.750835329
0.749017686
0.749031514
0.748708278
0.746278882
0.742952734
0.742807478
0.743701041
0.744810253
0.743927598
0.746114969
0.744488358
0.746192873
0.745683193
0.748632699
0.748346508
0.746392280
0.749825865
0.751269028
0.751656979
0.750052050
0.748198956
0.747676075
0.746853411
0.753568470
0.747373849
0.744646907
0.733721793
0.736521304
0.742148429
0.745087773
0.744795531
0.746463776
0.743186891
0.744548917
0.745537221
0.741158664
0.743471682
0.744970858
0.747303993
0.747642279
0.747899622
0.745532960
0.741684675
0.744472593
0.746314615
0.745874465
0.746003091
0.746536613
0.745325774
0.744783372
0.743938297
0.744777411
0.745262980
0.742056578
0.743425190
0.744047672
0.742152959
0.744395196
0.747531623
0.745112270
0.748289883
0.745934725
0.745654166
0.745751977
0.744612396
0.743976474
0.743975222
0.745096654
0.744085252
0.745426297
0.746153623
0.745826095
0.745357454
0.744938076
0.743819147
0.744292945
0.744098037
0.742824018
0.742711067
0.742649853
0.742745996
0.744254649
0.742461115
0.742216378
0.743439704
0.743402690
0.743708968
0.743454427
0.742845088
0.744879633
0.747154653
0.747731388
0.747461379
0.746809572
0.747813165
0.747648925
0.747905046
0.749119639
0.749244153
0.751415387
0.752711803
0.752203837
0.752117962
0.751850039
0.751137152
0.748560697
0.750065610
0.751522511
0.753177911
0.755090177
0.753957942
0.753390610
0.752556235
0.755461171
0.755022779
0.757228673
0.760112792
0.760895371
0.762589484
0.762317166
0.763345063
0.765846342
0.770914569
0.771370381
0.772961810
0.776523232
0.778414831
0.778287023
0.774239406
0.775337249
0.779413521
0.784006566
0.789278358
0.792258590
0.791767806
0.789122999
0.786709756
0.785309449
0.789264232
0.791166440
0.783312306
0.792393133
0.802668363
0.811048567
0.824967176
0.811825201
0.821644172
0.850375414
0.850800887
0.852165833
0.874322161
0.889678240
0.892697610
0.891102694
0.893961608
0.894885793
0.895180002
0.895388857
0.895480625
0.895445131
0.894770369
0.886927806
0.890520334
0.894031316
0.894791327
0.894862041
0.894303478
0.893420741
0.894287013
0.894245334
0.894706234
0.895120867
0.895315729
0.895431824
0.895221196
0.894034535
0.894467659
0.894580051
0.894004904
0.890790969
0.893854260
0.894985937
0.895275496
0.895350486
0.895367786
0.895479552
0.895549610
0.895584174
0.895609118
0.895610236
0.895569585
0.895513512
0.895579711
0.895588771
0.895613104
0.895633452
0.895642832
0.895602711
0.895598061
0.895627059
0.894886672
0.895404965
0.895548910
0.895588584
0.895589069
0.895513132
0.895190068
0.895222314
0.895455472
0.895412125
0.893365152
0.894066297
0.894870885
0.895200856
0.895263039
0.895190977
0.894863002
0.894720256
0.895334430
0.895475283
0.895561628
0.895559341
0.895624727
0.895634741
0.895625956
0.895620793
0.895615555
0.895569623
0.895488508
0.895511925
0.895599447
0.895630702
0.895638637
0.895614401
0.895629600
0.895646997
0.895642079
0.895572670
0.895607680
0.895645253
0.895647593
0.895628966
0.895555541
0.895585708
0.895643927
0.895664640
0.895667940
0.895653166
0.895669945
0.895671748
0.895667993
0.895651706
0.895668678
0.895673744
0.895648889
0.895622462
0.895644829
0.895646468
0.895658113
0.895659067
0.895674743
0.895682573
0.895685583
0.895682268
0.895666406
0.895661257
0.895655625
0.895654358
0.895650975
0.895610668
0.895330928
0.894939825
0.895322852
0.895478293
0.895441160
0.895056054
0.888722278
0.829028457
0.721320599
0.679439306
0.780482650
0.807414740
0.787048817
0.793083161
0.825490102
0.869636521
0.864763036
0.849566266
0.875091128
0.892146721
0.894376427
0.894698732
0.893687084
0.893894643
0.895008169
0.895324327
0.895453021
0.895446956
0.894828103
0.895161085
0.895400487
0.895523876
0.895607248
0.895623639
0.895514712
0.895424150
0.895465024
0.895334125
0.895270795
0.895057961
0.895461075
0.895560183
0.895403117
0.889550686
0.883481182
0.890524767
0.894298926
0.894982532
0.895123839
0.895344250
0.895450383
0.895439342
0.895255998
0.895398915
0.895540372
0.895587690
0.895628676
0.895633332
0.895611286
0.895498157
0.895586058
0.895634919
0.895646334
0.895666987
0.895681717
0.895684890
0.895680748
0.895642459
0.895643428
0.895668961
0.895671457
0.895683892
0.895686023
0.895678729
0.895682983
0.895681717
0.895674437
0.895663023
0.895647183
0.895630300
0.895621844
0.895645060
0.895659409
0.895662904
0.895661928
0.895659253
0.895647496
0.895641610
0.895658940
0.895667255
0.895664856
0.895644285
0.895619988
0.895603262
0.895586252
0.895571008
0.895561337
0.895554118
0.895546995
0.895543024
0.895542651
0.895536594
0.895542055
0.895527899
0.895556018
0.895578384
0.895560667
0.895430207
0.894771092
0.894880854
0.895237967
0.895395748
0.895216264
0.895173907
0.895251833
0.895205371
0.895021982
0.894982308
0.895031609
0.894937202
0.895006195
0.895096138
0.894975014
0.894572519
0.894480042
0.894498333
0.894661188
0.894552164
0.894424282
0.894436091
0.894510627
0.894454904
0.894513942
0.894565441
0.894690432
0.895010568
0.895210117
0.895285778
0.895345449
0.895391986
0.895445116
0.895491846
0.895466611
0.895371892
0.894479752
0.891884767
0.893559024
0.895077586
0.895413406
0.895523392
0.895534106
0.895476989
0.895407379
0.895315245
0.895302877
0.895108856
0.702426404
0.377328157
0.401786685
0.415469527
0.420777798
0.429034114
0.433024645
0.429789364
0.439882100
0.411732852
0.401675045
0.448862016
0.459503591
0.439889669
0.425422132
0.428436100
0.414533257
0.399118781
0.392907917
0.399021626
0.392224014
0.401659012
0.418806314
0.433844805
0.440657258
0.425104678
0.400884390
0.396679342
0.435767531
0.431015015
0.486147940
0.486425817
0.472599506
0.498434901
0.484633207
0.511364222
0.528280973
0.520468265
0.517729342
0.492891729
0.473155916
0.483648956
0.506780505
0.490635037
0.472010136
0.460041940
0.466554761
0.491108358
0.477286160
0.469997287
0.473090947
0.464786410
0.452888846
0.451330423
0.442525804
0.440281987
0.450742364
0.460096657
0.475849390
0.463066399
0.439793527
0.451556623
0.466684520
0.469212353
0.456358552
0.434310853
0.453421056
0.446319938
0.474916875
0.492903769
0.481668234
0.500462651
0.475252867
0.454555154
0.472291589
0.472421110
0.462192714
0.442016602
0.439928174
0.413606286
0.427435994
0.463893652
0.480248630
0.467949629
0.512231141
0.512612641
0.525084674
0.535910457
0.533302844
0.493764520
0.490822673
0.482804120
0.489224553
0.481814623
0.464533925
0.466274321
0.448212922
0.437539935
0.462350190
0.443757713
0.458714724
0.427737236
0.407428265
0.374399483
0.365411639
0.353786051
0.352456510
0.321158886
0.269428730
0.257545412
0.529002637
0.739160806
0.828891531
0.857222766
0.872172624
0.877976730
0.885205008
0.890548192
0.892667420
0.893568590
0.894021496
0.894314565
0.894707933
0.894966662
0.895152591
0.895183869
0.895236962
0.895253778
0.895194039
0.895295642
0.895485237
0.895550318
0.895574354
0.895589583
0.895604134
0.895614870
0.895620227
0.895625241
0.895622633
0.895621672
0.895625561
0.895620711
0.895618558
0.895602927
0.895575427
0.895521387
0.895432711
0.895413063
0.895449080
0.895492710
0.895544097
0.895580240
0.895592332
0.895549670
0.895467974
0.895282410
0.895111248
0.895029537
0.895094499
0.895059600
0.894943655
0.894630656
0.894731432
0.894607216
0.894049026
0.893703774
0.894718386
0.895299166
0.895483084
0.895544648
0.895574450
0.895591691
0.895620793
0.895642966
0.895656466
0.895661637
0.895662218
0.895626932
0.895619385
0.895650268
0.895664744
0.895665862
0.895631514
0.895560712
0.895432577
0.895346642
0.895371690
0.895213887
0.893775515
0.892925136
0.892845094
0.890278786
0.887856357
0.891123779
0.893641628
0.894637577
0.895073451
0.895290576
0.895415112
0.895471744
0.895515636
0.895548768
0.895570911
0.895585097
0.895595081
0.895601735
0.895605184
0.895607010
0.895609312
0.895609789
0.895594604
0.895597763
0.895607293
0.895608164
0.895615555
0.895624116
0.895631053
0.895634979
0.895636953
0.895636745
0.895634994
0.895631909
0.895628497
0.895623811
0.895618029
0.895608470
0.895602822
0.895597130
0.895585470
0.895573661
0.895556651
0.895544603
0.895538390
0.895531245
0.895523809
0.895510994
0.895509832
0.895514235
0.895523615
0.895534478
0.895549409
0.895548910
0.895535909
0.895535417
0.895541944
0.895556234
0.895550549
0.895544097
0.895528421
0.895511307
0.895524934
0.895530730
0.895493791
0.895482540
0.895496972
0.895479292
0.895436369
0.895437703
0.895439558
0.895443395
0.895449556
0.895458728
0.895481542
0.895484082
0.895483084
0.895478517
0.895469062
0.895453580
0.895448014
0.895456508
0.895455271
0.895468161
0.895469017
0.895450443
0.895405591
0.895395227
0.895421669
0.895475797
0.895495757
0.895489216
0.895508327
0.895527236
0.895446673
0.895346753
0.895251006
0.895319998
0.895174243
0.895082831
0.895224042
0.895276099
0.895308971
0.895322800
0.895407319
0.895520002
0.895514056
0.895533636
0.895598613
0.895622239
0.895614929
0.895617716
0.895628035
0.895634443
0.895635970
0.895647839
0.895652801
0.895652510
0.895650849
0.895637609
0.895625480
0.895624503
0.895630121
0.895651296
0.895661265
0.895653479
0.895649336
0.895638205
0.895631053
0.895629749
0.895634890
0.895635344
0.895633787
0.895628102
0.895632148
0.895634495
0.895632356
0.895632893
0.895636074
0.895652927
0.895668618
0.895671688
0.895673618
0.895670973
0.895667031
0.895666882
0.895663768
0.895664342
0.895665132
0.895628169
0.895619728
0.895627983
0.895627037
0.895612657
0.895584069
0.895548686
0.895536959
0.895540670
0.895522654
0.895453364
0.895304434
0.895033389
0.894574642
0.894054763
0.893560074
0.892972142
0.892426953
0.892051198
0.891929440
0.892081574
0.892259553
0.892219856
0.892279997
0.892197505
0.891999185
0.891740687
0.891534127
0.891632833
0.892068125
0.892193504
0.892661572
0.893168703
0.893696479
0.894091032
0.894387878
0.894540392
0.894681230
0.894819759
0.894900627
0.894951031
0.895012438
0.895094365
0.895192131
0.895286247
0.895386107
0.895475641
0.895503402
0.895496309
0.895440027
0.895299971
0.895145118
0.895004071
0.895088620
0.894961253
0.894513309
0.893241391
0.892573103
0.893813968
0.895043649
0.895064704
0.895013213
0.895235077
0.895415291
0.895381801
0.895372964
0.895453647
0.895507447
0.895409971
0.895475395
0.895270795
0.894675493
0.895186320
0.895496346
0.895545676
0.895535104
0.895614751
0.895638399
0.895684525
0.895683892
0.895637080
0.895632446
0.895590439
0.895645700
0.895674430
0.895663828
0.895608507
0.895585023
0.895625651
0.895664454
0.895662926
0.895627536
0.895617351
0.895639695
0.895639405
0.895603023
0.895476125
0.895091899
0.895331569
0.895440586
0.895542949
0.895592965
0.895629749
0.895602368
0.895477101
0.895536125
0.895577796
0.895486504
0.895384327
0.895347938
0.895396397
0.895477548
0.895543419
0.895502523
0.894398808
0.879214488
0.883775301
0.893567182
0.894912161
0.895290121
0.895406969
0.895433150
0.895460844
0.895539224
0.895394981
0.894418597
0.892326951
0.894017853
0.894992754
0.895362742
0.895481698
0.895533629
0.895480551
0.893228084
0.882050969
0.888951853
0.893267050
0.894433513
0.894871771
0.895085812
0.895165674
0.895074137
0.895060576
0.895021223
0.895102993
0.895148978
0.895369262
0.895445190
0.895487554
0.895494044
0.895483144
0.895414196
0.895359218
0.895521268
0.895578623
0.895601220
0.895614557
0.895621546
0.895623028
0.895579085
0.895618029
0.895637713
0.895640709
0.895627677
0.895646736
0.895660184
0.895666137
0.895666823
0.895662874
0.895650581
0.895667180
0.895669699
0.895675942
0.895677671
0.895676225
0.895669028
0.895662494
0.895649031
0.895642966
0.895634055
0.895630993
0.895622723
0.895595089
0.895584062
0.895588301
0.895587191
0.895588376
0.895569041
0.895559028
0.895558737
0.895557307
0.895546205
0.895528950
0.895537481
0.895546593
0.895522125
0.894644223
0.893295340
0.894282758
0.894506440
0.894975610
0.895067900
0.895091921
0.895129293
0.895177327
0.895089291
0.894934274
0.894625857
0.893415511
0.889647067
0.884155497
0.888199642
0.892077811
0.893654779
0.893614180
0.891357735
0.893443286
0.893810764
0.894086763
0.894487008
0.894434988
0.894572333
0.894757688
0.893756993
0.893312812
0.891878895
0.891817808
0.891973734
0.893009305
0.892626919
0.891440883
0.892881505
0.893746592
0.893886968
0.887136243
0.890024111
0.892057464
0.887009725
0.872469649
0.860268593
0.874746323
0.885787293
0.890201963
0.892217927
0.890266195
0.892682493
0.890767157
0.890331976
0.894081838
0.894821942
0.895074397
0.895225629
0.895269752
0.895291902
0.895320460
0.895392306
0.895441465
0.895482332
0.895488001
0.895401731
0.895469584
0.895518854
0.895541809
0.895556569
0.895574607
0.895566434
0.895589091
0.895586744
0.895509593
0.895570271
0.895593621
0.895612434
0.895596139
0.895621397
0.895630047
0.895632230
0.895631447
0.895642303
0.895631604
0.895629682
0.895484559
0.895362504
0.894927233
0.868768126
0.871281207
0.845752716
0.807455614
0.821783826
0.825456113
0.854872331
0.873499438
0.894142233
0.882685751
0.882983223
0.889890403
0.890933469
0.889822617
0.873002112
0.895166866
0.895317242
0.895282857
0.895379968
0.895317934
0.895433053
0.895448163
0.895415448
0.895499237
0.895440169
0.895316213
0.895359658
0.895169027
0.894715101
0.894067355
0.894195847
0.894639447
0.889906369
0.894485615
0.893897071
0.892835587
0.890380941
0.892283238
0.892344706
0.893249653
0.892590910
0.891972527
0.892430596
0.892477334
0.894143529
0.894202285
0.894445218
0.894505024
0.894703232
0.894751847
0.894706503
0.894721031
0.894490935
0.894070834
0.893595263
0.893747441
0.893664531
0.894003578
0.894211747
0.894301072
0.894402072
0.894551106
0.894550137
0.894497715
0.894493267
0.893954068
0.893873952
0.894011088
0.894296326
0.894375436
0.894642189
0.894566774
0.894764625
0.894797191
0.894968413
0.895086184
0.895144925
0.895183161
0.895253628
0.895278849
0.895248190
0.895130560
0.895150431
0.895054422
0.895000629
0.895127006
0.895233870
0.895330019
0.895283289
0.895348236
0.895288512
0.895434119
0.895234518
0.895423949
0.895445526
0.895475186
0.895394638
0.894337848
0.892805301
0.892512731
0.893076092
0.893579550
0.893055253
0.892445050
0.882666804
0.893212654
0.895012513
0.895345166
0.895450160
0.895526610
0.895553827
0.895627119
0.895619199
0.895630725
0.895645812
0.895398684
0.895401858
0.895186663
0.895327114
0.894339070
0.894113354
0.890170068
0.893675238
0.895111270
0.895400062
0.895543583
0.895617217
0.895652503
0.895646147
0.895674564
0.895687267
0.895674936
0.895694532
0.895690516
0.895686403
0.895693161
0.895680115
0.895674743
0.895687185
0.895696692
0.895704404
0.895698100
0.895697780
0.895697683
0.895697355
0.895699449
0.895692423
0.895700067
0.895697609
0.895702220
0.895700552
0.895690128
0.895686656
0.895694807
0.895689510
0.895650707
0.895538695
0.895422593
0.895290479
0.894864656
0.894863017
0.894857325
0.895040944
0.895257533
0.895175889
0.894784898
0.891005002
0.889426686
0.891761899
0.893627293
0.894533977
0.894949980
0.895184427
0.895308740
0.895379536
0.895428598
0.895459294
0.895475142
0.895502001
0.895490289
0.895499259
0.895494863
0.895510107
0.895502031
0.895504624
0.895438865
0.895437270
0.895416260
0.895369343
0.895409755
0.895393707
0.895373955
0.895348489
0.895262942
0.895168684
0.895018429
0.894892350
0.894847542
0.894780733
0.894658588
0.894698583
0.894611984
0.894464523
0.894095056
0.894111253
0.894587860
0.894857362
0.895091392
0.895145699
0.894639835
0.893593200
0.892751828
0.893067256
0.894648276
0.895116746
0.895118855
0.894230604
0.889413491
0.887868546
0.889500260
0.893780731
0.894464992
0.893537171
0.891390473
0.890241921
0.892336421
0.894317977
0.895058066
0.895324335
0.895418391
0.895447418
0.895356514
0.895325057
0.895428307
0.895432971
0.895455532
0.895511940
0.895566255
0.895556748
0.895515181
0.895541161
0.895544127
0.895520657
0.895457186
0.895458065
0.895534791
0.895521134
0.895578921
0.895567708
0.895576365
0.895585008
0.895627692
0.895544916
0.895311579
0.895437546
0.895487487
0.895585313
0.895551056
0.895635016
0.895652764
0.895599894
0.895641774
0.895492375
0.895555444
0.895580895
0.895607010
0.895081013
0.892709866
0.894317366
0.895114996
0.895310260
0.895367831
0.895218357
0.895067416
0.895040475
0.895138286
0.895262934
0.895351656
0.895324588
0.895312399
0.895403430
0.895396724
0.895345375
0.895362362
0.895250335
0.895328335
0.895292260
0.895327084
0.895337500
0.895127438
0.894119725
0.894410588
0.894321479
0.893845707
0.893737629
0.893241979
0.892603986
0.892152920
0.892248116
0.891090214
0.885635845
0.878910147
0.870988607
0.865752280
0.855178297
0.846012250
0.835385770
0.829153821
0.820011213
0.818193063
0.815388903
0.816451684
0.816474095
0.817213684
0.814855203
0.812907293
0.810964897
0.810527414
0.811133608
0.808134153
0.804446474
0.801252633
0.801901743
0.802572906
0.802897528
0.802846879
0.803709403
0.803035423
0.802793041
0.802161127
0.799533978
0.790468603
0.781525478
0.777020082
0.772549897
0.770393729
0.769323066
0.771127433
0.779385731
0.776411369
0.773966253
0.777438223
0.777504191
0.774765804
0.772490039
0.772558540
0.774825782
0.773175955
0.780579433
0.773924708
0.780067533
0.779247716
0.778133407
0.774733454
0.775674090
0.775911763
0.774933800
0.775701091
0.774821207
0.773807630
0.774066240
0.773136795
0.772277012
0.771499321
0.771385968
0.771059051
0.771672904
0.769962385
0.771619186
0.771689057
0.771696538
0.771351188
0.771381825
0.772373661
0.773192078
0.771666914
0.772049829
0.772184104
0.769980520
0.770878255
0.770555735
0.769163087
0.768866256
0.768760845
0.768832833
0.771521136
0.772208676
0.771288529
0.770289287
0.770496473
0.770233989
0.769134775
0.767615810
0.765569493
0.765474036
0.765536204
0.765590534
0.761769161
0.747506946
0.696041137
0.546523869
0.616303414
0.679144651
0.679094225
0.729847819
0.683851808
0.651186764
0.654578775
0.634809971
0.634360343
0.676279217
0.660260588
0.660262614
0.662235975
0.609324515
0.582570434
0.568359077
0.569008589
0.574103683
0.574423254
0.554228336
0.534185559
0.526497841
0.533857703
0.552404374
0.566906452
0.570938975
0.568924010
0.567180425
0.568081409
0.569245845
0.570124209
0.565751761
0.553185701
0.545874953
0.550789118
0.559562027
0.560550332
0.559798330
0.578293145
0.611292988
0.668924570
0.706495345
0.726131409
0.737865329
0.745577395
0.751235962
0.755306244
0.758253962
0.760352790
0.762023017
0.763435319
0.764189973
0.764750496
0.765205488
0.765558779
0.765989810
0.766565055
0.767171338
0.767957747
0.768840760
0.769363910
0.768946171
0.766103759
0.761060268
0.757949293
0.756336674
0.757539347
0.755442098
0.755915329
0.754910603
0.757074594
0.758557796
0.759158775
0.758147046
0.758805886
0.760364756
0.759115562
0.760388955
0.761763290
0.761045933
0.760978714
0.761990741
0.763601542
0.764196590
0.764048874
0.765089974
0.766033441
0.766195759
0.766538411
0.767293692
0.767827034
0.768479273
0.769274622
0.769755706
0.770072445
0.770276278
0.771429121
0.772425041
0.772022277
0.770419478
0.769930452
0.791636348
0.895269498
0.895586491
0.895585671
0.895588800
0.895618565
0.895624720
0.895609930
0.895575874
0.895567156
0.895554833
0.895554021
0.895576008
0.895576999
0.895571321
0.895529851
0.893771768
0.894096896
0.895155452
0.895349868
0.895416848
0.895473696
0.895511560
0.895520575
0.895532325
0.895496249
0.895527579
0.895574220
0.895568959
0.895573556
0.895594515
0.895587601
0.895539768
0.895491377
0.895456187
0.895405181
0.895433985
0.895448998
0.895444669
0.895451881
0.895424694
0.895336218
0.895068780
0.894703120
0.894037575
0.894795902
0.895162277
0.895099886
0.894530840
0.891055614
0.877871729
0.858038232
0.844116911
0.844824031
0.854179800
0.866750643
0.880710453
0.888728134
0.892270856
0.893936284
0.894783780
0.895202458
0.895395845
0.895461231
0.895502537
0.895544894
0.895595632
0.895627223
0.895639271
0.895637207
0.895637788
0.895635270
0.895589687
0.895577706
0.895609900
0.895619027
0.895593777
0.895487472
0.895315655
0.894860148
0.892847240
0.869204283
0.814496860
0.691485554
0.554897457
0.558053404
0.573512375
0.575520962
0.578478187
0.640929073
0.693330020
0.722699046
0.725793540
0.721237838
0.725222081
0.734081239
0.737494648
0.740101635
0.740326464
0.740632534
0.742257684
0.743610680
0.744404286
0.744094908
0.744735420
0.746433645
0.747103721
0.748197615
0.748811871
0.749975085
0.748472244
0.748293012
0.748657346
0.750396281
0.754451975
0.757242322
0.762946278
0.763460696
0.763199106
0.765038282
0.767677709
0.768984482
0.772343367
0.774250835
0.774990067
0.776616588
0.779774219
0.781234875
0.781201169
0.781211466
0.783689544
0.789515987
0.795202047
0.803149343
0.826399475
0.849132717
0.857224122
0.767493442
0.358571112
0.435524046
0.638530165
0.725219816
0.750246823
0.758570805
0.762941450
0.767067224
0.768947974
0.769537032
0.769771308
0.770844877
0.771343708
0.771970600
0.773318261
0.773738623
0.774273768
0.774768412
0.775744572
0.777163237
0.779260471
0.780915380
0.783020452
0.784927249
0.786658198
0.787927836
0.788649499
0.788889810
0.789797902
0.790337428
0.790423721
0.790513396
0.790770844
0.791147739
0.791374370
0.791451111
0.791296527
0.790625125
0.790733099
0.790884376
0.791879281
0.792900339
0.793924421
0.794439510
0.794941708
0.795240909
0.796351761
0.797309250
0.798091486
0.798703283
0.799088731
0.799294055
0.800775826
0.802078262
0.803424135
0.804323509
0.805638120
0.808001548
0.810899273
0.814393014
0.820698753
0.823173001
0.826485574
0.847901478
0.890997857
0.894544601
0.893931590
0.893062584
0.893955633
0.894965135
0.895210013
0.895200692
0.894756131
0.893720947
0.891437478
0.893637486
0.894692749
0.894876279
0.894968390
0.894831829
0.894497365
0.893496476
0.891826361
0.891887143
0.893203542
0.894652113
0.895223416
0.895406611
0.895384707
0.895010814
0.892849378
0.892695010
0.893649422
0.893444732
0.894835569
0.894923441
0.893841706
0.893779010
0.894808456
0.895210490
0.895338483
0.894894443
0.894965582
0.895384155
0.895222932
0.895297714
0.895386882
0.895223372
0.893697388
0.893374093
0.893390715
0.894630335
0.895294331
0.895417012
0.894848332
0.889172696
0.882838681
0.887956813
0.885341845
0.864946663
0.865724444
0.873799309
0.877041310
0.891528107
0.894026361
0.893858321
0.891821079
0.893476173
0.894591250
0.881108887
0.821722507
0.845742658
0.879745148
0.891763195
0.892524488
0.894528143
0.892300002
0.894274913
0.888920315
0.891038962
0.891406246
0.891797304
0.887945004
0.875684544
0.847998396
0.877248310
0.889460154
0.891126446
0.892982051
0.894379653
0.894436754
0.894645333
0.894673191
0.894372031
0.889003068
0.890705571
0.890428707
0.876348071
0.852528587
0.815322846
0.801320210
0.844584152
0.861373499
0.870221853
0.875746638
0.879508935
0.881385438
0.887670562
0.890544266
0.890424207
0.891062349
0.893415190
0.892157212
0.894229487
0.894842923
0.894240379
0.893300034
0.894347705
0.894970521
0.895263284
0.895289652
0.894860834
0.892484732
0.881142832
0.863032967
0.884245142
0.891558729
0.889540866
0.885405309
0.888766728
0.888110995
0.890646704
0.891413786
0.893836699
0.894541018
0.894431084
0.892631382
0.890513711
0.890525192
0.891857050
0.892687686
0.892832622
0.892422847
0.893373348
0.894579887
0.895044006
0.895265147
0.895382516
0.895331204
0.895338565
0.895311579
0.895100601
0.895143241
0.895342387
0.895468265
0.895543672
0.895595640
0.895618118
0.895634234
0.895643137
0.895662531
0.895661138
0.895641774
0.895627469
0.895629048
0.895593308
0.895587072
0.895608686
0.895611532
0.895603903
0.895601243
0.895609342
0.895630263
0.895643510
0.895615481
0.895548217
0.895497791
0.895496503
0.895543031
0.895573981
0.895556621
0.895542920
0.895507932
0.895500705
0.895525038
0.895538799
0.895541757
0.895498633
0.895455472
0.895443678
0.895502999
0.895541273
0.895563975
0.895543307
0.895557411
0.895550631
0.895490907
0.895426475
0.895379625
0.895364448
0.895404659
0.895433433
0.895527892
0.895570032
0.895577475
0.895575374
0.895591371
0.895582117
0.895519197
0.895516805
0.895588644
0.895623334
0.895625941
0.895576678
0.895548806
0.895569593
0.895606048
0.895628154
0.895597264
0.895435028
0.894881748
0.895058215
0.895289280
0.895523280
0.895569853
0.895581156
0.895574600
0.895523459
0.895466343
0.895572662
0.895612866
0.895569697
0.894167848
0.893778957
0.895000070
0.895409338
0.895473406
0.895391233
0.895551570
0.895613223
0.895652495
0.895654447
0.895637929
0.895633094
0.895588927
0.895510182
0.895408750
0.895496771
0.895604290
0.895641066
0.895643279
0.895593710
0.895513140
0.894856058
0.882938482
0.892557777
0.892567955
0.894115739
0.894595392
0.892770581
0.891905285
0.891661450
0.891743600
0.892344296
0.893412061
0.893698022
0.893780999
0.894043073
0.893631794
0.893247731
0.893229932
0.893744774
0.893508822
0.894058749
0.894111201
0.894778468
0.895039149
0.895113200
0.895175673
0.895249203
0.895212285
0.895313293
0.895347856
0.895401418
0.895414740
0.895402402
0.895421363
0.895028770
0.893803917
0.893093966
0.893277436
0.891648442
0.888693787
0.887192905
0.887008458
0.886389755
0.883884236
0.878979482
0.873913661
0.869326293
0.864083707
0.856233925
0.850537300
0.843701482
0.838296488
0.831991985
0.824007004
0.821437210
0.819127798
0.816715777
0.812441126
0.811377808
0.811228275
0.811003566
0.812259063
0.814334035
0.815524191
0.800561085
0.798709109
0.790970817
0.802912682
0.794468671
0.785550028
0.789091527
0.789802760
0.800535038
0.792682916
0.789746597
0.790407747
0.789839938
0.785794079
0.790473059
0.794050887
0.791765034
0.797556683
0.801606506
0.820760176
0.820270762
0.812310502
0.802937508
0.798504442
0.804256424
0.803426042
0.803365961
0.804431662
0.794477537
0.801703125
0.789775133
0.783058569
0.783385023
0.776490837
0.774142176
0.770515591
0.769455135
0.768205598
0.765140429
0.766165078
0.766802281
0.765158072
0.763587177
0.753245726
0.739231050
0.714306742
0.674392432
0.651049376
0.674312741
0.706164241
0.716899037
0.706545204
0.657423824
0.662524670
0.625312030
0.503932655
0.488435209
0.609628797
0.677720398
0.704663098
0.719008029
0.726893574
0.732718647
0.737610817
0.730560601
0.739467353
0.732740462
0.720107317
0.714324325
0.695527703
0.677504390
0.676513106
0.671786129
0.665600181
0.639011145
0.609033883
0.582279712
0.561888158
0.504833311
0.446251333
0.395516992
0.369033575
0.387689531
0.385019720
0.362852752
0.347016752
0.365263402
0.360773504
0.344692051
0.339974940
0.338580608
0.335339427
0.334344149
0.326305270
0.314327180
0.314257443
0.322542071
0.335528016
0.345470488
0.345897496
0.342394590
0.335495710
0.357353508
0.404923558
0.706421763
0.848443553
0.875509724
0.882204786
0.886369884
0.889228091
0.891144440
0.892374732
0.893245228
0.893926255
0.894446783
0.894797631
0.895017020
0.895175360
0.895289540
0.895376377
0.895454481
0.895518884
0.895546876
0.895472884
0.895136781
0.895268127
0.895432919
0.895545907
0.895619646
0.895639680
0.895636745
0.895663299
0.895676702
0.895633712
0.894976787
0.895413861
0.895593904
0.895580083
0.895503648
0.895624220
0.895671748
0.895683438
0.895677701
0.895677924
0.895654432
0.895489492
0.895488627
0.895593874
0.895649768
0.895681880
0.895693794
0.895684078
0.895661689
0.895615928
0.895611353
0.000000000
0.000000000
