0.99998717
0.99272456
0.99790060
0.98800882
0.97277440
0.98566515
0.96893704
0.94520707
0.96099918
0.94866106
0.95114477
0.97050423
0.95563347
0.95848548
0.97529928
0.97870507
0.98384772
0.98511863
0.98519073
0.97679223
0.98067969
0.98419987
0.97861648
0.99314986
0.99145238
0.98546903
0.99857105
0.99872120
0.99428361
0.99326535
0.99829605
0.99606995
0.99729844
0.99830735
0.99929081
0.99726892
0.99461119
0.99525982
0.99821064
0.99856384
0.99552707
0.99281188
0.99897570
0.99993337
0.99696164
0.99515715
0.99989611
0.99532683
0.99805204
0.99935289
0.99379176
0.99967119
0.99896742
0.99963583
0.99428284
0.99988239
0.99656517
0.99809155
0.99749148
0.99919801
0.99451301
0.99949255
0.99872050
0.99933942
0.99953970
0.99773534
0.99579875
0.99771064
0.99774146
0.99573466
0.99863043
0.99777083
0.99635420
0.99807833
0.99934622
0.99898008
0.99919537
0.99010502
0.99740717
0.99648643
0.99966273
0.99760211
0.99752623
0.99685147
0.99428436
0.99991596
0.99878450
0.99822107
0.99954878
0.99772257
0.99967001
0.99919199
0.99986261
0.99797304
0.99812732
0.99888735
0.99629259
0.99934272
0.99841098
0.99417585
0.99493917
0.99639670
0.99871687
0.99973387
0.99790454
0.99915608
0.99887504
0.99943527
0.99959638
0.99961175
0.99564485
0.99840106
0.99712330
0.99891974
0.99903235
0.99856194
0.98946738
0.99933772
0.99819817
0.99419796
0.99674997
0.99690523
0.99826978
0.99410740
0.99919864
0.99842516
0.99885592
0.99740739
0.99975249
0.99579161
0.99864299
0.99964501
0.99333678
0.99807132
0.99960835
0.99914544
0.99694267
0.99830865
0.99792908
0.99968951
0.99685051
0.99493977
0.99858534
0.99551870
0.99908679
0.99993475
0.99461178
0.99909157
0.99855245
0.99820667
0.99950327
0.99889502
0.99914967
0.99889070
0.99971634
0.99900414
0.99649484
0.99720873
0.99893371
0.99838959
0.99946306
0.99817751
0.99826489
0.99974229
0.99715425
0.99868115
0.99975740
0.99821600
0.99912273
0.99124125
0.99971509
0.99527223
0.99961622
0.99675791
0.99960589
0.99965385
0.99805522
0.99884080
0.99901259
0.99825673
0.99806133
0.99644536
0.99604924
0.99599477
0.99859618
0.99669829
0.99794639
0.99891496
0.99817045
0.99889091
0.99825246
0.99795986
0.99882082
0.99943731
0.99946978
0.99895451
0.99640544
0.99854638
0.99969184
0.99745538
0.99995229
0.99469871
0.99826699
0.99828902
0.99833875
0.99864145
0.99694287
0.99786781
0.99761982
0.99224535
0.99880602
0.99756543
0.99787164
0.99950741
0.99830302
0.99938212
0.99678994
0.99555125
0.99934965
0.99836038
0.99790510
0.99629560
0.99777576
0.99966260
0.99503411
0.99985168
0.99305395
0.99565220
0.99706949
0.99884737
0.99425500
0.99319205
0.99987761
0.99902474
0.99835714
0.99887646
0.99809283
0.99551079
0.99544527
0.99955131
0.99954492
0.99793286
0.99818265
0.99694794
0.99947273
0.99797829
0.99988439
0.99652433
0.99870051
0.99576725
0.99714514
0.99862643
0.98962483
0.99974161
0.99680445
0.99872804
0.99376857
0.99734850
0.99647664
0.99762865
0.99967867
0.99754868
0.99840772
0.99980593
0.99699412
0.99751571
0.99806791
0.99194525
0.99867029
0.99746907
0.99922314
0.99786096
0.99522675
0.99942061
0.99978240
0.99805536
0.99709988
0.99917037
0.99778205
0.99813659
0.99791176
0.99802646
0.99860379
0.99836501
0.99736961
0.99593119
0.99847635
0.99632175
0.99898738
0.99048660
0.99665412
0.99885762
0.99953904
0.99911722
0.99294980
0.99956727
0.99991377
0.99301323
0.99693482
0.99460077
0.99923512
0.99894761
0.99803515
0.99942923
0.99904458
0.99752030
0.99835018
0.99824704
0.99779200
0.99844318
0.99959660
0.99813472
0.99848705
0.99521985
0.99545078
0.99769904
0.99968363
0.99072096
0.99368278
0.99824960
0.99894938
0.99669462
0.99624390
0.99786336
0.99980151
0.99904174
0.99694704
0.99763392
0.99630016
0.99647700
0.99409124
0.99821254
0.99776076
0.99468217
0.99680878
0.99962674
0.99718862
0.99840653
0.99589167
0.99574013
0.99758470
0.99760320
0.99630169
0.99251174
0.99464674
0.99927819
0.99457204
0.99506795
0.99746415
0.99648676
0.99919321
0.99734961
0.99890484
0.99936001
0.99684067
0.99563565
0.99461723
0.99854649
0.99325410
0.99703217
0.99817144
0.99548071
0.99840079
0.99870705
0.99842200
0.99715860
0.99936783
0.99716801
0.98745145
0.99569019
0.99695408
0.99928197
0.99727165
0.99937739
0.99889937
0.99876306
0.99549465
0.99827676
0.99904337
0.99858327
0.99643540
0.99510269
0.99932291
0.99837323
0.99771969
0.98823707
0.99841653
0.99766442
0.99759459
0.99653573
0.99965512
0.99953897
0.99929524
0.99803992
0.99727071
0.99668441
0.99513527
0.99867005
0.99962791
0.99398978
0.99240286
0.99626910
0.99565550
0.99914148
0.99799503
0.99569665
0.99904634
0.99881900
0.99801609
0.99727880
0.99857147
0.99625578
0.99925749
0.99907600
0.99603991
0.99708007
0.99881596
0.99775866
0.99863231
0.99082571
0.99610295
0.99949120
0.99913250
0.99725244
0.99649110
0.99914732
0.99762330
0.99839757
0.99779062
0.99158996
0.99923488
0.99837339
0.99946056
0.99603547
0.99926867
0.99442436
0.99927512
0.99832725
0.99781155
0.99777639
0.99653886
0.99847427
0.99927212
0.99364549
0.99776332
0.99981013
0.99743861
0.99875763
0.99887828
0.99568100
0.99820025
0.99826863
0.99506479
0.99958502
0.99684935
0.99967073
0.99973287
0.99729877
0.99970236
0.99737232
0.99819138
0.99645263
0.99862104
0.99871582
0.99556196
0.99977896
0.99578893
0.99762059
0.99506971
0.99972275
0.99916423
0.99802741
0.99875862
0.99783554
0.99882994
0.99818701
0.99910722
0.99948562
0.99822275
0.99827690
0.99907620
0.99881786
0.99983156
0.99676744
0.99917712
0.99945625
0.99908288
0.99973702
0.99767782
0.99709788
0.99506854
0.99827017
0.99672236
0.99947693
0.99971247
0.99989977
0.99334386
0.99721351
0.99713822
0.99887539
0.99943434
0.99991486
0.99638984
0.99762156
0.99822096
0.99900361
0.99966718
0.99887679
0.99888048
0.99939492
0.99748174
0.99607153
0.99918525
0.99879046
0.99167063
0.99794611
0.99913905
0.99756849
0.99809422
0.99981902
0.99634848
0.99801363
0.99848234
0.99661319
0.99625991
0.99803155
0.99863106
0.99934167
0.99687375
0.99626292
0.99944461
0.99912796
0.99651488
0.99886440
0.99688239
0.99636513
0.99929946
0.99919085
0.99929726
0.99966604
0.99913289
0.99632573
0.99935676
0.99856860
0.99881669
0.99676720
0.99840812
0.99656434
0.99379595
0.99801189
0.99983529
0.99720472
0.99821383
0.99973324
0.99548035
0.99743136
0.99901126
0.99990364
0.99893545
0.99643303
0.99887744
0.99804940
0.99828347
0.99932410
0.99954746
0.99874262
0.99699681
0.99849899
0.99900924
0.99762454
0.99844268
0.99928149
0.99901387
0.99625225
0.99896919
0.99920209
0.99910455
0.99930352
0.99777522
0.99950910
0.99936216
0.99735865
0.99881982
0.99882450
0.99844029
0.99804784
0.99339787
0.99822090
0.99723829
0.99568723
0.99383617
0.99984448
0.99955259
0.99830382
0.99869904
0.99857992
0.99919226
0.99737818
0.99919452
0.99408590
0.99813331
0.99744281
0.99890865
0.99888165
0.99993661
0.99927330
0.99988634
0.99513776
0.99897164
0.99935955
0.99834426
0.99750008
0.99425912
0.99954069
0.99143934
0.99757041
0.99657734
0.99277941
0.99931339
0.99755576
0.99945716
0.99593089
0.99574247
0.99601169
0.99954293
0.99965663
0.99943128
0.99872020
0.99801582
0.99371542
0.99716113
0.99461294
0.99892595
0.99946661
0.99785166
0.99875760
0.99932450
0.99819260
0.99500763
0.99751750
0.99905686
0.99815008
0.99873286
0.99709985
0.99714772
0.99997662
0.99792948
0.99518297
0.99921483
0.99426043
0.99661996
0.99861121
0.99947603
0.99513683
0.99959718
0.99405504
0.99759250
0.99833219
0.99675592
0.99808892
0.99870806
0.99987829
0.99928355
0.99668703
0.99961699
0.99349357
0.99907303
0.99918075
0.99397164
0.99955947
0.99680950
0.99217369
0.99759164
0.99977650
0.99614956
0.99856811
0.99963800
0.99926475
0.99853113
0.99469532
0.99752687
0.99859290
0.99854181
0.99428720
0.99849749
0.99890897
0.99629138
0.99910596
0.99659116
0.99882781
0.99897464
0.99708021
0.99718136
0.99665025
0.99909236
0.99669729
0.99907992
0.99451824
0.99807031
0.99597543
0.99993829
0.99471170
0.99815524
0.99966838
0.99490875
0.98899627
0.99939482
0.99976351
0.99795403
0.99710920
0.99908624
0.99912232
0.99919607
0.99966980
0.99834323
0.99884691
0.99641404
0.99669677
0.99646839
0.99607773
0.99761752
0.99794724
0.99765382
0.99631367
0.99826902
0.99272083
0.99897856
0.99222378
0.99303623
0.99889557
0.99591974
0.99741379
0.99766381
0.99466540
0.99769586
0.99471938
0.99714583
0.99711117
0.99950404
0.99700569
0.99912612
0.99991191
0.99049235
0.99839542
0.99690178
0.98252400
0.99496161
0.98827757
0.99118647
0.98202996
0.99730305
0.99089094
0.98121688
0.97817875
0.99208505
0.99328078
0.99971413
0.99260416
0.99571351
0.99847319
0.99291544
0.99694731
0.99344727
0.99486237
0.99662624
0.98363317
0.99239870
0.99722045
0.98432292
0.99810353
0.99697091
0.99652501
0.98824283
0.98833497
0.99470489
0.99563670
0.99346975
0.97781877
0.98913801
0.93892804
0.99790070
0.97461602
0.98927011
0.99215848
0.99386312
0.98130827
0.99180128
0.99994550
0.98704168
0.97342819
0.98855171
0.99154293
0.99363828
0.97139416
0.92112464
0.98857487
0.99819507
0.98673630
0.97004212
0.96904547
0.99353766
0.99048381
0.99770546
0.99610781
0.98997074
0.98726198
0.96694914
0.99520621
0.96056336
0.96470066
0.97016717
0.96679776
0.99197989
0.86417374
0.97913078
0.97215518
0.92259410
0.96798389
0.97918764
0.97267613
0.84529015
0.93411416
0.98407619
0.97203405
0.97421669
0.86795352
0.96911289
0.95460428
0.93006814
0.96997130
0.95355716
0.98825532
0.99700173
0.93902010
0.97655764
0.94755307
0.91245315
0.89894820
0.98828537
0.94963300
0.80442105
0.96323207
0.98414172
0.99453267
0.88401252
0.97419067
0.97501977
0.87857428
0.96120855
0.90742212
0.85392437
0.96624516
0.98831162
0.92020169
0.75634483
0.89203717
0.94264926
0.97533289
0.94143897
0.98159918
0.93130310
0.94433743
0.88125153
0.92878987
0.91758115
0.95228239
0.98098686
0.97286257
0.96418438
0.99495675
0.93834541
0.88410032
0.82443861
0.97484419
0.91407632
0.88902019
0.93063696
0.85660426
0.83793705
0.91155949
0.94568790
0.82918087
0.92127533
0.94052055
0.96690771
0.91817540
0.98789360
0.79256948
0.84010929
0.92532456
0.92284707
0.85561973
0.99250612
0.75351784
0.50001345
0.87028692
0.73786414
0.84368348
0.78581009
0.90792712
0.96690535
0.37979369
0.75869329
0.91847399
0.71590300
0.98170750
0.76399075
0.71777273
0.96787956
0.91011771
0.88288915
0.82275787
0.78056417
0.88651622
0.65488684
0.85848186
0.87449125
0.93785421
0.67309758
0.68033665
0.84790248
0.79282533
0.69597028
0.77871199
0.82591656
0.83656385
0.95906341
0.85842230
0.92551705
0.85551482
0.93766542
0.96141300
0.88457887
0.88700165
0.80150840
0.93969199
0.78754100
0.99850240
0.86524389
0.93142319
0.92220806
0.91915467
0.94381333
0.97355503
0.92443295
0.89391580
0.83511323
0.86398982
0.66258704
0.68329778
0.89569079
0.74091883
0.75888567
0.83058982
0.98859549
0.76677616
0.67515907
0.51613342
0.85042399
0.85189327
0.56886333
0.73294384
0.78516999
0.58434690
0.81775762
0.99322700
0.96667490
0.64798166
0.94336251
0.90132570
0.65780151
0.82762780
0.86593047
0.75284896
0.74371286
0.91193447
0.63712824
0.91433760
0.74380857
0.44088884
0.72176850
0.66006963
0.93327347
0.87720561
0.45219008
0.76795359
0.86185083
0.81786410
0.93119967
0.51903945
0.94873422
0.93777950
0.53798765
0.74981941
0.82182401
0.71101825
0.59767626
0.88989472
0.81353660
0.83763122
0.87796514
0.56486837
0.89587089
0.92252949
0.75170821
0.83169440
0.88522477
0.81306530
0.93514491
0.90115552
0.92598900
0.57927527
0.50442692
0.83163416
0.89223487
0.74712943
0.89781125
0.93130252
0.83436709
0.92354048
0.82884409
0.96088002
0.95798510
0.93921706
0.94497579
0.92373595
0.99480349
0.94993084
0.91646887
0.96793651
0.75793228
0.77020777
0.84222827
0.59696449
0.80833445
0.88488706
0.68331407
0.57339015
0.74459994
0.97686987
0.97765272
0.85713358
0.79847233
0.72849852
0.95112287
0.94243463
0.87694472
0.72901178
0.88197227
0.90029774
0.96750798
0.88716802
0.85964360
0.82450043
0.61860786
0.65502851
0.66295912
0.88995020
0.87245650
0.86634623
0.68600689
0.83837422
0.76911873
0.93572913
0.82071519
0.97222916
0.78446613
0.59096657
0.47177332
0.93924300
0.91805730
0.65790626
0.92839110
0.63523060
0.44777768
0.85579674
0.87625370
0.93937001
0.87580825
0.53379698
0.93094500
0.70955566
0.89510000
0.80214387
0.97145629
0.96091875
0.76919177
0.57874106
0.93689569
0.91479099
0.99836586
0.76240538
0.91871873
0.92877427
0.84231302
0.89283513
0.88705241
0.78666440
0.40723104
0.70778311
0.69894326
0.98244349
0.91346029
0.96309860
0.92182784
0.85203579
0.76068591
0.97690298
0.80019062
0.91070096
0.44380714
0.97197722
0.91876938
0.49906562
0.97791985
0.98763495
0.87368664
0.94222910
0.70483281
0.93392898
0.95303080
0.97146573
0.84087250
0.66037947
0.93128329
0.60440127
0.86373893
0.97483634
0.78523006
0.87374665
0.78212245
0.91920220
0.58820136
0.95475513
0.68730549
0.73536555
0.78666178
0.67108780
0.65145338
0.98313139
0.94614409
0.80375004
0.98858667
0.83626857
0.41170767
0.92862600
0.96922341
0.79371263
0.88822810
0.65184788
0.78760205
0.93479916
0.94509743
0.61539948
0.84393648
0.82837479
0.96105709
0.87898637
0.78543577
0.57596658
0.83614212
0.96378982
0.93104348
0.68241392
0.87246347
0.93271254
0.95026965
0.90140261
0.99558848
0.97096853
0.49472288
0.74095938
0.88892614
0.99669746
0.78785630
0.99730057
0.56576332
0.97930158
0.72296374
0.80496390
0.65362061
0.85264637
0.91498705
0.88659361
0.76324292
0.73341048
0.91542897
0.74498344
0.88638904
0.92629009
0.89027843
0.99308381
0.91990482
0.95852066
0.50271068
0.92954228
0.95144981
0.60757361
0.62905196
0.91434760
0.53969492
0.54041212
0.74740788
0.62970592
0.70302776
0.42032212
0.47782492
0.80733851
0.67551904
0.69375579
0.82426196
0.59221362
0.61374595
0.85073916
0.88313305
0.93030038
0.49399606
0.89826133
0.97301967
0.65400575
0.62450450
0.96138622
0.91857764
0.40866149
0.96467669
0.64318593
0.47854756
0.67396719
0.91536152
0.59219648
0.84228424
0.74674317
0.90490111
0.48862759
0.69496078
0.71542908
0.90909701
0.79509952
0.66346013
0.97942541
0.62801928
0.82866227
0.70515483
0.91698938
0.74664133
0.69818504
0.93509600
0.85466471
0.79116556
0.87499099
0.66271718
0.57129190
0.78497097
0.78782263
0.67033084
0.91651800
0.91521216
0.62698785
0.95880721
0.99224228
0.97178680
0.96412600
0.77851429
0.66004189
0.85306885
0.97091351
0.57715311
0.94409460
0.96488185
0.78416376
0.52524797
0.92674056
0.88825372
0.85591160
0.89624113
0.94285538
0.76648452
0.59728327
0.71818399
0.80289212
0.97465673
0.80872347
0.72520360
0.55342089
0.84546504
0.92608211
0.59075234
0.83696111
0.93497223
0.85607784
0.93095329
0.75532724
0.87872198
0.90060599
0.82330768
0.88946683
0.98609985
0.81006882
0.84643796
0.52544908
0.80393951
0.88247294
0.84962169
0.47821236
0.85815717
0.76139006
0.50079038
0.97324735
0.67097480
0.78379050
0.79839217
0.65154639
0.84724852
0.49924492
0.69368566
0.54753709
0.83959055
0.96198388
0.94660223
0.88291532
0.88628231
0.83413780
0.90592322
0.94697048
0.78155107
0.75523945
0.87827676
0.80879329
0.58030459
0.89654078
0.94882946
0.78729525
0.76072018
0.91858901
0.99810181
0.64765473
0.88436066
0.93015383
0.91966849
0.74203179
0.97278264
0.59004877
0.91900608
0.78281500
0.91945704
0.88631534
0.42222256
0.85023604
0.86264063
0.74487199
0.91936954
0.79952817
0.61751712
0.87139801
0.77097461
0.70139148
0.64966119
0.48702942
0.83695315
0.70952171
0.89379102
0.80145574
0.88981011
0.84997546
0.97474679
0.53177012
0.99013456
0.90501389
0.86656217
0.87621137
0.40021256
0.70680668
0.80739661
0.87612369
0.92789672
0.97367836
0.77258311
0.91114859
0.64845275
0.31587881
0.85176000
0.89071787
0.83541207
0.81662348
0.76814415
0.79540169
0.95334514
0.89102237
0.96250181
0.94970749
0.85981124
0.69451157
0.71734314
0.75597921
0.96862844
0.66514074
0.86225574
0.87840746
0.53280858
0.68853829
0.63883424
0.67860762
0.59809798
0.46961454
0.65346179
0.92155594
0.15270333
0.65385154
0.90194629
0.96508722
0.73440998
0.83063148
0.99367660
0.75401838
0.91170500
0.71799123
0.94097717
0.23543529
0.94017692
0.93464837
0.62186540
0.77803981
0.96717632
0.71114339
0.93770956
0.79508073
0.89243687
0.79156239
0.93477979
0.69472137
0.81053888
0.90429540
0.79199647
0.98816858
0.98672979
0.82920403
0.76196535
0.71230730
0.89577767
0.83065798
0.76089712
0.85034058
0.78573134
0.91030211
0.88787042
0.90884149
0.65958824
0.74883107
0.90059649
0.75838483
0.57394252
0.79880264
0.78045602
0.78795173
0.80993351
0.79933679
0.81592525
0.64655233
0.89374433
0.88029362
0.82949145
0.78334008
0.70469765
0.96364703
0.45621448
0.95397667
0.95031412
0.77821880
0.78889076
0.91328650
0.85939124
0.62968120
0.88881414
0.83792823
0.94578616
0.99472093
0.79696978
0.91074790
0.85799469
0.84055057
0.94767287
0.88248880
0.74735523
0.78330439
0.82559641
0.72728788
0.96903421
0.75603997
0.69634488
0.91368025
0.86074179
0.79599344
0.55712586
0.76587135
0.79702799
0.84296427
0.94839103
0.88049538
0.88946464
0.69839317
0.76654116
0.79161304
0.96218696
0.70104571
0.86253507
0.70600285
0.85872628
0.76224831
0.82323740
0.84939624
0.90477646
0.84924611
0.84388292
0.64634000
0.94498482
0.84643087
0.71267452
0.96887328
0.95901456
0.99523157
0.86783172
0.80784235
0.71478999
0.90360572
0.57683411
0.97912151
0.83715739
0.96729932
0.92413749
0.82352813
0.91894451
0.80184476
0.97326845
0.93418909
0.93398563
0.89934424
0.76834533
0.95526590
0.91888659
0.86411860
0.98094978
0.89809777
0.93822791
0.98784414
0.84594047
0.97865866
0.95429277
0.90222451
0.84630671
0.97625515
0.94722352
0.86470431
0.89298776
0.82982854
0.81428676
0.86475620
0.97229079
0.94719270
0.97483631
0.97128766
0.78751065
0.89659284
0.89046087
0.98366903
0.87660026
0.97065178
0.86438004
0.82891964
0.95316559
0.96210630
0.90031208
0.85031721
0.97837290
0.98246025
0.86930233
0.92507405
0.97330570
0.99712944
0.91717915
0.93572449
0.96104448
0.85005390
0.96747327
0.94096672
0.98618370
0.94746326
0.90441871
0.96313489
0.98618293
0.91415140
0.97250472
0.98282309
0.94487956
0.87680554
0.98465841
0.95332535
0.93122461
0.97954110
0.97556535
0.91782419
0.98467266
0.93749387
0.96565852
0.99291732
0.97342265
0.97534375
0.96168876
0.97387405
0.98224562
0.98871239
0.98364096
0.99155528
0.93003457
0.99312035
0.89139157
0.95448573
0.99964282
0.99156440
0.98237636
0.96158025
0.98723619
0.98245549
0.99436559
0.96846815
0.98134743
0.99348259
0.96786265
0.99505848
0.99417915
0.97633501
0.97409821
0.99477713
0.97501695
0.97703337
0.99915043
0.96225538
0.96465080
0.99096822
0.97550881
0.98085551
0.99452188
0.98580264
0.99832417
0.97384508
0.99894480
0.99291511
0.99532556
0.99770716
0.99458410
0.99670216
0.99412790
0.98615686
0.97399541
0.99557772
0.96981033
0.99510420
0.99880600
0.98916802
0.99819653
0.98598504
0.99825661
0.99887346
0.99580249
0.99328122
0.99760398
0.99745049
0.99935318
0.98808283
0.99924589
0.99729036
0.99932061
0.99491384
0.99799220
0.99867710
0.99995902
0.99521549
0.99577246
0.99723641
0.99600094
0.98947823
0.99842340
0.99334121
0.99859916
0.99898649
0.99924912
0.99974016
0.99280737
0.99359235
0.99709915
0.99782079
0.99281399
0.99870790
0.99899674
0.99937702
0.99759841
0.99950781
0.99985054
0.99954729
0.99645905
0.99931040
0.99719180
0.99646071
0.99822721
0.99811396
0.99435060
0.99756033
0.99888926
0.99645451
0.99499057
0.99761726
0.99683807
0.99915441
0.99130013
0.99792402
0.98789256
0.99873813
0.99942679
0.99787433
0.99568890
0.99669048
0.99970412
0.99939092
0.99933019
0.99921141
0.99912189
0.99991145
0.99785134
0.99819190
0.99772516
0.99755131
0.99825002
0.99911326
0.99748942
0.99552961
0.99892889
0.99933110
0.99934803
0.99743285
0.99739609
0.99888174
0.99914537
0.99765760
0.99807291
0.99794952
0.99907700
0.99955194
0.99618639
0.99978904
0.99858759
0.99990412
0.99746242
0.99949018
0.99973959
0.99470119
0.99968029
0.99655583
0.99432695
0.99697538
0.99995893
0.99866905
0.99804187
0.99841663
0.99904608
0.99533802
0.99969127
0.99163127
0.99785657
0.99977919
0.99246652
0.99830796
0.99767553
0.99708116
0.99894331
0.99969107
0.99887826
0.99715724
0.99947467
0.99539007
0.99759680
0.99920283
0.99799116
0.99943068
0.99760067
0.99876622
0.99733713
0.99753168
0.99918302
0.99855964
0.99966074
0.99850959
0.99303427
0.99887004
0.99690077
0.99473090
0.99923240
0.99697438
0.99835643
0.99654773
0.99471350
0.99630284
0.99724643
0.99888474
0.99653245
0.99536248
0.99927955
0.99948568
0.99873247
0.99758385
0.99420056
0.99563606
0.99688864
0.99652584
0.99442167
0.99789272
0.99550413
0.99703935
0.99514616
0.99938879
0.99819517
0.99703191
0.99273605
0.99368902
0.99946458
0.99767337
0.99772533
0.99612622
0.99717626
0.99593061
0.99830533
0.99808353
0.99939764
0.99680316
0.99880589
0.99835500
0.99920401
0.99619201
0.99914137
0.99871505
0.99836700
0.99912174
0.99792474
0.99691299
0.99770329
0.99877792
0.99920091
0.99138946
0.99900304
0.99940187
0.99909746
0.99953247
0.99783172
0.99557065
0.99564665
0.99866930
0.99994936
0.99964021
0.99733782
0.99642458
0.99727508
0.99938146
0.99447242
0.99955147
0.99892800
0.99738438
0.99963010
0.99824265
0.99875501
0.99931195
0.99783982
0.99888061
0.99874570
0.99007864
0.99373697
0.99848927
0.99875905
0.99912374
0.99653498
0.99896168
0.98655868
0.99801599
0.99788114
0.99532051
0.99795940
0.99775900
0.99872096
0.99981930
0.99846621
0.99942182
0.99869149
0.99492697
0.99926598
0.99989450
0.99746582
0.99773120
0.99792435
0.99646585
0.99757766
0.99274260
0.99686604
0.99733981
0.99877804
0.99890571
0.99885415
0.99951804
0.99951793
0.99726909
0.99779884
0.99958563
0.99832650
0.99744587
0.99343491
0.99790059
0.99564259
0.99721056
0.99695271
0.99486974
0.99962222
0.99768023
0.99974308
0.99724914
0.99759647
0.99620595
0.99981456
0.99920919
0.98719246
0.99627111
0.99998396
0.99924243
0.99824889
0.99464357
0.99591044
0.99257275
0.99963401
0.99833118
0.99922108
0.99582906
0.99566686
0.98942874
0.99585127
0.99660572
0.99150155
0.99418827
0.99922882
0.99565866
0.98943701
0.99702288
0.99464644
0.99900559
0.97824973
0.99872566
0.99472869
0.99707984
0.98934564
0.99431656
0.99680905
0.99141821
0.99226522
0.99297285
0.98088510
0.99673408
0.99842927
0.98301094
0.99742909
0.98038802
0.99425895
0.99420791
0.99435776
0.99080615
0.99227906
0.98509291
0.98552971
0.97553314
0.99903867
0.99193475
0.96419055
0.99186863
0.99250434
0.98634666
0.99235861
0.98183227
0.96595901
0.94620172
0.98958221
0.99703308
0.99121451
0.97579544
0.97735624
0.98242621
0.97429352
0.97935915
0.98708471
0.97208295
0.96108382
0.94960400
0.86945475
0.92845679
0.96455787
0.98526087
0.99015624
0.97614442
0.98967676
0.91893046
0.99257259
0.96303865
0.97600359
0.99747340
0.96970791
0.90919746
0.98174705
0.96932993
0.93975951
0.96164455
0.98886610
0.89812009
0.85768149
0.96359115
0.90116432
0.94114544
0.91291044
0.95403125
0.95717597
0.87529940
0.96360111
0.95527381
0.98102193
0.99611204
0.91510748
0.92769333
0.96872168
0.96306829
0.92412824
0.93564638
0.92422221
0.97091920
0.98441608
0.99594722
0.96675505
0.94559169
0.94283053
0.84338784
0.98075469
0.95335006
0.92257805
0.92625306
0.94812315
0.91115096
0.93664023
0.96790698
0.70077790
0.95565265
0.94143310
0.96274617
0.99078681
0.90113282
0.96856573
0.97340765
0.88352504
0.85766818
0.87944504
0.97260648
0.96769363
0.77209855
0.87413292
0.92558994
0.92949759
0.82504918
0.99188191
0.78073121
0.96741143
0.87170228
0.89469313
0.90732212
0.88796850
0.89825902
0.60724790
0.90406392
0.89791898
0.83396585
0.91207825
0.61258749
0.88080566
0.92281243
0.86267849
0.73035841
0.99434109
0.89454813
0.79014551
0.82439249
0.91720487
0.96887594
0.83396699
0.83234232
0.97829928
0.84832969
0.75741572
0.88943251
0.83284237
0.93570203
0.51196894
0.94769386
0.96698987
0.87959388
0.89267249
0.36101226
0.92687390
0.77699740
0.97162966
0.87098711
0.61902397
0.63086199
0.75393221
0.69301358
0.23730993
0.88840786
0.91592370
0.65220227
0.95450112
0.88307968
0.68393534
0.98578137
0.79387207
0.99358210
0.74944754
0.99215425
0.44458646
0.74296310
0.63581505
0.82755619
0.86709717
0.96390907
0.99164891
0.93609146
0.86556069
0.81931002
0.83832566
0.46957308
0.98449778
0.68617312
0.58416758
0.78538158
0.96566027
0.95628508
0.73737136
0.88188936
0.56583769
0.79436524
0.86438247
0.95931903
0.85911347
0.92681606
0.93302729
0.66224026
0.31295630
0.72492054
0.81847405
0.77370114
0.55047044
0.63667155
0.83645737
0.57164383
0.83274558
0.77885133
0.62286618
0.64230976
0.67664027
0.82965591
0.90595633
0.91762713
0.74675157
0.32377028
0.62366785
0.90676904
0.47975566
0.80109714
0.65750549
0.59770136
0.87986724
0.24986612
0.60777185
0.52865675
0.74263772
0.72694200
0.74637478
0.56785939
0.94808601
0.83935842
0.88810564
0.45913236
0.61647177
0.54962837
0.70779738
0.93013793
0.50778654
0.39511474
0.95426555
0.48824996
0.70453465
0.85949690
0.41820982
0.60901028
0.58230879
0.41119542
0.79510699
0.54374529
0.59592158
0.68001603
0.51916065
0.25257992
0.83991474
0.27177589
0.33679807
0.88722682
0.91790929
0.94351032
0.58710319
0.79952055
0.82757233
0.94055850
0.49887829
0.39527222
0.63274653
0.55771365
0.71353104
0.65910011
0.73241207
0.67886655
0.69280651
0.62753613
0.69108033
0.63815982
0.72566259
0.80217349
0.33100733
0.90692237
0.62409317
0.20244562
0.73205276
0.56157348
0.48059422
0.58759030
0.96133126
0.12521773
0.80042649
0.53634202
0.24332159
0.76324119
0.81984438
0.89481648
0.91212454
0.74997459
0.48205393
0.84779708
0.90453033
0.54818056
0.26327599
0.15272944
0.50733619
0.53642637
0.84604588
0.53988820
0.79704142
0.99966514
0.27586803
0.89078592
0.23156539
0.38572665
0.69870845
0.78882640
0.44448875
0.81420258
0.51262856
0.95405650
0.93518568
0.89118179
0.90835526
0.89360049
0.69331023
0.58962244
0.86440361
0.19852432
0.43323618
0.77940702
0.73087862
0.79600182
0.16979233
0.74795885
0.36745003
0.71002285
0.68235011
0.83130082
0.74270448
0.53345096
0.43335869
0.92294744
0.39535781
0.36257418
0.90229133
0.68389615
0.75028184
0.66883531
0.31978624
0.73183400
0.82424734
0.90019516
0.78584487
0.73390240
0.74712725
0.09170916
0.74997859
0.48825739
0.61540695
0.62238953
0.71742647
0.20299681
0.55175238
0.93879446
0.60259964
0.23464927
0.80719545
0.94427986
0.87094104
0.22367720
0.82569108
0.55074615
0.81043505
0.94145875
0.31422582
0.94005575
0.65224295
0.52841470
0.90761740
0.57283121
0.72899786
0.51586625
0.66338803
0.72794487
0.84691617
0.83075677
0.41307318
0.61011681
0.39309064
0.68641656
0.89835961
0.53652159
0.78485039
0.09234604
0.56895937
0.59380214
0.48218528
0.29127549
0.50514025
0.86654140
0.86861995
0.63730915
0.95809411
0.86302306
0.40521842
0.67490778
0.91381872
0.99473151
0.82482827
0.51480831
0.71205553
0.89543066
0.51013564
0.53966854
0.79334240
0.62695271
0.48939814
0.98411744
0.67685752
0.83227744
0.86971343
0.42709290
0.34696784
0.45399285
0.91378904
0.71961087
0.59175029
0.54130165
0.32075810
0.84304888
0.44675706
0.81438454
0.83390366
0.35441079
0.91430623
0.63699073
0.71535645
0.71870058
0.87332863
0.70433629
0.84893770
0.86779556
0.95948765
0.94443903
0.96783171
0.70802150
0.70403740
0.79290588
0.96336036
0.87780305
0.64894007
0.58431103
0.69479056
0.42332903
0.46407804
0.58737047
0.69583984
0.90237665
0.45207835
0.64184862
0.37073003
0.66448950
0.21011621
0.99668387
0.70655165
0.82604104
0.79915871
0.88918051
0.67968752
0.65142247
0.68535377
0.95065019
0.59671842
0.70225768
0.94808147
0.84838711
0.63805751
0.67717710
0.52529836
0.54707115
0.54090261
0.88972951
0.90169484
0.70979199
0.31257279
0.44969114
0.73008768
0.49186950
0.48939898
0.34004609
0.31662594
0.57635532
0.87742400
0.61572473
0.45998657
0.62208853
0.93467221
0.38732374
0.76976179
0.56667272
0.21799083
0.97525065
0.31615580
0.56577610
0.71388437
0.85488268
0.91502673
0.58617449
0.76639223
0.84594848
0.81374715
0.87365459
0.48806267
0.77791525
0.89696149
0.05116745
0.65059256
0.38524147
0.57958325
0.90312936
0.75171487
0.85337772
0.79238443
0.87321095
0.59437409
0.90147668
0.67962195
0.95228183
0.76461075
0.71772236
0.35042357
0.62068503
0.51485145
0.22746190
0.56282663
0.42485139
0.77342570
0.37134731
0.94765764
0.53544986
0.85016866
0.59712478
0.65786079
0.74832950
0.76240383
0.29489863
0.94717368
0.71327926
0.89229465
0.91469448
0.32021098
0.93504299
0.80699550
0.33356809
0.87310038
0.38226953
0.90037889
0.98699089
0.79292211
0.27080466
0.44336526
0.38844153
0.89703808
0.56441688
0.83657672
0.40580413
0.96816805
0.47403665
0.41764591
0.45195633
0.92168713
0.74112028
0.27499674
0.27144868
0.93423542
0.47209007
0.71395028
0.83501555
0.38031469
0.86451412
0.62917866
0.39788194
0.63558059
0.18247905
0.88002785
0.31574870
0.81770045
0.71986328
0.54013183
0.17403726
0.32075748
0.14454217
0.69640332
0.92964809
0.61739136
0.96556277
0.49298806
0.47777223
0.75955715
0.60055231
0.61586918
0.76768471
0.35619563
0.71314109
0.84074660
0.39615120
0.35111850
0.93640654
0.80746774
0.83542824
0.83882304
0.64051216
0.43230112
0.66689050
0.52575475
0.83042472
0.63616348
0.77466920
0.48001643
0.84210268
0.35064006
0.47584262
0.54528061
0.58562363
0.59182824
0.10725199
0.88158310
0.40197813
0.55991264
0.22726064
0.38870981
0.51846937
0.37397902
0.84731262
0.34882313
0.61076459
0.83004196
0.15509126
0.43414335
0.21413826
0.63260349
0.47909381
0.28908139
0.91097028
0.82973154
0.74374595
0.37493611
0.70455131
0.93594149
0.69651962
0.75570856
0.60484615
0.59146302
0.76567970
0.60066545
0.63550209
0.52569219
0.75482059
0.82745427
0.30733062
0.88031026
0.62232942
0.79124465
0.55533613
0.82042360
0.84561428
0.23256986
0.25156900
0.49951578
0.57043460
0.54732442
0.95545396
0.76327483
0.57447396
0.54010694
0.46659818
0.77068582
0.57066757
0.10112157
0.82414733
0.89759733
0.70954372
0.79058933
0.50863630
0.28147917
0.57100677
0.80279826
0.55407233
0.37270165
0.27261587
0.30693628
0.52937034
0.51505984
0.43802669
0.23060909
0.63013754
0.82590696
0.87835961
0.98760975
0.35641878
0.78805280
0.87102803
0.94648391
0.96168773
0.62500649
0.80852914
0.86395045
0.50053720
0.56743050
0.62281020
0.95281454
0.62616464
0.77981396
0.93514517
0.50862930
0.67576512
0.46548168
0.66516186
0.67907693
0.90301800
0.24579070
0.48352646
0.50026420
0.34536338
0.67474448
0.54567807
0.92260640
0.52974225
0.44564987
0.48710507
0.61970089
0.43585963
0.95792086
0.67175619
0.63011977
0.41798531
0.30509484
0.58359857
0.64480212
0.24345619
0.73708275
0.52910878
0.74134081
0.81492107
0.48669462
0.97074732
0.74253060
0.70075282
0.94392683
0.73447390
0.77609801
0.82950176
0.80987569
0.72773245
0.88895372
0.65366133
0.23144183
0.44669985
0.86802990
0.65141436
0.51002841
0.56182577
0.50077622
0.49537916
0.45341730
0.79780000
0.38888773
0.08279272
0.43543961
0.72452303
0.27573732
0.66779740
0.90577891
0.41498421
0.85926605
0.60055068
0.49722327
0.87069668
0.20646636
0.87123460
0.39954279
0.67404632
0.72437070
0.86789719
0.43582204
0.56810479
0.62020963
0.80231038
0.51417646
0.57289576
0.57769534
0.94398830
0.68068747
0.78699849
0.76823698
0.79070720
0.74137711
0.67142605
0.76368382
0.74653604
0.91231026
0.77092468
0.64414947
0.81707613
0.94912640
0.13421743
0.63190715
0.48562523
0.60532909
0.60825011
0.61391131
0.73429937
0.91518540
0.47020832
0.61181983
0.78740993
0.68461917
0.74702345
0.39392173
0.02657504
0.44384546
0.28497310
0.41993836
0.63281133
0.75685861
0.75452550
0.77791691
0.29829514
0.75102696
0.81146706
0.86409002
0.57325798
0.72097204
0.63869058
0.81076798
0.75455887
0.55485141
0.75667409
0.58800131
0.79758783
0.78878650
0.79077045
0.66052272
0.67518594
0.53420267
0.42018009
0.75259949
0.71933416
0.90546077
0.77876816
0.92048448
0.92234278
0.73758590
0.25285367
0.63805618
0.83589435
0.51631977
0.72954244
0.96158458
0.87378669
0.58625997
0.61402918
0.83804266
0.82057045
0.83862105
0.24942067
0.47054265
0.63164596
0.57839020
0.42117278
0.43479994
0.69475537
0.81542012
0.84767819
0.31884340
0.59578964
0.19971307
0.49637809
0.80485008
0.59610004
0.29828287
0.71189614
0.68000020
0.71711508
0.67685726
0.52646251
0.77628615
0.46287778
0.20464984
0.32055872
0.33949500
0.47775169
0.81076745
0.77084099
0.44264285
0.56747887
0.60199930
0.31037772
0.93915412
0.67810182
0.90139851
0.82033820
0.76806409
0.96834304
0.55949254
0.60234290
0.75932065
0.59762574
0.76444837
0.90404088
0.55174681
0.50217990
0.26546303
0.78536995
0.71382020
0.52301841
0.34809604
0.81357530
0.66461776
0.26521826
0.90829811
0.55136161
0.70739616
0.88038806
0.37415502
0.79400008
0.58623535
0.72252458
0.42078987
0.62542522
0.79902108
0.41242378
0.33731812
0.88650428
0.28537571
0.97094854
0.43331175
0.63195545
0.92829291
0.69089461
0.54408601
0.57640105
0.76898459
0.53494842
0.95336968
0.49543386
0.53867805
0.63016644
0.35886263
0.63859839
0.42781619
0.87415668
0.67647995
0.76469385
0.90668589
0.88723316
0.90319277
0.82420898
0.87335331
0.98159176
0.47693434
0.80289495
0.65917275
0.49173961
0.69473285
0.39324950
0.87162382
0.91387453
0.73166067
0.78168054
0.44944307
0.73898453
0.42327645
0.73929496
0.49934579
0.89487511
0.36291509
0.44873231
0.89658560
0.73325078
0.37682605
0.51921407
0.35250265
0.85449811
0.51054660
0.89307946
0.28724146
0.91835689
0.63886731
0.99353782
0.82052955
0.88496076
0.88915960
0.53133580
0.58630732
0.80256925
0.91388498
0.66339502
0.49846659
0.34661371
0.41534286
0.27356556
0.87639567
0.65749863
0.37104313
0.66724267
0.68304593
0.31877383
0.78045986
0.72981818
0.49921135
0.37522474
0.29605177
0.94054566
0.79940788
0.87539425
0.57505939
0.59390886
0.47869533
0.64382334
0.63985319
0.53631884
0.68419747
0.77560128
0.89171580
0.66681659
0.95796394
0.93370562
0.81273421
0.67915564
0.87170566
0.89770348
0.71193825
0.76452457
0.77443323
0.60448092
0.60228782
0.62551847
0.47992011
0.73261472
0.94514832
0.56343866
0.88006853
0.68908120
0.71921799
0.31943221
0.77230740
0.77873261
0.93979160
0.70840848
0.69115330
0.68229428
0.85227135
0.83322505
0.53750479
0.91404983
0.74278146
0.81516775
0.74787684
0.96179049
0.97740313
0.68394233
0.96461948
0.88590643
0.91317831
0.58156801
0.75463207
0.72442617
0.94955531
0.84679268
0.75173329
0.80466800
0.82894006
0.90965101
0.88463291
0.86387038
0.80864702
0.77614468
0.71229604
0.98217726
0.77238753
0.97857254
0.70713172
0.83234895
0.83952218
0.91546029
0.69338952
0.76584616
0.86942373
0.89310477
0.88441891
0.46392211
0.92710118
0.80618268
0.86790468
0.73057560
0.89160103
0.52582170
0.92387512
0.95160449
0.96765964
0.80518115
0.41487672
0.69129535
0.80840293
0.79499447
0.85147094
0.96562524
0.89421827
0.77712093
0.97672492
0.95887512
0.82214869
0.86177785
0.95163877
0.86510212
0.69023975
0.74736153
0.93074334
0.91950439
0.71972061
0.79728216
0.93289653
0.77851395
0.84422928
0.99793997
0.98499073
0.70386029
0.96267955
0.84673148
0.93428277
0.86175333
0.97684679
0.94506043
0.95090952
0.92368976
0.79545646
0.97399182
0.74421857
0.95748358
0.71441510
0.86159567
0.97716773
0.89524621
0.84564956
0.98604168
0.62476160
0.80871379
0.89888088
0.92624700
0.98106302
0.95327537
0.95619292
0.78919937
0.96351757
0.89020573
0.93263829
0.95834031
0.96226206
0.93884002
0.98725558
0.97294290
0.96873221
0.97243730
0.99854668
0.88824270
0.97638182
0.96707100
0.90781364
0.91441363
0.97294550
0.92531176
0.91395951
0.91437975
0.98824417
0.99128448
0.94961571
0.94610636
0.95049890
0.91128665
0.97975336
0.95980715
0.96668020
0.98039471
0.97690232
0.94714708
0.94154872
0.90814889
0.96998530
0.98287699
0.97192826
0.92844661
0.97207172
0.99388416
0.94509147
0.97779092
0.98166331
0.98816988
0.97892284
0.99583361
0.98441406
0.97250996
0.97212514
0.97401687
0.95278099
0.98514033
0.99287945
0.98694551
0.97347473
0.98637386
0.97651249
0.99337277
0.98538167
0.98658395
0.97691557
0.98470023
0.96862626
0.98705349
0.93969355
0.98589804
0.96777373
0.98227941
0.99754204
0.99674366
0.98849678
0.99698727
0.98429126
0.99672637
0.99056405
0.99076512
0.98552013
0.98332716
0.99808721
0.99606399
0.99159292
0.97847971
0.99776352
0.98575908
0.99101265
0.99590920
0.99369018
0.99977016
0.99035500
0.99900712
0.99292652
0.99458665
0.99235173
0.99590071
0.99364046
0.99266086
0.98916377
0.99626493
0.99108328
0.98990650
0.99869243
0.99903453
0.99374153
0.99577489
0.98363011
0.99988359
0.99082832
0.99508946
0.99721913
0.99244171
0.99864673
0.98967669
0.99820993
0.98991484
0.99812487
0.99933116
0.99866470
0.99695842
0.99602353
0.99574257
0.99709870
0.99831345
0.99548070
0.99810365
0.99909738
0.99970773
0.99876803
0.99924705
0.99922379
0.99846256
0.99755156
0.99595149
0.99822718
0.99866097
0.99544151
0.99843895
0.99988113
0.99671481
0.99792055
0.99743843
0.99387073
0.99702606
0.99039187
0.99667671
0.99966502
0.99623565
0.99653298
0.99937887
0.99637744
0.99872124
0.99258893
0.99833613
0.99657226
0.99930637
0.99761233
0.99871057
0.99695361
0.99846293
0.99738407
0.99772071
0.99457611
0.99639211
0.99948807
0.99677853
0.99831226
0.99437497
0.99817395
0.99878026
0.99811061
0.99711089
0.99857359
0.99777752
0.99849230
0.99349255
0.99710679
0.99826168
0.99727957
0.99906882
0.99902380
0.99581194
0.99865568
0.99979897
0.99952055
0.99867438
0.99430694
0.99842653
0.99477550
0.99904505
0.99968395
0.99729830
0.99812944
0.99967513
0.99759326
0.99809885
0.99866921
0.99728574
0.99985408
0.99930541
0.99923348
0.99943360
0.99963307
0.99808072
0.99834737
0.99852191
0.99516900
0.99569748
0.99944492
0.99318136
0.99847689
0.99833547
0.99794326
0.99978378
0.99766519
0.99969469
0.99721893
0.99721305
0.99883059
0.99813443
0.99660350
0.99417535
0.99784588
0.99589013
0.99953102
0.99704653
0.99487037
0.99979241
0.99877593
0.99698475
0.99864619
0.99844441
0.99791362
0.99391542
0.99915289
0.99916254
0.99738369
0.99983522
0.99683912
0.99926541
0.99957964
0.99530200
0.99677720
0.99846751
0.99928547
0.99482023
0.99271233
0.99477615
0.99621043
0.99964134
0.99745793
0.99646537
0.99924538
0.99956511
0.99770262
0.99026742
0.99809995
0.99984925
0.99885712
0.99995268
0.99866197
0.99571098
0.99808152
0.99647120
0.99807696
0.99641643
0.99918721
0.99748453
0.99879508
0.99107628
0.99671324
0.99946376
0.99722184
0.99931926
0.99789705
0.99721091
0.99913972
0.99784923
0.99954788
0.99634346
0.99787713
0.99837252
0.99145962
0.99904245
0.99628806
0.99947493
0.99694549
0.99881515
0.99752583
0.99859409
0.99951576
0.99975505
0.99986014
0.99705885
0.99960010
0.99409308
0.99776199
0.99976189
0.99857021
0.99989395
0.99923639
0.99083068
0.99866345
0.99936868
0.99657371
0.99287394
0.99831676
0.99656273
0.99958057
0.99666725
0.99610893
0.99889662
0.99689516
0.99886547
0.99966571
0.99765538
0.99593517
0.99925430
0.99943127
0.99898046
0.99991265
0.99958583
0.99986040
0.99939624
0.99988646
0.99868717
0.99950658
0.99921453
0.99669966
0.99633988
0.99926210
0.99527649
0.99979870
0.99705761
0.99814410
0.99579587
0.99700192
0.99964239
0.99800584
0.99879216
0.99614812
0.99913687
0.99709889
0.99344460
0.99690614
0.99551300
0.99850041
0.99786776
0.99565518
0.99922060
0.99891436
0.99766803
0.99959174
0.99781492
0.99769537
0.99731607
0.99885767
0.99757603
0.99837982
0.99468791
0.99747310
0.99897417
0.99969893
0.99839808
0.99960594
0.99774912
0.99851626
0.99992085
0.99736886
0.99970058
0.99969457
0.99939620
0.99257114
0.99543515
0.99846669
0.99859683
0.99715554
0.99436778
0.99554957
0.99971172
0.99908352
0.99971324
0.99221422
0.99954927
0.99890644
0.99857714
0.99528147
0.99409678
0.99957503
0.99930394
0.99956304
0.99961097
0.99788923
0.99991268
0.99889780
0.99948472
0.99807072
0.99796218
0.99932040
0.99907979
0.99953508
0.99646674
0.99932887
0.99912116
0.99532250
0.99895947
0.99392637
0.99993420
0.99895247
0.99734842
0.99859575
0.99972947
0.99836754
0.99584224
0.99651698
0.99839507
0.99746905
0.99638113
0.99732347
0.99939746
0.99363916
0.99527396
0.99570770
0.99389556
0.99771231
0.99139762
0.99876347
0.99733628
0.99024341
0.99880330
0.99792785
0.99495531
0.99548852
0.99726153
0.99108813
0.97955765
0.99859467
0.99645468
0.99808771
0.98881889
0.99767869
0.98926399
0.99263457
0.98918905
0.99931949
0.99928048
0.99607685
0.98902752
0.99122678
0.99020780
0.99416022
0.98891180
0.98912169
0.99760471
0.99136237
0.99604433
0.99896626
0.98885166
0.98548330
0.98821519
0.98337380
0.95105281
0.99698239
0.98030327
0.98957692
0.99540515
0.97275525
0.99369651
0.96719264
0.94440857
0.95968820
0.99707178
0.98755266
0.99678861
0.97609229
0.96614513
0.98309638
0.99476431
0.99723919
0.96050459
0.99126012
0.93517211
0.95494250
0.98151616
0.97592654
0.96316569
0.98640340
0.94165363
0.94842946
0.99052669
0.95515012
0.98786888
0.99452221
0.92271179
0.95800713
0.95609315
0.93107603
0.98560274
0.97497193
0.97910826
0.94485494
0.97042044
0.96153386
0.87148723
0.83546933
0.93544230
0.92897241
0.98487178
0.90039293
0.89890758
0.96816280
0.98487140
0.99644070
0.98323487
0.97179619
0.94172359
0.98675053
0.72929178
0.94936418
0.76193239
0.89261810
0.88961210
0.90340170
0.94185557
0.97202128
0.98377078
0.94259265
0.97082594
0.94535871
0.94678455
0.90902092
0.94969885
0.58566085
0.90034754
0.87135728
0.94541300
0.90675853
0.81110938
0.90884018
0.98096036
0.94596452
0.91680392
0.87309998
0.93239064
0.89548494
0.85969223
0.88332909
0.95821448
0.96307437
0.87191157
0.91366811
0.96264120
0.75625294
0.65399517
0.97466254
0.99095823
0.86351078
0.98036167
0.59445322
0.88230335
0.71660177
0.87744646
0.57223857
0.91339138
0.90707555
0.83608892
0.81911978
0.55219076
0.87263264
0.43656660
0.73414293
0.64232894
0.70419318
0.94107241
0.76716943
0.94942459
0.77513640
0.90433588
0.72467973
0.91510069
0.81027406
0.56906961
0.72556059
0.95268095
0.94473351
0.99826293
0.83236388
0.70158004
0.90077674
0.65425503
0.74382462
0.76854140
0.88818014
0.94192536
0.88449008
0.82439888
0.61913287
0.96089310
0.95606770
0.51238569
0.87306942
0.45481736
0.91453759
0.99401790
0.68643252
0.96546187
0.60430330
0.88237965
0.65143465
0.86970207
0.68361872
0.89793562
0.85548549
0.41314563
0.95682809
0.75440230
0.66659547
0.30949713
0.88291661
0.63075716
0.75013228
0.59925589
0.91852074
0.74516528
0.99652209
0.40171383
0.80694766
0.96881687
0.95684414
0.91538401
0.55325171
0.92139490
0.84365434
0.83887997
0.92149760
0.84618223
0.57622767
0.75740222
0.75849249
0.75273642
0.80012597
0.83255669
0.84799002
0.74935070
0.96742469
0.41965119
0.60153565
0.81642382
0.96456889
0.89966992
0.51581359
0.85452749
0.74651888
0.80864633
0.67730339
0.86000515
0.83342937
0.69396654
0.82545261
0.75960827
0.87249208
0.79619152
0.81830018
0.64061232
0.70827954
0.86809335
0.82714800
0.74909835
0.47850667
0.50561755
0.32011672
0.94537098
0.79837738
0.96621825
0.62511535
0.42742110
0.88513615
0.88896292
0.86814644
0.74436982
0.68645685
0.76038065
0.43713923
0.89667261
0.88110698
0.76510027
0.46562401
0.81275464
0.82855292
0.82463780
0.80265335
0.66003012
0.58358137
0.44196948
0.86156478
0.83086901
0.43581084
0.89568959
0.59174291
0.58867632
0.90348407
0.67947259
0.78207807
0.59403872
0.42010676
0.82898613
0.91764075
0.77664002
0.90023661
0.59773906
0.92909550
0.85607549
0.78733596
0.99504838
0.89144086
0.81049675
0.67498146
0.48570027
0.77327071
0.94935711
0.91994212
0.77745580
0.77245507
0.93223701
0.93374110
0.36568434
0.76908998
0.78254861
0.61677080
0.63705753
0.94716506
0.80511625
0.82224051
0.87133396
0.84920552
0.51567134
0.79728917
0.80183050
0.69342201
0.83956497
0.34553553
0.37302530
0.92165346
0.81876546
0.84551642
0.95037587
0.70688535
0.57070410
0.55502686
0.52986600
0.30130565
0.85846182
0.74218605
0.85276905
0.82796287
0.15928440
0.69832627
0.93485226
0.43808833
0.88320366
0.51021275
0.76510988
0.79193682
0.96085498
0.77102272
0.43774460
0.94223803
0.85587236
0.84652528
0.70728429
0.72284487
0.59419081
0.92650429
0.26706640
0.84017782
0.82888114
0.95482897
0.81113217
0.79540173
0.57361581
0.74749546
0.69780592
0.80215758
0.69173616
0.81466840
0.52383123
0.84679503
0.53236499
0.60639636
0.57330880
0.85793808
0.91159441
0.88582077
0.32834907
0.91800083
0.86212128
0.63464288
0.81134278
0.57637392
0.78545165
0.74316403
0.79217604
0.73237124
0.43103184
0.96093627
0.86936116
0.94113879
0.72616129
0.17435205
0.75278883
0.77532114
0.88432862
0.44923936
0.76542896
0.53538580
0.95174015
0.82223274
0.52737029
0.81230974
0.92764550
0.88330848
0.92215308
0.55423059
0.78198085
0.42886575
0.78293753
0.84689806
0.71835270
0.56980060
0.61183607
0.78768436
0.97222956
0.74988572
0.71391421
0.79130788
0.45414764
0.68506704
0.52665736
0.34546905
0.57261543
0.42206493
0.15446027
0.67458124
0.60732155
0.47258861
0.58408963
0.78405271
0.66413036
0.83089662
0.63309909
0.44201195
0.91989155
0.53346580
0.64257449
0.96504258
0.84446189
0.73363622
0.79336597
0.70964751
0.75232909
0.93954487
0.73530232
0.90316445
0.51273781
0.77476647
0.64675303
0.73869306
0.38741408
0.61100528
0.78358712
0.49918916
0.59809462
0.59027607
0.97335654
0.94012461
0.88194132
0.96594538
0.82590258
0.97223054
0.73244061
0.87330681
0.75686222
0.96019453
0.63834522
0.80356378
0.91366515
0.77161628
0.63748647
0.79196828
0.92368608
0.46772027
0.81603658
0.81114987
0.27504633
0.57742293
0.80515443
0.97770859
0.75049173
0.80348108
0.70795465
0.96094916
0.83816939
0.67374607
0.75929542
0.89478862
0.42303734
0.88732591
0.52920208
0.72598855
0.69332522
0.33610098
0.88211529
0.85454928
0.60603335
0.78075700
0.74354548
0.55552938
0.55603543
0.82628694
0.89868932
0.57955292
0.78821275
0.88010438
0.78255422
0.82327487
0.66242026
0.36317612
0.86709230
0.87582762
0.80050519
0.95084375
0.73354364
0.66989100
0.86804301
0.37547472
0.55821870
0.51146467
0.60606110
0.73326876
0.84666042
0.85362801
0.83953046
0.65486337
0.55570083
0.73930374
0.48580671
0.78600161
0.96974116
0.61993518
0.67819506
0.88265575
0.77887312
0.89557113
0.55290038
0.74538133
0.54907381
0.34178097
0.80723441
0.87961971
0.79256796
0.85016919
0.89943242
0.64502136
0.81407216
0.76508800
0.86653213
0.65990954
0.41087896
0.75339977
0.67117399
0.76008187
0.42218704
0.48536942
0.83199408
0.56037781
0.94163061
0.77500354
0.92983521
0.80889658
0.61783186
0.93994881
0.63259951
0.45675788
0.86690548
0.90729897
0.38534940
0.76350062
0.83787966
0.91183555
0.83938160
0.88287664
0.60646365
0.64299951
0.84291874
0.76117288
0.92799565
0.71661325
0.95466980
0.90460124
0.69827076
0.76001984
0.80280101
0.76142154
0.79560324
0.55315258
0.61297718
0.82156528
0.76277307
0.69645393
0.64962652
0.84688470
0.70586975
0.52575795
0.74297239
0.88105213
0.92297635
0.88711322
0.83735173
0.93470842
0.84197756
0.52982096
0.94909823
0.71526120
0.85917998
0.86347928
0.97625493
0.52864216
0.84486079
0.87040365
0.79961887
0.56960588
0.84049197
0.88122084
0.73895570
0.97100829
0.85950691
0.94579265
0.71013554
0.75205940
0.87661796
0.78610061
0.97607835
0.69573105
0.89006931
0.91114482
0.93878899
0.88790309
0.91174437
0.86605585
0.94158672
0.89935599
0.73493607
0.93444765
0.99929104
0.96829993
0.84495112
0.97921372
0.98155428
0.83795567
0.92513550
0.81977462
0.89056104
0.86282973
0.93827498
0.96579543
0.90736810
0.94959362
0.71499687
0.95059988
0.98646566
0.81472183
0.95431022
0.84896222
0.73142145
0.94924620
0.92847750
0.84717688
0.96579773
0.98957314
0.93043525
0.95915296
0.98305581
0.98861005
0.93618442
0.87102995
0.98481742
0.96490805
0.98292785
0.94526496
0.94353589
0.93572636
0.87705398
0.99234712
0.97324541
0.96562126
0.97761229
0.91524677
0.99518908
0.92989191
0.87750908
0.93261944
0.94004420
0.92618804
0.91697557
0.96154310
0.99767331
0.96849421
0.97240081
0.94104754
0.93052349
0.99699899
0.86417362
0.98014452
0.97491703
0.90209059
0.97142100
0.98770054
0.99570826
0.97504157
0.98699149
0.97553183
0.98881085
0.99663546
0.98613529
0.97616865
0.99262287
0.98930537
0.94267099
0.95584460
0.99158590
0.96818159
0.98766125
0.97286654
0.97073853
0.98932944
0.99971985
0.99351246
0.97424957
0.98835851
0.98031640
0.99406515
0.99492978
0.99765355
0.99600974
0.99206790
0.99975722
0.99422010
0.99491428
0.98584359
0.98501119
0.99791434
0.97804275
0.99650533
0.99699551
0.97460701
0.99758084
0.99591781
0.99863678
0.99047387
0.99253666
0.99569429
0.99239167
0.99687027
0.99602093
0.99117143
0.99759131
0.99837264
0.98256805
0.99208114
0.99815609
0.99521777
0.99835658
0.99236847
0.99860642
0.99711474
0.99595393
0.99596237
0.99920324
0.99919714
0.99655865
0.99834055
0.99648902
0.99835049
0.99675340
0.99425452
0.99778566
0.99862321
0.98986597
0.99637446
0.99687433
0.99953775
0.99940068
0.99820805
0.99839588
0.99925331
0.99804052
0.99684753
0.99980658
0.99853672
0.99861420
0.99868823
0.99944718
0.99728056
0.99749135
0.99749270
0.99876883
0.99929731
0.99401696
0.99938459
0.99881004
0.99869990
0.99667396
0.99966525
0.99735590
0.99780730
0.99206041
0.99902762
0.99979497
0.99945212
0.99719287
0.99957497
0.99700812
0.99806055
0.99939604
0.99965959
0.99572769
0.99686662
0.99673569
0.99861446
0.99600114
0.99246185
0.99866472
0.99830929
0.99702768
0.99527495
0.99815523
0.99890974
0.99837140
0.99669539
0.99593309
0.99975400
0.99608686
0.99906093
0.99835109
0.99821758
0.99128644
0.99879676
0.99489358
0.99775643
0.99972086
0.99963082
0.99976931
0.99865087
0.99923822
0.99691883
0.99676099
0.99929320
0.99969641
0.99914547
0.99668037
0.99941541
0.99749083
0.99592439
0.99589215
0.99199207
0.99891475
0.99503391
0.99838585
0.99893274
0.99378759
0.99735402
0.99963640
0.99316154
0.99823183
0.99586628
0.99957150
0.99768401
0.99902901
0.99646864
0.99988089
0.99980238
0.99918926
0.99970773
0.99421796
0.99736513
0.99553904
0.99741516
0.99711639
0.99751042
0.99897661
0.99839329
0.99868480
0.99573148
0.99909740
0.99663568
0.99760358
0.99696449
0.99904308
0.99640469
0.99628417
0.99672800
0.99823854
0.99551264
0.99422604
0.99933514
0.99912930
0.99909139
0.99987309
0.99874496
0.99783855
0.99962239
0.99974948
0.99776574
0.99895514
0.99630600
0.99862605
0.99820309
0.99679906
0.99064056
0.99723817
0.99961608
0.99982043
0.99574359
0.99927984
0.99976433
0.99929077
0.99809202
0.99825051
0.99584494
0.99065320
0.99986756
0.99841538
0.99774600
0.99875373
0.99572838
0.99672238
0.99791053
0.99818647
0.99616420
0.99943410
0.99784591
0.99876878
0.99842557
0.99497554
0.99451812
0.99943454
0.99948349
0.99809222
0.99664323
0.99917473
0.99825220
0.99235495
0.99735307
0.99488348
0.99806028
0.99879459
0.99709342
0.99782454
0.99763419
0.99913605
0.99717381
0.99999700
0.99967992
0.99661770
0.99724995
0.99836402
0.99280562
0.99795880
0.99976468
0.99901784
0.99813781
0.99719213
0.99191643
0.99886552
0.99967294
0.99956964
0.99525587
0.99990516
0.99946687
0.99658706
0.99729225
0.99149187
0.99772913
0.99918366
0.99888577
0.99839663
0.99908842
0.99895194
0.99821815
0.99462053
0.99326984
0.99972389
0.99979940
0.99720025
0.99872278
0.99800974
0.99983889
0.99938200
0.99635362
0.99771917
0.99679823
0.99897145
0.99746950
0.99726613
0.99690699
0.99617752
0.99767240
0.99917301
0.99715701
0.99886312
0.99920737
0.99910738
0.99817198
0.99752358
0.99331269
0.99502790
0.99817216
0.99878897
0.99836285
0.99901526
0.99910016
0.99945571
0.99951767
0.99987905
0.99812340
0.99300532
0.99917273
0.99940920
0.99706716
0.99959517
0.99951867
0.99643354
0.99932655
0.99912651
0.99801188
0.99881017
0.99716024
0.99855230
0.99900001
0.99872004
