1.00000000
1.00000000
1.00000000
1.00000000
1.00000000
1.00000000
1.00000000
1.00000000
1.00000000
1.00000000
1.00000000
1.00000000
1.00000000
1.00000000
1.00000000
1.00000000
1.00000000
1.00000000
1.00000000
1.00000000
1.00000000
1.00000000
1.00000000
1.00000000
1.00000000
1.00000000
1.00000000
1.00000000
1.00000000
1.00000000
1.00000000
1.00000000
1.00000000
1.00000000
1.00000000
1.00000000
1.00000000
1.00000000
1.00000000
1.00000000
1.00000000
1.00000000
1.00000000
1.00000000
1.00000000
1.00000000
1.00000000
1.00000000
1.00000000
1.00000000
1.00000000
1.00000000
1.00000000
1.00000000
1.00000000
1.00000000
1.00000000
1.00000000
1.00000000
1.00000000
1.00000000
1.00000000
1.00000000
0.99705100
0.99698156
0.99750072
0.99562526
0.99694079
0.99714905
0.99732769
0.99724883
0.99756771
0.99730396
0.99731785
0.99719256
0.99707484
0.99685609
0.99715519
0.99696082
0.99645126
0.99659109
0.99634629
0.99621058
0.99622846
0.99646437
0.99620038
0.99679428
0.99651152
0.99628866
0.99626416
0.99596322
0.99612194
0.99570471
0.99605858
0.99589479
0.99565023
0.99569869
0.99549735
0.99572045
0.99583131
0.99497426
0.99422401
0.99303341
0.99240017
0.99333018
0.99157530
0.99054396
0.99080843
0.98900026
0.98855853
0.98664397
0.98523617
0.97925651
0.98811567
0.98653698
0.98016411
0.98937780
0.98987365
0.98928165
0.98311514
0.98666686
0.98465550
0.99171114
0.98786396
0.99112332
0.98971272
0.98703140
0.99260676
0.99316263
0.98942357
0.99214876
0.99410713
0.99464357
0.99507153
0.99459654
0.99536020
0.99154198
0.98939669
0.99021602
0.98995155
0.98944783
0.99080747
0.99305564
0.99503541
0.99550158
0.99511814
0.99462175
0.99304354
0.99191827
0.99234176
0.99332112
0.99178398
0.99094337
0.99256963
0.99364179
0.99326867
0.99261743
0.99138331
0.99124873
0.98957598
0.98818088
0.97909659
0.97500414
0.96801156
0.96946543
0.97758830
0.98438036
0.98275042
0.97492379
0.88807762
0.97800052
0.98503613
0.98687613
0.98614454
0.98492801
0.98436350
0.98444498
0.98427039
0.98590499
0.98620170
0.98562211
0.98395699
0.98754752
0.98757774
0.98689169
0.98873806
0.98877478
0.99029249
0.99122649
0.98983777
0.99313241
0.99241203
0.99175709
0.99138850
0.98863786
0.98489296
0.98704243
0.98342484
0.98271531
0.98214287
0.97532016
0.97637594
0.96804810
0.97181982
0.97944081
0.98669285
0.99242288
0.99316931
0.99322045
0.99317038
0.99342054
0.99379820
0.99345267
0.99383050
0.99428779
0.99437225
0.99472046
0.99438357
0.99367988
0.99316519
0.99141735
0.99438691
0.99429977
0.99500823
0.99445194
0.99590260
0.99573392
0.99572313
0.99573201
0.99651450
0.99634296
0.99401468
0.99284184
0.99386579
0.99341786
0.99234432
0.99272889
0.99508935
0.99523538
0.99528402
0.99528235
0.99547184
0.99628371
0.99660492
0.99650514
0.99641478
0.99616963
0.99591970
0.99568331
0.99623591
0.99647176
0.99656230
0.99652040
0.99650300
0.99651945
0.99650419
0.99638402
0.99606812
0.99584728
0.99562198
0.99575293
0.99632674
0.99655390
0.99694937
0.99702817
0.99709439
0.99709034
0.99728012
0.99805009
0.99823701
0.99875069
0.99858850
0.99854565
0.99838221
0.99863523
0.99864858
0.99870372
0.99851853
0.99836105
0.99804807
0.99816883
0.99833161
0.99816823
0.99803835
0.99831909
0.99826556
0.99825114
0.99840862
0.99850792
0.99853277
0.99806672
0.99785548
0.99725348
0.99692208
0.99693835
0.99697733
0.99701226
0.99666816
0.99636602
0.99659461
0.99689215
0.99661821
0.99645585
0.99657947
0.99619722
0.99662858
0.99669194
0.99712962
0.99713612
0.99696916
0.99752373
0.99776149
0.99805331
0.99787557
0.99784410
0.99804652
0.99788338
0.99800557
0.99803549
0.99816716
0.99749774
0.99801034
0.99816591
0.99798727
0.99796993
0.99790013
0.99743134
0.99782550
0.99798989
0.99826521
0.99820948
0.99817395
0.99827945
0.99767512
0.99819380
0.99842012
0.99823463
0.99809855
0.99788862
0.99800748
0.99817181
0.99813747
0.99795270
0.99844629
0.99834347
0.99833328
0.99807870
0.99813133
0.99809998
0.99810338
0.99792176
0.99828053
0.99747926
0.99785727
0.99755764
0.99749231
0.99757618
0.99770457
0.99703801
0.99728715
0.99763560
0.99744910
0.99787569
0.99749100
0.99809998
0.99777836
0.99722230
0.99798548
0.99823856
0.99799746
0.99811208
0.99753320
0.99805129
0.99735570
0.99723911
0.99738532
0.99761307
0.99773896
0.99742991
0.99785310
0.99717772
0.99777895
0.99793661
0.99803966
0.99806279
0.99837875
0.99816716
0.99784899
0.99781114
0.99771178
0.99757475
0.99786395
0.99704474
0.99760640
0.99744797
0.99790549
0.99763227
0.99686015
0.99712175
0.99579853
0.99620277
0.99726522
0.99646676
0.99661702
0.99710542
0.99714583
0.99672985
0.99719703
0.99688953
0.99674582
0.99683577
0.99721330
0.99603146
0.99657828
0.99582314
0.99598026
0.99483770
0.99314427
0.99270999
0.99075657
0.98741919
0.98905420
0.98361361
0.98427224
0.98192489
0.98403221
0.98183066
0.98389858
0.98550987
0.98497438
0.98728639
0.98950022
0.99219221
0.99396026
0.99357855
0.99472839
0.99474216
0.99646437
0.99244082
0.99382377
0.99443251
0.99474204
0.99357551
0.99224514
0.99130464
0.99147558
0.99177504
0.98980862
0.99329364
0.99099159
0.99319357
0.99106604
0.99532074
0.99458343
0.98998952
0.99257022
0.99557024
0.99312758
0.99491185
0.99375325
0.99401963
0.99506241
0.99478215
0.99515557
0.99536598
0.99490261
0.99595428
0.99590802
0.99634773
0.99613571
0.99451786
0.99591416
0.99581099
0.99539447
0.99396342
0.99588698
0.99521303
0.99540341
0.99563271
0.98752999
0.99105561
0.99208766
0.99224818
0.99077612
0.99221790
0.99466395
0.99311638
0.99314308
0.99281877
0.99399406
0.99307609
0.99324197
0.99581522
0.99058467
0.99019414
0.98864019
0.99101889
0.98451185
0.97824037
0.98272175
0.97271979
0.97012120
0.97870559
0.96624357
0.96145803
0.94434661
0.95170182
0.96889395
0.96441841
0.97223300
0.97569817
0.97314024
0.97248423
0.97607416
0.98361832
0.97584391
0.97321701
0.96835506
0.96043980
0.95512927
0.95639855
0.95762420
0.94599521
0.96051556
0.95424020
0.95417929
0.95441985
0.95517647
0.95245504
0.94682980
0.93925327
0.93824148
0.93618613
0.93700612
0.95290083
0.92962843
0.92673379
0.92097330
0.92703164
0.90682381
0.91036612
0.90089798
0.89117944
0.88797373
0.89419538
0.88878435
0.88380998
0.85840833
0.86136603
0.85603946
0.86363167
0.85790551
0.84956121
0.85330713
0.84639692
0.83433354
0.83975160
0.84691161
0.83577240
0.82565367
0.81575835
0.81512845
0.81519300
0.81319445
0.80801100
0.78746855
0.79084849
0.78546357
0.79017597
0.78426278
0.78095704
0.78362620
0.76729029
0.76983029
0.75198239
0.75661397
0.75789833
0.75062376
0.76162392
0.74570096
0.74660075
0.74551284
0.74342287
0.72834826
0.72807854
0.71449471
0.71633184
0.68116128
0.70656997
0.69040161
0.69320720
0.68934637
0.69720829
0.68643093
0.68516409
0.70374906
0.68540752
0.69295418
0.70109719
0.68533874
0.68670326
0.68002653
0.67966777
0.68982357
0.68865049
0.64717895
0.67238671
0.65866011
0.67903125
0.66600817
0.65919387
0.66246629
0.65600556
0.63708514
0.61877280
0.62025183
0.62206060
0.60375977
0.61438417
0.62048972
0.59703064
0.59392035
0.55640399
0.56286770
0.57422554
0.55250376
0.54585016
0.54147631
0.53928143
0.52863508
0.52065217
0.52486074
0.52408230
0.52751535
0.53932494
0.52968705
0.52534306
0.52353102
0.51661748
0.52773893
0.54083496
0.52539712
0.54209781
0.52836078
0.53000110
0.51196480
0.52771872
0.52640682
0.51689631
0.53495842
0.53044415
0.51184899
0.52742749
0.51462048
0.52326125
0.50415987
0.52216625
0.51673639
0.51230246
0.51419020
0.50642329
0.52831525
0.53093678
0.53056240
0.52377981
0.52027434
0.52555960
0.50427794
0.51607412
0.51608884
0.52031803
0.51511800
0.52206695
0.52280003
0.52654135
0.52682942
0.52402592
0.52632576
0.52248055
0.52040595
0.51545936
0.52029830
0.52662325
0.52593672
0.53494418
0.53932899
0.53140742
0.51815981
0.52810335
0.53657627
0.52945411
0.52451026
0.52959955
0.52187753
0.52041817
0.52275902
0.52830589
0.52216733
0.52811527
0.52165091
0.52219677
0.52055264
0.52572578
0.52837580
0.52629822
0.52000976
0.53468901
0.53948808
0.54104084
0.54243076
0.55103678
0.53834158
0.54985422
0.54332036
0.54046404
0.54856515
0.54918861
0.54082334
0.53940725
0.53498006
0.52983785
0.52763319
0.51860380
0.51778406
0.52827561
0.52329081
0.52777219
0.52268851
0.52373636
0.52733147
0.52667004
0.52429998
0.52138799
0.51679462
0.51677603
0.52556264
0.52443826
0.52057582
0.52143615
0.52571356
0.52422541
0.52327514
0.52050221
0.51493186
0.51590192
0.51690286
0.51726580
0.51875448
0.51246619
0.51490629
0.50751251
0.50948960
0.50505203
0.50250930
0.51407421
0.51114702
0.50837380
0.50887227
0.51231414
0.52275604
0.52553874
0.52499586
0.52219117
0.52140099
0.52619720
0.51221150
0.51739001
0.51269078
0.52128625
0.52536172
0.51584595
0.51304549
0.50743979
0.50704980
0.51075566
0.51741189
0.50933951
0.50442713
0.51284826
0.51136553
0.50816667
0.52156508
0.50980204
0.50561041
0.51262647
0.51223016
0.49887618
0.50276577
0.50450861
0.51034427
0.50606233
0.51574492
0.51316482
0.51711833
0.51243514
0.51172620
0.51601410
0.51873893
0.52069825
0.52225113
0.51907229
0.52596825
0.53249896
0.52224457
0.52539587
0.52732384
0.52171361
0.51920646
0.52231985
0.51539534
0.51778483
0.51919025
0.51450342
0.51725328
0.52181166
0.52213877
0.51582277
0.50830501
0.52246958
0.50685990
0.51318377
0.50809878
0.50939906
0.50890511
0.50507915
0.50231844
0.50540352
0.50726473
0.50245738
0.51039159
0.50395352
0.50320786
0.50481951
0.50770456
0.50471640
0.50488722
0.50522256
0.50231814
0.51115417
0.50804329
0.50965995
0.51013511
0.50896817
0.50751895
0.50991637
0.50823987
0.51238048
0.51243305
0.52300620
0.51603204
0.51646394
0.51014054
0.50619900
0.50380361
0.50168872
0.49736229
0.49015692
0.49098819
0.50627404
0.50954723
0.50385714
0.49756172
0.49513903
0.49993491
0.50970823
0.50311875
0.50617129
0.50458950
0.50321442
0.50515306
0.51306635
0.50396681
0.50800693
0.50410563
0.50213748
0.50638753
0.50738066
0.49662688
0.50353885
0.49713150
0.48694402
0.49811339
0.49841195
0.50370872
0.50753123
0.52510232
0.50457865
0.50042284
0.49858281
0.50095958
0.49664393
0.49646550
0.49834597
0.49818581
0.50137860
0.51049536
0.51275575
0.51017278
0.51163965
0.51844853
0.51621968
0.51513529
0.50862586
0.52147096
0.52244675
0.52441543
0.52158046
0.52617699
0.52799231
0.53525478
0.54197055
0.52627665
0.51632828
0.51116627
0.52981532
0.53028190
0.53085774
0.52502728
0.51443166
0.51458061
0.52356052
0.52452117
0.53967750
0.53629816
0.53537476
0.52887601
0.52809626
0.52824235
0.51897800
0.53113246
0.54207104
0.53733212
0.55272931
0.54557890
0.53241485
0.53490996
0.52736610
0.52866203
0.53419006
0.54551423
0.54266614
0.55751789
0.54996121
0.55478096
0.56080264
0.54832059
0.54537934
0.53724426
0.53618687
0.54215533
0.53138006
0.53366518
0.53822076
0.54176438
0.55424088
0.56264740
0.57544488
0.57046288
0.56643867
0.57660097
0.57174009
0.56728131
0.57408845
0.57233435
0.55850607
0.56103462
0.56511033
0.55652893
0.55641448
0.56996119
0.56386894
0.56302404
0.57687104
0.58491403
0.60032278
0.61645257
0.62894809
0.61357784
0.58985132
0.58797175
0.59997797
0.59727222
0.61210078
0.62545288
0.63810426
0.64392424
0.64902443
0.66261011
0.67274117
0.67529404
0.67054969
0.65101224
0.64786643
0.66072959
0.66464722
0.66048706
0.66183496
0.66989321
0.70511729
0.72093070
0.73911130
0.73115945
0.72133094
0.72035819
0.72505736
0.74292231
0.73999709
0.74098146
0.72716773
0.74470776
0.74920452
0.74516368
0.75323433
0.78509426
0.77973402
0.77658147
0.75838923
0.72001690
0.70250440
0.72024518
0.78916198
0.80457163
0.82241821
0.85923225
0.90968949
0.92932367
0.92360425
0.93260640
0.95094830
0.96101272
0.94313580
0.94442302
0.94665956
0.92350531
0.89728212
0.88803101
0.89173192
0.87614518
0.89410257
0.91580522
0.91128212
0.89797330
0.92872918
0.94878560
0.94801551
0.95426023
0.95712870
0.94910568
0.93009329
0.93109506
0.93349510
0.93608147
0.94295853
0.94669545
0.95089734
0.96042198
0.96963239
0.97536838
0.97531372
0.97550303
0.96263850
0.96661836
0.97466475
0.97953928
0.96029401
0.96856064
0.96983373
0.96798342
0.96782714
0.96785921
0.97345871
0.97433001
0.97485107
0.97799850
0.97432679
0.96900225
0.96298617
0.96697962
0.96527416
0.94652283
0.96392065
0.96794432
0.97408462
0.97254986
0.97350526
0.98232448
0.97561294
0.96139085
0.97139883
0.98214036
0.98815268
0.98897690
0.98919535
0.98969346
0.99031061
0.99087673
0.99059594
0.99018025
0.99095410
0.98790711
0.98917365
0.98031163
0.98592871
0.98307908
0.98758775
0.98593718
0.98287243
0.98195606
0.98161775
0.98545986
0.98873794
0.98913705
0.98958617
0.99108231
0.99083239
0.99025178
0.98945731
0.99018830
0.98920876
0.98855877
0.98800153
0.98621804
0.98533696
0.98493075
0.98466450
0.98756081
0.98646057
0.98511302
0.98468405
0.98001206
0.97824281
0.97403097
0.98077297
0.97021085
0.96663284
0.97346175
0.96808571
0.96901041
0.96451205
0.96610373
0.96385682
0.96957433
0.96849293
0.96732503
0.95708305
0.96194589
0.96246266
0.96324754
0.95775783
0.95591772
0.95977640
0.96284866
0.96478814
0.96861535
0.96545845
0.96963578
0.97485548
0.97909099
0.98031497
0.98033583
0.97978014
0.98084211
0.98374474
0.98263794
0.98264873
0.98167598
0.97890639
0.98178768
0.97795790
0.97666067
0.98642576
0.98360819
0.98440361
0.97993451
0.97917545
0.98397982
0.98551798
0.98416948
0.98279792
0.98726881
0.98910671
0.98778909
0.98854804
0.98789132
0.98532504
0.98533380
0.98034108
0.97221088
0.97156197
0.96318692
0.98015290
0.98353726
0.98014724
0.98271596
0.98557705
0.98414302
0.98476636
0.98458952
0.98429006
0.98963225
0.98707575
0.98284137
0.98421454
0.98015803
0.98384720
0.98556525
0.98748720
0.98768884
0.99031585
0.99223351
0.99289072
0.99250209
0.99266112
0.99374479
0.99470299
0.99407744
0.99400830
0.99299651
0.99418133
0.99359643
0.99357128
0.99325621
0.99295527
0.99159181
0.99335301
0.99028862
0.99100590
0.99022931
0.98638850
0.98461896
0.98410797
0.97503859
0.97932512
0.97919774
0.97891688
0.98221576
0.98306137
0.97724140
0.97600651
0.97430044
0.97469926
0.97441542
0.97144544
0.97226274
0.97075629
0.96713835
0.96541482
0.96226281
0.96164012
0.96278745
0.97042096
0.96880585
0.96856099
0.96346617
0.95811498
0.96451205
0.96290058
0.93824863
0.93825537
0.92569530
0.88624543
0.89687103
0.87504786
0.86198068
0.86954403
0.88224912
0.85465258
0.87488270
0.87366378
0.87376201
0.86937290
0.81430930
0.76199776
0.80068648
0.78050429
0.81532198
0.79832792
0.81622541
0.77590799
0.77334875
0.76173741
0.74806118
0.75372553
0.75332624
0.72726047
0.73524010
0.73728609
0.72240824
0.72124600
0.69850683
0.71997678
0.71178883
0.69673318
0.69356960
0.64718455
0.67046958
0.65529668
0.65769649
0.63831425
0.62549233
0.64182639
0.62768686
0.61194855
0.60792327
0.57830995
0.55842090
0.54192895
0.50168562
0.51326776
0.48264635
0.49143669
0.50298804
0.48000348
0.48740065
0.47026342
0.46383008
0.46162754
0.46396738
0.45659226
0.47348848
0.47509187
0.47396114
0.46178943
0.48166454
0.45753425
0.46554929
0.48041880
0.46791542
0.45179608
0.42651638
0.42370006
0.41253114
0.40485522
0.39798278
0.40675279
0.38986516
0.38757488
0.37823814
0.37510365
0.37613299
0.38069838
0.37704694
0.37890553
0.38164502
0.34537122
0.30198029
0.27323309
0.25932598
0.25045586
0.27098852
0.26394856
0.26940098
0.25018069
0.25338790
0.25032541
0.25975022
0.24316554
0.25604710
0.25826168
0.24381766
0.23593286
0.24473622
0.23607957
0.22616419
0.23854409
0.21651205
0.22934693
0.23530526
0.22581971
0.24033746
0.22625533
0.24556556
0.25139078
0.22956334
0.23039079
0.24430150
0.23759238
0.24228083
0.25189766
0.23601979
0.23104499
0.21938583
0.23251760
0.23397051
0.22271718
0.21863115
0.22114266
0.21626785
0.20401733
0.20876189
0.20015381
0.21341488
0.20641720
0.19391081
0.19738911
0.20522198
0.19018637
0.19772263
0.19099274
0.19312724
0.18635221
0.18475361
0.18719546
0.19226795
0.19280277
0.18743429
0.19692132
0.19871739
0.20652908
0.20256323
0.20815156
0.21312308
0.21165980
0.19424756
0.20854698
0.19465981
0.19645259
0.19082238
0.20034949
0.19377962
0.18901516
0.18999584
0.18651888
0.18021749
0.19301005
0.19272764
0.20306687
0.20051485
0.19871712
0.18814929
0.17325406
0.18586652
0.17289758
0.16975765
0.17592634
0.17195094
0.18819536
0.17616771
0.17609437
0.17124966
0.17704938
0.17872661
0.18214260
0.17718062
0.16919966
0.18107362
0.19138439
0.19027372
0.20112689
0.19438361
0.19612204
0.19315049
0.19322139
0.20161228
0.18882710
0.18711220
0.18592493
0.19003840
0.20065518
0.18947946
0.18453883
0.19406332
0.19329698
0.19617926
0.17455925
0.18430629
0.19759007
0.18428405
0.19211878
0.19213369
0.18571287
0.20553187
0.20502521
0.19105007
0.20094305
0.18495634
0.18836866
0.20067813
0.19465220
0.19575176
0.20160589
0.19662999
0.17449701
0.19029959
0.18925099
0.20640506
0.19687819
0.19943796
0.17372844
0.19132346
0.19029418
0.20045444
0.20373406
0.20085534
0.20078756
0.20481037
0.19356461
0.20151332
0.20026132
0.19792305
0.20327051
0.19788496
0.20285803
0.19941299
0.19331554
0.19510029
0.18985887
0.19008052
0.18660416
0.17972541
0.17941287
0.19277620
0.17713040
0.17814086
0.19104077
0.19738168
0.18435846
0.20427039
0.18158446
0.19192481
0.19978543
0.20057003
0.20089833
0.19595832
0.21086730
0.19107291
0.20449565
0.20933887
0.20392729
0.20170893
0.20477930
0.20370479
0.19313006
0.18763974
0.18761282
0.19146360
0.18639687
0.19100964
0.18832226
0.19349074
0.19042657
0.19449028
0.18247613
0.19396488
0.18827467
0.18014206
0.18186866
0.18798827
0.18817180
0.18405195
0.19089012
0.18393840
0.18662845
0.19420472
0.19845380
0.19514568
0.19413267
0.19487089
0.19359843
0.18527408
0.19929624
0.19653811
0.18840830
0.19397360
0.18766980
0.19679217
0.19475585
0.19968136
0.19992605
0.20931892
0.19906829
0.19485447
0.20963053
0.19617866
0.19331396
0.19882746
0.20651995
0.20395097
0.20395570
0.21627495
0.20527619
0.19647506
0.20727262
0.18912542
0.19942927
0.18265128
0.18406835
0.20116591
0.19962490
0.19244955
0.20917077
0.18850984
0.21079019
0.20362629
0.20055994
0.19772443
0.21334167
0.20818885
0.22603731
0.21560539
0.22799720
0.23400083
0.21728554
0.23507695
0.23371810
0.21388292
0.21007334
0.23268285
0.20495632
0.21221472
0.22033152
0.19815399
0.20281498
0.20943013
0.20533954
0.21754397
0.21861976
0.20102008
0.20503150
0.20257345
0.19777247
0.18560202
0.19332467
0.18741162
0.20655629
0.20158243
0.19756164
0.20067300
0.20784535
0.20923117
0.21611078
0.22345209
0.20952119
0.21396759
0.22289768
0.22499043
0.20970917
0.21277128
0.20280810
0.21011983
0.19109990
0.20213145
0.20073774
0.18922277
0.17989728
0.17673771
0.18243177
0.20034659
0.19593818
0.17532045
0.16802678
0.16511546
0.17138615
0.18268819
0.17324618
0.18206519
0.18429795
0.17470543
0.17358285
0.18843228
0.17668866
0.16323870
0.16053246
0.16845831
0.17976052
0.19463325
0.20685469
0.21117730
0.23013373
0.24428658
0.25198644
0.25320959
0.24349344
0.25513083
0.27172589
0.26982656
0.25856668
0.28107557
0.26585361
0.26154274
0.23546626
0.26366276
0.25407386
0.26619345
0.27659446
0.28985134
0.29079282
0.29690596
0.31146422
0.30761933
0.29808477
0.29404241
0.30108857
0.29591709
0.30913520
0.31596041
0.31619930
0.31826499
0.31365111
0.31697312
0.32018647
0.32923025
0.32131124
0.33082160
0.34113294
0.34603307
0.35862786
0.38042021
0.40754452
0.41974455
0.42834538
0.43764830
0.45328313
0.46166041
0.46399844
0.46441647
0.46644455
0.46799207
0.47471753
0.48020059
0.48086208
0.48992038
0.49203816
0.49716398
0.50509322
0.51668340
0.50905222
0.50495046
0.50557423
0.49864528
0.50862366
0.50442803
0.50337881
0.50026357
0.51029789
0.51590943
0.53590328
0.54289615
0.55329335
0.58453250
0.60100847
0.63379574
0.65955579
0.66058648
0.65677881
0.64855707
0.65910017
0.65619665
0.66361815
0.66719067
0.67170864
0.68951571
0.69427854
0.73013371
0.75170028
0.76010936
0.76017916
0.72141129
0.71130228
0.72826660
0.72803295
0.72799224
0.74382430
0.79050773
0.81588155
0.82183951
0.82095987
0.83336896
0.85832942
0.86469960
0.86066931
0.85029238
0.83921325
0.82855034
0.82207382
0.83998531
0.86574334
0.88688385
0.89965940
0.88877070
0.89956987
0.89757371
0.89156193
0.89624572
0.90702420
0.91866618
0.92491221
0.93658656
0.93348604
0.93222171
0.93447167
0.93680656
0.93502086
0.93888301
0.91940266
0.90703243
0.86985630
0.86973482
0.88395691
0.91138846
0.91970670
0.93614215
0.94552523
0.94418788
0.94821334
0.96293741
0.96935487
0.97529459
0.97922575
0.97434223
0.96664542
0.98235369
0.98335046
0.98917609
0.99073702
0.99062496
0.98901296
0.99319261
0.99400890
0.99355847
0.99065959
0.99098104
0.99103934
0.99259877
0.99235076
0.99264044
0.99377090
0.99419808
0.99328113
0.99356174
0.99385321
0.99409854
0.99559826
0.99598533
0.99616420
0.99604756
0.99641836
0.99511671
0.99442887
0.99531811
0.99508047
0.99447674
0.99432892
0.99301189
0.99382788
0.99204952
0.98740131
0.98110080
0.97380108
0.96882945
0.95866519
0.95076787
0.93617988
0.94258934
0.95707178
0.95410615
0.95238119
0.95084977
0.94857198
0.93747407
0.92875665
0.91940582
0.93079257
0.93784332
0.94172746
0.94240779
0.95156568
0.96139956
0.96726984
0.95404351
0.94734478
0.93318510
0.93846321
0.92252964
0.90925950
0.90147734
0.88241440
0.86624396
0.84835184
0.84889746
0.85865057
0.79596359
0.76119959
0.74928081
0.75197154
0.75261068
0.75203758
0.75256628
0.70771056
0.67890614
0.70406359
0.67544675
0.66370213
0.72130907
0.73681319
0.68079853
0.65261638
0.66635919
0.66899973
0.66593939
0.65799993
0.62974787
0.61826742
0.60189652
0.60312927
0.59642363
0.59414881
0.58539331
0.57098705
0.55617672
0.52746397
0.53265989
0.52901566
0.52705711
0.51908231
0.49691787
0.48397404
0.46212298
0.44601196
0.42677617
0.40594256
0.38260502
0.37794024
0.36702824
0.36563054
0.36108294
0.35706252
0.35852167
0.36235890
0.34527066
0.35476199
0.32658800
0.32789153
0.31657881
0.30746731
0.29772449
0.29089347
0.27973622
0.28935516
0.28163341
0.26046821
0.26544368
0.26184934
0.25923261
0.23527136
0.21137470
0.20259112
0.17598720
0.16246590
0.16036007
0.14607562
0.13456318
0.12802862
0.12057770
0.12560456
0.12320841
0.11789836
0.12016758
0.11558649
0.10994714
0.11888318
0.10907701
0.12342718
0.11907379
0.10611970
0.09900542
0.10673507
0.11467575
0.10403740
0.10010098
0.09773523
0.09415095
0.09702976
0.10665159
0.12457217
0.12040833
0.01567907
0.00618334
0.00493914
0.00563532
0.00601442
0.00619978
0.00568172
0.00480888
0.00565447
0.00664294
0.00631721
0.00580258
0.00793726
0.00523367
0.00445731
0.00379085
0.00400301
0.00473129
0.00392063
0.00412264
0.00409329
0.00346819
0.00390529
0.00439237
0.00451357
0.00468480
0.00512374
0.00541622
0.00759108
0.00827306
0.00769576
0.00587343
0.00668765
0.00730819
0.00450565
0.00737934
0.00564870
0.00558574
0.00596494
0.00638457
0.00464611
0.00460515
0.00669083
0.00485025
0.00523575
0.00645853
0.00666644
0.00592461
0.00570252
0.00408620
0.01206979
0.00551391
0.00354988
0.00583787
0.00532865
0.00518277
0.00449134
0.00531248
0.00500310
0.00548601
0.00828624
0.00821551
0.00741143
0.00815096
0.00772034
0.00505693
0.00598000
0.00727890
0.00907342
0.00953034
0.00591430
0.00694291
0.00761887
0.00622822
0.00895806
0.00640608
0.00760987
0.00991207
0.00788175
0.01041322
0.01000747
0.01273614
0.00973039
0.01017467
0.00824140
0.00746015
0.00556320
0.00526919
0.00585517
0.00356979
0.00407138
0.00376091
0.00401129
0.00453798
0.00305552
0.00296987
0.00337599
0.00359918
0.00269562
0.00273141
0.00318076
0.00302781
0.00275807
0.00312040
0.00286888
0.00321308
0.00284168
0.00366411
0.00457405
0.00346299
0.00383670
0.00528558
0.00445267
0.00541120
0.00460426
0.00736924
0.00578181
0.00422169
0.00472334
0.00652234
0.00497362
0.00678991
0.00599413
0.00456375
0.00798012
0.00652636
0.00786737
0.00598904
0.00533181
0.01248625
0.00940723
0.00612892
0.00511501
0.01032778
0.00686836
0.00738475
0.01018541
0.00503461
0.00667606
0.00430816
0.00690556
0.00776805
0.00693085
0.00724659
0.00660684
0.00568255
0.00448992
0.00498212
0.00492222
0.00585158
0.00413636
0.00680106
0.00373396
0.00434346
0.00414990
0.00290457
0.00320091
0.00333876
0.00493534
0.00335230
0.00273953
0.00457637
0.00524579
0.00740792
0.00603910
0.00504960
0.00626403
0.00325414
0.00607814
0.00614218
0.00698079
0.00406686
0.00362050
0.00296766
0.00599986
0.00528699
0.00379746
0.00438411
0.00522082
0.00481052
0.00565335
0.00513014
0.00684394
0.00646253
0.00449755
0.00986815
0.00641365
0.00897721
0.00855495
0.00630461
0.00640057
0.00752961
0.00714999
0.01150254
0.00475899
0.00532610
0.00728752
0.00410460
0.00445378
0.00390797
0.00559800
0.00332026
0.00413884
0.00304952
0.00379734
0.00714883
0.00329055
0.00471411
0.00314112
0.00440417
0.00561232
0.00418459
0.00632808
0.00654755
0.00498833
0.00576442
0.00606552
0.00559524
0.00531473
0.00473732
0.00470226
0.00590462
0.00621791
0.00681813
0.00486573
0.00572769
0.00591085
0.00352191
0.00537798
0.00557109
0.00508370
0.00546624
0.00548512
0.00517321
0.00663424
0.00755717
0.00553827
0.00503666
0.00508463
0.00384119
0.00455572
0.00609802
0.00485502
0.00490602
0.00403566
0.00609108
0.00461266
0.00468498
0.00449514
0.00479564
0.00448619
0.00570268
0.00612052
0.00614184
0.00485631
0.00609677
0.00507293
0.00467444
0.00536764
0.00581161
0.00553109
0.00742600
0.00475349
0.00512867
0.00432328
0.00363875
0.00474949
0.00600865
0.00473798
0.00482718
0.00459785
0.00548169
0.00550437
0.00385677
0.00450770
0.00526263
0.00723623
0.00508589
0.00427439
0.00551070
0.00524420
0.00541080
0.00425826
0.00751130
0.00629006
0.00712961
0.00560498
0.00619827
0.00665851
0.00489723
0.00579100
0.00508569
0.00761086
0.00862681
0.00823320
0.00838148
0.00920236
0.00765093
0.00873177
0.00961664
0.00715480
0.00696162
0.00949921
0.00562380
0.00481473
0.00383615
0.00459285
0.00477297
0.00602254
0.00491672
0.00573575
0.00524424
0.00807687
0.00679662
0.00665440
0.00574893
0.00542678
0.00425673
0.00355783
0.00594340
0.00843183
0.01043378
0.00882986
0.00913878
0.00800291
0.00750995
0.00742006
0.00883677
0.00676338
0.00935560
0.01041473
0.00937574
0.00830406
0.00860011
0.01555454
0.05177216
0.04845389
0.05424343
0.06614264
0.06542445
0.07306198
0.07160158
0.08165069
0.09823257
0.09427955
0.08834057
0.08484125
0.10791048
0.09594610
0.08372536
0.08412831
0.11428726
0.12175121
0.11919610
0.14126907
0.14303093
0.14109969
0.15297996
0.16567506
0.18798165
0.18804422
0.17457533
0.23338650
0.22799854
0.25801373
0.25713658
0.28221846
0.24823649
0.23900513
0.24526866
0.23332413
0.25602534
0.26456997
0.27643859
0.25982711
0.24726775
0.27485260
0.30712706
0.35376546
0.39279526
0.41994283
0.41084337
0.43524179
0.41820475
0.45302317
0.45464423
0.46242812
0.48252353
0.46043378
0.48510453
0.47662643
0.50089043
0.51379496
0.52178913
0.53235048
0.53733665
0.50959659
0.53520620
0.53476691
0.57359713
0.57393378
0.58136261
0.57961619
0.59416288
0.58273792
0.61923397
0.63783109
0.61257988
0.67534733
0.68193233
0.67390418
0.67382091
0.72614205
0.70350587
0.74276507
0.75169152
0.75366622
0.76405096
0.75747317
0.78646523
0.79050809
0.80628741
0.87275368
0.88264686
0.87339991
0.91693789
0.90544045
0.88455206
0.90346187
0.89889693
0.93482894
0.92877960
0.95294631
0.95676112
0.96083111
0.96180278
0.96405393
0.97644341
0.97662884
0.97121698
0.97676200
0.98428887
0.98428959
0.98501682
0.98445064
0.98280615
0.98170590
0.98615682
0.98129463
0.98304236
0.98650867
0.98767239
0.98975313
0.99186122
0.99096340
0.99433511
0.99259549
0.99533671
0.99563783
0.99462020
0.99452543
0.99365860
0.99206537
0.99455124
0.99330878
0.99390525
0.99304354
0.99273854
0.99225324
0.99296826
0.98897946
0.99355352
0.99197817
0.98676282
0.97867388
0.98478854
0.98873198
0.99056643
0.99138981
0.98899394
0.99150872
0.99020934
0.99079895
0.99316615
0.99291235
0.99503833
0.99519664
0.99531049
0.99558455
0.99585825
0.99543071
0.99552202
0.99529773
0.99364096
0.99460077
0.99448425
0.99523467
0.99581808
0.99499583
0.99363399
0.99579853
0.99510241
0.99597353
0.99494827
0.99526876
0.99663049
0.99626380
0.99619812
0.99538356
0.99576205
0.99596006
0.99569279
0.99641055
0.99548918
0.99655306
0.99600750
0.99676764
0.99686384
0.99679130
0.99620664
0.99668652
0.99689448
0.99735391
0.99639148
0.99676150
0.99627578
0.99671459
0.99601752
0.99673188
0.99674416
0.99564445
0.99635470
0.99629277
0.99635410
0.99667335
0.99670452
0.99654382
0.99657130
0.99657649
0.99643588
0.99634933
0.99627751
0.99620193
0.99644214
0.99618536
0.99608338
0.99582458
0.99566501
0.99621493
0.99621320
0.99670559
0.99623954
0.99601716
0.99583697
0.99551880
0.99591196
0.99618500
0.99605441
0.99528885
0.99574679
0.99621552
0.99651283
0.99682558
0.99624771
0.99576074
0.99582386
0.99569279
0.99524236
0.99497092
0.99504757
0.99548125
0.99576974
0.99617517
0.99389333
0.99502110
0.99614304
0.99569017
0.99609828
0.99670804
0.99696881
0.99655789
0.99650621
0.99665123
0.99710959
0.99550170
0.99568450
0.99721056
0.99768603
0.99701595
0.99632430
0.99684358
0.99750346
0.99757892
0.99709702
0.99667251
0.99700660
0.99731439
0.99745387
0.99684685
0.99625671
0.99661821
0.99721766
0.99686724
0.99530798
0.99640489
0.99643302
0.99703717
0.99674606
0.99656540
0.99635088
0.99687117
0.99672711
0.99643111
0.99650168
0.99647468
0.99710661
0.99736434
0.99693298
0.99656528
0.99691987
0.99691808
0.99698728
0.99746943
0.99740273
0.99677223
0.99556535
0.99524766
0.99500823
0.99385035
0.99416733
0.99364966
0.99298006
0.99173462
0.99183512
0.99081588
0.99201751
0.99328679
0.99317271
0.99465090
0.99318647
0.99274504
0.99312931
0.99231404
0.99231887
0.98856503
0.99054039
0.99111205
0.98982680
0.99303025
0.99407309
0.99446011
0.99467200
0.99408674
0.99472082
0.99157155
0.99226201
0.99299330
0.99197769
0.99522710
0.99608350
0.99636203
0.99618983
0.99565268
0.99605274
0.99622130
0.99570125
0.99503160
0.99600899
0.99685007
0.99701428
0.99571997
0.99590153
0.99570823
0.99394363
0.98841685
0.96519566
0.85644883
0.72148985
0.75081295
0.03760818
0.01500736
0.00724680
0.00599352
0.00435054
0.00481525
0.00559513
0.00445297
0.00654346
0.00804750
0.00636440
0.00538021
0.00461368
0.00590186
0.01037533
0.00629376
0.00401219
0.00643231
0.00721391
0.00814291
0.00512959
0.00975797
0.00874872
0.00783724
0.00665468
0.00562399
0.00914280
0.00802260
0.01331776
0.00759759
0.01158630
0.01172539
0.00598664
0.00670890
0.00665296
0.00791732
0.00970033
0.00583885
0.00423435
0.00390925
0.00686771
0.00361784
0.00241762
0.00207005
0.00179707
0.00178477
0.00196647
0.00224631
0.00384758
0.00406550
0.00400637
0.00298714
0.00309470
0.00295954
0.00338725
0.00343560
0.00324628
0.00317139
0.00283791
0.00318545
0.00313166
0.00266358
0.00268590
0.00359308
0.00429613
0.00284015
0.00503284
0.00293968
0.00388007
0.00283737
0.00302302
0.00337777
0.00308366
0.00331833
0.00400854
0.00370796
0.00402198
0.00296532
0.00287410
0.00225184
0.00245248
0.00287818
0.00274467
0.00226102
0.00277477
0.00234172
0.00283926
0.00183042
0.00227147
0.00270227
0.00247804
0.00211727
0.00493670
0.00388277
0.00437351
0.00495772
0.00837800
0.00618493
0.00486823
0.00375147
0.00346974
0.00444416
0.00511489
0.00444190
0.00709472
0.00855653
0.00791730
0.01047905
0.01120831
0.01247622
0.01478607
0.69930637
0.89585805
0.96284205
0.98587078
0.98692191
0.97505182
0.98066956
0.96428055
0.97305673
0.96135259
0.93431824
0.96097136
0.97693825
0.95341355
0.97534764
0.96316153
0.93932796
0.92089331
0.95079666
0.96080446
0.92472577
0.94820589
0.95365816
0.95208383
0.95646149
0.96452963
0.97474921
0.98522586
0.98530477
0.99050295
0.99040717
0.97936249
0.95593578
0.94910675
0.95278871
0.96050304
0.93657047
0.96015322
0.97128433
0.97643846
0.98168498
0.95019215
0.92862183
0.94057614
0.90765309
0.94931161
0.95344919
0.99085355
0.99755472
0.99847096
0.99919945
0.99872810
0.99901330
0.99874735
0.99851948
0.99905211
0.99875057
0.99924290
0.99856973
0.99882275
0.99887246
0.99876666
0.99883503
0.99877328
0.99900001
0.99902260
0.99936348
0.99907148
0.99936062
0.99921525
0.99921751
0.99946433
0.99931586
0.99904007
0.99872053
0.99891007
0.99912483
0.99872404
0.99850613
0.99859673
0.99884498
0.99900407
0.99818903
0.99787295
0.99833065
0.99815995
0.99664694
0.99664658
0.99629116
0.99548572
0.99438888
0.99592316
0.99635291
0.99778521
0.99742883
0.99809867
0.99697804
0.99678087
0.99535662
0.99597734
0.99597812
0.99644923
0.99610078
0.99592042
0.99659628
0.99701786
0.99738067
0.99795026
0.99746680
0.99844664
0.99802196
0.99791187
0.99807537
0.99776280
0.99820089
0.99782556
0.99778205
0.99795049
0.99741912
0.99719679
0.99707818
0.99678940
0.99647373
0.99636382
0.99674195
0.99562609
0.99602401
0.99582833
0.99581510
0.99494982
0.99595648
0.99573022
0.99557197
0.99434018
0.99528641
0.99458486
0.99392056
0.99570590
0.99653578
0.99651021
0.99727875
0.99786073
0.99881482
0.99901843
0.99881482
0.99805731
0.99732143
0.99689734
0.99663252
0.99660373
0.99684191
0.99661833
0.99714488
0.99766576
0.99685693
0.99610353
0.99575317
0.99551916
0.99469948
0.99509394
0.99540734
0.99558467
0.99553394
0.99553406
0.99505520
0.99528176
0.99480599
0.99441600
0.99444938
0.99368167
0.99373156
0.99331903
0.99259675
0.99251515
0.99236429
0.99213916
0.99176663
0.99219018
0.99354291
0.99345076
0.99362057
0.99289870
0.99317247
0.99435294
0.99373949
0.99269241
0.99140525
0.98840046
0.99244565
0.99293137
0.99429840
0.99427998
0.99409521
0.99503148
0.99579144
0.99579096
0.99615473
0.99576074
0.99591357
0.99626154
0.99582231
0.99553764
0.99521118
0.99516654
0.99447328
0.99462152
0.99473542
0.99488872
0.99431062
0.99468780
0.99417537
0.99483806
0.99453151
0.99485862
0.99458766
0.99472296
0.99510276
0.99515069
0.99514765
0.99348938
0.99388546
0.99196517
0.98961103
0.98669827
0.98515606
0.98721540
0.98794436
0.99123925
0.99333161
0.99212307
0.99063969
0.99038368
0.98443282
0.98663670
0.98271507
0.98341942
0.96790624
0.97190303
0.97797465
0.98374766
0.98356342
0.97610170
0.97014093
0.97047162
0.95553488
0.95709825
0.96172202
0.96683180
0.98103172
0.98736119
0.98943150
0.99143958
0.99087900
0.99097276
0.99286473
0.99193126
0.98973340
0.98843414
0.98874915
0.98637241
0.98641241
0.98504990
0.98431474
0.98956209
0.98769194
0.98922741
0.98957950
0.98902589
0.98918390
0.98798239
0.98766112
0.98989594
0.98788190
0.98947817
0.99346381
0.99397427
0.99423414
0.99526876
0.99576509
0.99499136
0.99494570
0.99493790
0.99556172
0.99632913
0.99695194
0.99691391
0.99721044
0.99710828
0.99725455
0.99734867
0.99753237
0.99758923
0.99727565
0.99723583
0.99721080
0.99728286
0.99735743
0.99750727
0.99712676
0.99733514
0.99760193
0.99749810
0.99728656
0.99597955
0.99641079
0.99677211
0.99693203
0.99736410
0.99739045
0.99735510
0.99731976
0.99732804
0.99731559
0.99732262
0.99707055
0.99685162
0.99647599
0.99689841
0.99635625
0.99682498
0.99658442
0.99701935
0.99698478
0.99650049
0.99658352
0.99681723
0.99638867
0.99716264
0.99694735
0.99648654
0.99690104
0.99687260
0.99699712
0.99644321
0.99660754
0.99612010
0.99559021
0.99438393
0.99163634
0.99088085
0.99058443
0.98980892
0.99279320
0.99217755
0.99393964
0.99377370
0.99409544
0.99337316
0.99524105
0.99533123
0.99515802
0.99510694
0.99176323
0.99183559
0.99269909
0.98999083
0.98956573
0.98971283
0.98749524
0.98908186
0.98615277
0.98453069
0.98063815
0.97692490
0.97512859
0.97704542
0.97738600
0.97881669
0.98279196
0.98361015
0.98510146
0.98643702
0.98581934
0.98285955
0.98273438
0.98232424
0.98287404
0.97944039
0.98186791
0.98204482
0.98599178
0.98309892
0.98715532
0.99104977
0.98864400
0.98924422
0.98787993
0.98903859
0.99081099
0.99077988
0.98903102
0.99083143
0.99135256
0.99177462
0.99374831
0.99239588
0.99174607
0.99006820
0.98910415
0.99155176
0.98714972
0.98599839
0.98813021
0.98735541
0.98784816
0.99072498
0.99236476
0.99476600
0.99497777
0.99465692
0.99431568
0.99381256
0.99304694
0.99275100
0.99234641
0.99163449
0.98850328
0.98279840
0.96787381
0.96493053
0.95363778
0.94282562
0.89474028
0.86310226
0.82990497
0.84219807
0.85843086
0.82410842
0.81030154
0.88690346
0.89810646
0.92736828
0.94421965
0.94037461
0.90867299
0.95925760
0.97187018
0.98452330
0.99269605
0.99423718
0.99362564
0.99328530
0.99207616
0.98998368
0.98962945
0.98165601
0.97635663
0.97365969
0.98116767
0.98020118
0.98549855
0.98452884
0.98638654
0.99001324
0.98777652
0.98576361
0.98865205
0.98861796
0.98946267
0.99176425
0.99483842
0.99495971
0.99455655
0.99323732
0.99281478
0.99123049
0.98826551
0.98416036
0.98312682
0.98937452
0.99163508
0.99168772
0.99497342
0.99610245
0.99666578
0.99688476
0.99719834
0.99520618
0.99383426
0.99378890
0.99490064
0.99585426
0.99536222
0.99544770
0.99563909
0.99590838
0.99650073
0.99657106
0.99698883
0.99725121
0.99727660
0.99688762
0.99432713
0.99238050
0.99090147
0.99085134
0.98927081
0.98881513
0.99215925
0.98824871
0.98754299
0.98573560
0.98364568
0.98312980
0.98187822
0.98609042
0.98742247
0.98837727
0.98871350
0.98865438
0.99215174
0.98595804
0.98764938
0.99079531
0.98542875
0.99086642
0.99107027
0.98983347
0.98947233
0.99248886
0.99225813
0.99208331
0.99288249
0.99047476
0.99332410
0.99112576
0.99122041
0.98746932
0.99152535
0.98727220
0.98674911
0.99116254
0.98935473
0.98584890
0.98542631
0.98490947
0.98817784
0.98583734
0.97847086
0.97195101
0.94996899
0.93115628
0.88947195
0.82593352
0.81654143
0.78711802
0.77439690
0.74027210
0.73921746
0.74535835
0.73425704
0.70637012
0.68725348
0.68265903
0.69652992
0.68683600
0.65846634
0.67216343
0.63996345
0.64758837
0.63810807
0.62562585
0.60761285
0.57336849
0.55725694
0.52865613
0.50807697
0.50282627
0.50629133
0.51648325
0.52611762
0.50742793
0.49253479
0.49259609
0.49701157
0.48916760
0.50411648
0.49494186
0.50967038
0.51777911
0.50989234
0.52054435
0.51652700
0.51497060
0.51896632
0.54064661
0.53608596
0.54342252
0.52687341
0.53057843
0.53032941
0.51815552
0.52509296
0.53238392
0.52470917
0.52464420
0.53275591
0.53684229
0.54356706
0.54290634
0.54948628
0.54414481
0.55180740
0.54780757
0.54069459
0.55323201
0.54304767
0.54751647
0.54755908
0.54952103
0.55320793
0.55851924
0.55827749
0.53625226
0.53484261
0.52039057
0.52763146
0.53081739
0.53222352
0.53566569
0.51853472
0.52877539
0.53556210
0.53501427
0.55856365
0.55944407
0.56777811
0.56728667
0.58365899
0.59516460
0.59777731
0.60333717
0.61004049
0.61232471
0.59316069
0.59503263
0.58804905
0.63318479
0.66641170
0.71103209
0.76021862
0.78021234
0.78374958
0.82075477
0.83649737
0.85831118
0.87433112
0.89987135
0.92558914
0.94992959
0.97233737
0.98284519
0.99235594
0.99596393
0.99599707
0.99479806
0.99525744
0.99309570
0.99063194
0.98974985
0.98364878
0.98136616
0.97827429
0.98497260
0.97834605
0.97368401
0.97309744
0.97662580
0.98220325
0.97510368
0.97241926
0.97093379
0.96998066
0.97539812
0.96204710
0.96208966
0.92250448
0.90491343
0.88227880
0.83741760
0.76653886
0.74829257
0.73888409
0.70168591
0.67754209
0.65955287
0.63245153
0.62040842
0.58588570
0.57440531
0.53520864
0.53945053
0.50843608
0.47301441
0.41777617
0.37945601
0.33406219
0.30902144
0.27569070
0.24743700
0.24723659
0.23974650
0.23819596
0.23818162
0.23213540
0.22840212
0.23593588
0.22149095
0.20095339
0.20790538
0.20490417
0.20065586
0.20589565
0.20509699
0.19853163
0.20537099
0.22173822
0.20780843
0.21495546
0.23361894
0.22961481
0.25077292
0.25446686
0.23461646
0.24545120
0.24137112
0.23902513
0.23572850
0.23374128
0.22135672
0.23928021
0.24572699
0.23632108
0.22718287
0.25302574
0.24597354
0.23315282
0.24670403
0.24486372
0.24619205
0.22361390
0.23622037
0.23401828
0.22935766
0.22507103
0.23029286
0.23078027
0.23150299
0.22670011
0.24095438
0.22147499
0.23108692
0.22592877
0.22094606
0.21989244
0.21178286
0.21835797
0.22623834
0.20589167
0.20884144
0.19917803
0.19112122
0.18516150
0.17558245
0.16663273
0.17247252
0.18002650
0.17875479
0.17935733
0.18556570
0.25384796
0.29481548
0.33188984
0.38052741
0.42361769
0.45954219
0.47529948
0.50353086
0.52554011
0.54527849
0.56569147
0.58598942
0.58864093
0.61538428
0.63141304
0.65949064
0.69580913
0.71577913
0.75844091
0.76972544
0.77874273
0.77797067
0.77989590
0.89244813
0.93300015
0.95723593
0.97561443
0.98285806
0.98668951
0.99085826
0.99247605
0.99253792
0.99360317
0.99371296
0.99408251
0.99481130
0.99526215
0.99529254
0.99437153
0.99412501
0.99365270
0.99534696
0.99606079
0.99588203
0.99510902
0.99464321
0.99582750
0.99601054
0.99488187
0.99244916
0.99233377
0.99195838
0.98723596
0.98209536
0.95505512
0.89302367
0.80941659
0.77018702
0.73711014
0.71564400
0.68229198
0.65610892
0.60639364
0.57208002
0.53842735
0.51869571
0.45781749
0.41080722
0.35126862
0.30198821
0.27951071
0.27032855
0.25093737
0.23385791
0.25419289
0.01745221
0.00540100
0.00435222
0.00247279
0.00348674
0.00439945
0.00344023
0.00399878
0.00387007
0.00348939
0.00463307
0.00429053
0.00296240
0.00600818
0.00583398
0.01065502
0.00454078
0.00707234
0.00466687
0.00600599
0.00594360
0.02570560
0.00815489
0.00500054
0.00863423
0.00392491
0.00439269
0.00436961
0.00557221
0.00768503
0.00964247
0.00348343
0.00359169
0.00287454
0.00697810
0.00412595
0.00685728
0.00526903
0.00584822
0.00693708
0.00509713
0.00708112
0.00475282
0.00762065
0.00491585
0.00881328
0.00713067
0.00939737
0.00539054
0.00408711
0.00725411
0.00570893
0.00553086
0.00637537
0.00483391
0.00497749
0.00549768
0.00543333
0.00730155
0.00440620
0.00704613
0.00585912
0.00624561
0.00610227
0.00617150
0.00654141
0.00772647
0.00909909
0.00977783
0.00845747
0.00667585
0.00945303
0.09161246
0.12463350
0.14540991
0.15736805
0.15355296
0.17645930
0.18370801
0.17681502
0.19635105
0.23503734
0.26181212
0.29559121
0.33274123
0.36280280
0.41472682
0.46385068
0.52941877
0.64617455
0.75506812
0.77662152
0.83629489
0.85969615
0.89299619
0.87448412
0.93234956
0.93901122
0.97021973
0.97289264
0.95305610
0.98295194
0.98947501
0.99225789
0.99518269
0.99674833
0.99837565
0.99881917
0.99933821
0.99916673
0.99738055
0.99646485
0.99146140
0.99590838
0.99555212
0.99734455
0.99751854
0.99756575
0.99753052
0.99766648
0.99771309
0.99753511
0.99761534
0.99717867
0.99634546
0.99603856
0.99597734
0.99628747
0.99540871
0.99549484
0.99632430
0.99600679
0.99576855
0.99651068
0.99640024
0.99642259
0.99651825
0.99676055
0.92838621
0.71064270
0.13503724
0.03928377
0.03140449
0.04225378
0.01062325
0.01394095
0.02148474
0.01674075
0.00458063
0.00394102
0.00213184
0.00815783
0.00289765
0.00322121
0.00407530
0.00851237
0.01074377
0.00543775
0.00951725
0.00608805
0.00422664
0.41376793
0.87335289
0.95770478
0.98791426
0.99038637
0.99508250
0.99557161
0.99460608
0.99444592
0.99120075
0.99521023
0.99797755
0.99861801
0.99872154
0.99862921
0.99865085
0.99910516
0.99910730
0.99888724
0.99912399
0.99907839
0.99926585
0.99943370
0.99934596
0.99942708
0.99936181
0.99908137
0.99935585
0.99898130
0.99853325
0.99870920
0.99893826
0.99869353
0.99910372
0.99915910
0.99932635
0.99916482
0.99884546
0.99830616
0.99720901
0.99797100
0.99726933
0.99231887
0.98953784
0.98271388
0.98377085
0.99137676
0.99159461
0.98775244
0.99302727
0.99289870
0.99303305
0.99401397
0.99488974
0.99529028
0.99546659
0.99581283
0.99580812
0.99509382
0.99526179
0.99497330
0.99502146
0.99191260
0.99103570
0.99335527
0.99414486
0.99458778
0.99289483
0.99496031
0.99554765
0.99554813
0.99493790
0.99465334
0.99501544
0.99498367
0.99620700
0.99635893
0.99662721
0.99689877
0.99644524
0.99653375
0.99631268
0.99608397
0.99606031
0.99607015
0.99565965
0.99522495
0.99501592
0.99510926
0.99419785
0.99482048
0.99507350
0.99549747
0.99589109
0.99540800
0.99523997
0.99547249
0.99547654
0.99532545
0.99538863
0.99536431
0.99459076
0.99492514
0.99383694
0.99339253
0.99404550
0.99517089
0.99550432
0.99561203
0.99602532
0.99535310
0.99579632
0.99554390
0.99641907
0.99622393
0.99632663
0.99671680
0.99622703
0.99663395
0.99713600
0.99705398
0.99702781
0.99683690
0.99605906
0.99617428
0.99598783
0.99576974
0.99578899
0.99456245
0.99473464
0.99470067
0.99514872
0.99551153
0.99458438
0.99515897
0.99404776
0.99479276
0.99514848
0.99512345
0.99486828
0.99481815
0.99457318
0.99407947
0.99352258
0.99100912
0.98986673
0.99220192
0.99404448
0.99455124
0.99429321
0.99325776
0.99438864
0.99278623
0.99325514
0.99195331
0.99210125
0.99141943
0.99217391
0.99049020
0.99293292
0.99239606
0.99220335
0.99304974
0.99276358
0.99246055
0.98824221
0.98713130
0.99226838
0.98743850
0.98877102
0.98891371
0.98829567
0.97842389
0.97461987
0.96756905
0.96451449
0.96458733
0.96539956
0.95343876
0.93538767
0.92308736
0.89691734
0.92655516
0.86660659
0.86411470
0.87452352
0.85362047
0.80616540
0.85786659
0.75179195
0.76158494
0.69966310
0.61123806
0.53903669
0.44643816
0.58666307
0.64527547
0.55947036
0.66536027
0.73048478
0.80061102
0.79407227
0.90159184
0.90211457
0.94740587
0.93199557
0.93692762
0.94376671
0.96651232
0.98110139
0.98959190
0.98643744
0.98989809
0.97263801
0.97554523
0.98814535
0.98308313
0.98627359
0.97319746
0.93484277
0.88312924
0.90151852
0.81641769
0.80883968
0.79409617
0.74632114
0.75036716
0.74305832
0.74898076
0.75666928
0.73204374
0.71961147
0.71243262
0.64859623
0.67276835
0.62001038
0.62190813
0.59966534
0.54468560
0.55729002
0.56471086
0.53710419
0.54292041
0.51161212
0.55888522
0.50165248
0.51394606
0.51861829
0.47480237
0.46461970
0.44241604
0.45676300
0.45199814
0.48538765
0.45750377
0.44137615
0.46356222
0.44980848
0.50632733
0.49343494
0.48183331
0.51763940
0.52783203
0.49996078
0.50827080
0.49745739
0.49069399
0.49727750
0.49707755
0.49914232
0.49613014
0.49369380
0.50193632
0.50584191
0.50661117
0.49539050
0.50827593
0.51617986
0.51820695
0.49806523
0.49136433
0.50035930
0.50205463
0.49560615
0.48601961
0.48648810
0.49200654
0.48855156
0.49670562
0.48237804
0.47748113
0.46921065
0.47627756
0.46213031
0.46506664
0.46201378
0.46431202
0.45598984
0.46894351
0.47645491
0.48212674
0.50328571
0.51654780
0.51887667
0.51506275
0.52292287
0.49191090
0.49240485
0.52128208
0.52529210
0.49520200
0.55384862
0.53931421
0.54934645
0.57954299
0.56844229
0.59219301
0.59753042
0.58680993
0.61390489
0.61653548
0.62567574
0.67773414
0.65919095
0.67578012
0.69898671
0.68840200
0.68899941
0.71661079
0.79059440
0.76177001
0.81138438
0.81633115
0.87926221
0.84835356
0.86055309
0.83846915
0.82341379
0.86375982
0.85381418
0.80618203
0.89960933
0.85146010
0.80628973
0.81881404
0.77701801
0.74731690
0.75190479
0.68467379
0.70577872
0.64939684
0.62765461
0.57514548
0.55138087
0.54379809
0.51073200
0.45565200
0.43616048
0.43025076
0.42553189
0.41754869
0.39870995
0.35449541
0.27849266
0.24699013
0.22628401
0.21714920
0.20027244
0.20278196
0.20254406
0.18984577
0.18461022
0.18543102
0.17788889
0.16944467
0.17753915
0.17226644
0.18780759
0.18754517
0.18983229
0.19915661
0.20502226
0.20206688
0.20921020
0.20807441
0.21082498
0.21275426
0.20392646
0.19669586
0.19468826
0.21160765
0.19784796
0.20579597
0.19549860
0.20377757
0.18076371
0.19457856
0.18817669
0.18530501
0.19911693
0.19612591
0.20165163
0.20203868
0.19209303
0.20455700
0.22889347
0.22520792
0.23356390
0.23249568
0.23802869
0.23118217
0.24085908
0.21872072
0.22218175
0.23771924
0.22810389
0.23738530
0.21926214
0.21307263
0.20565562
0.17898676
0.21180443
0.20603804
0.20716690
0.20012954
0.18702206
0.21157883
0.21665017
0.20637746
0.21957996
0.22097349
0.22312148
0.21179648
0.20368506
0.17687312
0.17810398
0.17197481
0.16439050
0.23136984
0.26782101
0.30954611
0.35178310
0.37784052
0.39699313
0.41981360
0.43675691
0.45351329
0.46417254
0.49887314
0.46810937
0.48071867
0.52716976
0.54563755
0.58150965
0.64149505
0.72424597
0.73932111
0.77395284
0.82138276
0.83840239
0.86103761
0.92937392
0.96209675
0.97283494
0.96244115
0.97203910
0.95698696
0.96901143
0.96085346
0.98035562
0.98477226
0.97695178
0.98944467
0.99111736
0.99290693
0.99144346
0.99083847
0.99038094
0.99237883
0.97330451
0.99238622
0.99125367
0.99550569
0.99499941
0.99315888
0.99413860
0.99381965
0.99396753
0.99530196
0.99344349
0.99408466
0.99450016
0.99311721
0.99261546
0.99311709
0.99092507
0.99036121
0.99245960
0.99166310
0.98931611
0.98743260
0.99088496
0.98658204
0.98141563
0.97383624
0.94971764
0.90735084
0.88497674
0.83272552
0.80174774
0.77716899
0.74123347
0.71278048
0.67356396
0.62614179
0.59204489
0.54377890
0.50104111
0.50154465
0.49905574
0.37428513
0.29718339
0.23948888
0.22032264
0.27018550
0.26818880
0.25875583
0.26138708
0.25695416
0.02088805
0.00738507
0.00550636
0.00437147
0.00344649
0.00407377
0.00524205
0.00289576
0.00419775
0.00544506
0.00637528
0.00766136
0.00801389
0.00687150
0.00572078
0.00692504
0.00661447
0.00788985
0.00692183
0.00757523
0.00605761
0.00657190
0.00687152
0.00600497
0.00608863
0.00663717
0.00673738
0.00394702
0.00408143
0.00263690
0.00342832
0.00218656
0.00236552
0.00232069
0.00305639
0.00220033
0.00331675
0.00243169
0.00308279
0.00235324
0.00306243
0.00272829
0.00442742
0.00273333
0.00237850
0.00287215
0.00291325
0.00313794
0.00325381
0.00274816
0.00309690
0.00741009
0.00420798
0.00375521
0.00478088
0.00409407
0.00394945
0.00468489
0.00709143
0.00592361
0.00614578
0.00565584
0.00866121
0.01029373
0.01476866
0.01451853
0.01310506
0.01404851
0.01637006
0.01253605
0.02624609
0.00987960
0.05817614
0.06604900
0.09919167
0.10926957
0.12023354
0.13660766
0.16860372
0.17224196
0.18726048
0.23991196
0.26076031
0.29224721
0.31314728
0.35250199
0.40379381
0.46837473
0.59632242
0.65306562
0.75609761
0.83614892
0.84118181
0.88101196
0.89756835
0.89806944
0.91498649
0.93761593
0.94455200
0.96816707
0.96013749
0.96104157
0.97184676
0.97039640
0.97362310
0.97843814
0.98405337
0.98805213
0.99090928
0.99035209
0.99077576
0.99295914
0.99291033
0.99133074
0.99059075
0.99029493
0.99239665
0.99238056
0.99292386
0.99322838
0.99290621
0.99288142
0.99218303
0.99066800
0.99164069
0.98831046
0.98658878
0.98362881
0.98250639
0.98207951
0.72392595
0.63309526
0.45771617
0.24450053
0.11961763
0.05012846
0.02845647
0.02062526
0.01899340
0.01876239
0.00698964
0.00581534
0.00465225
0.00411480
0.00324464
0.00439334
0.00406550
0.00331205
0.00444022
0.00503108
0.00368955
0.00374053
0.00361147
0.15274078
0.51435769
0.93936485
0.95592862
0.97093338
0.97909194
0.99209881
0.99575412
0.99322200
0.99593759
0.99826020
0.99801242
0.99885714
0.99907160
0.99891317
0.99861252
0.99936694
0.99914789
0.99858284
0.99872524
0.99931300
0.99931598
0.99930072
0.99922013
0.99930239
0.99932766
0.99923229
0.99929166
0.99927408
0.99905366
0.99900240
0.99926752
0.99950075
0.99951053
0.99952936
0.99960738
0.99943632
0.99932802
0.99893004
0.99889117
0.99868923
0.99858510
0.99798065
0.99752778
0.99737823
0.99772447
0.99763465
0.99709570
0.99689293
0.99633253
0.99638879
0.99647659
0.99651009
0.99671954
0.99710000
0.99728286
0.99686831
0.99520773
0.99670440
0.99657214
0.99712533
0.99711347
0.99705637
0.99674040
0.99671602
0.99681866
0.99652123
0.99611026
0.99608189
0.99659520
0.99636203
0.99591970
0.99575210
0.99617392
0.99575222
0.99461043
0.99342889
0.99379998
0.99428636
0.99391311
0.99385250
0.99379796
0.99354446
0.99311960
0.99443924
0.99526346
0.99537647
0.99552721
0.99593723
0.99549097
