1.00000000
1.00000000
1.00000000
1.00000000
1.00000000
1.00000000
1.00000000
1.00000000
1.00000000
1.00000000
1.00000000
1.00000000
1.00000000
1.00000000
1.00000000
1.00000000
1.00000000
1.00000000
1.00000000
1.00000000
1.00000000
1.00000000
1.00000000
1.00000000
1.00000000
1.00000000
1.00000000
1.00000000
1.00000000
1.00000000
1.00000000
1.00000000
1.00000000
1.00000000
1.00000000
1.00000000
1.00000000
1.00000000
1.00000000
1.00000000
1.00000000
1.00000000
1.00000000
1.00000000
1.00000000
1.00000000
1.00000000
1.00000000
1.00000000
1.00000000
1.00000000
1.00000000
1.00000000
1.00000000
1.00000000
1.00000000
1.00000000
1.00000000
1.00000000
1.00000000
1.00000000
1.00000000
1.00000000
0.99404514
0.99469560
0.99560308
0.99519867
0.99589407
0.99533182
0.99583083
0.99585450
0.99629730
0.99574214
0.99522191
0.99525946
0.99542636
0.99494874
0.99534553
0.99524480
0.99517339
0.99603540
0.99596524
0.99611193
0.99456161
0.99441457
0.99407202
0.99511409
0.99433303
0.99345255
0.99394023
0.99382633
0.99299109
0.99259126
0.99269271
0.99264014
0.99153382
0.99113220
0.99072915
0.99059147
0.98956621
0.98958361
0.99131912
0.99262589
0.99251819
0.99056375
0.99257916
0.99298477
0.99085730
0.99327552
0.99339348
0.99538499
0.99319398
0.99436885
0.99641126
0.99633777
0.99579275
0.99618065
0.99558216
0.99573034
0.99596101
0.99642342
0.99751437
0.99601978
0.99566573
0.99530351
0.99524212
0.99562281
0.99591005
0.99591798
0.99564856
0.99525309
0.99628395
0.99664414
0.99653828
0.99598289
0.99677604
0.99655640
0.99700493
0.99626237
0.99588531
0.99642950
0.99508816
0.99502158
0.99593842
0.99603301
0.99657995
0.99688584
0.99717784
0.99696857
0.99701738
0.99688619
0.99726784
0.99790215
0.99782407
0.99789280
0.99793661
0.99795121
0.99808466
0.99810445
0.99817991
0.99805510
0.99810433
0.99840516
0.99818158
0.99843484
0.99867475
0.99862146
0.99864537
0.99868757
0.99880207
0.99900526
0.99867141
0.99817252
0.99803418
0.99777079
0.99742043
0.99737227
0.99760950
0.99739170
0.99770218
0.99786288
0.99755412
0.99790430
0.99763346
0.99763501
0.99808609
0.99813217
0.99820876
0.99802172
0.99769384
0.99752134
0.99761164
0.99783415
0.99771559
0.99737012
0.99736929
0.99768519
0.99745363
0.99760485
0.99790084
0.99767011
0.99783969
0.99694026
0.99627668
0.99573684
0.99540234
0.99652606
0.99641430
0.99653256
0.99637526
0.99623662
0.99664330
0.99659771
0.99665302
0.99698263
0.99705160
0.99716079
0.99723262
0.99677271
0.99676728
0.99621695
0.99728167
0.99695480
0.99728334
0.99584371
0.99691689
0.99718934
0.99746883
0.99734157
0.99782026
0.99814141
0.99651366
0.99604577
0.99707198
0.99721140
0.99733233
0.99745744
0.99648654
0.99599165
0.99600995
0.99560672
0.99594033
0.99583650
0.99527752
0.99501133
0.99454606
0.99509430
0.99537128
0.99446625
0.99578959
0.99602097
0.99668932
0.99635470
0.99652100
0.99644876
0.99535638
0.99543399
0.99541533
0.99593216
0.99601740
0.99524623
0.99444842
0.99469537
0.99426526
0.99299532
0.99312580
0.99364519
0.99230301
0.99159461
0.98898178
0.98917609
0.99091536
0.99180204
0.99176085
0.99120635
0.99177516
0.99201560
0.99299556
0.99224031
0.99062765
0.99049991
0.99166274
0.99204081
0.99042225
0.99181056
0.99146432
0.99101549
0.99204540
0.99169534
0.98951924
0.99176663
0.99092472
0.98721063
0.98565328
0.98531783
0.98296434
0.97142595
0.95375305
0.94038624
0.93371880
0.92033309
0.91058534
0.88408661
0.89498562
0.87011451
0.87591088
0.85492110
0.84187651
0.85621554
0.85735166
0.89130121
0.92428225
0.92816800
0.89912790
0.89333826
0.85139328
0.81448638
0.81538236
0.84003443
0.84720558
0.81411344
0.84452468
0.83108485
0.80935943
0.79304028
0.83339530
0.81673342
0.82135123
0.80894160
0.80534732
0.80373645
0.83308643
0.84764749
0.81584245
0.81019890
0.82721019
0.82626456
0.81672144
0.81192917
0.81167436
0.83831388
0.76837033
0.76184177
0.78745562
0.79600549
0.79417586
0.78682077
0.78777790
0.75809050
0.74876654
0.73619366
0.73651135
0.72943008
0.78043336
0.77802241
0.76969522
0.75330722
0.74184978
0.71018851
0.72143644
0.72642124
0.70877081
0.69644290
0.69533479
0.67648613
0.66920930
0.67443234
0.68958080
0.70273042
0.72410381
0.69477320
0.66305929
0.69644868
0.65091491
0.69191742
0.67672557
0.71619850
0.73672080
0.71348703
0.67074752
0.63447767
0.61898869
0.59808660
0.65335542
0.62079418
0.63770700
0.62248474
0.56865990
0.60256106
0.58819658
0.58141893
0.58180177
0.59228474
0.60238129
0.58176178
0.56946558
0.58606428
0.60256666
0.59008372
0.59038675
0.56686240
0.57970601
0.55432773
0.55458957
0.55540860
0.54495782
0.52795827
0.55428785
0.56395543
0.54350471
0.54899704
0.56403553
0.55184698
0.56074589
0.55260080
0.55785304
0.53845316
0.54042143
0.55916357
0.54200083
0.53640741
0.54423887
0.54339808
0.55078578
0.57239008
0.56140113
0.55597818
0.59606564
0.58703250
0.58688450
0.58069623
0.55386859
0.55086881
0.55397809
0.53878516
0.53777510
0.55790222
0.54338032
0.53671557
0.53267765
0.56495476
0.54296398
0.59479725
0.56435716
0.54446405
0.55054450
0.54587090
0.55209076
0.53795582
0.53928947
0.53899229
0.53860027
0.54101700
0.54306763
0.52542698
0.53764772
0.53524733
0.55378544
0.55353141
0.53471458
0.53783953
0.53666300
0.52785695
0.52757233
0.53568441
0.53607273
0.54959583
0.53751647
0.53078872
0.52609646
0.53755444
0.54151839
0.54302591
0.52717417
0.52795595
0.51680279
0.51713192
0.49073297
0.48365316
0.50922894
0.51509839
0.51370382
0.50907451
0.51332349
0.53378958
0.53531981
0.52451241
0.53957635
0.54737324
0.54135329
0.55533135
0.55640149
0.58559936
0.52472174
0.52431780
0.55485946
0.57937258
0.55330050
0.53668731
0.55808985
0.53182626
0.53782767
0.56601727
0.54504830
0.54818505
0.53079909
0.52875298
0.54210532
0.54044837
0.55917025
0.56193620
0.56660879
0.55765116
0.57690394
0.58969992
0.57317704
0.56135422
0.56615067
0.55580044
0.54750961
0.54969430
0.55462801
0.53378326
0.54196954
0.55186313
0.54625511
0.55226046
0.53971899
0.54635602
0.54490459
0.53940713
0.54430211
0.54821634
0.55748218
0.56370229
0.55979401
0.56333733
0.55622941
0.57251602
0.54089707
0.54026276
0.54052210
0.53174406
0.53604108
0.54495668
0.54897082
0.53938031
0.53220683
0.53876036
0.54435945
0.53868490
0.54749602
0.54179633
0.54222888
0.53978986
0.53286695
0.53206837
0.53782642
0.53996044
0.53735226
0.54736692
0.53199470
0.53365445
0.54783535
0.54575080
0.54128993
0.53598177
0.53422135
0.53197491
0.53689271
0.54233366
0.54758334
0.54163045
0.54788762
0.53871495
0.54553354
0.54333764
0.53232384
0.55373323
0.56171644
0.54857397
0.54681259
0.54894042
0.56092864
0.55608380
0.53694010
0.53402609
0.51735651
0.52635241
0.52726972
0.52550191
0.51775169
0.50707060
0.51421297
0.50799072
0.50690413
0.49473360
0.50632930
0.51422477
0.50290990
0.51348335
0.51225454
0.51652294
0.52613062
0.52896756
0.52576798
0.52087528
0.53095412
0.52847904
0.52044749
0.52357370
0.52985525
0.53033286
0.53279543
0.52559716
0.52186513
0.51603186
0.51648951
0.51013350
0.50990516
0.50988775
0.51167291
0.51100969
0.52317184
0.53415120
0.53782880
0.54274386
0.53954601
0.54336721
0.54527462
0.54897487
0.54962087
0.55149621
0.52591836
0.53069752
0.53217673
0.53070998
0.56742311
0.54610342
0.51549453
0.51277608
0.49064025
0.49848291
0.50222635
0.49892551
0.49664357
0.50919813
0.49873328
0.50333995
0.51144660
0.51636964
0.50705409
0.50143689
0.51414573
0.50803250
0.50750160
0.50337708
0.51131302
0.50544089
0.49564257
0.50580120
0.52135634
0.51907820
0.52221763
0.52118015
0.52907294
0.52714080
0.52669144
0.52460814
0.53540438
0.53737408
0.54153603
0.54982650
0.57094294
0.56139612
0.55130714
0.55847341
0.56203222
0.57036436
0.55223697
0.53828502
0.54388487
0.53420156
0.53393537
0.53894132
0.53853363
0.53954697
0.53109902
0.53537709
0.55359882
0.54067206
0.53392541
0.55589837
0.56569654
0.54120022
0.54861289
0.55121464
0.53666019
0.54915273
0.55324137
0.54783893
0.54162663
0.54261959
0.54298502
0.55484688
0.53830564
0.54302424
0.53578532
0.53045779
0.52748030
0.53974980
0.54633909
0.54273969
0.54376799
0.54351032
0.55130458
0.55824256
0.55758053
0.59783822
0.60189736
0.59376162
0.59376705
0.57379133
0.56071693
0.56607145
0.56972355
0.57354355
0.58857870
0.56695199
0.58620816
0.59635752
0.60503256
0.62344933
0.62235624
0.60772532
0.63147151
0.64627635
0.64001316
0.61778224
0.63014793
0.63564390
0.65687412
0.64053100
0.66227657
0.66979522
0.65787101
0.65128851
0.64584082
0.64214867
0.64671075
0.64037961
0.62636572
0.63989443
0.64655167
0.64217031
0.64786422
0.63515800
0.65092337
0.66123527
0.67018008
0.68785971
0.68340099
0.68779474
0.70964122
0.72186172
0.74852145
0.77296448
0.71180964
0.70626980
0.71344513
0.68346190
0.71258116
0.76674932
0.71905345
0.72466856
0.70424712
0.74600953
0.68022430
0.68124300
0.73252189
0.74722987
0.79842430
0.85957807
0.86426234
0.83360642
0.88670409
0.90704572
0.88119203
0.87882394
0.86869240
0.86716616
0.85518467
0.82843596
0.85242504
0.86135012
0.86053842
0.85642123
0.87528187
0.86669540
0.87441266
0.88232529
0.85986525
0.90313900
0.88839346
0.87617600
0.85533690
0.89801186
0.89986461
0.90238249
0.90655428
0.91515440
0.91196501
0.92164844
0.89645660
0.91354561
0.91385382
0.92547888
0.93186164
0.91773069
0.92372143
0.92597711
0.93187547
0.94468474
0.95795250
0.95977968
0.96061635
0.96167189
0.96547526
0.97007990
0.96931255
0.97251701
0.97172374
0.96602726
0.96996146
0.97275871
0.97177231
0.97619015
0.97350162
0.97358114
0.97786820
0.97847044
0.97858709
0.98149258
0.98307365
0.98033589
0.97825670
0.97676748
0.97872066
0.98085117
0.97983229
0.98070598
0.98184443
0.98388207
0.98366666
0.98342448
0.98299509
0.98376954
0.98247874
0.98447061
0.98597741
0.98634040
0.98396146
0.98316473
0.98045659
0.98259521
0.98430091
0.98792166
0.98484379
0.98416638
0.98412424
0.98521727
0.98732370
0.98800766
0.98802620
0.98757941
0.98910403
0.98783910
0.99029517
0.99010485
0.99045300
0.98883295
0.98905855
0.98820800
0.98687541
0.98756379
0.99210757
0.99242389
0.99280822
0.99117321
0.99031711
0.98916632
0.98892027
0.98886210
0.99009234
0.99000061
0.99169439
0.99332422
0.99248636
0.99277765
0.99168855
0.99277604
0.99264419
0.99303597
0.99203074
0.99125296
0.99056810
0.99189806
0.99365222
0.99169886
0.99184823
0.99383163
0.99406731
0.99275368
0.99195707
0.99171281
0.99062389
0.99011326
0.98995399
0.99304765
0.99459654
0.99545324
0.99521071
0.99601990
0.99500483
0.99512625
0.99576098
0.99613661
0.99569112
0.99497718
0.99517030
0.99598581
0.99622065
0.99644703
0.99652952
0.99579298
0.99545258
0.99523675
0.99523973
0.99519944
0.99647444
0.99672556
0.99706835
0.99715221
0.99764913
0.99766254
0.99745756
0.99732745
0.99723309
0.99699956
0.99694794
0.99696785
0.99685919
0.99682581
0.99693573
0.99697089
0.99715579
0.99726427
0.99743098
0.99767596
0.99767393
0.99789077
0.99801397
0.99809867
0.99828327
0.99835593
0.99826401
0.99837697
0.99847156
0.99872595
0.99866736
0.99883038
0.99891829
0.99880624
0.99881315
0.99876910
0.99902260
0.99904782
0.99897146
0.99889743
0.99892968
0.99889708
0.99879336
0.99863142
0.99862456
0.99841821
0.99815959
0.99797207
0.99771369
0.99800926
0.99802822
0.99817693
0.99822110
0.99826884
0.99816728
0.99798465
0.99791473
0.99802727
0.99808443
0.99825495
0.99809545
0.99811125
0.99834585
0.99824631
0.99820423
0.99810284
0.99823380
0.99835581
0.99844021
0.99855512
0.99848938
0.99844956
0.99856645
0.99850309
0.99861538
0.99835384
0.99806947
0.99804139
0.99790573
0.99769443
0.99753392
0.99750024
0.99709964
0.99691463
0.99674797
0.99709523
0.99733090
0.99744594
0.99741817
0.99739385
0.99745017
0.99701822
0.99696761
0.99694401
0.99773079
0.99768138
0.99772102
0.99767894
0.99770004
0.99760568
0.99773967
0.99767965
0.99747938
0.99771011
0.99782503
0.99712878
0.99654537
0.99489093
0.99489486
0.99500042
0.99498063
0.99439007
0.99356341
0.99233079
0.99274629
0.99280858
0.99349082
0.99359137
0.99420244
0.99428684
0.99492103
0.99447775
0.99528706
0.99647212
0.99650973
0.99671209
0.99671042
0.99671292
0.99657416
0.99700266
0.99643660
0.99657828
0.99582797
0.99520326
0.99452633
0.99422270
0.99397957
0.99497777
0.99486357
0.99388677
0.99466300
0.99352998
0.99369264
0.99220020
0.99084395
0.99053836
0.99005872
0.98714322
0.98599976
0.98362124
0.98233700
0.98465663
0.98025125
0.98168373
0.98492569
0.98683107
0.98590314
0.98581737
0.98319155
0.98035860
0.98116541
0.98160809
0.97855216
0.97416002
0.96330661
0.96487582
0.96424484
0.96589547
0.96113551
0.97100836
0.97237712
0.97439373
0.97658813
0.97525150
0.97833294
0.97398424
0.97541523
0.96952975
0.96036810
0.94506174
0.92190820
0.89287889
0.88734424
0.89414889
0.88998055
0.88378137
0.86274362
0.88315469
0.88373792
0.86681348
0.84509790
0.84129161
0.83926177
0.80319530
0.80272692
0.81395060
0.80434793
0.81192243
0.78600693
0.74892217
0.76254684
0.76863199
0.76169401
0.76454574
0.76631624
0.79017538
0.77264559
0.78201282
0.76428324
0.75665110
0.75560290
0.76203269
0.74316251
0.73906165
0.71297276
0.67083687
0.68421012
0.63493925
0.63078254
0.61358762
0.55917633
0.57306445
0.56357777
0.58486724
0.58755761
0.60846174
0.58970594
0.59579724
0.57859665
0.54220676
0.54501951
0.56339055
0.53356129
0.54223263
0.55304438
0.53528380
0.51580989
0.52260274
0.53305334
0.51946616
0.52580816
0.51751864
0.53449929
0.51007378
0.50621021
0.49362743
0.51064634
0.46844313
0.44726944
0.41629240
0.43811604
0.42747217
0.42515206
0.40813348
0.39462242
0.38887221
0.38248351
0.38539907
0.38781470
0.39839727
0.41522846
0.38759142
0.37161195
0.39954495
0.35475031
0.38065124
0.37487110
0.38012663
0.35582480
0.36628085
0.34840485
0.37202320
0.36952013
0.36728412
0.35799074
0.35422981
0.37342843
0.31820363
0.30756536
0.30144975
0.34531736
0.33309588
0.32709780
0.30485794
0.33865064
0.31624100
0.33858442
0.30047065
0.33055079
0.29901290
0.30632475
0.31570911
0.31286451
0.31652677
0.32099536
0.32371101
0.30963463
0.30565631
0.27402794
0.27754650
0.26073584
0.25367773
0.25729418
0.25517672
0.24463370
0.24182431
0.26104331
0.24022830
0.25733173
0.23354430
0.25040141
0.24217115
0.24794984
0.24236837
0.25467324
0.24436134
0.23316899
0.25199056
0.23456416
0.22671326
0.24122456
0.21730456
0.22760409
0.22473305
0.22409923
0.21013243
0.19724311
0.18277484
0.14277698
0.16288491
0.19433834
0.19306521
0.17365788
0.14609565
0.18040191
0.16533037
0.20173326
0.19888912
0.20733386
0.19393897
0.20967917
0.20369405
0.21663603
0.23755698
0.24649426
0.23774827
0.22033671
0.23942204
0.23266567
0.22878155
0.20622270
0.20798448
0.21017259
0.21829711
0.22892106
0.23426029
0.19129485
0.22659589
0.19290446
0.22300695
0.21449953
0.20214351
0.19837786
0.21104512
0.21565184
0.23445389
0.23247999
0.21470059
0.20271040
0.23190631
0.17839789
0.16877097
0.17958316
0.16782598
0.15911387
0.17386316
0.20221746
0.21957500
0.20377052
0.21004812
0.22674644
0.22525519
0.23904464
0.22443356
0.22395715
0.19445176
0.21543013
0.21939848
0.22552985
0.20679463
0.19000921
0.19465582
0.17665555
0.16657043
0.19023718
0.18460794
0.17743704
0.19148077
0.18336302
0.18111163
0.18191792
0.20883407
0.20176207
0.19154710
0.20339105
0.21921073
0.23867032
0.21896917
0.21016978
0.17924400
0.19892192
0.19880772
0.20210633
0.20349178
0.18686974
0.20980763
0.18954480
0.19250397
0.18849829
0.18733373
0.20249462
0.20316859
0.19802909
0.19658232
0.17686611
0.18787524
0.19390857
0.18096717
0.18514802
0.17962666
0.16500509
0.17072982
0.22550477
0.21024236
0.20891793
0.21954925
0.23370051
0.19454426
0.21151286
0.22335239
0.21560435
0.21962094
0.18646240
0.19244206
0.20435993
0.23346931
0.24505939
0.25098893
0.24959370
0.22459623
0.21272489
0.21055269
0.22754478
0.24972300
0.20519745
0.20196274
0.21677077
0.20324947
0.21925604
0.19170406
0.20113976
0.18383001
0.17624578
0.16208063
0.18790720
0.17048757
0.17540622
0.18367720
0.18185835
0.20467325
0.18664466
0.19871724
0.21379198
0.20219652
0.19110243
0.20147473
0.21419212
0.19230957
0.19340374
0.18310435
0.19005492
0.18276934
0.19318229
0.19079791
0.17256524
0.18153135
0.20334059
0.19279827
0.22364917
0.20835102
0.22443090
0.22850952
0.22136316
0.22180021
0.22820571
0.23364581
0.23379138
0.20908660
0.20150772
0.21013604
0.20762002
0.21196204
0.17815337
0.22549896
0.22651631
0.21043953
0.20003888
0.21376193
0.20474850
0.21040267
0.20956531
0.21693455
0.21483308
0.18987374
0.20823777
0.17584799
0.18752009
0.17938012
0.18489294
0.20727585
0.19134034
0.19303015
0.21517421
0.20215489
0.22323447
0.19978909
0.20498204
0.22174509
0.19436561
0.22691751
0.21089207
0.20927110
0.23395708
0.21633750
0.21834339
0.23411943
0.21681370
0.24821615
0.23061770
0.24288937
0.24540232
0.24437028
0.22397262
0.22339492
0.19913727
0.20465027
0.21428877
0.20519422
0.20411843
0.18249182
0.17132013
0.15141538
0.18648659
0.17112157
0.18744949
0.19988741
0.23432769
0.22660351
0.23519807
0.21811499
0.21163921
0.21660535
0.20789883
0.23202132
0.22330834
0.20700662
0.21128348
0.20966730
0.21149939
0.19540560
0.21347590
0.21379353
0.22330852
0.22415854
0.22884014
0.21211556
0.24783556
0.22734424
0.21171902
0.21815315
0.20794338
0.20786379
0.22279796
0.22081095
0.22298633
0.25521335
0.22408567
0.24708340
0.23482430
0.23809768
0.24781527
0.24751189
0.21855389
0.24803437
0.23270217
0.21286093
0.23187719
0.23035005
0.22715174
0.23579848
0.22862580
0.24171855
0.23902023
0.24579881
0.22921403
0.25501606
0.24626015
0.26270032
0.28804472
0.29712397
0.29506618
0.29780826
0.29906383
0.30929425
0.33547580
0.34845096
0.34871113
0.34228083
0.35569444
0.36283410
0.37495422
0.37431717
0.37473688
0.38127491
0.38677412
0.37624130
0.38641438
0.40330780
0.40211186
0.40177011
0.39360318
0.37347442
0.41765296
0.46579096
0.45824072
0.43601346
0.47385019
0.50168949
0.49618700
0.51207989
0.51902205
0.50888658
0.53964233
0.52660769
0.53936547
0.55690038
0.52142453
0.55292439
0.52947146
0.52180910
0.51170146
0.52016425
0.53668880
0.54180229
0.59471226
0.56303293
0.60190511
0.61828697
0.58873791
0.63492996
0.63478619
0.64826757
0.62783051
0.62627655
0.65028918
0.67481768
0.68257099
0.68565857
0.64631683
0.68939227
0.69352418
0.70902300
0.72770995
0.77890968
0.75604743
0.81059438
0.77775067
0.79397517
0.80981076
0.78347707
0.80134171
0.79131198
0.80015773
0.79168117
0.78215826
0.77773988
0.83369142
0.87045264
0.90644538
0.87619239
0.85946608
0.89928716
0.90126383
0.92863286
0.93579179
0.94093364
0.92486525
0.93582773
0.91866779
0.93194664
0.93624872
0.93477696
0.92138380
0.94804859
0.94245553
0.93165112
0.93924582
0.94945866
0.95591474
0.96240401
0.96330631
0.96884018
0.96906996
0.97338957
0.97691363
0.98181987
0.97729892
0.98074913
0.97250283
0.97317803
0.97599673
0.97923285
0.96726590
0.96905160
0.97545785
0.97904450
0.98075050
0.98558480
0.98557961
0.98620808
0.98782301
0.98924494
0.99041420
0.98890555
0.99044806
0.99042660
0.99016130
0.98946011
0.98942566
0.99077541
0.99076533
0.99009061
0.99153817
0.99246287
0.99307185
0.99340558
0.99388194
0.99379045
0.99352717
0.99363905
0.99369097
0.99327612
0.99262637
0.99134946
0.99197644
0.99332350
0.99308467
0.99347657
0.99375182
0.99400842
0.99414945
0.99452472
0.99392599
0.99456775
0.99390101
0.99320167
0.99336314
0.99337244
0.99299276
0.99237281
0.99272883
0.99325937
0.99379718
0.99380267
0.99286556
0.99335623
0.99302179
0.99317801
0.99332458
0.99322236
0.99356550
0.99412978
0.99367213
0.99403483
0.99415529
0.99493599
0.99529266
0.99562019
0.99496174
0.99600536
0.99633092
0.99640816
0.99670994
0.99742091
0.99754238
0.99773192
0.99774051
0.99786121
0.99783140
0.99820316
0.99839091
0.99868065
0.99835795
0.99804676
0.99771887
0.99765188
0.99785304
0.99799252
0.99786073
0.99757320
0.99766171
0.99795759
0.99798703
0.99842525
0.99848628
0.99862850
0.99878699
0.99874145
0.99872261
0.99898070
0.99916971
0.99909830
0.99918324
0.99901354
0.99897218
0.99894625
0.99880207
0.99867553
0.99888939
0.99901891
0.99905306
0.99912268
0.99878770
0.99876535
0.99889851
0.99901092
0.99912971
0.99902678
0.99911982
0.99924147
0.99925965
0.99926871
0.99927801
0.99911839
0.99905533
0.99900097
0.99908972
0.99918658
0.99933749
0.99929512
0.99932134
0.99928206
0.99918526
0.99916685
0.99920839
0.99918813
0.99915290
0.99915266
0.99913222
0.99902081
0.99886215
0.99888033
0.99848014
0.99856132
0.99851733
0.99820387
0.99787211
0.99730825
0.99721920
0.99728262
0.99646735
0.99623626
0.99469781
0.99502015
0.99600828
0.99600947
0.99700564
0.99714369
0.99720830
0.99735790
0.99758029
0.99737394
0.99703574
0.99627316
0.99608374
0.99622595
0.99605030
0.99642259
0.99588555
0.99641377
0.99602783
0.99638343
0.99645811
0.99677640
0.99720061
0.99707139
0.99724162
0.99683666
0.99670345
0.99700123
0.99684119
0.99664932
0.99686265
0.99710482
0.99641043
0.99734193
0.99758303
0.99804938
0.99815804
0.99844319
0.99850994
0.99854529
0.99852043
0.99803859
0.99855918
0.99861181
0.99870455
0.99838924
0.99811089
0.99805921
0.99829870
0.99836808
0.99849105
0.99868757
0.99888664
0.99828112
0.99817753
0.99813604
0.99828327
0.99795222
0.99776316
0.99780852
0.99783272
0.99806386
0.99781501
0.99800533
0.99804461
0.99799347
0.99853957
0.99870574
0.99875617
0.99894911
0.99883074
0.99861610
0.99860400
0.99860054
0.99876237
0.99875951
0.99895489
0.99904293
0.99859017
0.99880040
0.99887079
0.99883753
0.99888009
0.99891055
0.99847013
0.99867094
0.99891126
0.99877864
0.99855322
0.99829680
0.99840325
0.99816352
0.99765491
0.99734747
0.99722326
0.99633324
0.99620783
0.99692923
0.99724871
0.99618006
0.99492908
0.99610573
0.99659604
0.99655759
0.99620855
0.99689168
0.99713576
0.99741530
0.99726272
0.99687481
0.99699605
0.99667597
0.99675107
0.99668521
0.99649847
0.99678922
0.99664223
0.99595827
0.99665403
0.99644560
0.99637824
0.99585551
0.99493128
0.99313390
0.99028158
0.99173510
0.99166530
0.99101651
0.98962128
0.98969495
0.98896676
0.98930293
0.98837286
0.98752660
0.98540086
0.98368257
0.97997791
0.97620517
0.97078079
0.96425062
0.96266025
0.96288902
0.95272863
0.95183504
0.94769025
0.93679619
0.93713033
0.92919075
0.92353308
0.92906767
0.91882807
0.91515398
0.93023437
0.91637182
0.90300220
0.90082794
0.88081646
0.87926590
0.88656610
0.89342862
0.88408583
0.89011931
0.87024224
0.83467650
0.83770394
0.81424564
0.81353980
0.79666775
0.78670806
0.79647732
0.77972621
0.77711356
0.76678938
0.74676716
0.77251118
0.80070293
0.75406355
0.73449147
0.75965577
0.74112946
0.73795247
0.71119660
0.72115242
0.69923466
0.67813331
0.68218213
0.68725622
0.67396504
0.61454338
0.60371464
0.59428412
0.56855077
0.53946269
0.53001887
0.54007185
0.55093718
0.52416736
0.57884830
0.54255664
0.51042986
0.46571136
0.47574046
0.46088588
0.47755420
0.47290316
0.47172573
0.48527089
0.45299694
0.45438564
0.50215650
0.43637112
0.46817270
0.43804651
0.43391991
0.44240168
0.43596771
0.41584733
0.38375920
0.44025609
0.39604762
0.42831492
0.38504440
0.36414340
0.32434756
0.32388610
0.26300156
0.23662949
0.23240308
0.21115544
0.20156047
0.20302099
0.17870942
0.18682642
0.18746106
0.18464136
0.15236506
0.17393848
0.20447171
0.21146305
0.18667959
0.19600444
0.21979417
0.18931118
0.20375659
0.19028519
0.17545076
0.13913277
0.13031061
0.12752737
0.09220151
0.09407133
0.11078650
0.09236632
0.12586112
0.10070463
0.08200423
0.06300408
0.07963175
0.09803713
0.08375201
0.07036487
0.06654020
0.05823109
0.04961266
0.03703469
0.03691104
0.02965243
0.02603854
0.02752836
0.02237468
0.01762076
0.01409353
0.01082341
0.01060566
0.01012714
0.01230311
0.00911507
0.01362043
0.00915923
0.00910709
0.00820380
0.00752986
0.01027786
0.00820595
0.00869857
0.00805173
0.00866178
0.00845047
0.01137724
0.01055476
0.00980418
0.00758269
0.00983352
0.01119684
0.01238427
0.01310750
0.01597434
0.01577664
0.01326261
0.01372078
0.01512654
0.01347469
0.01619810
0.01445617
0.01295428
0.01521150
0.01896720
0.01246469
0.01008775
0.02675200
0.01385265
0.01509181
0.00988188
0.01383031
0.01860705
0.01467383
0.01682004
0.01837273
0.01721307
0.01573692
0.01752727
0.01750856
0.02171435
0.01622612
0.01940425
0.01373420
0.00890577
0.00841805
0.00908959
0.00718485
0.01126788
0.01244222
0.01111898
0.00802520
0.00668199
0.00912687
0.00974929
0.01100213
0.01169666
0.00705706
0.00795616
0.00866299
0.01064388
0.01168337
0.00723921
0.00842061
0.00796917
0.00748250
0.00897208
0.00845191
0.00725526
0.00668337
0.00758325
0.00957773
0.00756174
0.00898265
0.00976801
0.00862184
0.00665281
0.00816701
0.00915295
0.00922888
0.00862008
0.01081581
0.00671833
0.00917790
0.00945831
0.00964670
0.01018410
0.01193718
0.01649422
0.01363553
0.01463351
0.01183671
0.01105331
0.00998875
0.01040773
0.01028902
0.00997468
0.01046990
0.01438142
0.00889203
0.01125158
0.01386717
0.01008010
0.01027619
0.00746156
0.00735150
0.00807467
0.00975096
0.00772901
0.00894287
0.01114592
0.01003136
0.00749218
0.01031078
0.00947960
0.00777017
0.01015385
0.00858525
0.00684675
0.00878568
0.00702825
0.00805333
0.01052594
0.00851500
0.00798185
0.00949148
0.00838539
0.01000978
0.00881548
0.01085357
0.00998844
0.01214472
0.01062907
0.01034460
0.01223614
0.00869218
0.01153612
0.01091205
0.01188682
0.01112277
0.00921203
0.01033224
0.00991822
0.00816082
0.01510562
0.01450301
0.01547583
0.02053073
0.02039177
0.01647718
0.01290080
0.01160912
0.01437415
0.01694328
0.01577484
0.01395334
0.01421693
0.01260423
0.01203415
0.00866169
0.01272650
0.01178205
0.00753192
0.01108359
0.00815415
0.01206501
0.01029380
0.00802497
0.01024525
0.01100293
0.00877507
0.00880200
0.00974281
0.00926513
0.00826243
0.00741055
0.00832988
0.00655450
0.00605268
0.00788705
0.00658169
0.00673368
0.00814465
0.00796163
0.00998052
0.00822847
0.01103716
0.01470837
0.01076753
0.01334929
0.01059818
0.01178243
0.01372644
0.01225674
0.00946946
0.00991198
0.00882989
0.00843415
0.00925686
0.00718582
0.01087290
0.01026533
0.00844510
0.00955868
0.00775029
0.00858946
0.00822265
0.01127903
0.02076980
0.01505212
0.00973942
0.01441938
0.01021734
0.01510042
0.01391592
0.01041819
0.01234606
0.01466565
0.02427709
0.02318715
0.01858828
0.02078030
0.02787006
0.02096773
0.02100269
0.02059093
0.02390970
0.01948280
0.03185198
0.02759053
0.02493333
0.01887435
0.01877921
0.02731939
0.02651475
0.01642352
0.01623496
0.02147556
0.02002352
0.01858810
0.01545193
0.01103580
0.01494248
0.01425922
0.01669810
0.01697445
0.01579004
0.02390378
0.01995612
0.02482568
0.02580639
0.02136183
0.01990419
0.02242619
0.02733255
0.02011258
0.02900007
0.02547075
0.02491326
0.02088026
0.02570666
0.01963695
0.02529434
0.02480473
0.02108997
0.01760294
0.01374105
0.01612226
0.01737664
0.01701616
0.01491832
0.01866801
0.02029755
0.02339520
0.03128295
0.02514565
0.02618185
0.02942596
0.02693540
0.02656905
0.01896743
0.02744114
0.02307264
0.02471653
0.02292466
0.02478813
0.02780173
0.02486259
0.02846789
0.03043871
0.02922083
0.02871067
0.02964895
0.03150080
0.03183042
0.02962858
0.03106172
0.03748794
0.04034548
0.03412474
0.04021342
0.04085285
0.05677250
0.05892285
0.05298571
0.04212110
0.05298793
0.06609212
0.06266250
0.06397737
0.08467148
0.08642694
0.10488515
0.09733906
0.11839145
0.10958347
0.13040175
0.12202866
0.13646249
0.14269532
0.15825948
0.15232185
0.16990009
0.15047307
0.14109601
0.13912439
0.14308120
0.17506300
0.18005902
0.16301927
0.19765857
0.21878749
0.19643478
0.21866617
0.22740263
0.22967395
0.23776223
0.26171434
0.26494104
0.27577594
0.30233335
0.28953972
0.35264501
0.38688338
0.33800173
0.34279227
0.33462960
0.33624581
0.34183297
0.35257038
0.39353603
0.41152924
0.40302807
0.42786092
0.46933675
0.47047660
0.46850693
0.47886905
0.48343965
0.50708210
0.53083229
0.50738394
0.50170374
0.50721937
0.49219370
0.50498205
0.51629913
0.50405091
0.49003142
0.51221687
0.52378839
0.51685995
0.54964054
0.57073593
0.58651465
0.57141995
0.62662071
0.62567765
0.64198786
0.67014509
0.65855628
0.66206712
0.71286339
0.70737803
0.68826520
0.69989753
0.73821545
0.72615892
0.75986654
0.76394904
0.76104504
0.77703971
0.77212012
0.76254195
0.77034491
0.78787482
0.80134457
0.78562850
0.77114362
0.77139276
0.82603920
0.82410336
0.84822488
0.88472962
0.90846819
0.92671812
0.93926483
0.94015616
0.93657762
0.95243657
0.96291339
0.96038198
0.97404784
0.97828066
0.98291886
0.98392767
0.98255140
0.98855722
0.98985529
0.99015158
0.99069703
0.99141288
0.99059170
0.99086046
0.99005604
0.98892283
0.99010253
0.98671943
0.98984104
0.98881066
0.98840231
0.98873746
0.98871863
0.98954773
0.99177098
0.99300730
0.99465477
0.99495900
0.99423826
0.99504387
0.99586260
0.99497908
0.99400961
0.99390393
0.99418396
0.99445504
0.99444395
0.99545407
0.99537522
0.99528581
0.99511999
0.99457401
0.99434608
0.99425465
0.99516255
0.99492407
0.99606663
0.99628723
0.99675143
0.99659568
0.99637175
0.99663049
0.99589974
0.99590462
0.99638295
0.99552613
0.99660885
0.99618882
0.99662673
0.99549472
0.99493635
0.99467999
0.99603683
0.99540305
0.99464130
0.99398041
0.99297237
0.99418539
0.99497664
0.99440986
0.99413413
0.99514455
0.99441141
0.99391550
0.99419796
0.99458957
0.99472886
0.99475539
0.99498701
0.99490041
0.99518013
0.99481308
0.99486697
0.99461442
0.99442697
0.99502939
0.99557942
0.99591488
0.99587446
0.99531424
0.99557555
0.99398923
0.99427795
0.99505085
0.99505746
0.99534363
0.99589527
0.99573261
0.99620986
0.99553275
0.99528235
0.99498785
0.99502301
0.99505734
0.99543530
0.99616158
0.99628311
0.99577785
0.99632865
0.99613106
0.99457258
0.99518281
0.99454761
0.99442625
0.99564040
0.99574727
0.99639732
0.99664247
0.99564087
0.99595428
0.99650663
0.99661726
0.99651450
0.99687129
0.99690598
0.99684417
0.99629956
0.99535441
0.99560553
0.99573815
0.99610078
0.99616963
0.99627340
0.99641597
0.99633980
0.99578661
0.99505252
0.99419194
0.99530607
0.99633312
0.99576241
0.99522543
0.99640441
0.99650842
0.99641538
0.99657518
0.99695599
0.99661320
0.99745935
0.99681109
0.99693078
0.99622810
0.99315178
0.99550182
0.99593145
0.99580741
0.99361670
0.99376935
0.99389112
0.99287510
0.99130917
0.99208730
0.99118876
0.99043196
0.99059629
0.98991627
0.99254483
0.99346840
0.99304503
0.99285215
0.99257588
0.99327290
0.99358928
0.99540979
0.99509603
0.99573344
0.99520856
0.99550772
0.99584037
0.99455547
0.99549842
0.99474913
0.99551743
0.99582291
0.99325013
0.99212015
0.99244624
0.99292713
0.99396390
0.99122649
0.98986721
0.98941922
0.99401230
0.99231076
0.99158794
0.99029750
0.99036849
0.98769009
0.98850608
0.98965198
0.99187589
0.98903787
0.99016398
0.98604196
0.99031878
0.99252158
0.98840851
0.99255013
0.99158138
0.99074429
0.99161583
0.99282712
0.99066037
0.98979455
0.99219722
0.99365318
0.99267310
0.99588275
0.99645281
0.99588460
0.99213296
0.99618584
0.99226660
0.99487936
0.99126095
0.99160939
0.99480754
0.99359554
0.99627185
0.99201316
0.98887980
0.99534374
0.99081588
0.99347311
0.99340820
0.99529064
0.99387050
0.99199110
0.99359506
0.99533194
0.99393338
0.99590296
0.99079609
0.99007344
0.99316496
0.99268073
0.98779815
0.98676455
0.98970175
0.99233902
0.99236488
0.98676944
0.99020934
0.99265420
0.99224383
0.99091852
0.99280375
0.99535757
0.99367106
0.99405354
0.99480408
0.99279106
0.99439454
0.99787009
0.99771118
0.99816602
0.99830174
0.99849284
0.99706918
0.99785268
0.99771512
0.99872607
0.99882323
0.99842536
0.99890161
0.99859816
0.99836999
0.99790728
0.99846065
0.99804085
0.99772161
0.99818242
0.99878138
0.99817586
0.99820459
0.99824524
0.99844617
0.99797302
0.99761862
0.99565166
0.99379247
0.99122143
0.98270422
0.96849883
0.88242036
0.28606099
0.07460466
0.05757338
0.11233818
0.08950542
0.09549861
0.07815208
0.07179236
0.03837109
0.02153828
0.02145652
0.01906298
0.02005987
0.02453884
0.01731316
0.01210108
0.00919603
0.00914895
0.01276364
0.00918593
0.01277784
0.00998010
0.00871187
0.00951860
0.01018673
0.01148954
0.00886203
0.01213966
0.01012263
0.00799287
0.01000713
0.01163251
0.01440469
0.01485049
0.01683196
0.01892140
0.02207513
0.02600647
0.02481006
0.04784676
0.02879132
0.01738966
0.01699315
0.01679528
0.02176814
0.01915843
0.02057796
0.03330673
0.02907194
0.02690328
0.02704528
0.01748073
0.02009049
0.01782550
0.01466818
0.01271568
0.01032748
0.00961123
0.00569005
0.00606061
0.00612430
0.00616018
0.00726986
0.01315363
0.01070515
0.01602923
0.01813709
0.02221726
0.03681413
0.04246900
0.03671449
0.04087100
0.06294382
0.05356201
0.04297415
0.05367976
0.04466047
0.04667808
0.05720599
0.03190401
0.05018707
0.05013029
0.06080683
0.04971344
0.04131140
0.03873400
0.04589536
0.03096401
0.02787966
0.02220718
0.03103846
0.01855592
0.03002130
0.01917661
0.01730430
0.01653104
0.01505268
0.01267692
0.01335520
0.01667315
0.01572139
0.01330520
0.01009217
0.01480401
0.01352075
0.01475310
0.01323374
0.02026748
0.02069078
0.03402947
0.13918966
0.34312582
0.89310360
0.96911174
0.98971391
0.99446857
0.99540389
0.99532396
0.99522769
0.99581558
0.99372649
0.99257785
0.99547476
0.99652857
0.99628407
0.99667656
0.99707222
0.99684167
0.99676162
0.99710983
0.99713433
0.99692672
0.99701512
0.99684501
0.99717355
0.99698180
0.99699509
0.99682355
0.99643493
0.99661738
0.99638677
0.99708945
0.99705839
0.99656051
0.99707627
0.99648947
0.99720544
0.99704272
0.99759895
0.99764258
0.99741578
0.99746621
0.99794191
0.99753714
0.99715424
0.99600309
0.99568921
0.99627680
0.99528116
0.99527454
0.99565732
0.99545974
0.99602628
0.99605101
0.99568319
0.99558002
0.99621046
0.99531519
0.99459672
0.99418902
0.99419540
0.99449313
0.99304175
0.99312043
0.99286413
0.99328703
0.99431348
0.99407059
0.99456018
0.99403399
0.99366611
0.99327660
0.99390996
0.99365968
0.99307340
0.99410087
0.99365532
0.99436980
0.99472308
0.99417120
0.99386179
0.99401516
0.99338984
0.99213952
0.99214447
0.99260288
0.99381328
0.99311525
0.99365163
0.99256647
0.99229187
0.99219900
0.99296713
0.99260324
0.99331152
0.99268460
0.99340492
0.99354559
0.99143809
0.99134314
0.99270916
0.99061453
0.99070638
0.98818654
0.98843199
0.98826361
0.98942167
0.99017859
0.99181890
0.99329948
0.99532497
0.99583828
0.99567270
0.99624580
0.99714345
0.99713469
0.99708933
0.99733490
0.99750972
0.99766868
0.99755669
0.99768698
0.99726582
0.99726981
0.99766135
0.99801373
0.99791998
0.99799889
0.99756575
0.99770004
0.99786961
0.99789512
0.99797899
0.99784350
0.99754375
0.99688268
0.99736542
0.99616563
0.99557459
0.99579728
0.99659914
0.99664551
0.99656099
0.99564230
0.99644130
0.99615413
0.99586260
0.99546599
0.99641114
0.99592304
0.99448735
0.99504882
0.99547631
0.99582255
0.99561429
0.99545056
0.99499702
0.99465203
0.99445313
0.99445987
0.99580860
0.99617392
0.99650264
0.99743724
0.99728060
0.99701959
0.99650288
0.99652964
0.99694091
0.99686950
0.99648440
0.99659687
0.99653035
0.99644321
0.99677074
0.99696738
0.99658501
0.99675959
0.99641526
0.99716324
0.99732482
0.99664646
0.99638307
0.99640095
0.99622214
0.99711478
0.99627739
0.99622548
0.99564183
0.99560201
0.99543804
0.99535048
0.99492282
0.99520552
0.99472082
0.99458033
0.99467623
0.99473453
0.99597329
0.99450654
0.99564147
0.99527872
0.99574441
0.99502134
0.99391562
0.99425149
0.99525309
0.99510419
0.99525887
0.99617428
0.99631399
0.99603385
0.99719292
0.99719280
0.99764842
0.99801576
0.99810272
0.99818999
0.99818075
0.99761415
0.99781692
0.99780101
0.99771237
0.99760866
0.99795181
0.99791962
0.99776351
0.99787343
0.99783641
0.99785370
0.99751967
0.99733776
0.99761200
0.99731088
0.99715996
0.99670923
0.99668425
0.99660385
0.99670023
0.99686879
0.99666387
0.99718958
0.99680495
0.99630970
0.99649709
0.99654812
0.99625409
0.99615222
0.99624664
0.99626750
0.99590355
0.99548042
0.99556375
0.99594814
0.99539679
0.99474889
0.99500883
0.99184847
0.99298519
0.99275452
0.99129277
0.98970258
0.98847497
0.98523861
0.98774219
0.98953468
0.99141675
0.99279308
0.99405473
0.99503928
0.99562413
0.99601126
0.99573427
0.99606711
0.99616975
0.99645811
0.99767715
0.99826390
0.99839228
0.99834275
0.99876165
0.99881303
0.99884194
0.99897659
0.99888450
0.99887592
0.99890089
0.99881554
0.99860901
0.99856037
0.99847347
0.99834716
0.99790430
0.99828148
0.99789089
0.99738914
0.99675107
0.99657440
0.99680883
0.99664283
0.99653071
0.99681646
0.99665242
0.99715674
0.99701583
0.99561810
0.99545997
0.99542302
0.99528462
0.99609971
0.99678254
0.99801958
0.99742573
0.99658561
0.99592257
0.99552840
0.99508274
0.99456018
0.99535698
0.99656516
0.99594009
0.99574029
0.99524361
0.99495959
0.99406922
0.99421763
0.99425298
0.99376911
0.99540919
0.99605137
0.99611002
0.99690300
0.99765861
0.99720085
0.99697888
0.99687093
0.99687755
0.99694401
0.99604332
0.99517053
0.99526525
0.99509418
0.99366391
0.99436247
0.99332952
0.98577362
0.97960943
0.97695142
0.96898961
0.93474329
0.87400198
0.77163327
0.66483706
0.61757833
0.53990936
0.51835585
0.50891346
0.49268833
0.45819393
0.42751992
0.40233046
0.38097805
0.34709114
0.36378896
0.36266062
0.36068821
0.35092264
0.33541822
0.35108358
0.34854838
0.32868254
0.33797324
0.33508402
0.34013900
0.32705405
0.32785320
0.32036284
0.33823645
0.35818633
0.33514661
0.35077110
0.41015095
0.43976149
0.42651126
0.45857126
0.46173766
0.46563798
0.44977519
0.45393047
0.45609665
0.44430438
0.45765072
0.44780743
0.46720049
0.45321199
0.44289529
0.45171502
0.47496739
0.46728683
0.48500738
0.47414201
0.48056152
0.47397101
0.48383677
0.46921217
0.45659441
0.47073311
0.46509892
0.45712736
0.38921863
0.37560019
0.38277054
0.42311895
0.40809894
0.42259604
0.45647132
0.46849835
0.48282281
0.48478052
0.48251122
0.48339930
0.48656577
0.51483899
0.53013599
0.53630859
0.55637968
0.57840687
0.56193209
0.53111166
0.53845233
0.53683066
0.54091769
0.54517215
0.53966951
0.55339301
0.54467827
0.52718085
0.53716737
0.54506117
0.53687143
0.55918241
0.59231579
0.57977074
0.55070317
0.57937229
0.56675786
0.60683793
0.61269999
0.58157372
0.59267312
0.63119441
0.68303967
0.67609411
0.74624103
0.80314279
0.86139959
0.88757163
0.90294766
0.89403397
0.91643840
0.93497032
0.94035393
0.93878120
0.94805288
0.95156580
0.95425355
0.95548749
0.95993096
0.96652526
0.97675246
0.98458624
0.98623067
0.98890209
0.98873925
0.98980278
0.99016774
0.99063814
0.99234372
0.99288929
0.99192482
0.99274594
0.99266523
0.99405599
0.99457884
0.99545777
0.99575078
0.99613982
0.99670202
0.99704140
0.99745363
0.99768150
0.99772769
0.99786061
0.99810106
0.99809748
0.99794728
0.99778748
0.99766493
0.99721020
0.99704880
0.99617600
0.99511588
0.99511540
0.99290520
0.99380302
0.99133873
0.98754507
0.95713490
0.91519970
0.82540733
0.73046058
0.75088590
0.72430652
0.68971419
0.70101368
0.66702032
0.59521145
0.59860092
0.56292915
0.56370234
0.55958724
0.53841078
0.52047408
0.51387101
0.52346700
0.52722263
0.52294415
0.50809819
0.49503946
0.47652528
0.46954110
0.39928219
0.36742765
0.30727127
0.31631938
0.31446180
0.32478413
0.33155069
0.28672364
0.29521868
0.30299470
0.26791766
0.28299195
0.29595247
0.26863831
0.26736939
0.26803407
0.25694349
0.28191942
0.28505009
0.32019788
0.31616223
0.34745395
0.34113434
0.35366777
0.33037147
0.38548237
0.40010983
0.38778573
0.42247173
0.44308534
0.45017269
0.43247998
0.44823846
0.42659429
0.43285468
0.42301521
0.40230399
0.38123104
0.38165426
0.32053271
0.34010062
0.32120714
0.28274089
0.28377259
0.29538947
0.27951220
0.28574005
0.21924096
0.25159118
0.24335228
0.22056334
0.20823893
0.19292335
0.17437239
0.18745151
0.17297472
0.20308882
0.20027295
0.24306577
0.19510917
0.20508756
0.24759313
0.26741263
0.26758114
0.27078348
0.30842057
0.31852555
0.31416640
0.35385972
0.38142428
0.39602736
0.38299990
0.37498808
0.38951862
0.40105498
0.40806589
0.40682122
0.40199125
0.40479058
0.42539883
0.46742639
0.48886731
0.56934845
0.56759602
0.60995495
0.63442135
0.64661765
0.68024170
0.70708799
0.74136311
0.79577011
0.81738794
0.84689134
0.87187552
0.90500897
0.93613577
0.95238477
0.96439427
0.97263157
0.98009825
0.98762798
0.99074531
0.99228400
0.99292612
0.99301457
0.99296784
0.99313885
0.99365109
0.99358481
0.99379683
0.99390715
0.99377030
0.99258220
0.99152243
0.99151188
0.99053836
0.98833537
0.98519993
0.97920197
0.97452605
0.98135573
0.98133689
0.97863352
0.98246276
0.98234326
0.98274958
0.98673368
0.98905355
0.98887885
0.99115694
0.99174237
0.99247783
0.99342877
0.99422956
0.99403584
0.99417579
0.99411654
0.99336749
0.99358904
0.99485260
0.99530596
0.99373573
0.99256212
0.99344915
0.99302483
0.99196833
0.99254096
0.99454993
0.99599260
0.99512571
0.99555004
0.99510205
0.99584502
0.99657464
0.99618030
0.99564517
0.99480551
0.99359185
0.99236816
0.99179626
0.99139011
0.99153793
0.99160928
0.99422163
0.99473578
0.99419701
0.98938668
0.98502666
0.98387158
0.98605549
0.97909546
0.97886091
0.92674822
0.93691820
0.90370661
0.86711049
0.88058090
0.89248592
0.87787837
0.88897878
0.83377677
0.86199361
0.76615334
0.57674551
0.52131373
0.51121545
0.43243238
0.40646821
0.33362317
0.31667826
0.24965712
0.21681763
0.16079532
0.19894227
0.13822901
0.14492634
0.18642145
0.12528802
0.13698751
0.13147011
0.10744973
0.12648888
0.10170956
0.06716736
0.06890260
0.05847842
0.08701627
0.04439581
0.05104000
0.02487257
0.02667399
0.01725440
0.01406268
0.01352095
0.01210696
0.01492656
0.01237675
0.01744222
0.01293066
0.01698439
0.01507099
0.01594935
0.01821813
0.01021461
0.01168147
0.01293884
0.01355653
0.00951742
0.01590789
0.01787211
0.01326369
0.01471916
0.01339032
0.01674570
0.01769515
0.01776104
0.01669244
0.02760291
0.01822563
0.01682254
0.01278078
0.01661532
0.01496360
0.01938527
0.04466731
0.07777111
0.12153324
0.15618564
0.17641008
0.17561568
0.24758200
0.26891199
0.21632920
0.22959505
0.19140805
0.17064582
0.17067963
0.15114281
0.13839291
0.12719634
0.12993331
0.11707747
0.10491364
0.11355904
0.11269192
0.12404659
0.13545065
0.12882210
0.16275495
0.11222012
0.07714429
0.06740566
0.10367172
0.07873878
0.07059214
0.09765901
0.11671276
0.16391033
0.26335609
0.32342142
0.45708567
0.52645510
0.60095996
0.65047848
0.62512922
0.78082478
0.81119561
0.83253890
0.82305485
0.82509762
0.86019146
0.92420727
0.95440942
0.95344639
0.96108639
0.97652334
0.98515862
0.99014550
0.99343503
0.99340087
0.99419206
0.99554414
0.99544626
0.99558878
0.99461359
0.99528521
0.99510550
0.99509370
0.99518234
0.99562103
0.99569976
0.99573505
0.99539256
0.99416453
0.99348664
0.99468720
0.99183464
0.99363834
0.99524552
0.99463898
0.99593616
0.99634403
0.99521977
0.99653888
0.99293655
0.99344385
0.99326855
0.99378550
0.99267828
0.99415272
0.99415356
0.99397790
0.98838764
0.99699688
0.99796379
0.99667180
0.99675250
0.99598724
0.99427235
0.99512887
0.99534470
0.95820427
0.83926946
0.51378530
0.58746356
0.49502274
0.27772301
0.22817017
0.09826414
0.08911148
0.04533574
0.02767634
0.02776495
0.02276896
0.01849141
0.01734732
0.02037141
0.01667240
0.01311899
0.01266800
0.02542836
0.01990228
0.01420142
0.01234497
0.01367417
0.01889169
0.03260602
0.04900377
0.07887212
0.16176365
0.40812740
0.47680378
0.70515054
0.76808709
0.85468954
0.96213347
0.99014354
0.99009413
0.98886383
0.99192989
0.99293464
0.99408299
0.99508590
0.99579078
0.99652570
0.99660850
0.99655759
0.99545503
0.99492985
0.99523634
0.99587351
0.99647886
0.99681157
0.99668223
0.99720287
0.99753308
0.99818218
0.99840349
0.99800903
0.99801469
0.99821019
0.99789929
0.99786538
0.99783641
0.99732143
0.99620181
0.99558467
0.99592531
0.99566501
0.99605727
0.99508226
0.99496019
0.99406105
0.99410892
0.99295336
0.99327809
0.99383521
0.99347210
0.99377936
0.99382174
0.99375015
0.99361801
0.99309725
0.99182314
0.99074191
0.99184811
0.99309993
0.99321365
0.99384815
0.99484479
0.99528033
0.99585366
0.99572659
0.99666166
0.99624664
0.99567491
0.99585438
0.99547857
0.99502063
0.99501801
0.99470007
0.99455631
0.99498677
0.99479985
0.99529946
0.99569714
0.99499434
0.99572194
0.99603784
0.99654937
0.99398088
0.99469405
0.99433184
0.99454367
0.99540412
0.99536335
0.99522287
0.99565768
0.99561405
0.99516183
0.99494088
0.99506015
0.99475276
0.99478984
0.99515754
0.99388897
0.99532241
0.99446929
0.99487287
0.99484730
0.99529582
0.99533725
0.99494064
0.99495280
0.99511945
0.99497765
0.99497682
0.99581003
0.99666375
0.99619234
0.99643767
0.99658942
0.99693322
0.99560380
0.99603122
0.99555135
0.99615341
0.99714798
0.99704462
0.99685991
0.99715853
0.99688751
0.99723440
0.99727899
0.99649614
0.99639720
0.99562776
0.99532509
0.99187273
0.99266618
0.99336833
0.99004024
0.99159592
0.99166417
0.98959374
0.98942775
0.98832756
0.98485696
0.98238313
0.96086806
0.94902796
0.91243696
0.91246039
0.93213934
0.91934794
0.90573990
0.91471511
0.91929328
0.89765137
0.87982887
0.90506327
0.88697428
0.86179399
0.87393516
0.86043000
0.87228727
0.84907424
0.85811377
0.82178479
0.82992345
0.81756330
0.80937856
0.79764611
0.79196763
0.78146398
0.76651931
0.70401412
0.67733490
0.60444385
0.57559371
0.55413580
0.55180746
0.57061291
0.58165997
0.56098527
0.57166666
0.53312826
0.50755680
0.56560999
0.54900426
0.60460901
0.53711450
0.52759004
0.51134157
0.52996528
0.48755187
0.52476341
0.52119076
0.50513661
0.49869794
0.47391048
0.46050626
0.48292133
0.47688720
0.46113923
0.44291368
0.41536936
0.42288598
0.42663124
0.42430747
0.41490701
0.41759458
0.41406295
0.36681420
0.34789976
0.34841722
0.37184042
0.40062276
0.40926376
0.42775795
0.41413543
0.46934706
0.41721466
0.42171416
0.42595181
0.44523236
0.45439777
0.43301979
0.43411976
0.43421003
0.44314870
0.49199897
0.49326628
0.51253998
0.55163866
0.55216622
0.54430574
0.55398011
0.54768676
0.54613823
0.55335730
0.55823648
0.56604546
0.59719628
0.60447538
0.59565347
0.61282396
0.61565018
0.65546858
0.74520969
0.76887292
0.82715744
0.84566247
0.87120807
0.89945090
0.89735103
0.93212193
0.94886243
0.95590460
0.96490556
0.96841443
0.97738695
0.98191178
0.98227698
0.98499751
0.98932087
0.99173146
0.99274713
0.99406981
0.99407721
0.99279672
0.99285406
0.99234563
0.99092031
0.99287838
0.99464649
0.99480081
0.99504423
0.99606162
0.99490321
0.99542648
0.99655473
0.99635881
0.99588948
0.99569678
0.99552214
0.99550784
0.99489462
0.99264693
0.99393129
0.99438077
0.99112743
0.98710865
0.99096537
0.98291701
0.94460553
0.83895141
0.74243414
0.66015851
0.60234845
0.55878669
0.57604778
0.53886729
0.52281189
0.51439947
0.51366544
0.54085112
0.50021034
0.50869089
0.50083345
0.48738000
0.49704531
0.48789677
0.47159505
0.47676480
0.48210767
0.44777530
0.44461140
0.42759356
0.37453607
0.33412224
0.33811170
0.36669266
0.33658671
0.31384337
0.29886356
0.29461151
0.31568086
0.28646335
0.30002174
0.33521041
0.34527484
0.36395669
0.40449563
0.41622674
0.46615347
0.46318397
0.45262080
0.41800117
0.44982904
0.41239202
0.37368393
0.31785655
0.31693828
0.25403416
0.25371853
0.24928826
0.23481597
0.24624483
0.23192337
0.19903517
0.23522361
0.25323093
0.22461590
0.21878247
0.20525119
0.19526587
0.21053743
0.16794969
0.17759882
0.21400134
0.25148347
0.22479209
0.22096069
0.24046043
0.21209018
0.23478350
0.25513902
0.21664901
0.25434235
0.25877553
0.19497579
0.21054065
0.22744672
0.22344072
0.22215998
0.23599972
0.24451585
0.25899857
0.25215477
0.24236658
0.26776701
0.26956028
0.28972119
0.27494270
0.26664230
0.32706335
0.35819069
0.35471255
0.38374451
0.41211709
0.41799942
0.46579084
0.47014442
0.51454127
0.50419807
0.54121757
0.51711911
0.56727248
0.60128814
0.57282233
0.59186661
0.60753006
0.67560709
0.70079833
0.74194902
0.84871542
0.88526291
0.91544402
0.94584060
0.95610791
0.98579007
0.99077046
0.99247760
0.99442589
0.99613321
0.99726677
0.99782795
0.99811673
0.99807990
0.99806267
0.99805671
0.99822897
0.99820459
0.99807489
0.99835819
0.99850082
0.99869019
0.99896622
0.99896550
0.99897742
0.99898809
0.99894458
0.99896705
0.99889046
0.99870074
0.99857605
0.99826801
0.99824870
0.99821234
0.99784839
0.99786842
0.99801838
0.99775809
0.99774820
0.99743479
0.99738413
0.99738508
0.99734503
0.99754119
0.99727976
0.99749446
0.99697638
0.99717343
0.99724352
0.99707270
0.99734586
0.99747902
0.99725938
0.99727827
0.99716359
0.99680471
0.99685645
0.99672675
0.99650866
0.99603552
0.99590009
0.99591678
0.99643719
0.99614233
0.99631763
0.99674314
0.99658054
0.99677831
0.99671680
0.99688429
0.99718839
0.99770433
0.99809057
0.99803823
0.99845243
0.99820828
0.99821597
0.99803406
0.99772865
0.99713469
0.99642962
0.99530005
0.99491596
0.99399453
0.99458236
0.99540567
0.99539679
0.99594384
0.99263859
0.99022651
0.98546833
0.98935121
0.98801684
0.98798603
0.98219407
0.97967762
0.97295469
0.93441260
0.92017329
0.87488276
0.90947282
0.81022066
0.68751299
0.66200072
0.60940397
0.55345273
0.54061079
0.51490092
0.48539516
0.52264780
0.44669163
0.47284058
0.44292009
0.45565486
0.42987341
0.41983074
0.33138451
0.32390371
0.27345815
0.22503664
0.18867052
0.10799294
0.11815934
0.06892459
0.06757095
0.04368655
0.03831411
0.04804798
0.05407039
0.04793700
0.04549114
0.06871513
0.05579300
0.06400162
0.03738938
0.07147035
0.04163571
0.06177393
0.05310136
0.04965248
0.03677202
0.05116540
0.02906437
0.02740743
0.02178022
0.02190530
0.01728348
0.01711006
0.01238642
0.01013216
0.00888014
0.01141357
0.01016455
0.01063951
0.01074923
0.01579704
0.01322842
0.01629062
0.01424616
0.01784804
0.03058515
0.02777157
0.03317215
0.02081965
0.03404194
0.03103438
0.02125798
0.02315352
0.02376491
0.05236822
0.05555426
0.10674835
0.13798319
0.19246864
0.24433105
0.30969217
0.32894433
0.28531024
0.29763958
0.31524390
0.30618873
0.27867845
0.23707752
0.19080128
0.17202309
0.15862913
0.15163763
0.14949563
0.16143681
0.16044979
0.15000126
0.16737466
0.15936458
0.09217208
0.08386507
0.07057728
0.10968496
0.11725672
0.11600678
0.11690011
0.17204185
0.18845288
0.23124702
0.29311737
0.36804789
0.37569228
0.39921650
0.42859372
0.45408756
0.47542933
0.48884332
0.51555663
0.54811454
0.58088744
0.64705104
0.70642823
0.74156129
0.76136702
0.78682536
0.83699298
0.84207046
0.90770906
0.92877585
0.93596542
0.94322187
0.94240499
0.94692022
0.96225333
0.96135658
0.96241266
0.96763712
0.97053188
0.97075200
0.97143966
0.97094762
0.97813863
0.98382008
0.98541194
0.99064672
0.99052143
0.98793542
0.98784733
0.98885465
0.98739517
0.99079579
0.99091399
0.98892665
0.99112099
0.99128002
0.99679202
0.99853396
0.99911124
0.99902427
0.99871135
0.99749571
0.99702990
0.99777091
0.97688371
0.90469879
0.42654955
0.33111849
0.30896211
0.29796746
0.16686246
0.04687063
0.06301183
0.04921740
0.03069736
0.02937900
0.05082076
0.07011174
0.04596054
0.03715453
0.05092013
0.04562210
0.02460389
0.03722451
0.03059160
0.01921583
0.02006173
0.02171088
0.04158049
0.06075932
0.10465384
0.11886690
0.09984524
0.23322585
0.36650255
0.56585938
0.67007262
0.81643218
0.91752350
0.94296008
0.94810081
0.96676272
0.97511852
0.98511094
0.98765624
0.98960471
0.99053454
0.99191791
0.99168056
0.99189466
0.99292892
0.99396825
0.99542892
0.99671328
0.99606174
0.99565107
0.99555582
0.99511921
0.99551362
0.99524814
0.99481565
0.99544853
0.99607146
0.99564397
0.99468946
0.99395013
0.99455267
0.99386263
0.99262309
0.99088353
0.99074006
0.98998356
0.98875463
0.98915613
0.99032378
0.98870379
0.98716450
0.98716325
0.98661709
0.98885685
0.99097323
0.99172688
0.99274701
0.99434584
0.99491984
0.99398178
