1.00000000
1.00000000
1.00000000
1.00000000
1.00000000
1.00000000
1.00000000
1.00000000
1.00000000
1.00000000
1.00000000
1.00000000
1.00000000
1.00000000
1.00000000
1.00000000
1.00000000
1.00000000
1.00000000
1.00000000
1.00000000
1.00000000
1.00000000
1.00000000
1.00000000
1.00000000
1.00000000
1.00000000
1.00000000
1.00000000
1.00000000
1.00000000
1.00000000
1.00000000
1.00000000
1.00000000
1.00000000
1.00000000
1.00000000
1.00000000
1.00000000
1.00000000
1.00000000
1.00000000
1.00000000
1.00000000
1.00000000
1.00000000
1.00000000
1.00000000
1.00000000
1.00000000
1.00000000
1.00000000
1.00000000
1.00000000
1.00000000
1.00000000
1.00000000
1.00000000
1.00000000
1.00000000
1.00000000
0.99911886
0.99929523
0.99924314
0.99949479
0.99938977
0.99928600
0.99927038
0.99929035
0.99917406
0.99920195
0.99918717
0.99922347
0.99926156
0.99922931
0.99912351
0.99912709
0.99922597
0.99911612
0.99908984
0.99894828
0.99899787
0.99910033
0.99919897
0.99910337
0.99921918
0.99916613
0.99919754
0.99926025
0.99921048
0.99926275
0.99923837
0.99922466
0.99923015
0.99917287
0.99916923
0.99911565
0.99896085
0.99912351
0.99912804
0.99912113
0.99912494
0.99921072
0.99923480
0.99929738
0.99939680
0.99941826
0.99945253
0.99955636
0.99957722
0.99965739
0.99956113
0.99956232
0.99960524
0.99949193
0.99943775
0.99942708
0.99950635
0.99941826
0.99952042
0.99930131
0.99942362
0.99921179
0.99935800
0.99949539
0.99936646
0.99931395
0.99943942
0.99928492
0.99921954
0.99917656
0.99910432
0.99916804
0.99913800
0.99943560
0.99952674
0.99945480
0.99945933
0.99949467
0.99937683
0.99932551
0.99928480
0.99928612
0.99927896
0.99929392
0.99933261
0.99933821
0.99936873
0.99937028
0.99939620
0.99944299
0.99938965
0.99929261
0.99912339
0.99907255
0.99896908
0.99879909
0.99832577
0.99792176
0.99876726
0.99913210
0.99914217
0.99929428
0.99926347
0.99915516
0.99908090
0.99924338
0.99949670
0.99903393
0.99848109
0.99828327
0.99815327
0.99799120
0.99800473
0.99823368
0.99817801
0.99811906
0.99838042
0.99835831
0.99851078
0.99848676
0.99853551
0.99875057
0.99864155
0.99875236
0.99852884
0.99837649
0.99829096
0.99792480
0.99784434
0.99786311
0.99812919
0.99885070
0.99912685
0.99913907
0.99926907
0.99933124
0.99934083
0.99944967
0.99944538
0.99953854
0.99954164
0.99951732
0.99942350
0.99923790
0.99921370
0.99919754
0.99919206
0.99918431
0.99915493
0.99918991
0.99916971
0.99893337
0.99909699
0.99909472
0.99914229
0.99919075
0.99920338
0.99923801
0.99931288
0.99931324
0.99937820
0.99931967
0.99914777
0.99916828
0.99922109
0.99918884
0.99894184
0.99863833
0.99894243
0.99901819
0.99899727
0.99902201
0.99908113
0.99918312
0.99913424
0.99909270
0.99911290
0.99883920
0.99886322
0.99900925
0.99915099
0.99920088
0.99906200
0.99912316
0.99895668
0.99887937
0.99906367
0.99909377
0.99909186
0.99918610
0.99919850
0.99925476
0.99906951
0.99914777
0.99931061
0.99925941
0.99929106
0.99921095
0.99901402
0.99912697
0.99876285
0.99864239
0.99879932
0.99899358
0.99888843
0.99838614
0.99782985
0.99783844
0.99845171
0.99866641
0.99868041
0.99825031
0.99833518
0.99816704
0.99839920
0.99853587
0.99853504
0.99852413
0.99831116
0.99811649
0.99785823
0.99763989
0.99737918
0.99781477
0.99752003
0.99683529
0.99555039
0.99775982
0.99827349
0.99773312
0.99741578
0.99781454
0.99815828
0.99807358
0.99754995
0.99736869
0.99642122
0.99601030
0.99576807
0.99531293
0.99559170
0.99485248
0.99497187
0.99250352
0.99010581
0.99139458
0.99303097
0.99413091
0.99571818
0.99646050
0.99475312
0.99378043
0.99090260
0.98808962
0.98758078
0.99007660
0.99159873
0.98872161
0.98922741
0.98582482
0.98528999
0.98517150
0.99034715
0.99162525
0.98950410
0.98607421
0.98459077
0.98473698
0.98814255
0.99104112
0.99116462
0.98792845
0.98588991
0.98440266
0.98531288
0.98826945
0.98842990
0.99094850
0.98067743
0.98060030
0.98026901
0.98065329
0.97990131
0.97923619
0.97696859
0.96666682
0.96352369
0.96184343
0.96208954
0.96926528
0.97551447
0.97805160
0.97571701
0.97225857
0.96988565
0.96386284
0.96659809
0.96734649
0.96198541
0.96196467
0.96379870
0.96370888
0.94726998
0.92751431
0.92763960
0.92898178
0.94641715
0.94493902
0.92839110
0.93194062
0.93260896
0.95443356
0.95599079
0.95880175
0.96084344
0.94937271
0.92438853
0.90263116
0.91025382
0.92210555
0.95310754
0.94081694
0.93388242
0.91182864
0.88994706
0.92174858
0.89737636
0.88159728
0.88213390
0.88402975
0.90545464
0.89916152
0.89331561
0.87679583
0.85281080
0.84863806
0.83493960
0.80931139
0.84976411
0.81021291
0.80442464
0.80643094
0.80767912
0.80673844
0.82515162
0.82686251
0.81573021
0.80706269
0.82108390
0.79578823
0.82479453
0.79552621
0.77869219
0.76407713
0.71583807
0.69818652
0.68630052
0.67111629
0.68577981
0.68853390
0.69261354
0.72135848
0.69067448
0.69298637
0.74388880
0.73315924
0.74419421
0.72783434
0.69288653
0.68721974
0.69021112
0.68773425
0.68094051
0.68582064
0.67782348
0.67694902
0.71830201
0.70079380
0.66262549
0.64660841
0.61069912
0.60134035
0.59915233
0.60283750
0.59495348
0.57324326
0.59114105
0.59954941
0.60647774
0.61652356
0.61698657
0.58543330
0.60745168
0.59436065
0.60703701
0.61018807
0.57334930
0.57948333
0.60622966
0.58374971
0.57772720
0.56762117
0.58830035
0.58053720
0.55838925
0.57592499
0.56409341
0.54954737
0.55413723
0.53758347
0.57398111
0.53252774
0.54596841
0.54966253
0.53968209
0.51009059
0.53530169
0.53894085
0.55121851
0.55508268
0.55559385
0.53297639
0.55165720
0.54871428
0.52675337
0.53354621
0.51300555
0.53779244
0.53079450
0.54243422
0.55836928
0.53833258
0.55049950
0.54966080
0.56366146
0.54800302
0.53379446
0.54885030
0.54530519
0.56231058
0.55471164
0.55317241
0.54304057
0.53061318
0.53440768
0.53321022
0.52991778
0.53082478
0.53253931
0.53025591
0.53101969
0.52470875
0.52814591
0.52892894
0.52920389
0.53216070
0.52599907
0.52184409
0.52375120
0.52204704
0.52398401
0.52530658
0.52304482
0.52477658
0.52564400
0.51992005
0.52444047
0.52811909
0.52098745
0.52341229
0.53047311
0.51793164
0.52666003
0.52885598
0.53333676
0.53309816
0.52200985
0.51330769
0.51224959
0.51119411
0.52147228
0.52013797
0.52552670
0.51805824
0.51370734
0.51753521
0.51836401
0.51432204
0.52057338
0.51589888
0.51089752
0.51088959
0.50795621
0.51723123
0.51346952
0.51261801
0.51356798
0.51447266
0.50663674
0.51256359
0.51665890
0.51833206
0.51319528
0.51781934
0.51205677
0.51450497
0.51075274
0.51245320
0.52123868
0.51921684
0.51565635
0.52725011
0.51753116
0.52103740
0.52074051
0.52916008
0.52511126
0.51704651
0.51972127
0.52539021
0.52715403
0.52290291
0.51261055
0.51784623
0.51909685
0.51759559
0.51194328
0.51411313
0.51256925
0.51544875
0.51522768
0.51230401
0.51959091
0.51203269
0.51541370
0.51788384
0.51422238
0.51818949
0.49773768
0.51612979
0.51749027
0.50053364
0.50818098
0.51367259
0.52420855
0.51348841
0.50376207
0.51280683
0.52515811
0.51099956
0.51430571
0.51517212
0.51394522
0.52169847
0.51741773
0.51785773
0.51640898
0.51649082
0.51686698
0.51455474
0.51458949
0.52244037
0.51490372
0.50743169
0.50848120
0.50837946
0.51458085
0.51561970
0.51470560
0.52050251
0.51025307
0.51510227
0.51136267
0.51215512
0.52151251
0.52181029
0.51605958
0.50944364
0.50363326
0.50694269
0.49982768
0.50208271
0.49262732
0.51015121
0.50901324
0.50939584
0.51045126
0.51159400
0.51260781
0.50714523
0.50338501
0.50439698
0.50240898
0.50766253
0.50515890
0.50781423
0.50140589
0.51009780
0.51387894
0.51109481
0.50762534
0.50421995
0.50461555
0.50876069
0.50283659
0.50336838
0.50890577
0.51231784
0.51317942
0.50989187
0.52650046
0.52476722
0.51581848
0.52066541
0.52131534
0.52297127
0.51534516
0.51426589
0.51586938
0.52472204
0.51729727
0.52505469
0.52425283
0.51638377
0.51460701
0.51957732
0.52870661
0.51631093
0.51719552
0.52366316
0.51661026
0.51431280
0.51633883
0.51786238
0.51870930
0.51545012
0.51399934
0.51229918
0.50936306
0.51417112
0.51706254
0.51630032
0.51339656
0.51240373
0.51843941
0.51668620
0.51380920
0.52039343
0.51512277
0.52225518
0.51881373
0.51891696
0.51862442
0.51890498
0.52084392
0.51995379
0.52586991
0.52435625
0.52775717
0.52269584
0.52055144
0.51793349
0.51879543
0.52227849
0.51668417
0.51700884
0.51778477
0.51982367
0.51955479
0.51795876
0.51686954
0.51378226
0.52129352
0.52210611
0.51878375
0.51885009
0.51370823
0.51663309
0.51682609
0.52032530
0.51755422
0.51827878
0.52235502
0.52051055
0.52138692
0.52096856
0.52116615
0.51151842
0.51146448
0.51511145
0.51456940
0.51355880
0.52193862
0.51285642
0.51346195
0.51764959
0.51853126
0.52309173
0.52207494
0.52001923
0.51894915
0.52301258
0.52715844
0.53383088
0.52068365
0.52129996
0.52520818
0.51892191
0.51960737
0.52819198
0.53062159
0.52097726
0.51498306
0.52841008
0.53136551
0.53318489
0.54668641
0.53703636
0.54878139
0.55603611
0.55596530
0.54210716
0.56765014
0.58072007
0.55454421
0.54804319
0.55668706
0.55384880
0.54623562
0.53690243
0.55379659
0.54875135
0.54989630
0.56384957
0.55896401
0.57393122
0.57760751
0.56603879
0.57449865
0.61203688
0.58449787
0.59332591
0.58003575
0.59414989
0.58975875
0.59248918
0.60320890
0.59869474
0.59441316
0.59352803
0.58068037
0.59131938
0.59483081
0.59652096
0.60951573
0.59907657
0.59673429
0.61840975
0.61959302
0.63728338
0.66557395
0.67521083
0.67943996
0.68731034
0.69481021
0.69703603
0.70463830
0.71155834
0.70882803
0.69297189
0.69899023
0.69647878
0.69626737
0.70956802
0.71301514
0.70549393
0.71687931
0.73195332
0.73813349
0.75795788
0.79204899
0.78101963
0.78735238
0.78412163
0.79526168
0.82989520
0.81143534
0.79812253
0.83331054
0.83108252
0.84213358
0.81306231
0.82472438
0.82971197
0.83074534
0.84978503
0.86324561
0.87406862
0.86192387
0.85315847
0.83870918
0.86425680
0.84804982
0.88450396
0.86871713
0.83540231
0.83607417
0.85711628
0.86790937
0.89998555
0.89282674
0.87755072
0.86430579
0.84618580
0.88247818
0.91617119
0.90499544
0.89028639
0.90894085
0.87194771
0.88949484
0.89979416
0.95592088
0.94794470
0.94951189
0.93523407
0.92319679
0.90661281
0.89886498
0.89739817
0.92847222
0.92725605
0.95472878
0.94718128
0.95720875
0.96523583
0.96143603
0.97819179
0.98030096
0.97881430
0.97919869
0.97629738
0.97550189
0.97596198
0.97836715
0.96926594
0.97827232
0.98251146
0.98264724
0.97415268
0.97087693
0.97340763
0.97103888
0.97424001
0.97366852
0.97973365
0.97988647
0.98634732
0.97930032
0.98372883
0.98482841
0.98310733
0.98460543
0.98701882
0.98664236
0.98436362
0.98644805
0.98850143
0.98815173
0.99163800
0.99155021
0.98916876
0.99011260
0.98810929
0.98631370
0.98740435
0.99004960
0.98991686
0.99367779
0.99306619
0.99359727
0.99551600
0.99283689
0.99237669
0.99307621
0.99202931
0.99261767
0.99142635
0.99202478
0.99302292
0.99334526
0.99330682
0.99424499
0.99545753
0.99629730
0.99705303
0.99769008
0.99766564
0.99725974
0.99790061
0.99810493
0.99780411
0.99792421
0.99806029
0.99820054
0.99808550
0.99856782
0.99838269
0.99832004
0.99796212
0.99792284
0.99785978
0.99773091
0.99795771
0.99801934
0.99741071
0.99780220
0.99816114
0.99809080
0.99839491
0.99856347
0.99856889
0.99886513
0.99878615
0.99875045
0.99888128
0.99895132
0.99889660
0.99867684
0.99874616
0.99875808
0.99867731
0.99829286
0.99853265
0.99846303
0.99891794
0.99903071
0.99904484
0.99893433
0.99882334
0.99862039
0.99853444
0.99883062
0.99898106
0.99908650
0.99902642
0.99907982
0.99917018
0.99912935
0.99908864
0.99912161
0.99907231
0.99907482
0.99917787
0.99913055
0.99903655
0.99886936
0.99881268
0.99883384
0.99884570
0.99871123
0.99878854
0.99896216
0.99901235
0.99912196
0.99907374
0.99850249
0.99823064
0.99857366
0.99850535
0.99871790
0.99856430
0.99844450
0.99859267
0.99876595
0.99871361
0.99855775
0.99832588
0.99833679
0.99836439
0.99830616
0.99778759
0.99709046
0.99707758
0.99678850
0.99733043
0.99736518
0.99735069
0.99739158
0.99756324
0.99758160
0.99821079
0.99853170
0.99842852
0.99859077
0.99860877
0.99857390
0.99893075
0.99883348
0.99885511
0.99874347
0.99884182
0.99856001
0.99878711
0.99888057
0.99899727
0.99899000
0.99898642
0.99857187
0.99833786
0.99813336
0.99827790
0.99825114
0.99843341
0.99828690
0.99810237
0.99818987
0.99813676
0.99807161
0.99771202
0.99749196
0.99760878
0.99728739
0.99678516
0.99782336
0.99661595
0.99550027
0.99465430
0.99310547
0.99495548
0.99495810
0.99462837
0.99394602
0.99391878
0.99390781
0.99336058
0.99579608
0.99478030
0.99682045
0.99551129
0.99539161
0.99496931
0.99551904
0.99625969
0.99665749
0.99741167
0.99734312
0.99754286
0.99791223
0.99815434
0.99841988
0.99870193
0.99874395
0.99859565
0.99837804
0.99807835
0.99731559
0.99672228
0.99633187
0.99662906
0.99695957
0.99630004
0.99564171
0.99575293
0.99609631
0.99501687
0.99343359
0.99361402
0.99280643
0.98887116
0.98848057
0.98706520
0.98411971
0.98467702
0.97768426
0.96730018
0.96744752
0.96952933
0.96485794
0.96625072
0.97024786
0.97874796
0.97429717
0.97170287
0.96884334
0.97319692
0.97187161
0.97231561
0.96548361
0.96122879
0.95001161
0.94114524
0.93904245
0.90791255
0.89382458
0.87510484
0.83513743
0.85761374
0.85166621
0.84910810
0.84538645
0.85123467
0.84081525
0.85059673
0.83388478
0.82511389
0.84446180
0.83835781
0.83604598
0.81428045
0.84626359
0.82120359
0.81200212
0.79355013
0.81710219
0.80526268
0.79273546
0.78483945
0.78686005
0.77911258
0.78042078
0.77078766
0.79277682
0.78250575
0.74887645
0.75054425
0.72041345
0.71566999
0.71826202
0.67388564
0.66149253
0.67703480
0.65912485
0.67807627
0.65335006
0.65249515
0.66420400
0.63651490
0.65170676
0.66539174
0.63770843
0.64091146
0.62822789
0.62425500
0.61992377
0.61363190
0.61627877
0.59454781
0.56878084
0.56212550
0.56500357
0.54660380
0.53249228
0.54028159
0.52645296
0.54221344
0.54752344
0.53347844
0.53922987
0.52783138
0.53674823
0.51598239
0.51541001
0.50241089
0.48440370
0.47932273
0.47482318
0.47121340
0.47692603
0.46475664
0.45331654
0.46286899
0.44839635
0.43942103
0.43111730
0.41852254
0.40476653
0.39235961
0.39465728
0.40463418
0.39374176
0.40256861
0.37922814
0.37968004
0.37086964
0.38697892
0.37817812
0.32216159
0.34626183
0.33973125
0.33554116
0.30544874
0.33902425
0.32528931
0.32529703
0.31744546
0.30514780
0.31404477
0.29811385
0.28526539
0.28166339
0.29826453
0.27869281
0.30621159
0.26441848
0.26755154
0.27807856
0.27630550
0.25263023
0.25896683
0.24633941
0.26993626
0.26192978
0.26758853
0.23788874
0.25123483
0.25844464
0.24324942
0.23855047
0.25223643
0.25058573
0.23061019
0.22919771
0.21467857
0.21348113
0.19944720
0.18332702
0.16835488
0.17376013
0.20753624
0.19476363
0.19416584
0.17310561
0.18780020
0.18739149
0.19782478
0.18923426
0.18774943
0.19479690
0.20374581
0.23214911
0.21829048
0.20370148
0.20298266
0.21712390
0.21402079
0.20746031
0.19685842
0.19964682
0.18752871
0.15977934
0.17723233
0.18553263
0.20331623
0.19667479
0.20809454
0.21089172
0.22115213
0.21485858
0.20510048
0.19275865
0.19112137
0.20692253
0.19639339
0.20362312
0.18539326
0.18964314
0.19798020
0.19043440
0.16749868
0.20000271
0.18858936
0.19493446
0.19480550
0.19400045
0.20574559
0.20419471
0.21645252
0.19795597
0.20989144
0.20735972
0.20178132
0.20889008
0.18071571
0.19290182
0.19880921
0.21618472
0.21474007
0.21436206
0.22326198
0.22790805
0.22692241
0.20825504
0.21251658
0.20665817
0.21710619
0.22600552
0.21264637
0.20944409
0.20891918
0.19511284
0.19017580
0.20054147
0.18518610
0.19086441
0.18398364
0.17853200
0.18341985
0.20568186
0.18874490
0.20329258
0.20932309
0.20970057
0.21100432
0.20143339
0.20403312
0.21762563
0.21069913
0.18938226
0.21853431
0.21568854
0.21888566
0.21184903
0.23698373
0.22950122
0.21501209
0.22284491
0.21784021
0.22041027
0.22994949
0.21519667
0.19918673
0.21285085
0.20380291
0.21859588
0.20800515
0.22170922
0.19728512
0.19222710
0.18958166
0.20200916
0.19228044
0.19449213
0.19023770
0.20823105
0.21479258
0.20478128
0.22114196
0.23143940
0.21235688
0.20570920
0.21997058
0.21725994
0.21529630
0.21007386
0.19962966
0.20760119
0.20078886
0.21425739
0.20398577
0.19462389
0.20488071
0.19962317
0.20639415
0.20499380
0.21467000
0.20386656
0.21223578
0.21376653
0.20756571
0.20404595
0.22110406
0.21004246
0.21325950
0.20114920
0.21161371
0.21247274
0.19295874
0.20671779
0.20703819
0.21040617
0.20271085
0.21263428
0.21022205
0.19841620
0.21048811
0.20290400
0.21123363
0.20521745
0.20944740
0.21762569
0.18983144
0.20732699
0.19642413
0.20647259
0.21597588
0.22357412
0.20253356
0.21398933
0.20980150
0.21148604
0.22621252
0.22509241
0.21621034
0.21241246
0.20769395
0.21719757
0.21609813
0.21875866
0.23085578
0.23244642
0.23109411
0.21273105
0.21281418
0.22263548
0.24236381
0.23723964
0.21216528
0.23131177
0.24176531
0.24814250
0.21945891
0.23077443
0.24892125
0.22634783
0.22786133
0.19997758
0.19914669
0.22050704
0.21447627
0.21170758
0.22094361
0.22434904
0.23591369
0.22852039
0.21635062
0.22323215
0.21244432
0.21928099
0.22701892
0.21911822
0.22777678
0.21825618
0.20912088
0.21210413
0.21207742
0.22443084
0.22198676
0.22949907
0.21679866
0.22198498
0.21104212
0.22031268
0.21641040
0.20717818
0.21564953
0.21871917
0.21044236
0.21842699
0.21735758
0.21843711
0.22678910
0.22308075
0.22010101
0.23246455
0.23187083
0.23463163
0.24239917
0.23623355
0.21579541
0.22540540
0.21101516
0.21733658
0.21738881
0.22377007
0.21694237
0.22065787
0.21790332
0.20781904
0.20836875
0.20642273
0.21033362
0.20126864
0.21063407
0.20937163
0.22040550
0.21430285
0.22014810
0.21198143
0.21247377
0.21932730
0.22292358
0.21108884
0.21661152
0.22534993
0.21569212
0.22604749
0.23570265
0.22460763
0.23736234
0.23436317
0.23317397
0.24380170
0.24317527
0.23946701
0.24546014
0.24868098
0.23767489
0.23253131
0.23737483
0.25164443
0.25614288
0.25532436
0.27262005
0.27008575
0.27997220
0.27430326
0.27560300
0.27818623
0.28497136
0.28052410
0.29736868
0.27377868
0.30885947
0.30228582
0.29403502
0.28510731
0.28739518
0.28165781
0.28389582
0.29171747
0.31371602
0.31293288
0.31872043
0.32501668
0.34514022
0.36641940
0.36520663
0.39158514
0.37282142
0.37952951
0.40576228
0.40063360
0.39439651
0.38065651
0.38325110
0.39319310
0.41013545
0.39285243
0.41903818
0.42430696
0.44615197
0.45065129
0.45017502
0.48509175
0.48143277
0.49643412
0.49830857
0.48978153
0.48259437
0.49006778
0.49674839
0.51162285
0.54996312
0.52423275
0.53410739
0.53930676
0.54515594
0.56709057
0.57023197
0.60249966
0.61294365
0.57684553
0.59798515
0.57662213
0.59393567
0.59590340
0.59565508
0.58461577
0.62260032
0.61012214
0.61523831
0.62495488
0.63132375
0.66192901
0.69925141
0.71817875
0.73343921
0.72406387
0.73881489
0.74443877
0.76606619
0.75532609
0.77708107
0.78394622
0.80527014
0.78852153
0.79972798
0.78847408
0.79713601
0.76458573
0.76646215
0.81778175
0.82447761
0.84089249
0.82840377
0.85076523
0.84901088
0.85448611
0.84845650
0.86107373
0.87465727
0.86645979
0.86802369
0.87695807
0.87936616
0.88831967
0.88738966
0.88332814
0.88661402
0.88974458
0.89955050
0.89873689
0.90694094
0.90899354
0.91628546
0.91757303
0.91075051
0.92549181
0.90896291
0.92027235
0.94497484
0.94063610
0.93653923
0.95082015
0.96409380
0.95455605
0.96914536
0.96635187
0.97925276
0.97832823
0.97527009
0.97907043
0.98383224
0.98546720
0.98695368
0.98422873
0.98535568
0.98795635
0.98928833
0.98475307
0.98765093
0.98598248
0.98726892
0.98672986
0.98778301
0.98752892
0.98763871
0.98828840
0.98851019
0.98967290
0.99003279
0.99378818
0.99349469
0.99263752
0.99543613
0.99526912
0.99518639
0.99592304
0.99697196
0.99702722
0.99735403
0.99768889
0.99798965
0.99790937
0.99820995
0.99888629
0.99893135
0.99903512
0.99908698
0.99890399
0.99890888
0.99896228
0.99886912
0.99870884
0.99853265
0.99851483
0.99859816
0.99875057
0.99883026
0.99877757
0.99890876
0.99886239
0.99917775
0.99915206
0.99919838
0.99895477
0.99883479
0.99887055
0.99885309
0.99883217
0.99864382
0.99852270
0.99858689
0.99863845
0.99898225
0.99901497
0.99914312
0.99897337
0.99898225
0.99915493
0.99925572
0.99920017
0.99926382
0.99918038
0.99928409
0.99927348
0.99921596
0.99924409
0.99905223
0.99900800
0.99905235
0.99890876
0.99878114
0.99862099
0.99861670
0.99816293
0.99789762
0.99722856
0.99704808
0.99689877
0.99719054
0.99746799
0.99813014
0.99865413
0.99893087
0.99902737
0.99898559
0.99897063
0.99870455
0.99836427
0.99762470
0.99667275
0.99530560
0.99429226
0.99388123
0.99310595
0.99362588
0.99505782
0.99787867
0.99827051
0.99870896
0.99901855
0.99929690
0.99925405
0.99916852
0.99917161
0.99942833
0.99934167
0.99938786
0.99935514
0.99941576
0.99935275
0.99936074
0.99936110
0.99935085
0.99941051
0.99938381
0.99938309
0.99928361
0.99913990
0.99904662
0.99908662
0.99912602
0.99929190
0.99944669
0.99923897
0.99881327
0.99910080
0.99915397
0.99911278
0.99925548
0.99917322
0.99921298
0.99912351
0.99899644
0.99882883
0.99897826
0.99887615
0.99866486
0.99904233
0.99907124
0.99894780
0.99899608
0.99899787
0.99905139
0.99920470
0.99929667
0.99931681
0.99929821
0.99923968
0.99920446
0.99927074
0.99924952
0.99927169
0.99911767
0.99914861
0.99893850
0.99904102
0.99905461
0.99883455
0.99881750
0.99901354
0.99885285
0.99901378
0.99922955
0.99927169
0.99921227
0.99889034
0.99879032
0.99859625
0.99878865
0.99883991
0.99896765
0.99899274
0.99891245
0.99890029
0.99891436
0.99913317
0.99915171
0.99895030
0.99885690
0.99886370
0.99890852
0.99905974
0.99876946
0.99826342
0.99815387
0.99783319
0.99765235
0.99623787
0.99578744
0.99504918
0.99345303
0.99322021
0.99463993
0.99468911
0.99075586
0.99085367
0.99178857
0.99255919
0.98926419
0.99166459
0.99032587
0.99131572
0.99048853
0.98951507
0.99071234
0.99115211
0.98902869
0.99055451
0.99192399
0.99070907
0.99133718
0.98959458
0.98420399
0.98847485
0.98509896
0.98279977
0.97304428
0.95865476
0.93971241
0.90794456
0.92190570
0.92592239
0.91050476
0.88810331
0.88610947
0.87892705
0.88083810
0.86718291
0.84937340
0.84520090
0.83171678
0.82218134
0.81943607
0.79991287
0.77552837
0.76202822
0.75678903
0.75387251
0.72843772
0.71185142
0.69637859
0.69609052
0.68474883
0.67930996
0.67802197
0.67437768
0.65805721
0.66990221
0.66172498
0.66141683
0.64235657
0.61554122
0.62285346
0.62559962
0.62950468
0.62805551
0.62356102
0.61686736
0.57807028
0.58204985
0.59695756
0.57788962
0.54314554
0.51568061
0.51260543
0.51728874
0.51413095
0.47845992
0.48973715
0.49829566
0.51229233
0.49571535
0.47237197
0.45165470
0.44288725
0.42753771
0.40830413
0.39916316
0.41551903
0.41411906
0.37661561
0.37393269
0.36542365
0.36040592
0.34061989
0.34723181
0.30424756
0.28548628
0.27177989
0.25456101
0.27423087
0.24048050
0.17393672
0.26642147
0.24702537
0.24502686
0.19443364
0.23161763
0.20189565
0.18174616
0.16275868
0.18366162
0.20530349
0.18315378
0.22616214
0.16960888
0.19273444
0.16959371
0.18093921
0.15526818
0.15478314
0.11714446
0.08548050
0.10602813
0.14547266
0.13601321
0.11403549
0.10586128
0.09436774
0.09835634
0.07761677
0.08554167
0.06987735
0.06747422
0.04951718
0.06585503
0.05751151
0.07427555
0.05225144
0.04364139
0.04257223
0.06184231
0.05381888
0.05271388
0.05410509
0.05555155
0.06687669
0.04234641
0.05012227
0.05110509
0.03872137
0.03732669
0.04684906
0.03197084
0.02457358
0.02811587
0.02484521
0.01703735
0.03737614
0.01953841
0.01364586
0.01111083
0.01130785
0.01621365
0.01609488
0.01085907
0.01339826
0.00942873
0.00830862
0.00840321
0.00855495
0.00819219
0.00542158
0.00495506
0.00375054
0.00365936
0.00339027
0.00463749
0.00279679
0.00447439
0.00308913
0.00207332
0.00350629
0.00292598
0.00217247
0.00240925
0.00223858
0.00311341
0.00247605
0.00445149
0.00411599
0.00307865
0.00332645
0.00398833
0.00382700
0.00363812
0.00367577
0.00315689
0.00415287
0.00551765
0.00484315
0.00299334
0.00464815
0.00471330
0.00314414
0.00380477
0.00266002
0.00287013
0.00365600
0.00256555
0.00263447
0.00433288
0.00294535
0.00334071
0.00467706
0.00286102
0.00320647
0.00372330
0.00318819
0.00360730
0.00455647
0.00510702
0.00452883
0.00450962
0.00414735
0.00361415
0.00471511
0.00362132
0.00342570
0.00420635
0.00416229
0.00320909
0.00219030
0.00240752
0.00223035
0.00296927
0.00347377
0.00380959
0.00279576
0.00294390
0.00325550
0.00291254
0.00364825
0.00407137
0.00360722
0.00259077
0.00420468
0.00328787
0.00313284
0.00285834
0.00425504
0.00312293
0.00382952
0.00489815
0.00340889
0.00230954
0.00372933
0.00346092
0.00387340
0.00415952
0.00374873
0.00474241
0.00323839
0.00332834
0.00415680
0.00429015
0.00406106
0.00295343
0.00370582
0.00365913
0.00443276
0.00335958
0.00328673
0.00420061
0.00422430
0.00344016
0.00485983
0.00540090
0.00357466
0.00377530
0.00325134
0.00360403
0.00282867
0.00364942
0.00360936
0.00381874
0.00312947
0.00314174
0.00282698
0.00296468
0.00337965
0.00316806
0.00314200
0.00205664
0.00329585
0.00323425
0.00181011
0.00330053
0.00364604
0.00313207
0.00283360
0.00238691
0.00302129
0.00286751
0.00298281
0.00269586
0.00299132
0.00248495
0.00319245
0.00327376
0.00311826
0.00337009
0.00404583
0.00344817
0.00431305
0.00251333
0.00425488
0.00332464
0.00452081
0.00365717
0.00259131
0.00436900
0.00414396
0.00386928
0.00337340
0.00287515
0.00453075
0.00363471
0.00366605
0.00293100
0.00352827
0.00367474
0.00449014
0.00429339
0.00434430
0.00527366
0.00318882
0.00396470
0.00271100
0.00280551
0.00365839
0.00280362
0.00319072
0.00355385
0.00323528
0.00232334
0.00236353
0.00226914
0.00325516
0.00265056
0.00366255
0.00340157
0.00390589
0.00314567
0.00354992
0.00344109
0.00240939
0.00427614
0.00249034
0.00290238
0.00330007
0.00192156
0.00265312
0.00256218
0.00207703
0.00248655
0.00262988
0.00241018
0.00415615
0.00283726
0.00209052
0.00302734
0.00180132
0.00326117
0.00350008
0.00382406
0.00299718
0.00382559
0.00438122
0.00336169
0.00414251
0.00402794
0.00319215
0.00271829
0.00332027
0.00280089
0.00532172
0.00449726
0.00499819
0.00528540
0.00408924
0.00406534
0.00445512
0.00376321
0.00395021
0.00589490
0.00392974
0.00301912
0.00448115
0.00452025
0.00414308
0.00562110
0.00507710
0.00454260
0.00506252
0.01091596
0.01361535
0.01216578
0.01390499
0.01471114
0.01191424
0.01204684
0.00781750
0.00934367
0.00763220
0.01340767
0.01141043
0.01284324
0.00721391
0.00491070
0.00675076
0.00516679
0.00506559
0.00549287
0.00504161
0.00547991
0.00414357
0.00450454
0.00498079
0.00449303
0.00470122
0.00617365
0.00722759
0.00731929
0.01213528
0.01042509
0.01460795
0.01874734
0.01846525
0.03089902
0.02847248
0.04036497
0.03209387
0.03948837
0.02021364
0.02740494
0.01904516
0.02494859
0.02170916
0.02747532
0.03164725
0.02709196
0.02019348
0.01805728
0.02293549
0.02088433
0.02825228
0.01944776
0.02870651
0.02885377
0.03231246
0.04255179
0.03213374
0.04722375
0.05027493
0.05046007
0.04842651
0.03872217
0.05216404
0.03907780
0.05058025
0.05560727
0.06385817
0.06467633
0.07028739
0.07180762
0.08163244
0.07631037
0.07700371
0.08977447
0.09647649
0.09171799
0.08793148
0.09777482
0.10973804
0.11704184
0.10691883
0.11664926
0.13230696
0.13863324
0.16453935
0.18159376
0.17128502
0.18043198
0.21686381
0.17693014
0.19214287
0.20466729
0.21750143
0.27625385
0.27036649
0.29034966
0.28258529
0.32685599
0.31179699
0.31316277
0.32973096
0.36255530
0.34245849
0.38150564
0.38598996
0.37731102
0.37771076
0.39641106
0.42452118
0.42698419
0.42913657
0.42198449
0.43173137
0.43146884
0.43257335
0.45759571
0.46385711
0.47247466
0.47409755
0.46703693
0.51426727
0.53249884
0.56712347
0.60183364
0.58703667
0.58641291
0.59660476
0.60143214
0.62677830
0.63178766
0.62543643
0.62336195
0.63845849
0.63308251
0.66859555
0.68270653
0.68414038
0.67392510
0.66060013
0.65442210
0.65723962
0.68773550
0.67779928
0.70759863
0.73617613
0.73890531
0.75636220
0.80134898
0.80671173
0.83376741
0.84377247
0.85925013
0.85936153
0.89202201
0.87178636
0.88871276
0.89547020
0.91388220
0.90785450
0.92025256
0.93331945
0.95386440
0.95556915
0.97410280
0.97261322
0.96351552
0.96549749
0.97443771
0.97637081
0.97633618
0.97474933
0.98026663
0.98273289
0.98185742
0.97184426
0.97299409
0.97558492
0.98104674
0.97105861
0.97499985
0.96519119
0.98277110
0.98434228
0.98968703
0.99274546
0.99380553
0.99531013
0.99693584
0.99641633
0.99696630
0.99763811
0.99776447
0.99672526
0.99712062
0.99797708
0.99838436
0.99850178
0.99830699
0.99849939
0.99854445
0.99860281
0.99863559
0.99863535
0.99851924
0.99846846
0.99860531
0.99879420
0.99901104
0.99881554
0.99909592
0.99901807
0.99902618
0.99895620
0.99884427
0.99883884
0.99919361
0.99927932
0.99933147
0.99933404
0.99917930
0.99917477
0.99925393
0.99932563
0.99922585
0.99904531
0.99908566
0.99908316
0.99906141
0.99908984
0.99917489
0.99920601
0.99939620
0.99938989
0.99939394
0.99923003
0.99918216
0.99905032
0.99939835
0.99938715
0.99938869
0.99947029
0.99940002
0.99922550
0.99905318
0.99917990
0.99939811
0.99934965
0.99929738
0.99950945
0.99959487
0.99929440
0.99913293
0.99927264
0.99945670
0.99945039
0.99926549
0.99910432
0.99920613
0.99936479
0.99931240
0.99917620
0.99916422
0.99930060
0.99935943
0.99928349
0.99927145
0.99936110
0.99948502
0.99932849
0.99934071
0.99920219
0.99935335
0.99927372
0.99929106
0.99917418
0.99919480
0.99931049
0.99929214
0.99938977
0.99914777
0.99914443
0.99921429
0.99923229
0.99923313
0.99926060
0.99923384
0.99924904
0.99927825
0.99941587
0.99940479
0.99936408
0.99932563
0.99942893
0.99941480
0.99946886
0.99951625
0.99955982
0.99955660
0.99960321
0.99957389
0.99947411
0.99932206
0.99942255
0.99953449
0.99950087
0.99944800
0.99944383
0.99947959
0.99952400
0.99953651
0.99952543
0.99944419
0.99926203
0.99921620
0.99927765
0.99932861
0.99946183
0.99943513
0.99946445
0.99951720
0.99950671
0.99957722
0.99948174
0.99949872
0.99952602
0.99952269
0.99936157
0.99931109
0.99930370
0.99951994
0.99960107
0.99946314
0.99936169
0.99949789
0.99949801
0.99934083
0.99935800
0.99943322
0.99936396
0.99938691
0.99907112
0.99900442
0.99898463
0.99867070
0.99890995
0.99881065
0.99857342
0.99817336
0.99861705
0.99868983
0.99845994
0.99845672
0.99895775
0.99900669
0.99893183
0.99850768
0.99853039
0.99879360
0.99889106
0.99878269
0.99851245
0.99850464
0.99871063
0.99863201
0.99891853
0.99867707
0.99868661
0.99862802
0.99859208
0.99870372
0.99841285
0.99850166
0.99886096
0.99906129
0.99897456
0.99816447
0.99801588
0.99821258
0.99806565
0.99848479
0.99788266
0.99762243
0.99835783
0.99892777
0.99847943
0.99754202
0.99665475
0.99421352
0.98793679
0.98560089
0.98292232
0.96986669
0.95866805
0.95552158
0.95184577
0.96041846
0.97902083
0.95666754
0.96602315
0.97478175
0.97145748
0.97272134
0.97184968
0.97740299
0.97712392
0.97692162
0.97460914
0.97051942
0.98274165
0.97437626
0.98427767
0.97982359
0.98361337
0.97823536
0.98508739
0.97600162
0.98445249
0.97825086
0.97812402
0.98090577
0.98121452
0.98377544
0.98669136
0.97884458
0.98382473
0.98427922
0.98675042
0.97604650
0.97421771
0.98728812
0.98605728
0.98066586
0.98688030
0.97769302
0.96377945
0.80890650
0.78489047
0.79249394
0.15284283
0.11066757
0.15902184
0.09739262
0.10698838
0.14235987
0.08359363
0.10198488
0.05409860
0.06501354
0.05492167
0.04730519
0.05438308
0.10365781
0.05272098
0.03892789
0.01446664
0.00728279
0.01263921
0.01080751
0.02816180
0.02388605
0.01436798
0.03165729
0.02528376
0.03352011
0.07663263
0.04569371
0.02230675
0.02730652
0.02488751
0.02333466
0.02534905
0.02697734
0.03313924
0.02921953
0.01184526
0.03141383
0.04642374
0.04807461
0.04319666
0.02463944
0.00979773
0.01071290
0.00667762
0.00281348
0.00158706
0.00057038
0.00083066
0.00064374
0.00075207
0.00071605
0.00084245
0.00079309
0.00102107
0.00098098
0.00072860
0.00116140
0.00089982
0.00086592
0.00155380
0.00083748
0.00171895
0.00298971
0.01071614
0.04563760
0.05068170
0.17861851
0.07455367
0.06949431
0.03160499
0.03750091
0.02970860
0.02219265
0.02648108
0.01850882
0.02884986
0.02441380
0.03597329
0.02993081
0.01497983
0.02377167
0.02862520
0.05312396
0.04301369
0.05795375
0.05173709
0.03375997
0.06450246
0.03566301
0.03362965
0.03856080
0.03474685
0.01780358
0.01412269
0.01117236
0.02033925
0.01759767
0.00938757
0.01370763
0.00897652
0.00877790
0.00859622
0.01139250
0.01245881
0.01028388
0.01403008
0.01393788
0.01858725
0.05825924
0.50444436
0.86399877
0.88624811
0.95258927
0.96307141
0.96869487
0.97862077
0.97959453
0.97576785
0.97874022
0.97997862
0.97982854
0.97480720
0.97780401
0.97550076
0.96543193
0.97202522
0.96494275
0.97380316
0.97760177
0.96987027
0.98021013
0.96493417
0.95411849
0.97999853
0.97745878
0.97075856
0.96591139
0.97082627
0.96536815
0.97295052
0.96752250
0.96806037
0.95395130
0.95087481
0.96099764
0.95921427
0.97239619
0.96032983
0.93836427
0.92609322
0.95554322
0.96675473
0.96873671
0.96046144
0.97556019
0.97633255
0.97508788
0.98287737
0.98984444
0.99681830
0.99800986
0.99844140
0.99874157
0.99873525
0.99871564
0.99871695
0.99841273
0.99845076
0.99757141
0.99880493
0.99912983
0.99925667
0.99930108
0.99936622
0.99934715
0.99934858
0.99933392
0.99925190
0.99921274
0.99927074
0.99927241
0.99929976
0.99931824
0.99930990
0.99933439
0.99932230
0.99936539
0.99943131
0.99936908
0.99942231
0.99952006
0.99951971
0.99943310
0.99930251
0.99929583
0.99923968
0.99923193
0.99922538
0.99915779
0.99911314
0.99920851
0.99929535
0.99948370
0.99943537
0.99943250
0.99933296
0.99936849
0.99939549
0.99931419
0.99923909
0.99921262
0.99911755
0.99916351
0.99918550
0.99911362
0.99919027
0.99924481
0.99927455
0.99926513
0.99932015
0.99931085
0.99927801
0.99925035
0.99928927
0.99919349
0.99917161
0.99913967
0.99912959
0.99913919
0.99911767
0.99914694
0.99921322
0.99915230
0.99918240
0.99931180
0.99924040
0.99931729
0.99938512
0.99940312
0.99934357
0.99925238
0.99915850
0.99897075
0.99844569
0.99778491
0.99707663
0.99536324
0.99540579
0.99505496
0.99452776
0.99429309
0.99603987
0.99607277
0.99716055
0.99568719
0.99501109
0.99572986
0.99560356
0.99541014
0.99608934
0.99567139
0.99549723
0.99592257
0.99538356
0.99557036
0.99667275
0.99797267
0.99868160
0.99893552
0.99908423
0.99930191
0.99948114
0.99953258
0.99950898
0.99952233
0.99950278
0.99950671
0.99953318
0.99943668
0.99950397
0.99940467
0.99956208
0.99960524
0.99949121
0.99946076
0.99947006
0.99940085
0.99939859
0.99944800
0.99941158
0.99939203
0.99929965
0.99926072
0.99932408
0.99919277
0.99907458
0.99911612
0.99926168
0.99930441
0.99915159
0.99904245
0.99910671
0.99897492
0.99895322
0.99895132
0.99888986
0.99888736
0.99884206
0.99883729
0.99869365
0.99864525
0.99871862
0.99860436
0.99868768
0.99882907
0.99884570
0.99893194
0.99918181
0.99940240
0.99938941
0.99923193
0.99917501
0.99905080
0.99902880
0.99905521
0.99901414
0.99891925
0.99879199
0.99886453
0.99890125
0.99895358
0.99886763
0.99877030
0.99886453
0.99866045
0.99851054
0.99847275
0.99802858
0.99840349
0.99871039
0.99881268
0.99890542
0.99888390
0.99899000
0.99900526
0.99892068
0.99889803
0.99879384
0.99879503
0.99895167
0.99918014
0.99928707
0.99937844
0.99947041
0.99948514
0.99949002
0.99943417
0.99930215
0.99929023
0.99932742
0.99929106
0.99924171
0.99931860
0.99923801
0.99922037
0.99922562
0.99925834
0.99937785
0.99936908
0.99921143
0.99924433
0.99923182
0.99904794
0.99902940
0.99881065
0.99867886
0.99829584
0.99845076
0.99861741
0.99843210
0.99839991
0.99850887
0.99854654
0.99848276
0.99836212
0.99838388
0.99807656
0.99781442
0.99781656
0.99713612
0.99684024
0.99685258
0.99729460
0.99729049
0.99805450
0.99828303
0.99922824
0.99935585
0.99928504
0.99937820
0.99945801
0.99953461
0.99947852
0.99933428
0.99940658
0.99949503
0.99939775
0.99939656
0.99937671
0.99933726
0.99941766
0.99943918
0.99945980
0.99943477
0.99925834
0.99942410
0.99941599
0.99929368
0.99928254
0.99912673
0.99906319
0.99898773
0.99892247
0.99876440
0.99890840
0.99904615
0.99930525
0.99938822
0.99941134
0.99943298
0.99947387
0.99954730
0.99956709
0.99956697
0.99945980
0.99943715
0.99942529
0.99934798
0.99932325
0.99935406
0.99932754
0.99925011
0.99920779
0.99930108
0.99924505
0.99924755
0.99925202
0.99915218
0.99932671
0.99930453
0.99936730
0.99946004
0.99942017
0.99929953
0.99931991
0.99935919
0.99935800
0.99940717
0.99943250
0.99939239
0.99950767
0.99952137
0.99949193
0.99933606
0.99941373
0.99940109
0.99948418
0.99950910
0.99950588
0.99954873
0.99957174
0.99947554
0.99948186
0.99948210
0.99937028
0.99934322
0.99940491
0.99937516
0.99944037
0.99941993
0.99945968
0.99951851
0.99955910
0.99958688
0.99951720
0.99952400
0.99953914
0.99949527
0.99943691
0.99933583
0.99937338
0.99933833
0.99945849
0.99951422
0.99940872
0.99909770
0.99887949
0.99896610
0.99889332
0.99864119
0.99865890
0.99874520
0.99849713
0.99820173
0.99765515
0.99678361
0.99331611
0.98457795
0.94298714
0.86427331
0.82302839
0.72400105
0.69625348
0.67973256
0.65286899
0.62325996
0.59971166
0.60125089
0.58398908
0.55780911
0.57691276
0.57321531
0.56294000
0.56599498
0.57846874
0.56891143
0.59340686
0.57529122
0.57307166
0.57425171
0.55606413
0.57793975
0.56047559
0.55200833
0.55325395
0.54912174
0.54908383
0.56625777
0.56050330
0.57285804
0.55937010
0.57771087
0.55643117
0.55261898
0.53250700
0.52519470
0.49754372
0.49875855
0.51721883
0.52104568
0.51711333
0.51424128
0.51729524
0.53122693
0.51696128
0.50603253
0.50322461
0.49515367
0.47451466
0.47585273
0.48647028
0.49006402
0.50065470
0.50001496
0.49886638
0.47772244
0.44194448
0.43533012
0.43461129
0.46061742
0.43905824
0.48443559
0.50154144
0.50581586
0.51819223
0.52293164
0.52293348
0.51837063
0.51856428
0.51602089
0.51266432
0.51410234
0.51281804
0.51729053
0.51587975
0.51198506
0.50795883
0.50640035
0.50211024
0.50469202
0.49932665
0.50438690
0.50343090
0.50522745
0.51195079
0.50652701
0.50981015
0.51402426
0.52108949
0.51868105
0.52165306
0.51530367
0.51808023
0.51981783
0.51701701
0.51715523
0.51793021
0.52429438
0.53323936
0.53114301
0.54161417
0.55477262
0.56733137
0.58439839
0.59244972
0.59622872
0.59803754
0.61968988
0.62374294
0.61399633
0.65552104
0.65453213
0.63981283
0.65703750
0.67934614
0.71224892
0.78057814
0.87993693
0.88057792
0.90967995
0.89827436
0.91524452
0.92188293
0.94094789
0.96359730
0.94891697
0.95203871
0.96034127
0.95689780
0.97791022
0.98029983
0.98628706
0.98709667
0.99102825
0.99308985
0.99421197
0.99558192
0.99674749
0.99658906
0.99611557
0.99703479
0.99678171
0.99702257
0.99680835
0.99673128
0.99719465
0.99641991
0.99546117
0.99587017
0.99579751
0.99580067
0.99657875
0.99614370
0.99527895
0.98963261
0.98177582
0.95820308
0.93350077
0.95039552
0.93661934
0.92801756
0.92152774
0.89819753
0.79928285
0.77856451
0.73204851
0.74219733
0.74306262
0.71293348
0.69693220
0.67677301
0.68726850
0.68819892
0.66810536
0.65529394
0.62775654
0.59071386
0.55717903
0.52026385
0.48844203
0.44994500
0.39177072
0.34274682
0.35666266
0.32417297
0.31012034
0.29398954
0.27019659
0.23558979
0.23697618
0.23546366
0.23074462
0.22326550
0.21452352
0.19270375
0.22377090
0.25398877
0.26694360
0.27746427
0.28711495
0.26509786
0.24291511
0.22769001
0.24220781
0.25477424
0.27272758
0.28597152
0.27953550
0.28526175
0.29090068
0.27709618
0.30085632
0.29324642
0.29805136
0.27087361
0.26856342
0.25843060
0.25686595
0.25745058
0.25150323
0.24907871
0.24716797
0.25519770
0.23459238
0.22978775
0.20981455
0.21282081
0.22349326
0.20075360
0.20787412
0.19653754
0.19063011
0.18890178
0.21205159
0.21466437
0.21191518
0.21440406
0.20399468
0.21694453
0.24472804
0.24446408
0.23856360
0.24392523
0.25702858
0.26275495
0.25257674
0.26818821
0.28268412
0.28810224
0.28130829
0.28381211
0.29342720
0.30582696
0.29661745
0.30390874
0.29603562
0.30663696
0.31393147
0.33048156
0.34355804
0.37419462
0.38227907
0.40110588
0.41298941
0.42141235
0.44459492
0.46484613
0.49347070
0.53316575
0.58061033
0.59875965
0.61927974
0.69410425
0.70875597
0.80475396
0.89061213
0.91836846
0.93961096
0.96592939
0.97471082
0.98452663
0.98182642
0.98360932
0.98626649
0.98624724
0.98773557
0.98680693
0.98647213
0.98872769
0.98878688
0.98472565
0.98251927
0.98242617
0.98116106
0.98019665
0.97842228
0.97265279
0.96927935
0.98835701
0.99150229
0.99511456
0.99637634
0.99658823
0.99771333
0.99832588
0.99846172
0.99873382
0.99887246
0.99892128
0.99904543
0.99909902
0.99918193
0.99925917
0.99930120
0.99923217
0.99919003
0.99914670
0.99931443
0.99934930
0.99934202
0.99930298
0.99915528
0.99914145
0.99902225
0.99905914
0.99909997
0.99901330
0.99847347
0.99819404
0.99758208
0.99708110
0.99661237
0.99529064
0.99401903
0.99181068
0.98938191
0.98610395
0.98708701
0.98638725
0.98657829
0.98604858
0.98050779
0.98000610
0.95623815
0.93953657
0.92273909
0.90734434
0.89582497
0.88946772
0.87293029
0.78094018
0.84684676
0.76104206
0.75545675
0.68302071
0.67537838
0.64993525
0.66668022
0.60832328
0.52880913
0.43687472
0.32345629
0.28301057
0.28547230
0.18476342
0.16074374
0.12713881
0.12694277
0.09956649
0.06338856
0.04939399
0.09170011
0.03995019
0.04810651
0.04583303
0.04064508
0.03792700
0.03557796
0.03037242
0.03076943
0.01615894
0.01346585
0.01308925
0.01280545
0.01526339
0.00962246
0.01326319
0.00924711
0.01255898
0.00925382
0.00673249
0.00600617
0.00464648
0.00465635
0.00476574
0.00501067
0.00466021
0.00567670
0.00538818
0.00500845
0.00468120
0.00367756
0.00375866
0.00291881
0.00376027
0.00366408
0.00371085
0.00333577
0.00291276
0.00303476
0.00356185
0.00291283
0.00384946
0.00354803
0.00313230
0.00445853
0.00531673
0.00529264
0.00476220
0.00812791
0.00550142
0.00708819
0.02159517
0.04621750
0.06651404
0.10520755
0.11054765
0.12270745
0.16949059
0.18211579
0.15165387
0.13657959
0.12510599
0.09251750
0.10795978
0.11425157
0.08460698
0.09691209
0.10482757
0.09065310
0.13746284
0.13034202
0.12503040
0.14228934
0.16037709
0.19132760
0.20832673
0.24411131
0.19366707
0.19648945
0.27974391
0.31581390
0.38930005
0.44081226
0.46433967
0.52419692
0.62070882
0.66207868
0.75004131
0.85257810
0.87105572
0.90010500
0.90708798
0.94945222
0.95969129
0.96127713
0.95077932
0.94839931
0.95140344
0.98335922
0.99224263
0.99365568
0.99467093
0.99706322
0.99825615
0.99824798
0.99870729
0.99839371
0.99877769
0.99887699
0.99869460
0.99872774
0.99893242
0.99894112
0.99901640
0.99907196
0.99907815
0.99899691
0.99969769
0.99971658
0.99965394
0.99937540
0.99927562
0.99922705
0.99912351
0.99913955
0.99926692
0.99907058
0.99709201
0.99388570
0.99132651
0.97396672
0.96773750
0.96346605
0.94390690
0.92030233
0.89075238
0.96502155
0.95346785
0.92345554
0.90781164
0.90271145
0.85073918
0.82400459
0.69284558
0.64727241
0.72654760
0.60064828
0.57309943
0.56257540
0.41731736
0.48451799
0.48781279
0.39662629
0.29408142
0.35172126
0.27919501
0.34333229
0.32035220
0.43142611
0.43328232
0.46173996
0.30175218
0.42525378
0.42318827
0.61899674
0.58665144
0.47029370
0.63913447
0.57551962
0.55100536
0.58060133
0.47524348
0.50521332
0.63830358
0.80817527
0.93957037
0.98583037
0.99518710
0.99641329
0.99782604
0.99728978
0.99307585
0.99815089
0.99929428
0.99945182
0.99937171
0.99924743
0.99930286
0.99945575
0.99936646
0.99932158
0.99940491
0.99940884
0.99937743
0.99940276
0.99933785
0.99934870
0.99939001
0.99945301
0.99945682
0.99941623
0.99938631
0.99954909
0.99964333
0.99955708
0.99930525
0.99919611
0.99935538
0.99936897
0.99924028
0.99907780
0.99924672
0.99932516
0.99935490
0.99925369
0.99922442
0.99913341
0.99868864
0.99888653
0.99902833
0.99917251
0.99903619
0.99900872
0.99905747
0.99911433
0.99917620
0.99921370
0.99922299
0.99921298
0.99931037
0.99924600
0.99921644
0.99919099
0.99908757
0.99912471
0.99920756
0.99922013
0.99912399
0.99907243
0.99899751
0.99894994
0.99879444
0.99882084
0.99867541
0.99858677
0.99861777
0.99871087
0.99907792
0.99913150
0.99914491
0.99921453
0.99918169
0.99921191
0.99903858
0.99918073
0.99923348
0.99931252
0.99926251
0.99930286
0.99924052
0.99935311
0.99936384
0.99933749
0.99933535
0.99932313
0.99933964
0.99936825
0.99940133
0.99945754
0.99947613
0.99948883
0.99948823
0.99942881
0.99951339
0.99942952
0.99952734
0.99945527
0.99940956
0.99939382
0.99943012
0.99943429
0.99940085
0.99927348
0.99930465
0.99939096
0.99940312
0.99930763
0.99922836
0.99918491
0.99916148
0.99918419
0.99908972
0.99905449
0.99903691
0.99907923
0.99898070
0.99887627
0.99894100
0.99893910
0.99891424
0.99883634
0.99883741
0.99879813
0.99865305
0.99866533
0.99892789
0.99914825
0.99887437
0.99891818
0.99897265
0.99887699
0.99855191
0.99887282
0.99899894
0.99905235
0.99918181
0.99884218
0.99869907
0.99844921
0.99867600
0.99884379
0.99880421
0.99841201
0.99874616
0.99877852
0.99824440
0.99764204
0.99756765
0.99690896
0.99649435
0.99551672
0.99348563
0.98987472
0.97661781
0.96541584
0.94872880
0.94702691
0.93603009
0.96233779
0.93007761
0.93313539
0.90816134
0.91817969
0.82671607
0.83180410
0.69440854
0.66457105
0.58735549
0.57004845
0.58515537
0.61766559
0.60725242
0.64739102
0.60954833
0.53993201
0.57950598
0.53732157
0.56898904
0.52076900
0.49441099
0.46056494
0.47446889
0.46513912
0.47782072
0.50117356
0.49567235
0.47948021
0.45269457
0.44227022
0.45399308
0.44283366
0.43982720
0.41174379
0.38452253
0.37418672
0.41358390
0.40712753
0.38543361
0.35280308
0.36313048
0.36069521
0.31723869
0.34250826
0.34408382
0.36778989
0.35596722
0.39267567
0.39734960
0.39832181
0.38555351
0.38457739
0.40163806
0.41397709
0.43208063
0.41715178
0.41196349
0.41061792
0.41410121
0.44793519
0.44918904
0.47083008
0.48947945
0.50287342
0.48634523
0.48718837
0.48718372
0.48434168
0.49457389
0.50060511
0.49889416
0.50899482
0.50050193
0.51135600
0.51331604
0.51126248
0.52048254
0.54727894
0.57037711
0.59250587
0.57578564
0.56053013
0.58299732
0.59243214
0.62436861
0.65307945
0.66260034
0.73579842
0.74888176
0.80535483
0.81979066
0.81873971
0.84541720
0.91216898
0.94324130
0.95417047
0.97134483
0.97007388
0.95420718
0.96151930
0.95703292
0.95377767
0.97431111
0.98581672
0.98625320
0.98600513
0.99024826
0.98074776
0.98514199
0.99176872
0.99378765
0.99149281
0.99069083
0.98969156
0.99144489
0.99084878
0.98860615
0.99089289
0.99089116
0.98239487
0.97449684
0.97781050
0.96403718
0.87786835
0.73785967
0.64347315
0.59172994
0.54971218
0.53702050
0.54536676
0.53323132
0.52007836
0.52609718
0.51399165
0.53787941
0.52636075
0.50954527
0.51705891
0.51421177
0.51495522
0.51296473
0.50706428
0.49386308
0.49801001
0.47211075
0.47673368
0.45698607
0.42330953
0.40052062
0.40262383
0.39377570
0.36498266
0.32280859
0.32500353
0.29332462
0.30517471
0.27066764
0.30216157
0.30415663
0.31441626
0.31759229
0.34169585
0.36899155
0.36560583
0.35519356
0.33973739
0.32334137
0.33264169
0.32321706
0.29717660
0.25691205
0.22123523
0.22784278
0.20602608
0.22130835
0.22063361
0.20928398
0.22603147
0.21301700
0.22789338
0.21470907
0.17468034
0.20796563
0.19656186
0.17686063
0.17618799
0.15157649
0.16245762
0.18363918
0.18670332
0.21302925
0.17632082
0.20230849
0.18585886
0.19650014
0.21085936
0.19453643
0.21610096
0.20684630
0.17920354
0.18778177
0.21620366
0.18950862
0.20288885
0.20768043
0.20491542
0.20662276
0.21182400
0.20989420
0.20766826
0.21950276
0.23177212
0.20981860
0.21078955
0.21828862
0.24343283
0.23089065
0.24378155
0.26671293
0.28198606
0.29298195
0.28293893
0.28598061
0.28167275
0.26927292
0.27725223
0.29372427
0.30589572
0.30204192
0.30766857
0.31991515
0.31734824
0.33987936
0.39435738
0.44842780
0.50116408
0.57171196
0.63759899
0.71629614
0.89528012
0.92047971
0.93627572
0.95743120
0.97945821
0.99070871
0.99660397
0.99781823
0.99834287
0.99847358
0.99886924
0.99880040
0.99899501
0.99908042
0.99923074
0.99930298
0.99938393
0.99936444
0.99932170
0.99937987
0.99935228
0.99932539
0.99933320
0.99945289
0.99939537
0.99940836
0.99955398
0.99949360
0.99962008
0.99961013
0.99965072
0.99954152
0.99951315
0.99964166
0.99949658
0.99951327
0.99943250
0.99946779
0.99948198
0.99952769
0.99951172
0.99971050
0.99954396
0.99949777
0.99928039
0.99941075
0.99951959
0.99948955
0.99951863
0.99954647
0.99936038
0.99954528
0.99944204
0.99935895
0.99947602
0.99951851
0.99949801
0.99957806
0.99955708
0.99946219
0.99946302
0.99952877
0.99954319
0.99947387
0.99934465
0.99912804
0.99894518
0.99885321
0.99847490
0.99857450
0.99805105
0.99761921
0.99731356
0.99615115
0.99472320
0.99239337
0.98937947
0.99031746
0.98513168
0.98730046
0.99007112
0.99020070
0.97723836
0.95551211
0.94535089
0.92095643
0.92911357
0.86519963
0.88956618
0.85962504
0.82344425
0.85205787
0.75017238
0.67016625
0.58580971
0.60815346
0.50207597
0.37740570
0.43685141
0.36541969
0.31633258
0.29383448
0.25486431
0.24840100
0.25411436
0.21901351
0.22798312
0.22429399
0.18789621
0.16636670
0.16812617
0.12437709
0.13000448
0.10624119
0.06259268
0.04794596
0.03373811
0.02937174
0.01726930
0.00961529
0.01021285
0.00677574
0.00907292
0.00945480
0.00718860
0.00929556
0.01017956
0.00950503
0.00617943
0.00598681
0.00919876
0.00917205
0.00771066
0.00619495
0.00868143
0.00625666
0.00904916
0.00452031
0.00623157
0.00551578
0.00484304
0.00504887
0.00426588
0.00545299
0.00323625
0.00358470
0.00390761
0.00429868
0.00417592
0.00254608
0.00421122
0.00341015
0.00454494
0.00395829
0.00472104
0.00547094
0.00752232
0.01065326
0.01083161
0.01141092
0.00822139
0.01001908
0.00780453
0.01420703
0.02274034
0.04148999
0.05584202
0.08859213
0.10183915
0.15345353
0.18177527
0.18906029
0.18137065
0.20119222
0.21506365
0.17783858
0.16973053
0.15355314
0.14639305
0.08578128
0.12458145
0.15021844
0.19554541
0.20542857
0.19816451
0.20625506
0.24881534
0.25689757
0.22618139
0.25318319
0.26809075
0.32728684
0.34989807
0.37015700
0.40109706
0.46195728
0.51212513
0.53471500
0.56864858
0.60028058
0.60784310
0.63161808
0.66321021
0.70936126
0.73372352
0.76846904
0.79502457
0.82284379
0.85331738
0.90304643
0.93718916
0.95153946
0.95953518
0.96690506
0.98046780
0.98660672
0.99205738
0.99389255
0.99408615
0.99462950
0.99475574
0.99801326
0.99840909
0.99865627
0.99880183
0.99882358
0.99862862
0.99862623
0.99866498
0.99872833
0.99866688
0.99606413
0.99608696
0.99273711
0.98516166
0.97586673
0.97178990
0.97523707
0.96858317
0.97010171
0.97033060
0.93561769
0.92046618
0.92659152
0.83016056
0.89770806
0.92102844
0.57131678
0.28754556
0.40483785
0.60416704
0.29706547
0.03815667
0.03135739
0.04828537
0.14086179
0.17026606
0.29800716
0.49758857
0.43962798
0.38452020
0.58774275
0.50966299
0.59861970
0.71957850
0.83422512
0.80209851
0.71377069
0.78156990
0.71425366
0.62336493
0.72967553
0.68549544
0.50819576
0.61974049
0.55070859
0.61065537
0.76341802
0.83249438
0.76944262
0.82769561
0.92215592
0.94003171
0.95260012
0.93743896
0.98267072
0.99550134
0.99750525
0.99780124
0.99824947
0.99869531
0.99895775
0.99891365
0.99899811
0.99907398
0.99916363
0.99902213
0.99896073
0.99914241
0.99927586
0.99941671
0.99956912
0.99938309
0.99935395
0.99932861
0.99926752
0.99932253
0.99927288
0.99920076
0.99922562
0.99928838
0.99932718
0.99926072
0.99917209
0.99930131
0.99927455
0.99923408
0.99905986
0.99907696
0.99913567
0.99918300
0.99923205
0.99930489
0.99930179
0.99927360
0.99925715
0.99928916
0.99934822
0.99938762
0.99937493
0.99942183
0.99946970
0.99942762
0.99937278
