1.00000000
1.00000000
1.00000000
1.00000000
1.00000000
1.00000000
1.00000000
1.00000000
1.00000000
1.00000000
1.00000000
1.00000000
1.00000000
1.00000000
1.00000000
1.00000000
1.00000000
1.00000000
1.00000000
1.00000000
1.00000000
1.00000000
1.00000000
1.00000000
1.00000000
1.00000000
1.00000000
1.00000000
1.00000000
1.00000000
1.00000000
1.00000000
1.00000000
1.00000000
1.00000000
1.00000000
1.00000000
1.00000000
1.00000000
1.00000000
1.00000000
1.00000000
1.00000000
1.00000000
1.00000000
1.00000000
1.00000000
1.00000000
1.00000000
1.00000000
1.00000000
1.00000000
1.00000000
1.00000000
1.00000000
1.00000000
1.00000000
1.00000000
1.00000000
1.00000000
1.00000000
1.00000000
1.00000000
0.99913788
0.99927503
0.99923050
0.99945134
0.99936086
0.99925667
0.99927038
0.99929631
0.99916565
0.99920398
0.99918693
0.99919730
0.99923623
0.99918216
0.99909163
0.99908137
0.99912161
0.99904341
0.99905843
0.99890339
0.99901259
0.99913895
0.99922478
0.99917895
0.99925417
0.99923790
0.99925500
0.99933535
0.99931097
0.99934143
0.99933475
0.99933809
0.99934274
0.99931979
0.99933904
0.99930727
0.99924940
0.99936587
0.99935728
0.99935943
0.99937880
0.99940765
0.99946278
0.99951863
0.99958915
0.99963117
0.99965906
0.99970323
0.99971431
0.99974293
0.99969375
0.99971610
0.99973780
0.99967194
0.99964654
0.99964094
0.99967170
0.99963880
0.99968779
0.99958771
0.99966276
0.99955589
0.99961913
0.99969912
0.99961984
0.99959379
0.99967265
0.99957734
0.99950814
0.99946660
0.99940693
0.99943894
0.99938035
0.99961793
0.99965429
0.99959880
0.99960369
0.99962819
0.99954319
0.99947125
0.99942762
0.99943596
0.99943608
0.99942756
0.99944025
0.99945337
0.99946624
0.99946934
0.99947339
0.99953544
0.99953055
0.99948102
0.99936742
0.99933296
0.99928457
0.99916077
0.99887818
0.99861276
0.99918956
0.99941099
0.99944097
0.99953830
0.99949908
0.99942482
0.99941850
0.99951315
0.99963880
0.99939430
0.99906474
0.99888033
0.99880099
0.99870360
0.99871516
0.99886405
0.99883920
0.99873966
0.99874228
0.99877495
0.99878055
0.99881184
0.99848878
0.99874878
0.99839991
0.99845517
0.99799550
0.99774581
0.99709427
0.99686641
0.99706417
0.99740571
0.99799395
0.99923527
0.99945384
0.99945980
0.99952722
0.99956053
0.99956888
0.99963379
0.99964786
0.99969685
0.99968052
0.99964833
0.99956018
0.99942648
0.99939454
0.99937755
0.99935597
0.99934274
0.99931633
0.99934620
0.99933076
0.99923372
0.99928135
0.99930608
0.99934715
0.99940562
0.99938846
0.99935478
0.99938047
0.99936503
0.99937928
0.99934787
0.99899572
0.99896801
0.99917859
0.99900645
0.99866402
0.99827194
0.99892300
0.99891150
0.99899191
0.99904925
0.99903822
0.99915528
0.99935311
0.99926537
0.99925762
0.99906260
0.99908423
0.99929607
0.99937230
0.99935299
0.99920255
0.99918634
0.99889165
0.99899107
0.99912375
0.99912697
0.99908435
0.99936217
0.99936193
0.99944252
0.99924755
0.99928790
0.99941313
0.99938619
0.99941111
0.99935549
0.99922025
0.99928856
0.99901366
0.99895823
0.99910212
0.99915516
0.99908566
0.99847931
0.99770051
0.99789435
0.99850559
0.99834311
0.99826616
0.99753702
0.99738246
0.99674290
0.99802846
0.99840707
0.99844736
0.99833965
0.99806255
0.99814892
0.99720556
0.99660814
0.99637717
0.99686486
0.99679703
0.99597812
0.99301094
0.99780840
0.99792683
0.99777383
0.99724317
0.99778169
0.99806625
0.99785489
0.99743700
0.99734879
0.99661887
0.99629456
0.99611640
0.99566323
0.99610704
0.99545139
0.99519014
0.99261659
0.98986197
0.99030322
0.99177539
0.99297428
0.99426728
0.99552226
0.99453390
0.99293125
0.98797441
0.98482215
0.98429906
0.98836690
0.98978245
0.98715228
0.98729730
0.98318452
0.98375744
0.98447716
0.99031067
0.99072015
0.98789459
0.98425263
0.98066229
0.98258799
0.98738039
0.98906469
0.98937184
0.98602456
0.98305374
0.97801626
0.98123550
0.98480105
0.98613644
0.98685431
0.97090662
0.97476947
0.97292137
0.97255468
0.97149456
0.97477347
0.97102123
0.95586628
0.95520705
0.95374447
0.94854504
0.96113187
0.96949726
0.97240168
0.97105658
0.96306795
0.96294677
0.95224166
0.95247495
0.95953983
0.94854838
0.94707179
0.95312637
0.95419741
0.93490487
0.91185915
0.91213089
0.91320151
0.93608844
0.93109167
0.91874593
0.92792213
0.93168277
0.95091307
0.94870090
0.95535320
0.95751882
0.94085532
0.90505821
0.89639205
0.89821208
0.91712767
0.94871563
0.93595999
0.92479092
0.90219170
0.88113308
0.90144408
0.87915224
0.86831510
0.85829037
0.86717033
0.87100524
0.87303108
0.87418997
0.85296369
0.83314139
0.81916302
0.81714630
0.79922068
0.82209653
0.80778497
0.79787600
0.79063982
0.79846972
0.79987335
0.81804729
0.81796384
0.81539243
0.80356169
0.80951595
0.79371071
0.81846243
0.80305016
0.77608979
0.76446623
0.71058005
0.68884772
0.66828549
0.65206361
0.67086488
0.67438650
0.67696697
0.70321786
0.67235243
0.67219007
0.73254877
0.73049289
0.73559165
0.71411818
0.67600840
0.67125291
0.67444575
0.66817349
0.65702492
0.65599030
0.64272356
0.63620347
0.69126552
0.66127217
0.62566566
0.62827641
0.61652553
0.60683525
0.60137242
0.60496402
0.59196079
0.59093899
0.60549128
0.60413074
0.60333514
0.61212242
0.61946648
0.59960097
0.61260414
0.60893101
0.61932504
0.61952209
0.59490997
0.59822834
0.60571396
0.59515578
0.59572893
0.58919847
0.58909124
0.59133744
0.57652849
0.57833081
0.57016844
0.56530637
0.55348217
0.55836445
0.56221592
0.55809051
0.55584854
0.54992259
0.54498565
0.52523106
0.54216397
0.55254716
0.55661196
0.55154938
0.56263965
0.55817580
0.56655860
0.55491209
0.54992294
0.54844362
0.53307086
0.55175781
0.54571354
0.55857807
0.54153562
0.53305179
0.54189718
0.54665101
0.56192285
0.54638392
0.54036683
0.54476452
0.54800302
0.54857218
0.54859424
0.55059069
0.54233861
0.53216809
0.54067594
0.53863317
0.52921355
0.54198986
0.53434658
0.54596269
0.53561896
0.54025477
0.53610712
0.53973025
0.53168744
0.53572184
0.53990239
0.53828490
0.53997827
0.53357047
0.53539544
0.53640026
0.53732812
0.53905183
0.53782386
0.53171390
0.53468210
0.53143018
0.53168756
0.53438962
0.53578281
0.52633703
0.53427058
0.53941494
0.53468132
0.54144698
0.53219950
0.52337557
0.52444285
0.51643550
0.53142726
0.52886379
0.53541535
0.52557790
0.52307361
0.52137363
0.53021944
0.52015203
0.53103071
0.52598977
0.52113318
0.51501536
0.51943159
0.52294129
0.52270168
0.52424586
0.52389610
0.52810043
0.51723641
0.51953286
0.52360392
0.52611387
0.52560443
0.52420533
0.52156597
0.52163213
0.51942891
0.51895881
0.52217835
0.52208346
0.51806170
0.52874970
0.51545608
0.52399653
0.52137280
0.52913362
0.52433598
0.51698112
0.51895523
0.52343816
0.52164501
0.51959169
0.51364791
0.51955920
0.51598769
0.51779062
0.51182735
0.51393652
0.51338381
0.51423043
0.51473367
0.51188684
0.51162165
0.50684327
0.51135427
0.51091254
0.50979000
0.51639658
0.50312132
0.51654774
0.51679599
0.50368631
0.51198047
0.51256746
0.52121168
0.51046592
0.50401103
0.51474106
0.52174985
0.50764424
0.51337516
0.51107067
0.51201189
0.51626158
0.51911718
0.51703465
0.51551932
0.51671278
0.51433355
0.51282620
0.51380253
0.52468872
0.51895040
0.51395190
0.51688451
0.51636046
0.52015364
0.51978028
0.51701438
0.51899856
0.51359582
0.51829737
0.51302898
0.51138884
0.51722091
0.51767540
0.51456720
0.50561541
0.50765717
0.50548053
0.50480175
0.50373423
0.49928576
0.50664198
0.50834739
0.51095021
0.50877041
0.51493484
0.51492816
0.51008046
0.51044095
0.50758547
0.50920713
0.50341576
0.50524086
0.51003951
0.50899905
0.51082098
0.51193476
0.51255512
0.51122189
0.50915313
0.50751472
0.50947791
0.50532395
0.50619155
0.51425314
0.51282740
0.51031512
0.51046371
0.52155876
0.52578741
0.51692057
0.51885837
0.51763099
0.52415282
0.51723260
0.51878464
0.51436460
0.51786554
0.51686817
0.52250540
0.52118844
0.51823717
0.51641136
0.51707929
0.52141684
0.51696914
0.51743001
0.52366650
0.51837552
0.51654863
0.51726842
0.51667672
0.51819175
0.51763505
0.51594955
0.51590413
0.51271856
0.51863724
0.52146202
0.51823324
0.51669824
0.51417756
0.52005267
0.51598006
0.51421511
0.51557535
0.51061451
0.51711559
0.51386863
0.51734012
0.51600486
0.51435632
0.51796448
0.51714015
0.52421987
0.52298349
0.52231669
0.51768041
0.51768851
0.51527524
0.51770872
0.51858008
0.51349789
0.50944728
0.51224720
0.52074808
0.51304770
0.51012278
0.51615751
0.51276314
0.52028126
0.52012932
0.51434720
0.51714426
0.50913519
0.51687258
0.51847392
0.51937187
0.51861918
0.51675987
0.51966047
0.52208561
0.51999652
0.51653057
0.51864916
0.51918548
0.51280266
0.51655602
0.51176143
0.51110184
0.52504951
0.51131833
0.51751709
0.52222645
0.51548606
0.51643515
0.52357161
0.51663589
0.51708227
0.51717770
0.52011883
0.52449536
0.51406258
0.51635581
0.52243137
0.51609117
0.51530945
0.52437949
0.52191830
0.51381677
0.51015747
0.52483594
0.51933038
0.51863164
0.52836835
0.52340311
0.53601646
0.54062808
0.54388535
0.52520835
0.55503523
0.56758296
0.55163425
0.53526455
0.54478788
0.54360169
0.53819412
0.52406353
0.54075807
0.54351079
0.54302925
0.55487281
0.55443257
0.56219882
0.57121116
0.55884314
0.55928701
0.59879059
0.58617085
0.58375913
0.57451659
0.59524810
0.58740073
0.59712821
0.60580218
0.60656482
0.59548950
0.59113634
0.58123112
0.58003151
0.59199387
0.59867257
0.59942913
0.58403647
0.58674318
0.60746181
0.60645235
0.62962347
0.65547472
0.66492158
0.66502112
0.67855412
0.68335050
0.67845196
0.69784707
0.70626110
0.70533401
0.68836349
0.68655252
0.69113004
0.68556613
0.69571400
0.70181555
0.70300043
0.71471065
0.72897083
0.73418552
0.75452071
0.78857112
0.78041679
0.78837299
0.78210968
0.79131019
0.82857734
0.80805802
0.79084855
0.82755542
0.81981844
0.83231407
0.80598652
0.81616205
0.82512772
0.82853860
0.84412169
0.86272711
0.86956155
0.85810411
0.85250366
0.83571124
0.85597789
0.84225273
0.88140851
0.86833543
0.83427763
0.83195806
0.86013973
0.86913538
0.90759307
0.89989346
0.88174665
0.86926949
0.84379852
0.88668251
0.91304350
0.89997262
0.88232559
0.89808798
0.86127239
0.87382174
0.88429016
0.95302004
0.94179904
0.94082969
0.92312199
0.91125274
0.89023578
0.88336045
0.88575077
0.92358881
0.92215228
0.95338112
0.94325000
0.95565832
0.96456504
0.96265465
0.97972643
0.98353094
0.98093057
0.98139405
0.97918588
0.97807008
0.97901917
0.97890741
0.97081852
0.97983497
0.98319525
0.98317194
0.97443908
0.97173882
0.97556293
0.97215480
0.97540420
0.97435373
0.98009712
0.97944254
0.98514003
0.97818416
0.98172897
0.98478657
0.98300719
0.98401642
0.98617536
0.98647887
0.98410010
0.98623163
0.98851693
0.98791623
0.99166298
0.99156243
0.98921341
0.99006480
0.98780429
0.98547852
0.98639584
0.98942637
0.98904687
0.99344563
0.99342138
0.99418229
0.99606735
0.99394810
0.99281257
0.99357927
0.99238634
0.99288321
0.99172044
0.99234855
0.99347287
0.99373698
0.99370086
0.99462777
0.99605787
0.99703741
0.99771583
0.99830830
0.99839658
0.99813938
0.99856383
0.99867213
0.99839371
0.99860317
0.99874371
0.99881637
0.99875009
0.99906880
0.99892384
0.99878317
0.99870479
0.99864537
0.99853492
0.99849331
0.99869496
0.99872965
0.99838400
0.99857855
0.99884307
0.99889523
0.99907947
0.99924076
0.99930859
0.99945563
0.99945158
0.99945480
0.99949634
0.99950600
0.99945027
0.99933618
0.99935311
0.99935645
0.99927765
0.99901748
0.99910307
0.99911529
0.99938726
0.99944121
0.99949419
0.99945754
0.99934489
0.99922264
0.99916291
0.99932265
0.99942362
0.99948704
0.99946076
0.99949324
0.99951053
0.99953544
0.99952185
0.99954516
0.99953496
0.99955732
0.99961382
0.99956626
0.99950612
0.99941325
0.99943966
0.99944645
0.99944156
0.99938631
0.99941921
0.99949062
0.99955159
0.99956888
0.99949503
0.99924147
0.99912244
0.99926120
0.99925762
0.99924028
0.99914885
0.99905342
0.99924004
0.99932456
0.99929643
0.99919564
0.99912506
0.99910104
0.99910897
0.99901807
0.99882478
0.99847370
0.99857640
0.99843973
0.99867022
0.99868768
0.99867046
0.99866366
0.99881399
0.99886513
0.99914956
0.99925965
0.99921167
0.99927694
0.99926990
0.99926347
0.99943346
0.99942809
0.99936920
0.99927753
0.99932742
0.99920672
0.99932563
0.99936694
0.99945205
0.99945372
0.99939799
0.99922740
0.99913651
0.99906737
0.99915290
0.99917525
0.99922025
0.99914837
0.99906713
0.99915195
0.99906319
0.99888784
0.99875367
0.99864799
0.99868280
0.99828053
0.99806482
0.99870360
0.99802494
0.99699032
0.99566537
0.99455488
0.99589598
0.99586910
0.99578518
0.99514717
0.99509758
0.99502254
0.99457514
0.99669844
0.99556547
0.99755162
0.99660194
0.99635053
0.99576473
0.99606341
0.99701738
0.99730575
0.99763572
0.99756622
0.99789655
0.99817944
0.99848676
0.99866605
0.99893278
0.99897289
0.99875677
0.99865735
0.99835795
0.99778146
0.99730897
0.99697292
0.99710613
0.99738353
0.99705839
0.99651647
0.99658704
0.99685353
0.99600631
0.99501449
0.99515742
0.99435693
0.99103230
0.99042904
0.98941618
0.98737925
0.98825991
0.98200548
0.97233486
0.97205478
0.97445303
0.97023642
0.97191960
0.97516352
0.98399460
0.97999167
0.97858685
0.97895515
0.98078662
0.97910875
0.98006046
0.97530705
0.97268045
0.96595186
0.95870924
0.95489877
0.92492414
0.90906537
0.89158905
0.85560566
0.88435411
0.87577736
0.86854857
0.86967844
0.87562114
0.85516268
0.86461258
0.85674053
0.83307815
0.85166168
0.84573221
0.82825041
0.80961329
0.84891725
0.82257181
0.80509371
0.79147953
0.81104511
0.80532295
0.77508211
0.76887864
0.77890837
0.76843631
0.76954949
0.75546408
0.77641290
0.76039135
0.71727520
0.72759312
0.69128269
0.69888932
0.70628083
0.64701015
0.63555068
0.65218902
0.63207817
0.65101415
0.62183291
0.61320609
0.64191914
0.61007071
0.60296237
0.63079488
0.60169584
0.62329185
0.61441171
0.60389441
0.60243624
0.59772962
0.59655523
0.58365053
0.57029063
0.56700385
0.55680639
0.54029268
0.53518349
0.53538179
0.52463073
0.52009040
0.53629881
0.52857590
0.52594286
0.52762300
0.53707886
0.51419032
0.51376516
0.49839038
0.48439139
0.46803406
0.47004750
0.46644154
0.46081105
0.45243987
0.44397995
0.44963604
0.43383771
0.43172786
0.41584754
0.41076836
0.39122480
0.38476619
0.38800126
0.39598590
0.38933805
0.39644298
0.37457925
0.37608477
0.37202352
0.39477906
0.38306358
0.33957615
0.35529163
0.35089004
0.35680252
0.32856703
0.36013421
0.34104571
0.33449176
0.32989305
0.31936765
0.31378725
0.30292585
0.29054722
0.28738716
0.28856418
0.27911672
0.29403591
0.26522338
0.26315707
0.28599915
0.27819386
0.26406065
0.25889185
0.25289023
0.26709586
0.26806894
0.26941454
0.25603157
0.24563912
0.25338507
0.24625953
0.24988014
0.26042759
0.25278652
0.22958747
0.22535706
0.21862495
0.21538201
0.20278901
0.18847868
0.16803484
0.18843877
0.20997067
0.19634242
0.20181748
0.18362795
0.18261155
0.19107330
0.18829335
0.17989548
0.18411051
0.19040625
0.20132565
0.22971781
0.22167407
0.20663457
0.19842578
0.20133951
0.21215580
0.20572521
0.19216402
0.19581103
0.18187837
0.16458760
0.17230850
0.18245910
0.20123485
0.19138436
0.20100270
0.21186554
0.22394082
0.21739027
0.19985311
0.19665352
0.18947181
0.20765811
0.20313638
0.20374134
0.19249325
0.18788815
0.20649914
0.19083445
0.18344359
0.19657645
0.20267750
0.20227414
0.20215540
0.20158996
0.20454256
0.20398164
0.21815102
0.20718150
0.21205072
0.20841308
0.20223689
0.20240848
0.18586154
0.18741274
0.18875130
0.19183035
0.19945729
0.19916955
0.20086643
0.20936374
0.21126978
0.19711407
0.19571806
0.20380887
0.20249049
0.20190954
0.20147941
0.20038818
0.19343053
0.18641268
0.17982292
0.18833782
0.18122685
0.18750197
0.17967647
0.17663465
0.16843259
0.19314344
0.17905603
0.20009129
0.20383827
0.20157224
0.19867077
0.19704856
0.19545110
0.20175362
0.20500267
0.18366709
0.19929001
0.20274399
0.20470035
0.20275119
0.21702288
0.22615504
0.21213144
0.21035719
0.21562421
0.21421610
0.22539808
0.20995501
0.19236930
0.20326512
0.19815081
0.20867114
0.20530237
0.21461855
0.19402167
0.19588922
0.18201095
0.20309278
0.19244346
0.19009872
0.18792309
0.20180167
0.20700772
0.20871899
0.20765324
0.21735537
0.21289141
0.20662707
0.21119568
0.20998396
0.20835473
0.20109105
0.19925380
0.19797912
0.19226043
0.20108141
0.19330302
0.18656535
0.19112019
0.19150202
0.20134608
0.20250311
0.20143963
0.20012887
0.20425242
0.21169151
0.20545556
0.20317356
0.20799087
0.21011809
0.20849240
0.21444644
0.20719612
0.20757498
0.19778299
0.19502306
0.20268407
0.20640902
0.20368123
0.20275742
0.19788803
0.18533839
0.20208429
0.18592133
0.20079933
0.19217683
0.19445267
0.20172310
0.18359804
0.18590157
0.19200484
0.20357805
0.20046994
0.19974238
0.18955997
0.20631957
0.20534886
0.20439883
0.21075355
0.21410526
0.21104075
0.20936364
0.20033297
0.20720248
0.21105617
0.20443714
0.21584001
0.21948299
0.22483994
0.21487017
0.20818992
0.21218516
0.23371740
0.22168738
0.21006759
0.21310608
0.22416417
0.23513994
0.21074270
0.20589559
0.23076531
0.20577987
0.21475358
0.18457249
0.19103199
0.20029110
0.19576111
0.19806823
0.20750473
0.20596632
0.22064948
0.21051376
0.20210494
0.20063496
0.20074518
0.20493996
0.20878074
0.20213109
0.20248654
0.20412582
0.19419338
0.20739728
0.19370244
0.20074372
0.20698409
0.21083210
0.20684607
0.21367723
0.20399061
0.19669640
0.20393054
0.19609554
0.19259124
0.19277887
0.19111490
0.19519494
0.19672079
0.20044506
0.21917561
0.21727882
0.21326469
0.21642214
0.21765746
0.21847960
0.23126237
0.21734168
0.20097870
0.20733514
0.20221184
0.19952802
0.19729686
0.20764445
0.20753065
0.21038866
0.20486106
0.19955434
0.18897700
0.19157833
0.19741528
0.18524417
0.19023979
0.19593790
0.20237312
0.19931719
0.20564541
0.20125559
0.20194772
0.20399310
0.21040736
0.20886937
0.21268119
0.21489866
0.21290770
0.21871641
0.22374450
0.21494243
0.22412913
0.21958658
0.21758778
0.22512452
0.21991868
0.22464071
0.22437987
0.22813584
0.21654865
0.22037755
0.22341177
0.23409751
0.24673793
0.24702999
0.25600502
0.25926128
0.25799912
0.24670096
0.26451671
0.25508681
0.27196136
0.27037579
0.27447838
0.27038506
0.29348937
0.28882778
0.28908002
0.27951196
0.27691129
0.27172428
0.27552444
0.28199750
0.29043281
0.29077545
0.30054972
0.29812551
0.32865018
0.34432602
0.34954363
0.37010092
0.35460541
0.35763347
0.38900712
0.39203015
0.38114005
0.37111649
0.37039375
0.38194910
0.39448872
0.37720504
0.40354866
0.41414291
0.43304378
0.43416879
0.43294552
0.47171336
0.46358153
0.46846396
0.47324339
0.47259241
0.45782226
0.45918649
0.46806717
0.49035341
0.52317375
0.48579645
0.49911904
0.50399452
0.52013475
0.55312210
0.55431950
0.58233708
0.58610845
0.56473470
0.57226932
0.56300819
0.57543415
0.57343078
0.58035290
0.57266599
0.60521030
0.61138171
0.60411233
0.60748404
0.61818135
0.63699764
0.67498726
0.70093036
0.71885717
0.69213784
0.69704700
0.69400078
0.72124958
0.69848168
0.72497368
0.74951327
0.77276981
0.75589782
0.75264651
0.76064295
0.76417077
0.74671376
0.74847531
0.77667713
0.80221921
0.81081212
0.79922974
0.81911463
0.83398277
0.85056585
0.85503304
0.86916405
0.86970741
0.86359483
0.86959821
0.85544777
0.88023704
0.88368642
0.88782573
0.88703442
0.89071286
0.88918096
0.89674419
0.89686412
0.90253568
0.89860260
0.90289569
0.90953022
0.89956659
0.91458148
0.88233012
0.89953333
0.93401927
0.92436999
0.92568904
0.94805783
0.96550971
0.95552552
0.97485197
0.97246087
0.98172659
0.98124182
0.97684550
0.97981447
0.98488545
0.98682135
0.98873562
0.98669136
0.98721129
0.98935741
0.99042600
0.98719156
0.98930979
0.98785269
0.98858821
0.98835027
0.98882830
0.98920268
0.98855573
0.98931479
0.98927325
0.99122673
0.99157047
0.99514353
0.99489897
0.99386382
0.99642402
0.99649554
0.99627078
0.99700421
0.99756879
0.99782878
0.99826670
0.99866176
0.99893683
0.99897230
0.99912816
0.99940109
0.99943572
0.99949574
0.99952221
0.99946457
0.99944347
0.99943227
0.99935728
0.99925083
0.99915862
0.99909234
0.99917525
0.99926013
0.99929714
0.99928564
0.99936455
0.99938691
0.99945706
0.99934858
0.99937785
0.99899298
0.99891007
0.99894911
0.99897730
0.99886489
0.99872929
0.99869823
0.99881810
0.99892175
0.99923801
0.99925512
0.99930525
0.99928230
0.99939013
0.99952269
0.99952662
0.99946421
0.99943227
0.99943119
0.99948967
0.99950182
0.99949002
0.99947363
0.99936396
0.99937111
0.99941742
0.99937785
0.99928135
0.99913198
0.99912542
0.99875522
0.99856842
0.99827671
0.99817491
0.99784887
0.99818206
0.99842048
0.99884832
0.99917692
0.99934727
0.99945074
0.99944073
0.99942529
0.99928987
0.99917883
0.99887747
0.99831343
0.99756157
0.99694532
0.99451679
0.99513113
0.99593323
0.99654061
0.99858862
0.99871659
0.99895608
0.99918526
0.99938262
0.99944788
0.99943775
0.99942976
0.99959081
0.99954021
0.99958879
0.99955922
0.99958771
0.99953866
0.99949765
0.99945849
0.99943775
0.99951375
0.99941278
0.99942207
0.99928904
0.99922192
0.99917406
0.99914408
0.99920207
0.99925369
0.99939251
0.99900925
0.99842274
0.99874592
0.99887174
0.99909306
0.99920613
0.99945825
0.99951196
0.99952471
0.99944085
0.99939120
0.99945110
0.99938011
0.99930537
0.99948066
0.99945349
0.99932516
0.99938381
0.99950707
0.99954069
0.99959546
0.99962187
0.99961424
0.99958295
0.99953938
0.99958175
0.99962294
0.99961275
0.99959642
0.99955553
0.99958962
0.99954861
0.99957293
0.99956065
0.99950767
0.99947602
0.99951828
0.99939215
0.99952233
0.99958569
0.99960238
0.99959904
0.99943119
0.99936432
0.99933475
0.99939072
0.99944502
0.99945253
0.99942929
0.99934906
0.99935919
0.99938619
0.99944562
0.99948251
0.99937350
0.99921250
0.99931192
0.99935168
0.99930215
0.99909830
0.99852246
0.99835473
0.99803525
0.99781042
0.99642855
0.99612743
0.99520016
0.99400181
0.99422425
0.99553728
0.99491584
0.99111968
0.99104112
0.99208128
0.98936170
0.98257625
0.98874867
0.98383266
0.98846835
0.98580682
0.98440522
0.98636520
0.98560172
0.98367131
0.98679590
0.98956394
0.98882586
0.98784423
0.98635757
0.97996670
0.98360842
0.97890490
0.97406423
0.96703726
0.95447111
0.92760986
0.89180976
0.91236830
0.92470467
0.90328497
0.87754005
0.88912857
0.87478763
0.88056320
0.85329193
0.84809804
0.84635150
0.82934898
0.82002801
0.81623566
0.78915721
0.76907533
0.74545062
0.72877961
0.72553784
0.69362783
0.67041951
0.65937400
0.65683120
0.64668232
0.63990688
0.64163494
0.64055526
0.62105423
0.63418347
0.63185543
0.62174803
0.61029750
0.57482803
0.57713634
0.58223641
0.58094597
0.58169967
0.57296580
0.54706019
0.52764833
0.54208577
0.53393012
0.52546674
0.48912609
0.46404693
0.44773141
0.45423174
0.45420694
0.42681220
0.44374683
0.44491032
0.46054775
0.44742769
0.42874700
0.40300810
0.40327340
0.38181263
0.36288682
0.35990769
0.37024027
0.36671904
0.34310269
0.31782374
0.33340943
0.32059082
0.30193257
0.29511040
0.25760627
0.24370469
0.21947972
0.21411525
0.23792186
0.20189239
0.13903446
0.21516944
0.18610360
0.18756847
0.15389976
0.17407055
0.15393849
0.13781658
0.12982018
0.14000478
0.17763707
0.13721322
0.18103233
0.13080734
0.16549695
0.13622220
0.14837274
0.11980188
0.12297072
0.09418578
0.06383596
0.09459713
0.09725618
0.10875291
0.08915500
0.08544964
0.08246325
0.08002000
0.06146908
0.05574947
0.05262779
0.04950384
0.03729062
0.04353193
0.04316469
0.05350555
0.04109563
0.03355083
0.03455110
0.04406222
0.04248761
0.04591557
0.04798372
0.04597439
0.05795178
0.03700409
0.04094680
0.04710206
0.03733533
0.03206668
0.03598833
0.02367750
0.01996305
0.02288034
0.01981745
0.01253341
0.02781722
0.01198216
0.00649568
0.00443712
0.00736563
0.00834152
0.00802155
0.00494585
0.00656099
0.00460737
0.00420037
0.00519468
0.00420181
0.00338068
0.00257851
0.00239187
0.00198266
0.00242557
0.00179393
0.00204431
0.00170857
0.00222209
0.00179419
0.00117205
0.00186819
0.00144789
0.00144319
0.00134916
0.00157298
0.00169537
0.00167206
0.00254608
0.00222987
0.00210822
0.00208625
0.00227858
0.00293108
0.00241397
0.00225003
0.00247648
0.00262930
0.00370296
0.00347457
0.00244505
0.00331490
0.00378345
0.00250056
0.00358821
0.00261135
0.00214448
0.00290294
0.00195658
0.00210807
0.00377046
0.00228488
0.00229841
0.00365822
0.00250173
0.00218446
0.00234132
0.00230298
0.00277691
0.00281470
0.00347865
0.00271330
0.00246636
0.00243118
0.00211070
0.00263610
0.00190105
0.00205331
0.00247790
0.00246168
0.00145016
0.00100902
0.00107376
0.00100565
0.00133817
0.00158936
0.00203655
0.00108910
0.00145357
0.00125402
0.00154810
0.00184137
0.00239386
0.00170969
0.00120561
0.00225908
0.00174298
0.00142563
0.00168166
0.00249705
0.00166746
0.00238051
0.00222165
0.00187795
0.00185546
0.00249948
0.00246445
0.00225989
0.00256848
0.00304707
0.00342711
0.00224898
0.00241137
0.00238107
0.00241101
0.00224843
0.00184451
0.00175676
0.00196789
0.00243283
0.00161998
0.00196284
0.00261696
0.00267523
0.00276298
0.00269759
0.00282949
0.00214124
0.00218422
0.00216234
0.00213864
0.00168093
0.00254929
0.00224547
0.00193060
0.00234241
0.00230023
0.00148044
0.00160023
0.00173309
0.00162537
0.00185090
0.00122372
0.00161360
0.00204221
0.00118873
0.00164532
0.00169017
0.00180095
0.00146445
0.00133139
0.00153710
0.00136825
0.00165227
0.00161255
0.00159867
0.00147794
0.00168508
0.00181276
0.00187717
0.00204883
0.00232435
0.00189241
0.00208112
0.00180619
0.00230163
0.00174484
0.00208768
0.00197956
0.00145589
0.00207941
0.00203430
0.00184437
0.00154754
0.00179687
0.00217335
0.00222115
0.00214370
0.00185271
0.00200054
0.00194720
0.00251319
0.00234907
0.00238614
0.00230529
0.00202023
0.00238984
0.00216850
0.00184231
0.00224367
0.00156726
0.00238873
0.00256014
0.00230676
0.00146837
0.00161620
0.00158116
0.00218999
0.00205054
0.00205140
0.00193310
0.00217032
0.00198721
0.00202391
0.00194740
0.00166871
0.00207095
0.00163542
0.00172593
0.00191658
0.00121866
0.00148662
0.00189784
0.00156585
0.00168289
0.00195073
0.00191401
0.00252502
0.00170484
0.00170904
0.00179319
0.00137367
0.00223395
0.00262765
0.00269457
0.00186725
0.00231382
0.00207226
0.00196040
0.00302395
0.00284988
0.00179154
0.00169840
0.00191467
0.00183037
0.00287514
0.00233216
0.00241287
0.00247533
0.00239303
0.00264630
0.00282576
0.00239392
0.00302482
0.00408389
0.00296093
0.00236338
0.00364881
0.00330963
0.00311263
0.00398396
0.00400994
0.00329168
0.00363100
0.00930828
0.01153674
0.01118151
0.01164813
0.01149213
0.00982304
0.00943473
0.00692991
0.00796820
0.00714445
0.01074188
0.00973620
0.01056971
0.00641534
0.00487037
0.00487510
0.00464601
0.00423812
0.00416400
0.00484208
0.00420345
0.00320808
0.00389000
0.00372420
0.00391815
0.00453514
0.00554413
0.00625286
0.00643808
0.00995563
0.01001381
0.01224172
0.01643796
0.01577829
0.02531911
0.02237419
0.03103890
0.02368953
0.03144707
0.01471089
0.02072987
0.01728907
0.02262337
0.01945441
0.02603155
0.03234050
0.02805533
0.02142851
0.02344787
0.02359904
0.02334653
0.02849704
0.02310544
0.02716695
0.03267178
0.03363416
0.04575070
0.03902715
0.04691802
0.05171783
0.05365223
0.04910075
0.04484230
0.05716243
0.04397175
0.05432988
0.05491211
0.06158347
0.07175072
0.07135137
0.07379848
0.08212379
0.08326708
0.08470061
0.09043150
0.10370529
0.10384642
0.10269692
0.10799781
0.11406521
0.12181497
0.11048615
0.12384413
0.14220630
0.14569326
0.16416410
0.17924568
0.16280155
0.17068748
0.20338519
0.17285232
0.19753005
0.20955172
0.22959061
0.27673981
0.27432218
0.28500754
0.29442331
0.33012238
0.31790927
0.32487121
0.33936790
0.37110108
0.35102344
0.38858363
0.38904801
0.37972423
0.37767655
0.38876292
0.42370307
0.43373322
0.42982987
0.43426922
0.44381446
0.44051355
0.45081273
0.47327808
0.48008338
0.48501983
0.48734924
0.50459844
0.51999372
0.55131918
0.58816004
0.60406202
0.59723294
0.58769804
0.59705216
0.60723418
0.63707042
0.63158327
0.60947078
0.60555297
0.61809570
0.62185717
0.66498905
0.68165916
0.68257296
0.67104250
0.65807259
0.66126144
0.67434704
0.69962704
0.69137454
0.72679418
0.76567137
0.76525575
0.77540034
0.82181150
0.83214438
0.85302132
0.85643417
0.88379848
0.88230002
0.90149581
0.88450927
0.88817042
0.90457666
0.91431791
0.91316712
0.92268825
0.93459117
0.94792539
0.95680356
0.97508007
0.96976376
0.96475106
0.96512944
0.97632933
0.97921115
0.97943634
0.97497356
0.97935367
0.98006529
0.98281187
0.97066522
0.97172809
0.97475600
0.98010224
0.96524686
0.96887231
0.96001971
0.98228735
0.98305142
0.98955792
0.99124384
0.99340242
0.99528426
0.99692935
0.99652255
0.99703705
0.99747074
0.99775511
0.99676371
0.99736148
0.99802256
0.99841499
0.99858558
0.99826282
0.99859673
0.99866855
0.99870956
0.99880743
0.99882549
0.99868184
0.99857152
0.99866748
0.99894994
0.99907839
0.99899882
0.99924397
0.99917334
0.99911791
0.99914324
0.99903631
0.99906117
0.99931979
0.99935967
0.99942148
0.99937612
0.99931741
0.99933666
0.99938548
0.99947673
0.99933344
0.99924386
0.99931359
0.99927062
0.99928707
0.99930882
0.99932885
0.99937254
0.99950862
0.99950421
0.99944466
0.99930120
0.99921429
0.99919802
0.99944562
0.99949133
0.99938142
0.99949992
0.99932683
0.99914956
0.99908292
0.99919635
0.99941158
0.99933261
0.99934286
0.99947935
0.99957508
0.99927288
0.99911088
0.99926978
0.99945754
0.99940360
0.99923563
0.99911720
0.99924159
0.99938083
0.99929178
0.99915934
0.99912089
0.99929762
0.99930620
0.99927264
0.99925214
0.99931824
0.99944800
0.99927145
0.99933916
0.99917394
0.99935228
0.99923229
0.99922347
0.99915195
0.99912149
0.99924809
0.99922812
0.99933583
0.99907011
0.99912649
0.99923158
0.99918860
0.99922729
0.99932969
0.99931955
0.99923110
0.99929571
0.99941254
0.99947268
0.99944395
0.99949145
0.99956542
0.99955636
0.99959666
0.99964857
0.99970007
0.99967730
0.99970716
0.99969089
0.99964809
0.99958152
0.99960870
0.99966812
0.99968839
0.99966145
0.99964571
0.99966669
0.99969518
0.99968684
0.99967754
0.99963868
0.99952686
0.99949181
0.99953020
0.99953687
0.99961627
0.99959046
0.99952388
0.99963439
0.99962354
0.99965775
0.99954706
0.99956089
0.99950886
0.99954057
0.99944276
0.99940193
0.99943370
0.99954283
0.99958402
0.99942869
0.99930537
0.99945325
0.99945492
0.99929309
0.99927574
0.99929607
0.99923885
0.99929047
0.99900705
0.99896860
0.99898165
0.99855894
0.99834871
0.99810433
0.99782157
0.99698645
0.99768901
0.99791664
0.99775380
0.99758995
0.99838161
0.99805450
0.99787080
0.99744213
0.99725431
0.99804163
0.99770194
0.99745506
0.99728644
0.99731880
0.99739528
0.99697089
0.99754626
0.99758351
0.99786037
0.99722725
0.99746513
0.99774688
0.99707675
0.99757475
0.99803430
0.99849904
0.99812108
0.99719572
0.99670887
0.99720240
0.99699521
0.99785101
0.99696261
0.99641055
0.99746299
0.99852234
0.99800569
0.99694294
0.99568474
0.99150312
0.98004007
0.97632545
0.97119135
0.95297587
0.92629457
0.92684293
0.91665983
0.90435606
0.96511769
0.93427753
0.94485712
0.96204519
0.95465511
0.95345730
0.96705341
0.97437912
0.97071517
0.96244365
0.96273196
0.96317345
0.95969689
0.95262653
0.96075100
0.97350097
0.95426416
0.96698058
0.97126323
0.96658236
0.97887254
0.95566911
0.97302896
0.95374316
0.97309959
0.97449899
0.94920170
0.96004802
0.96680486
0.96815735
0.94589454
0.95018083
0.93801486
0.97733819
0.91919363
0.93467033
0.89924115
0.91630638
0.80811417
0.12115742
0.11471554
0.16706361
0.01445594
0.01487631
0.03212329
0.02552419
0.02428905
0.03665667
0.01867083
0.01570356
0.01182158
0.01478595
0.01228558
0.00931266
0.01156305
0.01923688
0.00736319
0.00816711
0.00512207
0.00247177
0.00403634
0.00397691
0.01007447
0.01064532
0.00785767
0.01224973
0.01455545
0.01744542
0.04689452
0.02890668
0.01422916
0.02005309
0.01651497
0.02026512
0.01978873
0.02675230
0.02360893
0.02124159
0.00984261
0.02203341
0.03981964
0.03137175
0.02053654
0.01212235
0.00496648
0.00548003
0.00404353
0.00201995
0.00136277
0.00068731
0.00094656
0.00102273
0.00113305
0.00111018
0.00128200
0.00109111
0.00147899
0.00148800
0.00105389
0.00166522
0.00142232
0.00101381
0.00185277
0.00111466
0.00173146
0.00279460
0.00698452
0.02370884
0.02451357
0.09475177
0.04353819
0.04198689
0.02477656
0.02439704
0.02349215
0.01625467
0.02275664
0.01528752
0.01976359
0.02011587
0.02303637
0.02316280
0.01196769
0.01580675
0.01868868
0.03041041
0.02519327
0.03150886
0.02914908
0.02007822
0.03019461
0.02304599
0.01746489
0.02116688
0.01822926
0.00943863
0.00653448
0.00554350
0.00870606
0.00776879
0.00505702
0.00659372
0.00497271
0.00480695
0.00455487
0.00587613
0.00594293
0.00603164
0.00716597
0.00877831
0.00980602
0.03401241
0.38935709
0.85515606
0.87620747
0.96159989
0.96863908
0.97691059
0.98538929
0.98750395
0.98333168
0.98695326
0.98753536
0.98610789
0.97975451
0.98457563
0.98047113
0.97310740
0.97887152
0.97315753
0.98421270
0.98754811
0.97993004
0.98814082
0.97418267
0.97205496
0.98860019
0.98171610
0.97608507
0.97723341
0.97738248
0.97152722
0.97869474
0.96862072
0.97322118
0.94917852
0.94716698
0.96362221
0.95890236
0.97549623
0.96273392
0.92790282
0.93803763
0.95669097
0.96813613
0.96129090
0.95548117
0.96975964
0.97135377
0.96892560
0.98067516
0.98969102
0.99660301
0.99810010
0.99863106
0.99889082
0.99894255
0.99895668
0.99892151
0.99872166
0.99870610
0.99786854
0.99887997
0.99924242
0.99930882
0.99937540
0.99945277
0.99941301
0.99942625
0.99945253
0.99933726
0.99930573
0.99935919
0.99936444
0.99938130
0.99939108
0.99935156
0.99936348
0.99940073
0.99942350
0.99948800
0.99949193
0.99951506
0.99958318
0.99961120
0.99952173
0.99943703
0.99942470
0.99940562
0.99941206
0.99938512
0.99931979
0.99934047
0.99941385
0.99946219
0.99957591
0.99951291
0.99948090
0.99942964
0.99940681
0.99939334
0.99935371
0.99930561
0.99920219
0.99915493
0.99915230
0.99917382
0.99914634
0.99920964
0.99928963
0.99930394
0.99933952
0.99939656
0.99938655
0.99936837
0.99937767
0.99940813
0.99937171
0.99937147
0.99934119
0.99935132
0.99935430
0.99937195
0.99938333
0.99940050
0.99939132
0.99941194
0.99954754
0.99949276
0.99958462
0.99964643
0.99967659
0.99966383
0.99961001
0.99956924
0.99944037
0.99910885
0.99883002
0.99843878
0.99746007
0.99768996
0.99730825
0.99715364
0.99698037
0.99799949
0.99805582
0.99842656
0.99761379
0.99730158
0.99787724
0.99765813
0.99772018
0.99806684
0.99791449
0.99771798
0.99770761
0.99701142
0.99696082
0.99767321
0.99854892
0.99899369
0.99919194
0.99936932
0.99954647
0.99962461
0.99970549
0.99969900
0.99970454
0.99968958
0.99958926
0.99961829
0.99962711
0.99965322
0.99958092
0.99966979
0.99968910
0.99964261
0.99959677
0.99962342
0.99956709
0.99956590
0.99958199
0.99951720
0.99948347
0.99937671
0.99936241
0.99936813
0.99926752
0.99917930
0.99918574
0.99930096
0.99932277
0.99920231
0.99909580
0.99915051
0.99901855
0.99905366
0.99907744
0.99902594
0.99897861
0.99896729
0.99886632
0.99871576
0.99864310
0.99856889
0.99870193
0.99862611
0.99887794
0.99891484
0.99893171
0.99917442
0.99936718
0.99938440
0.99918121
0.99912530
0.99911219
0.99904615
0.99893147
0.99897480
0.99892044
0.99883598
0.99894208
0.99882895
0.99888223
0.99886847
0.99876803
0.99859685
0.99860793
0.99826789
0.99831533
0.99810177
0.99821955
0.99853992
0.99875772
0.99865216
0.99882561
0.99885881
0.99881446
0.99892080
0.99883324
0.99871755
0.99874252
0.99884260
0.99911767
0.99925488
0.99937230
0.99945325
0.99952400
0.99956721
0.99953783
0.99943513
0.99942422
0.99945480
0.99942017
0.99939966
0.99943048
0.99938071
0.99936146
0.99933666
0.99939525
0.99953604
0.99944228
0.99939668
0.99940193
0.99938738
0.99937755
0.99934107
0.99921310
0.99916279
0.99886984
0.99902380
0.99907839
0.99914670
0.99900812
0.99901295
0.99906987
0.99903154
0.99899501
0.99905735
0.99883562
0.99854642
0.99843091
0.99793768
0.99770653
0.99767441
0.99815875
0.99845469
0.99886096
0.99887687
0.99947923
0.99951410
0.99941945
0.99957210
0.99962103
0.99965692
0.99963641
0.99948967
0.99950659
0.99960393
0.99947351
0.99951088
0.99952018
0.99952126
0.99953222
0.99954587
0.99953496
0.99952388
0.99944502
0.99951398
0.99951327
0.99943382
0.99938750
0.99928445
0.99919146
0.99911839
0.99891591
0.99881673
0.99902487
0.99916387
0.99940360
0.99945742
0.99949157
0.99953794
0.99956542
0.99962258
0.99964488
0.99965894
0.99959713
0.99958616
0.99958330
0.99952686
0.99947733
0.99954283
0.99951541
0.99946898
0.99932015
0.99940598
0.99942917
0.99945945
0.99942952
0.99940145
0.99941289
0.99945837
0.99947888
0.99954838
0.99948126
0.99938726
0.99940336
0.99934000
0.99941456
0.99949002
0.99948609
0.99947923
0.99961132
0.99965167
0.99959141
0.99950242
0.99950111
0.99950790
0.99953353
0.99950945
0.99939394
0.99960762
0.99959975
0.99956030
0.99943036
0.99940836
0.99942315
0.99938190
0.99939537
0.99949026
0.99956399
0.99956733
0.99960083
0.99962294
0.99966490
0.99968433
0.99964643
0.99967921
0.99969625
0.99954408
0.99937624
0.99928492
0.99924529
0.99929368
0.99944633
0.99955755
0.99943787
0.99911779
0.99886835
0.99895501
0.99889791
0.99862075
0.99851888
0.99866915
0.99828702
0.99798286
0.99761438
0.99662387
0.99261075
0.98283756
0.92850572
0.83334655
0.78823185
0.68432504
0.66453981
0.64629918
0.63053787
0.59739077
0.58555621
0.58343196
0.57835162
0.55782461
0.57011724
0.56199569
0.55828744
0.56092894
0.56027174
0.56983638
0.57811409
0.56698233
0.55899864
0.56257933
0.56358516
0.57395571
0.55415875
0.54319268
0.54657787
0.54205626
0.54895812
0.55713081
0.55648553
0.58234239
0.56197560
0.58105576
0.56914628
0.55667502
0.54645658
0.54247785
0.51891267
0.51931036
0.52980369
0.52520132
0.53123987
0.52970719
0.53017277
0.53101289
0.52712405
0.51000327
0.50294137
0.50037366
0.47760010
0.48111778
0.48773506
0.48789552
0.49399814
0.49400291
0.49125364
0.47718984
0.44030660
0.43866843
0.42839745
0.45296708
0.43709356
0.48048791
0.49453393
0.49862218
0.50447941
0.51438826
0.51455480
0.51116771
0.51637000
0.51137125
0.50959891
0.51075166
0.50891280
0.50859237
0.51277798
0.51050538
0.50562650
0.50645357
0.49698785
0.50489515
0.49994922
0.50198781
0.50242519
0.50439066
0.51242954
0.50495952
0.51018018
0.51484197
0.52033007
0.51448166
0.51449901
0.50961483
0.51597118
0.51568502
0.51260382
0.51407444
0.51584625
0.51507807
0.52206707
0.52259624
0.53355831
0.54367638
0.55806839
0.57687306
0.58349544
0.59158641
0.59515762
0.61900187
0.62842858
0.62118268
0.67222160
0.67257649
0.64989406
0.67655724
0.69769889
0.73189598
0.80344582
0.89450091
0.89874315
0.92510009
0.91347539
0.92252445
0.93062323
0.94857806
0.97069585
0.95815480
0.96026587
0.96805364
0.96632451
0.98390782
0.98553759
0.98967510
0.99028605
0.99351007
0.99507600
0.99599671
0.99707818
0.99797505
0.99791366
0.99763870
0.99822181
0.99813962
0.99828160
0.99817204
0.99815339
0.99844933
0.99808598
0.99770361
0.99807274
0.99805605
0.99792767
0.99828088
0.99803454
0.99747831
0.99362636
0.98750710
0.96515024
0.93947124
0.95033479
0.93457210
0.92420810
0.91548955
0.89196271
0.79144949
0.77181411
0.72035229
0.73816586
0.73835385
0.69926012
0.67770451
0.65265578
0.66784376
0.65955800
0.63609195
0.61899829
0.59456438
0.56427968
0.54212850
0.49951249
0.47323942
0.42614707
0.38972884
0.35351756
0.35642135
0.33326033
0.30812731
0.29416299
0.27620697
0.23650551
0.23329501
0.24524106
0.22882099
0.22469732
0.22517650
0.20046142
0.23948944
0.25315627
0.26795584
0.28198382
0.27338859
0.26479751
0.24062006
0.22434849
0.23968963
0.24646245
0.26340538
0.27569309
0.26426309
0.26588124
0.27268839
0.26099485
0.27705103
0.28228351
0.28653318
0.25180927
0.26022947
0.23737791
0.23888311
0.25159690
0.23469296
0.23387130
0.22460239
0.23937222
0.22395048
0.21082456
0.18628097
0.20032673
0.20005067
0.17397518
0.18546537
0.17946656
0.17275611
0.16495639
0.18485542
0.18947466
0.19297619
0.20251326
0.19396910
0.19178836
0.22019450
0.23301037
0.22640865
0.23501253
0.24279723
0.24307299
0.23164864
0.25312498
0.27322924
0.26639986
0.27898347
0.26087525
0.28229043
0.28846654
0.28201360
0.28982043
0.28314438
0.28810138
0.30237967
0.31796673
0.34255356
0.37094906
0.37863752
0.39931506
0.42012802
0.42797875
0.45049518
0.47464404
0.49808666
0.52848989
0.56682283
0.58307183
0.60592991
0.69242442
0.70362741
0.80388743
0.86366934
0.90711886
0.93736690
0.96698773
0.97722214
0.98718017
0.98524332
0.98686522
0.98944443
0.98963737
0.99087501
0.98986173
0.98991346
0.99149853
0.99182254
0.98896861
0.98783630
0.98866522
0.98878133
0.98864871
0.98791677
0.98422712
0.98219407
0.99313873
0.99492079
0.99676764
0.99744797
0.99753201
0.99815124
0.99857450
0.99869907
0.99887294
0.99894267
0.99903774
0.99913812
0.99920374
0.99926978
0.99933416
0.99938083
0.99933428
0.99934083
0.99926978
0.99941540
0.99946553
0.99947184
0.99944037
0.99933773
0.99935192
0.99927503
0.99934489
0.99933857
0.99928075
0.99896204
0.99876606
0.99824297
0.99752694
0.99679154
0.99528223
0.99370688
0.99133098
0.98930150
0.98580801
0.98683119
0.98559153
0.98613507
0.98552567
0.98590314
0.98568106
0.96222860
0.94805181
0.93461627
0.91701156
0.90384138
0.89742690
0.87589049
0.67817408
0.71141255
0.55784142
0.54461122
0.48930782
0.47548762
0.46170494
0.43058285
0.43467924
0.30879799
0.23593703
0.21351027
0.15173025
0.18409370
0.11785360
0.10361157
0.08612128
0.07096363
0.05482106
0.03915493
0.02359421
0.05221917
0.02866170
0.02572243
0.02756456
0.02442469
0.02009702
0.01787209
0.01311242
0.01250342
0.00826801
0.00668805
0.00667882
0.00712633
0.00585341
0.00478227
0.00519903
0.00503402
0.00563227
0.00493458
0.00270840
0.00317756
0.00246420
0.00271584
0.00271527
0.00262325
0.00283807
0.00269397
0.00269851
0.00238385
0.00233341
0.00225245
0.00186842
0.00170017
0.00235455
0.00205519
0.00162412
0.00189781
0.00178009
0.00193657
0.00197594
0.00210608
0.00197240
0.00278146
0.00251508
0.00297205
0.00345572
0.00444920
0.00355172
0.00516296
0.00391240
0.00462976
0.01767121
0.04022384
0.06182703
0.10083506
0.10769022
0.13284528
0.16282678
0.17267071
0.14797239
0.13000567
0.12900673
0.10553796
0.11610994
0.12873317
0.10102406
0.11373375
0.12338138
0.11930050
0.15452749
0.13914113
0.14525002
0.15766300
0.17243505
0.19202974
0.22314367
0.22455052
0.19890483
0.18710525
0.25155649
0.30230042
0.35850695
0.41917953
0.44418111
0.48690197
0.57883209
0.62429082
0.69954908
0.82651472
0.83329380
0.84315830
0.82405174
0.90251219
0.92896235
0.94365287
0.93893975
0.93585235
0.94554698
0.98260039
0.99259442
0.99369133
0.99437004
0.99666250
0.99801672
0.99823987
0.99864107
0.99840254
0.99877518
0.99887246
0.99879670
0.99885881
0.99901414
0.99905819
0.99910551
0.99918038
0.99919528
0.99911827
0.99967659
0.99966967
0.99951136
0.99907255
0.99896455
0.99904507
0.99883324
0.99882537
0.99901915
0.99871254
0.99485898
0.98659283
0.97830802
0.93018734
0.91930747
0.90594465
0.79258794
0.82916355
0.81717312
0.93659788
0.92796350
0.87475222
0.83818227
0.82762265
0.81260955
0.83608210
0.67650050
0.64360631
0.73040283
0.58370751
0.57064784
0.56252438
0.42076114
0.47825673
0.47730327
0.36603639
0.29299989
0.33300546
0.27034199
0.33460370
0.31862596
0.42061082
0.40008074
0.40308321
0.23922302
0.34250399
0.35169646
0.56723249
0.52843773
0.41959807
0.63216627
0.61456448
0.53213799
0.61717385
0.50289994
0.50633055
0.64567685
0.80556619
0.92932338
0.98646104
0.99598038
0.99731076
0.99846661
0.99757808
0.99347633
0.99857605
0.99947685
0.99954766
0.99943382
0.99937516
0.99939859
0.99948943
0.99946970
0.99942786
0.99941409
0.99942756
0.99942881
0.99947089
0.99940777
0.99935013
0.99933159
0.99941528
0.99951518
0.99948323
0.99950707
0.99965286
0.99970800
0.99963498
0.99948126
0.99944979
0.99958771
0.99957186
0.99947041
0.99935979
0.99944681
0.99945587
0.99947995
0.99942929
0.99941468
0.99930477
0.99896789
0.99913824
0.99923980
0.99934500
0.99924809
0.99927455
0.99933112
0.99931920
0.99937731
0.99936312
0.99938762
0.99937731
0.99941993
0.99939013
0.99939418
0.99937445
0.99928951
0.99929261
0.99933535
0.99931669
0.99922526
0.99917847
0.99908054
0.99902928
0.99885273
0.99890864
0.99878508
0.99865448
0.99857450
0.99872452
0.99898559
0.99907327
0.99912292
0.99919552
0.99916625
0.99912888
0.99906927
0.99900645
0.99902081
0.99918991
0.99913079
0.99920195
0.99924052
0.99936241
0.99937075
0.99939799
0.99947518
0.99943930
0.99941957
0.99940968
0.99945658
0.99944943
0.99951196
0.99953294
0.99956924
0.99949944
0.99958581
0.99949729
0.99961650
0.99955767
0.99953783
0.99952483
0.99955171
0.99955875
0.99947363
0.99937290
0.99940336
0.99939620
0.99942303
0.99936098
0.99928790
0.99924821
0.99927956
0.99920565
0.99923444
0.99921322
0.99915445
0.99913472
0.99909568
0.99904436
0.99901843
0.99915898
0.99908257
0.99913329
0.99912184
0.99911982
0.99902618
0.99903023
0.99929166
0.99937767
0.99911922
0.99915862
0.99918467
0.99910361
0.99892187
0.99920553
0.99930501
0.99931908
0.99938595
0.99916255
0.99896300
0.99879104
0.99897349
0.99920672
0.99920779
0.99901891
0.99928170
0.99933147
0.99914896
0.99891293
0.99880898
0.99850249
0.99804115
0.99768090
0.99636948
0.99446350
0.98644269
0.97882611
0.96348488
0.95884323
0.96004146
0.96350980
0.93432260
0.92505693
0.91180414
0.90925050
0.77778703
0.78942043
0.63496995
0.61647296
0.56058371
0.57323420
0.57137936
0.60234106
0.58868873
0.62809151
0.58248442
0.53622919
0.57102382
0.54057616
0.56882101
0.53965139
0.50286049
0.46879277
0.49312648
0.47666618
0.48481655
0.50650966
0.50281239
0.48522440
0.45664546
0.44896761
0.45284241
0.44590694
0.42564818
0.41422632
0.37266067
0.38618478
0.41222954
0.40482026
0.38909537
0.35533002
0.35976884
0.36811689
0.32669729
0.35013783
0.34534466
0.37330529
0.37180468
0.39651069
0.39540768
0.40753970
0.40027454
0.40200174
0.40806177
0.42478603
0.44124687
0.43329793
0.42141199
0.41700956
0.42832994
0.45179546
0.45077670
0.47528380
0.49006814
0.50431645
0.48517814
0.49009311
0.48767540
0.48950374
0.50368214
0.50753295
0.50903249
0.51231796
0.50876880
0.51584488
0.51853526
0.51637584
0.52139860
0.54292679
0.56314766
0.58962226
0.56756455
0.54534197
0.57034039
0.58690196
0.62528205
0.64126134
0.65489101
0.72144979
0.73822892
0.79777008
0.81062192
0.80298662
0.82160658
0.89704752
0.93194425
0.95334452
0.96947259
0.96850508
0.94738442
0.95829648
0.95779234
0.95259732
0.97380179
0.98525375
0.98670745
0.98712093
0.99109191
0.98186857
0.98453301
0.99068391
0.99295080
0.98983544
0.98964757
0.98864681
0.99030370
0.98866767
0.98530674
0.98929906
0.98837358
0.97493368
0.97001326
0.97254723
0.95763230
0.85313684
0.72320962
0.63504571
0.58805382
0.55087340
0.53682899
0.55302161
0.54417115
0.53777081
0.51902258
0.51071447
0.53519273
0.52695668
0.52175796
0.52407044
0.51412839
0.52716732
0.50557017
0.50553429
0.49512210
0.49616641
0.47826439
0.47325855
0.45334658
0.41310653
0.40162885
0.39278579
0.39506763
0.36490193
0.31901288
0.31782174
0.29916653
0.29784614
0.28357470
0.30471188
0.31794873
0.31602627
0.33516169
0.35758108
0.38011917
0.37758008
0.36236715
0.34927541
0.31573218
0.31775352
0.29483151
0.28704539
0.23888524
0.20613031
0.21013017
0.19826907
0.20887369
0.20250544
0.20583805
0.20417966
0.19806886
0.22193687
0.20864120
0.16817561
0.17873621
0.17274813
0.16246736
0.15760320
0.13643059
0.13758643
0.16691561
0.18068190
0.20013553
0.16220854
0.19005534
0.17833680
0.19356202
0.20600738
0.18209407
0.19401565
0.19286028
0.17704710
0.18169208
0.19907430
0.17570797
0.17959490
0.19086057
0.17855459
0.18515432
0.19133954
0.17439228
0.18022998
0.19696128
0.21279028
0.20372777
0.19582996
0.21318963
0.22693412
0.22252308
0.24018459
0.24766411
0.26719695
0.27875102
0.26160002
0.27760479
0.26933977
0.24132185
0.26803380
0.27835092
0.28628445
0.28490537
0.29348251
0.29453236
0.30072808
0.32764557
0.38630953
0.42487922
0.47420153
0.53785706
0.60797387
0.68777376
0.83209765
0.87617809
0.90370399
0.94056892
0.97418559
0.98988777
0.99684072
0.99793798
0.99850851
0.99858224
0.99903619
0.99885321
0.99900192
0.99919754
0.99929905
0.99936479
0.99944979
0.99953258
0.99948227
0.99950957
0.99953318
0.99950886
0.99952543
0.99956232
0.99955636
0.99958247
0.99965918
0.99960381
0.99970156
0.99969804
0.99970847
0.99959296
0.99957317
0.99968183
0.99953282
0.99954331
0.99947745
0.99948561
0.99950433
0.99951899
0.99958938
0.99972218
0.99960858
0.99958640
0.99935383
0.99945337
0.99950874
0.99949574
0.99951172
0.99959844
0.99942398
0.99959165
0.99950063
0.99944419
0.99953413
0.99957365
0.99957079
0.99963880
0.99961483
0.99954623
0.99954599
0.99962389
0.99963820
0.99954957
0.99942720
0.99922013
0.99907410
0.99900764
0.99860054
0.99881697
0.99821317
0.99757224
0.99701416
0.99527740
0.99372649
0.99065316
0.98621237
0.98823804
0.98185503
0.98585784
0.98898762
0.98846483
0.98283815
0.95979738
0.94601816
0.91891915
0.92658907
0.84886837
0.87917292
0.83920020
0.80141646
0.68370825
0.56083816
0.43374118
0.41080388
0.37602547
0.34886730
0.29390135
0.28106239
0.26153338
0.24277398
0.23521508
0.19685882
0.20976630
0.22999261
0.16550402
0.18668941
0.18579225
0.16340032
0.15552121
0.12883966
0.08830208
0.10117931
0.09174979
0.04451405
0.03343046
0.02347854
0.01812715
0.00851619
0.00541566
0.00408113
0.00427966
0.00440209
0.00341290
0.00362148
0.00359942
0.00418529
0.00406683
0.00255487
0.00255331
0.00338725
0.00356311
0.00320607
0.00245169
0.00354607
0.00324377
0.00443841
0.00215240
0.00256780
0.00282221
0.00246008
0.00189423
0.00258047
0.00296454
0.00210324
0.00200767
0.00232936
0.00207414
0.00177163
0.00141890
0.00272205
0.00221501
0.00325888
0.00302245
0.00301930
0.00471210
0.00682111
0.00973891
0.00856761
0.00820692
0.00596620
0.00640073
0.00532269
0.01147192
0.01814607
0.02730344
0.04545616
0.07358436
0.08412766
0.12880263
0.16277121
0.17271435
0.17533141
0.19278930
0.19635069
0.18544663
0.16497813
0.16550581
0.16383636
0.10102094
0.13102728
0.15838486
0.20815943
0.22088723
0.20098895
0.22104114
0.24641271
0.24884462
0.23503682
0.24895582
0.27849570
0.32120931
0.34426716
0.36666584
0.39539796
0.44408479
0.50072724
0.51970798
0.55486614
0.58581340
0.58643770
0.60676867
0.63735741
0.68899721
0.70750117
0.74380088
0.77654147
0.80651188
0.84318781
0.89285374
0.93165946
0.94807154
0.95662791
0.96552169
0.97962439
0.98684663
0.99228901
0.99436921
0.99497074
0.99583238
0.99612021
0.99868101
0.99903548
0.99920207
0.99917895
0.99905580
0.99878877
0.99861097
0.99850672
0.99846458
0.99846506
0.99483228
0.99464768
0.98972511
0.98046380
0.96687430
0.96552861
0.96741450
0.95616275
0.95918947
0.95984942
0.90666121
0.86842549
0.88899052
0.73809415
0.87129086
0.88506395
0.46657953
0.19586919
0.33929020
0.51247311
0.20771500
0.04380102
0.03041469
0.05726686
0.14955865
0.17040597
0.24567315
0.46438622
0.41745967
0.38210320
0.61838430
0.51256400
0.57534736
0.70903122
0.81599206
0.79769152
0.67269182
0.71706438
0.64841717
0.55823886
0.63159204
0.58172548
0.37894559
0.43867645
0.42716783
0.45679969
0.64600194
0.70508754
0.58366030
0.69787079
0.87209767
0.91246694
0.93407393
0.91700566
0.97609442
0.99429613
0.99699271
0.99754971
0.99825519
0.99870408
0.99899405
0.99899954
0.99910730
0.99914753
0.99920887
0.99907303
0.99901438
0.99912316
0.99924707
0.99942565
0.99958843
0.99942291
0.99938035
0.99936050
0.99928683
0.99932325
0.99928313
0.99917787
0.99920577
0.99931300
0.99934882
0.99932408
0.99926847
0.99935967
0.99936825
0.99934012
0.99925345
0.99928015
0.99931955
0.99938393
0.99942362
0.99946004
0.99942660
0.99939716
0.99939811
0.99941885
0.99949169
0.99951422
0.99948114
0.99950802
0.99949408
0.99947184
0.99940825
