1.00000000
1.00000000
1.00000000
1.00000000
1.00000000
1.00000000
1.00000000
1.00000000
1.00000000
1.00000000
1.00000000
1.00000000
1.00000000
1.00000000
1.00000000
1.00000000
1.00000000
1.00000000
1.00000000
1.00000000
1.00000000
1.00000000
1.00000000
1.00000000
1.00000000
1.00000000
1.00000000
1.00000000
1.00000000
1.00000000
1.00000000
1.00000000
1.00000000
1.00000000
1.00000000
1.00000000
1.00000000
1.00000000
1.00000000
1.00000000
1.00000000
1.00000000
1.00000000
1.00000000
1.00000000
1.00000000
1.00000000
1.00000000
1.00000000
1.00000000
1.00000000
1.00000000
1.00000000
1.00000000
1.00000000
1.00000000
1.00000000
1.00000000
1.00000000
1.00000000
1.00000000
1.00000000
1.00000000
0.99189669
0.98904979
0.98936647
0.99449664
0.98881137
0.98973024
0.99011236
0.98978782
0.99245512
0.98875403
0.98697168
0.98214668
0.97503144
0.97610712
0.97546285
0.95972461
0.96818650
0.96424991
0.96191263
0.97484732
0.98858297
0.98494905
0.98772460
0.98644328
0.98005211
0.97950888
0.98425066
0.98248833
0.98592389
0.98775160
0.98541105
0.98975688
0.98810506
0.98726290
0.98677385
0.98822325
0.99106205
0.99114007
0.99258584
0.99362600
0.99280351
0.99297708
0.99222648
0.99273092
0.99373734
0.99410361
0.99329847
0.99413079
0.99355173
0.99448097
0.99224901
0.99284607
0.99230838
0.98968583
0.98789483
0.98698694
0.98879075
0.98844659
0.98734576
0.98223317
0.98354059
0.98032701
0.99217492
0.99314672
0.99235982
0.99066108
0.98810637
0.99304467
0.99228913
0.99209094
0.99441588
0.99258971
0.99097681
0.99317765
0.99352598
0.99087757
0.98882842
0.98432964
0.98872143
0.98739260
0.98994195
0.99336123
0.99241239
0.99289274
0.99316412
0.99323976
0.99490428
0.99559903
0.99674439
0.99665856
0.99692959
0.99600840
0.99538392
0.99533457
0.99480766
0.99498183
0.99539304
0.99521720
0.99521458
0.99513197
0.99483252
0.99512935
0.99318588
0.99475563
0.99416804
0.99268472
0.99128097
0.99431241
0.99467540
0.99037933
0.99526250
0.99591017
0.99674666
0.99695444
0.99685764
0.99743515
0.99741840
0.99650335
0.99652195
0.99578059
0.99523997
0.99623811
0.99524999
0.99572843
0.99462974
0.99403775
0.99557674
0.99630547
0.99639410
0.99660802
0.99575377
0.99656421
0.99586356
0.99551117
0.99628735
0.99605042
0.99628109
0.99622250
0.99660158
0.99512815
0.99598867
0.98944503
0.99068272
0.99144226
0.99001080
0.99347430
0.99371970
0.99279130
0.99252397
0.99166495
0.99326634
0.99532616
0.99563783
0.99609828
0.99433559
0.99587786
0.99457633
0.99478865
0.99114776
0.99294066
0.99176073
0.99402112
0.99477464
0.99409229
0.99495870
0.99417073
0.99620444
0.99329644
0.99696356
0.99690092
0.99754435
0.99774301
0.99769872
0.99764973
0.99722928
0.99760300
0.99748778
0.99682522
0.99817228
0.99789435
0.99683821
0.99524963
0.99509501
0.99137735
0.99068481
0.99270082
0.99256057
0.99125451
0.99550229
0.99379808
0.99614453
0.99438125
0.99373662
0.99537945
0.99379879
0.99595636
0.99550629
0.99521208
0.99493837
0.99460077
0.99364233
0.99244952
0.99310851
0.99168700
0.99147427
0.99162722
0.99077374
0.99027437
0.99332654
0.99426031
0.98744988
0.98126489
0.99268872
0.99435824
0.99495196
0.99248558
0.99463528
0.99054015
0.99028826
0.99066013
0.99458259
0.99143171
0.98511904
0.98963147
0.99106276
0.99141109
0.99417734
0.99407035
0.99279553
0.99146008
0.96491921
0.98495042
0.97260410
0.98804468
0.99003649
0.99219477
0.99136251
0.99140102
0.99111301
0.99028462
0.99093086
0.99162942
0.99301803
0.99044037
0.98840606
0.98682016
0.99049091
0.98675042
0.99315989
0.99414825
0.99085629
0.99083871
0.99542123
0.99549639
0.99488693
0.99703240
0.99656516
0.99091047
0.98556733
0.99504447
0.99744993
0.99680030
0.99438196
0.99361849
0.97731316
0.98114485
0.99673921
0.99782854
0.99754447
0.99740368
0.99627644
0.98819995
0.99019837
0.99490815
0.99573851
0.99594694
0.99653047
0.98448253
0.98218322
0.99047840
0.99388289
0.99462390
0.99426705
0.99190605
0.99338174
0.99150014
0.98945403
0.98799419
0.99386722
0.99317884
0.99430931
0.99194747
0.99360222
0.98983735
0.98580068
0.99092990
0.99180275
0.99037606
0.99147230
0.99103421
0.98573095
0.98635811
0.98108184
0.98872352
0.98259556
0.99465644
0.99242556
0.99217331
0.99196965
0.99072427
0.99178880
0.98761523
0.98800695
0.98355377
0.98506588
0.98271745
0.98033810
0.97918987
0.97953576
0.98952943
0.98177296
0.98324078
0.98380196
0.98842978
0.98952484
0.99180990
0.99233025
0.98255515
0.99315602
0.99391729
0.99499822
0.99463487
0.99406803
0.99398661
0.98857969
0.98992586
0.99599338
0.99751806
0.99742413
0.99604023
0.99408627
0.99574369
0.99338657
0.99479288
0.99113256
0.99002331
0.98613286
0.98523498
0.98655671
0.98441827
0.98746526
0.98397034
0.98888224
0.98430389
0.98555183
0.97452784
0.98696452
0.97182739
0.98600763
0.98475534
0.98857993
0.98980135
0.98803025
0.98253262
0.98956221
0.99194396
0.99229616
0.98897946
0.99062461
0.99137890
0.98903978
0.99392444
0.99302447
0.99505264
0.99614561
0.99320364
0.99509180
0.99340147
0.99385923
0.99352562
0.98781151
0.99228376
0.99025363
0.97827041
0.98535931
0.99108446
0.99171668
0.98792249
0.99549377
0.99640840
0.99607831
0.99446291
0.99740428
0.99662614
0.99508697
0.99597871
0.99643952
0.99290538
0.99337703
0.99246347
0.99400216
0.99384648
0.98951566
0.99239963
0.99322283
0.99282962
0.99236226
0.99304456
0.99375880
0.99611521
0.99297136
0.99277335
0.99498910
0.98858798
0.99033326
0.99500424
0.99053979
0.99486154
0.99085885
0.99507153
0.99502397
0.99707991
0.99225909
0.99546885
0.99536705
0.99442178
0.99665302
0.99147367
0.99278533
0.99454063
0.99443096
0.99389440
0.99613297
0.99389291
0.99462318
0.99380469
0.99580491
0.99080580
0.99481469
0.99466658
0.99387568
0.99377668
0.99524552
0.99261874
0.99543804
0.99550039
0.99346352
0.99577385
0.99314064
0.99555534
0.99433434
0.99376559
0.99391949
0.99634260
0.99516076
0.99203670
0.99395472
0.99475205
0.98978478
0.99091864
0.99454522
0.99233443
0.97987902
0.99379116
0.98959363
0.99232167
0.98900115
0.99271107
0.99038458
0.99102509
0.98839790
0.98789740
0.99109274
0.98675507
0.98634273
0.98612285
0.98362732
0.98418909
0.98588830
0.98613095
0.98815900
0.99106020
0.98783964
0.99096972
0.99158430
0.98874927
0.99326211
0.99274302
0.99245328
0.98313707
0.99252033
0.98981923
0.98872924
0.99316883
0.99290508
0.98649824
0.99230522
0.99095577
0.98967689
0.99323720
0.98152989
0.98902726
0.99026066
0.99106967
0.99182397
0.97690475
0.99267220
0.97925866
0.99274665
0.99271023
0.98838705
0.98723596
0.98885274
0.99390960
0.99174279
0.98531067
0.99140972
0.98624033
0.98370552
0.98147339
0.98302877
0.98736286
0.98159605
0.97565746
0.98270792
0.96166736
0.98528212
0.98123747
0.98645002
0.97894579
0.98666430
0.97183752
0.98665792
0.98218703
0.97950864
0.98696762
0.99181807
0.98335361
0.98853451
0.99016541
0.98673069
0.98856610
0.98677689
0.98759264
0.98834515
0.98923302
0.99031526
0.96610761
0.98759079
0.99455428
0.99389231
0.99490571
0.99146241
0.98478103
0.99171317
0.98616272
0.98796600
0.97823071
0.99325067
0.99131364
0.98076332
0.98996931
0.98929578
0.98898101
0.99153942
0.98125285
0.97349983
0.97968078
0.98502815
0.97740662
0.98401952
0.98794973
0.98671502
0.99209821
0.98632622
0.97841454
0.97986102
0.97433996
0.98646146
0.98165852
0.98683840
0.99059218
0.98796916
0.98485130
0.97616428
0.98713142
0.98854148
0.98025286
0.98941153
0.99030823
0.98648483
0.99171066
0.99152094
0.99054343
0.98727071
0.99214208
0.97939670
0.98289883
0.97864795
0.98812217
0.99343735
0.98618931
0.99230629
0.98642218
0.98361433
0.99032354
0.98532516
0.98878074
0.98692477
0.98562801
0.98608750
0.98649269
0.98431998
0.98301387
0.97591543
0.97794551
0.96923304
0.96074480
0.94713235
0.97079551
0.94772714
0.97219443
0.94320250
0.95991141
0.97343725
0.95316511
0.96423119
0.96486837
0.95198447
0.95099610
0.94496036
0.93268156
0.91829395
0.94954157
0.92178869
0.92670459
0.92633736
0.88615423
0.89877456
0.91495079
0.86086112
0.88402951
0.84227067
0.83661240
0.81259710
0.75580633
0.81942445
0.75551456
0.78587729
0.71206945
0.71948230
0.72488385
0.73831517
0.75130612
0.69432020
0.70915365
0.70693225
0.66335183
0.66547269
0.61314327
0.62888175
0.64409035
0.59351504
0.65010291
0.58993822
0.60434544
0.55864447
0.59539175
0.58078247
0.54749447
0.51682031
0.52148473
0.50666487
0.50023723
0.48639402
0.47480908
0.49270314
0.48130152
0.47777820
0.46655145
0.48365438
0.47702795
0.46778089
0.49334919
0.46771359
0.47165066
0.49056169
0.46461207
0.46855414
0.47220933
0.49635419
0.46842536
0.47388244
0.47678822
0.45689416
0.46610928
0.46538234
0.47058606
0.48764092
0.49383935
0.49090406
0.48088682
0.49377465
0.47968295
0.48162073
0.47970065
0.48327890
0.48114362
0.48545051
0.48734641
0.48774448
0.49878386
0.49285182
0.49503934
0.49150223
0.48271680
0.48161289
0.48766008
0.47669631
0.47706795
0.48209083
0.47127953
0.47224671
0.47036317
0.49307013
0.47023803
0.47280434
0.47595182
0.48194703
0.47370893
0.48186487
0.47775501
0.50406015
0.48181134
0.48062062
0.49478036
0.49013600
0.48482618
0.48736283
0.48066363
0.48001733
0.47033706
0.47450212
0.47527865
0.47309840
0.46811444
0.47283673
0.47888350
0.48101956
0.47523561
0.47997603
0.48011184
0.47674480
0.47875440
0.47314873
0.47770584
0.48043630
0.47852662
0.48192245
0.47531301
0.47823727
0.47655171
0.47256187
0.47296610
0.47477642
0.47498265
0.47450078
0.47729281
0.47836730
0.47774622
0.47789198
0.47973719
0.48151514
0.48633289
0.48134616
0.48353416
0.48290819
0.48082906
0.48154885
0.48055255
0.47848514
0.47674647
0.47733474
0.47748747
0.47794023
0.47892746
0.47777286
0.47730997
0.48227414
0.48169801
0.47953206
0.48186967
0.48042870
0.47575742
0.47753495
0.47336158
0.47594470
0.47915396
0.48074225
0.47579050
0.47371101
0.48781323
0.48538691
0.48745131
0.46752965
0.45399749
0.46217278
0.48401666
0.48031020
0.47747961
0.46745759
0.45454007
0.45854917
0.47574818
0.46301836
0.46491313
0.46649966
0.46123976
0.46151808
0.45978907
0.45758355
0.46090043
0.46502215
0.46682027
0.46420759
0.45282927
0.45478997
0.46586484
0.46816182
0.46331644
0.46738577
0.46611184
0.47244561
0.47511894
0.48354644
0.48691818
0.47450045
0.47477448
0.47059569
0.47340554
0.46323287
0.46354833
0.47444940
0.47063348
0.46978796
0.46502149
0.46371362
0.46412864
0.46589717
0.45951378
0.48449016
0.48384240
0.48906732
0.48615891
0.47672307
0.47108877
0.46468845
0.46619561
0.45954973
0.45947826
0.46018755
0.46527353
0.46701208
0.46773550
0.46757537
0.46881619
0.46865386
0.46770287
0.46960601
0.46941388
0.47042882
0.46820417
0.47242483
0.47218627
0.46993259
0.47045776
0.46950331
0.46994665
0.47282460
0.47034949
0.47548786
0.47747058
0.47843820
0.47027177
0.47797400
0.48933402
0.48626408
0.49674350
0.49763745
0.49898070
0.50170034
0.50995886
0.51483762
0.52321303
0.53201264
0.53492498
0.54367375
0.54012203
0.52977031
0.54152864
0.53692353
0.53886461
0.53935516
0.54508662
0.55745232
0.58775216
0.59814835
0.61674947
0.64029235
0.66050392
0.67110711
0.66276211
0.71640253
0.73522264
0.74403107
0.78122234
0.81686908
0.82654822
0.82843751
0.82027996
0.82535493
0.83433622
0.83264858
0.85124248
0.86045545
0.89702815
0.92028385
0.90035677
0.91941208
0.92906326
0.93866020
0.95715523
0.97160000
0.98657346
0.98493063
0.97670835
0.97919410
0.97057593
0.97410673
0.97608733
0.98158354
0.98242033
0.97692114
0.97339320
0.96900761
0.97208619
0.97926062
0.98158467
0.98380327
0.98468590
0.98539031
0.98499078
0.98453867
0.98716056
0.98785853
0.99014729
0.98862773
0.99071652
0.98978031
0.98877853
0.99059665
0.98963708
0.99053758
0.98764360
0.98780197
0.99118316
0.99046624
0.99193549
0.98949146
0.99105823
0.98810393
0.98872292
0.99078745
0.99105823
0.99098724
0.98670536
0.98937631
0.98731405
0.98538846
0.98713499
0.98826349
0.98895758
0.98363000
0.98745281
0.98755568
0.99352562
0.99056971
0.99084574
0.99062413
0.99174774
0.99373579
0.99466008
0.98357660
0.98838168
0.98905116
0.98880029
0.98340100
0.98630238
0.98134965
0.98064286
0.97787833
0.97680515
0.98585224
0.98433477
0.98254514
0.97650105
0.98381674
0.98320538
0.98516291
0.97216135
0.98392731
0.97804785
0.97054267
0.97209239
0.96850789
0.96311253
0.94951391
0.95094866
0.94442028
0.95026308
0.93713874
0.93869913
0.89664423
0.89845306
0.87774956
0.89734632
0.88527244
0.87587517
0.89659643
0.88071650
0.84975284
0.81078899
0.77089190
0.73195457
0.74805689
0.73573446
0.73515463
0.73993850
0.72750384
0.67506009
0.67557585
0.62140584
0.58667648
0.55192930
0.52592552
0.49092245
0.48938996
0.48941299
0.47628361
0.44920409
0.43077505
0.41716734
0.42128092
0.40858868
0.43093374
0.37787381
0.37084338
0.35940334
0.34657136
0.35336414
0.34318039
0.33281508
0.32595590
0.32414734
0.32073495
0.29455292
0.30164048
0.29712805
0.27902883
0.29923320
0.27852595
0.28271055
0.28625864
0.26037303
0.28745204
0.28587624
0.28468940
0.30244565
0.27038535
0.27500507
0.27987128
0.28430837
0.29173437
0.25513795
0.25436541
0.24707179
0.28562737
0.29384106
0.28839299
0.31845495
0.30581856
0.31117779
0.29418766
0.28220114
0.28354976
0.29832000
0.27862471
0.27326682
0.27252606
0.27274245
0.27871916
0.27077094
0.28810588
0.28406736
0.28223079
0.28602830
0.28002754
0.29854512
0.27376416
0.30136600
0.29824612
0.28450584
0.29251918
0.28096512
0.28751448
0.26860046
0.25026259
0.28272575
0.30263299
0.27837995
0.29484859
0.26655400
0.29515141
0.28288302
0.29054260
0.28161412
0.29273579
0.30302513
0.29706359
0.31531578
0.28137967
0.28957775
0.29128328
0.27231312
0.27360508
0.27619103
0.28109384
0.27611759
0.29662156
0.27587709
0.28024775
0.27209809
0.26125818
0.28632829
0.24659553
0.24725187
0.22942697
0.22493625
0.22053745
0.21606924
0.21813652
0.20480949
0.19176002
0.20180254
0.23264343
0.19939822
0.17287637
0.21380632
0.19177340
0.20060305
0.21734717
0.19499879
0.19598955
0.20390986
0.22512573
0.21284974
0.24403167
0.19862323
0.20916328
0.23741353
0.24474028
0.22887626
0.22536249
0.24083841
0.20304367
0.22831765
0.25330994
0.22301409
0.27008763
0.24782838
0.30417988
0.31820703
0.32879639
0.35511041
0.35694322
0.36002201
0.37811098
0.39362916
0.42609182
0.45113620
0.47871691
0.46801442
0.51976860
0.52562189
0.59839231
0.53333217
0.53218901
0.51734972
0.60723281
0.64604247
0.65152162
0.76059896
0.72004974
0.69047379
0.65142238
0.71913046
0.65189677
0.79799563
0.75352335
0.79615086
0.76230699
0.79946780
0.81792599
0.78556174
0.84616703
0.76982731
0.79783362
0.85829955
0.85269511
0.85038614
0.75818133
0.85932899
0.73632449
0.80515569
0.74275678
0.82082337
0.76449144
0.75122303
0.68838006
0.72656345
0.67586595
0.78185564
0.71683395
0.79429448
0.80561078
0.74372631
0.64905000
0.81185180
0.72417778
0.78291333
0.79457182
0.78390461
0.74215716
0.76706451
0.75646406
0.86993450
0.79964846
0.86543316
0.83836526
0.77149546
0.84945089
0.85445052
0.82844770
0.83906949
0.80856812
0.89678502
0.89932323
0.87408322
0.90006888
0.87078518
0.85282290
0.92107713
0.89086086
0.90951294
0.83794165
0.90889436
0.90340638
0.84595120
0.71953362
0.88061684
0.94820815
0.91322058
0.94653469
0.94540530
0.87584436
0.88074738
0.95211345
0.91701567
0.93646371
0.92490387
0.90199250
0.91694808
0.87247998
0.95421594
0.94778746
0.96103829
0.96497369
0.93600762
0.96046996
0.96585333
0.93751496
0.95696425
0.95721924
0.89946979
0.94332212
0.93954331
0.91187412
0.90241539
0.92970103
0.91113561
0.88701302
0.94208783
0.93676072
0.92695057
0.92895383
0.85427690
0.88628781
0.93284816
0.87371707
0.92989802
0.93535125
0.91212237
0.91253704
0.77040845
0.89289117
0.91201448
0.90765232
0.90166181
0.90672296
0.85699689
0.94641566
0.94687074
0.86299646
0.92368644
0.93864137
0.89909649
0.88739800
0.84831029
0.85822308
0.86485058
0.86105424
0.89839965
0.90051723
0.93525791
0.86629468
0.84538627
0.82929701
0.82589090
0.87235332
0.92592180
0.87346816
0.84999591
0.83560264
0.85672718
0.88940215
0.87240183
0.81011212
0.89459765
0.89347273
0.91798484
0.86483508
0.89341962
0.91270107
0.92496967
0.88833785
0.91715211
0.94556558
0.90896916
0.93129539
0.90511847
0.92938083
0.94096881
0.95223516
0.96764582
0.93395311
0.94844091
0.91428781
0.96281958
0.95844823
0.96304607
0.95327872
0.96810037
0.97307938
0.97379011
0.97210622
0.97886878
0.96820462
0.97032756
0.95880425
0.97550440
0.98404258
0.96695942
0.98368418
0.97754490
0.98493725
0.97137016
0.97521383
0.98898870
0.98707515
0.98759657
0.98649997
0.99388725
0.99348468
0.99209589
0.99110198
0.99432546
0.99187613
0.99103010
0.99132884
0.99113876
0.99546415
0.99295807
0.99345219
0.98867446
0.99021202
0.99328196
0.99163908
0.99440408
0.98953921
0.99295938
0.99237728
0.99169266
0.99538922
0.99098116
0.98992401
0.99198604
0.99226815
0.98910564
0.99402350
0.99402100
0.99308455
0.99377126
0.99509972
0.98737645
0.98962808
0.98723412
0.99496329
0.99040878
0.99343419
0.99535960
0.99267238
0.98848200
0.99383742
0.99527526
0.99464428
0.99375582
0.99529678
0.99596417
0.99250871
0.99573541
0.99531698
0.99417651
0.99396098
0.98875183
0.99557388
0.99144006
0.99363613
0.98661417
0.99440479
0.99217117
0.99172455
0.99435741
0.99359471
0.98854548
0.99565840
0.99412513
0.98897493
0.99413067
0.99037898
0.99531627
0.98237890
0.97925848
0.98261815
0.98647714
0.98190039
0.97375023
0.98371786
0.97715455
0.98847079
0.97422624
0.98842049
0.99387497
0.98775744
0.97654986
0.98583478
0.98727185
0.95463532
0.99261332
0.98013389
0.99243003
0.98411107
0.99320531
0.98439747
0.98617482
0.99517363
0.98987585
0.99335515
0.98645604
0.99170530
0.98732275
0.99081343
0.99173915
0.98429984
0.97539943
0.98201907
0.97023642
0.96555406
0.95295548
0.96121961
0.96013230
0.96017903
0.98299336
0.98959279
0.99255681
0.99184799
0.99113399
0.99468756
0.99171388
0.99534696
0.99452078
0.98859030
0.99040133
0.99112099
0.98320550
0.98328018
0.99230653
0.99288815
0.99456209
0.99538463
0.98952955
0.98786122
0.99235380
0.98823804
0.99242193
0.98688668
0.99282867
0.99632829
0.99306726
0.99625897
0.99807608
0.99706024
0.99723190
0.99653244
0.99668092
0.99782407
0.99746716
0.99694806
0.99718994
0.99776518
0.99811387
0.99794132
0.99557734
0.99777848
0.99749905
0.99647802
0.99553335
0.99667525
0.99605846
0.99709404
0.99497509
0.99507409
0.99637610
0.99563944
0.99588227
0.99563342
0.99577999
0.99535614
0.99585187
0.99640924
0.98788643
0.99717075
0.99642664
0.99471974
0.99715579
0.99676585
0.99653292
0.99483299
0.99604237
0.99621826
0.99640697
0.99446130
0.99557686
0.99656278
0.99612635
0.99633503
0.99725729
0.99663407
0.99666506
0.99697649
0.99647766
0.99685293
0.99671435
0.99645716
0.99694616
0.99651563
0.99611700
0.99478477
0.98971099
0.98813593
0.99450135
0.99518186
0.99335843
0.99231333
0.99366719
0.99177659
0.99110001
0.98844403
0.99166119
0.99024147
0.99153250
0.98905832
0.99476564
0.99441272
0.99372572
0.99393505
0.99396086
0.99449641
0.99408555
0.99451870
0.99426150
0.99258691
0.99334502
0.99277240
0.99297959
0.99055076
0.99130601
0.99006957
0.98516995
0.99181527
0.98814929
0.99151820
0.99193418
0.99106300
0.98903871
0.98993647
0.99010402
0.99110478
0.99032950
0.99020749
0.99136603
0.99322128
0.99471456
0.99392140
0.99419242
0.99440610
0.99454403
0.99442756
0.99229795
0.99121690
0.99216616
0.98789501
0.97955334
0.98584324
0.98538983
0.98443222
0.98365027
0.98277479
0.98338771
0.98519427
0.98506171
0.98682690
0.98731196
0.98713303
0.98635370
0.98737466
0.98808807
0.98700178
0.98229235
0.98724556
0.98306322
0.98873442
0.98810589
0.98845065
0.98596823
0.98680592
0.98498720
0.98217183
0.98464334
0.98299372
0.98481607
0.98428267
0.98433292
0.98156172
0.98319155
0.98877525
0.97945559
0.98375225
0.99092823
0.99076384
0.99154365
0.98924023
0.99128813
0.98964894
0.99145848
0.99167401
0.99143243
0.99287647
0.99198079
0.98842061
0.99200672
0.99079752
0.99092311
0.99201584
0.99120104
0.99063617
0.99154180
0.99288779
0.99421483
0.99346381
0.99367249
0.99339056
0.99394727
0.99494851
0.99479842
0.99451077
0.99418962
0.99378294
0.99322248
0.99459684
0.99491149
0.99496424
0.99410003
0.99137384
0.99275815
0.99269122
0.99346948
0.99345195
0.99315518
0.99078935
0.99065709
0.99283397
0.99362200
0.99266022
0.99344540
0.99303108
0.99233985
0.99195921
0.99187917
0.99070412
0.99056250
0.99059719
0.99158055
0.99086189
0.99544358
0.99589729
0.99611074
0.99535120
0.99393070
0.99456823
0.99404705
0.99335527
0.99429506
0.99497050
0.99485379
0.99437040
0.99420047
0.99234277
0.99124521
0.99503607
0.99486119
0.99582678
0.99618882
0.99640828
0.99707460
0.99818558
0.99785221
0.99787080
0.99829966
0.99795049
0.99701869
0.99399489
0.99555749
0.99450642
0.99413174
0.98975945
0.98790735
0.98534817
0.98743689
0.97847205
0.98452848
0.98140323
0.98390561
0.98752660
0.98792040
0.98597300
0.98696911
0.98933613
0.98809880
0.99198455
0.99394304
0.99287981
0.99457932
0.99509650
0.99387014
0.99432713
0.99683928
0.99717259
0.99649423
0.99738175
0.99759239
0.99764097
0.99740487
0.99612278
0.99641246
0.99669421
0.99718601
0.99720937
0.99449390
0.99467814
0.99326491
0.99503481
0.99549758
0.99562705
0.99520594
0.99423617
0.99145859
0.99344975
0.99560708
0.99598420
0.99658740
0.99535298
0.99608278
0.99685043
0.99510419
0.99629837
0.99596643
0.99559778
0.99584681
0.99586666
0.99602169
0.99666202
0.99575102
0.99689746
0.99587315
0.99471116
0.99350488
0.99222213
0.99446470
0.99283469
0.99253643
0.98931319
0.99232614
0.99361914
0.99550998
0.99187136
0.98754150
0.98801816
0.99392515
0.99291539
0.99199426
0.99051863
0.98897517
0.98834944
0.98841977
0.98800105
0.98622316
0.98057246
0.97085547
0.96173638
0.94862783
0.95877796
0.96178091
0.94779539
0.96129721
0.96437711
0.96589088
0.96151161
0.97272331
0.97234523
0.97372311
0.97651130
0.98304272
0.97534114
0.98235589
0.96161884
0.96951342
0.95223385
0.97660303
0.95466489
0.96934032
0.95532811
0.97953153
0.97527802
0.97519571
0.97959512
0.98198998
0.97823912
0.97760141
0.97761244
0.98461676
0.97937167
0.96732593
0.95771474
0.97026718
0.95244104
0.95480007
0.92763174
0.93461221
0.93792027
0.94176203
0.92335570
0.93327677
0.93432927
0.92699665
0.91214234
0.93251103
0.93228620
0.92667460
0.93996638
0.92009133
0.93888134
0.95192707
0.95597410
0.95635372
0.94531572
0.94681245
0.93482894
0.94922596
0.93930387
0.94061893
0.93702912
0.93137836
0.93303800
0.94567692
0.94635320
0.95298225
0.95521075
0.93312645
0.91007036
0.87865591
0.82147777
0.93463373
0.94650000
0.94992864
0.93686879
0.97218406
0.95671999
0.96715832
0.97299767
0.98583126
0.81904513
0.65017033
0.05623170
0.04181690
0.10313746
0.60712963
0.06406779
0.06775329
0.48528752
0.46882406
0.71051413
0.72976261
0.85702169
0.88697946
0.93003327
0.89068949
0.80426913
0.12546307
0.55269456
0.10459569
0.45323974
0.88843030
0.79710597
0.88484681
0.94731021
0.76660371
0.47367927
0.53744864
0.75889981
0.39604887
0.66861796
0.11111620
0.05692939
0.05363128
0.07418631
0.86584586
0.59114021
0.06443797
0.06649406
0.31730750
0.50396824
0.75690180
0.81943673
0.49100459
0.18205602
0.08544003
0.76830292
0.95726806
0.82853234
0.11710775
0.89465791
0.66850770
0.79733968
0.80703682
0.92798537
0.07429101
0.52016801
0.91412699
0.90912628
0.95290363
0.94529527
0.82807225
0.93735421
0.71466804
0.15800995
0.77553481
0.73104447
0.11172012
0.82413507
0.05435455
0.07634985
0.11357374
0.06334373
0.15468015
0.73678267
0.80200523
0.55482429
0.85163635
0.76881766
0.43860590
0.79709721
0.86226237
0.73480827
0.12887470
0.50028872
0.68968749
0.11293121
0.75960511
0.32689673
0.14545937
0.11336354
0.47885260
0.20108013
0.18793164
0.25996941
0.33509079
0.20115173
0.29640135
0.27920720
0.36134630
0.30373743
0.26230943
0.36021015
0.23544833
0.28372797
0.29302382
0.30541262
0.35764173
0.22321069
0.24227500
0.23707059
0.25610688
0.26324120
0.20387568
0.23896268
0.26684383
0.29768157
0.22532266
0.21898805
0.24507530
0.24496852
0.14176281
0.19315912
0.19612144
0.14378096
0.19712198
0.13627708
0.18006738
0.19563797
0.22111234
0.16269159
0.19732571
0.15078212
0.19263490
0.19843328
0.14079490
0.14903717
0.14518249
0.18028198
0.12516586
0.19516385
0.17045462
0.23348415
0.17977585
0.23565397
0.18104796
0.19021700
0.21134767
0.22096622
0.22793242
0.25809127
0.25585058
0.21505871
0.29453701
0.26379710
0.25767782
0.21115652
0.27133223
0.27433422
0.20770222
0.33491564
0.24126260
0.24208382
0.20025538
0.27260488
0.24299604
0.22885868
0.33136424
0.19295086
0.33638018
0.23966002
0.27247569
0.26295793
0.23898661
0.26507172
0.31151700
0.29327422
0.16979620
0.24985632
0.22112513
0.27249259
0.32301614
0.34458727
0.31681025
0.22400731
0.24691857
0.25524327
0.34537581
0.23273844
0.17139240
0.16089641
0.25317162
0.29538062
0.22824167
0.35876980
0.22291161
0.23066437
0.32290369
0.28423533
0.22715178
0.29312295
0.28796661
0.23693217
0.24414878
0.26065433
0.30271709
0.19543171
0.27384576
0.27289045
0.30919838
0.18525869
0.25773373
0.27316907
0.19868346
0.31812015
0.29153496
0.29368046
0.27001104
0.23486751
0.29933771
0.30282283
0.27610248
0.29806453
0.24246685
0.30178773
0.15891449
0.27700442
0.29301319
0.24020934
0.28999150
0.28559607
0.27198341
0.27974713
0.33205256
0.28899401
0.36425138
0.31795377
0.31321093
0.37251696
0.28488398
0.35393357
0.23429175
0.28691486
0.37696660
0.25610369
0.31223497
0.33885857
0.25537476
0.35507709
0.38036543
0.28436238
0.33607614
0.29269281
0.32162181
0.31429705
0.23251200
0.22044154
0.28444752
0.26404080
0.23234211
0.32706818
0.34481516
0.32373989
0.33847094
0.24849544
0.26489094
0.24736184
0.26187304
0.31113750
0.26239821
0.25147206
0.25605887
0.31849244
0.31278169
0.26606223
0.29066449
0.32090679
0.28152493
0.33149055
0.25873950
0.27139196
0.22110461
0.19721791
0.26136798
0.23652287
0.22076830
0.17488430
0.25492939
0.20295899
0.26850599
0.19515474
0.30525807
0.23630457
0.29374683
0.34750548
0.25467458
0.25541258
0.28135031
0.24996895
0.25182006
0.26031291
0.25024292
0.24648036
0.24347113
0.23867454
0.25270799
0.23267584
0.23245603
0.24009550
0.23124096
0.27000785
0.21591926
0.25634491
0.23166901
0.21391033
0.22692013
0.21004489
0.21149430
0.23970290
0.21495807
0.23063205
0.17377286
0.16459125
0.19542451
0.16105258
0.17549706
0.14963701
0.19676504
0.18925415
0.17529225
0.14965491
0.15458561
0.16760103
0.14951040
0.18887779
0.18530662
0.16115858
0.19618155
0.15566117
0.15919296
0.14322788
0.17291868
0.17260838
0.15590623
0.14955966
0.17097196
0.16255614
0.15309295
0.17645776
0.16428009
0.16194509
0.18003477
0.14788873
0.16781312
0.15029155
0.13575180
0.13440913
0.14295273
0.15153868
0.15662184
0.16303742
0.14553578
0.14188741
0.16270038
0.16612470
0.14883722
0.16630752
0.15552667
0.16328801
0.15743941
0.14822754
0.16113704
0.16501620
0.18352266
0.15663518
0.17780097
0.16333675
0.17266163
0.14626698
0.15332091
0.14999986
0.15528382
0.16770807
0.17541751
0.15178786
0.18107830
0.16605447
0.14515731
0.17158023
0.16020258
0.15616263
0.15635449
0.16503839
0.16170931
0.15210068
0.15194684
0.16526297
0.16393483
0.15095906
0.16525201
0.15729825
0.15315282
0.12758192
0.16277306
0.14755312
0.13413808
0.17715994
0.14399636
0.16577668
0.15965371
0.15312454
0.15498553
0.15696086
0.18170474
0.16491960
0.14805596
0.19541566
0.17967410
0.17472067
0.14613713
0.17473769
0.14975192
0.15290216
0.14320192
0.16637745
0.13338357
0.14805481
0.13318555
0.12620223
0.13757093
0.10777886
0.15934680
0.17151818
0.14125054
0.14749230
0.17470437
0.17335273
0.15332080
0.17179006
0.16214977
0.18101011
0.16250016
0.16349451
0.18530911
0.17913570
0.19073150
0.18353273
0.18424319
0.20721158
0.19511011
0.19486977
0.21791066
0.22978856
0.23311010
0.24184665
0.26099366
0.24026103
0.25706744
0.26764321
0.29139164
0.32346773
0.39224833
0.39176717
0.42595324
0.43816072
0.46075264
0.45365724
0.47649273
0.51554763
0.53995264
0.56137359
0.59866410
0.58603710
0.56573993
0.61404335
0.63792443
0.68410617
0.72173959
0.71539837
0.71801072
0.75368553
0.81280482
0.78185165
0.82279193
0.84605598
0.88016140
0.90189445
0.87859064
0.83643448
0.89335805
0.90440792
0.89442974
0.90710795
0.91155744
0.97990787
0.98803109
0.99504095
0.99493814
0.99318522
0.99517584
0.99625456
0.99706250
0.99705791
0.99639028
0.99496281
0.99048209
0.99292588
0.98890579
0.98732275
0.97731882
0.98379666
0.96517640
0.98680300
0.99452519
0.99386275
0.99349880
0.99321610
0.99380469
0.99312723
0.99369287
0.99349642
0.98941016
0.99337900
0.99134856
0.99090528
0.99183124
0.99206150
0.99350339
0.98744386
0.98883551
0.98328376
0.98171014
0.98718274
0.99094254
0.97736883
0.99264830
0.98849738
0.98619843
0.98403579
0.98660475
0.99534601
0.99161607
0.98938787
0.98683572
0.98572332
0.99329644
0.98832524
0.97973526
0.98670757
0.98813254
0.98052454
0.95979804
0.97627127
0.97792792
0.96265727
0.98693848
0.98931831
0.99428684
0.98931223
0.99130464
0.99231488
0.99423945
0.99477357
0.99618894
0.99399984
0.99392682
0.99115342
0.99401361
0.99172229
0.99173051
0.99158937
0.99236333
0.99443805
0.99165958
0.98541081
0.97986859
0.98914015
0.99336505
0.99145448
0.98983228
0.99364144
0.99361199
0.99552226
0.99514103
0.99026322
0.99282056
0.99119896
0.99106592
0.99026042
0.97610176
0.98856527
0.97699434
0.98574936
0.95689273
0.98673964
0.99073702
0.98772985
0.98217666
0.98147660
0.98485756
0.97708446
0.98508793
0.98535013
0.98292196
0.98621517
0.99143702
0.99135780
0.98798114
0.98811764
0.98324513
0.98492044
0.98526472
0.98644847
0.98386824
0.98199189
0.98157489
0.98312908
0.98409003
0.98315746
0.98349011
0.98434711
0.98540664
0.98773021
0.98184115
0.98380661
0.98566598
0.98976713
0.99202228
0.98879051
0.98975664
0.99073166
0.99357891
0.99424583
0.99077976
0.99243659
0.99529523
0.99387747
0.99555558
0.99522734
0.99533892
0.99589962
0.99579525
0.99666506
0.99658620
0.99573886
0.99473310
0.99161035
0.99379164
0.99648076
0.99656051
0.99573970
0.98821402
0.98851019
0.98986769
0.99350983
0.99315041
0.98975122
0.99237764
0.99457461
0.99347371
0.99438947
0.99203110
0.99127543
0.99071819
0.99424696
0.94962496
0.89954942
0.77514231
0.71127641
0.84415865
0.91612375
0.82822758
0.80148184
0.81206024
0.79944801
0.88287789
0.81528980
0.79450643
0.81785291
0.69963765
0.67496496
0.64293993
0.84859014
0.88957268
0.91462004
0.90140951
0.81312335
0.92168444
0.64669353
0.72717589
0.31664598
0.35761321
0.37465852
0.37413457
0.26854849
0.61088747
0.85213387
0.84883922
0.90880913
0.91933525
0.90497226
0.90951055
0.94497830
0.91723704
0.92059654
0.91462433
0.89874285
0.90342975
0.95085603
0.89919448
0.91585326
0.92197591
0.90857649
0.86872530
0.90276682
0.87077552
0.93783063
0.92735082
0.95110303
0.93307734
0.89501464
0.93700171
0.94333440
0.95702833
0.89730734
0.87367070
0.86236262
0.52159834
0.34597608
0.28852290
0.23154816
0.19553722
0.38227946
0.58057415
0.28209284
0.51372677
0.19506188
0.27421114
0.16555287
0.15796092
0.14357415
0.40985039
0.16474575
0.24611913
0.14165813
0.10262193
0.06996667
0.10531251
0.07762752
0.09845114
0.09585375
0.18609056
0.48627993
0.38349727
0.80689496
0.72954375
0.59560847
0.73055840
0.74984068
0.76958561
0.09749806
0.24510844
0.18779930
0.11251046
0.16346855
0.12886761
0.12441298
0.18991998
0.15332282
0.70794779
0.33523589
0.22604242
0.22606313
0.76982307
0.68928230
0.35430017
0.88851660
0.96752578
0.92082047
0.90313619
0.97561669
0.97112930
0.96459895
0.92633837
0.98684782
0.98998231
0.98602122
0.98598248
0.98133445
0.98404247
0.98310375
0.98617816
0.98093855
0.95301884
0.97138053
0.89899707
0.84892809
0.92753953
0.92808801
0.94766879
0.97035688
0.97669834
0.98376912
0.95504630
0.92347199
0.98364973
0.98576260
0.97458953
0.98657215
0.98530084
0.98430300
0.97738260
0.99105376
0.98699087
0.98771983
0.99024546
0.98830169
0.99343657
0.98354405
0.99050468
0.99479324
0.99039245
0.98860979
0.99499184
0.99452591
0.99526912
0.99580377
0.99283546
0.99066812
0.99409890
0.98344630
0.99085546
0.99077541
0.99255824
0.99329066
0.99286157
0.96044123
0.99186748
0.98679060
0.99449348
0.99090552
0.99559540
0.99492341
0.99555850
0.99629432
0.99652535
0.99594718
0.98805958
0.99283761
0.99455863
0.99260122
0.99546558
0.98640138
0.98871148
0.99469429
0.99377441
0.98938543
0.98891276
0.98401803
0.99323761
0.99181187
0.99108136
0.99136919
0.99317110
0.95985699
0.99330056
0.96268392
0.98764962
0.99162525
0.99129230
0.96500468
0.96111983
0.98927093
0.97458082
0.98625052
0.98724127
0.98377198
0.98402172
0.99339229
0.99210596
0.98831487
0.99277061
0.99512959
0.98992491
0.99188292
0.99499798
0.98839939
0.99557161
0.98787177
0.98330969
0.99434340
0.99349868
0.99445552
0.99254203
0.99243861
0.99434233
0.99524152
0.99432409
0.99406177
0.99457425
0.99145234
0.99537438
0.99457008
0.99499148
0.99144381
0.99368459
0.99057311
0.99399489
0.99086010
0.99176711
0.98812044
0.99043334
0.98962945
0.99625266
0.99342430
0.99761355
0.99706441
0.99667227
0.99634027
0.99318987
0.99421883
0.99584633
0.99319869
0.99450994
0.99475974
0.99668580
0.99631518
0.99530458
0.99662751
0.99648845
0.99756503
0.99462378
0.99580705
0.99540555
0.99434280
0.99536324
0.99604273
0.99431521
0.99421799
0.99622321
0.99412388
0.99664491
0.99540943
0.99559575
0.99473864
0.99489355
0.99619424
0.99632591
0.99698371
0.99561560
0.99472553
0.99551827
0.99444890
0.99677938
0.99649185
0.99684614
0.99503541
0.99572313
0.99613190
0.99568224
0.99605644
0.99657887
0.99560356
0.99511969
0.99337041
0.99303412
0.99497485
0.98921531
0.99036449
0.99274254
0.99223620
0.99134761
0.98535097
0.97766769
0.97391576
0.98267174
0.98128349
0.96547514
0.97592282
0.95205891
0.96113867
0.97208214
0.98391795
0.98650312
0.99091762
0.98907322
0.99119484
0.99163657
0.99505782
0.99478549
0.99407971
0.99491560
0.99523097
0.99491239
0.99528956
0.99481982
0.99447447
0.99306071
0.99236906
0.99171364
0.99165463
0.99152243
0.99261636
0.99272460
0.99289286
0.99264002
0.99108773
0.99236238
0.98988056
0.99199802
0.99074489
0.99026626
0.99053288
0.99296969
0.99054480
0.99197185
0.99362612
0.99357772
0.99131060
0.99245912
0.99175292
0.99340445
0.99346256
0.99366599
0.99282736
0.99124092
0.98822439
0.99131936
0.98496348
0.98615903
0.98862541
0.99365532
0.99075913
0.99463284
0.99458909
0.99482971
0.99399477
0.98712468
0.99440396
0.99542540
0.99580175
0.99667609
0.99486297
0.99229240
0.99592614
0.99316144
0.99512547
0.99547184
0.99432182
0.99426383
0.99329668
0.99261779
0.99269474
0.99104077
0.98722583
0.99340045
0.99342817
0.99399489
0.99396765
0.99396706
0.99323213
0.99351102
0.99239212
0.99190432
0.98978841
0.99168748
0.99420834
0.99448687
0.99445468
0.99512970
0.99510092
0.99407971
0.99615568
0.99437511
0.99641055
0.99569404
0.99509406
0.99501544
0.99324411
0.99591893
0.99493116
0.99152148
0.99408394
0.99504590
0.99376595
0.99463153
0.99400842
0.99524117
0.99613512
0.99587941
0.99599272
0.99508297
0.99384564
0.99484879
0.99481189
0.99476248
0.99491113
0.99491513
0.99583143
0.99538714
0.99563259
0.99575728
0.99527645
0.99504292
0.99573600
0.99454886
0.99339151
0.99426794
0.99426949
0.99174225
0.99565792
0.99343926
0.99373662
0.99377465
0.99269837
0.99467599
0.98134047
0.99298263
0.99523073
0.99535429
0.96491832
0.98861104
0.98656046
0.98774266
0.97559661
0.98075646
0.98927349
0.99050283
0.99092531
0.99212945
0.99381375
0.99114650
0.98900372
0.99144077
0.98863435
0.99175936
0.99117821
0.99469572
0.99194652
0.99071980
0.99124628
0.99167365
0.99011797
0.99313158
0.99501234
0.99524695
0.99595046
0.99540257
0.99596858
0.99545312
0.99662799
0.99623364
0.99659675
0.99718744
0.99647611
0.99600583
0.99579984
0.99556363
0.99502736
0.99494451
0.99477381
0.99368310
0.99153262
0.99195272
0.99438804
0.99347359
0.99383140
0.99456316
0.99352562
0.99372923
0.99220860
0.99355680
0.99352723
0.99462974
0.99475795
0.99283594
0.98325896
0.98315895
0.98465443
0.98306412
0.96577871
0.97997344
0.97995007
0.99021471
0.99237847
0.99370676
0.99255681
0.99221146
0.99401569
0.99529332
0.99439788
0.99357587
0.99334854
0.99267077
0.99253851
0.99485141
0.99472082
0.99455005
0.99302071
0.98975533
0.99101102
0.99177074
0.99130356
0.98714197
0.98927289
0.99180412
0.99088132
0.99256068
0.99281901
0.99178654
0.98546761
0.97161049
0.97032285
0.98459828
0.98655671
0.98715639
0.98082572
0.98109597
0.98109335
0.97535771
0.96600783
0.95518917
0.96917355
0.98461944
0.97840881
0.98042941
0.98391736
0.98504400
0.98375040
0.96303201
0.97691751
0.98402208
0.98079795
0.98541600
0.98824966
0.98252064
0.95710260
0.94630057
0.87046313
0.83895373
0.73790193
0.82589215
0.87530023
0.84464580
0.78641325
0.81320095
0.67341691
0.61528355
0.88675076
0.91245466
0.97359598
0.99263632
0.98925894
0.98943734
0.98967898
0.98349619
0.98161638
0.97214520
0.96219409
0.95449543
0.93956411
0.92474270
0.93537879
0.95466632
0.92749447
0.91526824
0.86295766
0.81040436
0.75594956
0.78245211
0.74223316
0.70297956
0.70356542
0.63139576
0.60910147
0.62272447
0.63701332
0.59950310
0.72651923
0.81707096
0.79259348
0.84890932
0.86277217
0.78865564
0.74457806
0.59716398
0.66566885
0.56775308
0.70377392
0.51130366
0.51079744
0.60650074
0.40452358
0.50644916
0.51554573
0.56320298
0.53975111
0.52026713
0.67363191
0.70988917
0.74841142
0.91682231
0.88595498
0.84607941
0.93555331
0.94223619
0.87782627
0.86322349
0.83118176
0.85487449
0.89380020
0.91474444
0.90022403
0.92978638
0.88760382
0.91577768
0.93815684
0.85215127
0.89290810
0.82546169
0.86219949
0.79335386
0.80063421
0.66680861
0.73781174
0.67427135
0.64771402
0.59136194
0.59491819
0.60964662
0.77534395
0.74586606
0.79523170
0.85000175
0.85081327
0.91931480
0.93662703
0.92756248
0.94282585
0.91115868
0.93534708
0.94290137
0.88960040
0.92257327
0.93044299
0.91368067
0.90840513
0.88267761
0.89336216
0.87666112
0.91068584
0.90291864
0.91161954
0.86172211
0.86757314
0.87617397
0.86800396
0.78146255
0.69556344
0.61405981
0.57635051
0.55584329
0.53663540
0.53953451
0.50399756
0.50900453
0.48985747
0.50360990
0.49330315
0.49609089
0.50359577
0.49592763
0.49895754
0.49991679
0.50211114
0.50924134
0.50700378
0.49759927
0.49808428
0.49644837
0.48923892
0.47078627
0.46055508
0.45543647
0.44937414
0.44808704
0.44602928
0.43497899
0.43395203
0.42987579
0.42570862
0.42866904
0.43065622
0.43673801
0.43990684
0.45108414
0.43556660
0.44742453
0.44317853
0.43707395
0.43601897
0.44151703
0.44448286
0.44849387
0.44545394
0.44261622
0.44213277
0.44541639
0.44416383
0.44266200
0.44446644
0.44997352
0.45706832
0.47381905
0.50576293
0.53521204
0.59073848
0.61884141
0.66660982
0.72595739
0.70558155
0.69309521
0.73366612
0.78700507
0.85372794
0.92439699
0.93916219
0.96415186
0.97443390
0.96297932
0.95843947
0.96729124
0.94618165
0.96748549
0.95945519
0.95247483
0.94590455
0.93533874
0.94573021
0.93088222
0.94042236
0.95455074
0.88972336
0.84829372
0.82231653
0.77343100
0.78289199
0.84435177
0.89494789
0.94175828
0.94575465
0.93158025
0.97843587
0.93102056
0.75683135
0.71343011
0.55860311
0.66478521
0.76973009
0.56893420
0.64176011
0.69750708
0.68522143
0.67989582
0.69708622
0.71885109
0.72216874
0.67051154
0.61765844
0.67627954
0.91004598
0.90577245
0.94855398
0.96718997
0.93184280
0.89099193
0.95003533
0.95458573
0.97768390
0.95910263
0.97724742
0.98822790
0.97868484
0.98863167
0.97163379
0.99023855
0.98658514
0.98670489
0.97994393
0.99384552
0.99320364
0.99349290
0.99166918
0.98825687
0.99351841
0.98791587
0.99031478
0.98793691
0.98678082
0.98891735
0.98733950
0.98276412
0.97234273
0.97554207
0.98165500
0.97114390
0.98785621
0.97442508
0.98778206
0.98866254
0.99005133
0.98706633
0.98304582
0.98803318
0.98366261
0.99443567
0.99222058
0.98567075
0.99286360
0.98647702
0.98810542
0.98876244
0.99083215
0.99251831
0.97979903
0.98582709
0.98539460
0.98464471
0.98014224
0.97378451
0.96681768
0.94923508
0.95855325
0.96328294
0.96826774
0.97458625
0.97241682
0.95948857
0.96698964
0.97073215
0.96859175
0.96907246
0.96985447
0.95957625
0.96187729
0.96661437
0.97543257
0.97677714
0.96702307
0.95182425
0.92355788
0.88586402
0.85422349
0.81237912
0.78352278
0.76469600
0.75878114
0.75799358
0.79250503
0.81848752
0.85792863
0.88030320
0.89273268
0.91883320
0.94907218
0.95436054
0.96524072
0.97304744
0.97916806
0.98194665
0.98202777
0.98330861
0.97461694
0.98898518
0.99164480
0.98949057
0.98294872
0.98986650
0.99358541
0.99059707
0.99052823
0.98467904
0.98704523
0.99085009
0.98630339
0.98952746
0.97765392
0.98892528
0.98966813
0.99010533
0.99349385
0.99359071
0.99181038
0.99061525
0.99352986
0.99274480
0.99336326
0.99414992
0.99480164
0.99425209
0.98915023
0.98377961
0.98176080
0.97887647
0.97933495
0.97056448
0.95805228
0.93164027
0.91951245
0.87235707
0.83200508
0.77888334
0.89595109
0.96333295
0.97388089
0.97539139
0.98425102
0.98602921
0.98387134
0.98411924
0.98946595
0.97478402
0.94124913
0.91399282
0.90794343
0.68346077
0.52253175
0.57114500
0.61341518
0.43809903
0.43184242
0.65164524
0.61776346
0.76510513
0.63888007
0.65384185
0.87327462
0.42237520
0.70370471
0.72441643
0.12190132
0.10959914
0.68555862
0.27036214
0.76159805
0.16887619
0.46584266
0.13686115
0.32057124
0.74099416
0.44522393
0.20678155
0.33995232
0.14629151
0.39619827
0.34159726
0.25215095
0.42393047
0.26491159
0.33331677
0.14006512
0.17804894
0.20109171
0.11877692
0.40305504
0.12278809
0.19731550
0.25204936
0.21669859
0.34507540
0.16180967
0.34798688
0.25343952
0.28633526
0.18418954
0.15872225
0.36614922
0.32605296
0.32533899
0.14391609
0.27064735
0.21802385
0.21854098
0.22816111
0.15987279
0.22088416
0.20736256
0.19432503
0.15212868
0.22795294
0.19348453
0.18831475
0.18504384
0.25829530
0.35376373
0.29484478
0.53813136
0.66270405
0.62447327
0.59634650
0.65057886
0.64143455
0.62350237
0.59338629
0.65265137
0.52481216
0.56492829
0.60177618
0.70162767
0.61584687
0.57249391
0.41889834
0.39315537
0.53371447
0.57841533
0.57517368
0.57044017
0.56192142
0.51828158
0.65979254
0.86575568
0.87232357
0.89458436
0.96757942
0.97909397
0.98291641
0.98831111
0.99342936
0.99473298
0.98355788
0.99513948
0.99375463
0.99288237
0.99419749
0.99618089
0.99622190
0.99723971
0.99717724
0.99750358
0.99742270
0.99646580
0.99593771
0.99631351
0.99495995
0.99509192
0.99536729
0.99504167
0.99228489
0.99515897
0.98921329
0.98855901
0.99320930
0.99141484
0.99123001
0.99184048
0.99141979
0.98959279
0.99129444
0.99258351
0.91488701
0.97372121
0.93256170
0.86469895
0.89964527
0.90080154
0.91022360
0.82479084
0.69613922
0.75128788
0.68557006
0.92193419
0.82654071
0.90166014
0.93098366
0.91783941
0.90056217
0.92130548
0.97260398
0.85229534
0.72047830
0.49757972
0.72789896
0.97375745
0.97012758
0.97969508
0.97819418
0.96890140
0.97254080
0.95604885
0.96715766
0.99337536
0.91956604
0.96512502
0.97497612
0.83714300
0.68138951
0.91105783
0.82291281
0.93252927
0.67849022
0.96434182
0.92402518
0.96487123
0.99026150
0.97485888
0.98678851
0.97960061
0.96991324
0.99151129
0.98351538
0.89740527
0.93269306
0.84304136
0.91065776
0.84056932
0.83804989
0.83176982
0.91796416
0.94858110
0.91752547
0.95716137
0.98738420
0.99407989
0.99572891
0.99422801
0.98326945
0.99523646
0.99541450
0.99417049
0.99216324
0.98804736
0.97061497
0.98491806
0.99313813
0.99388558
0.99534839
0.99437284
0.99426818
0.99006164
0.99427164
0.99368602
0.99450535
0.99460912
0.99444592
0.99174845
0.99074811
0.99187297
0.99600166
0.99449617
0.98982847
0.99397767
0.99504709
0.99296606
0.99301916
0.99300969
0.99290198
0.98950875
0.99033511
0.99003696
0.99026746
0.98748791
0.99132782
0.99139941
0.99186629
0.99289930
0.98648351
0.99026638
0.98630291
0.99062985
0.98341149
0.98170656
0.98989630
0.98756731
0.98754382
0.98683757
0.98736131
0.99156404
0.99261236
0.99308699
0.99331021
0.99104017
0.99320906
0.99035430
0.99416864
0.99490392
0.99226719
0.99108148
0.99020326
0.98766762
0.98291463
0.98491502
0.97999346
0.98277414
0.98542756
0.99121827
0.99079555
0.99248296
0.99467933
0.98930091
0.99382293
0.99238294
0.97573698
0.93732470
0.96656346
0.96246696
0.94592410
0.96056032
0.96563464
0.98127502
0.98238593
0.98453254
0.97760206
0.96800059
0.93256521
0.96646613
0.95863408
0.96797580
0.94707930
0.96968901
0.96529669
0.95705771
0.96999311
0.97140503
0.98451370
0.98444206
0.98934048
0.98814756
0.98496085
0.99110997
0.98978859
0.98657423
0.98582828
0.99048209
0.98887026
0.98545039
0.99187464
0.98911846
0.98886544
0.98727047
0.99351597
0.98808110
0.99481660
0.99144214
0.99432218
0.99487138
0.99530542
0.99332136
0.99340880
0.99168903
0.99280256
0.99160016
0.99123853
0.98618329
0.98295468
0.97775161
0.98089874
0.98230100
0.97771126
0.98279518
0.97530025
0.97520411
0.96515512
0.95053369
0.95156932
0.72863805
0.92223155
0.60084146
0.83381206
0.89154011
0.94853735
0.94289589
0.88645715
0.93912590
0.84381229
0.89974183
0.92272568
0.98569643
0.98752046
0.99083155
0.99222130
0.99132806
0.99063814
0.99220467
0.98791099
0.99443638
0.99202722
0.99508816
0.98899907
0.99297637
0.99391693
0.99496979
0.99435717
0.99516392
0.99540752
0.99530053
0.98467559
0.98503071
0.98418415
0.98916489
0.98920923
0.98990250
0.99187660
0.98912209
0.99003547
0.98660767
0.98572242
0.98838603
0.99024934
0.98911524
0.98622698
0.99234927
0.99167597
0.98363322
0.97252321
0.96411651
0.92335743
0.97597039
0.98322856
0.96406311
0.97096562
0.94568193
0.92026335
0.92301160
0.94390249
0.90928805
0.83597636
0.84081906
0.79390085
0.69899541
0.65197980
0.58078432
0.73640007
0.85843617
0.75180066
0.80086023
0.78800243
0.65334833
0.72698975
0.54542094
0.63773024
0.84863651
0.87554538
0.82219368
0.87910682
0.81354773
0.85576916
0.84877861
0.78989184
0.85419375
0.87941712
0.86596310
0.82260263
0.84968251
0.83106452
0.83080381
0.79399878
0.87743795
0.85680974
0.83106184
0.83452868
0.78360909
0.79904521
0.75567842
0.64871722
0.63003570
0.66104680
0.58723593
0.54969704
0.55368996
0.53223318
0.51973087
0.52597350
0.52373600
0.53591353
0.55472213
0.54445106
0.50789744
0.51472229
0.51121140
0.53597915
0.53307235
0.58413857
0.61481792
0.61764216
0.60124153
0.57528710
0.57580137
0.58385682
0.64963275
0.64990926
0.62595385
0.60708582
0.57244831
0.51924235
0.52130914
0.56430751
0.60737365
0.61205977
0.60962349
0.62402081
0.61160344
0.56092715
0.57908338
0.59525025
0.69655037
0.75114065
0.77553695
0.81990021
0.78925675
0.86430508
0.84061062
0.92758149
0.92373198
0.91577363
0.96474099
0.97840786
0.97702700
0.98991805
0.98047638
0.98585433
0.98867863
0.99136728
0.98656982
0.99399889
0.98730046
0.98746115
0.98971504
0.98676664
0.97429216
0.98942322
0.99023271
0.97803956
0.98297149
0.98275858
0.96915752
0.97627139
0.95994997
0.97453982
0.96600723
0.96724629
0.95752978
0.92776418
0.93144625
0.96312404
0.98737645
0.98269987
0.97256666
0.99021786
0.98621768
0.98563033
0.96821278
0.98696077
0.97374189
0.98079163
0.98065495
0.90890509
0.95899069
0.98180974
0.95413965
0.98235875
0.98911601
0.98006469
0.97900200
0.98669809
0.98479038
0.99253523
0.98361534
0.98180205
0.98646367
0.96180201
0.95977408
0.98361593
0.97236943
0.97981298
0.98443788
0.95919627
0.98742360
0.97727817
0.92837518
0.96488601
0.99109697
0.98452777
0.93178129
0.98847419
0.92092681
0.98036790
0.96723670
0.93759203
0.98084509
0.98312700
0.98180604
0.97339511
0.96213347
0.98466557
0.85313314
0.98555923
0.98906189
0.99250764
0.98669851
0.99226236
0.99410468
0.99291795
0.98346061
0.98763603
0.98840135
0.97458220
0.98673159
0.99285203
0.99445111
0.99547380
0.99420375
0.99595129
0.99511945
0.99523050
0.99479032
0.99361897
0.99439126
0.99410951
0.99494666
0.99554539
0.98918474
0.98561645
0.98189986
0.97518241
0.95533615
0.93927681
0.91153789
0.87771338
0.88960153
0.90498370
0.95747924
0.96833289
0.98680949
0.98709017
0.99196434
0.99449122
0.99486864
0.99032569
0.99145585
0.99380916
0.99293327
0.99137795
0.99119020
0.98799628
0.98969132
0.99112952
0.99168044
0.99203670
0.98334658
0.98940641
0.98633856
0.98975730
0.99148375
0.98195028
0.99285179
0.99043816
0.99250740
0.98688531
0.99000061
0.98669297
0.98368847
0.97962099
0.98297936
0.98208219
0.99302626
0.98433334
0.98845589
0.99143583
0.99251926
0.97705221
0.99368227
0.98275948
0.98922998
0.99360764
0.99025095
0.99137992
0.98975545
0.97300559
0.98781371
0.98120153
0.96445239
0.96456301
0.97048002
0.98328489
0.98142827
0.98549926
0.98883271
0.98956853
0.98975742
0.98929918
0.99053383
0.99236053
0.99057847
0.98776990
0.97888619
0.97473788
0.96954072
0.94520962
0.89954251
0.75819623
0.69514710
0.73707670
0.73257387
0.89304268
0.95162624
0.94563353
0.95386422
0.93542081
0.96831816
0.96677744
0.96882445
0.82151002
0.74123716
0.53552520
0.85619181
0.55063480
0.77934909
0.46575266
0.39064649
0.61483938
0.31562442
0.34294239
0.21566351
0.46432948
0.44580001
0.36200812
0.48115256
0.68235475
0.18425633
0.38437131
0.22651917
0.27890685
0.69445741
0.09804548
0.70429212
0.07189752
0.60016972
0.10018268
0.28504372
0.62899792
0.37724954
0.07554076
0.40161508
0.19516039
0.14842843
0.17542006
0.54699135
0.45011491
0.27502373
0.26230550
0.56074262
0.19073072
0.10852470
0.40956900
0.18877058
0.32816181
0.11107125
0.33214611
0.16054811
0.15736538
0.30445844
0.11837458
0.17694435
0.43840772
0.26068899
0.17969589
0.11154567
0.33841237
0.28981248
0.15856262
0.11807425
0.35693973
0.12232867
0.27458990
0.39414504
0.13123505
0.36033291
0.12861070
0.23220816
0.44868559
0.42880550
0.25926438
0.30775532
0.51727879
0.63584387
0.87030673
0.69084346
0.67727172
0.78273839
0.59458596
0.54542631
0.66908222
0.45930779
0.51184154
0.52272290
0.57604128
0.52704334
0.49331591
0.50297189
0.61697811
0.54814500
0.53942674
0.62183827
0.63249886
0.59182000
0.75112915
0.61393261
0.59241450
0.62891036
0.53525490
0.58902436
0.54653543
0.52707106
0.50431478
0.48126999
0.51671904
0.45180726
0.47106817
0.43017244
0.36821431
0.36450708
0.33334100
0.31455362
0.32702398
0.33692783
0.34361798
0.35489339
0.33504587
0.35193437
0.34832165
0.35264471
0.36554804
0.37290478
0.38087144
0.40376002
0.46504694
0.47967434
0.54351223
0.65722650
0.71609318
0.78130108
0.48778757
0.24757309
0.28732532
0.19303162
0.16201645
0.15454091
0.17110549
0.19534601
0.22841275
0.26202205
0.16932410
0.17492276
0.19853987
0.23370768
0.26503557
0.17429188
0.18924542
0.18480483
0.21232140
0.50018710
0.28513861
0.26308402
0.34063420
0.83179522
0.64791203
0.78453749
0.95019174
0.95432562
0.98211104
0.96477193
0.97994059
0.97845948
0.99611378
0.98964697
0.98846775
0.98512900
0.98197031
0.94073886
0.99190021
0.98696494
0.84839094
0.90033710
0.93185407
0.96146697
0.96835136
0.94409961
0.94225657
0.92981398
0.96381623
0.96882600
0.97139347
0.96960294
0.95110238
0.98560035
0.87087840
0.97333139
0.95929557
0.92077023
0.96753913
0.93495542
0.94759613
0.97019988
0.98918813
0.99153477
0.98618329
0.98206973
0.99087900
0.98858821
0.98821568
0.99051791
0.98833591
0.99153531
0.98999512
0.99206066
0.99056935
0.98865604
0.99174631
0.99340075
0.99248987
0.99293363
0.98538047
0.99224877
0.99125576
0.98872805
0.98193169
0.97512090
0.98376048
0.98494047
0.97864646
0.97796929
0.97531623
0.97228312
0.97992468
0.99051279
0.98845404
0.99272209
0.99482960
0.99283713
0.99233842
0.99151051
0.98803735
0.98675203
0.98919523
0.99087268
0.99238998
0.99376833
0.99064845
0.98996067
0.99038249
0.98822147
