1.00000000
1.00000000
1.00000000
1.00000000
1.00000000
1.00000000
1.00000000
1.00000000
1.00000000
1.00000000
1.00000000
1.00000000
1.00000000
1.00000000
1.00000000
1.00000000
1.00000000
1.00000000
1.00000000
1.00000000
1.00000000
1.00000000
1.00000000
1.00000000
1.00000000
1.00000000
1.00000000
1.00000000
1.00000000
1.00000000
1.00000000
1.00000000
1.00000000
1.00000000
1.00000000
1.00000000
1.00000000
1.00000000
1.00000000
1.00000000
1.00000000
1.00000000
1.00000000
1.00000000
1.00000000
1.00000000
1.00000000
1.00000000
1.00000000
1.00000000
1.00000000
1.00000000
1.00000000
1.00000000
1.00000000
1.00000000
1.00000000
1.00000000
1.00000000
1.00000000
1.00000000
1.00000000
1.00000000
0.99100608
0.99415284
0.99522817
0.98904628
0.99286795
0.99486417
0.99226862
0.99292189
0.99049753
0.99208903
0.99224770
0.99455053
0.99347526
0.99221945
0.99249083
0.99300706
0.99277592
0.99367988
0.99445492
0.99413484
0.99361187
0.99293125
0.99515533
0.99404413
0.99538076
0.99596089
0.99501872
0.99504387
0.99491042
0.99638593
0.99623066
0.99505877
0.99655151
0.99724507
0.99761510
0.99565202
0.99453366
0.99490297
0.99365270
0.99011117
0.99044222
0.99279493
0.99299330
0.99317014
0.99289662
0.99064952
0.99088776
0.98548049
0.98762578
0.98125380
0.98717242
0.98739761
0.98593837
0.98970276
0.99131876
0.99147147
0.99201751
0.99229443
0.99349797
0.99426323
0.99400336
0.99470347
0.99357611
0.99333853
0.99334693
0.99397606
0.99420339
0.99431193
0.99413919
0.99443555
0.99136943
0.99533749
0.99648154
0.99516523
0.99404353
0.99611318
0.99540871
0.99520540
0.99449617
0.99502099
0.99418688
0.99307352
0.99481130
0.99631387
0.99565238
0.99644995
0.99583364
0.99581701
0.99388427
0.99395764
0.99282020
0.99489033
0.99567199
0.99543178
0.99599636
0.99608165
0.99611998
0.99635220
0.99616635
0.99604261
0.99616903
0.99448943
0.99523193
0.99267393
0.99323165
0.99568993
0.99683797
0.99630439
0.99563390
0.99495524
0.99458015
0.99552310
0.99474710
0.99431241
0.99383038
0.99102610
0.99067527
0.99371111
0.99301541
0.99397779
0.99444950
0.99153066
0.99351841
0.99376351
0.99477887
0.99489909
0.99366307
0.99247700
0.99063218
0.99263364
0.99222261
0.99166662
0.99476695
0.99552923
0.99008852
0.99104136
0.98996580
0.98798567
0.98634666
0.99063861
0.98798811
0.99430203
0.99323797
0.99249685
0.99134594
0.99273646
0.99340349
0.99463439
0.99495983
0.99573827
0.99387312
0.99271679
0.99301589
0.98435915
0.99037713
0.98342383
0.98894531
0.98894578
0.99273372
0.99136263
0.99295747
0.99314207
0.99291259
0.99430591
0.99335843
0.99484849
0.99212945
0.99695575
0.99336350
0.99152440
0.98430020
0.98017770
0.97639865
0.97970712
0.98843002
0.98565662
0.98854637
0.99158573
0.98431855
0.98799032
0.99061197
0.99417865
0.99219722
0.99412584
0.99374819
0.99384946
0.99517030
0.99651152
0.99498886
0.99663597
0.99403691
0.99513572
0.99674016
0.99467140
0.99630862
0.99393326
0.99425852
0.99307394
0.99472839
0.99259067
0.99156684
0.99065620
0.99212366
0.98891723
0.99319297
0.99027997
0.99331188
0.99566925
0.99348372
0.98702222
0.99256939
0.99057806
0.98870122
0.99013710
0.99398673
0.99397272
0.98791391
0.99122745
0.97851765
0.98768705
0.98991561
0.99508601
0.99344653
0.99544489
0.99336159
0.99469972
0.99191135
0.98981971
0.98599619
0.99248672
0.98942113
0.98856157
0.99399322
0.98563683
0.98908186
0.98190671
0.98062861
0.98750013
0.98382169
0.97889060
0.97930294
0.97793770
0.97943085
0.98206168
0.98639864
0.98444194
0.98839569
0.98542559
0.98474771
0.98295063
0.99025577
0.98881918
0.98616821
0.98382723
0.98303473
0.93644565
0.92761081
0.94027680
0.95823753
0.91073364
0.87718123
0.90387058
0.88378632
0.87964052
0.87346840
0.87681526
0.93381554
0.90075755
0.91334462
0.88625759
0.89884889
0.95291078
0.96282476
0.92144829
0.92493027
0.94161153
0.94190341
0.96568298
0.94188714
0.96318609
0.96125281
0.87953645
0.88751638
0.92349905
0.88645643
0.94443047
0.93714690
0.94364548
0.91656947
0.86130345
0.90393245
0.82856619
0.88232279
0.91900313
0.90473449
0.92336899
0.93000478
0.93238169
0.80477619
0.81202316
0.83282870
0.82947832
0.79608405
0.76859397
0.70129043
0.54584455
0.59659868
0.62274826
0.64216936
0.64861822
0.63268381
0.71138626
0.74048507
0.72734511
0.76311356
0.86220473
0.88663793
0.86831194
0.83710098
0.71503896
0.78726411
0.80472529
0.77087188
0.73793775
0.73820728
0.64553630
0.59313452
0.71931487
0.67772353
0.61561054
0.62433368
0.55285174
0.64649493
0.71533978
0.77130312
0.72089064
0.74244797
0.62646574
0.63539076
0.74365169
0.73515743
0.55350268
0.54494041
0.70424467
0.59967166
0.55804384
0.55192858
0.54024816
0.57293093
0.57694376
0.65621787
0.63662231
0.69274396
0.64751577
0.59647566
0.62580794
0.65042275
0.70135832
0.69223166
0.65527624
0.70186502
0.68840992
0.74283558
0.74315947
0.87503099
0.80661392
0.77602470
0.87478471
0.81748116
0.75598502
0.74446052
0.71459174
0.67937440
0.71593332
0.62687647
0.74652797
0.70327103
0.71993768
0.75171965
0.87434953
0.78378928
0.76613885
0.78854179
0.90585369
0.75931191
0.68886316
0.73651350
0.84555882
0.72205806
0.64429295
0.68894684
0.81189102
0.74025655
0.66580755
0.75209582
0.64774179
0.68064708
0.70211518
0.71140647
0.58866650
0.62254983
0.60658157
0.71426892
0.57720065
0.67120105
0.73716182
0.74540102
0.70420253
0.69380528
0.59494543
0.64513475
0.72575605
0.63846868
0.80316883
0.71570492
0.74054658
0.74113160
0.68766749
0.76658851
0.41284388
0.55456251
0.52982265
0.64456356
0.55437070
0.56955624
0.60984039
0.53542900
0.69997597
0.66739368
0.62944394
0.58297414
0.58588809
0.59086168
0.53090906
0.44762266
0.49980691
0.45903522
0.64271003
0.64216834
0.49603319
0.60274166
0.65156674
0.45239818
0.47655466
0.48609808
0.40296358
0.46871096
0.38292402
0.43579149
0.46722379
0.57495588
0.58465225
0.64439434
0.44223860
0.50677246
0.61722034
0.48628595
0.51689160
0.74503839
0.62144750
0.58934027
0.56561756
0.67039233
0.56579655
0.66677296
0.66568375
0.66863972
0.68619180
0.63308769
0.60300708
0.66802514
0.58680463
0.54814035
0.58855730
0.53988051
0.57830232
0.51648951
0.65654844
0.62485087
0.57319432
0.50681913
0.49656972
0.58009237
0.55072141
0.55474049
0.60886818
0.56956869
0.51088959
0.58257252
0.69682217
0.55594820
0.51830781
0.63346314
0.57228577
0.61865300
0.64787364
0.59142721
0.53298748
0.61148560
0.55427599
0.71690726
0.59258872
0.64459163
0.66530305
0.65705490
0.77020824
0.57894462
0.72369486
0.58335280
0.61582857
0.60317606
0.66234976
0.64392549
0.49953333
0.61480629
0.62178564
0.53464603
0.61023569
0.60250497
0.54833847
0.48848259
0.44812912
0.52433443
0.50622046
0.56447214
0.53252214
0.47181752
0.42296743
0.46948424
0.56210655
0.50923228
0.57475215
0.63844401
0.46539930
0.49845418
0.49642515
0.61203420
0.42341456
0.56791461
0.62915385
0.46484500
0.64726841
0.51166898
0.65162313
0.52029210
0.71202910
0.57649726
0.56165093
0.66075081
0.68724430
0.43102834
0.42166021
0.57415330
0.64851737
0.77914488
0.51838368
0.27632257
0.61902416
0.71868902
0.61876249
0.66011530
0.65291107
0.52326232
0.66583121
0.76184887
0.69194490
0.68500739
0.65079278
0.70284235
0.68658984
0.63182539
0.70055473
0.58312809
0.59680569
0.62744993
0.67461151
0.63656378
0.65820110
0.62377942
0.61962861
0.69498819
0.55074298
0.63078523
0.73716235
0.55053735
0.61072117
0.70836580
0.56372797
0.56141883
0.57976443
0.64418888
0.64845216
0.59016502
0.67216945
0.68241304
0.58455592
0.63217336
0.66917461
0.56223851
0.64045042
0.64118421
0.53042507
0.66565859
0.77645594
0.64369690
0.76542217
0.74220616
0.66635102
0.72775096
0.75085866
0.69762796
0.73208076
0.69175166
0.75006121
0.78119719
0.67706925
0.78490222
0.73169178
0.73583710
0.78942144
0.71943903
0.60753274
0.72844827
0.70603645
0.67040437
0.70911998
0.79995924
0.65536207
0.67032629
0.63037413
0.80455083
0.60093725
0.67860746
0.74136925
0.63863152
0.70277220
0.68343031
0.57493699
0.69394481
0.61289740
0.75816202
0.69340676
0.78294760
0.82938951
0.74131691
0.71204829
0.82723331
0.86168468
0.71081102
0.83557379
0.79017103
0.81063843
0.68814588
0.75990605
0.78544217
0.80929750
0.84412223
0.83475047
0.84995568
0.89408493
0.92027533
0.92993224
0.86962110
0.86501324
0.84883690
0.85035348
0.82461548
0.83282119
0.81496650
0.85095716
0.87909019
0.84553623
0.93891013
0.91332352
0.89301139
0.87906832
0.92573482
0.90559411
0.91644794
0.91930789
0.91235602
0.92556649
0.89089942
0.92514449
0.93633056
0.92873883
0.92669427
0.91289556
0.92655897
0.90921682
0.91140372
0.87481028
0.88274843
0.86392111
0.87358457
0.88432437
0.85777026
0.89383256
0.91691953
0.94252372
0.92974132
0.93781281
0.93322653
0.95797855
0.94976270
0.97627550
0.96767008
0.95930678
0.96596152
0.96166855
0.96427011
0.96269339
0.96852553
0.96330142
0.97232991
0.96401215
0.97674042
0.95446765
0.96405125
0.97067285
0.97568375
0.96878809
0.96952337
0.95623392
0.97119617
0.97754353
0.97086418
0.97309291
0.97190607
0.96789384
0.97565120
0.95964795
0.95216513
0.96642929
0.95997071
0.96585876
0.97216356
0.97167587
0.96495128
0.96964890
0.96320975
0.96493149
0.97012961
0.97478771
0.97107691
0.95683098
0.97006083
0.97442526
0.97676897
0.98021406
0.98140150
0.97678280
0.98150200
0.97255635
0.97466940
0.97485965
0.97329664
0.97828841
0.96876389
0.97185194
0.97124249
0.97530490
0.97208923
0.97342563
0.97411174
0.97123271
0.97218812
0.97463948
0.97312534
0.97301018
0.97087383
0.97026145
0.96904111
0.97062647
0.97604191
0.97706509
0.97397768
0.97700500
0.97423786
0.97155321
0.97044420
0.96927333
0.97470593
0.97706532
0.97980630
0.98058999
0.98181617
0.98211795
0.98362154
0.98403162
0.98457044
0.98419261
0.98561990
0.98538917
0.98452199
0.98462731
0.98425943
0.98561478
0.98421407
0.98301905
0.98384202
0.98848766
0.98501229
0.98031533
0.97996223
0.98276317
0.98706377
0.98758101
0.98476243
0.98258984
0.98369169
0.98421764
0.98496985
0.98434722
0.97505742
0.97326589
0.97357053
0.97384453
0.97374684
0.97481525
0.97753018
0.97873914
0.97905767
0.97601843
0.97210926
0.98022413
0.98232734
0.98108703
0.97929859
0.97588181
0.97326940
0.97564203
0.98143250
0.98088408
0.98378170
0.98416317
0.98645961
0.98607635
0.97853082
0.98042917
0.97695154
0.98346937
0.98532999
0.97749275
0.97557133
0.97735137
0.97419250
0.97790617
0.97425008
0.97901249
0.97559345
0.97513664
0.97694093
0.97727752
0.97926623
0.97922176
0.97925091
0.97846937
0.98153597
0.97750187
0.97867578
0.97983015
0.98003781
0.98223972
0.98190123
0.97888696
0.97952592
0.98533118
0.98209643
0.98304176
0.98149914
0.97815496
0.98150271
0.98232377
0.97872227
0.98105478
0.97964489
0.97873735
0.97811437
0.97852576
0.98153943
0.98235482
0.98230714
0.98408902
0.98670655
0.98853779
0.98821777
0.98973352
0.99059218
0.99168384
0.99325693
0.99452955
0.99466658
0.99393469
0.99418241
0.99403185
0.99487513
0.99501318
0.99534589
0.99395096
0.99454218
0.99451220
0.99424112
0.99548304
0.99709880
0.99757773
0.99800724
0.99843687
0.99830723
0.99847656
0.99861538
0.99866533
0.99813700
0.99814379
0.99809700
0.99852967
0.99829942
0.99817562
0.99821186
0.99844283
0.99847466
0.99842644
0.99829477
0.99855953
0.99836916
0.99833870
0.99842739
0.99862850
0.99852848
0.99838161
0.99833542
0.99822241
0.99793833
0.99721283
0.99742520
0.99798065
0.99618101
0.99607939
0.99739110
0.99662578
0.99742657
0.99740893
0.99722123
0.99722517
0.99698430
0.99752289
0.99779129
0.99772364
0.99784040
0.99791116
0.99740797
0.99778241
0.99794072
0.99732250
0.99689639
0.99690443
0.99680209
0.99544466
0.99642122
0.99684709
0.99630225
0.99715424
0.99703610
0.99784029
0.99812263
0.99771994
0.99785537
0.99751532
0.99792814
0.99666899
0.99719858
0.99710673
0.99641389
0.99776459
0.99774760
0.99822313
0.99825531
0.99836236
0.99849963
0.99804652
0.99788493
0.99788731
0.99778903
0.99762899
0.99762076
0.99406272
0.99651587
0.99577808
0.99554849
0.99593711
0.99606329
0.99515921
0.99672806
0.99713778
0.99761307
0.99724740
0.99763453
0.99700350
0.99739802
0.99736279
0.99758995
0.99760312
0.99603075
0.99617332
0.99672925
0.99667585
0.99599290
0.99643779
0.99375015
0.99633896
0.99507964
0.99732852
0.99638307
0.99611413
0.99700063
0.99678987
0.99753451
0.99742377
0.99701381
0.99382508
0.99376571
0.99504000
0.99431932
0.99325597
0.99039030
0.99068660
0.99198967
0.98825771
0.98595768
0.98501092
0.98620063
0.99040192
0.98543799
0.98698670
0.98722339
0.98076069
0.98764890
0.98317736
0.97852010
0.98812789
0.98387021
0.98637903
0.98406386
0.96854442
0.97405076
0.96605152
0.97774500
0.97655016
0.98543501
0.97090280
0.96149331
0.96501487
0.97580987
0.96528208
0.97028381
0.96671695
0.96739620
0.95376420
0.96353543
0.96012431
0.94522381
0.95562464
0.95202196
0.95226079
0.94935787
0.93729675
0.94826436
0.94444770
0.93432289
0.94333911
0.91448772
0.91437292
0.91068983
0.88733608
0.92749190
0.93193585
0.93321353
0.90500617
0.87468904
0.86502379
0.84976065
0.85107869
0.89632070
0.83290559
0.86713707
0.86007029
0.90290630
0.91030580
0.89470977
0.90330571
0.90810359
0.90831268
0.88770968
0.86046070
0.84050786
0.83438450
0.72493070
0.71328586
0.76180816
0.77811700
0.80034417
0.69599169
0.77036589
0.73467362
0.72350746
0.72376817
0.71038222
0.76050508
0.64141387
0.70833248
0.63897622
0.59934032
0.66851187
0.66167861
0.66132838
0.56479722
0.60187197
0.58664829
0.66846126
0.55475587
0.62786227
0.56621456
0.69038838
0.55526042
0.64241779
0.54115152
0.49773762
0.64831877
0.42665851
0.63278079
0.47958174
0.53804821
0.61091703
0.49070346
0.41758269
0.54514408
0.59500682
0.48420161
0.66962856
0.60533017
0.67992002
0.66441113
0.60840172
0.58764750
0.53617281
0.44653565
0.49426812
0.28506467
0.26844409
0.24861370
0.37103319
0.20499703
0.15359232
0.21305929
0.36790997
0.22808488
0.24758869
0.40679234
0.23804943
0.30389386
0.28509036
0.36167321
0.30997795
0.19294003
0.35983297
0.16589515
0.21715088
0.13540716
0.21743920
0.21218529
0.18769859
0.18723093
0.13253847
0.33552220
0.11541132
0.22895887
0.18896095
0.13378808
0.34165448
0.15415448
0.37417647
0.27944151
0.31374207
0.24903901
0.41235498
0.34210765
0.24532343
0.29124546
0.19646557
0.30918035
0.25014499
0.14195697
0.19580543
0.22497301
0.17701216
0.17701595
0.17045294
0.20019267
0.28551611
0.12705845
0.13159060
0.22059228
0.16939759
0.27938488
0.16515423
0.24662465
0.10794699
0.13506496
0.12414849
0.14649618
0.11486723
0.09214690
0.10781298
0.13314649
0.13334766
0.16562147
0.24714629
0.22865462
0.26395720
0.29027200
0.25140971
0.24010530
0.20984469
0.23470247
0.26054278
0.30219066
0.23872431
0.41047728
0.24544890
0.42465666
0.39370477
0.42845172
0.32482314
0.13967183
0.32016638
0.19415925
0.21381105
0.19617572
0.20848335
0.15416659
0.17869592
0.20405877
0.25344208
0.33143422
0.27262634
0.16445877
0.18504791
0.14676805
0.22436027
0.27142569
0.25778571
0.28354818
0.26058987
0.31596202
0.27750841
0.27377203
0.31840199
0.20757264
0.21664448
0.26895028
0.34173343
0.35111216
0.22987969
0.23843972
0.24768192
0.33874968
0.31995261
0.29669565
0.19017738
0.25211751
0.29370299
0.21128602
0.25325716
0.15959603
0.24727428
0.23115815
0.33014733
0.36154792
0.29434291
0.24351481
0.19017862
0.14448035
0.16193557
0.23570624
0.31809005
0.24111630
0.25633565
0.22615497
0.31402728
0.14948602
0.21408005
0.23565434
0.33522606
0.23650190
0.21959361
0.27276206
0.30289099
0.21440010
0.26870862
0.21081835
0.26778740
0.32124057
0.23465076
0.16713284
0.22681442
0.15725552
0.21169133
0.23254377
0.28527820
0.31032690
0.32103276
0.42908674
0.33681494
0.46847841
0.39020723
0.40702474
0.30164969
0.33233351
0.33892134
0.21877058
0.24184886
0.38068908
0.24561334
0.22668235
0.38134858
0.47316819
0.45322087
0.42771628
0.53034347
0.35411829
0.34164429
0.50398320
0.53196025
0.37835425
0.45651856
0.35589111
0.39748508
0.47854951
0.36879623
0.37457752
0.39064097
0.59583879
0.72715628
0.75097769
0.67463285
0.57286876
0.65723455
0.60460156
0.28891087
0.57370508
0.26034781
0.46779612
0.46387357
0.48478729
0.38788503
0.24871454
0.38188240
0.18932123
0.32085165
0.30524087
0.44172496
0.28909257
0.35213441
0.35126996
0.43601561
0.35238862
0.43731192
0.31607381
0.31922942
0.31510893
0.39736688
0.30121693
0.18099315
0.32129222
0.27397364
0.26482335
0.20827986
0.20666805
0.24486229
0.21983054
0.26593748
0.25749406
0.31065065
0.43901601
0.31802049
0.44972733
0.40834966
0.35508785
0.30076712
0.32497850
0.43081671
0.36436868
0.36293998
0.38902268
0.41552320
0.26177630
0.38684025
0.49133405
0.48964775
0.38421017
0.55313730
0.49480876
0.48211825
0.49599108
0.32809645
0.31936517
0.29924771
0.34327522
0.32815662
0.38574672
0.38395321
0.32087368
0.32183936
0.24910732
0.37033880
0.39104229
0.26838711
0.29911074
0.30913901
0.26523757
0.34486702
0.34592867
0.30808485
0.26428041
0.43935600
0.26774761
0.29014048
0.36901575
0.28297153
0.35543498
0.38242057
0.33388588
0.23468393
0.35399833
0.41453171
0.44388655
0.23530193
0.51493537
0.32803974
0.30219939
0.45726934
0.25417894
0.26418594
0.44432062
0.35658738
0.38831165
0.43526939
0.41411534
0.37617970
0.20422919
0.32416853
0.19305420
0.43082401
0.42086512
0.49433884
0.44333127
0.40927011
0.57109344
0.39882419
0.39965314
0.55037153
0.43980715
0.59665823
0.50700170
0.59213501
0.50812262
0.56171393
0.41266018
0.51700681
0.31391612
0.63185811
0.17917362
0.55857188
0.25279796
0.77084923
0.46361029
0.45629874
0.48492640
0.56265062
0.53493720
0.38256142
0.70055699
0.21984366
0.51370907
0.30805808
0.28708941
0.38884595
0.28038436
0.28332916
0.40088058
0.18617827
0.53976208
0.27487534
0.32570124
0.46331525
0.27664569
0.50485480
0.30462843
0.74333310
0.49740937
0.70025080
0.68939567
0.57760710
0.67484283
0.58940375
0.67849463
0.57471579
0.58597487
0.70350480
0.71390384
0.78038102
0.76545858
0.78611630
0.86518806
0.89672005
0.70901924
0.65553945
0.62640738
0.64093572
0.73640764
0.78944963
0.77480233
0.82720286
0.79405159
0.81284386
0.82983017
0.76318610
0.81960940
0.87278491
0.76607871
0.86522150
0.84703350
0.88091165
0.84459966
0.70660818
0.71237177
0.78738469
0.45189953
0.79837209
0.79896045
0.83943993
0.81857616
0.79578680
0.72583795
0.80462688
0.88673520
0.83374113
0.85132194
0.74256194
0.87121087
0.81756556
0.83565480
0.95990556
0.94725358
0.96667385
0.96816105
0.97964543
0.98150742
0.97535396
0.98043090
0.96475852
0.97542179
0.98110598
0.93665642
0.94880277
0.96140957
0.98816967
0.98546302
0.98409790
0.98654234
0.99306023
0.98996782
0.98186225
0.98208100
0.98136234
0.97387189
0.98500723
0.97174203
0.96465909
0.97165447
0.96091133
0.96128619
0.97897333
0.97543406
0.98329479
0.97662455
0.99277920
0.99548572
0.99657321
0.99437571
0.99400783
0.99290562
0.99427199
0.99011654
0.99396098
0.99214137
0.99367476
0.99215770
0.99506229
0.99400491
0.99370414
0.98894531
0.99088424
0.99334246
0.99443072
0.99407238
0.99515152
0.99574548
0.99599141
0.99573189
0.99712139
0.99643803
0.99679619
0.99680823
0.99703789
0.99674499
0.99731171
0.99801791
0.99517787
0.99733633
0.99685550
0.99713862
0.99725395
0.99734169
0.99689865
0.99665940
0.99744570
0.99805224
0.99805874
0.99725062
0.99723345
0.99664742
0.99689013
0.99732059
0.99656075
0.99691015
0.99674195
0.99692506
0.99740320
0.99745208
0.99428779
0.99654394
0.99688417
0.99703097
0.99692231
0.99682224
0.99692696
0.99599648
0.99555331
0.99614114
0.99617130
0.99607229
0.99626237
0.99573910
0.99623907
0.99595511
0.99645185
0.99500859
0.99558264
0.99436682
0.99559468
0.99561924
0.99621326
0.99608177
0.99596691
0.99642736
0.99694270
0.99724615
0.99748445
0.99778146
0.99778253
0.99789375
0.99751979
0.99775225
0.99746019
0.99699891
0.99747097
0.99737144
0.99747449
0.99755836
0.99754852
0.99735129
0.99721551
0.99727923
0.99695802
0.99667573
0.99649376
0.99605018
0.99689227
0.99536443
0.99583423
0.99606788
0.99561006
0.99647105
0.99632072
0.99723321
0.99795318
0.99785894
0.99797243
0.99716967
0.99718755
0.99693227
0.99693370
0.99746370
0.99766314
0.99768257
0.99768996
0.99793518
0.99747854
0.99779201
0.99770594
0.99794334
0.99817502
0.99774808
0.99755174
0.99768770
0.99812180
0.99803585
0.99808794
0.99800235
0.99764627
0.99726331
0.99772567
0.99747640
0.99734831
0.99759090
0.99792492
0.99810362
0.99814653
0.99827302
0.99831897
0.99824995
0.99833655
0.99693525
0.99663514
0.99651825
0.99738318
0.99751759
0.99720842
0.99709320
0.99731570
0.99475199
0.99295115
0.99338210
0.99361694
0.99386543
0.99521637
0.99615687
0.99618030
0.99664766
0.99471658
0.99386615
0.99441248
0.99348807
0.98145032
0.97032475
0.96274012
0.96235073
0.97269249
0.98794401
0.99355209
0.99164164
0.99453729
0.99438310
0.99454641
0.99324399
0.99552000
0.99306971
0.99375957
0.99214786
0.99434692
0.99208128
0.99421471
0.99712962
0.99813443
0.99821740
0.99789113
0.99764854
0.99659866
0.99515581
0.99567384
0.99491525
0.99431413
0.99598533
0.99594009
0.99151552
0.99159425
0.99292165
0.98936450
0.98864251
0.98743767
0.99023086
0.99368048
0.98888445
0.99064368
0.99434906
0.99384439
0.99598074
0.99411714
0.99326730
0.99341774
0.99558580
0.99551648
0.99571395
0.99481744
0.99570078
0.99472481
0.99415237
0.99472862
0.99217683
0.99460417
0.99305660
0.99111462
0.99579310
0.99430722
0.99537462
0.99639481
0.99554330
0.99383152
0.99275947
0.99173892
0.99592602
0.99396849
0.99472421
0.99416035
0.99572974
0.99607843
0.99588424
0.99656504
0.99724412
0.99727923
0.99628627
0.99635077
0.99636865
0.99623799
0.99711907
0.99672467
0.99561274
0.99731511
0.99722844
0.99729002
0.99734783
0.99675131
0.99687862
0.99675590
0.99640960
0.99731499
0.99779522
0.99745327
0.99764794
0.99757332
0.99739671
0.99816692
0.99770856
0.99761212
0.99790812
0.99761081
0.99782890
0.99751127
0.99763680
0.99766171
0.99687308
0.99752599
0.99654526
0.99783307
0.99675119
0.99816567
0.99656504
0.99816543
0.99670261
0.99799037
0.99767655
0.99808669
0.99820757
0.99645245
0.99645019
0.99635160
0.99751568
0.99770951
0.99702865
0.99769837
0.99664801
0.99628985
0.99666721
0.99691522
0.99668247
0.99715221
0.99663454
0.99684036
0.99701995
0.99646473
0.99616301
0.99581063
0.99559301
0.99682331
0.99622923
0.99574763
0.99623799
0.99586725
0.99559456
0.99527979
0.99415898
0.99309182
0.99389184
0.99427527
0.99406415
0.99360150
0.98679543
0.98662359
0.98870587
0.98835516
0.99369746
0.99403894
0.98221189
0.97752225
0.99062198
0.99129385
0.98774314
0.99470645
0.99244362
0.99428493
0.99575508
0.99391913
0.99492908
0.99184638
0.99269557
0.99301708
0.98340064
0.98997128
0.98523849
0.99260157
0.98823112
0.84199274
0.87104684
0.75681442
0.63881743
0.47139809
0.78266090
0.73868507
0.66094017
0.50549066
0.42537451
0.71728683
0.69125336
0.39991236
0.71094328
0.79220790
0.68490529
0.44861552
0.82638973
0.82293510
0.22563106
0.55142814
0.49166700
0.48461837
0.62777084
0.26844823
0.34967738
0.71793878
0.45067206
0.56027222
0.89322269
0.36430746
0.70503849
0.53021985
0.19777468
0.65427607
0.56692606
0.43939325
0.42384613
0.25752628
0.44101125
0.33515093
0.35205409
0.71147758
0.76200116
0.46203324
0.46918982
0.63547689
0.39357734
0.50862563
0.43901637
0.28295112
0.13123585
0.32006618
0.68183607
0.45416662
0.21733978
0.13777642
0.19374253
0.37738836
0.23548482
0.12926033
0.23477748
0.11110400
0.17768231
0.20713206
0.12954298
0.38035980
0.07724791
0.09939233
0.21516463
0.18820091
0.24494821
0.12979981
0.16594256
0.33090267
0.22873163
0.57138175
0.55750406
0.53681934
0.22077766
0.36009082
0.19354321
0.13215682
0.35222986
0.29644263
0.18059307
0.12556814
0.29581791
0.13762477
0.29176655
0.21423398
0.22999388
0.14215478
0.14022285
0.13852029
0.15557607
0.20091192
0.10655975
0.11090227
0.12457180
0.18856591
0.14678064
0.14874347
0.24672191
0.27568778
0.26794457
0.10360444
0.12434331
0.17585412
0.16329877
0.14380908
0.10355308
0.15712947
0.09336958
0.17213540
0.12709227
0.15984388
0.13616772
0.10951003
0.10529606
0.10032964
0.13334350
0.10925736
0.09140082
0.07249776
0.06481618
0.10389341
0.22819418
0.11083087
0.13845100
0.11929420
0.19439481
0.21445039
0.06630345
0.12318412
0.07385797
0.13741860
0.06877509
0.17527761
0.17492503
0.28648484
0.11966690
0.33821297
0.16963331
0.10590791
0.17243840
0.10027619
0.19365701
0.25877291
0.16489242
0.17250951
0.21700078
0.23352447
0.23501520
0.15268782
0.15533412
0.25501126
0.12746364
0.40098915
0.16231042
0.23968087
0.20151252
0.21459536
0.24057823
0.16113603
0.37053183
0.22699656
0.34078118
0.23861831
0.16969661
0.25153920
0.14556968
0.24495490
0.07047392
0.22126399
0.05237669
0.16473575
0.08409605
0.16117902
0.22401851
0.34139580
0.40595171
0.15900771
0.26757589
0.23008762
0.43849939
0.33809724
0.12411525
0.18016633
0.20713279
0.41791597
0.11632122
0.43502942
0.23252404
0.13245314
0.34688637
0.22805457
0.12367029
0.28763697
0.24418920
0.14612775
0.15843846
0.14723365
0.27933943
0.09773001
0.23787405
0.21826780
0.24271168
0.14849567
0.18447563
0.16294491
0.12072313
0.31953257
0.21701071
0.23130845
0.16264090
0.14168437
0.31627315
0.28539550
0.25895086
0.32920393
0.20571390
0.27635837
0.16024251
0.26280668
0.22115976
0.22566208
0.30515993
0.22666574
0.20897560
0.26799175
0.31348515
0.20702752
0.34358549
0.33848125
0.20979241
0.51235676
0.18131614
0.48798075
0.36812338
0.45677003
0.59994078
0.32224879
0.46320111
0.54519016
0.32917163
0.57830656
0.71450484
0.26408240
0.20376086
0.16634828
0.43123719
0.21466815
0.28026092
0.23329501
0.18629953
0.27824050
0.16834551
0.31649128
0.25874519
0.29423851
0.33019701
0.22797252
0.22180486
0.34153229
0.21904366
0.45694444
0.20539488
0.30100423
0.28899482
0.25978941
0.22602293
0.20870101
0.33237308
0.30268267
0.17568225
0.31492755
0.25576097
0.15097289
0.07009309
0.15871100
0.17649084
0.15845113
0.09776366
0.22500663
0.17886409
0.13853829
0.20463665
0.12572138
0.28498003
0.17777146
0.31005478
0.27800277
0.22738798
0.27481887
0.23418301
0.19073862
0.14819409
0.20364076
0.13529661
0.19086081
0.17143074
0.12092874
0.18160620
0.16187367
0.18583290
0.13129067
0.13365903
0.21404527
0.13110636
0.19259769
0.19217731
0.24180104
0.22927031
0.12069601
0.19496642
0.23489450
0.16297689
0.23480627
0.08594114
0.11879859
0.21891584
0.12374733
0.12880431
0.13083765
0.17941618
0.19165772
0.17032401
0.14005519
0.09472793
0.14089662
0.14279671
0.18202968
0.18352056
0.17440890
0.23085247
0.10939489
0.18630102
0.09524740
0.16587768
0.16499415
0.15549064
0.14053832
0.15728819
0.18205801
0.23652674
0.20712931
0.17731266
0.26464662
0.24952258
0.26593119
0.22905995
0.15815347
0.12532687
0.08752067
0.19455042
0.18707113
0.23539741
0.09649829
0.08076954
0.06947733
0.08069761
0.13625994
0.14826399
0.10202074
0.14027789
0.15755937
0.09526171
0.10231627
0.13280475
0.11796459
0.10920551
0.07581148
0.11126973
0.13002552
0.11354465
0.14275306
0.08881703
0.08183225
0.06579150
0.07686293
0.15849350
0.10722724
0.13487971
0.06870928
0.09520990
0.05576932
0.06739293
0.07533056
0.13656464
0.06811484
0.12660255
0.11778148
0.12080157
0.07762011
0.10874232
0.14389928
0.10797022
0.18775961
0.09146007
0.08663236
0.16516146
0.14993747
0.12061387
0.10146967
0.11051781
0.10710648
0.16470830
0.07597402
0.12754098
0.15053958
0.21461889
0.10796110
0.14099012
0.16898310
0.13645734
0.10128950
0.12046073
0.09984252
0.11839746
0.24130358
0.10053743
0.16929351
0.07154548
0.22560458
0.13618574
0.11400440
0.20996991
0.09468831
0.46631899
0.45510179
0.22699904
0.29642704
0.46644747
0.45836443
0.19108263
0.31208646
0.37309185
0.45569155
0.30952600
0.21833007
0.45654821
0.34250322
0.32188606
0.44085914
0.37114319
0.47012743
0.32302275
0.36478889
0.34922886
0.38513041
0.39064628
0.42457747
0.46319804
0.41039917
0.40423217
0.38409814
0.34928253
0.37463030
0.43795466
0.43743789
0.45309871
0.47298995
0.45674253
0.53491884
0.42893013
0.50824642
0.48298332
0.50287110
0.42996153
0.49026191
0.52877820
0.61777508
0.63809574
0.75794119
0.77356851
0.79212475
0.82911712
0.80465972
0.83206946
0.80214393
0.82590330
0.77414632
0.78826898
0.78385186
0.80379939
0.76697230
0.81392300
0.83174711
0.84342951
0.81068730
0.79091781
0.79908687
0.82386643
0.88895655
0.91505927
0.92600441
0.87240678
0.83539361
0.88075876
0.92805147
0.95675021
0.95576096
0.95131350
0.96557349
0.97781849
0.97242987
0.98808205
0.98418009
0.98120439
0.98497921
0.98863041
0.98954481
0.99443442
0.99315673
0.99036235
0.99321932
0.99378359
0.99489105
0.99635929
0.99451375
0.99538970
0.99522531
0.99537599
0.99448144
0.99234277
0.99503869
0.99346220
0.99438477
0.99558651
0.99446219
0.99392164
0.99729985
0.99171817
0.99499232
0.99422693
0.99407321
0.99210465
0.98533821
0.99207956
0.99396342
0.99370050
0.99402243
0.99255306
0.99555546
0.99678195
0.99520087
0.99542123
0.99102259
0.99521279
0.99622810
0.99552107
0.99437898
0.99505049
0.99388617
0.99410313
0.99523008
0.99615413
0.99640441
0.99585551
0.99319881
0.99188882
0.99458116
0.99356866
0.99420714
0.99320978
0.99514538
0.99540699
0.99572819
0.99516559
0.99215573
0.99389499
0.99649316
0.99563968
0.99549329
0.99338257
0.99386698
0.99551529
0.99241567
0.99310219
0.98991311
0.98849165
0.99516499
0.98937935
0.99257725
0.99045134
0.98768651
0.99586189
0.99367118
0.99395639
0.99462718
0.99726772
0.99355125
0.99362010
0.99460238
0.99347681
0.99425501
0.99275255
0.99482876
0.99516726
0.99496895
0.99595731
0.99346739
0.99263155
0.99361140
0.99507350
0.99430603
0.99573553
0.99576676
0.99557698
0.99515945
0.99566060
0.99639720
0.99636674
0.99595994
0.99559444
0.99573910
0.99466765
0.99541473
0.99450278
0.99465466
0.99232930
0.99438512
0.99403232
0.99374264
0.99209589
0.99298275
0.99422073
0.99277627
0.99076509
0.99131703
0.99369723
0.99515790
0.99280000
0.99549377
0.99311125
0.99497992
0.99510634
0.99399948
0.99452788
0.98656356
0.98818481
0.99310219
0.99288189
0.99348938
0.99219090
0.99005353
0.99080831
0.98697555
0.99456787
0.99446714
0.99485481
0.99323225
0.99334395
0.99551445
0.99543142
0.99314910
0.99363965
0.99448627
0.99496800
0.99530506
0.99591833
0.99258453
0.99506843
0.99457067
0.99306870
0.99352288
0.99562317
0.99519557
0.99494678
0.99309582
0.99240559
0.98851389
0.99388522
0.99400371
0.99454606
0.99663371
0.99014813
0.99334008
0.99257362
0.99457365
0.99394482
0.99246216
0.99410653
0.99319410
0.99256694
0.99308538
0.99632674
0.99450111
0.99499255
0.99742955
0.99696523
0.99700940
0.99705827
0.99775749
0.99511993
0.99570507
0.99469817
0.99451929
0.99266535
0.99463320
0.99434930
0.99267817
0.98854232
0.98453081
0.97982633
0.98968887
0.98238766
0.98609287
0.99204069
0.99451005
0.99234420
0.99463105
0.99427009
0.99513102
0.99496281
0.99724615
0.99657381
0.99649101
0.99689746
0.99592280
0.99661487
0.99665856
0.99611449
0.99601954
0.99606341
0.99430829
0.99415958
0.99210936
0.99136823
0.98910439
0.98867971
0.98969626
0.99269581
0.98783374
0.98884422
0.97588968
0.97772765
0.97713101
0.97861207
0.96588081
0.96827537
0.96973151
0.97121960
0.95684648
0.97092283
0.97639936
0.98177630
0.98187596
0.97806668
0.98422146
0.99392033
0.99319446
0.99183500
0.99074370
0.99243414
0.98895580
0.98507756
0.97785074
0.97052413
0.98208678
0.98233277
0.97975475
0.98368627
0.95478952
0.96585041
0.97151822
0.97081584
0.98160672
0.91918993
0.96177763
0.98912805
0.97892386
0.94963175
0.95816797
0.89919269
0.98040593
0.96924949
0.98216504
0.97313744
0.98382020
0.97406703
0.97458935
0.97749013
0.99287498
0.98713338
0.97926712
0.98512518
0.96974313
0.96539468
0.98127615
0.97879559
0.97546810
0.98783094
0.98565429
0.99216592
0.99247640
0.99345934
0.99237168
0.97104496
0.82431191
0.89777511
0.70480138
0.13044003
0.08680324
0.07866913
0.01896406
0.01314320
0.00696922
0.00653822
0.00621699
0.00533734
0.00569687
0.01039173
0.00659201
0.00645903
0.00868928
0.00619357
0.00562242
0.00773528
0.00708764
0.01324789
0.01496923
0.01039787
0.01522512
0.01529713
0.00989682
0.00492964
0.00336502
0.00303531
0.00355262
0.00481369
0.00571297
0.00442814
0.00326316
0.00506888
0.00622319
0.01624744
0.00663851
0.00600284
0.00555661
0.00627123
0.00844240
0.00911493
0.01369535
0.00663704
0.00615502
0.00760429
0.00522058
0.00945623
0.00408068
0.01167815
0.01070375
0.01030583
0.00765284
0.01058239
0.00555889
0.01015543
0.00788998
0.00665351
0.01040779
0.00837412
0.00657078
0.00583625
0.00645933
0.00449398
0.00451641
0.01085414
0.01298860
0.00867148
0.01385278
0.00932915
0.00923075
0.00891047
0.00852953
0.01011511
0.01059987
0.01315852
0.01390086
0.01581977
0.01475371
0.01409869
0.01529895
0.01615630
0.01481064
0.02685399
0.03528363
0.02438156
0.02970183
0.03969111
0.02054438
0.01900500
0.02278236
0.01806881
0.01596762
0.01467580
0.01193328
0.00950979
0.01803012
0.01316278
0.00988099
0.00996761
0.01297706
0.01282964
0.01436609
0.00899755
0.00877133
0.01043888
0.01152077
0.01053015
0.01188295
0.01407396
0.04262696
0.03835613
0.26051289
0.69961834
0.90694064
0.95186311
0.96676952
0.95218694
0.97185880
0.96907032
0.96781141
0.94626135
0.93276453
0.94531214
0.90338254
0.91772467
0.97455716
0.99209833
0.98956364
0.99261147
0.99524313
0.99366921
0.99395293
0.99498737
0.99582517
0.99367285
0.99597710
0.99256223
0.99472564
0.99371934
0.99530184
0.99423134
0.99262434
0.99344593
0.99021417
0.99476117
0.99583876
0.99441236
0.99549544
0.99236345
0.99338311
0.99167961
0.99539524
0.99440801
0.99340069
0.99396658
0.99372333
0.99199742
0.99425393
0.99378234
0.99403596
0.99558568
0.98980987
0.99343288
0.99420023
0.99186325
0.99180967
0.99255240
0.99493247
0.99549246
0.99584359
0.99442697
0.99388486
0.99482119
0.99403244
0.99476802
0.99378717
0.99420577
0.99318886
0.99339831
0.99184328
0.99209058
0.99056494
0.99053508
0.98476171
0.98546684
0.98666859
0.98356318
0.97727066
0.98124141
0.97793293
0.97733659
0.98052877
0.98771518
0.98990053
0.99225980
0.99140257
0.99172848
0.99135602
0.99232602
0.99264306
0.99307752
0.99517775
0.99415815
0.99545562
0.99523228
0.99548954
0.99579901
0.99376243
0.99054343
0.99472946
0.99334234
0.98964721
0.98836386
0.99508709
0.99267262
0.99312770
0.99049592
0.99314404
0.99293858
0.99519473
0.99530762
0.99597651
0.99447858
0.99549472
0.99589622
0.99606711
0.99405813
0.99656641
0.99407578
0.99522424
0.99455005
0.99463707
0.99680847
0.99514657
0.99431497
0.99129850
0.99071163
0.99274081
0.99441022
0.99135625
0.99351341
0.99193418
0.99056143
0.99211919
0.99154282
0.99347889
0.99262720
0.99164021
0.99292588
0.99580514
0.99226189
0.99325788
0.99345040
0.99166507
0.99315500
0.99441069
0.99425393
0.99425322
0.99318671
0.99512368
0.99430239
0.99490547
0.99329597
0.99065065
0.98924190
0.98996019
0.99168795
0.98534065
0.98981500
0.97957808
0.97684288
0.97863549
0.98162234
0.98381078
0.98353136
0.98928678
0.99592209
0.99532843
0.99175292
0.99422753
0.99338937
0.99265528
0.99192131
0.98885894
0.98792017
0.98841327
0.98772568
0.99010360
0.98621517
0.99062473
0.99166566
0.99253196
0.99283326
0.98918486
0.99227035
0.99173802
0.98927248
0.99070030
0.98601949
0.98360968
0.99132556
0.98859763
0.99240428
0.99006176
0.99426210
0.99023134
0.99440211
0.99373442
0.99400699
0.99585479
0.99498874
0.99683940
0.99534297
0.99194443
0.99127626
0.99621576
0.99558252
0.99481839
0.99635905
0.99691880
0.99578875
0.99494582
0.99590486
0.99662966
0.99653196
0.99558026
0.99640477
0.99715519
0.99649245
0.99756551
0.99710983
0.99705040
0.99459177
0.99661440
0.99736434
0.99690825
0.99760264
0.99789906
0.99739033
0.99635988
0.99592221
0.99479103
0.99592835
0.99544406
0.99552888
0.99473637
0.99588132
0.99546152
0.99400300
0.99502134
0.99564302
0.99648452
0.99560225
0.99649340
0.99667335
0.99681407
0.99555272
0.99654776
0.99521178
0.99447328
0.99407393
0.99076182
0.99169743
0.99321860
0.99284369
0.99507445
0.99563003
0.99514598
0.99556571
0.99089080
0.98718840
0.99004459
0.98960531
0.98798776
0.99088472
0.99101311
0.99302304
0.99423212
0.99186957
0.99304575
0.99387383
0.99442470
0.99561667
0.99524420
0.99509454
0.99459982
0.99550146
0.99391818
0.99185985
0.99343842
0.99318862
0.99231005
0.99327856
0.99213952
0.99397063
0.99266052
0.99425864
0.99401265
0.99566013
0.99670899
0.99539524
0.99394244
0.99519026
0.99424368
0.99602365
0.99574870
0.99807334
0.99807799
0.99778420
0.99754971
0.99768794
0.99814844
0.99836296
0.99742532
0.99732614
0.99824345
0.99815995
0.99731988
0.99574453
0.99728703
0.99713093
0.99560636
0.99548316
0.99691272
0.99801815
0.99756241
0.99729246
0.99772757
0.99639541
0.99265689
0.99056518
0.99402195
0.99168956
0.99211955
0.99122238
0.99100959
0.99130964
0.99350834
0.99310404
0.99529195
0.99395108
0.99576712
0.99741936
0.99820995
0.99726391
0.99746537
0.99535298
0.99738127
0.99764258
0.99209082
0.99097002
0.98982316
0.98783231
0.99491620
0.99429411
0.99494123
0.99633813
0.99747187
0.99498183
0.99479252
0.98597437
0.98580253
0.97944790
0.99563783
0.99020678
0.98537099
0.99367768
0.98178089
0.97911298
0.97216314
0.95999289
0.92592990
0.91664714
0.87704414
0.84120935
0.68534994
0.67208260
0.62085706
0.59859878
0.44091648
0.28691348
0.40362462
0.35808906
0.31923318
0.15773413
0.35542572
0.21267858
0.20013206
0.30950791
0.19900827
0.30547875
0.32430696
0.23546520
0.40789473
0.38091365
0.46880898
0.43508178
0.47140634
0.44339317
0.41036385
0.36937720
0.32701728
0.23039733
0.24586840
0.33016241
0.25794420
0.29847166
0.35553139
0.38464031
0.31297919
0.40985528
0.37883079
0.43429968
0.52637702
0.43697813
0.35865986
0.36821166
0.40956569
0.49883923
0.36455560
0.44926462
0.34342816
0.31522664
0.24382710
0.21999007
0.27315208
0.15337047
0.22989431
0.32181168
0.22241206
0.21670148
0.27547726
0.30483580
0.33713144
0.36415932
0.40725034
0.36201555
0.44540301
0.45873189
0.47228408
0.62371540
0.75431788
0.79377037
0.75879651
0.80226928
0.72984618
0.66414928
0.69995129
0.68662888
0.72229064
0.67402488
0.71414083
0.79775387
0.86407042
0.89009434
0.93785191
0.90702224
0.92189991
0.93887049
0.94629341
0.92168409
0.94321543
0.94010085
0.96014881
0.94789016
0.95790154
0.96315545
0.96922386
0.97440052
0.97440106
0.97302711
0.97878200
0.98261988
0.98474497
0.98708689
0.98734468
0.98187327
0.97936833
0.97681296
0.97087210
0.96895087
0.96496427
0.96757722
0.96874821
0.95962542
0.95522463
0.95446092
0.94207281
0.95581096
0.95398676
0.96265972
0.96082371
0.94863826
0.95286578
0.95933110
0.96700114
0.97098821
0.97007543
0.97141176
0.97218597
0.97165507
0.97106814
0.97090334
0.96912515
0.96754259
0.96466410
0.96208340
0.95672500
0.96539712
0.96666926
0.97163105
0.96957314
0.96741688
0.96187037
0.96829075
0.98268855
0.98313671
0.98366898
0.97516721
0.97380972
0.95952511
0.90681171
0.88064659
0.90899503
0.91610813
0.90058404
0.91641206
0.92051804
0.82078958
0.85744071
0.84834480
0.79603755
0.85177672
0.82399154
0.77648866
0.70224899
0.46549019
0.60883313
0.62877309
0.54896313
0.45574170
0.38009602
0.48152342
0.47818607
0.39835122
0.38107076
0.63511544
0.29981521
0.31838197
0.53597528
0.34129083
0.44953081
0.50491154
0.35959390
0.51175123
0.50189245
0.47246385
0.42542645
0.45329046
0.65842205
0.52418786
0.60015196
0.50472969
0.50534153
0.68331015
0.45535755
0.33644617
0.64367783
0.32674602
0.76176190
0.46300867
0.58753026
0.57868761
0.37772825
0.48677528
0.42479685
0.41101643
0.39498997
0.37330398
0.34622249
0.29809126
0.34077924
0.25822133
0.30823854
0.37098372
0.26374575
0.63476688
0.36102614
0.36687177
0.54478627
0.30546311
0.50834316
0.26891330
0.41965398
0.48553249
0.41708228
0.30291244
0.26342511
0.33776644
0.29571450
0.41245496
0.35322133
0.46116540
0.56697577
0.28763378
0.50305760
0.41733763
0.61390162
0.64626420
0.65696430
0.37071458
0.49789318
0.68336171
0.63263422
0.56228530
0.77553165
0.52988166
0.64283937
0.54297775
0.70646781
0.63323039
0.63450348
0.53588641
0.54830575
0.58478522
0.63279331
0.86266702
0.92114633
0.92670482
0.97402376
0.97182119
0.98660266
0.99212027
0.99204755
0.99299735
0.99430746
0.99175149
0.99122214
0.99360496
0.99311054
0.99184507
0.99146593
0.98944992
0.98964256
0.98936683
0.98707253
0.98169005
0.97623628
0.96828920
0.96528673
0.96282488
0.96138000
0.95090282
0.93911570
0.92857367
0.90469813
0.88749903
0.90343326
0.88246340
0.85862017
0.90671688
0.91296220
0.92361802
0.92561835
0.95738769
0.96956170
0.97823113
0.99044925
0.99008089
0.99164611
0.99393564
0.99593312
0.99301636
0.99117810
0.99346030
0.99386919
0.99653131
0.99633777
0.99323797
0.99404895
0.99300659
0.99236953
0.99247736
0.99592566
0.99672443
0.99420047
0.99442190
0.99506170
0.99378151
0.98683226
0.99189669
0.98949778
0.98185194
0.98609376
0.98445106
0.97974235
0.95891166
0.92858022
0.91489536
0.93172532
0.94277591
0.93999726
0.93477893
0.91473824
0.91452742
0.92051709
0.93241876
0.95514524
0.95734441
0.96185821
0.94984400
0.93850309
0.95470887
0.94340140
0.92145944
0.93216407
0.91373509
0.92821246
0.89874303
0.94658798
0.95282644
0.92692250
0.88416588
0.80323023
0.69412649
0.83000237
0.82973248
0.45177674
0.50084800
0.72187692
0.66899318
0.52686536
0.46251333
0.58146924
0.44293502
0.31017181
0.77684683
0.72086477
0.34720406
0.43126053
0.30872324
0.45907053
0.17022383
0.33346701
0.28719509
0.27492091
0.32218981
0.27647188
0.12810695
0.19242528
0.44493884
0.12863909
0.19676104
0.16138220
0.30626100
0.07472528
0.24154599
0.25287700
0.14864896
0.24336708
0.16074379
0.21356988
0.31104171
0.21738768
0.43513972
0.16242138
0.30721498
0.35476544
0.37336162
0.35931578
0.52215695
0.46671715
0.26318237
0.28085136
0.33642381
0.46358430
0.29720113
0.13227373
0.13470934
0.07394404
0.11135627
0.16704768
0.16611031
0.14795196
0.13058287
0.17302613
0.12370060
0.14781520
0.12489078
0.21591444
0.08681365
0.31973609
0.18694009
0.44874591
0.21187538
0.43826166
0.39073274
0.36266637
0.34106609
0.31533930
0.25604370
0.26978725
0.24535970
0.13943446
0.21328744
0.17547405
0.13395214
0.31775218
0.09575249
0.06045454
0.08620104
0.06755597
0.11052416
0.12382785
0.19900167
0.11274897
0.16070433
0.19818072
0.43277493
0.40926591
0.57401079
0.56345797
0.59117186
0.64409822
0.64931339
0.64480376
0.69303250
0.76934850
0.82328111
0.82522893
0.84611195
0.81570607
0.80875546
0.77427751
0.91421676
0.96132684
0.97043633
0.94779611
0.96448773
0.96722567
0.95223731
0.97604793
0.99044514
0.98909622
0.99398041
0.99446821
0.99338597
0.99546474
0.99557698
0.99568331
0.99616420
0.99622154
0.99578589
0.99539727
0.99655390
0.99559826
0.99637872
0.99738938
0.99765259
0.99654502
0.99625140
0.99706453
0.99632508
0.99773163
0.99676311
0.99678290
0.99664515
0.99608034
0.99584144
0.99554163
0.99639529
0.99635088
0.99487126
0.99701095
0.99541003
0.99617153
0.99759501
0.99663287
0.99734348
0.99469525
0.99071336
0.98816538
0.98411638
0.98730123
0.98888028
0.60747546
0.67697877
0.44156733
0.17677082
0.06554718
0.08856076
0.18463783
0.06926289
0.10086550
0.04588464
0.05120334
0.08123741
0.08397647
0.02549090
0.01146466
0.00880992
0.00861702
0.00983578
0.00887655
0.00582163
0.00749636
0.00749264
0.00931433
0.00766060
0.00681841
0.00734067
0.00836534
0.00723446
0.00898807
0.01415084
0.06111752
0.28074539
0.16643749
0.43535575
0.90694833
0.96335322
0.94043070
0.95023412
0.96599001
0.97337568
0.98019791
0.99015439
0.98890698
0.98599899
0.98625332
0.98823220
0.98415381
0.98480648
0.98992842
0.98677957
0.98922729
0.98407274
0.99228901
0.99417782
0.99186182
0.99170786
0.99283278
0.98967206
0.99529475
0.99692231
0.99520493
0.99334550
0.99632531
0.99640453
0.99581003
0.99460357
0.99419808
0.99172616
0.99294502
0.98600894
0.99245912
0.99020582
0.98958951
0.99023902
0.98642659
0.99516284
0.99420619
0.99577349
0.99586922
0.99600095
0.99512094
0.99258900
0.99336892
0.99248147
0.99302435
0.99468154
0.99289107
0.99455738
0.99554199
0.99532771
0.99728858
0.99370629
0.99727172
0.99370801
0.99531388
0.99658835
0.99708754
0.99702817
0.99761981
0.99771547
0.99714893
0.99738890
0.99581438
0.99459100
0.99567348
0.99216980
0.99539942
0.98968959
0.99135935
0.98686093
0.98595327
0.99256891
0.99146515
0.99131656
0.99421895
0.99575812
0.99540246
0.99464512
0.98971713
0.98964268
0.99439150
0.99414200
0.99434519
0.99444276
0.98963952
0.99057686
0.98896313
0.98481685
0.98063380
0.98352319
0.98875731
0.98716986
0.98894686
0.98920804
0.99265265
0.99319834
0.99379539
0.99510890
0.99519461
0.99623907
0.99748790
0.99746907
0.99717039
0.99726874
0.99790645
0.99715024
0.99811089
0.99822348
0.99838150
0.99761581
0.99776721
0.99706846
0.99802160
0.99710566
0.99659026
0.99485826
0.99581200
0.99429286
0.99596560
0.99433386
0.99375325
0.99467933
0.99437147
0.99290222
0.99551362
0.99588484
0.99465710
0.99387676
0.99211556
0.98562545
0.98144686
0.98298395
0.98807716
0.98666638
0.98223984
0.98799568
0.98092723
0.96316087
0.95834124
0.96929371
0.94840038
0.97318947
0.94079977
0.92071646
0.92403144
0.83417284
0.92942262
0.88003445
0.95445645
0.91530097
0.89457285
0.78144068
0.77363741
0.84834647
0.63057029
0.70188504
0.67271006
0.82914293
0.73751688
0.80425549
0.76605886
0.75041711
0.78960145
0.83458483
0.86781591
0.88256478
0.91572112
0.96177936
0.96347433
0.98587418
0.95435202
0.97637093
0.94115812
0.98198849
0.91271794
0.86626750
0.83629578
0.89009237
0.77585292
0.75366038
0.70892239
0.36748853
0.62583017
0.52675354
0.60197353
0.62762129
0.58038139
0.50090146
0.61418587
0.59289867
0.53407258
0.64375949
0.63928330
0.65808010
0.58026105
0.54498857
0.59491432
0.62501103
0.50263953
0.52916813
0.70648974
0.67803037
0.64775687
0.56830972
0.60429472
0.62258923
0.64087158
0.47314367
0.52485204
0.73176271
0.56476724
0.64867985
0.64749944
0.69685847
0.66017598
0.64441013
0.64657962
0.68817949
0.69243175
0.69108796
0.65355963
0.65117723
0.73295182
0.78454918
0.75621361
0.76879752
0.74229056
0.86973321
0.89546376
0.85455698
0.93127823
0.90389943
0.93443811
0.92804635
0.93750584
0.93914580
0.95866573
0.96413368
0.96388376
0.97210139
0.97955978
0.98825037
0.98946637
0.99093974
0.99241781
0.99336058
0.99498534
0.99432242
0.99475819
0.99442035
0.99409497
0.99441803
0.99346775
0.99170750
0.99178070
0.99147123
0.99212497
0.99489588
0.99569845
0.99619651
0.99546778
0.99454272
0.99289095
0.99106663
0.99291539
0.99153614
0.98566645
0.98919022
0.98586339
0.98220277
0.97817832
0.96952450
0.97830862
0.97018975
0.89861965
0.92342865
0.92355859
0.88736516
0.84391713
0.88809717
0.96228755
0.89638430
0.85801089
0.86939842
0.85385633
0.85532558
0.85534394
0.75503433
0.80480158
0.78919011
0.70221084
0.64682817
0.71206969
0.41087383
0.65346324
0.57078844
0.48682770
0.69158810
0.53940481
0.57718784
0.39146683
0.34691721
0.41664293
0.38824403
0.56168765
0.46325231
0.43932617
0.44109496
0.50046021
0.47343248
0.51934606
0.33299175
0.45325127
0.46062407
0.54375637
0.53995317
0.82832289
0.63173872
0.67292422
0.50812703
0.77818900
0.55466145
0.68982863
0.60883713
0.62114298
0.31292394
0.50412762
0.68717521
0.31969565
0.37150532
0.54128182
0.40514809
0.65304548
0.30768734
0.37269020
0.38195664
0.41166621
0.30877137
0.33573297
0.33897278
0.33171850
0.23610070
0.34651238
0.38513815
0.41433871
0.50563449
0.46117139
0.37908185
0.30405533
0.48856863
0.47853765
0.55959243
0.30877575
0.56160623
0.23451728
0.48221254
0.43388480
0.52524948
0.41352060
0.37020731
0.43140206
0.41923913
0.41597965
0.33901623
0.26489550
0.47104448
0.43992105
0.40049928
0.44519481
0.36597911
0.44988433
0.44753450
0.48626444
0.60952336
0.76038080
0.76415879
0.55527020
0.57910389
0.83534265
0.59162664
0.72647333
0.72037977
0.76446253
0.73830169
0.83756626
0.93097395
0.95772415
0.96063304
0.96408582
0.96401525
0.97901809
0.98499584
0.99014866
0.99383062
0.99544781
0.99707830
0.99769068
0.99856073
0.99831259
0.99861467
0.99812442
0.99848181
0.99774688
0.99837947
0.99782747
0.99716789
0.99689674
0.99754322
0.99675697
0.99553901
0.99570578
0.99596977
0.99546754
0.99632841
0.99705756
0.99650288
0.99480128
0.99621695
0.99680686
0.99424654
0.99464202
0.99578059
0.99410594
0.99274653
0.99148494
0.99382025
0.99300754
0.99018389
0.99097800
0.99201596
0.98931354
0.99017489
0.98856062
0.98715150
0.98454374
0.99182171
0.99458450
0.99433726
0.99596846
0.99467885
0.99115086
0.99221271
0.99637896
0.99595475
0.99692231
0.99705505
0.99742246
0.99735838
0.99567324
0.99718446
0.99795568
0.99736601
0.99773490
0.99772686
0.99761212
0.99686122
0.99666131
0.99686146
0.99622512
0.99494642
0.99564278
0.99601448
0.99622619
0.99618274
0.99583143
0.99635410
0.99474674
0.99462825
0.99385601
0.99587727
0.99686509
0.99721426
0.99798739
0.99845552
0.99707246
0.99644274
0.99612671
0.99641401
0.99451232
0.99541926
0.99022359
0.99632311
0.99034727
0.99260676
0.99222189
0.99074793
0.97756279
0.87362969
0.91943359
0.93851703
0.87927794
0.56219244
0.56515402
0.55798227
0.37296614
0.67632276
0.26183000
0.38311550
0.36929682
0.62005335
0.32101509
0.61283273
0.43811110
0.13964139
0.22645299
0.11837231
0.19313446
0.06012073
0.09251110
0.15446055
0.07832190
0.07694080
0.09506218
0.18116394
0.08447527
0.08254404
0.09550219
0.09962317
0.29569271
0.38068527
0.11739756
0.22485669
0.14993764
0.55715030
0.29423395
0.20697355
0.24769832
0.13764507
0.15481487
0.25562316
0.18025482
0.30234733
0.10084167
0.20144674
0.10857127
0.11253955
0.10450054
0.14208496
0.10931417
0.08309133
0.10839273
0.16206606
0.13175350
0.11132057
0.20078920
0.08681072
0.18940772
0.18777330
0.20885630
0.25854424
0.14354302
0.11863785
0.03736427
0.08358742
0.18669425
0.05928870
0.12429671
0.20337853
0.12823141
0.10589732
0.35187596
0.21120675
0.25208050
0.33723068
0.36835483
0.29084992
0.44379127
0.30800208
0.36989281
0.16351290
0.14069578
0.15138422
0.23369679
0.18811327
0.15243240
0.12746821
0.13826975
0.12110037
0.23857272
0.17300364
0.27056664
0.12042286
0.17511553
0.28205776
0.20645206
0.27335843
0.34499907
0.27607310
0.23875497
0.35211816
0.59132171
0.61611056
0.76413739
0.85550290
0.88006926
0.92117822
0.92121696
0.91625154
0.93833828
0.95313728
0.96006960
0.96586591
0.94666505
0.96989745
0.98110974
0.98684198
0.99341464
0.99638015
0.99697793
0.99804831
0.99830866
0.99793577
0.99674088
0.99613106
0.99525732
0.99059379
0.99174482
0.99222940
0.99173087
0.99289918
0.99075305
0.98937875
0.99178630
0.99044317
0.99075353
0.99348712
0.99208343
0.98850387
0.99120128
0.98602921
0.99413788
0.99541014
0.99170822
0.99472910
0.99521577
0.99638969
0.99667156
0.99441105
0.99309373
0.99148083
0.99592614
0.99146932
0.92864311
0.46984842
0.31311825
0.04743479
0.04096545
0.00732987
0.01726420
0.02347158
0.02706639
0.01251376
0.01227903
0.01724639
0.01066261
0.00488520
0.00595439
0.00640463
0.00437206
0.00771455
0.00868028
0.00701995
0.00883729
0.01748055
0.00750687
0.01778488
0.01052003
0.01133893
0.01317438
0.01336295
0.01804057
0.02364465
0.06372461
0.28795630
0.43530086
0.83876550
0.95999390
0.97368288
0.98068011
0.99165595
0.99084759
0.99351561
0.99279225
0.99396414
0.99366224
0.99440336
0.99457788
0.99315602
0.99178970
0.99309689
0.99204683
0.99314511
0.99149793
0.99110121
0.99207026
0.99179405
0.99259651
0.99233621
0.99142039
0.99609393
0.99552071
0.99461406
0.99688548
0.99461573
0.99441296
0.99454838
0.99412388
0.98926032
0.99537909
0.99567968
0.99570495
0.99644035
0.99569499
0.99609900
0.99587613
0.99515694
0.99360812
0.99563211
0.99554527
0.99511021
0.99513137
