1.00000000
0.99821950
0.99507390
0.99459540
0.99894788
0.99652811
0.99580022
0.99846794
0.99563104
0.99450952
0.99874118
0.99962856
0.99782456
0.99856537
0.99923732
0.99935872
0.99966239
0.99929446
0.99841288
0.99714203
0.99921757
0.99978662
0.99909053
0.99806611
0.99847659
0.99979454
0.99650727
0.99900446
0.99956947
0.99915488
0.99893567
0.99752808
0.99711670
0.99642795
0.99769699
0.99970926
0.99792395
0.99854532
0.99931716
0.99929715
0.99699037
0.99428131
0.99398069
0.99688546
0.99954892
0.99931368
0.99810661
0.99675888
0.99506699
0.99528988
0.99736919
0.99635152
0.99893699
0.99979465
0.99908807
0.99706653
0.99819517
0.99895373
0.99938726
0.99684817
0.99730572
0.99372813
0.99791152
0.99486355
0.99425308
0.99245405
0.99027638
0.99086151
0.99395567
0.99223978
0.98937682
0.98953926
0.99007862
0.98931033
0.99230429
0.99337035
0.99281384
0.99227782
0.98716675
0.99122696
0.99078646
0.99305524
0.99378678
0.98504573
0.98558779
0.98459889
0.98328652
0.98323098
0.98328661
0.98135352
0.98252239
0.98384464
0.98315772
0.98338255
0.98240167
0.98337816
0.97948470
0.97900111
0.98312817
0.98524062
0.98467475
0.98185715
0.97984422
0.98497965
0.98778108
0.98628382
0.98751474
0.99000437
0.98956427
0.99133578
0.99003691
0.98940926
0.99123651
0.98989216
0.99067771
0.98972827
0.99036848
0.98822519
0.99160352
0.98846424
0.98772198
0.98769419
0.98850335
0.98886531
0.98620810
0.98882200
0.98624156
0.98636741
0.98677614
0.98850873
0.98785990
0.98995003
0.98879943
0.98366199
0.98778754
0.98992344
0.98992339
0.98600684
0.98193820
0.98769283
0.98638188
0.98350750
0.98198430
0.98257463
0.98105146
0.97882708
0.97803966
0.97111176
0.97720096
0.98359631
0.98591988
0.98709457
0.98865129
0.98961205
0.98976385
0.98982757
0.98919109
0.98869524
0.98914513
0.99142218
0.99065442
0.98972999
0.98648150
0.98521567
0.98461054
0.98139085
0.98247801
0.98343627
0.98487777
0.98582496
0.98017119
0.98397987
0.98328209
0.98938678
0.98718568
0.98880889
0.98976432
0.98784535
0.98925044
0.98739587
0.98678617
0.98588153
0.98745720
0.98619484
0.98238533
0.98368699
0.98271287
0.98522116
0.98762925
0.98947251
0.98801586
0.98819915
0.98789018
0.98656033
0.98715247
0.98712243
0.98664061
0.98474286
0.98624953
0.98722369
0.98647890
0.98655338
0.98557962
0.98571217
0.98600797
0.98773458
0.98554598
0.98620739
0.98644216
0.98376158
0.98216598
0.98609139
0.98152925
0.98047843
0.98287065
0.98171940
0.98020291
0.97697895
0.97616453
0.98066477
0.97905348
0.98258313
0.98155049
0.98013722
0.97939805
0.97827522
0.98110942
0.97567725
0.98028490
0.98589583
0.98075295
0.98178627
0.97990401
0.98452690
0.98543782
0.98633644
0.98934158
0.98608891
0.98585327
0.98820042
0.98718230
0.98636080
0.98570847
0.98557000
0.98795985
0.98973167
0.98855271
0.98983933
0.98986614
0.99080385
0.98974176
0.98711586
0.98917014
0.98524940
0.98931073
0.98621735
0.98762601
0.98533392
0.98349433
0.98519718
0.98611268
0.98670246
0.98618268
0.98590754
0.98514482
0.98574220
0.98553844
0.98659202
0.98421315
0.98815802
0.99175045
0.98828865
0.98863213
0.98348919
0.98530647
0.98767294
0.98776338
0.98507311
0.98495674
0.98549554
0.98743020
0.98270597
0.98485640
0.98469960
0.98406000
0.97884554
0.97836265
0.97914533
0.97876270
0.97042728
0.96519906
0.96141901
0.96746827
0.96592918
0.96778696
0.96796622
0.96726882
0.96760435
0.96598752
0.97335980
0.97819568
0.98058983
0.98394609
0.98801480
0.99059836
0.99189841
0.99061211
0.99125318
0.98986658
0.98982403
0.98506012
0.98578234
0.98649307
0.98480980
0.98547343
0.98733970
0.98906011
0.98878628
0.97788411
0.97537992
0.98804524
0.98996846
0.99005901
0.98676191
0.98626409
0.98950256
0.98852021
0.98718559
0.98689364
0.98511962
0.97963661
0.97954107
0.98187750
0.98913105
0.98524528
0.98515243
0.99027467
0.98708942
0.98067085
0.97344373
0.97786162
0.97522827
0.97870884
0.97927308
0.97442760
0.96982123
0.97347664
0.97188055
0.97317338
0.98303653
0.98934968
0.98870917
0.98327232
0.98218937
0.98992713
0.98855348
0.98881851
0.98623341
0.98649627
0.98529523
0.98783206
0.98535199
0.98889410
0.99207957
0.99039413
0.98698124
0.98903157
0.98965593
0.98096458
0.97923503
0.98593597
0.98646904
0.98453778
0.98356037
0.98571383
0.98471571
0.98096301
0.97685110
0.98073743
0.97999276
0.97748629
0.97737959
0.97572206
0.97912006
0.98040337
0.97851351
0.97634625
0.98420161
0.98592570
0.98967278
0.98918652
0.98826743
0.98170840
0.98224729
0.98105385
0.97687359
0.98401597
0.98131305
0.98476144
0.98219500
0.97818397
0.97213690
0.97602747
0.98026523
0.98516352
0.98799512
0.98722220
0.98859366
0.98879376
0.98753238
0.99178877
0.99433843
0.99226109
0.99183726
0.99247722
0.98980864
0.99170671
0.99350467
0.99239670
0.98858724
0.98618947
0.99166095
0.99341885
0.99248865
0.98922872
0.98806606
0.99013967
0.99070498
0.98846137
0.98407147
0.97774740
0.98652160
0.98805621
0.98801195
0.98362051
0.98570455
0.98246107
0.98125862
0.98267659
0.98564232
0.98718526
0.98387934
0.98451034
0.98530465
0.98353405
0.98764998
0.99008307
0.98792940
0.98718018
0.98484564
0.98062663
0.98624860
0.98713291
0.98320714
0.98710290
0.98624929
0.98850919
0.98842894
0.98664270
0.98692134
0.98380214
0.98301171
0.98203079
0.98239000
0.97946587
0.97882859
0.97944849
0.97827382
0.97740145
0.98119077
0.98373259
0.98331118
0.98036101
0.97763358
0.97993102
0.97859218
0.97694689
0.97996749
0.98217244
0.98070233
0.97782217
0.97867082
0.97597110
0.97582074
0.97454052
0.97697773
0.97613306
0.97225705
0.97250598
0.96560815
0.96524898
0.96947221
0.97327032
0.97604221
0.97979507
0.97957880
0.98083369
0.97589836
0.97828932
0.98179348
0.97900801
0.97824709
0.97916155
0.98226285
0.98179622
0.97857100
0.98236238
0.98481221
0.98581703
0.98455122
0.98181484
0.97847830
0.97505233
0.98097007
0.98266103
0.97811474
0.98018350
0.98264177
0.98461396
0.98491518
0.98631005
0.98557653
0.98560043
0.98396747
0.97933236
0.98173971
0.98270118
0.98018002
0.97886769
0.97700516
0.97441188
0.97392832
0.97420004
0.97511485
0.97831721
0.97640311
0.97419572
0.97846624
0.97936000
0.97873487
0.97923307
0.97967676
0.97591046
0.97604505
0.97470371
0.97156290
0.97150499
0.97097958
0.97015770
0.96932017
0.97594206
0.97824022
0.97657343
0.97584621
0.97878315
0.98071009
0.98062442
0.98060366
0.98284968
0.98111049
0.97991789
0.98205639
0.98324097
0.98325561
0.98250848
0.98453827
0.97972059
0.97729954
0.97638730
0.98004971
0.97890961
0.97859950
0.97967762
0.97947400
0.97947054
0.98211516
0.98132767
0.98046776
0.97876669
0.97568938
0.97206402
0.97128367
0.97067816
0.97262233
0.97407522
0.97636358
0.97674687
0.97307942
0.97677708
0.98371204
0.98691115
0.98707201
0.98866086
0.99020341
0.99058824
0.99049158
0.98936835
0.98996606
0.98939982
0.99008793
0.98748060
0.98764446
0.98468372
0.98648616
0.98664181
0.98569301
0.98243037
0.98138406
0.97619144
0.97870499
0.97984319
0.98155422
0.98062929
0.97929355
0.97528864
0.97409582
0.98208878
0.97773161
0.97417479
0.98091334
0.98139584
0.98016710
0.98040412
0.97883260
0.97784653
0.97842653
0.97972078
0.97867962
0.97849864
0.97545582
0.97035489
0.97154760
0.97069686
0.96981194
0.97321612
0.97485166
0.97613357
0.97566486
0.97597653
0.97401622
0.97455807
0.97816519
0.97862100
0.98387135
0.98176958
0.98200791
0.98212120
0.98202148
0.98297659
0.98345355
0.97513795
0.98058934
0.98612313
0.98765544
0.98504156
0.98165217
0.97547729
0.97816992
0.98377948
0.98503334
0.98451996
0.98254496
0.98300319
0.98252670
0.98328948
0.98329451
0.97991140
0.98391687
0.98379575
0.97885824
0.97836401
0.97681817
0.97842374
0.98164111
0.97930542
0.97521885
0.97589011
0.97727602
0.97832381
0.97683135
0.97530290
0.97787503
0.98118459
0.98220635
0.97788487
0.98055844
0.98374397
0.98138262
0.98308073
0.97853375
0.98059978
0.98046076
0.97707683
0.97575797
0.97923778
0.98141131
0.97953292
0.98177436
0.97801906
0.98025187
0.98232709
0.98454342
0.98048650
0.98309357
0.98448150
0.98337868
0.98012461
0.98187386
0.98292547
0.98124415
0.98231192
0.98353472
0.98479352
0.98515408
0.98556582
0.98469438
0.98481735
0.98496691
0.98422612
0.98228356
0.97780747
0.97836769
0.98254363
0.98049492
0.97808093
0.98114760
0.97643971
0.97905018
0.97821185
0.97428057
0.97231664
0.96920825
0.96876911
0.96902699
0.96813539
0.96844956
0.97298473
0.97843549
0.97910837
0.98028938
0.97757330
0.97814741
0.98055111
0.97718621
0.98440225
0.97636774
0.96726866
0.97702411
0.96104978
0.96488995
0.96641041
0.97235165
0.96771357
0.95764415
0.96208367
0.97743191
0.97945057
0.98215074
0.97647635
0.97717400
0.97957477
0.97655634
0.97605763
0.97805082
0.97948415
0.96684295
0.96175990
0.96887235
0.96118783
0.95639852
0.96881024
0.96989502
0.96396593
0.95302227
0.95558800
0.96407119
0.96620676
0.95123283
0.93023405
0.94323637
0.89683231
0.89873266
0.89392858
0.90693001
0.91357840
0.92517515
0.91515157
0.92162299
0.94002762
0.93032434
0.92659997
0.95102827
0.95290324
0.94561897
0.91817379
0.89942815
0.95331090
0.96272033
0.96743163
0.94565281
0.92506867
0.94662261
0.95330505
0.95457044
0.95964439
0.95371074
0.93478347
0.91465586
0.89994306
0.84933190
0.83995055
0.86408961
0.84299804
0.83233594
0.73889719
0.73984349
0.73803041
0.69760994
0.77945611
0.78204063
0.70037180
0.63133992
0.63269378
0.76401807
0.79133785
0.75568561
0.70895315
0.75438725
0.77821253
0.74176423
0.75469227
0.72683371
0.78210706
0.79144945
0.71189732
0.76096859
0.70307264
0.61046975
0.62593968
0.71149069
0.71263426
0.61924621
0.71492817
0.76663063
0.74627623
0.70230857
0.76567132
0.72271971
0.66957964
0.73568016
0.70780889
0.62163943
0.63034564
0.72612495
0.52658909
0.47706957
0.58589590
0.66706744
0.62082943
0.62192920
0.67531218
0.65028274
0.65293042
0.59446214
0.54943360
0.52404116
0.57267486
0.67918077
0.66737767
0.65678478
0.69039721
0.63480361
0.63591932
0.60208526
0.68914575
0.62511212
0.52478405
0.44294507
0.54415318
0.56514683
0.60054646
0.59178770
0.46057917
0.47413241
0.50673887
0.53290988
0.52480354
0.45305966
0.41676689
0.50792770
0.57202414
0.55278181
0.47941361
0.56942004
0.52868339
0.37786484
0.35049422
0.48141480
0.59854664
0.41933171
0.45988302
0.35848365
0.25012520
0.43933963
0.35546092
0.29869881
0.41432956
0.28471059
0.25471923
0.38916063
0.37381414
0.30269127
0.31972685
0.39419329
0.34882084
0.24911209
0.25273673
0.36110551
0.32505631
0.24406475
0.27766835
0.41631919
0.22170865
0.21384136
0.36365824
0.36424260
0.37769523
0.48197306
0.37520456
0.35368904
0.37585946
0.47168823
0.43531244
0.40591722
0.37773767
0.28706117
0.30299209
0.34279451
0.53577372
0.43377061
0.49692738
0.50510235
0.55504933
0.54030717
0.65426239
0.63428264
0.60765512
0.47436607
0.33301289
0.37419914
0.47098716
0.48045445
0.32698752
0.35810619
0.38811294
0.53294732
0.31449046
0.26376649
0.28782267
0.47943736
0.33599495
0.30485605
0.36613697
0.50545612
0.35938754
0.36421196
0.53973090
0.56019308
0.41274953
0.57255350
0.38193443
0.30266480
0.33558327
0.40339855
0.40776678
0.33188585
0.45459571
0.37971027
0.55071947
0.28541330
0.28199614
0.29044665
0.31247595
0.56248262
0.35607673
0.28225345
0.30506355
0.47969361
0.42406443
0.36283071
0.32417527
0.45233714
0.34429781
0.26529318
0.38421102
0.40799733
0.34709167
0.29648813
0.30005072
0.28830550
0.32315598
0.33043246
0.24484325
0.31691489
0.39223872
0.32012994
0.41192822
0.37422395
0.31536481
0.44365660
0.39492169
0.29751867
0.23837159
0.23202184
0.40267474
0.29133674
0.31938979
0.48855685
0.42778864
0.34476494
0.40960952
0.35230829
0.45599468
0.51627485
0.45221347
0.35564483
0.37241527
0.48300472
0.52165485
0.54749279
0.46139920
0.36845553
0.41764845
0.38861230
0.34016121
0.38183711
0.57369886
0.34441923
0.33589393
0.33990778
0.46656957
0.49618261
0.46959736
0.58481940
0.52783270
0.62735564
0.43032881
0.35620649
0.34048770
0.37636077
0.49539091
0.57656852
0.47904245
0.48592384
0.37742896
0.37795440
0.30929797
0.35015641
0.59412359
0.49271757
0.42766710
0.41267428
0.46678623
0.40581552
0.53969160
0.44614438
0.46217425
0.46495699
0.52783073
0.35045463
0.39332321
0.41686220
0.32147711
0.32969576
0.29411330
0.27393689
0.47512341
0.50104007
0.46391719
0.28427597
0.28157467
0.44629008
0.32089156
0.28817985
0.31173010
0.39243480
0.41809998
0.27330586
0.27694850
0.46279830
0.49491414
0.54344436
0.37085139
0.39194376
0.49209578
0.50670093
0.50776852
0.41440455
0.35490686
0.36284289
0.37126109
0.47050641
0.50443481
0.48116496
0.48174866
0.43343459
0.49318792
0.50712080
0.52732164
0.47400192
0.57733871
0.36160912
0.59822873
0.37380913
0.35855021
0.53738990
0.60314387
0.52740713
0.68578370
0.52322907
0.61831470
0.54077843
0.50719607
0.48721616
0.40766979
0.59294473
0.31927160
0.38865159
0.54172272
0.35855061
0.32809835
0.33884702
0.30265029
0.33427401
0.49102163
0.37650440
0.38773908
0.40867249
0.37416684
0.44800452
0.47859078
0.54253141
0.43747150
0.43149339
0.28065377
0.24332240
0.25526965
0.44420022
0.30910952
0.26805547
0.24953089
0.28629821
0.41073032
0.38907351
0.29426363
0.44718402
0.40812206
0.47614079
0.36367881
0.24396581
0.24172706
0.33727883
0.50373758
0.40778363
0.32692798
0.33829415
0.51329060
0.54655259
0.54775172
0.66873430
0.54163689
0.35215015
0.43526087
0.49080306
0.42424731
0.37478498
0.38885440
0.28640010
0.45613917
0.27620718
0.26821907
0.26532165
0.30006611
0.39587212
0.45546352
0.43700985
0.36545307
0.27992972
0.31413690
0.43517034
0.56253226
0.59319322
0.60739698
0.56105791
0.43291416
0.36580219
0.40368282
0.47319389
0.30580766
0.29980467
0.35919090
0.29947619
0.18561601
0.18345876
0.21729424
0.21372079
0.22812905
0.20480957
0.29069523
0.39061576
0.41703659
0.28347908
0.19367619
0.20784097
0.43377180
0.28495484
0.26772381
0.21153912
0.26027180
0.33795187
0.30180016
0.27131573
0.34601682
0.37666258
0.18110201
0.40839021
0.20063495
0.18115400
0.18608995
0.39256101
0.27299015
0.23398601
0.30254327
0.30246267
0.20391420
0.20666567
0.25252431
0.30968430
0.27625012
0.29356487
0.33048938
0.26488454
0.28405914
0.31719607
0.36189897
0.39806147
0.42183807
0.43430162
0.40846034
0.41721197
0.35407082
0.41210726
0.36804203
0.32570168
0.37082713
0.33607038
0.39703407
0.33527985
0.27984872
0.36681509
0.52337459
0.51350538
0.45115841
0.39413264
0.42176348
0.48143612
0.48386023
0.31027978
0.42730912
0.48774978
0.51510887
0.35800944
0.44402726
0.43668380
0.45922820
0.40651280
0.42377972
0.35252582
0.17294426
0.17607100
0.19172113
0.36281342
0.24088688
0.18469641
0.18407173
0.32103184
0.27490767
0.20928116
0.23252258
0.28432215
0.31878240
0.39074642
0.26520843
0.35535311
0.39111890
0.34764889
0.40294542
0.47874345
0.40896844
0.31707673
0.25925921
0.42986172
0.51285661
0.36700498
0.23455422
0.28862930
0.33976505
0.23780574
0.29112818
0.28892405
0.28641348
0.31430750
0.30909852
0.26119213
0.21389606
0.23143938
0.24768556
0.26438473
0.38443731
0.40245433
0.43631280
0.38685451
0.33893432
0.34417555
0.25969799
0.33528866
0.28589273
0.28892805
0.20655476
0.19759771
0.38345858
0.29096847
0.27298670
0.20433103
0.22706777
0.27211201
0.20590954
0.28867995
0.44723473
0.32204360
0.28976209
0.29143279
0.25537756
0.20784112
0.25053227
0.30180361
0.14890996
0.16738242
0.18325780
0.17930555
0.18241694
0.20884488
0.14612829
0.12122596
0.16460594
0.21770364
0.15491461
0.11854442
0.13270957
0.22359313
0.25932854
0.22611649
0.16345999
0.22596750
0.31588830
0.26241765
0.15218666
0.28001860
0.25687007
0.22542294
0.17949144
0.16458566
0.16275997
0.19577909
0.21498479
0.33192399
0.35248090
0.33702615
0.34847166
0.39978816
0.27467431
0.30134889
0.52682049
0.57254505
0.41676190
0.45189626
0.46489113
0.53319094
0.54611894
0.52624438
0.53977345
0.42609890
0.27193753
0.29707656
0.35788452
0.31184772
0.31855993
0.38605655
0.20457251
0.20858211
0.18905768
0.19666217
0.20119556
0.17446893
0.15602055
0.14281637
0.13632096
0.11112200
0.09894152
0.18379488
0.25905653
0.11937135
0.14487178
0.21047126
0.16045211
0.13523021
0.10032164
0.05692828
0.04777588
0.05747482
0.12826452
0.06980868
0.09250413
0.10790106
0.09079110
0.10697481
0.16226362
0.22471579
0.11386949
0.07374669
0.06361191
0.08286018
0.19887287
0.15329996
0.26396205
0.27975688
0.16262989
0.20956430
0.21051171
0.24476323
0.26880865
0.29254313
0.46519709
0.31799091
0.32548186
0.33933363
0.40913679
0.38631006
0.36783063
0.29971316
0.32098167
0.26215589
0.23336578
0.31584479
0.40271416
0.47861435
0.48195206
0.50667596
0.29783502
0.34927692
0.36168305
0.39658480
0.36137412
0.29399051
0.28842829
0.22979816
0.28573331
0.45066260
0.28455340
0.31373425
0.49313705
0.46306101
0.40178982
0.52146583
0.37864978
0.46313009
0.53839700
0.38522633
0.41239864
0.34079668
0.39867580
0.51818313
0.32975460
0.39013745
0.53037241
0.47919602
0.34762262
0.50194120
0.32091003
0.28879827
0.36468942
0.50281273
0.43053327
0.28021563
0.31115448
0.36511635
0.38791040
0.46983838
0.39523875
0.45893201
0.37762199
0.30386016
0.28507872
0.31137865
0.32880166
0.44830076
0.31976938
0.29989390
0.40365738
0.35733519
0.32776562
0.45221265
0.53983407
0.35703759
0.28386517
0.44414380
0.44416180
0.36703084
0.43903812
0.53472954
0.55056336
0.45049893
0.53992989
0.47026271
0.38828419
0.30298555
0.33967555
0.41922584
0.45195249
0.43389808
0.40054494
0.41202007
0.40078393
0.47693221
0.49922818
0.52562528
0.49199950
0.34565233
0.39828432
0.47617629
0.44755463
0.58007773
0.55652896
0.54603320
0.64353424
0.52888195
0.64975251
0.62521309
0.61706915
0.57135878
0.62308003
0.58034302
0.54012331
0.49390383
0.55333820
0.50751559
0.51376820
0.64167308
0.66021605
0.70307926
0.59932693
0.44377412
0.51669339
0.63880471
0.62956370
0.53556677
0.50545459
0.45301742
0.47949825
0.54847062
0.72224130
0.71100388
0.66825772
0.72721353
0.69674395
0.55940162
0.65306765
0.72682320
0.70512296
0.63770190
0.60135658
0.74607626
0.61007568
0.69298777
0.72269552
0.70992234
0.64156275
0.59597175
0.67456599
0.64422133
0.63126475
0.69475394
0.76217817
0.72146570
0.69694073
0.79537471
0.73780742
0.74138713
0.80164781
0.85930677
0.81334911
0.84943797
0.82664851
0.84551677
0.87854391
0.89030543
0.86453755
0.86564102
0.89624391
0.89857925
0.90007989
0.90877291
0.89298751
0.85661862
0.86591222
0.77745871
0.77951410
0.85188440
0.84236068
0.80083854
0.79427210
0.80956399
0.82084304
0.83467463
0.82972982
0.81917003
0.83310996
0.82208785
0.86803785
0.87898771
0.89773601
0.91832286
0.93090975
0.91984935
0.93933543
0.93900077
0.88184010
0.88358011
0.93705405
0.91162335
0.89577810
0.90470160
0.91863585
0.92420258
0.92185402
0.94351178
0.94694189
0.94229416
0.95033580
0.95796975
0.96526522
0.97178278
0.94786661
0.93050966
0.96336608
0.95103194
0.95836486
0.96325811
0.96834375
0.98003173
0.96271347
0.97773692
0.98155867
0.97565875
0.97060342
0.96996377
0.97143125
0.97715596
0.96247499
0.95740823
0.95909761
0.96779456
0.96613550
0.97077999
0.97412482
0.97634449
0.97152681
0.97242529
0.97309286
0.97418834
0.96844260
0.96092607
0.97016107
0.98016402
0.98478858
0.98731292
0.98794390
0.97699531
0.97651262
0.98216106
0.98966310
0.98966023
0.99099806
0.99081210
0.99096475
0.99005186
0.99142902
0.99159813
0.98957707
0.98829226
0.99058556
0.98985411
0.98866750
0.98985300
0.98958765
0.98919546
0.99025098
0.98905506
0.99021426
0.98981971
0.98972825
0.98780202
0.98611802
0.97976768
0.97314357
0.96877462
0.97766027
0.98378050
0.98116146
0.97992672
0.98439684
0.98780869
0.98657244
0.98778207
0.98823917
0.98752935
0.98613390
0.98493876
0.98758973
0.98824335
0.99073237
0.98882482
0.98901508
0.98765683
0.98547155
0.98733533
0.99054780
0.98959148
0.99000842
0.98745740
0.98734050
0.98981627
0.98857059
0.98972383
0.98405492
0.98310568
0.97985173
0.98319989
0.98648630
0.98966242
0.99109278
0.98811780
0.98962966
0.99085790
0.98825073
0.99124705
0.99036885
0.99102214
0.99262506
0.99325024
0.99119744
0.99101369
0.99231160
0.99349442
0.99056891
0.98723620
0.98374978
0.98856203
0.99078444
0.98696069
0.98378376
0.98391983
0.98436161
0.98869103
0.98765602
0.98505714
0.98407886
0.98456185
0.98111818
0.98299216
0.98283987
0.97822752
0.98146759
0.98413511
0.98584601
0.98776588
0.98701093
0.99008140
0.98781900
0.98930391
0.98915250
0.98926097
0.98976375
0.98693415
0.98266071
0.98092226
0.98220332
0.97702295
0.98188645
0.97947808
0.97653427
0.97964134
0.98293167
0.98313556
0.98437724
0.98847057
0.98661216
0.98135752
0.97178085
0.96989102
0.97042456
0.97070828
0.97644693
0.97312041
0.98096573
0.98305890
0.98578126
0.98611414
0.98959390
0.98942177
0.98401814
0.97435445
0.97735066
0.98756504
0.98020147
0.97969839
0.98285695
0.98332746
0.98189849
0.98606150
0.99006587
0.98815283
0.98833301
0.99149421
0.98892582
0.98810826
0.98281955
0.98284141
0.98433006
0.98298273
0.98907807
0.98672245
0.98610979
0.98798063
0.98911988
0.99013126
0.98638133
0.98848105
0.98980962
0.99204762
0.99147513
0.99136515
0.98698873
0.98628153
0.99209351
0.99403085
0.99211261
0.99032146
0.98648562
0.98940548
0.99064183
0.99036202
0.99227152
0.99279451
0.99328190
0.99520844
0.99427362
0.99413816
0.99492781
0.99293056
0.99386788
0.98917275
0.97950913
0.97793539
0.98413684
0.98465571
0.98519176
0.98365013
0.98326296
0.96631408
0.97223446
0.98023313
0.97875096
0.98372018
0.98928263
0.99115326
0.99091466
0.99197990
0.99399900
0.99372469
0.98698688
0.99081756
0.99419696
0.98997709
0.98926397
0.99040510
0.99013155
0.99009362
0.98809868
0.98783534
0.98572132
0.98029938
0.98449825
0.98716089
0.98662619
0.98672142
0.98601112
0.98840021
0.99051498
0.98820543
0.98173736
0.97858401
0.98572911
0.99169875
0.99189467
0.99034088
0.98712631
0.98707862
0.98939105
0.99011939
0.98950883
0.98998374
0.99188627
0.99373037
0.99415436
0.98976413
0.99288250
0.99479732
0.99369594
0.99333011
0.99305084
0.99521292
0.99390098
0.99538427
0.99390646
0.99524392
0.99152484
0.98428214
0.97936585
0.98501307
0.98825904
0.98222159
0.98388607
0.98583248
0.97807819
0.97094453
0.98365477
0.98258983
0.97233311
0.96276644
0.97618519
0.97761738
0.97262286
0.97123356
0.98067495
0.98413656
0.98462876
0.97868400
0.98414950
0.97822745
0.97937827
0.98337737
0.97332046
0.97601705
0.97231738
0.97645202
0.97762304
0.98142220
0.98157462
0.97277850
0.95846980
0.97317911
0.97567175
0.98105586
0.95884285
0.94666391
0.97482375
0.96907706
0.96566223
0.96381086
0.96323753
0.96136359
0.96244769
0.97674156
0.98226895
0.97088899
0.95020776
0.94310092
0.94597973
0.96400783
0.96589765
0.96593393
0.94522560
0.88745268
0.86219415
0.84751370
0.86092159
0.93262192
0.94027601
0.94458325
0.92632768
0.92446542
0.85627041
0.86874010
0.86219980
0.86998726
0.92092027
0.82131306
0.80263212
0.86231964
0.86931263
0.84383739
0.86680939
0.88247561
0.81842689
0.74227730
0.80498542
0.79490050
0.79049287
0.83359119
0.87170278
0.81366138
0.72531034
0.71038945
0.77449889
0.83530548
0.85539631
0.76844264
0.80795146
0.85575464
0.76443444
0.79027090
0.77403956
0.74645197
0.82177250
0.83627206
0.85250237
0.77990829
0.74638150
0.70182676
0.73693502
0.86786007
0.80117472
0.83909610
0.85163818
0.82914081
0.73836862
0.78511914
0.77249592
0.66111761
0.72235302
0.77538684
0.79039450
0.80629209
0.77178151
0.79739497
0.81687026
0.73754979
0.62841060
0.66906048
0.78982498
0.70490786
0.63097101
0.66849499
0.78020248
0.82032469
0.71912832
0.67098124
0.66570183
0.76510625
0.63417317
0.62873709
0.77116618
0.73634698
0.60992964
0.53003641
0.63694435
0.60896912
0.56941584
0.71096567
0.54397930
0.58680072
0.69393602
0.71644832
0.54793029
0.63905276
0.45071242
0.38813652
0.47811024
0.63367221
0.47906485
0.39181834
0.44620138
0.60697737
0.58129946
0.40222572
0.48530975
0.50622773
0.39684061
0.30919489
0.47841222
0.55629109
0.55741976
0.33658117
0.29369957
0.43060308
0.47227410
0.54157313
0.38582864
0.29275775
0.26765904
0.28158800
0.20102673
0.16979145
0.24472761
0.23378932
0.13783089
0.25861822
0.24413473
0.19969981
0.29873711
0.23183249
0.37645744
0.18891804
0.17038330
0.13154649
0.18067792
0.24008956
0.27635122
0.31541736
0.34039799
0.43831891
0.45524249
0.50734538
0.43023066
0.35043227
0.30838482
0.45930286
0.37883653
0.32643955
0.42078191
0.52204911
0.40759548
0.29751281
0.43579888
0.30892265
0.28563569
0.36033150
0.46677002
0.43996317
0.44643648
0.25434437
0.16429724
0.13719405
0.30404595
0.25028996
0.15395954
0.09834002
0.09055341
0.14781594
0.09860854
0.09099204
0.11202586
0.04183855
0.04024835
0.04109916
0.08976072
0.19402358
0.12947994
0.07325079
0.06721854
0.05835539
0.13874550
0.09486180
0.14824418
0.11456431
0.15378748
0.07066658
0.07924390
0.07455931
0.07490990
0.09325330
0.10873125
0.15255206
0.12125475
0.12256857
0.16254235
0.24835338
0.19292870
0.16364725
0.10596116
0.11055572
0.08109060
0.09830974
0.09987718
0.20557498
0.08166713
0.11596493
0.22633334
0.07750974
0.05181529
0.03607902
0.04089281
0.15460543
0.08593330
0.06411803
0.03341640
0.14364408
0.04563087
0.07757466
0.03928807
0.03196924
0.11860437
0.15725171
0.09543298
0.07178986
0.07884661
0.09185793
0.15185327
0.07196760
0.03722312
0.03218697
0.04125351
0.16694487
0.12496479
0.14424690
0.13384744
0.14044230
0.05235334
0.06440058
0.06790477
0.05114475
0.06539291
0.04008863
0.05692893
0.20187806
0.03729940
0.04172616
0.09383685
0.06293184
0.06598549
0.07577241
0.04077098
0.03933957
0.10772859
0.03987775
0.04300289
0.13759752
0.13861836
0.09681674
0.04751144
0.05476777
0.14197640
0.13371528
0.04441736
0.04804368
0.04750826
0.04891303
0.08262466
0.13213853
0.06086495
0.09739800
0.08390447
0.04332831
0.03731451
0.03023735
0.02869127
0.03501701
0.14424809
0.04003831
0.16712873
0.06612603
0.08077107
0.17266271
0.17033587
0.17389567
0.07986349
0.10919683
0.07336184
0.08148337
0.02935137
0.02861828
0.03964508
0.06158721
0.05061350
0.04271721
0.05190923
0.05059650
0.12599968
0.05008701
0.05284043
0.04516841
0.08325815
0.08999312
0.23743977
0.04161114
0.04483711
0.06024100
0.06154681
0.14539333
0.21464662
0.06962813
0.08126605
0.08600230
0.08683418
0.11810157
0.10406484
0.04523268
0.03257680
0.04329595
0.03579828
0.05312805
0.07080107
0.17037553
0.05898885
0.06591678
0.04917582
0.03857661
0.03860700
0.05592517
0.10892741
0.09295408
0.03015323
0.08878995
0.05378471
0.07077062
0.07495433
0.04474313
0.04848686
0.04102738
0.04183980
0.14881736
0.10655734
0.06922377
0.03794391
0.06278525
0.11744248
0.05195995
0.05155126
0.07906589
0.06926364
0.04248505
0.03891713
0.15279323
0.04489636
0.05121185
0.04520135
0.05407021
0.05633155
0.06548286
0.05985056
0.06127533
0.06172046
0.09061871
0.08555796
0.17963716
0.08397764
0.03148094
0.05159705
0.07966554
0.19352050
0.09451244
0.06853810
0.06873344
0.06799691
0.11473026
0.16270433
0.19566907
0.14392075
0.11432602
0.20682623
0.09238999
0.12498567
0.15118074
0.05444983
0.06010618
0.09063152
0.14372434
0.08675890
0.08963395
0.07028863
0.07383195
0.09091574
0.10146827
0.29491179
0.11486825
0.09270540
0.08348478
0.06272279
0.06838467
0.10397233
0.15209079
0.12791358
0.13479368
0.13150358
0.16765371
0.22628133
0.22104590
0.11028759
0.11066208
0.14783628
0.28289023
0.12488570
0.13362985
0.16369260
0.19494586
0.15855020
0.16919973
0.28009965
0.11778731
0.19767653
0.10938687
0.10174528
0.10731662
0.10634720
0.10394989
0.12942775
0.15931457
0.21629308
0.13638645
0.21521147
0.25371385
0.27109864
0.17264896
0.25393886
0.14749793
0.14662611
0.23961120
0.18040278
0.13663813
0.13950182
0.14775621
0.17356103
0.23439747
0.42336784
0.22077615
0.19113762
0.16151427
0.15762564
0.13916905
0.09767706
0.08873778
0.08531992
0.07490947
0.07521329
0.07932028
0.07948959
0.10866811
0.14296488
0.26856698
0.10341208
0.13154232
0.10162778
0.09636350
0.12351071
0.12432850
0.18713966
0.14303969
0.18181530
0.23031509
0.17607503
0.18399170
0.28743271
0.31874233
0.23060233
0.15457572
0.19304217
0.17767909
0.15868309
0.20636189
0.10982046
0.13450070
0.09432822
0.09827837
0.10476098
0.16632271
0.22043203
0.14153017
0.15811550
0.08052139
0.17262880
0.12072706
0.06380178
0.04951516
0.06434736
0.09121200
0.09681490
0.08466715
0.08251516
0.06955780
0.07370689
0.23122592
0.11480844
0.22409495
0.11039999
0.11303721
0.09128728
0.08264099
0.07145312
0.09464190
0.11899958
0.13041598
0.11212938
0.07938549
0.11192640
0.09403010
0.09714000
0.15650612
0.12525423
0.22439788
0.25676709
0.24703659
0.11457156
0.09778347
0.09898130
0.13713006
0.14249810
0.11300822
0.09342787
0.12606915
0.08034616
0.08473976
0.09647947
0.13331757
0.10197883
0.06861226
0.07453985
0.10045867
0.10102047
0.12520845
0.13100357
0.07415735
0.08296741
0.06382767
0.06405827
0.06052687
0.06319985
0.04673461
0.05261790
0.09287261
0.14192218
0.06090325
0.05056604
0.05748744
0.04174806
0.05709657
0.08815521
0.08100077
0.13431148
0.12689627
0.08098348
0.05157377
0.04487490
0.05196009
0.07672878
0.04701053
0.06245393
0.07679051
0.04337772
0.04383798
0.13408126
0.19521830
0.17459207
0.11931899
0.11131523
0.09820209
0.08259267
0.10300905
0.10114465
0.08221329
0.08071590
0.11559537
0.17937110
0.09793344
0.10247143
0.16419804
0.12572941
0.08248873
0.08377505
0.11272946
0.05823214
0.05929196
0.03864593
0.04540565
0.05429954
0.05107453
0.04323331
0.05034193
0.06465715
0.09580825
0.07088377
0.07872939
0.08797739
0.08900326
0.08940380
0.07790090
0.12952644
0.11968878
0.09089805
0.08691171
0.16212323
0.10808497
0.06457913
0.05279360
0.05940184
0.04742940
0.07577333
0.06600326
0.04805150
0.05547844
0.04828342
0.05914392
0.03921818
0.09295402
0.05726265
0.13875376
0.07521288
0.09566842
0.08249089
0.05536882
0.05212357
0.05297902
0.04859364
0.07009238
0.07555563
0.19742518
0.04761404
0.03802511
0.05020967
0.10189723
0.05958054
0.04790170
0.05256905
0.10090396
0.10991115
0.11195716
0.05525460
0.06028191
0.06299519
0.06780638
0.06271734
0.05157154
0.05309111
0.04856544
0.13951868
0.08135153
0.06428569
0.06345768
0.08264565
0.10272689
0.14816846
0.09155252
0.06171158
0.09324210
0.17372151
0.18249602
0.20053749
0.10716285
0.16317707
0.10781015
0.04266634
0.04630493
0.05866962
0.07174544
0.07228300
0.14295470
0.19383705
0.05663651
0.06351926
0.06164607
0.07304928
0.08818435
0.09971930
0.09137219
0.12254312
0.09223364
0.10276625
0.12031444
0.16726204
0.17434831
0.14408246
0.13976116
0.13837239
0.16663725
0.15132025
0.30375419
0.17015322
0.15019434
0.16354769
0.15688889
0.17451122
0.14848492
0.12300102
0.14125673
0.17272725
0.24001211
0.30237507
0.13921936
0.17559923
0.16900683
0.17889287
0.19045119
0.18882524
0.18027930
0.14795398
0.16155738
0.17315900
0.24436015
0.16003110
0.15364985
0.19050670
0.15550794
0.12621777
0.10541060
0.10226323
0.11970499
0.11989351
0.13067540
0.11825775
0.10508390
0.11005811
0.12293387
0.11477571
0.11234225
0.10743043
0.19138451
0.09012220
0.09562941
0.09952401
0.12263222
0.11694673
0.11636344
0.18339128
0.12747337
0.14102171
0.22044177
0.21032383
0.11222628
0.10436732
0.13240244
0.12336360
0.10084548
0.09712925
0.08983905
0.20891737
0.11617679
0.15086666
0.14063808
0.25430922
0.20709656
0.10409712
0.11339072
0.14635837
0.07645169
0.10297399
0.07685495
0.11946528
0.11187342
0.05564335
0.05373921
0.06242344
0.05656433
0.06554460
0.05231781
0.06856705
0.17778803
0.13101917
0.20106747
0.15187121
0.05730177
0.04381699
0.06039002
0.05508528
0.05877032
0.09679516
0.07829876
0.07871561
0.12791706
0.07293717
0.05443498
0.05697184
0.12928288
0.12301725
0.17518392
0.06721909
0.05788861
0.05289369
0.09309124
0.12050548
0.07382052
0.16640344
0.10171901
0.11029788
0.18319076
0.24800445
0.17690430
0.09629654
0.08150546
0.07701612
0.20699086
0.17970937
0.13543237
0.16381651
0.27490686
0.31023046
0.13420312
0.10376231
0.11177091
0.15048795
0.18336106
0.28527219
0.18474442
0.18581070
0.19866998
0.22709209
0.19210138
0.16288105
0.17724242
0.10519830
0.11526366
0.11987571
0.10212878
0.09542166
0.10271921
0.12698405
0.15830253
0.14076778
0.14729261
0.14907265
0.12607094
0.13406407
0.14385744
0.14507785
0.13808268
0.14094485
0.33825275
0.17018367
0.14081600
0.10414864
0.14035059
0.12691795
0.12554217
0.13772741
0.22717762
0.16684716
0.09213828
0.12827998
0.15046108
0.27872079
0.13711692
0.09600346
0.10016553
0.15178640
0.21823693
0.15162956
0.20077757
0.28909611
0.19838813
0.19191515
0.23826339
0.11726818
0.12528747
0.28531512
0.21964740
0.13063409
0.13436799
0.13701934
0.18529009
0.17841603
0.16298596
0.24251575
0.21776282
0.19040335
0.18309867
0.15899938
0.15594104
0.11373262
0.10452458
0.08898172
0.11233310
0.23644605
0.17565159
0.16899241
0.13305487
0.10515306
0.08096038
0.07298778
0.07288100
0.19153470
0.10076028
0.07990291
0.22002022
0.09842277
0.08910862
0.08449436
0.06886131
0.06443910
0.06838141
0.09895545
0.10122695
0.06710446
0.06210583
0.08608281
0.06923001
0.08963324
0.14732066
0.27615049
0.27879058
0.19350201
0.23595852
0.29647345
0.32454488
0.20097300
0.11080318
0.27177083
0.12935955
0.08517865
0.08152685
0.08812843
0.11438587
0.16156342
0.14042924
0.12416914
0.10792909
0.14430777
0.11576413
0.12616462
0.10493696
0.19774045
0.07118998
0.06191937
0.14659388
0.09380073
0.09555724
0.11105928
0.08565490
0.13465454
0.13089427
0.08806506
0.06194769
0.15627861
0.11648774
0.18621939
0.12280216
0.13830317
0.09341858
0.07427463
0.11333689
0.22807629
0.10768113
0.16675220
0.06142571
0.07410070
0.07140883
0.07678876
0.14433459
0.07324630
0.06314774
0.07717453
0.08407977
0.08314932
0.07443639
0.18100548
0.09515804
0.08384717
0.10952358
0.17048128
0.18640206
0.20165901
0.14147470
0.11393527
0.11330056
0.16700383
0.10754031
0.10551703
0.10960598
0.12138757
0.18861968
0.15947978
0.20178167
0.21759519
0.14544631
0.15244222
0.19743861
0.22088942
0.29224875
0.32346285
0.26245024
0.31834734
0.33822631
0.23794112
0.22269532
0.22785103
0.35868769
0.21201184
0.20101917
0.26452250
0.23703286
0.13870848
0.19479106
0.13522575
0.15867418
0.14316571
0.11418296
0.12661143
0.23152654
0.32457277
0.17218662
0.20403903
0.21099034
0.17950883
0.18594644
0.20425043
0.22045742
0.15194008
0.18592401
0.23989115
0.25793477
0.23355766
0.31969742
0.30490636
0.39476352
0.31671537
0.33507607
0.30352066
0.38139121
0.41999709
0.45040794
0.36408449
0.42406314
0.52560730
0.46765892
0.41078386
0.39546059
0.40005301
0.32609022
0.33172636
0.37484149
0.36640136
0.40526420
0.51402206
0.52397752
0.38929360
0.25242142
0.23255786
0.33824606
0.30397518
0.28089348
0.15245378
0.14271138
0.15594038
0.24477648
0.23479342
0.32507930
0.17821951
0.15323237
0.18930033
0.30037858
0.21388570
0.23823882
0.37525717
0.29533955
0.27501059
0.46148658
0.31876112
0.27388325
0.30257788
0.37189027
0.25733804
0.20938059
0.23050280
0.27857214
0.25812159
0.28276690
0.39610288
0.45988027
0.41504739
0.37026517
0.52286953
0.43042995
0.33406178
0.50978930
0.44762152
0.51735858
0.44551478
0.54393759
0.58260358
0.56325614
0.54243364
0.51985456
0.57553455
0.42082254
0.50650327
0.39651596
0.43686033
0.61839006
0.51696203
0.47067154
0.47244926
0.48296164
0.65242556
0.62017922
0.59477517
0.62945513
0.66729940
0.62847230
0.47837775
0.61448401
0.64441957
0.64876086
0.54816575
0.58146043
0.60570679
0.67573809
0.68343268
0.64902831
0.65200168
0.70573568
0.59209941
0.64932188
0.67615288
0.62153440
0.58280630
0.64723462
0.71310237
0.69684408
0.63775783
0.74096863
0.77054244
0.74638645
0.72315329
0.65440497
0.68291721
0.77877598
0.75213630
0.74294206
0.80180916
0.81046736
0.74902758
0.76913647
0.74076111
0.76745248
0.82580808
0.77451452
0.74053542
0.78109821
0.78354342
0.79167803
0.82975231
0.82619563
0.84188525
0.79950338
0.82996091
0.82000010
0.79298833
0.79200857
0.82648468
0.80619734
0.82320889
0.81096762
0.80268758
0.80503742
0.81494665
0.80854919
0.85842410
0.88043410
0.87895619
0.84679238
0.84630286
0.84996465
0.87667076
0.86175115
0.86542559
0.86137180
0.87177992
0.90856374
0.93243296
0.91472903
0.92390168
0.93187788
0.94117882
0.91770856
0.89254989
0.91044654
0.92709323
0.94182009
0.93085216
0.92340902
0.91709815
0.92200610
0.93663089
0.94601584
0.93543643
0.92510672
0.94102066
0.93859188
0.94568924
0.93680054
0.94560352
0.94740628
0.93889343
0.93676867
0.94216107
0.93633489
0.93933911
0.94763439
0.95290510
0.96651951
0.97004113
0.96232867
0.95957281
0.94806443
0.96344249
0.96731119
0.96280655
0.96380380
0.97165676
0.96902424
0.96483775
0.98090699
0.97216404
0.96565389
0.97162731
0.97552163
0.97465955
0.97348172
0.97354925
0.97609115
0.97492587
0.97472823
0.97556477
0.96664922
0.97157704
0.97788004
0.97879622
0.98038945
0.97942235
0.97991806
0.96915346
0.95164923
0.94699587
0.95695499
0.95610308
0.94953579
0.94615418
0.94058450
0.94441045
0.93986170
0.94712176
0.94305325
0.94954018
0.96364304
0.96973504
0.97403846
0.97494736
0.97660493
0.97937031
0.97532625
0.97678632
0.97692133
0.98312665
0.98556099
0.98486941
0.98155837
0.98044843
0.97765350
0.97884931
0.98251232
0.98431018
0.98322429
0.98360546
0.98544472
0.98305115
0.98632700
0.98825678
0.98959917
0.98951283
0.98877006
0.98899950
0.98862393
0.98594555
0.99121266
0.99233311
0.99088119
0.99338575
0.99189541
0.98937693
0.99146379
0.99305742
0.99322556
0.99113867
0.98819339
0.98977864
0.99063370
0.99214319
0.99284058
0.99110247
0.99134576
0.99130125
0.98566606
0.98459235
0.98750637
0.98678728
0.98652576
0.98524880
0.98363277
0.98171282
0.98178011
0.98016449
0.98060032
0.98110440
0.97524992
0.97739969
0.97870638
0.97106303
0.97439722
0.97329359
0.97318364
0.97526992
0.97373632
0.97183513
0.97263534
0.96865719
0.96630347
0.97184062
0.96835701
0.96605950
0.96615730
0.96446013
0.96271120
0.96609391
0.97158345
0.97545365
0.97579881
0.98169497
0.97936991
0.96957108
0.97495076
0.97556546
0.97757792
0.97829173
0.97670867
0.97294019
0.96968599
0.96615873
0.96526536
0.96881416
0.97254457
0.97477629
0.96776495
0.96249629
0.95121175
0.95335125
0.95117201
0.96703885
0.97124218
0.96525282
0.97250964
0.96513037
0.96410881
0.96210616
0.97051924
0.97047959
0.97305883
0.97356811
0.97542199
0.97894967
0.97934584
0.98060857
0.98020785
0.97763487
0.97466059
0.96765693
0.95306293
0.94826293
0.95067911
0.95085066
0.94881995
0.94947582
0.94406693
0.94654461
0.95374136
0.95473199
0.95598618
0.95898159
0.96157813
0.95514920
0.95034091
0.95176861
0.95014758
0.95215860
0.96275954
0.97322014
0.97748995
0.98092683
0.98444304
0.98532949
0.98328301
0.97661323
0.97446152
0.97193218
0.97757067
0.97840625
0.97936060
0.97972346
0.97836228
0.96937636
0.97192513
0.96936720
0.96676806
0.96440748
0.97028168
0.97057471
0.97181660
0.96987128
0.97180028
0.97483741
0.97432463
0.97677750
0.97859260
0.97276013
0.97306597
0.98257881
0.98801097
0.98917595
0.99171181
0.99178926
0.99135107
0.99207314
0.99144690
0.98967295
0.99017586
0.98907717
0.98703428
0.98872903
0.98615544
0.98222275
0.98441650
0.98487134
0.98855257
0.98597160
0.98381981
0.98431414
0.98250182
0.97971421
0.98187787
0.98631298
0.98453335
0.98433134
0.98430444
0.98476756
0.98802111
0.98563618
0.97868764
0.97801035
0.98097987
0.98371266
0.98794473
0.98809268
0.98769391
0.98419791
0.98416053
0.98535743
0.98069896
0.97274201
0.97330150
0.97791959
0.97663967
0.97501662
0.96911927
0.97072566
0.97530414
0.97639336
0.97741399
0.97918047
0.98085468
0.97869303
0.97042394
0.97380816
0.97634207
0.96787163
0.96791124
0.96725822
0.96543409
0.96122947
0.95881060
0.95556584
0.95343232
0.96286033
0.96268140
0.96650096
0.97169648
0.97225993
0.97450304
0.98155347
0.98438625
0.98500591
0.98189989
0.98014414
0.97806358
0.97465953
0.97149826
0.97520842
0.97245260
0.97188602
0.97210723
0.97531982
0.97626207
0.97890603
0.97858316
0.97711780
0.97663673
0.97891570
0.97617593
0.96743335
0.96370727
0.96362445
0.95408455
0.94740627
0.94681551
0.94303994
0.93929836
0.93841724
0.94181433
0.94644037
0.94447677
0.94424602
0.94439720
0.94264084
0.93861977
0.93295059
0.94033644
0.93922652
0.93871154
0.94499460
0.94536855
0.94007284
0.94241416
0.94732518
0.94435548
0.93857106
0.95305118
0.95775328
0.96210525
0.95325805
0.94652212
0.94868283
0.94724772
0.94726510
0.96215847
0.96967177
0.97134382
0.97229944
0.97810432
0.97189313
0.96660797
0.97086482
0.97398251
0.97279061
0.97424057
0.97669454
0.97529101
0.96102140
0.96818112
0.97655789
0.94019664
0.93248206
0.96592752
0.95095341
0.95200116
0.93989663
0.92462891
0.90185689
0.89296271
0.84166996
0.84421373
0.91943845
0.94091182
0.94868065
0.92236160
0.92578636
0.93366854
0.91296413
0.90581605
0.87426123
0.83946972
0.74924525
0.76793792
0.76295457
0.77454363
0.80130476
0.83627047
0.76528346
0.76547676
0.76947654
0.78013308
0.83508175
0.90104510
0.83300116
0.80904051
0.82678542
0.83636221
0.84282814
0.83133738
0.86848742
0.83246202
0.80548390
0.78328576
0.77269022
0.76002921
0.79261731
0.83688126
0.88328300
0.77185374
0.72839101
0.77314721
0.84495125
0.88426523
0.85786841
0.79973855
0.78105660
0.74346986
0.64149616
0.63576130
0.69359957
0.76220228
0.68668797
0.61521136
0.58556768
0.60948581
0.64420288
0.60469467
0.71465944
0.70616365
0.68270108
0.62643772
0.63771559
0.46722078
0.48248661
0.55968946
0.60876873
0.56089800
0.55681257
0.60671574
0.70660089
0.66306927
0.65793508
0.68766130
0.74638030
0.68617546
0.59464499
0.54001238
0.63951006
0.72845340
0.76290075
0.72653470
0.65253039
0.56238622
0.50505485
0.59616216
0.67579986
0.47414752
0.49799143
0.27795602
0.32144655
0.28332693
0.27085979
0.28761483
0.35380691
0.47240646
0.42700865
0.41522569
0.37010038
0.33567742
0.30974780
0.32098337
0.25695902
0.26389704
0.29285471
0.32257156
0.31969319
0.41468435
0.51718840
0.40617082
0.38032452
0.26949495
0.28178067
0.35753709
0.42189703
0.57431455
0.61304681
0.37821268
0.34246076
0.39723507
0.43389310
0.37114207
0.38253519
0.51289456
0.56456784
0.41306522
0.33541628
0.31107064
0.43931027
0.40993361
0.35982137
0.35539865
0.33054301
0.35770030
0.52352598
0.36564884
0.35732639
0.37373594
0.53294606
0.51711487
0.57451636
0.47339315
0.43269310
0.41097904
0.33835137
0.36530839
0.30095787
0.26878943
0.24524548
0.20437819
0.18460965
0.22449738
0.17005337
0.21901006
0.24525017
0.28954707
0.16885452
0.16497737
0.29961150
0.34801221
0.22571173
0.17976528
0.20462930
0.20897413
0.24453677
0.30368798
0.34549586
0.17432335
0.13365965
0.11343003
0.08814210
0.13312367
0.20544411
0.30371858
0.22619740
0.30178317
0.16112319
0.19464050
0.20928204
0.40006525
0.44225212
0.25341098
0.33070294
0.24587050
0.19805128
0.19588300
0.19377243
0.19876773
0.20739135
0.30041024
0.39067819
0.35779358
0.38812836
0.32357364
0.27385362
0.30800063
0.36355038
0.26721493
0.30894937
0.22153116
0.22772778
0.23041526
0.34037869
0.30795669
0.33332451
0.19859931
0.16612006
0.18958034
0.23353141
0.22762547
0.18346430
0.17917676
0.17932774
0.16648616
0.26639369
0.30501542
0.10706904
0.07758785
0.08366461
0.09404945
0.14094071
0.10086042
0.07070971
0.06725640
0.06314088
0.11258131
0.20492616
0.18700986
0.29667161
0.31098671
0.25818965
0.31398255
0.24172237
0.22379941
0.23626018
0.23808201
0.27046706
0.34043085
0.30627771
0.31085028
0.19797370
0.28272611
0.27053405
0.24505827
0.39245648
0.25754506
0.30839001
0.17151172
0.18879959
0.20683067
0.34185096
0.21242038
0.16010931
0.18215763
0.18946679
0.13694259
0.12322042
0.13335625
0.16750439
0.16837216
0.20097488
0.37317978
0.26078576
0.24973342
0.33297701
0.20663263
0.14985330
0.18764160
0.19496762
0.20215474
0.38192655
0.31035741
0.23753016
0.18188354
0.21140673
0.27830846
0.24742348
0.21932352
0.26169671
0.27666697
0.24291464
0.20937128
0.21555651
0.25562478
0.39305017
0.31441363
0.20830201
0.23464751
0.27862481
0.25705811
0.18563699
0.14888182
0.13944266
0.22266590
0.30093580
0.13852166
0.10681196
0.17174576
0.14471202
0.14700100
0.20391949
0.24258350
0.23502694
0.22048621
0.20261918
0.34436634
0.28849084
0.40865230
0.20089511
0.17419804
0.13260860
0.11010718
0.11335714
0.10720523
0.10707418
0.09532684
0.09218527
0.12466732
0.14091192
0.15341467
0.12644227
0.24595085
0.22885822
0.16023631
0.12427281
0.18317411
0.20722899
0.18083906
0.18336377
0.17987356
0.14627783
0.18880454
0.29796788
0.29886055
0.12012186
0.17388503
0.19999803
0.29357310
0.11185407
0.14206274
0.18470681
0.19227015
0.19266515
0.16093647
0.18157799
0.18678336
0.32116025
0.24561468
0.17631317
0.16659311
0.23128719
0.21265656
0.22666578
0.17430423
0.13983938
0.16421940
0.34566232
0.27764776
0.29347899
0.19187859
0.16754540
0.16764547
0.30326903
0.27303076
0.18926818
0.19562811
0.15767760
0.13302687
0.10561703
0.09856008
0.12826604
0.18642431
0.12378772
0.12705656
0.14126631
0.13499588
0.12854111
0.16964131
0.17010062
0.15884352
0.22741175
0.17015430
0.22119765
0.13304882
0.19238618
0.33575123
0.21667898
0.23603990
0.33972440
0.29334816
0.26609010
0.25375022
0.21845987
0.19321717
0.14607715
0.24119461
0.17976465
0.13050139
0.12618818
0.14676508
0.15091549
0.13667591
0.18189272
0.25367119
0.28954779
0.41530205
0.31514663
0.36852780
0.35008221
0.37274847
0.29559525
0.36793922
0.35405175
0.48610405
0.35669967
0.44037184
0.46678740
0.28265357
0.28349709
0.24339790
0.24057344
0.23531548
0.30679000
0.24588426
0.26251915
0.30118082
0.47107073
0.45924837
0.31517134
0.32203902
0.27916666
0.31195100
0.24517488
0.19624679
0.21919071
0.39596740
0.28015178
0.43938088
0.28658609
0.36959238
0.25835661
0.20200542
0.21501729
0.44223499
0.32993176
0.37987019
0.17610543
0.16555871
0.22953277
0.31239380
0.31690036
0.22307260
0.26633230
0.33548536
0.41307158
0.39823284
0.33293140
0.30356912
0.30694392
0.53850606
0.48319600
0.42975750
0.36658266
0.36648809
0.33326189
0.27424837
0.31038999
0.31033250
0.30066523
0.27756376
0.44434743
0.39129745
0.39387516
0.34590308
0.32531900
0.32183012
0.30734500
0.34318988
0.38344000
0.31136807
0.28984871
0.42523589
0.30655237
0.25474914
0.20300861
0.23563518
0.23539808
0.21362947
0.25638914
0.44182782
0.40337377
0.33969013
0.33974284
0.26646816
0.23684910
0.26013090
0.31288806
0.22387083
0.21827336
0.26007493
0.20537314
0.20477614
0.23466127
0.22913715
0.27199134
0.28909836
0.50363487
0.35278039
0.36568452
0.39262315
0.35993384
0.49199121
0.26436543
0.28224704
0.32596117
0.54452698
0.29253640
0.32155791
0.50398449
0.43682172
0.34906343
0.28816029
0.26655962
0.27917794
0.35636306
0.33951504
0.32798661
0.33759452
0.49086485
0.34834068
0.32758401
0.33597714
0.35023773
0.39698807
0.53615375
0.27548954
0.27496207
0.36700168
0.43702143
0.45361570
0.33892765
0.29414023
0.30188172
0.29894303
0.41689825
0.43338345
0.54492703
0.40073518
0.37724357
0.49438641
0.51145127
0.32453208
0.36373808
0.37231561
0.52634024
0.51440053
0.47575380
0.26975412
0.34786674
0.38489082
0.28246065
0.21115380
0.16308132
0.23265194
0.24583154
0.40042973
0.26233624
0.28457814
0.21967620
0.27047917
0.43259588
0.34991780
0.47929068
0.28970460
0.34873505
0.52268929
0.48499668
0.43423562
0.43229744
0.32684392
0.34462288
0.32953721
0.36182093
0.49424681
0.53710455
0.52670046
0.44196257
0.46790441
0.42335793
0.30602245
0.31365256
0.41577440
0.45022060
0.36432424
0.53088965
0.53922380
0.45408992
0.42963983
0.36472465
0.38469099
0.39996524
0.28831484
0.36507212
0.25561360
0.24928564
0.36653085
0.45879984
0.42003690
0.47146145
0.55443930
0.48352368
0.47373789
0.54932358
0.59119190
0.50356778
0.48863647
0.58284619
0.57182744
0.63191406
0.52128179
0.53675004
0.53651302
0.54791122
0.54770204
0.59315166
0.52638456
0.54703593
0.51579192
0.58592917
0.60342694
0.58909338
0.58188533
0.57375912
0.56071795
0.62924593
0.64953136
0.66774922
0.68616959
0.68389284
0.69788646
0.71854923
0.74998321
0.68519457
0.76571353
0.84091030
0.84138302
0.84412246
0.85680036
0.89746047
0.89547132
0.85851839
0.85187163
0.88043416
0.89965016
0.91119355
0.92301329
0.94199237
0.92012731
0.90191406
0.93075426
0.95812262
0.92220792
0.92336550
0.91919144
0.92592980
0.94309603
0.94652819
0.95107228
0.95167177
0.94959930
0.94546182
0.95846378
0.96309854
0.96891966
0.96738688
0.96589358
0.97784651
0.97126989
0.96088829
0.96181996
0.96554658
0.96301614
0.96242106
0.97536117
0.97502173
0.96564830
0.98011544
0.98339414
0.98373623
0.98095174
0.97718850
0.97682504
0.98018966
0.98600396
0.98121526
0.98378151
0.98986134
0.98741812
0.97497768
0.97446146
0.98249306
0.97894839
0.97860840
0.97604243
0.98260965
0.98252003
0.98076522
0.98195507
0.98500070
0.98686300
0.98418967
0.98191871
0.98288038
0.98535863
0.98614971
0.98448950
0.98528433
0.98728119
0.97920583
0.97677718
0.98228075
0.98695103
0.98523564
0.98578117
0.98797647
0.98821045
0.98658790
0.98701843
0.98668952
0.98665567
0.98879854
0.98885829
0.99019570
0.98927108
0.98763181
0.98361260
0.98467438
0.98765320
0.98668435
0.98883630
0.98956851
0.98694883
0.98823978
0.98996455
0.98997828
0.99110849
0.98500775
0.98833941
0.98982014
0.99003456
0.98846914
0.98949313
0.99012355
0.98988411
0.99076811
0.99206117
0.98927840
0.98539964
0.99001991
0.99003137
0.98277474
0.98263619
0.99105639
0.99154642
0.99093963
0.98784572
0.98725594
0.98904530
0.98857879
0.98473268
0.98549678
0.98743469
0.98339127
0.98570082
0.98352443
0.98516407
0.98296223
0.98705613
0.98791430
0.98956475
0.99293611
0.99280048
0.99303057
0.99290491
0.99165295
0.98812553
0.98912062
0.99069108
0.99180268
0.98936050
0.99103645
0.99296230
0.99074804
0.98718582
0.98628997
0.98836507
0.99102796
0.99140816
0.99310162
0.99290775
0.99164940
0.99274098
0.99131891
0.98943868
0.98984927
0.98925574
0.98969856
0.98771553
0.98766657
0.98727868
0.98779546
0.98754059
0.98756935
0.98550363
0.98341994
0.98370178
0.98041926
0.98292120
0.98145687
0.98111188
0.98160632
0.98153029
0.97997167
0.97682812
0.97870463
0.97731807
0.97830550
0.98139576
0.98198182
0.98475291
0.98259548
0.98244226
0.98642860
0.98842875
0.98667376
0.98443871
0.98374006
0.98303317
0.98278666
0.98260221
0.98423970
0.99006194
0.99367506
0.99433947
0.99318844
0.99129800
0.99195751
0.99136483
0.98574560
0.98477786
0.98886373
0.98724508
0.98705287
0.98345309
0.98567186
0.98775591
0.98557165
0.98316822
0.98157285
0.97868784
0.97899998
0.98452101
0.98519352
0.98149839
0.98085613
0.97604595
0.97619793
0.97586486
0.97327954
0.97549620
0.98153839
0.98422224
0.98633198
0.98709744
0.97757971
0.97303305
0.97789932
0.97802205
0.97458870
0.97297311
0.97662559
0.97789196
0.98052034
0.98509947
0.97961999
0.98486299
0.98576455
0.98201052
0.98485189
0.98525502
0.98509196
0.98381457
0.98445139
0.98268229
0.97636665
0.97239479
0.96703187
0.97135159
0.97812773
0.98041191
0.98082558
0.98328104
0.98490511
0.98026311
0.98395364
0.98630854
0.98530022
0.98224932
0.98422837
0.98270097
0.98119582
0.97918607
0.97823767
0.98501469
0.98456860
0.98479951
0.98369341
0.98434879
0.98399229
0.97937407
0.97256008
0.97641388
0.98428560
0.98394551
0.98195251
0.98100503
0.98052608
0.98486989
0.98532600
0.98329727
0.98168858
0.98229099
0.97809044
0.97998695
0.97837294
0.97344277
0.97185628
0.97341091
0.96635939
0.96881537
0.96482290
0.96415415
0.96926059
0.97205435
0.96853553
0.96550437
0.97437617
0.97442415
0.98239918
0.98226822
0.98483502
0.98477039
0.98488651
0.98189427
0.98072056
0.97512288
0.96681495
0.97045664
0.97245113
0.97160881
0.97339011
0.96851470
0.96706948
0.96710273
0.96865298
0.96360344
0.95851756
0.95419197
0.97019055
0.96423825
