0.99268766
0.99268766
0.99268766
0.99268766
0.99268766
0.99065752
0.99065752
0.99065752
0.99065752
0.99065752
0.99065752
0.99065752
0.99065752
0.99065752
0.99065752
0.99065752
0.99065752
0.99065752
0.99065752
0.99065752
0.99065752
0.99065752
0.99065752
0.99065752
0.99065752
0.99546454
0.99546454
0.99546454
0.99546454
0.99546454
0.99546454
0.99546454
0.99546454
0.99546454
0.99546454
0.99546454
0.99614238
0.99614238
0.99463975
0.99463975
0.99174789
0.99174789
0.99174789
0.99174789
0.99174789
0.99174789
0.99174789
0.99174789
0.99174789
0.99174789
0.99174789
0.99174789
0.99174789
0.99174789
0.99174789
0.99174789
0.99174789
0.98963531
0.98963531
0.98963531
0.98963531
0.98963531
0.98963531
0.98963531
0.98963531
0.98963531
0.98963531
0.98963531
0.98963531
0.98963531
0.98963531
0.98963531
0.98963531
0.98963531
0.98963531
0.98963531
0.98963531
0.99496543
0.99496543
0.99496543
0.99496543
0.99496543
0.99496543
0.99496543
0.99563395
0.99563395
0.99563395
0.99563395
0.99563395
0.99563395
0.99537937
0.99537937
0.99537937
0.99537937
0.99537937
0.99537937
0.99020557
0.99020557
0.99020557
0.99020557
0.99020557
0.99020557
0.99020557
0.99020557
0.99020557
0.99020557
0.99020557
0.99020557
0.99020557
0.99020557
0.99020557
0.99020557
0.99020557
0.99020557
0.99020557
0.99020557
0.99351139
0.99351139
0.99351139
0.99351139
0.99351139
0.99351139
0.99351139
0.99448209
0.99448209
0.99448209
0.99448209
0.99448209
0.99448209
0.99448209
0.99448209
0.99448209
0.99503019
0.99503019
0.99503019
0.99503019
0.99503019
0.99503019
0.99503019
0.99503019
0.99503019
0.99503019
0.99503019
0.99511434
0.99511434
0.99511434
0.99670785
0.99670785
0.99670785
0.99093915
0.99093915
0.99093915
0.99093915
0.99093915
0.99093915
0.99093915
0.99093915
0.99093915
0.99093915
0.99093915
0.99093915
0.99093915
0.99093915
0.99093915
0.99093915
0.99093915
0.99093915
0.99093915
0.99093915
0.99482332
0.99482332
0.99482332
0.99482332
0.99572989
0.99572989
0.99572989
0.99572989
0.99572989
0.99572989
0.99572989
0.99572989
0.99572989
0.99572989
0.99598772
0.99598772
0.99626977
0.99626977
0.99626977
0.99626977
0.99553316
0.99553316
0.99553316
0.99553316
0.99553316
0.99553316
0.99553316
0.99553316
0.99390033
0.99390033
0.99390033
0.99390033
0.99390033
0.99390033
0.99390033
0.99390033
0.99390033
0.99199983
0.99199983
0.99199983
0.99199983
0.99199983
0.99199983
0.99199983
0.99199983
0.99199983
0.99199983
0.99199983
0.99199983
0.99199983
0.99199983
0.99199983
0.99199983
0.99199983
0.99199983
0.99199983
0.99199983
0.99376885
0.99376885
0.99376885
0.99376885
0.99376885
0.99504525
0.99005841
0.99005841
0.99005841
0.99005841
0.99005841
0.99005841
0.99005841
0.99005841
0.99005841
0.99005841
0.99005841
0.99005841
0.99005841
0.99005841
0.99005841
0.99005841
0.99005841
0.99005841
0.99005841
0.99005841
0.99186100
0.99186100
0.99186100
0.99186100
0.99186100
0.99186100
0.99186100
0.99186100
0.99186100
0.99186100
0.99186100
0.99186100
0.99186100
0.99186100
0.99186100
0.99494159
0.99494159
0.99153907
0.99153907
0.99153907
0.99153907
0.99153907
0.99122157
0.99122157
0.99122157
0.99122157
0.99122157
0.99122157
0.99122157
0.99122157
0.99122157
0.99122157
0.99122157
0.99122157
0.99122157
0.99122157
0.99122157
0.99122157
0.99122157
0.99122157
0.99122157
0.99122157
0.99265960
0.99265960
0.99265960
0.99265960
0.99168127
0.99168127
0.99168127
0.99168127
0.99168127
0.99168127
0.99168127
0.99168127
0.99168127
0.99168127
0.99168127
0.99168127
0.99168127
0.99168127
0.99168127
0.99168127
0.99168127
0.99168127
0.99168127
0.99168127
0.99471701
0.99471701
0.99471701
0.99471701
0.99471701
0.99471701
0.99471701
0.99471701
0.99471701
0.99265146
0.99265146
0.99265146
0.99265146
0.99265146
0.99265146
0.99265146
0.99265146
0.99265146
0.99265146
0.99265146
0.99265146
0.99265146
0.99265146
0.99265146
0.99265146
0.99265146
0.99265146
0.99265146
0.99265146
0.99694441
0.98902860
0.98902860
0.98902860
0.98902860
0.98902860
0.98902860
0.98902860
0.98902860
0.98902860
0.98902860
0.98902860
0.98902860
0.98902860
0.98902860
0.98902860
0.98902860
0.98902860
0.98736754
0.98736754
0.98736754
0.98736754
0.98736754
0.98736754
0.98736754
0.98736754
0.98736754
0.98736754
0.98736754
0.98736754
0.98736754
0.98736754
0.98736754
0.98736754
0.98736754
0.98736754
0.98736754
0.98736754
0.99298843
0.99298843
0.99298843
0.99298843
0.99298843
0.99298843
0.99298843
0.99298843
0.99298843
0.99298843
0.99298843
0.99298843
0.99298843
0.99298843
0.99120253
0.99120253
0.99120253
0.99120253
0.99120253
0.99120253
0.99120253
0.99120253
0.99120253
0.99120253
0.99120253
0.99120253
0.99120253
0.99120253
0.99120253
0.99120253
0.99120253
0.99120253
0.99120253
0.99120253
0.99271601
0.99271601
0.99271601
0.99271601
0.99258355
0.99258355
0.99258355
0.99258355
0.99258355
0.99258355
0.99258355
0.99258355
0.99258355
0.99258355
0.99258355
0.99258355
0.99258355
0.99258355
0.99258355
0.99258355
0.99258355
0.99258355
0.99258355
0.99258355
0.99492792
0.99492792
0.99492792
0.99492792
0.99492792
0.99492792
0.99503560
0.99503560
0.99503560
0.99576829
0.99576829
0.99576829
0.99576829
0.99576829
0.99576829
0.99576829
0.99576829
0.99576829
0.99585655
0.99585655
0.99585655
0.99591394
0.99591394
0.99613028
0.99670646
0.99716480
0.99714052
0.99513817
0.99513817
0.99513817
0.99513817
0.99513817
0.99513817
0.99387020
0.99387020
0.99387020
0.99387020
0.99387020
0.99387020
0.99387020
0.99387020
0.99387020
0.99387020
0.99387020
0.99387020
0.99387020
0.99387020
0.99387020
0.99387020
0.99387020
0.99387020
0.99281187
0.99281187
0.99281187
0.99281187
0.99281187
0.99281187
0.99281187
0.99281187
0.99281187
0.99281187
0.99281187
0.99281187
0.99281187
0.99281187
0.99281187
0.99281187
0.99281187
0.99281187
0.99281187
0.99281187
0.99575207
0.99575207
0.99575207
0.99575207
0.99575207
0.99575207
0.99575207
0.99575207
0.99575207
0.99575207
0.99575207
0.99575207
0.99575207
0.99575207
0.99282051
0.99282051
0.99282051
0.99282051
0.99282051
0.99282051
0.99282051
0.99282051
0.99282051
0.99282051
0.99282051
0.99282051
0.99282051
0.99282051
0.99282051
0.99282051
0.99282051
0.99282051
0.99282051
0.99282051
0.99670755
0.99670755
0.99670755
0.99670755
0.99670755
0.99551874
0.99551874
0.99551874
0.99551874
0.99551874
0.99551874
0.99551874
0.99551874
0.99551874
0.99551874
0.99551874
0.99551874
0.99551874
0.99493242
0.99493242
0.99493242
0.99493242
0.99327255
0.99327255
0.99327255
0.99327255
0.99327255
0.99327255
0.99327255
0.99327255
0.99327255
0.99266001
0.99266001
0.99266001
0.99266001
0.99266001
0.99266001
0.99266001
0.99266001
0.99266001
0.99266001
0.99266001
0.99266001
0.99266001
0.99266001
0.99266001
0.99257654
0.99257654
0.99257654
0.99257654
0.99257654
0.99257654
0.99257654
0.99257654
0.99257654
0.99257654
0.99257654
0.99257654
0.99257654
0.99257654
0.99257654
0.99257654
0.99257654
0.99257654
0.99257654
0.99257654
0.99343572
0.99343572
0.99343572
0.99343572
0.99343572
0.99343572
0.99343572
0.99343572
0.99343572
0.99343572
0.99343572
0.99343572
0.99343572
0.99343572
0.99343572
0.99289105
0.99289105
0.99289105
0.99289105
0.99289105
0.99289105
0.99289105
0.99289105
0.99289105
0.99289105
0.99289105
0.99289105
0.99289105
0.99289105
0.99289105
0.99289105
0.99249508
0.99249508
0.99249508
0.99249508
0.99249508
0.99249508
0.99204446
0.99204446
0.99204446
0.99204446
0.99204446
0.99204446
0.99204446
0.99204446
0.99204446
0.99204446
0.99204446
0.99204446
0.99204446
0.99204446
0.99204446
0.99204446
0.99204446
0.99204446
0.99204446
0.99204446
0.99474814
0.99474814
0.99474814
0.99474814
0.99474814
0.99474814
0.99228700
0.99228700
0.99228700
0.99228700
0.99228700
0.99228700
0.99228700
0.99228700
0.99228700
0.99228700
0.99228700
0.99228700
0.99228700
0.99228700
0.99228700
0.99228700
0.99228700
0.99228700
0.99228700
0.99228700
0.99234916
0.99234916
0.99234916
0.99234916
0.99234916
0.99234916
0.99234916
0.99234916
0.99056491
0.99056491
0.99056491
0.99056491
0.99056491
0.99056491
0.99056491
0.99056491
0.99056491
0.99056491
0.99056491
0.99056491
0.99056491
0.99056491
0.99056491
0.99056491
0.99056491
0.99056491
0.99056491
0.99056491
0.98614591
0.98614591
0.98614591
0.98614591
0.98614591
0.98614591
0.98614591
0.98470934
0.98024694
0.98024694
0.98024694
0.98024694
0.98024694
0.98024694
0.98024694
0.98024694
0.98024694
0.98024694
0.98024694
0.98024694
0.98024694
0.98024694
0.98024694
0.98024694
0.98024694
0.98024694
0.98024694
0.98024694
0.98435888
0.98435888
0.98435888
0.98435888
0.98435888
0.97992508
0.91171802
0.91171802
0.91171802
0.91171802
0.91171802
0.91171802
0.91171802
0.91171802
0.91171802
0.91171802
0.91171802
0.91171802
0.91171802
0.91171802
0.91171802
0.91171802
0.91171802
0.91171802
0.91171802
0.91171802
0.91646392
0.91646392
0.91646392
0.91646392
0.91646392
0.91646392
0.91646392
0.91646392
0.91646392
0.91646392
0.91646392
0.91646392
0.91646392
0.91646392
0.74799415
0.74799415
0.74799415
0.74799415
0.74799415
0.74799415
0.74799415
0.74799415
0.74799415
0.74799415
0.74799415
0.74799415
0.74799415
0.74799415
0.74799415
0.74799415
0.74799415
0.74799415
0.74799415
0.74799415
0.78233718
0.78233718
0.78233718
0.75433907
0.75433907
0.75433907
0.75433907
0.75433907
0.75433907
0.75433907
0.75433907
0.75433907
0.75433907
0.75433907
0.69918179
0.69918179
0.69918179
0.69918179
0.69918179
0.69918179
0.69918179
0.60785670
0.60785670
0.60785670
0.60785670
0.60785670
0.60785670
0.60785670
0.60785670
0.60785670
0.60785670
0.60785670
0.60785670
0.60785670
0.60785670
0.60785670
0.60785670
0.60785670
0.60785670
0.55275678
0.55275678
0.55275678
0.55275678
0.55275678
0.55275678
0.55275678
0.55275678
0.55275678
0.49880169
0.49880169
0.49880169
0.49880169
0.49880169
0.49880169
0.44171405
0.44171405
0.44171405
0.44171405
0.44171405
0.44171405
0.44171405
0.44171405
0.44171405
0.44171405
0.44171405
0.44171405
0.44171405
0.44171405
0.29681486
0.29681486
0.29681486
0.29681486
0.29681486
0.29681486
0.29681486
0.29681486
0.29681486
0.29681486
0.29681486
0.29681486
0.29681486
0.29681486
0.29681486
0.29681486
0.29681486
0.29681486
0.29681486
0.29681486
0.34317768
0.34317768
0.34317768
0.34317768
0.34317768
0.34317768
0.34317768
0.34317768
0.34317768
0.34317768
0.34317768
0.34317768
0.34317768
0.35245532
0.35245532
0.35245532
0.35245532
0.35245532
0.35245532
0.35245532
0.35245532
0.55123978
0.56544681
0.56544681
0.56544681
0.56544681
0.56544681
0.41873919
0.41873919
0.41873919
0.41873919
0.41873919
0.41873919
0.41873919
0.41873919
0.41873919
0.41873919
0.41873919
0.41873919
0.41873919
0.41873919
0.41873919
0.41380338
0.41380338
0.41380338
0.41380338
0.41380338
0.41380338
0.41380338
0.41380338
0.41380338
0.41380338
0.41380338
0.41380338
0.41380338
0.41380338
0.41380338
0.41380338
0.41380338
0.41380338
0.41380338
0.41380338
0.43994163
0.43994163
0.43994163
0.43994163
0.43994163
0.43994163
0.34998212
0.34998212
0.34998212
0.34998212
0.34998212
0.34998212
0.34998212
0.34998212
0.34998212
0.34998212
0.34998212
0.34998212
0.34998212
0.34998212
0.34998212
0.34998212
0.34998212
0.34998212
0.34998212
0.34998212
0.35811681
0.35811681
0.35811681
0.32074591
0.32074591
0.32074591
0.32074591
0.32074591
0.32074591
0.32074591
0.32074591
0.32074591
0.32074591
0.32074591
0.32074591
0.32074591
0.32074591
0.32074591
0.32074591
0.32074591
0.32074591
0.32074591
0.32074591
0.57753842
0.47331814
0.47331814
0.47331814
0.47331814
0.47331814
0.47331814
0.47331814
0.47331814
0.47331814
0.47331814
0.47331814
0.47331814
0.47331814
0.47331814
0.47331814
0.47331814
0.47331814
0.47331814
0.47331814
0.47331814
0.47960973
0.47960973
0.47960973
0.47960973
0.48810534
0.48810534
0.48810534
0.48810534
0.48810534
0.48810534
0.48810534
0.48810534
0.48810534
0.48810534
0.48810534
0.37532144
0.37532144
0.37532144
0.37532144
0.37532144
0.37532144
0.36855284
0.36855284
0.36855284
0.36855284
0.36855284
0.36855284
0.36855284
0.36855284
0.36855284
0.36855284
0.36855284
0.36855284
0.36855284
0.36855284
0.36855284
0.36855284
0.36855284
0.36855284
0.36855284
0.36855284
0.51903137
0.51903137
0.51903137
0.51903137
0.51066354
0.51066354
0.51066354
0.51066354
0.51066354
0.51066354
0.51066354
0.51066354
0.51066354
0.51066354
0.51066354
0.51066354
0.51066354
0.51066354
0.51066354
0.51066354
0.51066354
0.51066354
0.51066354
0.51066354
0.51696233
0.51696233
0.51696233
0.51696233
0.51696233
0.51696233
0.51696233
0.44374664
0.44374664
0.44374664
0.44374664
0.44374664
0.44374664
0.44374664
0.44374664
0.44374664
0.44374664
0.44374664
0.44374664
0.44374664
0.44374664
0.44374664
0.44374664
0.44374664
0.44374664
0.44374664
0.31654873
0.31654873
0.31654873
0.31654873
0.31654873
0.31654873
0.31654873
0.31654873
0.31654873
0.31654873
0.31654873
0.31654873
0.31654873
0.31654873
0.31654873
0.31654873
0.31654873
0.31654873
0.31654873
0.31654873
0.48757208
0.48757208
0.48757208
0.48757208
0.48757208
0.58866324
0.36978460
0.36978460
0.36978460
0.36978460
0.36978460
0.36978460
0.36978460
0.36978460
0.36978460
0.36978460
0.36978460
0.36978460
0.36978460
0.36978460
0.36978460
0.36978460
0.36978460
0.36978460
0.36978460
0.36978460
0.58994982
0.58994982
0.58994982
0.58994982
0.48129226
0.48129226
0.48129226
0.45652797
0.45652797
0.45652797
0.29647168
0.29647168
0.29647168
0.29647168
0.29647168
0.29647168
0.29647168
0.29647168
0.29647168
0.29647168
0.29647168
0.29647168
0.29647168
0.29647168
0.29647168
0.29647168
0.29647168
0.29647168
0.29647168
0.29647168
0.31007043
0.31007043
0.31007043
0.30017165
0.30017165
0.30017165
0.30017165
0.30017165
0.30017165
0.30017165
0.30017165
0.30017165
0.30017165
0.30017165
0.30017165
0.30017165
0.30017165
0.30017165
0.30017165
0.30017165
0.30017165
0.30017165
0.30017165
0.37250612
0.37250612
0.37250612
0.44499685
0.44499685
0.44499685
0.48128962
0.38895140
0.36816482
0.36816482
0.36816482
0.36816482
0.36816482
0.36816482
0.36816482
0.36816482
0.36816482
0.36816482
0.36816482
0.36816482
0.36816482
0.36816482
0.36816482
0.36816482
0.36816482
0.36816482
0.36816482
0.36816482
0.36834299
0.36834299
0.36834299
0.41508219
0.41508219
0.41508219
0.27086137
0.27086137
0.27086137
0.27086137
0.27086137
0.27086137
0.27086137
0.27086137
0.27086137
0.27086137
0.27086137
0.27086137
0.27086137
0.27086137
0.27086137
0.27086137
0.27086137
0.27086137
0.27086137
0.27086137
0.39188028
0.39188028
0.39188028
0.39188028
0.39188028
0.39188028
0.31915899
0.31915899
0.31915899
0.31733034
0.31733034
0.31733034
0.31733034
0.31733034
0.31733034
0.31733034
0.31733034
0.31733034
0.31733034
0.31733034
0.31733034
0.31733034
0.31733034
0.31733034
0.31733034
0.31733034
0.31733034
0.31733034
0.31733034
0.32231605
0.32231605
0.28756909
0.28756909
0.28756909
0.28756909
0.28756909
0.28756909
0.28756909
0.28756909
0.28756909
0.28756909
0.28756909
0.28756909
0.28756909
0.28756909
0.28756909
0.28756909
0.28756909
0.28756909
0.19508273
0.19508273
0.19508273
0.19508273
0.19508273
0.19508273
0.19508273
0.19508273
0.19508273
0.19508273
0.19508273
0.19508273
0.19508273
0.19508273
0.19508273
0.19508273
0.19508273
0.19508273
0.19508273
0.19508273
0.24116120
0.24116120
0.24116120
0.24116120
0.24116120
0.24116120
0.24116120
0.24116120
0.24116120
0.24116120
0.24116120
0.44674988
0.44674988
0.44674988
0.44674988
0.44674988
0.44674988
0.44674988
0.44674988
0.44674988
0.44674988
0.44674988
0.44674988
0.44674988
0.50907491
0.36811057
0.36811057
0.36811057
0.36811057
0.36811057
0.36811057
0.36811057
0.36811057
0.31906746
0.31906746
0.31906746
0.31906746
0.27384872
0.27384872
0.27384872
0.14696205
0.14696205
0.14696205
0.14696205
0.14696205
0.14696205
0.14696205
0.14696205
0.14696205
0.14696205
0.14696205
0.07610045
0.07610045
0.07610045
0.07610045
0.07610045
0.07610045
0.07610045
0.07610045
0.07610045
0.07610045
0.07610045
0.07610045
0.07610045
0.07610045
0.07610045
0.07610045
0.07610045
0.07610045
0.07610045
0.07610045
0.35539957
0.35539957
0.35539957
0.35539957
0.35539957
0.35539957
0.35539957
0.35539957
0.35539957
0.35539957
0.35539957
0.35539957
0.38139835
0.30636815
0.30636815
0.30636815
0.30636815
0.30636815
0.30636815
0.30636815
0.30636815
0.30636815
0.30636815
0.30636815
0.30636815
0.30636815
0.30636815
0.30636815
0.30636815
0.30636815
0.30636815
0.30636815
0.30636815
0.44421519
0.44421519
0.45463057
0.45463057
0.46441952
0.47141497
0.47141497
0.47141497
0.47141497
0.47141497
0.47141497
0.47141497
0.37530086
0.37530086
0.37530086
0.37530086
0.37530086
0.37530086
0.37530086
0.37530086
0.37530086
0.37530086
0.37530086
0.37530086
0.37530086
0.37530086
0.37530086
0.37530086
0.37530086
0.37530086
0.37530086
0.37530086
0.37822940
0.37822940
0.37822940
0.37822940
0.37822940
0.37822940
0.37822940
0.37822940
0.37822940
0.37822940
0.37822940
0.37822940
0.37822940
0.37822940
0.37822940
0.37822940
0.37822940
0.54293962
0.54352407
0.54352407
0.54352407
0.54352407
0.42425758
0.42425758
0.42425758
0.42425758
0.42425758
0.42425758
0.42425758
0.42425758
0.42425758
0.42425758
0.42425758
0.42425758
0.42425758
0.42425758
0.42425758
0.42425758
0.42425758
0.42425758
0.42425758
0.42425758
0.61863428
0.61863428
0.64151397
0.64151397
0.59685918
0.59685918
0.59685918
0.59685918
0.59685918
0.59685918
0.59685918
0.59685918
0.59685918
0.59685918
0.59685918
0.59685918
0.59685918
0.59685918
0.59685918
0.59685918
0.59685918
0.59685918
0.59685918
0.59685918
0.66848071
0.66848071
0.66848071
0.66848071
0.66848071
0.66848071
0.66848071
0.66848071
0.66848071
0.66848071
0.66848071
0.66848071
0.66848071
0.66848071
0.66848071
0.66848071
0.66848071
0.66848071
0.66848071
0.67097633
0.67097633
0.67097633
0.67097633
0.78097316
0.78097316
0.78097316
0.78097316
0.84562274
0.84562274
0.84562274
0.84562274
0.87287886
0.87287886
0.87287886
0.87287886
0.87287886
0.87287886
0.89943423
0.89943423
0.89943423
0.89943423
0.89943423
0.89943423
0.89943423
0.88487939
0.88487939
0.84934295
0.84934295
0.84934295
0.84934295
0.84934295
0.84934295
0.84934295
0.84934295
0.84934295
0.84934295
0.84934295
0.84934295
0.84934295
0.84934295
0.84934295
0.84934295
0.84934295
0.84934295
0.84934295
0.84934295
0.92333480
0.92333480
0.92333480
0.92333480
0.92333480
0.94420567
0.94420567
0.94420567
0.94420567
0.94420567
0.94420567
0.94420567
0.94420567
0.94420567
0.94420567
0.94420567
0.94420567
0.94420567
0.94420567
0.94420567
0.94420567
0.95751358
0.95751358
0.95751358
0.95751358
0.95751358
0.95751358
0.95751358
0.95751358
0.95751358
0.95751358
0.95751358
0.95751358
0.95751358
0.95751358
0.95751358
0.95751358
0.95751358
0.95751358
0.95751358
0.97746936
0.97746936
0.97746936
0.97746936
0.97746936
0.97746936
0.97746936
0.97746936
0.97746936
0.97746936
0.97746936
0.97746936
0.97746936
0.98324378
0.98324378
0.98324378
0.98237674
0.98237674
0.98237674
0.98237674
0.98237674
0.98237674
0.98237674
0.98237674
0.98237674
0.98237674
0.98237674
0.98237674
0.98237674
0.98237674
0.98012600
0.98012600
0.98012600
0.98012600
0.98012600
0.98012600
0.98012600
0.98012600
0.98012600
0.98012600
0.97105230
0.97105230
0.97105230
0.97105230
0.97105230
0.97105230
0.97105230
0.97105230
0.97105230
0.97105230
0.97105230
0.97105230
0.97105230
0.97105230
0.97105230
0.97105230
0.97105230
0.97105230
0.97105230
0.97105230
0.98493568
0.98493568
0.98493568
0.98493568
0.98714754
0.98714754
0.98714754
0.98714754
0.98714754
0.98714754
0.98714754
0.98714754
0.98714754
0.98714754
0.98714754
0.98714754
0.98714754
0.98714754
0.98714754
0.98838810
0.98838810
0.98838810
0.98838810
0.98838810
0.98838810
0.98838810
0.98838810
0.98838810
0.98838810
0.98838810
0.98838810
0.97877380
0.97877380
0.97877380
0.97877380
0.97877380
0.97877380
0.97877380
0.97877380
0.97877380
0.97877380
0.97877380
0.97877380
0.97877380
0.97877380
0.97877380
0.97877380
0.97877380
0.97877380
0.97877380
0.97877380
0.98964933
0.98964933
0.98964933
0.98964933
0.98964933
0.98558530
0.98558530
0.98558530
0.98558530
0.98558530
0.98558530
0.98558530
0.98558530
0.98558530
0.98558530
0.98558530
0.98558530
0.98558530
0.98558530
0.98558530
0.98558530
0.98558530
0.98558530
0.98558530
0.98558530
0.98779000
0.98779000
0.98779000
0.98889163
0.98889163
0.98889163
0.98889163
0.98889163
0.98889163
0.98889163
0.98889163
0.98889163
0.98934544
0.98934544
0.98934544
0.98934544
0.98934544
0.98934544
0.98934544
0.98934544
0.98934544
0.98947839
0.98947839
0.98947839
0.98947839
0.98947839
0.98947839
0.98947839
0.98947839
0.98947839
0.98947839
0.99256207
0.99256207
0.99256207
0.99265372
0.99047025
0.99047025
0.99047025
0.99047025
0.99047025
0.99047025
0.99047025
0.98986325
0.98986325
0.98986325
0.98986325
0.98986325
0.98986325
0.98986325
0.98986325
0.98986325
0.98986325
0.98986325
0.98986325
0.98986325
0.98986325
0.98986325
0.98986325
0.98986325
0.98986325
0.98986325
0.98269537
0.98269537
0.98269537
0.98269537
0.98269537
0.98269537
0.98269537
0.98269537
0.98269537
0.98269537
0.98269537
0.98269537
0.98269537
0.98269537
0.98269537
0.98269537
0.98269537
0.98269537
0.98269537
0.98269537
0.98949144
0.98949144
0.98949144
0.98949144
0.98949144
0.98949144
0.98949144
0.98951338
0.98951338
0.98951338
0.98951338
0.98951338
0.98951338
0.98951338
0.98951338
0.98951338
0.98951338
0.98951338
0.98951338
0.98500041
0.98500041
0.98500041
0.98500041
0.98500041
0.98500041
0.98500041
0.98500041
0.98500041
0.98500041
0.98500041
0.98500041
0.98500041
0.98500041
0.98093899
0.98093899
0.98093899
0.98093899
0.98093899
0.98093899
0.98093899
0.98093899
0.98093899
0.98093899
0.98093899
0.98093899
0.98093899
0.98093899
0.98093899
0.98093899
0.98093899
0.98093899
0.98093899
0.98093899
0.98558170
0.98558170
0.98558170
0.98558170
0.97735343
0.97735343
0.97735343
0.97735343
0.97735343
0.97735343
0.97735343
0.97735343
0.97735343
0.97735343
0.97735343
0.97735343
0.97735343
0.97735343
0.97735343
0.97735343
0.97735343
0.97735343
0.97735343
0.97735343
0.97511833
0.97511833
0.97184555
0.95843855
0.95843855
0.95843855
0.94470458
0.94470458
0.94470458
0.94470458
0.94470458
0.94470458
0.94470458
0.94470458
0.94470458
0.94470458
0.94470458
0.94470458
0.94470458
0.94470458
0.94470458
0.94470458
0.94470458
0.94470458
0.93680405
0.93680405
0.84306860
0.84306860
0.84306860
0.84306860
0.84306860
0.84306860
0.84306860
0.84306860
0.84306860
0.84306860
0.84306860
0.84306860
0.84306860
0.84306860
0.84306860
0.84306860
0.84306860
0.84306860
0.84306860
0.84306860
0.90169738
0.90169738
0.84542482
0.84542482
0.84542482
0.84542482
0.84542482
0.81927873
0.81927873
0.81927873
0.81927873
0.81927873
0.81927873
0.81927873
0.81927873
0.81927873
0.81927873
0.81927873
0.81927873
0.81927873
0.81927873
0.81927873
0.81927873
0.81927873
0.81927873
0.81927873
0.81927873
0.86981333
0.86981333
0.86981333
0.86981333
0.86981333
0.86981333
0.86981333
0.71202481
0.71202481
0.71202481
0.71202481
0.71202481
0.71202481
0.71202481
0.71202481
0.71202481
0.71202481
0.71202481
0.71202481
0.71202481
0.71202481
0.71202481
0.71202481
0.71202481
0.71202481
0.71202481
0.71202481
0.74707370
0.74707370
0.74707370
0.74707370
0.74707370
0.74707370
0.61791947
0.61791947
0.61791947
0.61791947
0.61791947
0.53816720
0.53816720
0.53816720
0.53816720
0.53816720
0.53816720
0.53816720
0.53816720
0.53816720
0.53816720
0.53816720
0.53816720
0.53816720
0.53816720
0.53816720
0.53816720
0.53816720
0.53816720
0.53816720
0.45611296
0.45611296
0.45611296
0.45611296
0.45611296
0.44525938
0.44525938
0.44525938
0.44525938
0.44525938
0.44525938
0.44525938
0.44525938
0.44525938
0.18677544
0.18677544
0.18677544
0.18677544
0.18677544
0.18677544
0.18677544
0.18677544
0.18677544
0.18677544
0.18677544
0.18677544
0.18677544
0.18677544
0.18677544
0.18677544
0.18677544
0.18677544
0.18677544
0.18677544
0.43088553
0.43088553
0.43088553
0.41120808
0.41120808
0.41120808
0.34275435
0.34275435
0.34275435
0.34275435
0.34275435
0.34275435
0.33251815
0.33251815
0.33251815
0.33251815
0.33251815
0.33251815
0.33251815
0.33251815
0.10666836
0.10666836
0.10666836
0.10666836
0.10666836
0.10666836
0.10666836
0.10666836
0.10666836
0.10666836
0.10666836
0.10666836
0.10666836
0.10666836
0.10666836
0.10666836
0.10666836
0.08060652
0.08060652
0.08060652
0.08060652
0.08060652
0.08060652
0.08060652
0.08060652
0.08060652
0.08060652
0.08060652
0.08060652
0.08060652
0.08060652
0.08060652
0.08060652
0.08060652
0.08060652
0.08060652
0.08060652
0.12426643
0.12426643
0.12426643
0.12426643
0.12426643
0.12426643
0.11766337
0.11766337
0.11766337
0.07403265
0.07403265
0.07403265
0.06540158
0.06540158
0.06540158
0.06540158
0.06540158
0.06540158
0.06540158
0.06540158
0.02764227
0.02764227
0.02764227
0.02764227
0.02764227
0.02764227
0.02764227
0.02764227
0.02764227
0.02764227
0.02764227
0.02764227
0.02764227
0.02764227
0.02764227
0.02764227
0.02764227
0.02764227
0.02764227
0.02764227
0.12047334
0.12047334
0.12047334
0.09128664
0.09128664
0.09128664
0.01749649
0.01749649
0.01749649
0.01749649
0.01749649
0.01749649
0.01749649
0.01749649
0.01749649
0.01749649
0.01749649
0.01749649
0.01749649
0.01749649
0.01749649
0.01749649
0.01749649
0.01749649
0.01749649
0.01749649
0.02591725
0.02591725
0.02591725
0.02591725
0.02591725
0.02591725
0.02591725
0.02591725
0.02591725
0.02591725
0.02591725
0.02591725
0.02591725
0.02591725
0.02591725
0.02591725
0.02591725
0.02591725
0.02591725
0.02591725
0.08855312
0.11855425
0.11855425
0.11855425
0.01972594
0.01972594
0.01972594
0.01972594
0.01972594
0.01183051
0.01183051
0.01183051
0.01183051
0.01183051
0.01183051
0.01183051
0.01183051
0.01183051
0.01183051
0.01183051
0.01183051
0.01183051
0.01183051
0.01183051
0.01183051
0.01183051
0.01183051
0.01183051
0.01183051
0.03807550
0.03807550
0.03807550
0.00463470
0.00463470
0.00463470
0.00463470
0.00463470
0.00463470
0.00463470
0.00463470
0.00463470
0.00463470
0.00463470
0.00463470
0.00463470
0.00463470
0.00463470
0.00463470
0.00463470
0.00463470
0.00463470
0.00463470
0.05201590
0.05201590
0.05201590
0.05201590
0.05201590
0.05201590
0.05201590
0.05201590
0.05201590
0.05201590
0.11221209
0.11221209
0.11221209
0.06677539
0.06677539
0.06677539
0.06677539
0.06677539
0.01703897
0.01703897
0.01703897
0.01703897
0.01703897
0.01703897
0.01703897
0.01703897
0.01703897
0.01703897
0.01703897
0.01703897
0.01703897
0.01703897
0.01703897
0.01703897
0.01703897
0.01703897
0.01703897
0.01703897
0.14155491
0.16086587
0.16086587
0.09511746
0.09511746
0.09511746
0.09511746
0.09511746
0.09511746
0.09511746
0.09511746
0.09511746
0.09511746
0.09511746
0.09511746
0.09511746
0.09511746
0.09511746
0.09511746
0.09511746
0.09511746
0.09511746
0.09511746
0.11752060
0.11752060
0.11752060
0.11752060
0.11752060
0.11752060
0.11752060
0.11752060
0.11752060
0.11752060
0.11752060
0.11752060
0.11752060
0.11752060
0.15222720
0.15222720
0.15222720
0.25757898
0.13733846
0.13733846
0.13733846
0.13733846
0.13733846
0.13733846
0.13733846
0.13733846
0.13733846
0.13733846
0.13733846
0.13733846
0.13733846
0.13733846
0.13733846
0.13733846
0.13733846
0.13733846
0.13733846
0.13733846
0.16243554
0.16243554
0.16243554
0.16243554
0.16863542
0.16863542
0.36940828
0.36940828
0.36940828
0.36940828
0.18416051
0.18416051
0.18416051
0.18416051
0.18416051
0.17230876
0.14245229
0.14245229
0.14245229
0.14245229
0.14245229
0.14245229
0.14245229
0.14245229
0.14245229
0.14245229
0.14245229
0.14245229
0.14245229
0.14245229
0.14245229
0.14245229
0.14245229
0.14245229
0.14245229
0.14245229
0.34165887
0.34165887
0.34165887
0.34165887
0.34165887
0.09484179
0.09484179
0.09484179
0.09484179
0.09484179
0.09484179
0.09484179
0.09484179
0.09484179
0.09484179
0.09484179
0.09484179
0.09484179
0.09484179
0.09484179
0.09484179
0.09484179
0.09484179
0.08072256
0.08072256
0.08072256
0.08072256
0.08072256
0.08072256
0.08072256
0.08072256
0.08072256
0.08072256
0.08072256
0.08072256
0.08072256
0.08072256
0.08072256
0.08072256
0.08072256
0.08072256
0.08072256
0.08072256
0.21664572
0.21664572
0.21664572
0.21664572
0.21664572
0.21664572
0.13952928
0.13952928
0.13952928
0.13952928
0.13952928
0.13952928
0.13234276
0.13234276
0.13234276
0.13234276
0.13234276
0.13234276
0.13234276
0.10464412
0.10464412
0.10464412
0.10464412
0.10464412
0.10464412
0.10464412
0.10464412
0.10464412
0.10464412
0.10464412
0.05813727
0.05813727
0.05813727
0.05813727
0.05813727
0.05813727
0.05813727
0.05813727
0.03552094
0.03552094
0.03552094
0.03552094
0.03552094
0.03552094
0.03552094
0.03552094
0.03552094
0.03552094
0.03552094
0.03552094
0.03552094
0.03552094
0.03552094
0.03552094
0.03552094
0.03552094
0.03552094
0.03552094
0.11055640
0.11055640
0.11055640
0.11055640
0.11055640
0.11055640
0.11055640
0.11055640
0.11055640
0.11055640
0.11055640
0.16006214
0.16006214
0.16006214
0.17695491
0.17695491
0.05036019
0.05036019
0.05036019
0.05036019
0.05036019
0.05036019
0.05036019
0.05036019
0.05036019
0.05036019
0.05036019
0.05036019
0.03795779
0.03795779
0.03795779
0.03795779
0.03795779
0.03795779
0.03795779
0.03795779
0.03795779
0.03795779
0.03795779
0.03795779
0.03795779
0.03795779
0.03795779
0.03795779
0.03795779
0.03795779
0.03795779
0.03795779
0.09150153
0.09150153
0.13150666
0.13150666
0.13150666
0.13150666
0.13150666
0.06897045
0.06897045
0.06897045
0.06897045
0.06897045
0.06897045
0.06897045
0.06897045
0.06897045
0.06897045
0.06897045
0.06897045
0.05239214
0.05239214
0.05239214
0.05239214
0.05239214
0.05239214
0.05239214
0.05239214
0.05239214
0.05239214
0.05239214
0.05239214
0.05239214
0.05239214
0.05239214
0.05239214
0.05239214
0.05239214
0.05239214
0.05239214
0.11459885
0.09187301
0.09187301
0.09187301
0.09187301
0.09187301
0.09187301
0.09187301
0.09187301
0.09187301
0.09187301
0.09187301
0.09187301
0.09187301
0.09187301
0.09187301
0.09187301
0.09187301
0.09187301
0.09187301
0.09187301
0.19047740
0.19047740
0.19047740
0.19047740
0.19047740
0.21474946
0.21474946
0.21474946
0.21474946
0.21474946
0.21474946
0.21474946
0.20676812
0.20676812
0.20676812
0.20676812
0.20676812
0.20676812
0.20676812
0.20676812
0.19909115
0.19909115
0.19909115
0.19909115
0.19909115
0.19909115
0.19909115
0.19909115
0.19909115
0.19909115
0.19909115
0.19909115
0.19909115
0.19909115
0.19909115
0.19909115
0.19909115
0.14180600
0.14180600
0.14180600
0.14180600
0.14180600
0.14180600
0.14180600
0.14180600
0.14180600
0.14180600
0.14180600
0.14180600
0.14180600
0.14180600
0.14180600
0.14180600
0.14180600
0.14180600
0.14180600
0.14180600
0.19102037
0.19102037
0.19102037
0.19102037
0.19102037
0.19102037
0.19102037
0.19102037
0.10608984
0.10608984
0.10608984
0.10608984
0.10608984
0.10608984
0.10608984
0.10608984
0.10608984
0.10608984
0.10608984
0.10608984
0.10608984
0.10608984
0.10608984
0.10608984
0.10608984
0.10608984
0.10608984
0.10608984
0.21946594
0.02078345
0.02078345
0.02078345
0.02078345
0.02078345
0.02078345
0.02078345
0.02078345
0.02078345
0.02078345
0.02078345
0.02078345
0.02078345
0.02078345
0.01142086
0.01142086
0.01142086
0.01142086
0.01142086
0.01142086
0.01142086
0.01142086
0.01142086
0.01142086
0.01142086
0.01142086
0.01142086
0.01142086
0.01142086
0.01142086
0.01142086
0.01142086
0.01142086
0.01142086
0.12012085
0.12012085
0.12012085
0.12012085
0.12012085
0.12012085
0.12012085
0.12012085
0.31239613
0.31239613
0.31239613
0.31239613
0.31239613
0.31239613
0.11573639
0.11573639
0.11573639
0.11573639
0.11573639
0.11573639
0.11573639
0.11573639
0.11573639
0.11573639
0.11573639
0.11573639
0.11573639
0.11573639
0.11573639
0.11573639
0.11573639
0.11573639
0.11573639
0.11573639
0.22135788
0.16646568
0.16646568
0.16646568
0.16646568
0.16646568
0.16646568
0.16646568
0.16646568
0.16646568
0.16646568
0.16646568
0.16646568
0.16646568
0.16646568
0.11941814
0.11941814
0.11941814
0.11941814
0.11941814
0.11941814
0.11941814
0.11941814
0.11941814
0.11941814
0.11941814
0.11941814
0.11941814
0.11941814
0.11941814
0.11941814
0.11941814
0.11941814
0.11941814
0.11941814
0.22443044
0.22443044
0.22443044
0.22443044
0.22443044
0.22443044
0.22443044
0.22443044
0.22443044
0.23943981
0.23943981
0.23943981
0.23943981
0.23943981
0.23943981
0.23943981
0.16488016
0.16488016
0.16488016
0.16488016
0.16488016
0.16488016
0.16488016
0.16488016
0.09855869
0.09855869
0.08647526
0.08647526
0.08647526
0.08647526
0.08647526
0.08647526
0.08647526
0.08647526
0.08647526
0.08647526
0.08647526
0.08647526
0.08647526
0.08647526
0.08647526
0.08647526
0.08647526
0.08647526
0.08647526
0.08647526
0.16897982
0.16897982
0.16897982
0.16897982
0.16897982
0.16897982
0.16897982
0.16897982
0.16897982
0.16897982
0.16897982
0.16897982
0.16897982
0.16897982
0.16897982
0.16897982
0.27304079
0.27304079
0.23069043
0.23069043
0.23069043
0.23069043
0.13953253
0.13953253
0.13953253
0.13953253
0.13953253
0.13953253
0.13953253
0.13953253
0.13953253
0.13953253
0.09283685
0.09283685
0.09283685
0.09283685
0.09283685
0.09283685
0.09283685
0.09283685
0.09283685
0.09283685
0.09283685
0.09283685
0.09283685
0.09283685
0.09283685
0.09283685
0.09283685
0.09283685
0.09283685
0.09283685
0.11542568
0.11542568
0.11542568
0.11542568
0.11542568
0.11542568
0.11542568
0.11542568
0.11542568
0.11542568
0.11542568
0.11542568
0.11542568
0.11542568
0.11542568
0.15251510
0.15251510
0.15251510
0.15251510
0.15251510
0.15251510
0.15821460
0.15821460
0.15821460
0.15821460
0.15821460
0.37042077
0.37042077
0.37042077
0.37042077
0.37042077
0.42239057
0.30549564
0.30549564
0.30549564
0.30549564
0.30549564
0.30549564
0.30549564
0.15743038
0.15743038
0.15743038
0.15743038
0.15743038
0.15743038
0.15743038
0.15743038
0.15743038
0.15743038
0.15743038
0.15743038
0.15743038
0.15743038
0.15743038
0.15743038
0.15743038
0.15743038
0.15743038
0.15743038
0.34648325
0.34648325
0.34648325
0.34648325
0.34648325
0.34648325
0.34648325
0.34648325
0.34648325
0.44067368
0.44067368
0.44067368
0.44067368
0.44067368
0.44067368
0.44067368
0.44067368
0.44067368
0.44067368
0.44067368
0.44067368
0.44067368
0.54800272
0.54800272
0.54800272
0.54800272
0.21540149
0.21540149
0.21540149
0.21540149
0.21540149
0.21540149
0.21540149
0.21540149
0.21540149
0.21540149
0.21540149
0.21540149
0.21540149
0.21540149
0.21540149
0.21540149
0.21540149
0.21540149
0.21540149
0.21540149
0.23160215
0.23160215
0.23160215
0.23160215
0.23160215
0.23160215
0.23160215
0.23160215
0.23160215
0.23160215
0.23160215
0.42401504
0.42401504
0.42401504
0.42401504
0.42401504
0.42401504
0.42401504
0.42401504
0.42401504
0.42401504
0.42401504
0.42401504
0.42401504
0.42401504
0.49598655
0.49598655
0.49598655
0.49598655
0.55656891
0.55656891
0.55656891
0.55656891
0.55656891
0.55656891
0.55656891
0.55656891
0.55656891
0.55656891
0.55656891
0.55656891
0.55656891
0.55656891
0.55656891
0.55656891
0.55656891
0.55656891
0.55656891
0.55656891
0.55736267
0.55736267
0.55736267
0.55736267
0.55736267
0.55736267
0.62203544
0.67927657
0.68445205
0.68445205
0.68445205
0.68445205
0.68445205
0.68445205
0.68445205
0.74571498
0.74571498
0.74571498
0.74571498
0.74571498
0.74571498
0.74571498
0.74571498
0.74571498
0.74571498
0.74571498
0.74571498
0.74571498
0.78749602
0.78749602
0.78749602
0.78749602
0.78749602
0.78749602
0.78749602
0.78749602
0.78749602
0.78749602
0.78749602
0.78749602
0.78749602
0.78749602
0.78749602
0.78749602
0.78749602
0.78749602
0.78749602
0.78891114
0.78891114
0.78891114
0.78891114
0.87573055
0.87573055
0.87573055
0.87573055
0.87573055
0.87573055
0.87573055
0.87573055
0.87573055
0.87573055
0.87573055
0.87750099
0.87750099
0.87750099
0.87750099
0.87750099
0.87750099
0.91216738
0.91216738
0.91216738
0.91216738
0.91216738
0.91216738
0.92244704
0.92244704
0.92244704
0.92244704
0.92244704
0.92244704
0.92244704
0.92666058
0.92666058
0.92666058
0.92666058
0.92666058
0.92666058
0.92666058
0.92666058
0.92666058
0.92666058
0.92666058
0.92666058
0.92666058
0.92666058
0.92666058
0.92666058
0.94065728
0.94065728
0.94065728
0.94065728
0.94065728
0.95023263
0.95023263
0.95023263
0.95023263
0.95023263
0.95023263
0.95261596
0.95261596
0.95261596
0.95261596
0.95261596
0.95280152
0.95280152
0.95280152
0.95280152
0.95280152
0.95280152
0.95280152
0.95280152
0.95280152
0.95280152
0.95280152
0.95280152
0.95280152
0.95280152
0.97276331
0.97276331
0.97276331
0.97276331
0.97276331
0.97276331
0.97446067
0.97446067
0.97446067
0.97586475
0.97586475
0.97586475
0.97586475
0.97586475
0.97586475
0.97586475
0.97586475
0.96618910
0.96618910
0.96618910
0.96618910
0.96618910
0.96618910
0.96618910
0.96618910
0.96618910
0.96618910
0.96618910
0.96618910
0.96618910
0.96618910
0.96618910
0.96618910
0.96618910
0.96618910
0.96618910
0.96618910
0.97217311
0.97217311
0.97217311
0.97217311
0.97217311
0.97217311
0.97217311
0.97217311
0.97217311
0.97217311
0.97937703
0.98370423
0.98370423
0.98370423
0.97379179
0.97379179
0.97379179
0.97379179
0.97379179
0.97379179
0.97379179
0.97379179
0.97379179
0.97379179
0.97379179
0.97379179
0.97379179
0.97379179
0.97379179
0.97379179
0.97379179
0.97379179
0.97379179
0.97379179
0.97676337
0.97676337
0.97676337
0.97157134
0.97157134
0.97157134
0.97157134
0.97157134
0.97157134
0.97157134
0.97157134
0.97157134
0.97157134
0.97157134
0.97157134
0.97157134
0.97157134
0.97157134
0.97157134
0.97157134
0.97157134
0.97157134
0.97157134
0.98174313
0.98174313
0.98174313
0.98352489
0.98352489
0.98352489
0.98352489
0.98352489
0.98352489
0.98352489
0.98427594
0.98427594
0.98427594
0.98347420
0.98347420
0.98347420
0.98347420
0.98347420
0.97803983
0.97803983
0.97803983
0.97803983
0.97803983
0.97803983
0.97803983
0.97803983
0.97803983
0.97803983
0.97803983
0.97803983
0.97803983
0.97803983
0.97803983
0.97803983
0.97803983
0.97803983
0.97803983
0.97803983
0.98493641
0.98493641
0.97707870
0.97707870
0.97707870
0.97707870
0.97707870
0.97707870
0.97707870
0.97707870
0.97707870
0.97707870
0.97707870
0.97707870
0.97707870
0.97707870
0.97707870
0.97707870
0.97707870
0.97707870
0.97707870
0.97707870
0.97807087
0.97807087
0.97807087
0.97807087
0.97807087
0.97807087
0.97807087
0.97807087
0.97807087
0.97807087
0.97807087
0.97807087
0.97807087
0.98284338
0.98284338
0.98284338
0.98284338
0.98284338
0.98284338
0.98284338
0.98284338
0.98284338
0.98284338
0.98284338
0.98436949
0.98436949
0.98436949
0.98436949
0.98436949
0.98436949
0.98436949
0.98436949
0.98436949
0.98436949
0.98436949
0.98436949
0.98436949
0.98436949
0.98436949
0.98436949
0.98436949
0.98620919
0.98332093
0.98332093
0.98332093
0.98332093
0.98332093
0.98332093
0.98332093
0.98332093
0.98332093
0.98332093
0.98332093
0.98332093
0.98332093
0.98332093
0.98332093
0.98332093
0.98332093
0.98332093
0.98332093
0.98332093
0.98704716
0.98704716
0.98704716
0.98704716
0.98704716
0.98704716
0.98704716
0.98704716
0.98704716
0.98704716
0.98704716
0.98704716
0.98704716
0.98704716
0.98957466
0.98957466
0.98957466
0.98969667
0.98969667
0.98969667
0.98969667
0.98122392
0.98122392
0.98122392
0.98122392
0.98122392
0.98122392
0.98122392
0.98122392
0.98122392
0.98122392
0.98122392
0.98122392
0.98122392
0.98122392
0.98122392
0.98122392
0.98122392
0.98122392
0.98122392
0.98122392
0.98806487
0.98806487
0.98806487
0.98806487
0.98806487
0.98806487
0.98806487
0.98806487
0.98806487
0.98806487
0.98806487
0.98806487
0.98806487
0.98806487
0.98806487
0.99008441
0.99008441
0.99008441
0.99008441
0.99008441
0.99080078
0.99080078
0.99025204
0.99025204
0.99025204
0.99025204
0.99025204
0.99025204
0.99025204
0.99025204
0.99025204
0.99025204
0.99025204
0.99025204
0.99025204
0.99025204
0.99025204
0.99025204
0.99025204
0.99025204
0.99025204
0.99025204
0.99025221
0.98152553
0.98152553
0.98152553
0.98152553
0.98152553
0.98152553
0.98152553
0.98152553
0.98052820
0.98052820
0.98052820
0.98052820
0.97968364
0.97968364
0.97968364
0.97968364
0.97968364
0.97968364
0.97968364
0.97968364
0.97968364
0.97968364
0.97854698
0.97854698
0.97854698
0.97337191
0.96827108
0.96827108
0.96676953
0.96676953
0.96676953
0.95386239
0.95386239
0.94860354
0.92271007
0.92271007
0.92271007
0.92271007
0.92271007
0.92271007
0.92271007
0.92271007
0.92271007
0.92271007
0.92271007
0.92271007
0.91609318
0.91103296
0.91103296
0.91103296
0.91103296
0.91103296
0.87350483
0.87350483
0.87350483
0.87350483
0.87350483
0.87350483
0.87350483
0.87350483
0.87350483
0.87350483
0.87350483
0.87350483
0.87350483
0.86373125
0.86373125
0.86166248
0.86166248
0.78521081
0.78521081
0.78521081
0.78521081
0.78521081
0.78521081
0.78521081
0.78521081
0.78521081
0.78521081
0.78521081
0.78521081
0.78521081
0.78521081
0.78521081
0.58351384
0.58351384
0.58351384
0.58351384
0.58351384
0.58351384
0.58351384
0.58351384
0.58351384
0.58351384
0.58351384
0.58351384
0.58351384
0.33533505
0.33533505
0.33533505
0.33533505
0.33533505
0.33533505
0.33533505
0.33533505
0.33533505
0.33533505
0.33533505
0.33533505
0.33533505
0.33533505
0.33533505
0.33533505
0.33533505
0.33533505
0.33533505
0.33533505
0.61544485
0.61544485
0.63720359
0.63720359
0.63720359
0.63720359
0.33187587
0.33187587
0.33187587
0.33187587
0.33187587
0.33187587
0.33187587
0.33187587
0.33187587
0.32243148
0.32243148
0.23809392
0.23809392
0.23809392
0.23809392
0.23809392
0.23809392
0.23809392
0.23809392
0.23809392
0.23809392
0.23809392
0.23809392
0.23809392
0.23809392
0.23809392
0.23809392
0.23809392
0.23809392
0.23809392
0.23809392
0.36973934
0.36973934
0.36973934
0.36973934
0.36973934
0.36973934
0.36973934
0.36973934
0.36973934
0.36973934
0.28927033
0.28927033
0.28927033
0.28927033
0.28927033
0.28927033
0.28927033
0.28927033
0.28927033
0.28927033
0.28927033
0.28927033
0.28927033
0.28927033
0.25283581
0.25283581
0.25283581
0.25283581
0.25283581
0.25283581
0.25283581
0.25283581
0.25283581
0.25283581
0.25283581
0.25283581
0.25283581
0.25283581
0.25283581
0.25283581
0.25283581
0.25283581
0.25283581
0.25283581
0.28769029
0.28769029
0.28769029
0.28769029
0.28769029
0.28769029
0.28769029
0.28769029
0.28769029
0.28769029
0.28769029
0.28769029
0.21689659
0.21689659
0.21689659
0.21689659
0.21689659
0.21689659
0.21689659
0.21689659
0.21689659
0.21689659
0.21689659
0.21689659
0.21689659
0.21689659
0.21689659
0.21689659
0.21689659
0.21689659
0.21689659
0.21689659
0.33396151
0.41347499
0.41347499
0.41347499
0.36281686
0.36281686
0.36281686
0.36281686
0.36281686
0.36281686
0.36281686
0.36281686
0.36281686
0.36281686
0.36281686
0.36281686
0.36281686
0.36281686
0.36281686
0.36281686
0.36281686
0.36281686
0.36281686
0.36281686
0.38818621
0.39120163
0.39120163
0.39120163
0.36558555
0.36558555
0.36558555
0.36558555
0.36558555
0.36558555
0.36558555
0.36558555
0.36558555
0.36558555
0.36558555
0.36558555
0.36558555
0.36558555
0.36558555
0.36558555
0.36558555
0.36558555
0.36558555
0.36558555
0.41070006
0.41070006
0.41070006
0.42620062
0.42620062
0.42620062
0.42620062
0.42620062
0.42620062
0.42620062
0.42620062
0.52430847
0.22853022
0.22853022
0.22853022
0.22853022
0.22853022
0.22853022
0.22853022
0.22853022
0.22853022
0.22853022
0.22853022
0.22853022
0.22853022
0.22853022
0.22853022
0.22853022
0.22853022
0.22853022
0.22853022
0.22853022
0.37545358
0.37545358
0.37545358
0.23017941
0.23017941
0.23017941
0.23017941
0.23017941
0.23017941
0.23017941
0.20201072
0.20201072
0.20201072
0.20201072
0.20201072
0.20201072
0.20201072
0.20201072
0.20201072
0.20201072
0.20201072
0.20201072
0.20201072
0.20201072
0.20201072
0.20201072
0.20201072
0.20201072
0.20201072
0.20201072
0.26505246
0.26505246
0.26505246
0.27589959
0.27589959
0.27589959
0.27589959
0.27589959
0.27589959
0.27589959
0.27589959
0.27589959
0.27589959
0.27589959
0.27589959
0.27589959
0.27589959
0.27589959
0.30531937
0.30531937
0.30531937
0.30531937
0.30531937
0.30531937
0.30531937
0.30531937
0.30531937
0.30531937
0.30531937
0.30531937
0.31749235
0.31749235
0.31749235
0.29951525
0.29951525
0.29951525
0.29951525
0.29951525
0.29951525
0.20751992
0.20751992
0.20751992
0.20751992
0.20751992
0.20751992
0.20751992
0.20751992
0.20751992
0.20751992
0.20751992
0.20751992
0.20751992
0.20751992
0.20751992
0.20751992
0.20751992
0.20751992
0.20751992
0.20751992
0.24980900
0.24980900
0.24980900
0.19108958
0.10716216
0.10716216
0.10716216
0.07412039
0.07412039
0.07412039
0.07412039
0.07412039
0.07412039
0.07412039
0.07412039
0.07412039
0.07412039
0.07412039
0.07412039
0.07412039
0.07412039
0.07412039
0.07412039
0.07412039
0.07412039
0.07412039
0.07412039
0.22686110
0.22686110
0.22686110
0.22686110
0.22686110
0.22686110
0.11588700
0.11588700
0.11588700
0.11588700
0.11588700
0.11588700
0.11588700
0.11588700
0.11588700
0.11588700
0.11588700
0.11588700
0.11588700
0.11588700
0.11588700
0.11588700
0.11588700
0.11588700
0.11588700
0.11588700
0.19683456
0.19683456
0.19683456
0.19683456
0.19683456
0.19683456
0.19683456
0.19683456
0.19683456
0.19683456
0.19683456
0.19683456
0.19683456
0.19683456
0.19683456
0.19683456
0.19683456
0.19683456
0.07973039
0.07973039
0.07973039
0.07973039
0.07973039
0.07973039
0.07973039
0.07973039
0.07973039
0.07973039
0.07973039
0.07973039
0.07973039
0.07973039
0.07973039
0.07973039
0.07973039
0.07973039
0.07973039
0.07973039
0.18046860
0.14505193
0.14505193
0.14505193
0.14505193
0.14505193
0.14505193
0.14505193
0.14505193
0.05423304
0.05423304
0.05423304
0.05423304
0.05423304
0.05423304
0.05423304
0.05423304
0.05423304
0.05423304
0.05423304
0.05423304
0.05423304
0.05423304
0.05423304
0.05423304
0.05423304
0.05423304
0.05423304
0.05423304
0.14162137
0.14162137
0.14162137
0.22160740
0.22160740
0.22160740
0.22160740
0.22160740
0.22160740
0.22160740
0.22160740
0.22160740
0.22160740
0.13393919
0.13393919
0.13393919
0.13393919
0.13393919
0.13393919
0.13393919
0.13393919
0.13393919
0.13393919
0.13393919
0.13393919
0.13393919
0.13393919
0.13393919
0.13393919
0.13393919
0.13393919
0.13393919
0.13393919
0.17650325
0.17650325
0.17650325
0.17650325
0.17650325
0.17650325
0.17650325
0.24137868
0.24137868
0.24137868
0.24137868
0.24137868
0.24137868
0.24137868
0.36441263
0.36441263
0.36441263
0.36441263
0.36441263
0.36441263
0.36441263
0.36441263
0.36441263
0.36441263
0.36441263
0.43548651
0.43548651
0.43548651
0.43548651
0.43548651
0.43548651
0.43548651
0.43548651
0.43548651
0.43548651
0.43548651
0.43548651
0.43548651
0.43548651
0.43548651
0.43548651
0.48678438
0.55604450
0.36069409
0.36069409
0.36069409
0.36069409
0.36069409
0.36069409
0.36069409
0.36069409
0.36069409
0.36069409
0.36069409
0.36069409
0.36069409
0.36069409
0.36069409
0.36069409
0.36069409
0.36069409
0.36069409
0.36069409
0.45166456
0.45166456
0.45166456
0.45166456
0.45166456
0.45166456
0.45166456
0.45166456
0.45166456
0.45166456
0.45166456
0.45166456
0.63220899
0.63220899
0.63220899
0.63220899
0.63220899
0.63220899
0.63220899
0.63220899
0.63220899
0.63220899
0.63220899
0.63220899
0.63220899
0.63220899
0.63220899
0.63220899
0.63220899
0.63220899
0.67584982
0.67584982
0.67584982
0.67584982
0.67584982
0.67584982
0.67584982
0.67584982
0.67584982
0.67584982
0.67584982
0.67584982
0.67584982
0.67584982
0.67584982
0.67584982
0.74168832
0.74168832
0.74168832
0.74168832
0.74168832
0.74168832
0.74168832
0.74168832
0.74168832
0.74168832
0.74168832
0.74168832
0.74168832
0.74168832
0.74168832
0.80033401
0.80033401
0.80033401
0.80033401
0.80033401
0.80033401
0.80033401
0.80033401
0.81153082
0.81153082
0.81153082
0.81153082
0.81153082
0.81153082
0.81153082
0.81153082
0.81153082
0.81153082
0.81153082
0.81153082
0.81153082
0.81153082
0.81153082
0.89105577
0.89105577
0.89105577
0.89105577
0.89105577
0.89105577
0.89105577
0.89105577
0.89105577
0.89105577
0.89105577
0.89105577
0.89105577
0.93100878
0.93100878
0.93100878
0.94357878
0.94357878
0.96380329
0.96380329
0.94317192
0.94317192
0.94317192
0.94317192
0.94317192
0.94317192
0.94317192
0.94317192
0.94317192
0.94317192
0.94317192
0.94317192
0.94317192
0.94317192
0.94317192
0.94317192
0.94317192
0.94317192
0.94317192
0.94317192
0.97113036
0.97113036
0.97113036
0.97113036
0.97113036
0.97113036
0.97113036
0.97113036
0.97113036
0.97113036
0.97113036
0.97113036
0.97113036
0.98255237
0.98255237
0.98255237
0.98255237
0.98255237
0.98255237
0.98255237
0.98255237
0.98255237
0.98255237
0.98255237
0.98255237
0.98255237
0.98255237
0.98255237
0.98255237
0.98255237
0.98570021
0.98570021
0.98570021
0.98570021
0.98807291
0.98807291
0.98807291
0.98807291
0.98807291
0.98807291
0.98807291
0.98458551
0.98458551
0.98458551
0.98458551
0.98458551
0.98458551
0.98458551
0.98458551
0.98458551
0.98458551
0.98458551
0.98458551
0.98458551
0.98458551
0.98458551
0.98451078
0.98451078
0.98451078
0.98451078
0.98451078
0.98451078
0.98451078
0.98451078
0.98451078
0.98451078
0.98451078
0.98451078
0.98451078
0.98451078
0.98451078
0.98451078
0.98451078
0.98451078
0.98451078
0.98451078
0.98914358
0.98914358
0.98914358
0.98914358
0.99071587
0.99071587
0.99071587
0.99071587
0.99071587
0.99071587
0.99071587
0.99071587
0.99071587
0.99071587
0.99071587
0.99071587
0.99071587
0.99071587
0.99071587
0.99071587
0.99071587
0.99071587
0.99071587
0.99071587
0.99354926
0.99354926
0.99354926
0.99214261
0.99214261
0.99214261
0.99214261
0.99214261
0.99214261
0.99214261
0.99214261
0.98740832
0.98740832
0.98740832
0.98740832
0.98740832
0.98740832
0.98740832
0.98740832
0.98740832
0.98740832
0.98740832
0.98740832
0.98740832
0.98740832
0.98740832
0.98740832
0.98740832
0.98740832
0.98740832
0.98740832
0.98852488
0.98852488
0.98852488
0.98852488
0.98852488
0.98852488
0.98852488
0.98852488
0.98852488
0.98852488
0.98852488
0.98852488
0.98852488
0.98852488
0.98852488
0.98852488
0.98852488
0.98852488
0.98972767
0.98972767
0.98972767
0.98972767
0.98972767
0.98972767
0.98972767
0.98972767
0.98972767
0.98972767
0.98972767
0.99105668
0.99105668
0.99105668
0.99105668
0.99061266
0.99061266
0.99061266
0.99061266
0.99061266
0.99061266
0.99061266
0.99061266
0.99061266
0.99061266
0.99061266
0.99061266
0.99061266
0.98459575
0.98459575
0.98459575
0.98459575
0.98459575
0.98459575
0.98459575
0.98459575
0.98459575
0.98459575
0.98459575
0.98459575
0.98459575
0.98459575
0.98459575
0.98459575
0.98459575
0.98459575
0.98459575
0.98459575
0.99022063
0.98532339
0.98532339
0.98532339
0.98532339
0.98532339
0.98532339
0.98532339
0.98532339
0.98532339
0.98532339
0.98532339
0.98532339
0.98532339
0.98532339
0.98532339
0.98532339
0.98532339
0.98532339
0.98532339
0.98532339
0.98945746
0.98945746
0.98945746
0.98945746
0.99061743
0.99061743
0.99061743
0.99061743
0.99061743
0.99061743
0.99061743
0.99061743
0.99061743
0.99061743
0.99061743
0.99061743
0.99061743
0.99061743
0.99217068
0.99217068
0.99217068
0.99217068
0.99217068
0.99217068
0.99217068
0.99217068
0.99217068
0.99217068
0.99217068
0.99217068
0.99217068
0.99217068
0.99217068
0.99315693
0.99315693
0.99315693
0.99315693
0.99315693
0.99315693
0.99257810
0.99257810
0.99257810
0.99257810
0.99257810
0.99257810
0.99257810
0.99257810
0.99257810
0.99257810
0.99257810
0.99257810
0.99257810
0.99257810
0.99257810
0.99257810
0.99257810
0.99257810
0.99257810
0.99257810
0.99460365
0.99460365
0.99460365
0.99460365
0.99460365
0.99690600
0.99802954
0.99802954
0.99802954
