0.82500000
0.82500000
0.82500000
0.82500000
0.82500000
0.82500000
0.82500000
0.82500000
0.82500000
0.82500000
0.82500000
0.82500000
0.82500000
0.82500000
0.82500000
0.82500000
0.82500000
0.82500000
0.82500000
0.82500000
0.82500000
0.82500000
0.82500000
0.82500000
0.82500000
0.82500000
0.82500000
0.82500000
0.82500000
0.82500000
0.82500000
0.82500000
0.82500000
0.82500000
0.82500000
0.82500000
0.82500000
0.82500000
0.82500000
0.82500000
0.82500000
0.82500000
0.82500000
0.82500000
0.82500000
0.82500000
0.82500000
0.82500000
0.82500000
0.82500000
0.82500000
0.82500000
0.82500000
0.82500000
0.82500000
0.82500000
0.82500000
0.82500000
0.82500000
0.82500000
0.82500000
0.82500000
0.82500000
0.82333439
0.82300047
0.82249031
0.82281713
0.82309331
0.82348237
0.82315112
0.82322998
0.82302007
0.82310659
0.82281384
0.82320303
0.82298727
0.82269702
0.82260112
0.82255549
0.82231616
0.82246651
0.82274979
0.82290212
0.81983693
0.81982443
0.82000646
0.81956105
0.81951653
0.81940951
0.81842603
0.81901347
0.81912061
0.81894953
0.81896342
0.81915207
0.81945632
0.81862548
0.81891890
0.81916843
0.81979047
0.82027738
0.82072735
0.82032116
0.82052357
0.82095730
0.82048187
0.82062591
0.82155011
0.82141505
0.82187315
0.82193339
0.82189819
0.82210523
0.82224821
0.82188032
0.82205796
0.82194044
0.82221487
0.82222658
0.82203573
0.82184100
0.82185924
0.82187305
0.82168373
0.82124323
0.82120237
0.82081218
0.82064536
0.82070453
0.82109914
0.82136575
0.82166281
0.82162653
0.82173125
0.82227908
0.82192871
0.82196056
0.82147075
0.82042598
0.82161852
0.82086357
0.81928101
0.81939025
0.82000038
0.81939232
0.81776733
0.81747388
0.81642793
0.81808340
0.81936704
0.82014111
0.82094289
0.82132419
0.82132657
0.82147080
0.82152845
0.82161523
0.82269167
0.82242238
0.82218804
0.82195253
0.82146435
0.82117226
0.82069541
0.82001342
0.81953140
0.81960071
0.81912800
0.81993783
0.82041630
0.82061859
0.82011413
0.81985917
0.82116695
0.82105236
0.82122025
0.82143331
0.82079194
0.82124532
0.82074875
0.82058047
0.82047270
0.82060404
0.82052808
0.82064953
0.82089150
0.82082301
0.82088377
0.82108503
0.82132507
0.82099807
0.82102665
0.82110413
0.82085077
0.82041097
0.82066335
0.82069632
0.82069920
0.82064672
0.82076624
0.82077316
0.82096072
0.82116147
0.82121429
0.82096315
0.82077411
0.82024493
0.82046251
0.82035334
0.82040039
0.82055554
0.82005406
0.81947978
0.81901859
0.81930154
0.81887626
0.81814923
0.81707960
0.81704486
0.81819216
0.81856588
0.81896741
0.81838562
0.81781572
0.81746171
0.81830154
0.81934649
0.81970003
0.81979020
0.82007806
0.81920323
0.81890057
0.81875617
0.81958764
0.82000954
0.82043626
0.82136296
0.82100823
0.82047476
0.82095905
0.82073372
0.82053489
0.82069327
0.82026994
0.82087369
0.82169135
0.82142311
0.82144328
0.82180159
0.82200240
0.82220591
0.82221461
0.82210836
0.82229783
0.82222071
0.82130644
0.82062977
0.82103675
0.82136652
0.82140167
0.82125177
0.82094484
0.82044427
0.82012163
0.81997175
0.82121698
0.82114339
0.82150626
0.82161831
0.82208086
0.82223834
0.82096186
0.82144933
0.82002552
0.82012734
0.82078425
0.82103780
0.82029959
0.82048214
0.82018899
0.82116294
0.82055297
0.82064790
0.81975118
0.81996707
0.81818814
0.81777320
0.81880687
0.81819940
0.81485946
0.81541670
0.81387389
0.81344327
0.81255763
0.81355400
0.81439213
0.81318321
0.81353570
0.81386206
0.81569064
0.81849491
0.81852520
0.81932772
0.82096877
0.82164393
0.82238794
0.82220088
0.82229176
0.82132001
0.82178741
0.82046106
0.82034694
0.82107750
0.82050542
0.82040614
0.82083541
0.82131815
0.82140352
0.82147189
0.82075505
0.82151427
0.82149391
0.82234359
0.82172676
0.82094464
0.82150270
0.82141392
0.82069681
0.82079972
0.82053210
0.81928759
0.82011631
0.81974498
0.82129356
0.82103645
0.82127668
0.82218236
0.82160967
0.81978185
0.81736946
0.81950004
0.81721451
0.81736735
0.81806604
0.81734728
0.81485719
0.81554494
0.81670118
0.81820881
0.81948216
0.82150033
0.82100301
0.81932473
0.81885009
0.82139475
0.82131627
0.82182825
0.82112991
0.82136607
0.82043420
0.82108374
0.82077963
0.82168307
0.82218513
0.82184896
0.82121161
0.82147599
0.82132922
0.82098502
0.82070689
0.82035397
0.82035931
0.82013703
0.82021710
0.82012035
0.81977304
0.81963617
0.81880270
0.81873951
0.81780651
0.81734242
0.81703093
0.81631781
0.81777481
0.81828910
0.81898561
0.81949974
0.81972903
0.82033346
0.82149695
0.82128806
0.82088222
0.81839753
0.81892047
0.81906259
0.81848300
0.82038805
0.81891412
0.82002801
0.81905669
0.81980052
0.81957591
0.81912003
0.81887600
0.81972157
0.82092288
0.82135717
0.82182591
0.82176138
0.82195022
0.82288651
0.82327849
0.82335840
0.82316133
0.82270802
0.82232954
0.82247699
0.82274387
0.82291387
0.82301134
0.82293298
0.82301663
0.82288281
0.82259014
0.82271565
0.82290146
0.82268844
0.82245993
0.82137494
0.82123294
0.82072027
0.82081610
0.82089845
0.82098209
0.82079635
0.82021406
0.81946052
0.81873005
0.81930717
0.81991845
0.82067919
0.82072218
0.82023817
0.82031581
0.82070432
0.82121576
0.82155849
0.82111754
0.82048583
0.82001313
0.82006107
0.82077180
0.82113624
0.82141871
0.82140722
0.82118336
0.82123026
0.82120537
0.82082098
0.82038295
0.82048468
0.82067596
0.82052051
0.82018300
0.81924958
0.81914243
0.81894311
0.81933317
0.81974269
0.82013081
0.81950911
0.81930921
0.81886861
0.81807021
0.81811711
0.81750049
0.81765050
0.81811393
0.81863330
0.81872680
0.81801853
0.81758054
0.81643558
0.81665763
0.81638827
0.81692117
0.81639358
0.81489292
0.81532195
0.81389201
0.81402392
0.81540350
0.81620285
0.81684855
0.81763594
0.81755657
0.81838727
0.81887006
0.81830247
0.81879589
0.81838251
0.81739660
0.81777733
0.81935156
0.81931051
0.81785517
0.81899602
0.81991646
0.82049291
0.82014236
0.81937716
0.81935819
0.81830195
0.81899811
0.81980274
0.81956717
0.81909855
0.81914220
0.81954165
0.81972132
0.82053305
0.82111439
0.82109866
0.82068969
0.82023048
0.81952486
0.81894365
0.81832985
0.81768685
0.81724513
0.81638487
0.81582091
0.81577603
0.81684785
0.81751215
0.81743917
0.81704992
0.81720294
0.81755551
0.81733373
0.81747388
0.81778881
0.81703300
0.81639176
0.81635798
0.81596671
0.81623690
0.81631012
0.81698549
0.81728223
0.81757266
0.81715945
0.81714390
0.81692090
0.81735220
0.81850802
0.81846140
0.81855154
0.81888506
0.81900922
0.81912752
0.81932979
0.81962648
0.81951359
0.81904566
0.81941264
0.81796587
0.81794203
0.81809918
0.81820409
0.81773491
0.81776156
0.81764967
0.81799858
0.81866160
0.81858544
0.81840693
0.81813916
0.81744733
0.81673184
0.81533223
0.81519309
0.81524645
0.81567641
0.81576033
0.81642737
0.81740139
0.81864454
0.81904078
0.81961657
0.82023865
0.82071784
0.82108576
0.82153834
0.82175655
0.82165779
0.82186348
0.82194405
0.82170557
0.82145031
0.82115105
0.82101352
0.82119223
0.82112206
0.82075556
0.82005107
0.81875024
0.81863898
0.81779491
0.81835502
0.81845949
0.81916575
0.81858600
0.81840304
0.81767714
0.81808959
0.81885880
0.81878125
0.81920956
0.81944897
0.81905927
0.81845788
0.81858215
0.81787217
0.81787341
0.81771389
0.81765557
0.81758738
0.81733625
0.81666257
0.81705489
0.81647338
0.81576178
0.81502227
0.81601304
0.81676887
0.81701680
0.81682527
0.81738658
0.81760204
0.81707289
0.81758071
0.81779793
0.81919246
0.81902089
0.81916028
0.81883873
0.81883485
0.81961489
0.82007183
0.81922259
0.82018452
0.82029002
0.82069720
0.82036058
0.81903992
0.81861380
0.81841832
0.81952828
0.81984208
0.81952163
0.81902888
0.81893072
0.81865588
0.81941453
0.81964111
0.81938635
0.81949832
0.81954499
0.81932708
0.81867812
0.81815785
0.81851254
0.81844758
0.81771333
0.81691119
0.81684751
0.81704323
0.81756637
0.81773724
0.81788987
0.81841990
0.81887943
0.81929526
0.81935037
0.81933467
0.81935175
0.81940861
0.81972670
0.81843803
0.81861185
0.81826925
0.81684222
0.81684415
0.81852890
0.81830100
0.81868531
0.81910255
0.81880605
0.81961654
0.81972740
0.81951649
0.81969627
0.81992553
0.81954169
0.81957575
0.81941246
0.81916884
0.81905528
0.81926540
0.82004564
0.82001268
0.81987147
0.81984181
0.81976728
0.81997327
0.81995684
0.81993116
0.81983569
0.81904614
0.81904278
0.81881191
0.81883746
0.81838902
0.81857788
0.81831799
0.81799835
0.81767752
0.81781020
0.81726213
0.81710011
0.81631134
0.81574304
0.81507309
0.81513274
0.81521017
0.81611783
0.81724135
0.81747363
0.81813154
0.81750369
0.81754772
0.81838374
0.81921576
0.81972499
0.81930043
0.81862727
0.81751504
0.81611400
0.81535803
0.81650770
0.81693995
0.81732663
0.81868292
0.81906002
0.81897311
0.81844488
0.81848368
0.81872803
0.81920798
0.81910683
0.81847290
0.81824825
0.81789286
0.81789796
0.81661747
0.81603963
0.81614923
0.81560152
0.81352742
0.81506129
0.81566713
0.81546534
0.81419266
0.81470466
0.81418237
0.81327242
0.81241736
0.81168723
0.80789831
0.80088288
0.79478411
0.79340465
0.79649534
0.79901057
0.80132965
0.80058008
0.80132443
0.80344523
0.80293726
0.80275701
0.80713674
0.80758200
0.80533980
0.80482603
0.80738339
0.81254316
0.81352528
0.81535447
0.81641032
0.81265680
0.80980202
0.81051738
0.80986272
0.81102855
0.80900708
0.80521610
0.80217127
0.79442378
0.78489756
0.77751120
0.77395824
0.77298989
0.76996697
0.76745725
0.76182867
0.75687969
0.75459775
0.76283813
0.74791229
0.74397891
0.74988481
0.74025636
0.73977310
0.74497427
0.74577989
0.75262944
0.74823818
0.74107851
0.73747787
0.74497220
0.74228786
0.74451306
0.75317361
0.74517707
0.74025024
0.73840948
0.73664948
0.73458358
0.73436496
0.74490890
0.74302456
0.74312078
0.74359356
0.74386903
0.74002490
0.73469032
0.73484656
0.73241311
0.72512094
0.72858791
0.72395650
0.72449087
0.72027826
0.70352399
0.70448416
0.70452547
0.68861409
0.68091112
0.69157789
0.69322345
0.69369725
0.69105377
0.69602269
0.69183923
0.69433810
0.70703584
0.70889282
0.69927617
0.69917967
0.69818319
0.70993792
0.68852876
0.68365749
0.69179905
0.67528353
0.67786000
0.67804731
0.68828554
0.69328385
0.68615803
0.68089741
0.67638002
0.67755251
0.68147709
0.68127882
0.68061749
0.68951499
0.68925398
0.68630269
0.67868817
0.67898151
0.67664363
0.68477117
0.68396150
0.68238149
0.67603896
0.68264927
0.68416080
0.69323304
0.69636717
0.71162969
0.72634302
0.73305785
0.72670652
0.72387731
0.73047489
0.73499552
0.73572855
0.72738229
0.72804235
0.73877081
0.73638940
0.73798442
0.73837660
0.73836916
0.73546684
0.73432821
0.72828537
0.72703961
0.72687304
0.72845546
0.73820380
0.74930166
0.73597220
0.72825538
0.73406135
0.73172992
0.72195821
0.71916327
0.72828239
0.72502214
0.72800303
0.73201215
0.72674175
0.72456465
0.71730656
0.71138953
0.71449571
0.70962294
0.70859019
0.70281301
0.67686787
0.68898114
0.68925880
0.68060228
0.67681449
0.67708787
0.69736526
0.68475869
0.69120869
0.70275676
0.70147647
0.70565485
0.72335342
0.70859942
0.71591757
0.71508548
0.70593088
0.70397489
0.69292733
0.69586418
0.70077445
0.70783538
0.70040099
0.69244539
0.69528780
0.69007929
0.69350879
0.70048631
0.70066307
0.70033550
0.70476507
0.70548940
0.70317019
0.71357907
0.70542821
0.70506867
0.70439339
0.70852909
0.70661304
0.71290059
0.70984946
0.70682714
0.70102312
0.70542821
0.70425461
0.70163151
0.70429216
0.70291837
0.70137738
0.70826096
0.70577272
0.72147008
0.73225867
0.72394975
0.71774116
0.71029880
0.71410973
0.71993321
0.71866552
0.72012149
0.73603469
0.73711232
0.71774132
0.71067828
0.72337719
0.73424480
0.72050703
0.73029410
0.74120258
0.72831181
0.73114103
0.73802989
0.74176856
0.72868618
0.72174712
0.71291250
0.71672763
0.72061361
0.71395037
0.71587751
0.71289499
0.71732891
0.72401942
0.72372757
0.72763584
0.72896129
0.72101152
0.70692133
0.70262700
0.69378306
0.67858729
0.68573324
0.68932013
0.68084544
0.68757018
0.69030652
0.68520008
0.68821707
0.69313626
0.69698239
0.68416745
0.68914162
0.69318999
0.68316589
0.69001729
0.68895952
0.68513493
0.68995854
0.68732686
0.69164544
0.68927848
0.69330564
0.69316571
0.69408281
0.69705689
0.69207970
0.68228294
0.68916521
0.68609140
0.68086151
0.68503659
0.68567941
0.68863821
0.68891723
0.69625995
0.69373258
0.68407869
0.68383246
0.68663018
0.68541553
0.69781141
0.69870264
0.70204723
0.71038992
0.70407659
0.70903870
0.71867303
0.72093378
0.70963977
0.71282546
0.71684332
0.72682335
0.72649043
0.72484695
0.71102072
0.71426410
0.71357422
0.70317137
0.70294151
0.70121095
0.68522581
0.69094505
0.68115355
0.68234892
0.67755991
0.67581203
0.67532408
0.68263074
0.68131489
0.68152529
0.68861942
0.69022468
0.68667076
0.68965030
0.69435051
0.68637160
0.67738211
0.67507047
0.68498143
0.67597598
0.67848133
0.67520877
0.67870258
0.67681220
0.68263212
0.68639007
0.69448409
0.68119324
0.68516613
0.67554740
0.67759231
0.67688998
0.68001189
0.68483305
0.69416127
0.68316430
0.69405292
0.69381401
0.69266236
0.68778098
0.70122145
0.68822468
0.67523634
0.67847539
0.68275228
0.68657226
0.69340439
0.69501312
0.69475457
0.69700733
0.69838756
0.69409361
0.71504724
0.72465730
0.73207693
0.73610745
0.73169044
0.72372543
0.72486307
0.71844601
0.72898932
0.72169100
0.72272469
0.72523183
0.72211991
0.72286439
0.72533190
0.72682958
0.72635065
0.71850044
0.70839294
0.69993906
0.68890982
0.69567205
0.68409016
0.68210362
0.67850724
0.68003587
0.69147139
0.69166535
0.70000250
0.70766010
0.70760746
0.70919733
0.72722245
0.71991421
0.70615177
0.71879582
0.71381695
0.71739313
0.71623955
0.73222741
0.73602598
0.73827581
0.72496015
0.72612739
0.72089590
0.70587603
0.68238024
0.68788378
0.68705438
0.68981488
0.69028079
0.68296579
0.68312006
0.68612276
0.69711660
0.69696202
0.72384127
0.74193091
0.75794222
0.75501319
0.74995887
0.73971324
0.73145401
0.74270348
0.74116854
0.74682970
0.74739849
0.74441405
0.75009618
0.74637712
0.74709508
0.75859616
0.75141040
0.74900355
0.75312579
0.74927715
0.74669134
0.74740514
0.74563577
0.75527842
0.76264982
0.75367622
0.75763673
0.75553930
0.75627012
0.74250800
0.73580913
0.74611099
0.75257186
0.76018315
0.74747920
0.74476418
0.72730828
0.72947687
0.72581211
0.71457660
0.71493477
0.72619048
0.72367430
0.70484138
0.70628149
0.70298910
0.70580568
0.70107940
0.69270280
0.68675873
0.69706908
0.69531146
0.70698569
0.71012214
0.71015057
0.70731299
0.70719145
0.70253225
0.71177113
0.70858040
0.71443301
0.70812659
0.70957322
0.70750617
0.70879912
0.71591583
0.71273753
0.70689351
0.71499594
0.72262453
0.71848719
0.71278823
0.71123461
0.71982131
0.72235569
0.72500172
0.72834844
0.74487106
0.76166361
0.75610855
0.76255561
0.75457511
0.74780900
0.75186638
0.75637430
0.74137779
0.74776515
0.74389590
0.73984734
0.73733395
0.73874980
0.75354188
0.75709788
0.74934144
0.73895077
0.75121040
0.73889427
0.72236402
0.71988197
0.72072226
0.72141985
0.70629713
0.71809486
0.72893630
0.73345474
0.74082288
0.74707725
0.75148000
0.74327455
0.73519753
0.73262099
0.73573321
0.73374480
0.72365839
0.73821476
0.73383717
0.73318640
0.73142465
0.72909177
0.74742910
0.74127885
0.74329030
0.73384178
0.73758012
0.74322202
0.73755092
0.75264110
0.75337564
0.75620832
0.75202064
0.74627481
0.74633590
0.75314389
0.76023890
0.76293783
0.75428211
0.75158995
0.74487566
0.73569285
0.74173693
0.73818688
0.74008603
0.73462166
0.75470891
0.75668214
0.76315274
0.77059738
0.75992392
0.76227760
0.76651906
0.76671032
0.77813781
0.77621596
0.78042918
0.77572185
0.77186378
0.78170617
0.78115442
0.77377890
0.77037710
0.77016300
0.76653805
0.76843843
0.77240987
0.76694147
0.76387500
0.77122256
0.77354198
0.76550818
0.76197354
0.75781382
0.76084409
0.76634631
0.76534230
0.76261797
0.75287418
0.74938935
0.73545511
0.72703402
0.71754947
0.71238625
0.71245612
0.70861755
0.70480571
0.70605591
0.70081942
0.70266818
0.70078352
0.69958237
0.69879734
0.69754424
0.71000466
0.71891709
0.72571237
0.71730913
0.72558119
0.73109396
0.73462448
0.74654849
0.74203335
0.75057213
0.75112173
0.74899921
0.75580696
0.76372986
0.77300657
0.77635802
0.78239718
0.78800350
0.78593972
0.78380535
0.78695044
0.78801932
0.79065598
0.79114810
0.78997607
0.79846009
0.80508451
0.80730566
0.80833580
0.80843796
0.80923883
0.80848599
0.80481111
0.80534372
0.80521647
0.80757572
0.80457839
0.80287313
0.80668818
0.80385312
0.80023922
0.80110575
0.80129719
0.79882478
0.79549599
0.78039305
0.74638744
0.74552274
0.74512236
0.73957249
0.73443508
0.72525803
0.71562163
0.71482533
0.72051704
0.71892082
0.72485416
0.73167015
0.72925432
0.74251143
0.73203692
0.73091149
0.72314207
0.71357008
0.70916480
0.71149158
0.72531727
0.72830976
0.72803437
0.72776237
0.72278124
0.71667664
0.72312326
0.72603194
0.73305424
0.73434514
0.71925654
0.72343456
0.71742234
0.71640549
0.70740672
0.70289247
0.71285667
0.70889472
0.71451610
0.70537417
0.69674689
0.70058303
0.70654686
0.70521346
0.70053028
0.70976474
0.70919778
0.70460733
0.69994808
0.70525231
0.70560980
0.70502370
0.71063271
0.70696045
0.70771392
0.70682707
0.71067128
0.70133584
0.70420702
0.70562375
0.70424869
0.70497643
0.71002819
0.69739907
0.71060729
0.71601303
0.71085263
0.70954061
0.70449165
0.70830106
0.71021529
0.70406201
0.70854294
0.70537067
0.70950056
0.71279111
0.71020632
0.71038418
0.71034312
0.70653393
0.70242396
0.69892437
0.69868595
0.70122862
0.69094268
0.69691012
0.69809582
0.70095314
0.70737107
0.69769674
0.69703174
0.70037041
0.70588639
0.70117517
0.69753034
0.69590694
0.70226790
0.69649714
0.70304381
0.70488006
0.71324291
0.71097835
0.70063806
0.68393530
0.68788207
0.68167854
0.68096375
0.68220128
0.68230834
0.69002573
0.69439868
0.69304249
0.70202256
0.69830305
0.70901887
0.70011504
0.69762118
0.70887610
0.70386504
0.70810852
0.70270066
0.70231726
0.70223259
0.70210606
0.69637780
0.69479438
0.69469362
0.69992668
0.69687747
0.69212437
0.69442286
0.70864601
0.70865096
0.71614344
0.71608272
0.72192499
0.72500351
0.71943179
0.70561087
0.71629513
0.72520544
0.72593504
0.72432126
0.71553326
0.72172453
0.71033954
0.72154022
0.71652980
0.71480525
0.72388825
0.72037373
0.72728845
0.70802312
0.71768550
0.73062029
0.74285692
0.75379840
0.75215535
0.74639305
0.75492300
0.76932283
0.77756588
0.77654336
0.77797329
0.77439510
0.77683708
0.78162462
0.78676811
0.79615663
0.78861746
0.78257278
0.78763710
0.78913597
0.78974712
0.79101630
0.79000364
0.78560777
0.78031885
0.78203214
0.77282928
0.77322832
0.76845347
0.76473749
0.76945562
0.76388347
0.76149133
0.76254446
0.76875821
0.76544058
0.76790044
0.76718178
0.77531946
0.78314255
0.79515004
0.80289599
0.80175596
0.80174543
0.80591161
0.80557573
0.80152765
0.80369053
0.80508503
0.80147719
0.79944332
0.79911840
0.80030090
0.80043733
0.80243474
0.80508446
0.80682678
0.80367701
0.80740902
0.81118012
0.81273585
0.81633480
0.81565717
0.81334306
0.81200706
0.81370829
0.81443714
0.81351886
0.81592686
0.81859174
0.81701775
0.81838052
0.81855020
0.81802922
0.81587252
0.81418433
0.81552694
0.81747653
0.81400513
0.80970243
0.81084099
0.81431801
0.81390113
0.81525083
0.81633872
0.81711311
0.81661386
0.81625686
0.81566398
0.81647342
0.81578345
0.81472414
0.81685669
0.81904312
0.81996328
0.82049147
0.82077504
0.82014039
0.82099451
0.82143372
0.82180715
0.82243001
0.82243125
0.82211952
0.82194173
0.82170228
0.82192390
0.82194460
0.82178716
0.82213073
0.82191027
0.82208413
0.82182148
0.82175973
0.82166485
0.82184422
0.82179977
0.82211264
0.82216228
0.82223606
0.82220373
0.82179487
0.82173926
0.82096176
0.81993998
0.81907634
0.81878813
0.81942658
0.81940313
0.81982183
0.82019831
0.82066984
0.82065119
0.82095321
0.82100558
0.82052472
0.81997447
0.82037058
0.82165720
0.82128502
0.82178580
0.82159580
0.82193127
0.82170759
0.82155368
0.82149281
0.82165369
0.82169416
0.82212889
0.82113535
0.82132486
0.82211060
0.82120321
0.82149106
0.81979550
0.81922226
0.81814118
0.82017819
0.82094808
0.82160161
0.82198842
0.82171596
0.82165257
0.82197527
0.82225506
0.82257737
0.82273672
0.82249013
0.82278080
0.82278407
0.82249861
0.82293411
0.82258751
0.82274328
0.82222009
0.82158349
0.82234851
0.82240832
0.82223114
0.82255890
0.82068111
0.82084048
0.82067624
0.82101730
0.82071408
0.82031827
0.82013510
0.81994734
0.81907820
0.81970400
0.81941426
0.81760753
0.81836743
0.82000476
0.82076653
0.82126130
0.82091095
0.82152010
0.82088560
0.82131613
0.82104399
0.82167220
0.82146578
0.82031241
0.81948829
0.81883097
0.81939349
0.81862840
0.81946301
0.81917067
0.81814148
0.81832835
0.81923708
0.81976406
0.82056960
0.82093924
0.82028385
0.81874867
0.81637421
0.81460878
0.81471457
0.81499924
0.81865177
0.81887682
0.82086364
0.82139019
0.82155095
0.82068096
0.82121440
0.82197983
0.82119400
0.82086468
0.81967422
0.82060175
0.81945833
0.81883825
0.81935345
0.81961995
0.82039370
0.82109474
0.82191770
0.82186004
0.82216821
0.82229955
0.82127543
0.82070966
0.81933255
0.81938261
0.82017088
0.81976447
0.82144995
0.82067937
0.82091367
0.82188513
0.82152161
0.82163730
0.82216762
0.82224178
0.82182112
0.82267399
0.82219822
0.82221483
0.82191589
0.82253298
0.82286888
0.82299027
0.82222777
0.82252221
0.82247754
0.82245930
0.82219173
0.82274172
0.82258367
0.82297098
0.82311768
0.82349163
0.82316603
0.82316024
0.82354050
0.82316932
0.82305313
0.82319807
0.82235838
0.82010983
0.82005419
0.81965255
0.82014513
0.81994094
0.82020452
0.81863685
0.81804044
0.81873690
0.81969230
0.82048999
0.82157115
0.82207003
0.82195523
0.82228564
0.82282484
0.82328060
0.82234796
0.82251443
0.82309120
0.82236908
0.82243307
0.82227929
0.82230681
0.82241476
0.82166750
0.82142755
0.82128010
0.81888780
0.82017421
0.82088685
0.82031293
0.82042616
0.82029106
0.82105755
0.82172036
0.82133766
0.82051442
0.82092916
0.82056983
0.82220566
0.82265502
0.82213393
0.82123675
0.82136629
0.82168817
0.82186278
0.82245244
0.82235390
0.82296978
0.82298103
0.82318288
0.82283336
0.82285114
0.82330960
0.82306393
0.82283270
0.82303262
0.82332491
0.82340185
0.82343935
0.82336848
0.82344425
0.82349069
0.82342279
0.82331734
0.82290368
0.82259046
0.82205649
0.82147007
0.82122778
0.82084090
0.82039100
0.81999106
0.81949577
0.81904718
0.81849521
0.81841484
0.81814096
0.81786536
0.81834948
0.81914653
0.81974843
0.82019477
0.81948182
0.81982273
0.81977901
0.82003856
0.81927862
0.81910150
0.81965300
0.81971190
0.82002897
0.82013029
0.82073268
0.82060799
0.82014291
0.82053534
0.81903580
0.81886563
0.81951565
0.81898620
0.81858312
0.81815139
0.81812317
0.81797147
0.81812072
0.81955061
0.82004941
0.81952910
0.81929135
0.81898289
0.81820706
0.81679786
0.81635599
0.81581123
0.81604380
0.81432656
0.81393823
0.81266472
0.81158016
0.80688890
0.80921803
0.80314969
0.80452464
0.80433236
0.80589808
0.80313336
0.79684392
0.79102662
0.78597862
0.78970229
0.79170132
0.79653958
0.78072284
0.78285774
0.79338330
0.79878509
0.79960586
0.79522946
0.78591269
0.77232569
0.76305623
0.76354796
0.77470654
0.77311140
0.77504908
0.77559938
0.77104009
0.76432051
0.76546413
0.77200881
0.77927683
0.78382096
0.77690450
0.77355457
0.77493226
0.77410503
0.77550972
0.77364764
0.76544958
0.77394272
0.77076325
0.77485061
0.77075642
0.77049470
0.76970733
0.77763632
0.77923922
0.78040436
0.77761672
0.77436773
0.78188299
0.77545252
0.77670747
0.76483961
0.75832078
0.75228646
0.75815658
0.75821024
0.75858643
0.76114433
0.75460714
0.75802417
0.75386211
0.75081995
0.74542213
0.74521971
0.76283791
0.74225374
0.74895081
0.76015670
0.76804100
0.75394388
0.75145871
0.74972910
0.75219551
0.74385815
0.74028384
0.74636949
0.74814894
0.74063845
0.73640882
0.73999724
0.74512419
0.73417736
0.72080603
0.73148435
0.71834541
0.71117794
0.71017635
0.69734546
0.68937344
0.68061404
0.68721276
0.69409693
0.69398527
0.68061229
0.67825801
0.69048448
0.68788306
0.68846067
0.68041938
0.69178313
0.69750888
0.70674648
0.70912349
0.70630015
0.69525601
0.69710059
0.70390665
0.69973604
0.69474718
0.70209310
0.70798292
0.70513138
0.70163454
0.71267987
0.71654554
0.75007276
0.76066946
0.76865482
0.78196025
0.77830554
0.77134764
0.77333235
0.76677112
0.77552312
0.77486328
0.76361946
0.77473538
0.77073584
0.77767459
0.77569494
0.76771789
0.75394873
0.76436469
0.75564980
0.74594189
0.71131386
0.69444581
0.69129098
0.70015815
0.70148773
0.70383383
0.70735619
0.71661585
0.71606712
0.71506568
0.71282656
0.72281969
0.71605069
0.72099855
0.72179817
0.72266184
0.73426981
0.73630281
0.73065369
0.74577588
0.76831779
0.77846772
0.78044713
0.77294602
0.78042463
0.78762199
0.79307625
0.79253761
0.79805263
0.80547574
0.81112427
0.81067855
0.81021413
0.81023720
0.80929555
0.80713020
0.80354588
0.79848304
0.79978830
0.80332007
0.80680841
0.80920257
0.80656366
0.79974538
0.80359570
0.79939363
0.79518924
0.79999320
0.80021738
0.79325371
0.78965619
0.79273042
0.78775178
0.78790278
0.78637738
0.78798547
0.79052073
0.79223055
0.78917229
0.79144307
0.80209664
0.79991623
0.79854845
0.79405432
0.80133392
0.80150745
0.80091591
0.80640458
0.80982734
0.81188913
0.81117915
0.81341032
0.81374909
0.81320896
0.81356319
0.81101753
0.80962367
0.81207560
0.81046541
0.81322054
0.81179780
0.81229655
0.81501531
0.81176504
0.81465060
0.81284745
0.81149037
0.81296920
0.81162224
0.81324492
0.81239044
0.81355059
0.81309579
0.81249053
0.81189343
0.81268549
0.81203075
0.81098774
0.80674063
0.80693922
0.81046807
0.81128633
0.80917729
0.80873225
0.81146335
0.80955570
0.80900685
0.80800954
0.80631683
0.80827105
0.80990248
0.81052594
0.81037646
0.81098468
0.81053824
0.80937681
0.80917980
0.80805922
0.80957302
0.80961449
0.80894623
0.80993931
0.81035455
0.80714362
0.80734702
0.80764780
0.80892743
0.80838024
0.80426572
0.80178012
0.80527540
0.80908962
0.81275603
0.81390333
0.81443956
0.81303407
0.81265869
0.81267757
0.81282519
0.81257370
0.81616758
0.81315171
0.80887527
0.80547861
0.80424463
0.80868718
0.81096694
0.81348326
0.81418546
0.81445895
0.81430821
0.81250092
0.81055970
0.80917354
0.80714243
0.81016464
0.81190399
0.80960142
0.81033869
0.81223076
0.81036342
0.80994518
0.80663370
0.80973954
0.80838347
0.80625179
0.80891298
0.81033163
0.80665374
0.80734989
0.80870097
0.81053024
0.80892578
0.80672109
0.80464934
0.80824374
0.81297873
0.80899804
0.81208786
0.81393585
0.81430694
0.81424248
0.81102068
0.81209096
0.81240022
0.81075280
0.81072705
0.81371870
0.81526166
0.81492633
0.81469707
0.81586733
0.81526345
0.81330188
0.81128510
0.80938922
0.80929234
0.81027659
0.81039666
0.80552464
0.80661245
0.80872661
0.81168621
0.81223564
0.81118379
0.80955362
0.81004263
0.80933781
0.81056654
0.80940534
0.81271925
0.81160472
0.80996407
0.80603890
0.80822240
0.80487678
0.80408673
0.80471554
0.80332930
0.80276156
0.80603879
0.80927099
0.81029859
0.81368675
0.81535001
0.81560149
0.81445272
0.81267734
0.81186685
0.80920311
0.80649735
0.80761465
0.80381839
0.78928379
0.78271839
0.77636793
0.77841225
0.79678606
0.79735448
0.79913636
0.80604161
0.80709085
0.80525641
0.80263823
0.79683956
0.79662936
0.79735002
0.79390439
0.79883448
0.79758365
0.79491109
0.78949600
0.78621557
0.78371928
0.79004748
0.79863551
0.80364597
0.80583436
0.80517668
0.80494731
0.79980885
0.78177886
0.79145867
0.79876021
0.80228474
0.79665065
0.79366883
0.79373403
0.79164430
0.78624782
0.79434256
0.79884902
0.79509350
0.78645298
0.77416831
0.77976630
0.77792368
0.78747136
0.78605789
0.78473258
0.78622170
0.78534705
0.78542085
0.78531156
0.78526912
0.78376249
0.78444396
0.78735485
0.78008322
0.78638602
0.78601197
0.78203927
0.78289316
0.77863888
0.77734460
0.76727010
0.76860641
0.77397100
0.77097326
0.76978629
0.75937539
0.75181588
0.75057747
0.75255883
0.76210457
0.76347773
0.76639090
0.77212994
0.78848732
0.79270475
0.79293373
0.79680114
0.79673745
0.79784449
0.80124438
0.80264939
0.80011755
0.79452091
0.78706616
0.77899558
0.78628494
0.78833092
0.78026479
0.77966885
0.78618868
0.78743221
0.77383731
0.75823534
0.75714023
0.75410880
0.73849779
0.74631581
0.74627455
0.76479121
0.75588054
0.75622617
0.76257832
0.78246741
0.78796541
0.78794290
0.79294072
0.79118711
0.79344321
0.78928398
0.79108376
0.79253788
0.79339882
0.79830163
0.79826766
0.79636617
0.80210428
0.80681251
0.80116387
0.79968664
0.78817425
0.79326172
0.79492735
0.79908374
0.79782481
0.79857953
0.79366930
0.79471838
0.79233710
0.79302803
0.79798219
0.79887850
0.79875528
0.79723513
0.79625628
0.79880946
0.79850936
0.79586032
0.79178203
0.79056123
0.78922224
0.78591328
0.78593888
0.78766328
0.78824913
0.78393217
0.78234315
0.78780132
0.78739894
0.78499994
0.78136037
0.78739663
0.79148177
0.79826498
0.79510225
0.79349153
0.79284518
0.80123364
0.80237121
0.79926555
0.79694614
0.78908341
0.78719956
0.78142056
0.78705516
0.79781912
0.79812703
0.80199401
0.80108332
0.80265563
0.80134064
0.80772369
0.80560227
0.80869201
0.80344533
0.80269758
0.80618332
0.80353752
0.80952885
0.80487344
0.80384993
0.79974460
0.80456485
0.80667819
0.80991278
0.81037784
0.80924694
0.81149868
0.80709552
0.80755441
0.80884088
0.81206840
0.80891600
0.80876922
0.80368886
0.80231927
0.79291503
0.79170931
0.78874589
0.78835540
0.79424007
0.79441401
0.79355263
0.79515234
0.79635351
0.78979973
0.79658491
0.78788437
0.78646267
0.78336001
0.78319717
0.79382900
0.79332299
0.80223603
0.80356348
0.80784000
0.81194936
0.81383246
0.81013038
0.81131042
0.80912962
0.80685964
0.80761835
0.80351818
0.79836812
0.79550160
0.79317491
0.79214942
0.79112688
0.79576989
0.80237130
0.80051210
0.80493429
0.80734028
0.80648476
0.80858315
0.80461831
0.80759353
0.80844438
0.81088891
0.80691415
0.80830073
0.80807392
0.80447627
0.80846261
0.80946105
0.81377908
0.81418450
0.81024150
0.81148968
0.81137869
0.81153797
0.81170583
0.81228274
0.80953978
0.80897231
0.81035578
0.80900218
0.80915351
0.81231056
0.81435075
0.81118937
0.81110315
0.81023698
0.80974924
0.80721051
0.80579011
0.80462489
0.80662419
0.80577531
0.80537970
0.80495739
0.80663054
0.80529831
0.80433320
0.80580374
0.80521990
0.80703090
0.80268633
0.79767314
0.80092358
0.80127065
0.79941502
0.79884643
0.80113906
0.80579509
0.80414811
0.80527828
0.79505914
0.79560784
0.79912530
0.80048417
0.80796577
0.80756558
0.80923993
0.80811513
0.80748198
0.80705166
0.80795762
0.80484558
0.80716156
0.80457539
0.80314750
0.80530460
0.80159612
0.80076816
0.80123075
0.79645577
0.79476462
0.79091788
0.78631046
0.77871863
0.75940613
0.76125048
0.76913594
0.77059289
0.77117807
0.75923802
0.76632438
0.75746855
0.76243672
0.76678898
0.76049805
0.76334226
0.75739299
0.77174129
0.77780209
0.77099652
0.77343293
0.77274558
0.77809922
0.78560656
0.79047337
0.78399535
0.78567944
0.78400795
0.77634374
0.77571367
0.77716486
0.77378510
0.78125219
0.78018464
0.77960927
0.77569300
0.77196491
0.77835251
0.77832083
0.78479786
0.78720651
0.79007315
0.78110541
0.78198652
0.78566736
0.78523581
0.78282447
0.77758510
0.78130031
0.78243633
0.79264378
0.79499913
0.79103074
0.78902290
0.78719972
0.77789975
0.78033144
0.78031994
0.77438878
0.77847657
0.77995975
0.78838811
0.78188699
0.78267973
0.78521589
0.78255482
0.78461979
0.78674481
0.79083411
0.79759902
0.80072580
0.80155670
0.80260865
0.80491983
0.80192791
0.80369648
0.80357661
0.80560706
0.80556887
0.80799399
0.80973915
0.80742763
0.80522192
0.80220420
0.80424420
0.80504665
0.80393644
0.80533221
0.80623286
0.80669686
0.80673632
0.80858393
0.80790643
0.80954735
0.81004754
0.80881064
0.80952593
0.80242217
0.80445749
0.80318114
0.80650335
0.80427140
0.79889828
0.80119286
0.79972464
0.80480275
0.80400532
0.80416831
0.80304980
0.80364343
0.80267363
0.80548122
0.80625622
0.80485834
0.80445581
0.80272360
0.79983796
0.78928480
0.78799188
0.78607801
0.78868007
0.79161176
0.79080756
0.79433293
0.79850377
0.79459919
0.79039540
0.78234289
0.78073188
0.77121102
0.76737206
0.77948695
0.78536658
0.78285982
0.78997895
0.78873948
0.78368375
0.78630200
0.78712223
0.78581316
0.78841725
0.78319949
0.78992132
0.78444546
0.78519017
0.78072864
0.78789653
0.78878031
0.78879109
0.78601397
0.77718305
0.78020343
0.78116320
0.77544845
0.77465823
0.77628425
0.77419786
0.77117303
0.76912121
0.77131688
0.77704542
0.77223291
0.78128049
0.78254767
0.78962708
0.78907815
0.78949997
0.79546362
0.79097938
0.79051318
0.78667857
0.79134778
0.79088656
0.78902098
0.78858656
0.78794894
0.78919201
0.79052166
0.79468556
0.79217755
0.78544662
0.77772845
0.78450323
0.78600895
0.79091682
0.79325280
0.79170110
0.78477430
0.77513473
0.76449668
0.77801425
0.77458559
0.77390466
0.75745425
0.75421870
0.76075774
0.75549731
0.76480417
0.75422734
0.76510626
0.77053200
0.77535093
0.78524748
0.78515099
0.79135337
0.78273470
0.78028848
0.77773261
0.78044685
0.78837672
0.79387999
0.79628092
0.79845207
0.79815613
0.79558395
0.78734739
0.79667356
0.79578075
0.79744741
0.79550651
0.79581594
0.80520497
0.80186963
0.80496404
0.79861058
0.80452538
0.80324072
0.80220269
0.80314504
0.79928366
0.79306842
0.78736304
0.78305046
0.77527249
0.77536994
0.78368695
0.77613119
0.77444862
0.78222758
0.78777445
0.78281210
0.78970369
0.79295560
0.79449881
0.79202762
0.78924100
0.78925595
0.78168423
0.78588565
0.78727683
0.78192997
0.78061941
0.78170810
0.79065710
0.79342541
0.79825928
0.80202648
0.79842110
0.79049772
0.79218822
0.79223354
0.79265257
0.78823188
0.78263750
0.79445211
0.80233042
0.80402766
0.80146819
0.79921712
0.80510841
0.80235863
0.79967603
0.79857488
0.80279037
0.80127529
0.79789829
0.79923798
0.80270792
0.79711190
0.80258938
0.80249844
0.79767139
0.79833379
0.80137448
0.79945376
0.79540270
0.79358099
0.79757147
0.79396888
0.78953627
0.79406294
0.78880867
0.78410481
0.79099365
0.78447686
0.78537521
0.78784531
0.78756691
0.78150669
0.78805535
0.79127528
0.78354387
0.78081413
0.77903262
0.78134578
0.78529344
0.78293821
0.77361855
0.77083001
0.76816435
0.75197351
0.74692267
0.73737222
0.72493015
0.72374472
0.70945031
0.72894293
0.73511488
0.73426282
0.74432564
0.74416726
0.75376250
0.76002892
0.77022011
0.77587740
0.77990673
0.78427933
0.78073014
0.78589566
0.78496996
0.78746980
0.78513255
0.78109809
0.78785508
0.79229063
0.78831729
0.79109443
0.79168327
0.78908673
0.79505048
0.78282719
0.77557051
0.77919520
0.76143597
0.74023642
0.74337430
0.74356444
0.72991025
0.73065923
0.72108012
0.73077683
0.72698884
0.72209947
0.72908541
0.73665946
0.72434354
0.70926603
0.70794961
0.70450944
0.69626131
0.67922821
0.69292492
0.69476959
0.70153588
0.69728990
0.68941543
0.69587502
0.69828851
0.70244566
0.73318736
0.73233985
0.73574962
0.74531891
0.75033231
0.76962530
0.77240920
0.76941252
0.77475859
0.77749841
0.77649634
0.77453777
0.76515004
0.75954929
0.75605991
0.75243754
0.74782054
0.75158996
0.75009321
0.74348797
0.74109026
0.74385489
0.75155954
0.74874323
0.75732433
0.74650807
0.74212723
0.73818229
0.74390026
0.73989644
0.73338954
0.71282299
0.71543693
0.70393277
0.71600593
0.70995091
0.71243930
0.70838070
0.69502081
0.70563977
0.71240302
0.70056145
0.69517480
0.69412222
0.67935190
0.68012736
0.67728726
0.68609962
0.67956537
0.68641289
0.68547426
0.68381764
0.68809678
0.68873976
0.69338046
0.69133902
0.69407317
0.69206987
0.68984165
0.68549913
0.68084271
0.69140575
0.69276885
0.69069809
0.68465908
0.68306599
0.68963497
0.68322329
0.68316974
0.69400862
0.68905588
0.69097767
0.69251865
0.70370629
0.70591044
0.70959331
0.71471354
0.71559280
0.72307540
0.72442380
0.73294646
0.73378783
0.73700647
0.72918849
0.73837758
0.74070649
0.73238779
0.72930744
0.72404704
0.72795278
0.73524533
0.74080514
0.74899957
0.76125902
0.77061637
0.76587930
0.76106508
0.76452416
0.75778332
0.76608258
0.75649502
0.75765322
0.75451696
0.75067762
0.75968887
0.75859616
0.75942959
0.76479152
0.75613547
0.75984210
0.76310363
0.75135439
0.75542096
0.76256216
0.75931143
0.76116293
0.75639385
0.75731224
0.76074110
0.76364940
0.76693895
0.77390106
0.78411718
0.78743648
0.78224827
0.77566134
0.78058999
0.78780822
0.78869027
0.79307277
0.79549502
0.79197466
0.79544404
0.80340047
0.79826521
0.80177320
0.80355822
0.80591861
0.79973069
0.79286540
0.80099455
0.80346710
0.80364720
0.80180765
0.79745514
0.79910465
0.80058732
0.80473947
0.80562073
0.80144516
0.79881899
0.80329605
0.80451681
0.80635400
0.80486680
0.80684566
0.80752031
0.80437188
0.80368166
0.80529953
0.80774936
0.80793888
0.81185700
0.81215295
0.81312304
0.81461662
0.81266683
0.81126339
0.81088529
0.81433461
0.81443807
0.81264206
0.81458514
0.81680585
0.81660903
0.81668079
0.81881132
0.81702406
0.81336762
0.81463291
0.81653073
0.81670536
0.81720404
0.81650269
0.81672233
0.81601129
0.81641904
0.81696110
0.81315501
0.81471950
0.81708031
0.81733051
0.81831454
0.81782842
0.81891972
0.81605501
0.80856182
0.80559093
0.80983545
0.80923977
0.80632353
0.80565655
0.80364822
0.80472840
0.80334931
0.80597717
0.80825212
0.80962588
0.81231312
0.81516463
0.81674656
0.81640656
0.81738254
0.81803253
0.81778547
0.81662407
0.81788676
0.81956651
0.82018981
0.82015829
0.81862782
0.81856576
0.81840157
0.81892941
0.81983126
0.82034413
0.82009689
0.82035116
0.82091036
0.82121481
0.82143152
0.82157437
0.82172305
0.82184660
0.82168268
0.82154326
0.82183303
0.82191932
0.82252178
0.82247856
0.82262580
0.82276282
0.82244618
0.82211344
0.82213864
0.82260289
0.82271415
0.82238342
0.82208721
0.82178033
0.82210202
0.82232294
0.82267277
0.82248904
0.82239827
0.82217050
0.82132688
0.82133201
0.82128124
0.82091750
0.82034617
0.81992546
0.81941505
0.81841765
0.81861209
0.81861963
0.81833888
0.81818574
0.81818968
0.81864512
0.81747064
0.81638730
0.81584834
0.81620808
0.81631124
0.81599237
0.81597129
0.81577095
0.81550786
0.81394501
0.81283808
0.81521679
0.81526791
0.81551238
0.81319390
0.81239503
0.81179963
0.81371260
0.81582263
0.81628901
0.81685628
0.81940313
0.81826565
0.81410467
0.81681469
0.81869947
0.81766350
0.81787348
0.81761066
0.81542022
0.81444633
0.81290397
0.81267495
0.81581399
0.81671246
0.81645668
0.81466048
0.81358929
0.81139993
0.81224951
0.80921087
0.81294218
0.81477377
0.81270211
0.81502334
0.81251035
0.81363786
0.81395652
0.81444703
0.81438868
0.81539344
0.81573127
0.81662173
0.81791872
0.81813533
0.81833884
0.81815470
0.81755431
0.81677290
0.81413330
0.81039013
0.80803083
0.80676443
0.80684670
0.80679340
0.80679438
0.80435309
0.80517293
0.80817876
0.80942416
0.80942457
0.81034661
0.81081671
0.80940269
0.80905840
0.80748634
0.80761964
0.80838557
0.81189183
0.81579907
0.81778454
0.81878745
0.81943672
0.81968288
0.81903480
0.81736586
0.81603990
0.81571659
0.81699797
0.81716101
0.81766724
0.81767197
0.81817194
0.81748248
0.81658301
0.81431446
0.81440379
0.81364431
0.81475423
0.81511842
0.81502585
0.81542348
0.81601424
0.81610714
0.81684244
0.81706093
0.81748939
0.81665996
0.81694601
0.81878708
0.82074008
0.82121646
0.82197790
0.82214366
0.82189048
0.82220671
0.82205449
0.82172495
0.82161421
0.82112618
0.82114134
0.82137070
0.82024936
0.81972029
0.82008589
0.82067149
0.82126476
0.82110865
0.82080438
0.81990748
0.81933337
0.81944053
0.82022696
0.82069868
0.82101656
0.82080191
0.82074995
0.82068535
0.82096748
0.82013928
0.81881279
0.81827356
0.81899684
0.82006402
0.82084009
0.82092651
0.82067651
0.81981338
0.81963473
0.81986536
0.81922528
0.81811482
0.81731726
0.81733663
0.81670269
0.81633251
0.81433978
0.81507152
0.81637734
0.81666902
0.81725816
0.81740014
0.81808863
0.81842360
0.81849604
0.81748041
0.81640245
0.81477431
0.81365290
0.81318328
0.81283150
0.81089246
0.81006174
0.80968366
0.81018176
0.81183248
0.81180528
0.81326010
0.81481976
0.81562262
0.81683743
0.81871196
0.81950560
0.81960506
0.81899217
0.81811786
0.81709920
0.81583221
0.81475859
0.81600462
0.81493792
0.81481179
0.81543127
0.81670455
0.81643369
0.81728178
0.81803024
0.81785613
0.81784873
0.81809088
0.81679755
0.81427748
0.81259167
0.81174433
0.80915340
0.80696333
0.80596563
0.80427824
0.80388082
0.80368858
0.80473359
0.80541306
0.80537973
0.80529063
0.80486315
0.80390690
0.80279703
0.80270950
0.80400268
0.80417905
0.80492912
0.80476931
0.80542794
0.80614952
0.80742801
0.80800316
0.80946845
0.80866361
0.80849408
0.81036356
0.81168775
0.81099045
0.80991542
0.81075363
0.81090451
0.81091695
0.81216078
0.81396511
0.81622262
0.81899673
0.82020904
0.81855427
0.81809489
0.81768154
0.81757829
0.81729584
0.81673079
0.81682284
0.81751610
0.81759639
0.81812879
0.81845784
0.81803014
0.81736001
0.81461785
0.81177753
0.80923591
0.80545662
0.80515748
0.80189906
0.79771464
0.79486694
0.79139088
0.79834040
0.80446930
0.80714262
0.80712902
0.80540394
0.80222357
0.79674810
0.79142232
0.78510784
0.77113264
0.75031382
0.74079537
0.73421976
0.73878048
0.75150375
0.76160686
0.76517061
0.77000166
0.76098509
0.76572041
0.77824128
0.78958408
0.78683773
0.78736042
0.79351249
0.79381757
0.78138195
0.77700001
0.78330145
0.78297819
0.77957581
0.77936041
0.78612735
0.78717150
0.78828869
0.78658272
0.78230422
0.77996303
0.77871923
0.76933308
0.77592049
0.78444584
0.78011019
0.77294868
0.76612868
0.75466687
0.75674472
0.75613895
0.75453846
0.74664275
0.73607154
0.73062436
0.71790855
0.69678853
0.69982967
0.70555447
0.72188889
0.70435969
0.68865318
0.69972095
0.70642365
0.71046640
0.71411741
0.70357413
0.69680395
0.68940151
0.68123076
0.68659607
0.70009364
0.72353230
0.72301018
0.71815340
0.72146789
0.71289187
0.72364991
0.71782139
0.73756653
0.75179729
0.75336308
0.74679841
0.75741681
0.73834693
0.72347065
0.72217423
0.70775258
0.68069791
0.70732660
0.71937989
0.71791390
0.71891129
0.71314377
0.70492819
0.69025796
0.68683156
0.68728443
0.68156284
0.68087679
0.67679762
0.69055451
0.68512343
0.71902240
0.72166522
0.73610908
0.72060453
0.71851105
0.71365617
0.70197848
0.70362537
0.71267027
0.72068259
0.71962759
0.71810429
0.69314851
0.68619931
0.67998592
0.68001175
0.68047405
0.68090551
0.67817218
0.67921721
0.67759218
0.67603861
0.67783447
0.68496201
0.68182696
0.69310130
0.69720531
0.69755918
0.67592323
0.68462252
0.67987416
0.68818931
0.68858342
0.69596643
0.68977457
0.68414673
0.68570929
0.69415226
0.69086491
0.69424589
0.68149969
0.67912633
0.67704679
0.69754061
0.71788780
0.72822491
0.72445423
0.75524051
0.78234980
0.79809486
0.80130577
0.78929174
0.77570933
0.76557977
0.75915900
0.76581466
0.76284613
0.76002539
0.75807461
0.75588259
0.75226649
0.75849777
0.76511519
0.77153073
0.76935683
0.76923033
0.77430034
0.78548824
0.79619968
0.79225826
0.79371666
0.78227215
0.78930707
0.77488822
0.77046463
0.76857501
0.76142433
0.74001128
0.72743205
0.72826789
0.72870102
0.74796373
0.75250761
0.74976826
0.75649069
0.75618123
0.74774432
0.75084677
0.75054690
0.74617086
0.72964204
0.72537122
0.72563061
0.73455239
0.75885439
0.76026121
0.75102123
0.73617034
0.73216224
0.73398001
0.72801065
0.73404966
0.74489400
0.75515191
0.76231814
0.76039475
0.75616817
0.75778306
0.75954219
0.75674773
0.75468420
0.75986369
0.76957888
0.78490015
0.79339251
0.79641244
0.79553014
0.79711407
0.79985455
0.80109192
0.79873233
0.79978674
0.80139629
0.79694925
0.77129173
0.75861544
0.75379649
0.74133762
0.74876605
0.73908908
0.74028368
0.73477687
0.72829979
0.72767063
0.72947500
0.74266528
0.75466382
0.75928212
0.75880505
0.75787539
0.75788649
0.76186084
0.75640501
0.77250086
0.77347087
0.77055412
0.75158923
0.75894257
0.76038604
0.76649085
0.77638179
0.77197070
0.77173369
0.78282738
0.77774083
0.77391060
0.76593847
0.76257591
0.75591533
0.76250869
0.75138963
0.75285701
0.74685035
0.76188180
0.76699368
0.75361630
0.75690949
0.75171314
0.74708947
0.75110389
0.75844630
0.76001637
0.76261558
0.75560492
0.74986181
0.74553104
0.72844632
0.70855370
0.72444350
0.74013974
0.73774705
0.74806940
0.74088005
0.74235614
0.74063104
0.72842428
0.73186634
0.72117360
0.75814763
0.76826490
0.77932667
0.77333504
0.78083669
0.77555502
0.78502412
0.78431473
0.78922274
0.78108433
0.75816717
0.74640933
0.73273046
0.73846737
0.74388591
0.75382155
0.74169245
0.74920828
0.76749146
0.77844318
0.77785365
0.78620350
0.78797192
0.78889715
0.78757341
0.78987712
0.79103447
0.78026188
0.78135827
0.78722080
0.78997299
0.78917277
0.78370286
0.77612645
0.77761789
0.77569796
0.76073711
0.75571616
0.76117008
0.77316610
0.78158192
0.76499843
0.77316670
0.76353752
0.78316882
0.78207900
0.78563872
0.78416342
0.78281208
0.76965837
0.76625695
0.75518691
0.75534685
0.76188118
0.75415510
0.75286824
0.75845591
0.75393000
0.75652580
0.76468667
0.76905806
0.76474746
0.75818027
0.75858264
0.77077580
0.76481010
0.76878344
0.76220534
0.77362123
0.77252121
0.77459844
0.77678855
0.77727844
0.77581151
0.77851835
0.77575928
0.77654455
0.78894981
0.78634517
0.78760422
0.78407271
0.78406638
0.77933591
0.77622673
0.77071851
0.77272249
0.77533669
0.76062839
0.76546764
0.77116595
0.76946716
0.77867030
0.77948910
0.77428274
0.75418411
0.74649934
0.75069079
0.75431518
0.74659029
0.74219347
0.74752382
0.74220941
0.76505938
0.76886318
0.77226012
0.77651530
0.76516539
0.77450720
0.77627638
0.77585977
0.77690618
0.77272599
0.77176517
0.76865258
0.75993032
0.73601991
0.74260031
0.72005238
0.71650228
0.71600987
0.71266878
0.71037127
0.70768090
0.70856654
0.70716543
0.70656709
0.71381082
0.71790620
0.72222311
0.74215255
0.73290712
0.73276088
0.72622571
0.72363018
0.71511577
0.71727944
0.71264528
0.71279838
0.71667168
0.72153197
0.72599472
0.72474905
0.73608853
0.74891433
0.74194145
0.72538676
0.71719146
0.71117214
0.71608938
0.72173743
0.73143621
0.74367924
0.74606930
0.73734689
0.75353392
0.76186154
0.75988565
0.75997534
0.73745036
0.74992012
0.73808220
0.73927644
0.72452712
0.71033762
0.69071045
0.67634024
0.67770306
0.69374274
0.70285068
0.69233757
0.68547597
0.67545108
0.69352435
0.68725108
0.69463284
0.70905607
0.69436170
0.69057636
0.69553466
0.71435222
0.69497126
0.69886297
0.69579839
0.69472191
0.69330049
0.69228845
0.69537451
0.68063959
0.69610635
0.70819251
0.72515385
0.73663342
0.75119861
0.76267250
0.74726433
0.73114859
0.75085161
0.74177391
0.72371106
0.71523738
0.71406619
0.70970086
0.71176511
0.71908235
0.72976045
0.73709713
0.73197914
0.73372817
0.73607235
0.74254460
0.75731704
0.74385126
0.72839466
0.73206089
0.72821778
0.72018242
0.72653435
0.72003631
0.71244865
0.71308015
0.71701098
0.71651782
0.71494207
0.70573987
0.70805018
0.70179244
0.71082432
0.69898188
0.69312129
0.71011325
0.70346598
0.71287488
0.71328338
0.71303740
0.72448268
0.72084526
0.72125723
0.72822912
0.72981801
0.73182795
0.73397375
0.71901761
0.70600759
0.70758866
0.71232275
0.71609463
0.71076375
0.71175899
0.71249669
0.70216495
0.70406323
0.70205891
0.69533807
0.70113464
0.69706442
0.69403663
0.69753623
0.70154585
0.70261148
0.69971239
0.70303677
0.69969301
0.70507437
0.70539902
0.70350764
0.70255158
0.71139105
0.72867154
0.74063511
0.74085185
0.73447495
0.74178454
0.76472256
0.76630052
0.76897677
0.75416622
0.74873953
0.73010099
0.74178701
0.73847826
0.73572638
0.73367148
0.72414050
0.72424444
0.72074253
0.71153864
0.71609847
0.72960310
0.72474758
0.71409314
0.71020528
0.70880836
0.70895195
0.72351453
0.70896303
0.71429406
0.71696780
0.72257879
0.72110983
0.73432080
0.74158942
0.72429701
0.72163559
0.72162787
0.70848367
0.71162170
0.72325134
0.72333631
0.71196922
0.73605069
0.73514910
0.74754013
0.75638227
0.75067146
0.72943457
0.72212978
0.71910156
0.70253049
0.71363389
0.70526760
0.70140338
0.69475931
0.70360929
0.69254881
0.69354076
0.68018473
0.68282396
0.68453088
0.67768550
0.68739336
0.68201106
0.69992255
0.68045177
0.68351536
0.67564310
0.69816826
0.68340651
0.69534440
0.68862006
0.68964779
0.68621401
0.69079601
0.68865210
0.67549675
0.67563041
0.67777426
0.68562228
0.70936663
0.71099918
0.70984975
0.72240461
0.74434506
0.75408761
0.75850911
0.76710209
0.77992859
0.77627615
0.77887920
0.78806280
0.79223896
0.78646517
0.77912734
0.78542326
0.78803426
0.79662130
0.80203158
0.80447432
0.80673764
0.80856081
0.81099486
0.81220009
0.80935982
0.80741989
0.80775629
0.80838187
0.80865031
0.80732281
0.80802621
0.81008649
0.81050896
0.81035068
0.81136515
0.81375799
0.81381644
0.81341897
0.81439716
0.81699028
0.81735862
0.81738651
0.81743903
0.81781189
0.81698499
0.81703513
0.81766282
0.81838771
0.81839935
0.81907352
0.81997713
0.82020755
0.82015752
0.82051424
0.82095006
0.82119609
0.82112096
0.82127570
0.82160323
0.82133948
0.82092122
0.82096562
0.82066571
0.82096862
0.82028732
0.82023377
0.81944288
0.81958627
0.81936756
0.82008187
0.82038725
0.82080553
0.82091489
0.82074709
0.82038503
0.82003344
0.81998405
0.82025067
0.82000998
0.82043962
0.82080703
0.82089252
0.82111648
0.82041444
0.82077286
0.82023177
0.82027770
0.82071762
0.82107023
0.82118552
0.82134983
0.82086085
0.82058115
0.82140328
0.82171907
0.82193957
0.82213583
0.82088322
0.81967544
0.82048679
0.82184667
0.82210756
0.82176259
0.82148647
0.82139189
0.82175601
0.82169979
0.82179129
0.82218046
0.82203178
0.82177235
0.82140464
0.82172211
0.82183036
0.82181429
0.82220770
0.82231377
0.82210717
0.82226120
0.82258669
0.82245934
0.82269730
0.82250839
0.82237280
0.82233036
0.82216460
0.82214842
0.82229501
0.82213259
0.82164729
0.82140049
0.82125771
0.82103417
0.82139665
0.82110545
0.82030967
0.82017812
0.81910415
0.82026068
0.82093637
0.82151350
0.82178094
0.82188605
0.82253396
0.82259236
0.82269897
0.82290904
0.82286528
0.82255283
0.82263535
0.82224484
0.82203083
0.82178321
0.82258898
0.82266519
0.82280200
0.82263125
0.82272542
0.82279792
0.82278847
0.82265603
0.82276181
0.82259261
0.82266061
0.82251096
0.82245789
0.82230197
0.82214436
0.82193661
0.82174244
0.82138115
0.82126147
0.82106371
0.82072009
0.82059545
0.82066054
0.82029494
0.81993924
0.81944702
0.81862256
0.81930839
0.81887868
0.81840663
0.81861445
0.81879798
0.81799039
0.81786055
0.81786386
0.81799387
0.81811363
0.81843800
0.81859862
0.81970659
0.81986851
0.81996818
0.82057487
0.82111711
0.82087439
0.82014912
0.81936690
0.81895103
0.81884905
0.81902466
0.82003666
0.82181849
0.82301061
0.82339643
0.82329665
0.82280250
0.82235590
0.82202484
0.82187235
0.82147647
0.82103296
0.82075943
0.82057994
0.82042047
0.82049044
0.82058217
0.82032627
0.82012979
0.82008457
0.81991682
0.81986416
0.81980104
0.81998765
0.81890146
0.81839261
0.81757829
0.81695280
0.81682709
0.81641246
0.81740803
0.81839729
0.81956910
0.82027073
0.82075213
0.81962203
0.81759800
0.81698533
0.81697161
0.81621503
0.81583956
0.81705136
0.81867154
0.81970214
0.81996473
0.82010170
0.82062700
0.82025403
0.81931086
0.81971616
0.81964207
0.81970525
0.82005315
0.81956286
0.81894743
0.81750094
0.81642364
0.81591954
0.81643215
0.81724842
0.81805117
0.81852722
0.81958448
0.81979028
0.81999647
0.82037809
0.82004170
0.82003271
0.82003244
0.81973590
0.81922072
0.81938816
0.82004085
0.81979542
0.82017739
0.82008900
0.82032393
0.81992598
0.81948826
0.81945305
0.81939445
0.81920541
0.81970643
0.81970543
0.81926746
0.81893016
0.81881427
0.81842127
0.81956955
0.81995722
0.82006195
0.81969241
0.81985213
0.81862215
0.81913691
0.81842726
0.81712934
0.81703001
0.81635106
0.81307797
0.81417410
0.81213523
0.81234033
0.81387854
0.81525877
0.81610093
0.81454620
0.81657481
0.81741861
0.81911436
0.81871578
0.81965255
0.81979991
0.81991171
0.81857602
0.81802442
0.81653018
0.81419846
0.81454666
0.81580662
0.81558098
0.81541539
0.81364176
0.81389515
0.81326709
0.81376546
0.81204602
0.81023716
0.80862256
0.81421514
0.81285612
