3.00000000
3.00000010
3.00000203
3.00000268
3.00000002
3.00000071
3.00000126
3.00000006
3.00000142
3.00000281
3.00000003
3.00000000
3.00000018
3.00000005
3.00000001
3.00000000
3.00000000
3.00000001
3.00000007
3.00000040
3.00000001
3.00000000
3.00000001
3.00000012
3.00000006
3.00000000
3.00000072
3.00000002
3.00000000
3.00000001
3.00000002
3.00000026
3.00000041
3.00000077
3.00000021
3.00000000
3.00000015
3.00000005
3.00000001
3.00000001
3.00000046
3.00000318
3.00000371
3.00000051
3.00000000
3.00000001
3.00000012
3.00000058
3.00000204
3.00000178
3.00000031
3.00000083
3.00000002
3.00000000
3.00000001
3.00000043
3.00000010
3.00000002
3.00000000
3.00000053
3.00000033
3.00000419
3.00000015
3.00000230
3.00000323
3.00000730
3.00001563
3.00001297
3.00000375
3.00000794
3.00002038
3.00001946
3.00001660
3.00002077
3.00000775
3.00000495
3.00000631
3.00000783
3.00003593
3.00001148
3.00001330
3.00000569
3.00000408
3.00005685
3.00005089
3.00006210
3.00007937
3.00008016
3.00007937
3.00011021
3.00009076
3.00007168
3.00008122
3.00007801
3.00009265
3.00007807
3.00014679
3.00015741
3.00008165
3.00005466
3.00006119
3.00010152
3.00013920
3.00005761
3.00003101
3.00004387
3.00003309
3.00001698
3.00001932
3.00001106
3.00001681
3.00002019
3.00001144
3.00001756
3.00001377
3.00001842
3.00001519
3.00002775
3.00001006
3.00002610
3.00003147
3.00003168
3.00002583
3.00002347
3.00004460
3.00002374
3.00004427
3.00004307
3.00003931
3.00002580
3.00003042
3.00001726
3.00002389
3.00007414
3.00003096
3.00001739
3.00001739
3.00004658
3.00010017
3.00003169
3.00004293
3.00007626
3.00009940
3.00008995
3.00011566
3.00016136
3.00018004
3.00040984
3.00020146
3.00007504
3.00004745
3.00003654
3.00002485
3.00001906
3.00001823
3.00001789
3.00002147
3.00002456
3.00002174
3.00001073
3.00001388
3.00001841
3.00004200
3.00005494
3.00006196
3.00010955
3.00009145
3.00007725
3.00005879
3.00004842
3.00013254
3.00006990
3.00007943
3.00002032
3.00003577
3.00002383
3.00001823
3.00003053
3.00002112
3.00003404
3.00003922
3.00004784
3.00003355
3.00004473
3.00009291
3.00007380
3.00008782
3.00005487
3.00003218
3.00001983
3.00002926
3.00002794
3.00003019
3.00004127
3.00003605
3.00003630
3.00004053
3.00006038
3.00004420
3.00003545
3.00004202
3.00004133
3.00005098
3.00004958
3.00004657
3.00003137
3.00005134
3.00004461
3.00004237
3.00007279
3.00009643
3.00004574
3.00010713
3.00012647
3.00008544
3.00010385
3.00013190
3.00020741
3.00023021
3.00012288
3.00015624
3.00008982
3.00010676
3.00013322
3.00014865
3.00017431
3.00011460
3.00024462
3.00013027
3.00004770
3.00012121
3.00010272
3.00013797
3.00006298
3.00005250
3.00004337
3.00002058
3.00004576
3.00004813
3.00002793
3.00003580
3.00004313
3.00004962
3.00005108
3.00002967
3.00001841
3.00002550
3.00001783
3.00001769
3.00001322
3.00001835
3.00003636
3.00002159
3.00005456
3.00002076
3.00004451
3.00003221
3.00005363
3.00007644
3.00005514
3.00004553
3.00003997
3.00004485
3.00004758
3.00005573
3.00004927
3.00005142
3.00004098
3.00006689
3.00002823
3.00000954
3.00002731
3.00002497
3.00007652
3.00005393
3.00003184
3.00003115
3.00005654
3.00005787
3.00005187
3.00003376
3.00008793
3.00005904
3.00006089
3.00006885
3.00016094
3.00017221
3.00015419
3.00016283
3.00043967
3.00071651
3.00097627
3.00058529
3.00067235
3.00056826
3.00055882
3.00059612
3.00057797
3.00066890
3.00032141
3.00017623
3.00012432
3.00007034
3.00002927
3.00001413
3.00000904
3.00001407
3.00001138
3.00001769
3.00001791
3.00005669
3.00004886
3.00004189
3.00005959
3.00005211
3.00003450
3.00002226
3.00002397
3.00018389
3.00025370
3.00002904
3.00001716
3.00001670
3.00003944
3.00004406
3.00001967
3.00002572
3.00003577
3.00003827
3.00005601
3.00014355
3.00014558
3.00010118
3.00002183
3.00005461
3.00005564
3.00001564
3.00003658
3.00012277
3.00031838
3.00018445
3.00025842
3.00016408
3.00015137
3.00028429
3.00046725
3.00031720
3.00037798
3.00032821
3.00008298
3.00002054
3.00002447
3.00007957
3.00009605
3.00001737
3.00002550
3.00002377
3.00004435
3.00004186
3.00005405
3.00003063
3.00005343
3.00002329
3.00000845
3.00001507
3.00003751
3.00002243
3.00001882
3.00011726
3.00015221
3.00004729
3.00004211
3.00006284
3.00007553
3.00004957
3.00006070
3.00011729
3.00021088
3.00012150
3.00013615
3.00019399
3.00019677
3.00024327
3.00015475
3.00012794
3.00016863
3.00022498
3.00006703
3.00004739
3.00001872
3.00002150
3.00002746
3.00010404
3.00009511
3.00011561
3.00021027
3.00006942
3.00011093
3.00006016
3.00009596
3.00017651
3.00036774
3.00023420
3.00013066
3.00005552
3.00002941
3.00003547
3.00002523
3.00002392
3.00003295
3.00000941
3.00000309
3.00000788
3.00000925
3.00000724
3.00001799
3.00000970
3.00000466
3.00000747
3.00002527
3.00004478
3.00000986
3.00000485
3.00000720
3.00002124
3.00002889
3.00001630
3.00001365
3.00002612
3.00006870
3.00018732
3.00004163
3.00002897
3.00002929
3.00007471
3.00004966
3.00009172
3.00011191
3.00008838
3.00005032
3.00003577
3.00007122
3.00006318
3.00005395
3.00007589
3.00003202
3.00001658
3.00002990
3.00003582
3.00005916
3.00012361
3.00004421
3.00003622
3.00008050
3.00003647
3.00004420
3.00002579
3.00002634
3.00004051
3.00003803
3.00007225
3.00008335
3.00009864
3.00009284
3.00014719
3.00016132
3.00014756
3.00017434
3.00019620
3.00011313
3.00007318
3.00007902
3.00012877
3.00019021
3.00013741
3.00016679
3.00020828
3.00013666
3.00009632
3.00012217
3.00018544
3.00016496
3.00023586
3.00024031
3.00028054
3.00020744
3.00023112
3.00036300
3.00035332
3.00069154
3.00071343
3.00048365
3.00032466
3.00023377
3.00014022
3.00014477
3.00011969
3.00023801
3.00017397
3.00010260
3.00015726
3.00017498
3.00015383
3.00009486
3.00010255
3.00016728
3.00009328
3.00005956
3.00004850
3.00006268
3.00010224
3.00016946
3.00026396
3.00011715
3.00008862
3.00017820
3.00013229
3.00008891
3.00006192
3.00005835
3.00004362
3.00005101
3.00005076
3.00007006
3.00015008
3.00010351
3.00008800
3.00013236
3.00016043
3.00020670
3.00028482
3.00030127
3.00029195
3.00026198
3.00017330
3.00022336
3.00029209
3.00016975
3.00014948
3.00016348
3.00015225
3.00014270
3.00023765
3.00023369
3.00027518
3.00039094
3.00039333
3.00041549
3.00045180
3.00049092
3.00023671
3.00017515
3.00021856
3.00023955
3.00016236
3.00012202
3.00012366
3.00012405
3.00008576
3.00011458
3.00013768
3.00009822
3.00008002
3.00007981
3.00009098
3.00006284
3.00014178
3.00019886
3.00022381
3.00013499
3.00015948
3.00016662
3.00014268
3.00014702
3.00014709
3.00009725
3.00011067
3.00012668
3.00016274
3.00024425
3.00037063
3.00040256
3.00042857
3.00034885
3.00029621
3.00022449
3.00021374
3.00033167
3.00021291
3.00007346
3.00003812
3.00003673
3.00002478
3.00001598
3.00001417
3.00001461
3.00002043
3.00001717
3.00002025
3.00001656
3.00003336
3.00003207
3.00006108
3.00004196
3.00004052
3.00004978
3.00009220
3.00010967
3.00022943
3.00016417
3.00013922
3.00010669
3.00012356
3.00015093
3.00025653
3.00029550
3.00009768
3.00018772
3.00029281
3.00011821
3.00010947
3.00013262
3.00012792
3.00016123
3.00018483
3.00017069
3.00014178
3.00016475
3.00016898
3.00025136
3.00044290
3.00039157
3.00042775
3.00046769
3.00032664
3.00027038
3.00023111
3.00024499
3.00023570
3.00029823
3.00027996
3.00017697
3.00016612
3.00007133
3.00010300
3.00009901
3.00009715
3.00009879
3.00008387
3.00007701
3.00026125
3.00012433
3.00004543
3.00003198
3.00005690
3.00010500
3.00025070
3.00017685
3.00007255
3.00005699
3.00006306
3.00009041
3.00008347
3.00009069
3.00007933
3.00007925
3.00013782
3.00007072
3.00007233
3.00016065
3.00017218
3.00021178
3.00017076
3.00010519
3.00015067
3.00025871
3.00023825
3.00019948
3.00017314
3.00021142
3.00025609
3.00018412
3.00011324
3.00009577
3.00018387
3.00012492
3.00007303
3.00010970
3.00008234
3.00016816
3.00012413
3.00012682
3.00020477
3.00024219
3.00015215
3.00010919
3.00014575
3.00010292
3.00018055
3.00013093
3.00009384
3.00006278
3.00012631
3.00008215
3.00006353
3.00007806
3.00013347
3.00010124
3.00008462
3.00011217
3.00009408
3.00007589
3.00005978
3.00005563
3.00005112
3.00006095
3.00005950
3.00005776
3.00006672
3.00009453
3.00018581
3.00017209
3.00009043
3.00012615
3.00017903
3.00011391
3.00022233
3.00015631
3.00017584
3.00028922
3.00036067
3.00049631
3.00051785
3.00050513
3.00055002
3.00053391
3.00033518
3.00017048
3.00015501
3.00013018
3.00019175
3.00017740
3.00012506
3.00020186
3.00006451
3.00022437
3.00059613
3.00020619
3.00100457
3.00073577
3.00064426
3.00035930
3.00057215
3.00129178
3.00092668
3.00019540
3.00014752
3.00009667
3.00022129
3.00020218
3.00014486
3.00021904
3.00023332
3.00017976
3.00014680
3.00061969
3.00095062
3.00051273
3.00099392
3.00140914
3.00051580
3.00046384
3.00079541
3.00176248
3.00148919
3.00078846
3.00065605
3.00197166
3.00577271
3.00310928
3.01866723
3.01765457
3.02028823
3.01370497
3.01097276
3.00712175
3.01038437
3.00818493
3.00366693
3.00575032
3.00672261
3.00199657
3.00177591
3.00273395
3.00931378
3.01729331
3.00173020
3.00088077
3.00058727
3.00272885
3.00715219
3.00258536
3.00173085
3.00159391
3.00111728
3.00168612
3.00471544
3.01056745
3.01702906
3.05814506
3.06969658
3.04267828
3.06579065
3.08012515
3.30261019
3.29933192
3.30563394
3.47005800
3.18236185
3.17602549
3.45729554
3.85177964
3.84242987
3.22340104
3.15444717
3.24791117
3.41911927
3.25188462
3.18546413
3.29275081
3.25094734
3.34652155
3.17586460
3.15419950
3.40652835
3.23217414
3.44504054
4.00478351
3.88976200
3.40825209
3.40341674
3.93838624
3.39383275
3.21606304
3.27767218
3.44848498
3.21873851
3.36241479
3.61326663
3.31393391
3.42408209
3.92080261
3.85869006
3.34922582
4.80369751
5.43097595
4.20719524
3.62736130
3.92672910
3.91868862
3.58189807
3.72711002
3.71072007
4.13381743
4.55498184
4.83297743
4.32655195
3.56134533
3.62560919
3.68730347
3.50450274
3.82799621
3.82043056
4.07107284
3.51064532
3.89568050
4.82440795
5.93861706
4.61029597
4.39790237
4.08354695
4.15639760
5.66828404
5.47216883
5.04023217
4.73241114
4.82418346
5.78143413
6.37268233
5.02551598
4.33262124
4.52057311
5.39843167
4.35709536
4.77986544
7.09357880
7.65798399
5.37087836
4.09990260
6.32838266
5.67862799
7.48819897
10.16828406
5.99604611
7.55194155
8.86357721
6.41514254
9.22148859
10.03734205
6.87462777
7.17405998
8.76400338
8.35178813
6.77964626
7.69407911
10.19737700
10.09365110
7.43339417
8.22698856
10.34349342
9.40706083
6.38045497
11.01448352
11.25998946
7.38046478
7.36840803
7.09692786
5.36322978
7.14631670
7.58958564
7.13329204
5.50680052
6.06107222
6.56442766
7.09608969
9.16035494
8.75654681
7.82561273
4.70074067
6.08621472
5.16441710
5.06060658
4.49756103
4.65139940
3.70256872
3.83154477
4.02672203
5.46887502
8.04430388
7.16636576
5.51679335
5.38407440
8.18224900
7.49612620
6.89459875
4.73199462
8.47632782
9.78415355
9.14063603
5.39810343
7.97694771
8.71048730
7.32947442
5.05619086
7.46925424
7.36903968
4.65761775
4.44622242
6.44285749
4.32768250
7.01377081
8.76465973
7.98621048
6.60995540
6.53123977
8.06991801
5.75806542
7.05725867
4.54170657
9.20317040
9.29258748
9.07301117
8.52474957
4.42375364
7.53890695
9.28582478
8.70537496
5.39456378
6.24766044
7.39757675
8.24748440
5.79247175
7.79257399
9.74203711
6.96958097
6.52711744
7.73157303
8.91920254
8.82973258
9.12815515
8.27126320
8.10307679
10.32082864
8.41842890
6.81634822
8.34228034
6.45732286
7.16587022
8.45539973
5.92737089
6.76602923
8.89322849
10.51066380
10.70008533
6.62311031
9.05018532
8.35974722
5.27426471
6.18506538
7.78233842
6.49837985
7.61906350
5.73689649
4.92417662
5.79436397
7.54804632
7.20209653
5.34913867
4.86068583
4.57516278
5.65613347
7.28213868
6.35741200
6.88507139
7.88385161
7.01566712
4.31703829
7.78991199
7.97921952
7.88948109
5.58037183
5.17404432
5.53668149
4.21663433
4.78952038
3.87969589
6.14283576
7.53616354
7.87660535
7.12334058
5.18430926
4.29061990
5.40356529
5.30957103
7.10218892
7.09181116
8.60171648
7.66525553
4.13665938
5.21920994
6.18709532
6.44418119
5.57722889
6.56625856
4.65804237
5.88827555
5.64468345
5.60384431
4.78954279
7.65883580
6.79595502
6.37102906
8.31058590
8.11993951
8.97934916
9.50686863
5.45821872
5.11176667
5.61905464
9.23283615
9.30367513
5.88599673
8.32434645
9.13140136
8.54274955
6.81265582
6.34960833
9.52384906
9.42623522
5.63548803
5.19050656
4.61781942
7.23358851
6.82190756
5.22738042
5.04070298
5.02748229
6.41383079
7.56369069
7.39732463
7.22532318
5.52366109
5.06895625
5.37430669
5.36630224
6.09171237
5.21304266
5.03549668
4.79533744
5.47400974
4.28359003
7.42291859
4.10251768
7.17416025
7.48680215
4.68303930
4.06254712
4.79436344
3.52739386
4.84237587
3.94529036
4.64632575
5.03456428
5.29219683
6.53297507
4.14659245
8.36253982
6.88432259
4.63619063
7.48679389
8.15663079
7.91309092
8.76501958
8.01574512
5.24154205
7.12049222
6.90174187
6.51506347
7.16701087
5.85927215
5.40982235
4.62754405
6.02609476
6.12360053
9.32794705
10.36514921
10.02176150
5.91879791
8.60630272
9.66627825
10.18534105
9.18015367
6.47849360
6.87628581
8.97552979
5.87204141
6.52488857
5.44395204
7.38004004
10.34637732
10.41183260
7.94813399
5.07770122
6.53093844
8.18362441
7.92542649
4.96000926
4.58500159
4.57246030
3.61798555
4.63711015
7.62244769
6.06191093
5.24443113
6.24456774
7.15467575
6.88045794
9.17750715
5.73471626
9.44602122
9.66180906
9.74125333
8.82934819
6.74831049
5.74492109
6.03355109
7.34350333
9.34707434
8.48480563
6.06338382
4.42326912
4.14449383
4.02874993
4.43770770
6.10024007
7.33633812
6.60479769
5.48542876
8.68706731
8.83588261
7.47337111
8.84409993
12.18198540
12.25514654
11.15163101
11.26379061
10.81777232
11.54795754
9.06663079
6.84700339
6.36800573
9.25367850
11.91204498
11.45057098
6.08619531
9.21511732
9.67534403
11.33276942
9.88122011
7.93307382
8.78612964
9.57759472
7.75497950
7.11735701
12.33551622
6.52009988
11.68329182
12.33373818
12.16596407
6.81028025
9.53235541
10.64115520
8.76767421
8.76967410
11.57686444
11.48824041
10.09970225
8.59232209
9.44487399
8.99329687
8.10177545
9.75329304
9.23850273
8.41174035
7.41689687
6.70770658
6.28546913
6.07754010
6.51884813
6.36496679
7.58145722
6.45416605
7.29055533
8.21200908
7.23407830
7.97525173
6.72672404
7.99304463
9.34921645
7.31559419
4.84068936
4.95741563
5.81054122
6.78078161
6.28674088
5.37058599
5.33749606
8.57786230
6.19307936
5.28504833
4.93812436
7.49815945
5.92152371
6.03882464
5.68838224
6.55371818
6.25247937
7.61441104
12.61730215
12.50863754
11.97702846
7.39793484
10.43649713
12.21312548
12.23431885
8.32104769
9.48080358
11.40456390
10.68503303
9.23162978
8.37410940
6.84452938
9.74437055
7.55422611
6.83748243
7.71946905
6.61818714
5.40770618
6.50978846
8.41457845
9.90951727
6.15057278
4.96525708
7.31171251
10.62416392
9.11979463
7.89265336
10.52741648
9.05552851
9.11219062
9.17715986
8.48071375
8.60657046
9.85556840
11.25826535
10.71761862
10.23847565
9.76707714
6.96520623
6.62712254
6.04483276
6.91867756
7.91114498
7.79525536
9.89724575
7.99284617
9.19069321
9.11208762
11.49180096
11.78264642
6.98415018
9.05962233
9.53244848
11.56339920
10.85006347
9.55605496
11.51253398
9.11848738
5.87125113
8.29729564
9.09060558
9.04772543
10.01870965
11.45056625
10.15661632
8.78604382
13.48034163
12.81263497
12.26198148
12.39709061
12.29061729
11.41848329
13.58343856
14.53667270
12.91112767
11.13884624
13.26007879
14.64260634
14.09028195
10.95640765
9.90757715
10.87908359
12.95197047
10.88363487
8.44289512
9.82150926
13.35975904
9.34472432
9.97658972
10.90028591
12.39070653
12.91184956
12.97697491
11.84249854
11.22400079
8.06904966
7.61537152
7.95379600
7.70163443
6.67589078
9.48706283
8.79735612
4.80105391
4.32776118
6.37276883
5.79922114
5.60480590
4.72928575
4.58955331
4.80764042
4.65715803
6.21336526
9.56077070
8.90436223
7.50078584
8.53990841
8.37937627
6.93399715
11.55560483
11.42687426
12.06606478
11.81340209
11.66503523
12.56421196
13.21985051
13.70706719
13.95231842
14.93920465
15.43677720
12.24372168
9.91519049
14.60986986
13.63022933
11.36667201
13.05970717
13.99386626
15.37971778
17.25880361
17.67798571
17.23402765
14.26167740
16.68250969
15.70524071
15.06946432
15.77732531
15.10709777
12.99472960
10.92194333
14.82883550
16.50946780
16.95778702
16.11461583
11.74084154
13.31900118
9.77874871
9.35164599
12.98162593
11.39553857
11.36538617
10.32315627
9.64572015
9.01933945
5.60034038
8.39286327
8.21710796
7.90225066
6.50679002
6.92912585
7.29486252
8.83817107
8.32222736
9.82877445
10.65973116
8.44393386
6.62239315
5.40949570
5.36351719
5.04101296
8.88527035
7.68422297
7.42138220
6.73506057
7.42780470
8.98247018
9.12498375
10.76716580
9.19484038
5.81816504
9.22559108
8.49447118
5.21370910
5.63162346
6.63923677
4.86289250
7.07810389
5.63060782
4.67207127
6.94997819
6.44903257
7.86975457
6.69636599
4.90149390
8.11859123
6.85606920
4.76079877
5.40144041
7.72003911
5.10034562
8.32391195
9.11543474
7.35920388
5.08933911
6.13945306
9.33951692
8.55666777
7.35042173
6.89846748
5.53322506
6.76011212
5.69280214
7.09837442
8.73506563
9.21188773
8.55124462
8.14045470
5.85467117
8.35078448
8.83365184
6.60525894
7.51234692
8.16429554
5.79437651
4.65650326
7.51861850
9.24357469
5.91968685
5.91940326
7.31118423
6.00088236
4.71224281
4.54331414
5.82068474
4.65546867
5.52714725
6.89132985
8.75670897
7.89464345
6.33020356
5.79835972
6.08413093
6.66200403
6.45570313
6.65762585
5.43289214
5.13485588
4.81473627
5.22864734
7.76293436
6.70359010
5.44345522
5.86626891
4.25879680
4.48267073
4.59045434
3.77002065
4.77761679
3.73042229
3.89495696
3.95457482
4.33884627
3.91032480
4.25641258
4.65338160
5.20367773
4.51490482
5.03060930
4.95424496
3.78214492
3.66689509
3.44501079
4.09350147
5.92551615
4.91918628
3.80107864
3.86415081
4.70301617
5.05620986
5.78207864
5.39726199
4.56497343
3.36429393
3.41032213
3.62065664
3.34507808
3.47410808
4.45404422
3.70987734
3.34656154
3.43588488
3.80843872
4.07696783
3.27832924
4.00783604
3.49194430
3.36250967
3.41494616
3.78286765
4.12120270
3.58591918
3.76557660
3.85230076
3.48350297
3.22866730
3.36735416
3.47318574
3.14565550
3.30641507
3.29403520
3.13266609
3.04734439
3.11054501
3.05802234
3.08855878
3.06267480
3.03045838
3.02243904
3.04225768
3.04123339
3.01898846
3.01773492
3.01695929
3.01290685
3.02083302
3.05011032
3.04098421
3.18736167
3.18221803
3.05523970
3.06659515
3.13429654
3.14802277
3.11740758
3.09775748
3.07681879
3.08391985
3.10052178
3.07902058
3.09573390
3.03906583
3.03012571
3.01818098
3.00926297
3.00560660
3.00875326
3.00379537
3.00385853
3.02804525
3.02682443
3.00423987
3.01173442
3.01924535
3.01471315
3.00915689
3.00740308
3.00811277
3.00306424
3.00253924
3.00326669
3.00208247
3.00126222
3.00071243
3.00038194
3.00240878
3.00570456
3.00083579
3.00199612
3.00122696
3.00084321
3.00053930
3.00013535
3.00088126
3.00018759
3.00010662
3.00024518
3.00043186
3.00046066
3.00039639
3.00020266
3.00089828
3.00131349
3.00116331
3.00056785
3.00066021
3.00042412
3.00029451
3.00022503
3.00039243
3.00035644
3.00033117
3.00029235
3.00053426
3.00101417
3.00045165
3.00013268
3.00005984
3.00003472
3.00002979
3.00020697
3.00022027
3.00009651
3.00001878
3.00001879
3.00001240
3.00001319
3.00001254
3.00001674
3.00001070
3.00001008
3.00001925
3.00002728
3.00001419
3.00001775
3.00002474
3.00001776
3.00001919
3.00002144
3.00001575
3.00002229
3.00001593
3.00001794
3.00001842
3.00003085
3.00004548
3.00014079
3.00032930
3.00051757
3.00018953
3.00007254
3.00011366
3.00013750
3.00006458
3.00003080
3.00004116
3.00003101
3.00002765
3.00003297
3.00004532
3.00005808
3.00003249
3.00002762
3.00001353
3.00002373
3.00002253
3.00003197
3.00005213
3.00003453
3.00001436
3.00001917
3.00001696
3.00003354
3.00003449
3.00001795
3.00002538
3.00001845
3.00006892
3.00008197
3.00013905
3.00008061
3.00004195
3.00001878
3.00001201
3.00002852
3.00001896
3.00001299
3.00002757
3.00001140
3.00001519
3.00001230
3.00000682
3.00000523
3.00001160
3.00001234
3.00000773
3.00000468
3.00001426
3.00003535
3.00007295
3.00002544
3.00001330
3.00003769
3.00007249
3.00007068
3.00006502
3.00002459
3.00003198
3.00005672
3.00006861
3.00006255
3.00011444
3.00008364
3.00008590
3.00017546
3.00010820
3.00006788
3.00004820
3.00003113
3.00003725
3.00001659
3.00003073
3.00002080
3.00002170
3.00002105
3.00001823
3.00003792
3.00008862
3.00011804
3.00009582
3.00020622
3.00010103
3.00014693
3.00021966
3.00014345
3.00008453
3.00008154
3.00006482
3.00002605
3.00004079
3.00011014
3.00038202
3.00046402
3.00043979
3.00042725
3.00022212
3.00033015
3.00011724
3.00008266
3.00004887
3.00004552
3.00001916
3.00002012
3.00006940
3.00028674
3.00019752
3.00003269
3.00013193
3.00014225
3.00008565
3.00007879
3.00010083
3.00004604
3.00001667
3.00002827
3.00002700
3.00001046
3.00002309
3.00002859
3.00008621
3.00008588
3.00006541
3.00008378
3.00002215
3.00003979
3.00004556
3.00002952
3.00002190
3.00001634
3.00004294
3.00002598
3.00001799
3.00000855
3.00001053
3.00001094
3.00003745
3.00004389
3.00000840
3.00000362
3.00000834
3.00001541
3.00004196
3.00002022
3.00001393
3.00001522
3.00000785
3.00000636
3.00000515
3.00000187
3.00000319
3.00000342
3.00000222
3.00000601
3.00000392
3.00002158
3.00014626
3.00018262
3.00006786
3.00006142
3.00005520
3.00007430
3.00007970
3.00064982
3.00036389
3.00013130
3.00016310
3.00007335
3.00002093
3.00001177
3.00001275
3.00000877
3.00000367
3.00000420
3.00003746
3.00001316
3.00000332
3.00001712
3.00002104
3.00001502
3.00001634
3.00001653
3.00002866
3.00003060
3.00004949
3.00012998
3.00006333
3.00003598
3.00004066
3.00003980
3.00004654
3.00002653
3.00001451
3.00002789
3.00010355
3.00016698
3.00004941
3.00000972
3.00000905
3.00001532
3.00003627
3.00003668
3.00002030
3.00001640
3.00001963
3.00001708
3.00000908
3.00000419
3.00000340
3.00001823
3.00000613
3.00000239
3.00000426
3.00000504
3.00000570
3.00000186
3.00000386
3.00000167
3.00000385
3.00000183
3.00001035
3.00006601
3.00014935
3.00005723
3.00002751
3.00009553
3.00007113
3.00004834
3.00017909
3.00041700
3.00007424
3.00008971
3.00036002
3.00087751
3.00022961
3.00019063
3.00034883
3.00040468
3.00012269
3.00006786
3.00006174
3.00016465
3.00006770
3.00017546
3.00014908
3.00007808
3.00032284
3.00023451
3.00036064
3.00022198
3.00019048
3.00010900
3.00010634
3.00034291
3.00121770
3.00032800
3.00024478
3.00011558
3.00118518
3.00257936
3.00027128
3.00050268
3.00068828
3.00080572
3.00084462
3.00098048
3.00090024
3.00021389
3.00009477
3.00041939
3.00209862
3.00313159
3.00267990
3.00079263
3.00067422
3.00067207
3.00279371
3.02423564
3.04448892
3.06027558
3.04573283
3.00520002
3.00362156
3.00289316
3.00679770
3.00732633
3.05047630
3.03844546
3.04448345
3.03735998
3.00840707
3.09699009
3.13070083
3.04436750
3.03794458
3.06474111
3.04016703
3.02759516
3.10176620
3.29100936
3.12608115
3.14667049
3.15633108
3.07833897
3.03590051
3.10999110
3.35235129
3.41294485
3.19493732
3.07594275
3.05140283
3.21106911
3.12041538
3.05102165
3.22222059
3.15682852
3.19613096
3.27709562
3.09624387
3.07461348
3.05455117
3.18124248
3.27732672
3.45066614
3.30948388
3.03922393
3.13361763
3.07081881
3.05551565
3.08479377
3.30445170
3.16867166
3.20017807
3.66160064
3.36385454
3.19264356
3.15655141
3.12356372
3.20206979
3.14138379
3.10440603
3.30731920
3.87224576
3.61616186
3.15783097
3.43683946
3.85433927
3.61932586
3.18051665
3.09860845
3.37668018
3.60549550
3.63511286
3.22032475
3.83229172
3.86994867
3.20370868
3.31156392
4.00896888
4.76458087
3.81352051
4.01644080
4.35713504
3.41048490
4.61213939
4.19929936
3.48740006
3.38756594
4.57059842
3.79942935
5.81739844
6.89414851
5.41649134
3.83571563
5.40325535
6.82427287
5.88738382
4.03205203
4.24784166
6.63128726
5.31785756
5.04658135
6.73031236
8.60422482
5.41229911
4.48505785
4.47375391
7.96377743
8.98986904
6.13829852
5.49847000
4.63779345
6.93837984
9.01386282
9.67711550
9.30332433
11.67053046
12.72770812
10.32419236
10.64704302
13.89497667
9.92746982
10.34145414
11.71380187
8.86261665
10.70578207
7.12142335
12.07074904
12.70691833
14.13495979
12.35002764
10.45995413
9.44217357
8.45414353
7.87859577
6.01243947
5.74826489
5.03271550
6.14446050
7.65931685
8.62396326
5.68726904
7.07442805
8.19491749
6.30350731
4.85608876
6.53430492
8.89337594
6.05316842
8.61085320
9.19738071
7.44952674
5.57746389
5.98606107
5.88370814
10.04796640
12.92211914
13.91913690
8.73047497
10.16355986
13.29490430
15.46170032
15.78734895
13.52080923
15.45057013
15.76885555
14.90282011
17.95426278
18.02884210
17.98890872
15.82081522
11.90053132
14.21463845
16.53117746
16.79712605
17.19416976
13.86034026
15.60647308
13.50495619
14.80103198
13.30118690
16.64468746
16.27036088
16.47394252
16.45863504
15.67380078
15.03579981
13.34636996
14.53553908
14.48387575
12.98475656
10.21921630
11.93685321
12.94528858
15.14837213
14.96203757
16.19067440
15.46295581
15.39807453
11.52329785
16.16586252
14.74511850
10.87246203
16.34548293
17.49198128
18.22555798
17.99858756
13.27134435
15.98322483
16.93516674
18.35207877
13.67608052
17.77740157
16.34266542
18.07399885
18.42113702
14.64023115
13.17519087
15.58262250
16.59527025
16.28754595
15.73240075
13.37198539
16.58746202
18.17140752
18.41073383
17.98167182
12.82811329
14.39004661
13.65355048
14.04668840
13.79627703
17.46732477
16.92254880
16.76669756
17.52274858
16.87829548
18.03634659
17.25877432
11.64284394
18.16780188
17.95952570
15.64934703
16.98822023
16.85191409
16.42102557
18.00430379
18.07157463
15.07646562
18.04625889
17.89981250
13.90382598
13.86515071
15.52496612
17.69021772
17.35702603
13.73857412
14.05174582
17.83384313
17.66560508
17.69036472
17.62546297
16.12472167
14.11220231
17.08098602
15.50079953
16.06986831
17.88461786
18.16708783
18.50405425
18.57832635
18.27593838
13.65350607
18.03871156
12.82160727
16.84566242
16.20443975
12.62712749
12.70858325
12.58415016
16.24358945
15.01694814
16.52631379
16.17376748
18.54658689
18.58183852
18.05719989
17.04852325
17.54715538
17.91315976
17.48767451
17.54793695
14.34968209
17.57137037
17.44502748
17.79889412
16.09755087
15.81099742
10.53826444
17.96491274
17.81430356
17.10907048
17.05033780
13.61079074
11.23463351
16.69047885
16.18312041
15.98028508
15.94487499
14.66016318
15.22583868
17.79590580
18.39211896
17.88612849
18.23886539
17.43187223
16.63876424
12.70719121
17.16554317
16.85497143
17.61334286
18.10751274
18.10608050
17.30435167
15.02785467
15.68635158
18.50808939
15.86187920
17.40186737
16.64010506
16.45669607
17.81867673
17.64513212
17.99227527
17.95420425
13.48376292
15.12408515
16.70833713
18.13735874
16.99478597
14.68632539
17.48534953
17.50409100
16.27805919
16.70657558
17.92401269
18.09146619
13.33753947
17.81154684
17.51966776
17.79736221
17.38883500
17.28588751
16.87428897
17.12666324
17.06253495
17.04253952
15.78459483
15.99922542
12.38570408
16.06673671
18.44448503
17.50199016
16.25213887
11.91720835
15.62107614
16.73865476
16.73001275
16.76261546
14.79439787
12.97896408
11.84612807
13.66573613
14.81056234
11.48308769
15.71003507
14.38923159
13.39667792
17.37151826
17.11514363
15.78405428
13.67307881
15.94807699
15.82617253
16.66134165
16.50573753
15.77207116
15.33244465
8.95908089
14.78888370
15.69678904
16.08783950
16.99758456
16.74544477
15.22962629
13.36327407
14.27528392
14.01052342
14.13661002
12.80304641
10.87404981
11.03497475
14.97285899
14.95774671
13.52005597
9.26910930
14.39313548
14.05501552
12.94367090
11.87001161
13.12823017
12.74852261
9.34258190
14.67263260
11.78005848
15.00925875
15.32104215
15.09320089
15.13264192
15.23054520
14.21665557
13.10065370
11.18295117
13.94982710
11.21687847
10.06586051
9.58347510
12.62760741
10.05947143
13.53259183
13.56493834
10.47405111
12.35945061
13.94025664
13.83175398
13.52302158
12.59580231
10.62884869
6.25945879
11.04332529
11.99648427
13.02157416
13.16165237
13.84432549
15.48920852
15.86408863
16.00937960
16.45865409
16.44539798
16.26705895
16.25974083
15.03835808
13.70150286
9.65231198
15.25258082
14.13511982
15.32587800
15.54383156
14.44692312
14.41491186
12.13054540
13.69870072
12.31114271
10.75153726
12.50849789
12.23703629
9.15072870
8.37505776
10.74286214
13.27242732
11.93308439
12.45307110
13.12343205
11.49799500
14.99172753
14.02171265
15.62878105
15.46425667
15.19736247
12.85014967
11.05398635
13.75533740
13.14393519
16.21520216
12.62831109
14.55633287
16.94929823
17.59770227
16.92492474
15.75958843
15.52504259
16.03725237
16.12942201
16.69358346
16.51120920
10.72405076
14.79127339
10.94099025
14.96832189
14.86219673
15.75641806
16.12402079
16.61007209
15.61566332
14.62457988
14.17850087
14.89865774
16.26423972
14.90682044
15.64125587
15.51152257
13.20222099
14.37874805
10.93169276
9.97949052
10.25722411
14.80074206
15.48479071
15.43513030
13.92156654
13.71899829
14.86336000
15.66648204
14.34697571
16.22275935
16.03415004
15.53900287
14.06697404
15.31143417
16.73537338
16.47479271
15.37406214
15.35089196
14.38053434
14.15585605
16.49150746
16.11001629
16.94814065
16.93783599
17.09619866
16.97622135
17.72618994
17.45521127
15.68977053
13.74060991
17.07926327
17.54933721
17.23345603
17.95849994
17.25117162
15.88877638
16.19454335
14.02894294
14.31478874
16.19528788
17.50305833
17.81254534
17.48534277
16.37940534
17.71340636
17.00963356
16.37672187
17.88231184
17.86084100
14.03774462
11.86100938
12.55993263
14.61194087
14.93141992
15.46742007
16.12609476
15.26911109
15.34577467
16.14238598
16.20681743
14.75985430
12.39483891
15.47856578
15.29118537
12.92565265
14.36021438
16.13055685
16.07540828
14.87454870
17.19974423
17.15185869
18.10424506
17.78786585
17.37837233
17.52597292
17.88905241
17.55964256
16.91109810
15.56696878
16.63512310
16.29261924
15.89631816
15.85284871
15.83590296
16.32851341
14.21284132
14.59731971
15.77281714
15.94157831
12.99975543
15.06200123
16.91457936
17.44717049
17.14690059
17.69401383
16.42098574
16.85112363
17.66524384
17.32466735
17.65452758
17.15854137
18.07728875
15.68635404
17.24364243
13.86002783
16.44541568
15.57280018
16.13046430
17.32965565
17.47785055
17.43868765
17.64020222
16.66999454
16.43047157
11.78831283
17.68547095
18.13352587
17.56572660
15.31479049
17.13883875
17.67216784
17.45744757
15.35569483
14.98806277
14.90558309
17.33485408
17.10722808
16.98538346
16.77105764
16.99782851
17.50316039
17.43356124
17.64150397
13.83111737
16.17944078
16.92767847
16.96468500
16.12382072
15.28069327
13.50775817
15.74525122
17.04293835
15.67427034
12.59021337
12.28792176
11.68646824
15.09945140
12.96207106
15.07315426
17.91553764
17.74611235
17.17996469
16.59722239
16.57361316
13.70188427
11.90671231
17.27204201
16.96193070
17.04588016
16.54000589
15.88754063
15.40459942
15.75284243
14.48487481
15.71660481
15.27907706
14.57261000
12.81689196
12.56840482
13.65969296
13.82196349
13.87446108
12.83900491
13.39155249
8.73768502
12.71499680
13.43296569
12.94884062
13.18833825
12.56274224
13.49605147
14.46690426
13.76561805
12.62487472
10.46223527
8.77184808
13.84242403
12.52498033
12.75531460
12.41127355
12.01940815
12.07386295
12.36368131
13.51569736
13.02002872
12.60981280
10.33488794
13.07484882
13.30621363
12.01755288
13.23848343
14.34118772
15.17082932
15.29974098
14.59667904
14.58923015
14.16849964
14.65396929
15.18416834
14.98212565
14.46953833
14.79258153
14.89010174
15.08857605
11.98824876
15.80554679
15.57442739
15.41267371
14.48137680
14.70602994
14.72924216
12.25744117
14.29236712
13.77445910
11.05368432
11.37135999
14.89476235
15.21346024
14.10206805
14.45268793
15.35810587
15.51196924
15.81750543
11.41616943
14.73667620
13.40822318
13.78890156
10.04896327
11.47441684
15.22451720
14.84801886
13.57488584
16.39145517
15.27054999
16.37392094
14.60615514
14.90895142
17.31716587
17.40394484
17.01100023
17.27531833
16.87153916
17.46895223
16.73737366
12.44931445
14.15525525
11.66920420
13.37132728
17.24186939
17.86181963
17.10235978
17.34256299
17.17541417
15.52586413
16.31126811
16.29321611
14.27514926
16.54491937
17.37219548
17.25682768
14.22225585
14.46626775
12.53938281
16.79710181
17.21528891
17.44259086
15.68059716
14.56507176
16.50623782
12.84728864
15.32212316
14.97244369
12.26426254
10.22927487
12.47981634
15.54662045
16.17281701
16.36691754
11.47780664
12.38322603
13.98615770
12.93925160
9.48082516
8.57905894
14.03308516
15.23822777
14.91307557
13.42215548
12.25846910
9.20684584
12.21149814
12.17540182
11.74748393
10.84932245
11.96436470
12.97264696
12.46813824
15.17949597
14.77309167
14.58993347
15.30526791
15.58309484
15.28100860
14.31137635
13.13717617
13.78401757
13.54020357
13.47433269
14.34690608
14.03840169
13.66810253
13.62254625
13.88543379
13.77735188
7.92635115
12.71392736
13.78220200
15.22240864
13.79973315
14.31394595
14.36751509
13.89889996
10.84671690
12.83157181
15.72061298
14.26107842
13.42314442
9.37909627
13.92206552
15.55883121
15.38616341
13.37443894
11.12221309
13.38019489
11.67864480
9.10775473
11.75671767
11.97056546
10.51386547
14.69325093
14.37745065
9.20572763
11.07832951
14.17009172
14.02678323
13.92577137
12.19301385
12.42767922
12.96889793
10.38872917
11.13699938
12.02100712
12.26739629
13.11201871
13.22273910
14.83431729
15.20702788
15.85376009
14.89046940
10.56777308
12.52316542
12.75582252
14.07704078
15.18134365
16.19628300
16.54270130
16.54738162
11.98324165
15.36161947
16.24188739
11.06675648
15.45826965
15.84838982
16.04463678
16.72435809
16.92082921
16.74558920
15.43620035
15.34238371
16.80218912
17.02524418
15.97685518
16.70806123
15.82620260
13.53916346
9.44753606
9.37724498
11.91782177
10.58227847
8.91957327
8.23887946
11.67228004
14.95205600
9.56527826
14.21929195
16.01540829
16.17189687
15.88991192
14.80816805
13.01981212
13.79676940
14.42114517
15.06832666
13.65127706
14.75312352
14.34325748
15.19017096
11.77796006
16.62164631
17.03361062
13.56613560
15.65085976
15.57743798
14.94173206
15.99509182
14.01583637
14.16006578
15.89259960
17.03233970
13.21047844
14.72429279
12.16159187
14.47470653
13.87708224
15.66687149
16.48638085
14.85017709
10.81937532
15.07839292
12.83493399
17.05577758
16.49398401
16.61201957
16.37679786
13.65027558
16.53137421
16.97855381
16.36003627
16.06236673
16.10221615
16.47931237
12.33881784
15.59409959
16.07232111
15.00372927
12.70347969
12.15542344
11.64996210
13.75742240
14.82620150
14.85163387
12.82602646
15.08411219
15.16648557
15.00039731
14.53030905
12.08076278
13.09470020
11.64597562
11.14223184
13.60881771
13.35039362
11.78787173
11.03981817
9.02685646
8.26409683
9.82060498
8.38441237
7.92694157
10.52340611
10.98404131
10.82622273
7.48391795
11.31779081
11.67077673
9.76327562
10.55033858
13.86174069
11.87512931
13.99403655
13.12375361
13.69398155
14.81628665
14.32586648
10.71499301
8.23823070
12.64375672
11.57283046
11.35018090
12.39010936
12.17081352
11.56600187
11.05319936
13.36880101
12.17157153
10.46579882
9.94664591
10.65398103
8.35248274
8.70924736
6.76898330
8.42317828
7.99763807
8.74346050
7.02436327
6.31695387
5.82208613
7.37166792
6.24768234
4.81494273
5.56459549
6.47754547
6.75597564
6.67102687
8.20300444
8.07354964
7.15354934
7.32405915
6.57619474
4.95118563
4.83371276
6.87209798
10.10263441
10.68397328
7.92650042
8.73222331
9.32162313
13.34997028
13.71100180
13.22276301
10.32277090
10.61701837
8.22645443
12.43444582
13.32147254
12.05792905
8.82154448
11.25859213
10.51459259
7.14526940
8.94824181
9.47804419
5.65484095
8.37461308
9.50831075
8.76681573
7.21265101
9.96341782
11.40139360
10.74586731
9.38304136
9.94140087
9.27234430
6.74401692
5.67866896
6.40260060
7.24543373
4.84654704
6.14116212
8.02054357
5.00261410
5.86522794
4.91127288
5.89813661
4.61258177
4.23621804
4.41621549
4.62858784
4.88177349
4.30009759
6.30281211
5.04315704
6.73633906
6.03596868
3.94473052
4.91598782
5.52130082
5.49598310
5.34972593
3.71382607
3.93150478
4.13119392
3.86491084
3.62605095
3.87181133
5.41277728
3.97403847
3.76429756
3.73664398
4.56814554
4.24640300
4.04209385
3.57961113
3.53932077
3.73496247
3.71644092
3.43317336
4.15375051
3.73311978
3.57738968
3.92156960
4.23441771
3.74628856
3.40144846
3.47363861
3.80806435
3.29546498
3.20537900
3.27731048
3.36071734
3.70169984
3.54195963
3.18405422
3.25887357
3.28876328
3.13234259
3.11574467
3.26873667
3.20917747
3.29617568
3.21378836
3.08985307
3.19489677
3.29694990
3.17831868
3.17240954
3.15369303
3.08388660
3.08925468
3.06719950
3.13701563
3.08357862
3.09914383
3.15081112
3.15296260
3.08881010
3.12374513
3.09393560
3.11483057
3.13059068
3.12598033
3.10773078
3.11929453
3.04824107
3.02905835
3.03014926
3.06113501
3.06172290
3.05741557
3.03188946
3.04491936
3.04143205
3.04529014
3.03583579
3.01299584
3.00524389
3.01054029
3.00749159
3.00537419
3.00345979
3.00947355
3.02108966
3.01220945
3.00658798
3.00334787
3.00562063
3.00763804
3.00968594
3.00806549
3.00432595
3.00267453
3.00457522
3.00714130
3.00348778
3.00393665
3.00272337
3.00429130
3.00273628
3.00247315
3.00387894
3.00429780
3.00328935
3.00438686
3.00379468
3.00244111
3.00177570
3.00063801
3.00045711
3.00090883
3.00112323
3.00238146
3.00083057
3.00059381
3.00087468
3.00080619
3.00038708
3.00050526
3.00073906
3.00011832
3.00036666
3.00068878
3.00038828
3.00024934
3.00027663
3.00031702
3.00031460
3.00023234
3.00026799
3.00027438
3.00024803
3.00063062
3.00039035
3.00018399
3.00016206
3.00012821
3.00014813
3.00013768
3.00049896
3.00192158
3.00253150
3.00135587
3.00143797
3.00218474
3.00265402
3.00356573
3.00292031
3.00369745
3.00251351
3.00313947
3.00218417
3.00081698
3.00047127
3.00029747
3.00026731
3.00021768
3.00014925
3.00025536
3.00021266
3.00020897
3.00008167
3.00005118
3.00005889
3.00010662
3.00012706
3.00018970
3.00016085
3.00009092
3.00006566
3.00008026
3.00007491
3.00005242
3.00008277
3.00004346
3.00002753
3.00001913
3.00001961
3.00002408
3.00002263
3.00002503
3.00004719
3.00001154
3.00000766
3.00001289
3.00000492
3.00000905
3.00002038
3.00001057
3.00000569
3.00000529
3.00001183
3.00002798
3.00001815
3.00001397
3.00000824
3.00000624
3.00001197
3.00001102
3.00001119
3.00005007
3.00006218
3.00003315
3.00003921
3.00004159
3.00005457
3.00007454
3.00010397
3.00010282
3.00013267
3.00012412
3.00011469
3.00025774
3.00019624
3.00016413
3.00041192
3.00028531
3.00032381
3.00032783
3.00025711
3.00030798
3.00037981
3.00034835
3.00052344
3.00065044
3.00037959
3.00053862
3.00066467
3.00065894
3.00076313
3.00088142
3.00066265
3.00039009
3.00025143
3.00024097
3.00010427
3.00014926
3.00047897
3.00026720
3.00024801
3.00019164
3.00017391
3.00021480
3.00033684
3.00047356
3.00065885
3.00071242
3.00051561
3.00035183
3.00027282
3.00056942
3.00089675
3.00197422
3.00172571
3.00197904
3.00060877
3.00040431
3.00071319
3.00035318
3.00072076
3.00078598
3.00092503
3.00043558
3.00043734
3.00033243
3.00031393
3.00025240
3.00015857
3.00014979
3.00012396
3.00013180
3.00019018
3.00027659
3.00057517
3.00175791
3.00235426
3.00203958
3.00201838
3.00227904
3.00219254
3.00297478
3.00259671
3.00168278
3.00157697
3.00144949
3.00117324
3.00096424
3.00153377
3.00208183
3.00190738
3.00210624
3.00186149
3.00087800
3.00032649
3.00019390
3.00011796
3.00006401
3.00005368
3.00007942
3.00021745
3.00028316
3.00037590
3.00019182
3.00017117
3.00014947
3.00014172
3.00017222
3.00048822
3.00037619
3.00048866
3.00062390
3.00076652
3.00044619
3.00043312
3.00038057
3.00046493
3.00038123
3.00027084
3.00028774
3.00021290
3.00016678
3.00034361
3.00033216
3.00008988
3.00002930
3.00002156
3.00000968
3.00000941
3.00001100
3.00000847
3.00001064
3.00001872
3.00001612
3.00002215
3.00003705
3.00002434
3.00004511
3.00009551
3.00006433
3.00005886
3.00002550
3.00004693
3.00007201
3.00006561
3.00009108
3.00014191
3.00010118
3.00004359
3.00006290
3.00006540
3.00006573
3.00006008
3.00002922
3.00005038
3.00016457
3.00018076
3.00011697
3.00007345
3.00002978
3.00002870
3.00003168
3.00006708
3.00006756
3.00005337
3.00012223
3.00034429
3.00032353
3.00018301
3.00021671
3.00026510
3.00050062
3.00042649
3.00025605
3.00022364
3.00019587
3.00015341
3.00011930
3.00016444
3.00043981
3.00030545
3.00022510
3.00056379
3.00056170
3.00059670
3.00070209
3.00099073
3.00118797
3.00149142
3.00171673
3.00087089
3.00088354
3.00063907
3.00038545
3.00036289
3.00028178
3.00010671
3.00006471
3.00005731
3.00010081
3.00013308
3.00017945
3.00027663
3.00039361
3.00025904
3.00035538
3.00037776
3.00036891
3.00025556
3.00022739
3.00015956
3.00016700
3.00020368
3.00021680
3.00015934
3.00022988
3.00058718
3.00081266
3.00081823
3.00164560
3.00247315
3.00255743
3.00314167
3.00380233
3.00397033
3.00334886
3.00261193
3.00290987
3.00294630
3.00292240
3.00320817
3.00393129
3.00512429
3.00361058
3.00381585
3.00391368
3.00282921
3.00277190
3.00365864
3.00324635
3.00248461
3.00292898
3.00394065
3.00175923
3.00128182
3.00092509
3.00173608
3.00259999
3.00229740
3.00249559
3.00249312
3.00092120
3.00047423
3.00040004
3.00036134
3.00017845
3.00037747
3.00063296
3.00042044
3.00029940
3.00034246
3.00029057
3.00021519
3.00025646
3.00100676
3.00054765
3.00021900
3.00363601
3.00523247
3.00067245
3.00200574
3.00187993
3.00369101
3.00727886
3.01607046
3.02084751
3.06747438
3.06427417
3.00888858
3.00350712
3.00229770
3.00795570
3.00694864
3.00496144
3.01120840
3.01420298
3.03379532
3.07032663
3.26803804
3.21245231
3.22643507
3.19482131
3.13335561
3.07461566
3.21982648
3.21928381
3.20825447
3.18068770
3.07625267
3.01647255
3.07917522
3.11837845
3.08834912
3.07449030
3.06600447
3.08156530
3.03866792
3.07994452
3.12511678
3.17302596
3.19966561
3.23492220
3.15162346
3.07378372
3.02703032
3.20187799
3.34062879
3.19846380
3.06336562
3.02635363
3.04881134
3.13653406
3.17842039
3.28698825
3.78330403
3.82149926
3.48900922
3.22859777
3.52285362
3.96853573
4.21006801
4.01241689
3.76569570
4.05013931
3.39494758
3.43128614
3.54306862
3.88621268
3.80834702
5.57093294
5.35620844
4.45119634
4.01800431
4.43927962
4.47982798
4.03411447
3.42936369
3.65023569
3.68041600
3.51799589
3.27733067
3.52542367
4.13228449
4.65457836
3.79639475
3.34039409
3.22658933
3.34766072
3.71318043
4.42469501
5.06119998
4.11961825
3.57927995
5.47195578
5.15071225
9.39940908
8.31130346
9.25766316
9.58994927
9.14601370
7.58707513
5.49659065
6.19810802
6.39949013
7.24876739
7.98409102
8.59077885
8.32218727
9.97408478
9.78054508
9.01138956
8.28492943
8.35258268
6.40893987
4.91329527
6.55986495
7.04521735
9.62702465
9.29825432
7.50809546
6.28446413
4.31134007
3.98497273
7.08671648
7.83296820
6.72299841
6.08421233
7.22772323
7.00207816
4.96479781
4.40349352
6.43730810
7.98997102
8.55869702
5.99651681
6.49262174
7.46018049
7.55326113
8.10054956
7.50466063
4.83893598
7.33948438
7.51253236
7.17562411
4.73200863
4.91416958
4.30947594
5.48260961
6.10386711
6.47409079
7.92414884
7.34647508
8.80709547
9.64624422
10.30913671
11.56187646
12.21606696
10.92864067
12.71850396
11.09813931
10.30900055
9.09613880
12.76067987
12.89791376
8.84071389
7.71158796
10.89145279
12.38130754
11.55377231
11.41435804
10.32974574
8.73932211
7.76635195
12.56927271
14.05387513
14.84644323
15.88933228
14.07440381
11.52751089
8.73856538
10.87661226
8.78655205
13.03560346
11.88010880
11.40453587
6.67080207
5.94959711
10.07446683
8.09689492
10.29099352
11.76776121
11.83907173
11.90885448
11.74428315
11.46496842
8.82075409
6.84582119
7.50269830
6.89430437
8.26151121
9.50910771
8.63334065
7.38269260
9.68927056
8.61020221
11.01996760
10.82997120
10.74851128
7.87902403
8.63441392
8.03723695
11.74979877
12.85733450
12.04854666
10.65476753
10.83308330
12.25495791
12.40151536
12.39632815
12.84435732
9.71178580
8.70656044
15.10326547
16.34209312
16.08013732
15.64044626
13.77750778
15.35749018
16.64278777
16.79544630
16.97886087
14.88049782
11.54419819
12.13492002
8.91457256
8.56072884
9.93949041
8.48850935
10.41196992
10.95006784
10.57330099
10.51923402
9.60060335
7.87786673
8.67552283
8.56403278
11.77030611
9.27341465
9.59878536
10.31457705
6.81224765
9.95759634
8.62383664
12.66736306
12.07472373
11.48294514
7.84642697
11.30486040
13.07203497
12.29946021
12.05235047
13.92868673
14.45830045
14.06549260
12.80832325
12.77768377
11.67221866
7.18675852
9.86688696
10.17952532
8.04511810
11.48930097
13.44553160
12.11364174
11.86929231
11.63385864
7.01392431
8.57597919
10.53558421
12.30881331
11.33696788
9.39004284
10.24604321
11.08839241
9.84153140
9.43374449
10.37706251
11.40169058
11.20604519
10.01172124
6.80108260
8.47816921
11.43582458
10.62137646
9.38164331
9.97129506
12.18127595
13.48138118
13.83398818
10.98494788
8.80764560
13.86881048
15.11372249
12.65917261
13.63618861
13.55102112
11.57669376
10.38674662
10.61004722
11.05230696
11.61878940
7.79107146
9.12336874
6.51542347
11.67481613
12.57363038
14.09415586
14.98014388
14.84936512
15.09772837
15.10305678
15.58705227
15.71863785
14.40166693
13.77859132
13.31480789
14.33244837
10.28866339
10.79563725
13.06746680
14.41708981
12.26482894
11.47017142
12.34451213
12.25837694
12.37759248
13.57787899
12.07455761
8.88193025
8.85952113
14.58021170
12.58452068
11.70406416
8.99308730
14.90972984
13.73533280
12.21277290
11.95874784
11.94561141
13.04230611
12.31924690
12.14255724
8.31802919
10.29841590
12.50025561
12.84056832
10.72220403
11.29739098
10.86231799
12.56993741
13.81901151
12.92489175
7.76271628
9.40760883
8.99548284
11.97178303
12.80687402
12.80333763
8.74968778
9.53126081
12.05900659
11.84747961
13.15977234
14.07811404
15.16240549
15.45257837
14.26161846
12.15467237
14.43607308
14.30855826
13.76525757
14.00280577
14.25096148
12.73298660
12.71684412
13.11764186
10.83958763
12.71495881
11.03027983
14.07727264
11.95488782
7.98242996
11.17086920
10.57985581
7.89355728
8.99881402
9.72012204
10.06482759
11.11526628
11.92727387
13.58534017
10.42745681
12.38132905
14.17520736
14.34234001
13.55977799
13.40642795
13.93882043
12.30849986
10.06707254
9.09612021
6.39815849
8.46061686
7.28066889
7.66685378
7.19540712
8.94176870
7.29264973
7.58186309
5.30714296
7.52574667
5.97952887
5.57721193
9.27531800
9.25320682
10.36294500
10.44571261
10.60143913
8.66295858
10.29059445
9.81869333
8.80154111
5.51560086
5.68808157
8.46002598
8.29740311
9.36727381
8.53741442
10.31118796
11.82708035
11.09252108
6.74653717
9.34120390
5.99538491
9.17267828
7.25905538
9.93480605
11.63870692
11.22297922
5.94986897
8.11453337
7.05412146
12.50744540
12.87725526
10.77519766
8.52673031
8.41877460
10.97242129
9.71347113
7.98841516
6.43719627
6.70454064
8.04615301
8.74226165
8.65918703
4.67088640
5.34653222
6.15230083
7.32034839
7.32228366
8.03865664
9.49849782
8.57518895
8.57658345
8.81439159
9.40984440
5.91647936
6.83410753
6.78560385
7.75746101
8.22088780
8.30230143
8.64936778
7.81690878
6.98451037
8.55150047
9.08837739
6.22788340
8.66878412
10.03649484
11.60616777
10.59190910
10.59897600
11.26667032
9.99014344
5.95633382
6.61040527
7.89431919
7.89314726
9.70974226
10.55579537
9.88515301
8.51482082
10.94787343
11.12107743
9.88671572
11.52979587
11.54903571
10.62096555
10.78718087
9.55931601
9.10769688
5.07899149
7.60897049
7.33875221
6.80911103
7.45783012
5.22875644
9.76760992
9.28599297
8.20599413
4.60633788
9.01951103
8.30868883
5.07460154
6.03659322
7.68883491
9.13190697
9.70723267
9.36697464
7.53285475
7.89821349
8.15920406
7.94106619
5.24361414
7.70447045
8.16848215
7.97734813
7.66350432
6.72757710
4.69656718
9.46521393
9.47934501
7.31178009
6.03336386
5.77295972
7.91129372
8.97866489
8.78410213
8.85745370
6.37040396
6.09254972
4.60210895
6.65851865
7.10585467
5.19737978
4.98231469
8.23917745
7.37881612
7.20409871
4.80654340
4.94663060
5.44937229
9.61997365
7.71474242
6.95644875
9.28038235
11.34499204
12.96549109
10.68114774
10.29212368
6.66411589
9.82376826
9.22494521
11.07743526
9.60027474
6.10546313
7.67039645
5.40013122
9.09208457
7.69593461
4.84864047
5.32208983
6.07861737
6.11036594
8.18556698
7.78544965
8.12357344
7.41851772
5.19920050
4.68615560
4.80242489
5.95419334
5.56104910
6.25962694
8.68179001
8.49643340
6.38992946
5.82497310
7.36672538
4.75498720
4.66310261
5.76574573
6.15425281
7.35847869
6.96030605
6.67263826
9.12791388
7.35133083
10.01203732
10.19238764
7.32140856
5.69477605
6.31627101
5.51003003
4.50372892
5.34207155
5.47773706
4.55612123
4.16146837
5.07983468
5.27320272
4.23406365
4.33445957
3.84780625
4.86504260
4.69003269
4.69262806
4.57079720
4.57297860
4.14484469
4.80603626
4.57993853
4.92994532
4.20690430
4.06027503
4.17944670
4.24261085
4.31647989
4.44105077
3.86637655
3.73180674
3.62351508
3.52545316
3.53697232
3.46876963
3.37901488
3.26567852
3.53036588
3.21862034
3.06845027
3.06784189
3.06438720
3.04992002
3.01832833
3.01941580
3.04814474
3.05525399
3.02905831
3.01717904
3.01190646
3.00775704
3.00331821
3.00866251
3.01604240
3.00564453
3.00124850
3.00800304
3.00765107
3.00897059
3.00690843
3.00313239
3.00259910
3.00199119
3.00191890
3.00217650
3.00275772
3.00121823
3.00085424
3.00051039
3.00058969
3.00067446
3.00018483
3.00040314
3.00101711
3.00094615
3.00069526
3.00085997
3.00090216
3.00025428
3.00026493
3.00068912
3.00013366
3.00007785
3.00007313
3.00011749
3.00020180
3.00021160
3.00013217
3.00004661
3.00011268
3.00007252
3.00001772
3.00003386
3.00026634
3.00028316
3.00009122
3.00015860
3.00016641
3.00023376
3.00008941
3.00009080
3.00012098
3.00009989
3.00005737
3.00003854
3.00006718
3.00010049
3.00008530
3.00005336
3.00004517
3.00006343
3.00005417
3.00003498
3.00015285
3.00021291
3.00009458
3.00003777
3.00005471
3.00004887
3.00002955
3.00002786
3.00004101
3.00003719
3.00004009
3.00004040
3.00002389
3.00002351
3.00001602
3.00002100
3.00003216
3.00007481
3.00006119
3.00003200
3.00004014
3.00002365
3.00001930
3.00003779
3.00002765
3.00001718
3.00001711
3.00001195
3.00005729
3.00002695
3.00001793
3.00001682
3.00002606
3.00001972
3.00001638
3.00001760
3.00001338
3.00000851
3.00002095
3.00005291
3.00001690
3.00001684
3.00008689
3.00008900
3.00001216
3.00001027
3.00001264
3.00003052
3.00003519
3.00002235
3.00002533
3.00006050
3.00005186
3.00003373
3.00007789
3.00004970
3.00007603
3.00005551
3.00008408
3.00003687
3.00003001
3.00001932
3.00000599
3.00000634
3.00000575
3.00000607
3.00000989
3.00002846
3.00002189
3.00001371
3.00000936
3.00002047
3.00001224
3.00000593
3.00001346
3.00003577
3.00004381
3.00002678
3.00001228
3.00001078
3.00000558
3.00000606
3.00000990
3.00000650
3.00001112
3.00002003
3.00001778
3.00002109
3.00001858
3.00003152
3.00003189
3.00003500
3.00003090
3.00003288
3.00003265
3.00005179
3.00007748
3.00007360
3.00012763
3.00008469
3.00010839
3.00011456
3.00010579
3.00010711
3.00013658
3.00021151
3.00016417
3.00019838
3.00017358
3.00010947
3.00009944
3.00006026
3.00008963
3.00009201
3.00004249
3.00002634
3.00004023
3.00006406
3.00007308
3.00008303
3.00008670
3.00008952
3.00006655
3.00001669
3.00000430
3.00000308
3.00000537
3.00001120
3.00000884
3.00001095
3.00004924
3.00005996
3.00002348
3.00003528
3.00003690
3.00007702
3.00005001
3.00003121
3.00005106
3.00008107
3.00010637
3.00016456
3.00015744
3.00006305
3.00005518
3.00010767
3.00011927
3.00023366
3.00022924
3.00023900
3.00032433
3.00025012
3.00010697
3.00006677
3.00004341
3.00003652
3.00019159
3.00033338
3.00018351
3.00018047
3.00027895
3.00033561
3.00021711
3.00018370
3.00012566
3.00005624
3.00014390
3.00005896
3.00004904
3.00009897
3.00005909
3.00005450
3.00005633
3.00007208
3.00006390
3.00008829
3.00022440
3.00035762
3.00060916
3.00039972
3.00017788
3.00012777
3.00011984
3.00007945
3.00005847
3.00013070
3.00007024
3.00004363
3.00005400
3.00009508
3.00006669
3.00008801
3.00011303
3.00015329
3.00017521
3.00005721
3.00006247
3.00005971
3.00007371
3.00006518
3.00006973
3.00014917
3.00035123
3.00022306
3.00006597
3.00007035
3.00009993
3.00011651
3.00012555
3.00005888
3.00005371
3.00007922
3.00010438
3.00009441
3.00017879
3.00013627
3.00017197
3.00031842
3.00037896
3.00031957
3.00064720
3.00051555
3.00074000
3.00078301
3.00049378
3.00037102
3.00052955
3.00069782
3.00028601
3.00028441
3.00009269
3.00009478
3.00005929
3.00006005
3.00005869
3.00010090
3.00012182
3.00026173
3.00062126
3.00043836
3.00035544
3.00038904
3.00032032
3.00053061
3.00060708
3.00060524
3.00052365
3.00081965
3.00121351
3.00163408
3.00045031
3.00077751
