1.000000000
1.000000000
1.000000000
1.000000000
1.000000000
1.000000000
1.000000000
1.000000000
1.000000000
1.000000000
1.000000000
1.000000000
1.000000000
1.000000000
1.000000000
1.000000000
1.000000000
1.000000000
1.000000000
1.000000000
1.000000000
1.000000000
1.000000000
1.000000000
1.000000000
1.000000000
1.000000000
1.000000000
1.000000000
1.000000000
1.000000000
1.000000000
1.000000000
1.000000000
1.000000000
1.000000000
1.000000000
1.000000000
1.000000000
1.000000000
1.000000000
1.000000000
1.000000000
1.000000000
1.000000000
1.000000000
1.000000000
1.000000000
1.000000000
1.000000000
1.000000000
1.000000000
1.000000000
1.000000000
1.000000000
1.000000000
1.000000000
1.000000000
1.000000000
1.000000000
1.000000000
1.000000000
1.000000000
0.083308004
0.083369076
0.083356902
0.083307967
0.083262630
0.083292007
0.083398975
0.083367407
0.083335742
0.083302982
0.083286554
0.083204605
0.083134517
0.083065547
0.083023354
0.082993090
0.082978025
0.082959689
0.082944676
0.082998917
0.083081357
0.083072014
0.083085828
0.083052136
0.083044372
0.083079554
0.083084010
0.083143629
0.083222315
0.083276756
0.083392300
0.083489932
0.083692618
0.083823681
0.083815306
0.083793357
0.083799064
0.083836660
0.083850414
0.083627060
0.083627015
0.083591849
0.083543226
0.083512880
0.083499648
0.083428860
0.083380431
0.083355494
0.083344169
0.083370566
0.083364964
0.083374552
0.083409153
0.083448775
0.083499826
0.083582513
0.083687477
0.083598368
0.083669975
0.083514675
0.083378911
0.083317317
0.083311625
0.083404988
0.083710991
0.083630629
0.083561681
0.083526239
0.083524778
0.083538257
0.083573706
0.083595492
0.083603889
0.083631344
0.083566174
0.083480574
0.083487056
0.083486058
0.083379827
0.083294645
0.083245642
0.083195351
0.083130635
0.083125055
0.083130300
0.083144307
0.083118692
0.083086096
0.083041228
0.083008975
0.083031692
0.083056152
0.083079927
0.083077215
0.083071545
0.083048023
0.083008997
0.082993783
0.082997613
0.083008923
0.083033875
0.083070315
0.083087005
0.083118923
0.083144113
0.083159357
0.083163321
0.083173595
0.083175763
0.083183073
0.083178349
0.083169162
0.083167344
0.083149478
0.083135784
0.083123900
0.083110467
0.083091825
0.083056815
0.083046146
0.083037078
0.083033390
0.083017632
0.083003126
0.082986772
0.082974203
0.082969457
0.082974657
0.083010763
0.083071247
0.083120555
0.083214171
0.083271384
0.083320506
0.083347574
0.083391748
0.083404049
0.083422601
0.083449624
0.083475433
0.083480187
0.083498009
0.083511382
0.083539963
0.083590902
0.083625160
0.083612382
0.083614796
0.083603032
0.083582655
0.083580136
0.083586261
0.083648734
0.083672993
0.083639123
0.083596744
0.083583206
0.083581947
0.083551139
0.083516248
0.083518751
0.083530672
0.083411716
0.083380274
0.083310261
0.083214261
0.083212212
0.083242990
0.083242476
0.083255678
0.083336756
0.083341673
0.083362564
0.083363123
0.083371416
0.083464049
0.083630890
0.083542764
0.083529219
0.083559319
0.083703816
0.083848834
0.083926551
0.083973162
0.083827414
0.083894707
0.083982326
0.083786435
0.083713740
0.083723553
0.083636828
0.083656043
0.083663218
0.083647393
0.083700076
0.083703838
0.083766714
0.083661757
0.083483867
0.083590046
0.083389536
0.083241917
0.083161548
0.083161324
0.089898735
0.091884628
0.083767265
0.084604867
0.084182240
0.086251922
0.089051217
0.084452234
0.084366836
0.084685631
0.088689879
0.090066247
0.092647180
0.098462544
0.091633715
0.088656135
0.087025933
0.088876918
0.089869425
0.089129336
0.089552686
0.096074700
0.084902681
0.082982607
0.082992747
0.083026670
0.083087772
0.083128810
0.083207451
0.083098345
0.083172627
0.083329432
0.083308689
0.083294034
0.083147720
0.083167449
0.083492748
0.083363079
0.083136529
0.083125018
0.083358653
0.084159411
0.083002798
0.083004676
0.083131447
0.083614476
0.083085336
0.082985550
0.083105616
0.083208404
0.083142988
0.083128393
0.083538339
0.084401846
0.084831618
0.084602252
0.084724590
0.085090399
0.085813701
0.085090108
0.084850363
0.086235218
0.085447080
0.084145792
0.083816051
0.083539508
0.083994657
0.084527619
0.084785998
0.084492370
0.084873393
0.084603511
0.084472716
0.083350383
0.083193064
0.083140500
0.083000652
0.083080173
0.083088174
0.083161734
0.083110951
0.083082773
0.083071619
0.083064429
0.083094746
0.083147936
0.083525993
0.083425671
0.083361655
0.083315551
0.083148390
0.082997926
0.083006635
0.083079427
0.083231159
0.083293565
0.083295248
0.083344400
0.083273306
0.083155319
0.083091855
0.083018780
0.083095297
0.083015874
0.083022416
0.083023883
0.083035618
0.083122507
0.083227053
0.083231129
0.083192430
0.083503604
0.083369330
0.083206534
0.083127111
0.083147809
0.083125196
0.083424397
0.083235554
0.083170094
0.083241649
0.083255731
0.083352678
0.083736226
0.083659172
0.083940044
0.084100373
0.084207125
0.083483838
0.083914757
0.084359482
0.083981670
0.083367676
0.083393499
0.084464118
0.084162802
0.084039465
0.083279550
0.083338857
0.083414182
0.083850503
0.083672144
0.083637655
0.083647065
0.083699413
0.083565600
0.083638608
0.083668239
0.083631456
0.083523594
0.083450392
0.083437145
0.083445065
0.083444573
0.083449595
0.083463088
0.083430775
0.083465129
0.083493419
0.083562233
0.083665833
0.083728336
0.083829626
0.083944783
0.084103443
0.084274955
0.084475368
0.084524982
0.084548719
0.084526278
0.084574699
0.084734440
0.084895626
0.084858321
0.084839486
0.084990084
0.084998183
0.085454084
0.085356757
0.086233728
0.086722508
0.086266175
0.086344354
0.085348979
0.084940419
0.084833875
0.084668793
0.084470138
0.084405668
0.084244072
0.084026419
0.083864503
0.083742201
0.083533213
0.083387330
0.083422273
0.083439983
0.083312072
0.083345577
0.083358802
0.083610386
0.083444647
0.083651587
0.083349675
0.083253518
0.083323613
0.083277963
0.083159544
0.083212256
0.083426237
0.084608935
0.083390966
0.083520047
0.083766229
0.083723210
0.083865084
0.083593763
0.083629541
0.083450958
0.084588557
0.083392441
0.083330877
0.083458066
0.083516948
0.083251864
0.083285794
0.083349228
0.083057441
0.082996584
0.082956508
0.082888916
0.082982555
0.083029352
0.083112292
0.083181769
0.083360001
0.083361290
0.083710641
0.083558962
0.085143097
0.085129164
0.084839143
0.086147420
0.087336123
0.085624114
0.087013066
0.086715415
0.092708513
0.091119841
0.097979836
0.098177508
0.094287887
0.093026042
0.087715544
0.084593676
0.083534479
0.083589308
0.083293512
0.083303101
0.083367690
0.083400339
0.083245076
0.083302237
0.083187193
0.083297513
0.083240263
0.083174042
0.083158493
0.083094478
0.083121136
0.083074510
0.083003797
0.082963146
0.082994074
0.082982324
0.082950577
0.083038516
0.082980499
0.083220705
0.083135284
0.083194159
0.083874486
0.083429821
0.083034389
0.083075494
0.083464712
0.082983017
0.083028778
0.083054490
0.082941309
0.082928427
0.082918815
0.082943730
0.083079718
0.083482489
0.084072664
0.085526861
0.084958732
0.083995849
0.083818994
0.083634853
0.083764195
0.084155455
0.083663993
0.083583988
0.083853327
0.083449341
0.083453104
0.083357848
0.083374403
0.083369039
0.083326295
0.083345093
0.083432466
0.083349533
0.083350547
0.083469376
0.083532818
0.083787285
0.083864935
0.085262261
0.085107118
0.087003686
0.087315090
0.088344611
0.089688070
0.092225902
0.095174812
0.093847834
0.091106862
0.090090834
0.087722816
0.085929729
0.085353233
0.084559299
0.084808685
0.085106984
0.085036598
0.084902957
0.085355341
0.083719917
0.083787918
0.083568618
0.083447099
0.083465032
0.083467670
0.083393782
0.083392978
0.083388016
0.083403990
0.083385684
0.083354004
0.083307043
0.083335936
0.083216615
0.083179414
0.083136089
0.083041400
0.083026804
0.083071820
0.083015852
0.083011553
0.082964540
0.083127253
0.083063342
0.082919903
0.082965173
0.082944408
0.082937039
0.082899585
0.082938567
0.082931645
0.082896709
0.083102927
0.084844954
0.084303759
0.084454663
0.086943187
0.084358476
0.084945366
0.083752200
0.083462596
0.085052162
0.083459064
0.085330293
0.084499441
0.084213756
0.083567716
0.083716311
0.083050385
0.083011977
0.082977369
0.083126448
0.083096996
0.083262108
0.083793499
0.083719485
0.083616614
0.083299838
0.083548971
0.083629988
0.083793812
0.083507903
0.083238587
0.083569378
0.083593041
0.083777435
0.083604135
0.083801895
0.084177546
0.084280722
0.083810009
0.083998792
0.084151126
0.084092915
0.084282033
0.085200399
0.084940389
0.088410281
0.086102799
0.086490519
0.086787485
0.088004276
0.086469032
0.087342858
0.089700148
0.093403369
0.098680228
0.117570050
0.130352095
0.141949862
0.148995101
0.150318429
0.168007493
0.162458256
0.162808731
0.184050381
0.219334766
0.202307418
0.333347797
0.345401257
0.367426366
0.435891002
0.366379261
0.473377079
0.290863723
0.495845139
0.478358537
0.467350036
0.521995246
0.503791213
0.489969790
0.577109933
0.499876589
0.337053210
0.378211677
0.710168183
0.519284606
0.517379224
0.505800784
0.439296991
0.567131877
0.544416666
0.613760710
0.621322393
0.687116086
0.695595264
0.746346653
0.718073487
0.757738888
0.731372595
0.719143569
0.734738648
0.729566097
0.729123414
0.733882546
0.736807764
0.748402417
0.743127704
0.742921233
0.740460098
0.749103665
0.758646429
0.769534290
0.771861494
0.776756167
0.777685106
0.786799848
0.781313479
0.767458439
0.769689798
0.765488684
0.694773614
0.514988840
0.269841433
0.215799034
0.179026082
0.175679430
0.178363055
0.174090222
0.173323750
0.174399108
0.173363194
0.175036862
0.179726660
0.209989235
0.273509026
0.537983239
0.671769142
0.644556642
0.614767194
0.544751763
0.537223876
0.224175319
0.162371561
0.148843303
0.146679357
0.147416294
0.148885354
0.146830246
0.141660050
0.145653889
0.140431136
0.140176773
0.145392954
0.145494074
0.146665692
0.145675570
0.153106689
0.151734978
0.151817024
0.150322840
0.152145877
0.150342956
0.154757977
0.153645396
0.150814295
0.157288045
0.154664844
0.153318748
0.149832577
0.155202791
0.152177393
0.152281120
0.151892275
0.153677732
0.152546197
0.153457955
0.157282054
0.324875951
0.838527083
0.650085688
0.594577610
0.537755668
0.605491281
0.692918718
0.839706957
0.885111511
0.720506132
0.800036550
0.736324131
0.630015135
0.625105917
0.508563101
0.533604980
0.608756602
0.665176451
0.789442360
0.683295012
0.732967436
0.652490318
0.784944594
0.779022098
0.787455976
0.775081098
0.749401212
0.711426318
0.683027983
0.734148324
0.744388103
0.748282790
0.701868892
0.726127267
0.751346767
0.752698898
0.726346612
0.710863531
0.703929007
0.636652768
0.558075070
0.559800506
0.439500451
0.497377574
0.955204070
0.593423426
0.329956710
0.166766003
0.164829642
0.166112185
0.157722801
0.153226286
0.151917398
0.152241245
0.151639342
0.150461718
0.150991872
0.150129601
0.149221122
0.148484021
0.147109464
0.145270377
0.145078555
0.145220816
0.145826340
0.146966726
0.146112144
0.145665437
0.146073177
0.145090193
0.145529121
0.147822663
0.146015435
0.146528572
0.150896788
0.149376437
0.148785174
0.154468954
0.198352367
0.458746582
0.530182481
0.507516861
0.558104992
0.470844865
0.687454104
0.762129545
0.875989974
0.821471572
0.673058987
0.684440494
0.772257090
0.600668550
0.662880480
0.614990473
0.671902478
0.740883648
0.652687073
0.703672588
0.699260592
0.589447916
0.537960351
0.530194759
0.665243149
0.755180717
0.773395240
0.776521623
0.774577677
0.792707741
0.790583968
0.842291296
0.730527520
0.631736815
0.446908683
0.571255088
0.668663144
0.705790997
0.719634593
0.785037994
0.759548545
0.714620769
0.715314507
0.734279215
0.729518592
0.711423039
0.664905429
0.622963786
0.587641418
0.583789825
0.588843346
0.587532341
0.567239463
0.562605202
0.550084174
0.539469481
0.529517531
0.511149108
0.493450135
0.464838922
0.436563551
0.411425620
0.416627169
0.424724340
0.430005521
0.430162251
0.432544827
0.432788044
0.432309687
0.428755194
0.428601235
0.447313517
0.473305225
0.458220452
0.432081044
0.420892835
0.451095551
0.449164808
0.436436802
0.417826533
0.411310315
0.390801132
0.382197767
0.368528128
0.369695067
0.367141157
0.373276740
0.396317601
0.379013568
0.355625570
0.315612525
0.310761154
0.306915671
0.260118574
0.255867481
0.222263604
0.118810169
0.107273288
0.094627582
0.088606209
0.086978756
0.085077278
0.084292844
0.083895564
0.083688594
0.083861083
0.083833881
0.083949879
0.084187746
0.084713705
0.084747829
0.084789403
0.084959947
0.084837086
0.084478982
0.084254116
0.084353372
0.084348112
0.084069364
0.083866149
0.083770439
0.083767764
0.083640121
0.083513282
0.083572328
0.083576053
0.083532944
0.083547071
0.083508611
0.083393760
0.083312631
0.083284251
0.083223931
0.083205469
0.083022356
0.083040997
0.083057769
0.083006531
0.083040841
0.082952850
0.083003730
0.083046354
0.083080746
0.083022840
0.083208188
0.082998589
0.083169304
0.083088413
0.082919925
0.082881235
0.082930610
0.082903601
0.082904421
0.082942955
0.082991451
0.083002649
0.083039656
0.083011858
0.082987331
0.083044454
0.083035633
0.083040781
0.083041131
0.083046660
0.083034731
0.083028361
0.083070360
0.083069474
0.083078280
0.083107755
0.083071455
0.083137922
0.083181143
0.083059050
0.082992271
0.082926318
0.083117492
0.082971238
0.083042100
0.083524667
0.083418936
0.083307154
0.083299555
0.083192773
0.083161712
0.083237320
0.083295397
0.083448365
0.083434701
0.083528385
0.083693266
0.084328733
0.084654152
0.085300691
0.085483350
0.084739983
0.084733397
0.085490838
0.090758078
0.095932506
0.101596616
0.114628874
0.120643862
0.138518780
0.198020354
0.284170568
0.275236398
0.314767987
0.324859172
0.320363462
0.388958484
0.387887001
0.366891831
0.368713945
0.371712059
0.427361578
0.436808527
0.461560428
0.490857244
0.599364698
0.705188513
0.762505233
0.678001881
0.713503778
0.724863827
0.710661113
0.708164394
0.692896008
0.679469109
0.665752053
0.680646360
0.693500817
0.702616513
0.702960432
0.712036669
0.726059616
0.730363309
0.739834785
0.750672162
0.768562257
0.781095862
0.797890544
0.812733293
0.814355671
0.814927816
0.813977063
0.815697730
0.814519823
0.811475635
0.813445210
0.817877829
0.815681756
0.834023297
0.868654072
0.872110903
0.868220210
0.865213573
0.859226286
0.850977898
0.838547945
0.819489837
0.744460404
0.770371258
0.815125883
0.833719730
0.847802043
0.855954409
0.865605116
0.869649172
0.868032038
0.852841318
0.817598999
0.746705830
0.259165883
0.171229020
0.162292287
0.163085952
0.158861354
0.160351247
0.161694571
0.160049409
0.155565724
0.155077145
0.158089906
0.153701946
0.153120100
0.156980723
0.158302754
0.157073230
0.153817937
0.150458336
0.152749807
0.152426735
0.152805537
0.156496599
0.152259693
0.150879443
0.150473595
0.155103773
0.154670864
0.153474435
0.148339659
0.152995199
0.152642608
0.155583397
0.154573813
0.156192169
0.169730097
0.171625301
0.177574769
0.643038273
0.411674827
0.658895373
0.804375947
0.800803542
0.865789533
0.923484504
0.928776085
0.917530715
0.871172428
0.909499645
0.904752553
0.835687339
0.825647652
0.867147148
0.845364511
0.878591239
0.886650562
0.860483527
0.873551250
0.875728607
0.876299083
0.848903656
0.865158141
0.869047940
0.867886186
0.881977320
0.874661744
0.877136409
0.879909813
0.898862481
0.903780460
0.900621355
0.894966125
0.894770265
0.892574310
0.892053604
0.892217577
0.890260518
0.890409291
0.883807063
0.878707349
0.881197929
0.861615181
0.880263805
0.876658440
0.875612736
0.872017682
0.781155944
0.421653569
0.219988421
0.315766335
0.178474590
0.166122377
0.154537544
0.159219816
0.159925357
0.165676758
0.165413857
0.168727607
0.165133700
0.156168789
0.161091581
0.167368129
0.181169197
0.194187358
0.194640800
0.192092240
0.200424522
0.195488527
0.203556061
0.195366010
0.206087112
0.215203464
0.237078413
0.235295668
0.225195691
0.202172607
0.183680013
0.171526074
0.165806249
0.174268603
0.184095994
0.193576142
0.205380723
0.194927767
0.202988014
0.213909641
0.207438186
0.198065415
0.201918364
0.216379821
0.189168379
0.188112289
0.199731886
0.245471373
0.266601622
0.243690059
0.133943826
0.130910486
0.099815018
0.110751964
0.090120509
0.089381337
0.088551328
0.085982285
0.085352749
0.084897734
0.084517658
0.083992451
0.083896406
0.083793148
0.084077306
0.084098145
0.083834499
0.083669953
0.083455227
0.083310194
0.083431959
0.083505444
0.083322003
0.083358698
0.083349399
0.114049956
0.121177562
0.158784911
0.101233661
0.111028261
0.127541900
0.126268983
0.159929305
0.139473364
0.131083772
0.111646190
0.106068894
0.118648075
0.116916366
0.126847371
0.138212383
0.116859540
0.120468073
0.118300915
0.121200688
0.125374287
0.127050206
0.133203223
0.133112714
0.124611735
0.131346598
0.134697929
0.090399526
0.110543415
0.097386703
0.096409790
0.090211794
0.093620352
0.086395875
0.085245974
0.088325188
0.092311360
0.088795431
0.091575682
0.089470401
0.090537451
0.086087622
0.101997823
0.087566659
0.090182059
0.087991953
0.090251274
0.085853994
0.085524060
0.084331736
0.084822014
0.084825806
0.084565297
0.084537767
0.085106775
0.084868573
0.084329575
0.084052019
0.084101968
0.084119625
0.083956197
0.084781334
0.087221190
0.086573906
0.104763471
0.105379887
0.091792554
0.114418328
0.125577331
0.115855075
0.128189191
0.119190507
0.164258257
0.161485225
0.157590955
0.152961373
0.156815320
0.140740901
0.134675607
0.137863725
0.135759294
0.137093842
0.125085145
0.132336870
0.116607778
0.114217110
0.113850072
0.111742601
0.107228242
0.107788667
0.102235407
0.108233608
0.106878959
0.104662694
0.103004307
0.097629882
0.100467153
0.089322940
0.091895677
0.091147281
0.092323877
0.094902866
0.091564089
0.088627219
0.092664152
0.090846300
0.088924468
0.094350383
0.090549976
0.107020177
0.087411225
0.086151429
0.087625906
0.088033319
0.084825113
0.088140927
0.085725270
0.086552709
0.089397036
0.086276069
0.086994782
0.087195531
0.086345613
0.085640490
0.085881956
0.085200004
0.085919969
0.085088216
0.098153301
0.084466659
0.083886161
0.083658732
0.083796225
0.084359735
0.083825976
0.083561018
0.084729031
0.083472282
0.083611146
0.083556898
0.083539493
0.083385929
0.083595008
0.083176374
0.083453387
0.083151199
0.083145067
0.083164811
0.083069615
0.083032049
0.083225079
0.083031148
0.083079927
0.082895078
0.082923092
0.082902357
0.082882836
0.082887560
0.083530307
0.082954109
0.083216928
0.082957983
0.083241411
0.083136827
0.082967363
0.083153479
0.083085604
0.083066247
0.083062634
0.083012260
0.083272845
0.090109982
0.087733530
0.086296737
0.091020942
0.084712721
0.083404556
0.083716080
0.083442718
0.083234608
0.083209895
0.083914861
0.083388232
0.083166137
0.083772853
0.083075382
0.092974491
0.086836360
0.093373738
0.085892133
0.091627158
0.084987149
0.087400988
0.092619210
0.087667584
0.088872217
0.088727944
0.086898491
0.088740230
0.087430745
0.089609370
0.087893881
0.095120475
0.093312360
0.094179466
0.091398105
0.091649123
0.092155240
0.086999655
0.090666085
0.089491978
0.086360246
0.085689150
0.086118139
0.084812574
0.084234685
0.084067918
0.083854124
0.083666548
0.083663240
0.083626606
0.083602257
0.083649412
0.083639227
0.083658621
0.083791278
0.083636336
0.083635531
0.083651908
0.083689690
0.083775744
0.083784379
0.084067374
0.084354691
0.084794171
0.085021377
0.085756101
0.086495116
0.086955793
0.087089799
0.086869568
0.086324140
0.086718261
0.087136894
0.086682998
0.086111203
0.086375847
0.087931760
0.092269726
0.093250357
0.098602794
0.101983108
0.097196773
0.101200052
0.102131955
0.105903834
0.107269697
0.096756309
0.101484358
0.090239652
0.087144151
0.087557308
0.087499969
0.085917361
0.085367084
0.085319303
0.085030541
0.084135935
0.084028333
0.083872296
0.083493240
0.083543889
0.083615035
0.083465815
0.083383083
0.083689734
0.083759166
0.083725102
0.084505610
0.084883437
0.086277246
0.084707893
0.085181989
0.084001839
0.083651133
0.088453919
0.083622754
0.083921984
0.083395757
0.083393142
0.083385006
0.083449207
0.083480723
0.083502360
0.083354071
0.083402514
0.083337158
0.083346769
0.083401687
0.083358318
0.083255090
0.083305664
0.083254978
0.083221607
0.083165497
0.083661467
0.083722048
0.086839356
0.085396230
0.085431829
0.086058050
0.085848533
0.085454151
0.084034771
0.083449244
0.083412267
0.083417542
0.083369829
0.083310537
0.084165744
0.083590835
0.083454058
0.083756804
0.084272958
0.084931590
0.087430894
0.090499587
0.088646919
0.088669851
0.088840678
0.089684993
0.086922251
0.084898539
0.083337270
0.083842561
0.085158236
0.083563462
0.083398156
0.083590508
0.083168618
0.083187662
0.083204128
0.083180211
0.083222531
0.083212718
0.083199345
0.083182864
0.083585061
0.083389275
0.083589599
0.083901703
0.083779506
0.083944596
0.083578452
0.083518066
0.083506316
0.083580129
0.083502531
0.083430685
0.083400756
0.083404757
0.083341718
0.083329223
0.083286241
0.083285958
0.083296724
0.083297007
0.083340086
0.083323963
0.083284631
0.083278626
0.083306246
0.083340682
0.083397992
0.083322361
0.083317272
0.083323501
0.083196841
0.083086215
0.083063707
0.083028361
0.082989395
0.082989313
0.083028696
0.083071053
0.083615564
0.083330460
0.083421946
0.083193898
0.083393790
0.083096363
0.083150811
0.083008863
0.083040871
0.083054297
0.083047062
0.082960837
0.082954481
0.082967915
0.083076432
0.083118595
0.083046630
0.082957439
0.082948178
0.082930036
0.082952686
0.083014235
0.083027460
0.083012559
0.083048522
0.083075032
0.083068408
0.083056644
0.082966186
0.082942009
0.082946956
0.082921840
0.082953565
0.082976200
0.083434887
0.083790578
0.083667897
0.083898425
0.085985765
0.084370904
0.083173998
0.083191171
0.083590090
0.083597101
0.084626220
0.084813863
0.083905652
0.084745429
0.085149258
0.083602153
0.083433881
0.083227552
0.083127111
0.083773926
0.083553165
0.083899781
0.085061647
0.083943285
0.092272751
0.089731038
0.088622071
0.087784417
0.084581211
0.091292709
0.085918434
0.088507622
0.090751320
0.091723368
0.088901892
0.091021925
0.085115455
0.084330052
0.084018275
0.084119938
0.084578693
0.085314341
0.085518494
0.085031360
0.083830282
0.084221125
0.084388338
0.084323086
0.083959527
0.083715722
0.083537556
0.083529100
0.083471648
0.083480105
0.083344206
0.083282359
0.083246320
0.083300173
0.083215341
0.083243303
0.083195738
0.083120614
0.082959399
0.082897633
0.082854167
0.082835786
0.082871459
0.082912922
0.083117060
0.082898386
0.082870096
0.082833610
0.082889162
0.082963482
0.083029971
0.083058208
0.083094425
0.083050154
0.083041929
0.083049864
0.083050735
0.083032861
0.083014995
0.083026744
0.082993232
0.083056219
0.083086319
0.083131216
0.083106235
0.083427161
0.083648726
0.084016293
0.083259419
0.083356172
0.083409734
0.083049923
0.082993209
0.082933873
0.082879610
0.082896180
0.082869016
0.082892373
0.083088689
0.083051085
0.082885168
0.083095469
0.083464503
0.082901463
0.082977623
0.083247207
0.082962438
0.083100043
0.083068222
0.083041944
0.083146527
0.083120286
0.083039068
0.083025038
0.083020471
0.083039269
0.083081737
0.083149709
0.083067186
0.083068758
0.083053492
0.083043322
0.083087474
0.083038829
0.083004601
0.083061382
0.083030276
0.083159544
0.082969069
0.082937554
0.082939416
0.082913049
0.082926132
0.082934335
0.082965948
0.082990006
0.082988381
0.083020583
0.083035678
0.083010413
0.083003111
0.083033778
0.083117798
0.083027475
0.082987174
0.082985252
0.083063692
0.083236195
0.083092108
0.083065540
0.083062954
0.083204746
0.083136417
0.083144501
0.083188973
0.083505705
0.083413176
0.083456941
0.083322510
0.083342351
0.083426505
0.083390065
0.083295636
0.083278820
0.083182454
0.083195388
0.083529510
0.083670139
0.083372854
0.083127111
0.083045617
0.083085552
0.083157614
0.083113432
0.083174177
0.083210640
0.083135732
0.083142474
0.083198443
0.083283521
0.083157331
0.083068013
0.083063707
0.082978338
0.082964368
0.082937688
0.082975499
0.083240509
0.083751120
0.083944336
0.083714455
0.083584547
0.083554000
0.083493918
0.083520144
0.083465464
0.083449751
0.083508320
0.083522849
0.083534107
0.083653465
0.083656408
0.083694294
0.083765253
0.083848149
0.083838664
0.083833784
0.083826557
0.083849058
0.083851181
0.083860815
0.083874442
0.083884954
0.083901264
0.083917320
0.083928116
0.083940089
0.083933160
0.083924137
0.083903469
0.083905816
0.083881810
0.083877765
0.083874710
0.083863825
0.083875068
0.085567884
0.084912024
0.084757254
0.085807607
0.087265395
0.111317344
0.121571578
0.109054886
0.116509430
0.111699045
0.113779373
0.128104702
0.137245551
0.121660270
0.101851135
0.104662396
0.112228774
0.099141613
0.110793740
0.119419359
0.096782520
0.094542347
0.094225429
0.088474028
0.091618888
0.105636545
0.096341111
0.097945660
0.097400874
0.093780585
0.112994015
0.098114282
0.100767389
0.101938203
0.106102951
0.091634728
0.097996458
0.094908170
0.093827121
0.090277679
0.091278553
0.095622107
0.102631405
0.097094238
0.096945338
0.095106214
0.094849966
0.091945671
0.093141988
0.101330616
0.095408238
0.101483740
0.102263525
0.105048135
0.104742020
0.102182336
0.110350333
0.108641759
0.108585022
0.114726812
0.109355241
0.110090718
0.102241509
0.105859540
0.103721723
0.096635424
0.103512116
0.101503722
0.105048135
0.111354887
0.107975319
0.113165952
0.114642382
0.109817900
0.107288182
0.110676095
0.112064801
0.112660944
0.114109322
0.114524208
0.116629466
0.116668031
0.115338907
0.120871834
0.114989005
0.116325490
0.115602262
0.117951408
0.111173891
0.117507100
0.117671058
0.112420619
0.117884271
0.117098488
0.121770583
0.121888861
0.121667854
0.124736048
0.128570333
0.122374676
0.124418356
0.124057770
0.118372791
0.123656712
0.126452744
0.122542061
0.127902880
0.129734576
0.130105808
0.129749253
0.134592950
0.131328449
0.132487863
0.135584995
0.138857216
0.136090726
0.140928522
0.137786448
0.140291691
0.136123449
0.137813106
0.139574572
0.141790330
0.143470079
0.152952537
0.148279622
0.149538994
0.154556006
0.154394433
0.155793667
0.159094006
0.154959381
0.150320485
0.158842161
0.155820355
0.154537871
0.154285595
0.156786054
0.164003029
0.166294083
0.163616970
0.166392148
0.166170716
0.164124936
0.160802290
0.163693011
0.162773654
0.161622271
0.162573785
0.165918827
0.171452239
0.173924118
0.179108933
0.181059614
0.181816801
0.184050441
0.183878183
0.181618258
0.178607985
0.174290106
0.177224040
0.171047091
0.172311455
0.169305876
0.168404520
0.167381972
0.167293936
0.167870298
0.168005019
0.167773589
0.169633612
0.166913584
0.164096832
0.168414429
0.164079577
0.166711316
0.161843404
0.161300406
0.164891914
0.171274349
0.165086553
0.162086070
0.158492610
0.159492776
0.159590691
0.160241872
0.157308921
0.156809926
0.159625128
0.158419505
0.159596965
0.162369087
0.165557459
0.168098688
0.168438241
0.170111835
0.167378888
0.168989941
0.164453208
0.165525720
0.165904865
0.164113000
0.159716859
0.164799467
0.166955382
0.168690696
0.166496128
0.185581475
0.173427254
0.173169553
0.169367135
0.169802681
0.174201891
0.168246061
0.172579795
0.167830974
0.168393224
0.164898515
0.159312427
0.159715936
0.160492942
0.163994685
0.158858478
0.153201401
0.156367630
0.153228655
0.154702350
0.152397960
0.161671057
0.161561117
0.161074430
0.164569139
0.161033198
0.160492182
0.159914613
0.156290919
0.160798028
0.164932698
0.161377206
0.159536928
0.161224753
0.162526727
0.158338025
0.157454550
0.160132587
0.160749644
0.156233042
0.156509027
0.159466714
0.162188709
0.164712802
0.161459461
0.163110897
0.164089367
0.156889707
0.155013248
0.152656034
0.151954055
0.153087378
0.154041916
0.152029917
0.153238669
0.153862685
0.158199668
0.157967553
0.157817304
0.153627634
0.153826088
0.153092697
0.156182826
0.163130403
0.159444571
0.156031951
0.154911980
0.162079811
0.152646407
0.148139164
0.152972654
0.156636715
0.157448992
0.157634586
0.158943981
0.156048879
0.156531021
0.151481405
0.154593959
0.153872222
0.150140420
0.154263780
0.161493480
0.161278650
0.163682505
0.159964994
0.162071794
0.162490338
0.164472297
0.165568873
0.163778991
0.162643909
0.157909527
0.158404976
0.152056649
0.153721005
0.154910356
0.154368386
0.150846228
0.150374398
0.148053914
0.153406844
0.151316181
0.153165609
0.154548183
0.157386467
0.150743261
0.154652044
0.158907756
0.160107523
0.162181616
0.156043902
0.159594849
0.157020330
0.162152931
0.159799099
0.156158045
0.159339398
0.160418093
0.160928965
0.162405312
0.158315003
0.163901120
0.166184708
0.163517520
0.163416162
0.164564580
0.165193588
0.167221159
0.164432406
0.160846531
0.165266380
0.169427201
0.169269398
0.172175080
0.169798419
0.164337963
0.166788116
0.166034877
0.163926452
0.163170069
0.164396927
0.170406535
0.171210378
0.166738093
0.165360495
0.172284544
0.168625191
0.166741595
0.165332228
0.167608693
0.167032763
0.170841068
0.165881857
0.166183427
0.165475339
0.169606850
0.172578126
0.170962065
0.165824905
0.171539098
0.172517091
0.173877671
0.173205808
0.176795468
0.166253448
0.166218802
0.160746887
0.169523329
0.172136039
0.168282434
0.164545506
0.157668635
0.164293483
0.166568249
0.167973354
0.173488244
0.173535600
0.171921894
0.164333016
0.166030020
0.165225565
0.166781455
0.168880805
0.166552097
0.160919607
0.166142717
0.170342416
0.169139609
0.168369755
0.169636831
0.169190675
0.164202452
0.164669946
0.167962879
0.169742465
0.168300360
0.166395932
0.169531018
0.171481282
0.168309212
0.168351725
0.168911844
0.169595018
0.168103933
0.167427436
0.170638621
0.170825794
0.167581081
0.173084959
0.170884207
0.170192897
0.172506064
0.173815235
0.174969807
0.174991101
0.175458238
0.175577611
0.176171467
0.173450515
0.173433959
0.175615102
0.168488055
0.170278832
0.171413869
0.166313395
0.164656311
0.169994354
0.169788122
0.165803984
0.167612568
0.170963541
0.170399368
0.172121286
0.170805812
0.169188708
0.172554404
0.173649743
0.174160138
0.170686379
0.169422641
0.170098245
0.172735929
0.171109542
0.166541204
0.164547145
0.164420947
0.164861009
0.167628273
0.170817167
0.175555244
0.181149766
0.192701221
0.202615753
0.209106341
0.222656369
0.227960899
0.249950245
0.262901843
0.268796176
0.286501706
0.306468487
0.329378039
0.336562842
0.351411521
0.402025014
0.408272684
0.397841305
0.346844763
0.340056628
0.321711570
0.318972766
0.344016939
0.315618575
0.299310803
0.289212912
0.312936425
0.326271743
0.354187727
0.337965310
0.310593933
0.289995730
0.284826130
0.282468617
0.276821047
0.273727298
0.221469373
0.203032702
0.184895709
0.149359822
0.121840455
0.108428292
0.102368712
0.097004645
0.093578659
0.090757728
0.090333208
0.087856971
0.087623827
0.086243786
0.085955329
0.085805468
0.085979745
0.084460855
0.084277160
0.084074214
0.083977960
0.083911590
0.083782591
0.083585523
0.083638892
0.083443314
0.083362751
0.083344489
0.083239548
0.083207384
0.083148710
0.083082341
0.083090484
0.083130091
0.083093978
0.083053626
0.083215766
0.083170913
0.083248243
0.083289452
0.083253279
0.083345219
0.083332375
0.083282769
0.083265238
0.083338097
0.083416291
0.083278798
0.083312914
0.083395161
0.083252080
0.083217546
0.083306931
0.083450891
0.083425395
0.084041379
0.083332613
0.083219953
0.083278194
0.083406433
0.083455428
0.083481818
0.083306007
0.083280414
0.083266206
0.083441690
0.083284453
0.083190247
0.083154112
0.083272979
0.083288379
0.083480999
0.083429538
0.083745942
0.084216468
0.083911113
0.083552554
0.083399735
0.083805740
0.084343664
0.084201947
0.083408475
0.083246529
0.083521433
0.083763592
0.083298177
0.083352275
0.083584629
0.083673298
0.083563447
0.083444543
0.083465278
0.083199613
0.083172768
0.083007224
0.082954071
0.082970403
0.083092019
0.083124079
0.083053298
0.083057508
0.083132058
0.083302192
0.083194092
0.083094843
0.083029822
0.083135001
0.083141431
0.083029307
0.083313666
0.083551913
0.083159812
0.082958989
0.082970560
0.083502032
0.084160388
0.084602572
0.085891619
0.088216759
0.095770232
0.099172026
0.092510492
0.091521166
0.091352664
0.090191923
0.086651787
0.086357199
0.085518375
0.085042596
0.085366301
0.087090202
0.092107557
0.089995682
0.086239547
0.084721535
0.084693633
0.084759295
0.084242381
0.083615318
0.083358891
0.083596453
0.083194129
0.083059236
0.083108276
0.083760478
0.083118923
0.083333053
0.084589310
0.084879197
0.084264547
0.083330929
0.083096333
0.083154418
0.084504604
0.083387159
0.083176754
0.083124049
0.083157279
0.083423771
0.083512716
0.083399929
0.083314158
0.083599344
0.083615944
0.083467953
0.083376877
0.083533958
0.083520338
0.084335662
0.083493516
0.087845847
0.086301379
0.083336599
0.083214633
0.083159827
0.083211035
0.083120920
0.083002284
0.083000548
0.083028376
0.083097205
0.083041809
0.083177879
0.083209723
0.083365850
0.083246626
0.083226591
0.083286986
0.083053097
0.082974032
0.083031908
0.083111584
0.083145089
0.083538435
0.083924934
0.084255248
0.085147887
0.085885905
0.085520260
0.085518673
0.085779101
0.086641267
0.087576896
0.089064352
0.089877762
0.089933075
0.089389272
0.086514220
0.084855467
0.083823115
0.083591260
0.083370976
0.083519772
0.083779469
0.084196500
0.084553458
0.084918164
0.085258931
0.085008040
0.084625043
0.084353581
0.084173627
0.084040798
0.083940580
0.083824232
0.083714448
0.083634667
0.083564728
0.083504394
0.083455764
0.083423339
0.083402343
0.083391480
0.083390005
0.083407506
0.083450258
0.083629385
0.083983630
0.084180638
0.084145755
0.084223695
0.084230401
0.084189892
0.083872430
0.083487019
0.083368778
0.083278134
0.083173037
0.083187491
0.083193608
0.083171323
0.083180696
0.083204843
0.083220571
0.083217278
0.083210438
0.083201528
0.083160095
0.083127819
0.083122514
0.083136886
0.083120167
0.083094984
0.083065510
0.083074890
0.083067343
0.083035365
0.082982555
0.082955107
0.082948588
0.082969144
0.083047383
0.083132707
0.083124273
0.083130091
0.083090097
0.083008178
0.082987428
0.082955122
0.082930453
0.082917146
0.876894534
0.834424019
0.975461364
0.664775312
0.284599423
0.421449661
0.434642643
0.312086642
0.483862787
0.561273158
0.635093272
0.415613413
0.418385953
0.581278384
0.552002907
0.686306655
0.740114212
0.608758867
0.659307182
0.604760528
0.623116136
0.675372005
0.628816128
0.562208593
0.415504038
0.488350749
0.876245856
0.822714388
0.783642769
0.835596025
0.565213263
0.392970592
0.593896925
0.361158431
0.485917121
0.275787532
0.357874423
0.325260192
0.290879071
0.418756634
0.416969329
0.332344353
0.343383640
0.511238515
0.487967819
0.466924608
0.356247932
0.304544717
0.357192904
0.332390219
0.518049955
0.789698124
0.541372120
0.429189801
0.425616652
0.574109137
0.349418283
0.559530735
0.640945077
0.503042996
0.421283334
0.630632102
0.396028608
0.741537213
0.882985055
0.929864705
0.671939492
0.754646599
0.693223059
0.641345918
0.423355281
0.403180808
0.396589249
0.417201132
0.645177960
0.546456218
0.435535848
0.416572392
0.868213713
0.891015887
0.843786597
0.815262854
0.769109607
0.562874377
0.348963678
0.421040803
0.310613483
0.488496929
0.519356728
0.614595830
0.598821759
0.423047751
0.895828485
0.382744759
0.606976807
0.527667224
0.534826994
0.585043490
0.447169483
0.244382635
0.540631711
0.291383117
0.382618159
0.725272834
0.703505754
0.460669488
0.878892779
0.465152979
0.327788591
0.783588707
0.221848875
0.119839013
0.088454999
0.085960113
0.085462093
0.084953181
0.084589504
0.084232435
0.084015064
0.083731331
0.083564371
0.083431199
0.083375223
0.083354086
0.083329603
0.083344921
0.083378345
0.083408780
0.083498023
0.083467618
0.083508842
0.083508268
0.083524942
0.083526962
0.083512969
0.083481796
0.083444320
0.083405219
0.083362326
0.083305031
0.083242930
0.083167344
0.083110161
0.083069615
0.083038345
0.083032280
0.083030224
0.083016507
0.083007596
0.083019309
0.083043925
0.083101198
0.083161846
0.083213300
0.083254561
0.083269842
0.083268374
0.083240628
0.083199307
0.083151966
0.083134532
0.083125994
0.083113700
0.083083682
0.083081484
0.083072312
0.082995094
0.082986839
0.082963757
0.082959697
0.082956314
0.082956485
0.082958728
0.082964577
0.082968749
0.082963310
0.082955129
0.082962818
0.082943983
0.082924575
0.082922086
0.082914077
0.082890965
0.082883917
0.082877748
0.082872763
0.082881100
0.082894079
0.082888752
0.082937807
0.083000861
0.082985200
0.083019473
0.083080523
0.083090723
0.083091699
0.083107948
0.083109222
0.083094396
0.083058812
0.083040379
0.083030075
0.083034515
0.083052330
0.083079219
0.083099023
0.083095349
0.083095588
0.083069332
0.083061248
0.083021201
0.082964741
0.082948230
0.082957536
0.082992457
0.083026350
0.083088368
0.083158165
0.083230220
0.083317891
0.083394662
0.083445266
0.083467960
0.083469465
0.083459847
0.083441928
0.083419763
0.083397090
0.083377011
0.083360299
0.083349362
0.083332807
0.083317325
0.083304077
0.083301403
0.083322242
0.083324648
0.083327346
0.083331607
0.083334163
0.083345361
0.083375663
0.083442062
0.083517022
0.083621182
0.083793275
0.084015809
0.084019631
0.083850935
0.083766587
0.083703101
0.083702080
0.083699860
0.083682001
0.083628446
0.083555348
0.083504155
0.083471246
0.083442219
0.083412953
0.083393686
0.083384722
0.083380371
0.083379231
0.083383672
0.083388008
0.083394662
0.083402433
0.083408698
0.083384648
0.083355829
0.083326273
0.083311349
0.083288260
0.083237797
0.083210655
0.083220087
0.083268732
0.083282381
0.083278194
0.083295286
0.083313152
0.083305746
0.083315849
0.083313338
0.083322994
0.083325878
0.083325259
0.083307721
0.083263524
0.083236851
0.083207995
0.083188556
0.083172217
0.083150379
0.083126344
0.083086587
0.083082616
0.083082706
0.083058134
0.083047159
0.083043575
0.083034895
0.083033577
0.083004706
0.082985431
0.082952857
0.082925908
0.082902044
0.082883514
0.082866073
0.082863010
0.082858652
0.082859889
0.082854569
0.082856216
0.082850210
0.082851358
0.082855068
0.082859628
0.082862765
0.082867816
0.082872175
0.082877547
0.082893535
0.082903229
0.082913592
0.082918443
0.082916245
0.082929298
0.082935087
0.082951330
0.082963154
0.082962707
0.082963862
0.082947545
0.082932904
0.082937904
0.082930513
0.082932711
0.082946174
0.082952596
0.082956709
0.082953788
0.082973450
0.083025336
0.083149545
0.083236694
0.083350651
0.083436154
0.083467953
0.083557501
0.083573632
0.083555996
0.083511204
0.083468162
0.083421171
0.083425887
0.083418116
0.083396338
0.083373696
0.083354697
0.083355293
0.083375022
0.083422720
0.083486415
0.083555169
0.083545998
0.083497919
0.083471358
0.083466120
0.083480895
0.083449930
0.083412386
0.083395191
0.083407864
0.083347283
0.083280765
0.083277151
0.083281025
0.083282940
0.083268091
0.083256692
0.083267793
0.083259396
0.083271526
0.083274752
0.083253846
0.083244026
0.083234712
0.083233140
0.083152957
0.083108783
0.083062582
0.083063781
0.083085209
0.083184496
0.083178312
0.083280601
0.083358526
0.083327234
0.083268039
0.083261013
0.083191290
0.083204754
0.083099551
0.083091043
0.083058357
0.083054774
0.083027996
0.082999900
0.082977183
0.082984202
0.082990639
0.083004102
0.083066903
0.083047748
0.083068043
0.083102785
0.083144233
0.083178930
0.083233081
0.083275720
0.083236896
0.083249480
0.083296120
0.083339706
0.083305001
0.083251141
0.083238848
0.083243854
0.083242692
0.083206512
0.083157927
0.083169818
0.083225712
0.083193630
0.083225757
0.083207496
0.083206624
0.083215505
0.083185919
0.083157085
0.083132707
0.083112940
0.083101705
0.083108582
0.083122291
0.083137609
0.083095320
0.083121307
0.083158709
0.083842419
0.083641298
0.083845206
0.084823817
0.084262483
0.084328063
0.085042477
0.084247492
0.083527893
0.083682343
0.084289245
0.084614150
0.083971918
0.088089868
0.086127266
0.087919489
0.084192120
0.083961137
0.088768348
0.089293383
0.084763594
0.088013992
0.115662016
0.113440819
0.093870103
0.094031602
0.093466334
0.093317434
0.094225243
0.095214330
0.096560530
0.094127335
0.103070140
0.110072330
0.108930543
0.105447762
0.104600944
0.105195053
0.095061578
0.092708588
0.088233314
0.085721895
0.086456217
0.087532714
0.092878535
0.087270699
0.087617308
0.086691096
0.087337621
0.086989038
0.085783392
0.086218461
0.090999141
0.124811649
0.143705249
0.103771664
0.105951659
0.117690265
0.112772092
0.102978632
0.102450714
0.091459416
0.087017328
0.087195173
0.087490179
0.086630881
0.086443469
0.086010888
0.085876055
0.085333362
0.084790967
0.084337041
0.084235482
0.083948083
0.083827488
0.083737768
0.083837725
0.083851755
0.083848856
0.083968230
0.084160618
0.084560916
0.085407756
0.086712360
0.087024488
0.090050526
0.089955397
0.089922734
0.090295263
0.091278791
0.091050424
0.089567021
0.088060327
0.088875152
0.087490208
0.087961629
0.087528296
0.085559040
0.084836192
0.084150232
0.084296376
0.083787918
0.083893694
0.083720237
0.083689474
0.083760835
0.083722509
0.083514377
0.083626457
0.083607130
0.083716474
0.084479056
0.084432863
0.084118493
0.083975129
0.083883569
0.083665095
0.083539359
0.084281102
0.083531156
0.083768167
0.087534927
0.083232619
0.085064963
0.083389930
0.084774263
0.084647343
0.084556267
0.083222806
0.083084710
0.083353311
0.083229050
0.083347254
0.083868101
0.083664179
0.083398022
0.083438233
0.083544739
0.083381228
0.084051944
0.083626084
0.085074715
0.084047340
0.084771849
0.085488036
0.086837038
0.101455256
0.093269244
0.122356586
0.099132925
0.106771171
0.102978826
0.102035038
0.103641964
0.093074754
0.090902768
0.095152423
0.097426102
0.100369357
0.109150514
0.123081952
0.137065798
0.162260175
0.109199524
0.105065405
0.107805572
0.097724542
0.102047764
0.106799796
0.110686272
0.108784854
0.105854504
0.105841041
0.100933373
0.098265417
0.094381414
0.093467429
0.095850490
0.097649813
0.094869517
0.092233591
0.090949178
0.090369031
0.090188183
0.092538804
0.092515022
0.097017407
0.100597642
0.105273157
0.111080438
0.114190072
0.116387360
0.118237764
0.119128518
0.119061820
0.117353864
0.116900854
0.115722217
0.112367071
0.111256696
0.109658398
0.106572926
0.104281567
0.100186616
0.097997792
0.098899156
0.093656383
0.089051038
0.086280286
0.085325755
0.084637560
0.084130533
0.083852619
0.083647907
0.083441280
0.084071808
0.083646767
0.083921224
0.084139355
0.084589735
0.087969027
0.087640643
0.090422407
0.086374946
0.084834650
0.083752260
0.083538510
0.083479881
0.083641395
0.083444715
0.083387360
0.083377823
0.083336093
0.083402507
0.083401188
0.083446987
0.083514728
0.083615139
0.083693005
0.083715141
0.083936498
0.084077425
0.084637530
0.084369265
0.084231541
0.084692650
0.084759705
0.084988028
0.087403238
0.086934298
0.087098345
0.087989137
0.086935684
0.086713351
0.086150400
0.085146859
0.086896613
0.084765926
0.084709346
0.084392965
0.084421717
0.084008507
0.083958246
0.083937563
0.083653398
0.084345661
0.084971212
0.084125809
0.084121719
0.083614439
0.083621576
0.083636105
0.083430797
0.083301991
0.083306424
0.083159231
0.083214849
0.083409868
0.083400317
0.083432883
0.083602317
0.083569728
0.083594598
0.083519280
0.083734654
0.083244808
0.083284132
0.083299063
0.083254285
0.083435684
0.083389401
0.083222322
0.083212323
0.086723104
0.083949551
0.083260976
0.083922029
0.083860010
0.086150616
0.090439819
0.089551352
0.088362522
0.086718440
0.089398667
0.100121081
0.089419849
0.095610254
0.095218621
0.094069578
0.091163695
0.096020401
0.089335717
0.089737356
0.096620440
0.104363181
0.103933983
0.118707031
0.119627751
0.116255075
0.178323641
0.132446349
0.142423779
0.161385134
0.124375306
0.119243585
0.102576703
0.106073283
0.102783896
0.111728474
0.098380513
0.094853677
0.109422073
0.097310238
0.094265811
0.093973950
0.092054777
0.091033302
0.092310376
0.093204767
0.094534174
0.097356409
0.096045651
0.096902952
0.097756311
0.101378940
0.104014233
0.107605971
0.109406732
0.111253299
0.110349022
0.109587632
0.109800592
0.113285996
0.118257314
0.120033123
0.118468374
0.113314569
0.106216483
0.097421728
0.089349896
0.086295977
0.085181326
0.084687546
0.084388636
0.084228359
0.084085479
0.083941333
0.083841726
0.083767757
0.083680250
0.083604023
0.083565086
0.083519228
0.083572000
0.083857127
0.083906688
0.083784178
0.083668701
0.083563335
0.083492272
0.083434269
0.083485700
0.083460242
0.083456643
0.083424613
0.083408900
0.083375134
0.083374545
0.083380327
0.083328068
0.083304316
0.083181299
0.083127283
0.083088264
0.083165608
0.083187260
0.083131388
0.083112210
0.083062552
0.083077602
0.083092548
0.083062574
0.083036862
0.082975544
0.082968481
0.082912847
0.082937635
0.082929745
0.082909741
0.082937330
0.082851112
0.082782112
0.082868904
0.082890779
0.082908630
0.082929403
0.082915619
0.082924984
0.082898967
0.083252415
0.084369458
0.084055558
0.084732302
0.084360436
0.084010080
0.083546624
0.084562533
0.084732249
0.083844952
0.089993432
0.088714711
0.088497475
0.092632592
0.093405075
0.117347218
0.130612522
0.128698424
0.120404661
0.116198711
0.131346896
0.128519192
0.124270447
0.123075157
0.127358675
0.120442957
0.119805589
0.113853939
0.124373421
0.115284659
0.117081635
0.124439351
0.114770360
0.122552261
0.128648862
0.121501505
0.141130194
0.131137326
0.141680390
0.142741233
0.140045360
0.135936260
0.136829466
0.140982389
0.143049702
0.147503898
0.137732759
0.138683721
0.126022309
0.142404616
0.134985387
0.133622020
0.129671901
0.133462116
0.127403885
0.105453670
0.096937016
0.090321481
0.088425823
0.093920305
0.097229742
0.096888229
0.095546931
0.097274572
0.092994921
0.094127804
0.093099795
0.090354070
0.100577772
0.128224850
0.182930917
0.170394406
0.171110824
0.177123532
0.177732661
0.176666766
0.173263833
0.169685528
0.167774767
0.168561623
0.169399098
0.167503446
0.165689006
0.167547479
0.167981341
0.166446477
0.165481672
0.165597394
0.165186509
0.164142042
0.160778239
0.159934133
0.163197964
0.165797055
0.161970317
0.166732073
0.167122751
0.166217059
0.179595023
0.228610441
0.771132350
0.339330286
0.186427251
0.163920134
0.137656972
0.121552520
0.120839134
0.106979564
0.105549254
0.103253461
0.104929626
0.105724223
0.105463691
0.115250371
0.133398488
0.146728754
0.218088895
0.224037275
0.259784371
0.263621360
0.317964405
0.318987489
0.343391389
0.349185795
0.361391187
0.364348114
0.368644267
0.355560184
0.323017180
0.381973684
0.487469316
0.745865822
0.940819979
0.942799985
0.940013170
0.703062475
0.377937138
0.379945129
0.234013528
0.278062135
0.278113246
0.305431098
0.295420468
0.272944540
0.256625772
0.238705888
0.239940375
0.224988014
0.140830547
0.159123316
0.091935284
0.408311516
0.379838437
0.239701852
0.308375537
0.235025868
0.367262840
0.454102397
0.255080700
0.200829387
0.309129983
0.232905865
0.257855833
0.364215702
0.281412482
0.274290085
0.333524525
0.348759621
0.320239782
0.245524853
0.364163131
0.346435189
0.509893715
0.453959256
0.419903725
0.450618863
0.421748757
0.412649661
0.404076159
0.389049232
0.360577673
0.350507230
0.359692007
0.324696809
0.299062997
0.294219464
0.287803322
0.237846464
0.170871809
0.169324368
0.175299823
0.199975818
0.204677150
0.758378208
0.930552006
0.963199139
0.957844436
0.928278863
0.899242997
0.677610576
0.426772684
0.193748429
0.325502098
0.368910313
0.629013240
0.858117819
0.726304293
0.719793439
0.765474617
0.812575519
0.862460732
0.872603714
0.801254690
0.795101166
0.858615041
0.847469747
0.758378923
0.693294883
0.713517249
0.769011796
0.628431976
0.478695810
0.428161174
0.383258283
0.365363657
0.312731683
0.303150713
0.318777144
0.152593493
0.136668965
0.125375628
0.089246817
0.086893462
0.084742747
0.085218817
0.086563185
0.086701371
0.089075550
0.092540465
0.106062420
0.111696653
0.119192041
0.118863866
0.113101050
0.123309031
0.130792528
0.134285673
0.137151733
0.218622789
0.220367223
0.155053183
0.122568533
0.112026393
0.106442474
0.093317144
0.087091692
0.085441656
0.084149845
0.083609283
0.083484486
0.083340801
0.083168633
0.083021902
0.083007716
0.083040155
0.082984284
0.082993932
0.327618062
0.660651565
0.090075672
0.087760352
0.230549037
0.171723023
0.101700075
0.085500449
0.087907158
0.126237974
0.126484886
0.092256114
0.087991491
0.088623621
0.088373929
0.089597709
0.090885587
0.090429701
0.092458501
0.095562950
0.086755507
0.085810438
0.086440511
0.084819414
0.085013308
0.085634261
0.084821850
0.084710270
0.084957279
0.084281206
0.083826907
0.084042147
0.084192172
0.084111616
0.084132902
0.083994582
0.083921507
0.084007390
0.083640873
0.083404340
0.083288170
0.083154626
0.083160631
0.083215959
0.083272018
0.083321624
0.083350673
0.083323382
0.083340742
0.083368406
0.083366886
0.083351262
0.083355926
0.083347403
0.083324045
0.083289921
0.083304241
0.083306968
0.083530709
0.083585747
0.083746850
0.083784632
0.083917961
0.083912864
0.084038608
0.083985798
0.083953723
0.083896466
0.083910815
0.083966352
0.083988309
0.084034912
0.084029995
0.084047288
0.084141158
0.084182411
0.084262885
0.084301002
0.084308706
0.084351413
0.084440574
0.084498629
0.084607400
0.084741354
0.084919758
0.085045449
0.085215203
0.085335650
0.085446574
0.085433736
0.085404627
0.085360393
0.085330486
0.085383222
0.085691340
0.085763060
0.085737884
0.085800447
0.085796602
0.086268932
0.087148689
0.105475985
0.208040327
0.173841298
0.150644436
0.139682516
0.114283226
0.101119272
0.115393564
0.102221310
0.095029816
0.096546777
0.106107332
0.098032862
0.100350060
0.092345119
0.097557329
0.108312204
0.098133266
0.088748038
0.091530569
0.111695021
0.330849171
0.243303835
0.172068313
0.180402294
0.168529630
0.156774253
0.150041133
0.148946762
0.146328196
0.146697178
0.144973814
0.153170139
0.151366815
0.146184728
0.149021760
0.143136114
0.143520802
0.141820282
0.127413467
0.140025750
0.155548155
0.149597004
0.162276521
0.140088528
0.154224619
0.162680805
0.130685151
0.105836511
0.091398068
0.088287443
0.085326456
0.085220188
0.084837139
0.084482178
0.085037172
0.085853718
0.085768603
0.086738721
0.086980931
0.085530557
0.085673012
0.085302986
0.085689537
0.085367039
0.085831627
0.085784942
0.086140685
0.087651059
0.087500915
0.089166455
0.091504410
0.092660829
0.095727079
0.096136078
0.102711342
0.106140509
0.111165687
0.104992628
0.109253004
0.105664477
0.103444457
0.103441343
0.101549782
0.101776823
0.101761021
0.101850823
0.105358467
0.104418471
0.104553811
0.107151620
0.106117748
0.105116628
0.100291252
0.097057477
0.092082128
0.091839142
0.090020724
0.088552013
0.087737888
0.086880818
0.086257063
0.085588783
0.085389346
0.084982038
0.084791116
0.084454007
0.084422506
0.084404215
0.084482826
0.084272034
0.084154598
0.084221102
0.084052056
0.083876051
0.083769575
0.083691858
0.083588637
0.083619311
0.083595812
0.083619624
0.083595954
0.083511502
0.083516799
0.083441332
0.083584301
0.083733641
0.083592437
0.083435185
0.083451927
0.083399147
0.083357364
0.083344325
0.084067993
0.083844036
0.083261341
0.083174832
0.083249368
0.083159938
0.083200939
0.083120115
0.083103120
0.083130687
0.083126947
0.083213232
0.083108768
0.083071485
0.083031729
0.083080657
0.083028115
0.082935415
0.083114699
0.083319686
0.083152354
0.083309978
0.083128609
0.083227254
0.083592452
0.083208568
0.084239751
0.083969072
0.084857009
0.089622043
0.087649554
0.086141206
0.088842414
0.085981376
0.084135398
0.095745422
0.094418295
0.089062259
0.091675103
0.088226065
0.098070204
0.104719862
0.099972822
0.099903956
0.097760417
0.098842248
0.098201312
0.128169701
0.111649804
0.110068426
0.111881107
0.110964194
0.100877002
0.112472497
0.113233514
0.100073002
0.093990006
0.109409414
0.093847357
0.087679788
0.091794357
0.088134244
0.090244286
0.089563578
0.088413216
0.087790884
0.085651621
0.084949493
0.083385400
0.083233804
0.085244149
0.084062859
0.085117511
0.083417855
0.083332017
0.083391950
0.084280089
0.084048063
0.084261000
0.083849952
0.083993658
0.084050268
0.084221087
0.085321382
0.086540274
0.088863060
0.089561768
0.088220574
0.088837065
0.089703567
0.090937167
0.092278048
0.092272721
0.091980100
0.089694418
0.086838938
0.085188806
0.084343441
0.083930686
0.083434045
0.083299287
0.083192691
0.083128206
0.083095551
0.083094954
0.083152287
0.083245665
0.083296880
0.083316505
0.083337627
0.083273917
0.083195634
0.083149657
0.083117120
0.083074585
0.083076276
0.083043180
0.082975820
0.082939327
0.082919121
0.082901202
0.082887955
0.082892999
0.082910158
0.082918428
0.082927726
0.082948118
0.082966082
0.082966238
0.082981937
0.082974084
0.082991198
0.083008245
0.083017342
0.083025225
0.083011732
0.082981549
0.082997896
0.083033986
0.083059371
0.083062604
0.083021760
0.083078593
0.083083987
0.083057202
0.083050504
0.083039030
0.083024785
0.083019897
0.083005361
0.083062552
0.083052501
0.083030023
0.083013691
0.083043098
0.083077647
0.083018832
0.083137393
0.083245881
0.083236896
0.083221175
0.083199456
0.083212987
0.083280444
0.083351217
0.083362430
0.083318166
0.083333097
0.083339244
0.083406650
0.083348967
0.083623067
0.083478920
0.083455406
0.083450638
0.083476067
0.083489701
0.083542481
0.083736606
0.083715901
0.083474338
0.084267959
0.083853759
0.083860137
0.083801419
0.083694890
0.083380222
0.083278358
0.083617918
0.083572425
0.083165303
0.083068758
0.083354704
0.083216533
0.083303161
0.083810866
0.083167173
0.083136417
0.088525280
0.088055544
0.083646215
0.182539999
0.134163082
0.114443615
0.122681074
0.131163120
0.144572601
0.130427465
0.132959634
0.137060508
0.164502248
0.132307500
0.135005012
0.122749150
0.135833919
0.141740128
0.129463315
0.141120508
0.149343222
0.144261926
0.138368934
0.118652843
0.115192875
0.122967243
0.108852081
0.118143737
0.105728358
0.119598128
0.109137818
0.104014665
0.090274788
0.096018754
0.099129729
0.109150238
0.106057696
0.125666082
0.120300680
0.125152826
0.122991666
0.124421924
0.130229935
0.128829777
0.122275561
0.103559874
0.103183359
0.105229281
0.104187682
0.110350832
0.103191361
0.094553970
0.123877138
0.123280838
0.119723976
0.128154516
0.139160991
0.150734559
0.138172373
0.162498906
0.173933297
0.168633133
0.169170678
0.171264812
0.174510717
0.173120633
0.175659537
0.175110042
0.176112890
0.176099777
0.175662577
0.171033815
0.170927376
0.168733820
0.167870358
0.168801472
0.168485239
0.166778192
0.164652407
0.165395543
0.158008739
0.160560384
0.157044351
0.151471645
0.144877702
0.145078897
0.135633349
0.118557379
0.101737402
0.099779375
0.113932602
0.236490294
0.207835391
0.138901383
0.183792338
0.119809650
0.135450214
0.222361505
0.254652172
0.180121362
0.165300891
0.155353397
0.137333393
0.129992709
0.133480787
0.137999475
0.135353982
0.134296387
0.146532327
0.153745905
0.156746507
0.157162875
0.150158376
0.147434771
0.144491330
0.143946990
0.139413089
0.139335975
0.137036845
0.137976795
0.141080797
0.146482095
0.151497260
0.154585958
0.159291327
0.160042584
0.163244203
0.157311216
0.189984322
0.241642088
0.252898037
0.598515451
0.301207334
0.418088347
0.283858061
0.256629288
0.222093701
0.212660283
0.162611276
0.201912165
0.319186628
0.396306396
0.269517362
0.522523761
0.669570804
0.355795890
0.466454268
0.412681460
0.308534354
0.337774128
0.425716281
0.785323143
0.565495729
0.454951465
0.648319483
0.749952078
0.798879921
0.808075786
0.824328244
0.841832638
0.871030033
0.860381722
0.826574445
0.810432792
0.845701098
0.857384324
0.889710486
0.879390776
0.830347061
0.633230567
0.490513980
0.248082608
0.161013514
0.199029431
0.164191529
0.156366438
0.161464348
0.170633569
0.189457878
0.193768620
0.189767912
0.352822185
0.488549739
0.492580354
0.427860975
0.388310224
0.424147010
0.294341385
0.252044588
0.188525960
0.149113297
0.173649460
0.182766959
0.154636309
0.149224937
0.146108821
0.131936163
0.124331504
0.117305368
0.113116577
0.111357957
0.116269834
0.114457257
0.105853371
0.104159057
0.102440447
0.098959476
0.097200938
0.100089565
0.095041320
0.093478948
0.094223917
0.092585668
0.089826383
0.087410428
0.085877374
0.084978983
0.084036373
0.083589666
0.083393812
0.083220139
0.083384745
1.000000000
1.000000000
