1.00000000
1.00000000
1.00000000
1.00000000
1.00000000
1.00000000
1.00000000
1.00000000
1.00000000
1.00000000
1.00000000
1.00000000
1.00000000
1.00000000
1.00000000
1.00000000
1.00000000
1.00000000
1.00000000
1.00000000
1.00000000
1.00000000
1.00000000
1.00000000
1.00000000
1.00000000
1.00000000
1.00000000
1.00000000
1.00000000
1.00000000
1.00000000
1.00000000
1.00000000
1.00000000
1.00000000
1.00000000
1.00000000
1.00000000
1.00000000
1.00000000
1.00000000
1.00000000
1.00000000
1.00000000
1.00000000
1.00000000
1.00000000
1.00000000
1.00000000
1.00000000
1.00000000
1.00000000
1.00000000
1.00000000
1.00000000
1.00000000
1.00000000
1.00000000
1.00000000
1.00000000
1.00000000
1.00000000
0.99074441
0.98994219
0.98775685
0.98873222
0.98840743
0.99136096
0.99005085
0.99182922
0.99102330
0.99134314
0.99088401
0.99167550
0.99007541
0.98921305
0.98842454
0.98901016
0.98942089
0.98952419
0.98896372
0.98719054
0.99118072
0.98979223
0.98818856
0.98818099
0.99159908
0.99101347
0.99134856
0.98981398
0.99128562
0.99198860
0.99099380
0.98933405
0.98916411
0.98826164
0.99052447
0.99169016
0.99100012
0.98984587
0.98928529
0.99065816
0.98992425
0.99028617
0.98927820
0.98781455
0.98479319
0.98628134
0.98967338
0.99048328
0.99123585
0.99006689
0.98982364
0.99206853
0.98988336
0.98804897
0.98460269
0.98140889
0.98609275
0.98260486
0.97002327
0.96559447
0.96400583
0.96188402
0.95394731
0.95128155
0.95020121
0.97301632
0.97906369
0.97930855
0.98208022
0.98268157
0.98488379
0.98693258
0.98826027
0.98668367
0.99165654
0.99223137
0.99329245
0.99272799
0.99191660
0.99066985
0.98958838
0.98768914
0.98693997
0.98560196
0.98839813
0.99044806
0.99153382
0.99242318
0.99205399
0.99079704
0.99126679
0.99149936
0.99398535
0.99335855
0.99451941
0.99375981
0.99201024
0.99246252
0.99171317
0.99106336
0.99014133
0.99145448
0.98892587
0.98930293
0.98791671
0.98550457
0.98596060
0.98765415
0.98858505
0.98623508
0.98493850
0.98525339
0.98503727
0.98484147
0.98492211
0.98499334
0.98664850
0.98477131
0.98671061
0.98658007
0.98625970
0.98568487
0.98487896
0.98501933
0.98540848
0.98499238
0.98478520
0.98493582
0.98581219
0.98460048
0.98197776
0.97999370
0.97977120
0.97257745
0.97168905
0.97357756
0.97518808
0.98002464
0.97664249
0.97359359
0.97114557
0.96958166
0.97389823
0.97474945
0.97475612
0.97376889
0.97641659
0.98053831
0.98317659
0.98135775
0.98518223
0.98513979
0.98708260
0.98685920
0.98294491
0.97080010
0.97425485
0.97558290
0.97733021
0.97806031
0.96932840
0.96703959
0.97095710
0.96761215
0.95284992
0.97714227
0.98473954
0.98671573
0.99100226
0.99398094
0.99345219
0.99234492
0.99159580
0.98994690
0.98780781
0.99146199
0.99192470
0.99389005
0.99407697
0.99170882
0.99171221
0.99066204
0.99357235
0.99312133
0.99430037
0.99401480
0.99352032
0.99376196
0.99213105
0.99130744
0.98736179
0.98930651
0.98935777
0.98979634
0.98581821
0.98708689
0.98663759
0.98997855
0.98950255
0.98957098
0.99004620
0.98698539
0.97623891
0.98004258
0.97887290
0.98699850
0.97792768
0.95453542
0.94247520
0.95697820
0.96247655
0.97453541
0.96959049
0.97067982
0.96624517
0.96528774
0.97465038
0.98626560
0.98085922
0.98290563
0.98567933
0.98860210
0.99133402
0.99157435
0.99325800
0.99089009
0.99149573
0.98598206
0.98597938
0.98807085
0.99113184
0.98883343
0.98692596
0.98781455
0.98675793
0.99041533
0.98810929
0.99207711
0.99061561
0.99156648
0.99025726
0.98913389
0.98999727
0.99346983
0.99358255
0.99340111
0.98974854
0.98386484
0.98338956
0.98489261
0.98859185
0.98294741
0.98215377
0.98336625
0.97492707
0.95981902
0.93112826
0.97718120
0.98127961
0.97852522
0.96729684
0.95763731
0.95663828
0.96209300
0.96745503
0.97579694
0.97620785
0.97726893
0.97266543
0.95697987
0.95954907
0.98247266
0.98640943
0.98948377
0.97869313
0.98279405
0.97863412
0.98803759
0.98457980
0.98744988
0.98874217
0.98857540
0.98470312
0.98656940
0.98861665
0.98652369
0.98743057
0.98507535
0.98485053
0.98518026
0.98329133
0.98235840
0.98311979
0.98168373
0.98134905
0.97892308
0.97940767
0.98024976
0.97741961
0.97790295
0.97786170
0.98040044
0.98510134
0.98769242
0.98998755
0.99120188
0.99264562
0.99185914
0.99082011
0.98438156
0.98184192
0.98295408
0.98202109
0.99172735
0.99157238
0.99155831
0.98552102
0.97778028
0.97412235
0.97223288
0.97499108
0.97825706
0.98035276
0.98777974
0.98423856
0.98149407
0.98038006
0.98891747
0.99257314
0.99311608
0.98993474
0.98859286
0.98776013
0.98797077
0.99135780
0.99170446
0.99286932
0.99302870
0.99187547
0.99179828
0.99067569
0.98963368
0.98976642
0.99075121
0.99029553
0.98627603
0.98744410
0.98377669
0.98489898
0.98279691
0.98496163
0.98476821
0.98209172
0.98046207
0.97559470
0.97624767
0.97596335
0.98233151
0.98506123
0.98670095
0.98755032
0.98824114
0.98952007
0.98993963
0.98832744
0.98610109
0.98350441
0.97811723
0.97959179
0.98284507
0.98587751
0.98423541
0.98520064
0.98791635
0.98723572
0.98610979
0.98439819
0.98346913
0.98327798
0.98300374
0.97824883
0.97631788
0.98144251
0.98264426
0.98386323
0.98458868
0.98524624
0.98521101
0.98852986
0.98775756
0.98968154
0.99057287
0.99000043
0.99083978
0.99127203
0.99289775
0.99251693
0.99248344
0.99109542
0.98933208
0.98893178
0.98835099
0.98930711
0.99115705
0.99178892
0.99296463
0.99453050
0.99466538
0.99495053
0.99342501
0.99364084
0.99191064
0.99179626
0.99171817
0.99012297
0.99186057
0.99099255
0.98755825
0.98463780
0.98423809
0.98839778
0.98874074
0.98226476
0.98815793
0.98853731
0.98840874
0.98907477
0.99075609
0.99183637
0.98941410
0.99232626
0.99249613
0.99145693
0.99138683
0.98978370
0.99041194
0.99154073
0.99116409
0.99052155
0.99000227
0.99083227
0.98949897
0.98782015
0.98713326
0.98644662
0.98650277
0.98646963
0.98374212
0.98147249
0.97911137
0.97984171
0.97873390
0.98048669
0.97743088
0.97833872
0.97849190
0.97790843
0.97696960
0.97489673
0.97513717
0.97420192
0.97273421
0.97466350
0.97415745
0.97632843
0.97704703
0.97723722
0.97900546
0.98065329
0.97758240
0.98056602
0.98119074
0.98024118
0.98206961
0.98364717
0.98283643
0.98332018
0.98401707
0.98539782
0.98511815
0.98592687
0.98734564
0.98649770
0.98820364
0.98708874
0.98902941
0.98713171
0.98756033
0.98707032
0.98886257
0.98930490
0.98930091
0.99118727
0.99145472
0.99072474
0.99056447
0.98875439
0.98883748
0.98729903
0.98767334
0.98774230
0.98820776
0.98898160
0.99022478
0.99132603
0.99300659
0.99232739
0.99354315
0.99510336
0.99481010
0.99400324
0.99443853
0.99343574
0.99360764
0.99411869
0.99446905
0.99368674
0.99287426
0.98975080
0.98972815
0.98844320
0.98788339
0.98567235
0.98134905
0.98168600
0.98175836
0.98507291
0.98671174
0.98676646
0.98568523
0.98322761
0.97880459
0.98019743
0.98249197
0.98709852
0.98845553
0.98752207
0.98683715
0.98631775
0.98406929
0.98131073
0.97536248
0.97716707
0.97685224
0.97945923
0.98240924
0.98829925
0.98743850
0.98773497
0.98637474
0.98582274
0.98290563
0.98785549
0.98983091
0.99146080
0.99383754
0.99149209
0.98966974
0.98510587
0.98697346
0.99010497
0.99155581
0.99281925
0.99285734
0.99175090
0.99178922
0.99076837
0.98701662
0.99054563
0.98929286
0.99218374
0.99096012
0.99064028
0.98719192
0.98577833
0.98662114
0.98989820
0.99127907
0.99101430
0.99147850
0.99083263
0.99098712
0.99133247
0.98971200
0.98936683
0.98838633
0.98970836
0.99045420
0.99011797
0.99023938
0.99016702
0.99157351
0.98881149
0.98845696
0.98771209
0.98662716
0.98865557
0.98808795
0.99019986
0.99093342
0.99138314
0.99134070
0.98981452
0.98998767
0.98932236
0.98838949
0.98905700
0.98798126
0.98748487
0.98695242
0.97743899
0.98447871
0.99087393
0.99107802
0.99101561
0.99147975
0.99023002
0.98973489
0.98994571
0.98868424
0.98871148
0.99148679
0.98920071
0.98969078
0.98990458
0.98641545
0.98679578
0.98924118
0.98940116
0.98979527
0.99107200
0.99087417
0.98983592
0.99042761
0.99026847
0.98846567
0.98964417
0.98982412
0.98982251
0.98882270
0.98957878
0.98836726
0.98869926
0.98840117
0.98791051
0.98808366
0.98855770
0.98679566
0.98846185
0.98888880
0.98831451
0.98852915
0.98832500
0.98993111
0.98991561
0.98733646
0.98770964
0.98946673
0.98969519
0.98928040
0.98920655
0.99028122
0.99047124
0.98785400
0.98716110
0.98617887
0.98683202
0.98478532
0.98353308
0.98376358
0.98394251
0.98449337
0.98160940
0.97995216
0.98126709
0.98315972
0.98528361
0.98507082
0.98015565
0.97843391
0.97823483
0.97751343
0.97059816
0.97521770
0.97676647
0.97015697
0.95729584
0.96218079
0.96941650
0.97108084
0.96214771
0.97305816
0.97381634
0.96679246
0.96075475
0.95426017
0.94743687
0.92924947
0.91907930
0.92926025
0.96302968
0.97335953
0.98033005
0.97984958
0.98180366
0.98147500
0.98228377
0.97994071
0.98626375
0.99031329
0.99028355
0.98875320
0.98942649
0.99251443
0.99307948
0.99582714
0.99591064
0.99494755
0.99551165
0.99447203
0.99554801
0.99636418
0.99646866
0.99663252
0.99678075
0.99581748
0.99474758
0.99338114
0.99324256
0.99210089
0.99122250
0.98580879
0.98768276
0.99034357
0.98875135
0.98674577
0.98415184
0.98919159
0.98467875
0.97682047
0.98422354
0.98756266
0.98393178
0.97871107
0.98661256
0.98086101
0.98027658
0.98306596
0.98090059
0.97905260
0.98172092
0.97277552
0.97892326
0.96219850
0.96815497
0.97007698
0.96904492
0.96069914
0.96872073
0.97196871
0.96380836
0.95047700
0.95087349
0.93987530
0.94384485
0.93738019
0.90788531
0.90536100
0.91761583
0.93101579
0.91490525
0.92768526
0.92711365
0.91161603
0.88924301
0.92761552
0.92688698
0.91632861
0.94239801
0.96367127
0.96529794
0.97575402
0.96554440
0.96242523
0.95558178
0.96815532
0.96970123
0.96823424
0.95403254
0.97103035
0.96829796
0.93160206
0.97123575
0.97749931
0.97499734
0.96466440
0.95910877
0.94937646
0.96252120
0.97317636
0.94385916
0.88576674
0.86427456
0.89419407
0.91569310
0.93184340
0.89699084
0.86265278
0.84643948
0.81365877
0.88300228
0.92245972
0.91992080
0.87146592
0.89222115
0.87972945
0.91553354
0.90438688
0.90292329
0.92700005
0.94092572
0.93206352
0.89513850
0.93360478
0.85888255
0.95973217
0.96798784
0.91973805
0.88265496
0.89516181
0.86366773
0.91159028
0.90472710
0.90524113
0.97958291
0.95217574
0.91012478
0.93446344
0.84248900
0.87061095
0.94102985
0.93360633
0.90864933
0.84067035
0.88391918
0.83113319
0.85451710
0.82861269
0.77990794
0.88795120
0.87453473
0.75888675
0.88580483
0.95710796
0.95267457
0.94298768
0.84666008
0.92871684
0.95273232
0.87950897
0.90976989
0.94649959
0.93577260
0.88649869
0.88914901
0.94823164
0.94463050
0.94720721
0.95180947
0.96447700
0.95590878
0.94061005
0.97297418
0.96124309
0.97888798
0.97146851
0.96958643
0.96236205
0.93907648
0.93618435
0.90878993
0.90315711
0.89504284
0.89274323
0.87269664
0.73445386
0.83575803
0.81013060
0.73734784
0.81945920
0.81153959
0.85049909
0.85328162
0.78151691
0.78557301
0.78452837
0.79880708
0.79636091
0.73035794
0.85447097
0.83504587
0.76603961
0.85016882
0.81928611
0.77935767
0.83195150
0.82531148
0.74663889
0.84512973
0.90551639
0.93665695
0.91268200
0.93970305
0.91239572
0.94660264
0.93663085
0.78322077
0.90688348
0.83071637
0.86723399
0.83488929
0.89379334
0.61462480
0.84223622
0.87383252
0.89032203
0.89496815
0.82022351
0.92385685
0.83598518
0.85484976
0.93085384
0.92919564
0.92516917
0.90091503
0.92442238
0.88068783
0.93616152
0.84487087
0.80560392
0.92090112
0.83463502
0.83570486
0.88411456
0.88162321
0.87421054
0.85889101
0.84907955
0.86456972
0.84886158
0.91573721
0.92494249
0.87793064
0.92752165
0.93334633
0.93333286
0.96089172
0.94693696
0.96336126
0.95509553
0.95044029
0.96281558
0.95654368
0.96972209
0.95646715
0.92746115
0.97400224
0.93521738
0.95271921
0.93557471
0.88477701
0.82819140
0.90697479
0.86940771
0.89347392
0.78438681
0.87795419
0.90157777
0.89282727
0.85715586
0.87148649
0.93124640
0.95008755
0.95568693
0.92539436
0.92121089
0.94298398
0.95055038
0.94320548
0.96619493
0.95283490
0.95016879
0.82585025
0.93109983
0.92307425
0.94273579
0.89528775
0.92273188
0.88572776
0.85594511
0.89324921
0.83878028
0.95876610
0.93920124
0.92858857
0.90420705
0.87222052
0.86360908
0.92855543
0.93170494
0.93983752
0.84410250
0.92111617
0.92701125
0.92996687
0.91563028
0.87461561
0.89237732
0.92510319
0.91254199
0.91032219
0.87224448
0.91810411
0.85876071
0.85858190
0.88952005
0.93060011
0.90733224
0.81491405
0.87418169
0.84141481
0.86608392
0.87566197
0.86781591
0.92325974
0.75113457
0.88730848
0.89896709
0.92009783
0.90332854
0.87682110
0.92462981
0.86953080
0.90106571
0.92658108
0.93299848
0.82341808
0.73018259
0.87148374
0.88940740
0.67356741
0.82111585
0.85902750
0.83267832
0.85639876
0.83789003
0.84408915
0.86550272
0.88926834
0.82274407
0.85748732
0.93303072
0.93543452
0.86506569
0.92931134
0.94563508
0.92128259
0.94783396
0.93829000
0.91316313
0.92564428
0.92253166
0.89795023
0.90193474
0.87653553
0.92127186
0.91810238
0.92699564
0.91731989
0.93388927
0.93048334
0.85577422
0.90362084
0.92546046
0.90037614
0.92629641
0.92249238
0.89179754
0.92204130
0.93376410
0.92004776
0.94047195
0.95009226
0.96427166
0.97759980
0.96051252
0.94565398
0.95931858
0.97650403
0.97520429
0.95222360
0.93470925
0.96632707
0.97275811
0.95310783
0.95632929
0.95191067
0.94239515
0.95111179
0.98078007
0.97618812
0.97462553
0.97650552
0.97617346
0.97426820
0.96653241
0.97173685
0.95840967
0.96063852
0.97942674
0.98102909
0.97372121
0.97615916
0.95316958
0.95745641
0.96154028
0.96769708
0.96847826
0.95797133
0.95941496
0.96436888
0.89538234
0.94509792
0.95594472
0.93245804
0.86010885
0.90832484
0.89647722
0.82646173
0.84903789
0.82124805
0.87228847
0.79797816
0.86323184
0.89729500
0.85650951
0.78942245
0.76522470
0.83098251
0.60782868
0.82882810
0.78586340
0.78659105
0.76503772
0.84524590
0.83026522
0.85771823
0.86861128
0.89602906
0.90504658
0.91279930
0.90357190
0.91559428
0.92883849
0.91268349
0.92815959
0.94283777
0.92902809
0.94336432
0.93730259
0.90169710
0.93297917
0.90205413
0.93913168
0.93234569
0.94217277
0.94523352
0.92002606
0.92969263
0.93021506
0.96078414
0.96112132
0.96722007
0.96489578
0.96690857
0.92716974
0.92554945
0.85592824
0.89833558
0.88810319
0.87558162
0.90191591
0.89590782
0.91887206
0.92668939
0.95415336
0.94366491
0.92169189
0.86734509
0.87992913
0.86637628
0.82779181
0.83195823
0.80218220
0.78138626
0.83073950
0.81549746
0.79307854
0.72654867
0.74136651
0.78459668
0.76082188
0.76277882
0.78567278
0.71952486
0.82735574
0.87047082
0.92264044
0.95299476
0.92682976
0.89426488
0.92318374
0.93657088
0.89562768
0.93936592
0.95085520
0.96795154
0.95800316
0.94419926
0.96061587
0.96383804
0.95406026
0.96517766
0.97609335
0.97951609
0.97999328
0.95081371
0.97094381
0.97257417
0.97539222
0.89716333
0.97740614
0.97532475
0.97152799
0.94421518
0.96172756
0.94323653
0.95936525
0.96190763
0.93652749
0.88693064
0.91695720
0.92144239
0.87461627
0.94211203
0.95217216
0.94307238
0.93703938
0.88640499
0.91888279
0.91671932
0.93949360
0.95926672
0.95598853
0.96694952
0.93896878
0.97060263
0.96220666
0.97597164
0.96673274
0.97628766
0.97202468
0.95603079
0.93311346
0.96543789
0.97164422
0.95862597
0.96702886
0.95866036
0.95673943
0.95956779
0.96555126
0.97104722
0.91080648
0.95792687
0.94680297
0.94576508
0.93863380
0.84986651
0.90678245
0.83654249
0.81231076
0.82059759
0.83083755
0.71712697
0.86586666
0.89279318
0.81008506
0.73636383
0.87018567
0.83851820
0.85089397
0.81610781
0.85668463
0.87335807
0.86817372
0.83108532
0.73916221
0.89495641
0.83292836
0.80716962
0.86114633
0.87592781
0.77572733
0.84476829
0.87434340
0.80823869
0.79474443
0.79564416
0.84004509
0.85775685
0.87047523
0.85553735
0.77532893
0.78815448
0.84675938
0.87627137
0.91827363
0.88028353
0.92752415
0.92408276
0.87343192
0.85524422
0.95322448
0.95658571
0.86643535
0.93400407
0.93885064
0.93887484
0.94710451
0.80247009
0.92852563
0.91902536
0.56428188
0.85366863
0.75772476
0.79924530
0.81490910
0.65322232
0.79241842
0.76173496
0.82918125
0.77909917
0.86225492
0.60585189
0.79129839
0.88926363
0.62735450
0.86005706
0.80444795
0.85348648
0.77626330
0.83209312
0.82808739
0.74026710
0.83221704
0.74158895
0.85179383
0.81942576
0.83062071
0.87576473
0.88332158
0.85909587
0.74443161
0.73174822
0.86173046
0.84208190
0.72318316
0.86639941
0.87233508
0.88581836
0.89579380
0.84122217
0.92154109
0.90271527
0.81177872
0.77906752
0.85534537
0.90286189
0.79348582
0.89426011
0.82217503
0.85515338
0.89678794
0.89027864
0.76848364
0.88329923
0.85322076
0.88855249
0.86813259
0.85197222
0.83017665
0.72607690
0.84642494
0.85252661
0.83446240
0.89077705
0.86374021
0.79583126
0.89031214
0.83159876
0.88410020
0.87426889
0.79207206
0.85260177
0.88754392
0.74019033
0.87640649
0.91104430
0.73100281
0.84261668
0.84536284
0.84300029
0.85984313
0.89415526
0.79967362
0.82347906
0.88986027
0.90108711
0.83490109
0.68410099
0.83098727
0.87366456
0.84256876
0.89580208
0.74030244
0.77958220
0.82909572
0.83603972
0.84332043
0.82336736
0.88889033
0.88757509
0.76141316
0.85010695
0.84972531
0.84649330
0.76494730
0.80358964
0.86058384
0.90187263
0.83683592
0.74078965
0.88411057
0.85165185
0.90389359
0.84852326
0.83775222
0.90233713
0.90076905
0.72868484
0.76026314
0.82168704
0.81997186
0.86312771
0.80943954
0.84428030
0.87512612
0.81833494
0.88473970
0.89989114
0.85249710
0.87413657
0.89702815
0.88618392
0.88261390
0.79506314
0.86841863
0.84931642
0.81855077
0.82504702
0.77703798
0.81294996
0.82062399
0.78656274
0.81811601
0.87681085
0.91476595
0.93785822
0.93862313
0.93449414
0.93030000
0.95625377
0.95022607
0.95518398
0.95729011
0.96229935
0.95428318
0.95717698
0.95979071
0.96267474
0.95499581
0.95354366
0.95256442
0.94758266
0.95452487
0.93230188
0.90950912
0.92821842
0.94973731
0.95034724
0.93538296
0.94102401
0.96828765
0.97458810
0.96975088
0.96011686
0.96687573
0.97200292
0.96838838
0.98056531
0.98390353
0.98266131
0.98671442
0.98064888
0.98265082
0.97915500
0.96502620
0.96952564
0.96556991
0.96971297
0.96916580
0.96972656
0.98118412
0.97883248
0.98398799
0.98856854
0.98825616
0.98944086
0.98868096
0.99184388
0.98874050
0.98641521
0.98812044
0.98652655
0.98519391
0.98456419
0.98813921
0.98867559
0.98455042
0.99082047
0.98750031
0.98893726
0.99019343
0.98751521
0.98926175
0.98146558
0.98809505
0.98607385
0.98902953
0.99058342
0.98709804
0.99232858
0.98907232
0.99141908
0.99119663
0.98903906
0.99064142
0.99240607
0.98655438
0.98274004
0.97162306
0.97610939
0.98249996
0.97289103
0.97532463
0.98757392
0.97981560
0.98751497
0.98840451
0.98407733
0.98849022
0.99051088
0.98852354
0.98846263
0.98378974
0.97404796
0.97835404
0.98502618
0.98899764
0.98926640
0.98807061
0.98869306
0.98972708
0.98740560
0.98363411
0.97978425
0.97486395
0.96679664
0.97937167
0.98446470
0.99074733
0.99022651
0.99000776
0.98626190
0.98839194
0.98712862
0.98777163
0.98995030
0.99171621
0.98841131
0.98881942
0.98627675
0.99003255
0.98611832
0.98239350
0.98526418
0.98555785
0.98467457
0.98625606
0.98775208
0.98690075
0.98929709
0.98961967
0.98377097
0.99061638
0.98837632
0.98851609
0.98568881
0.98480093
0.98184454
0.97733670
0.96980584
0.96574879
0.96675605
0.96710533
0.97577941
0.98037326
0.97455704
0.97836554
0.97634149
0.97868347
0.97830260
0.97454506
0.98502988
0.98631024
0.98415667
0.98716819
0.98942286
0.98884982
0.99216557
0.98853207
0.99176753
0.99118060
0.99286425
0.99095750
0.98885053
0.98910683
0.99034089
0.98908573
0.99052459
0.98324746
0.98517728
0.98465329
0.99083179
0.99189222
0.99378091
0.99336618
0.99089712
0.99054587
0.99118280
0.99287099
0.99339396
0.99353760
0.99327213
0.99348843
0.99167413
0.99351913
0.99245900
0.99158102
0.99220663
0.99211431
0.98972708
0.99317521
0.98730552
0.98953128
0.99053496
0.97636342
0.98485595
0.98677850
0.98521626
0.98747385
0.98572439
0.98197627
0.98316479
0.98153001
0.97952008
0.98067915
0.97330374
0.96829379
0.98476243
0.98578227
0.98266506
0.98676807
0.98635232
0.98789549
0.98233664
0.98027992
0.98294431
0.98223037
0.98014635
0.96981108
0.96803266
0.97933400
0.97432888
0.97192830
0.97339320
0.97726238
0.98083812
0.98255968
0.97786832
0.98307192
0.97833633
0.97052974
0.96153498
0.95756376
0.95608246
0.95521998
0.96206772
0.97407711
0.97529805
0.98091459
0.98521429
0.98637867
0.98799264
0.98889726
0.98985767
0.98747277
0.98801672
0.98059034
0.98129857
0.97874063
0.97695166
0.97794276
0.97231054
0.97397035
0.97626501
0.97276962
0.97241521
0.96883607
0.98073304
0.98367059
0.99015862
0.99189419
0.99113292
0.99019241
0.98633415
0.99019706
0.99011832
0.99087954
0.99098396
0.98800522
0.99051523
0.98916632
0.98649150
0.98867255
0.99000883
0.98890197
0.99039298
0.98732960
0.99109977
0.99158353
0.99238223
0.98794878
0.98828828
0.98504919
0.98293167
0.99143487
0.98934096
0.98512048
0.99270517
0.99077237
0.99246782
0.98959398
0.98899162
0.99185997
0.99108547
0.99216789
0.99124640
0.98903543
0.98850167
0.98773569
0.99085021
0.99176532
0.98348767
0.98497415
0.98293221
0.98613989
0.98961544
0.99117470
0.98961067
0.98970735
0.98965073
0.98634630
0.98997808
0.99350125
0.99443263
0.99023110
0.99067175
0.99292529
0.98993343
0.99082035
0.99004740
0.99182510
0.99043310
0.98658574
0.99049103
0.99298120
0.98687941
0.98671538
0.98904711
0.98539519
0.98681229
0.98723561
0.99076766
0.99199331
0.98946685
0.98597032
0.98694277
0.98637033
0.99219596
0.98886359
0.98581797
0.98376507
0.98171198
0.99004793
0.98708737
0.98588145
0.98476863
0.98901564
0.99013805
0.99049872
0.98974204
0.98644650
0.98688960
0.98815721
0.98840129
0.98714429
0.98944759
0.98930627
0.98672014
0.98794055
0.98774534
0.98606038
0.98843390
0.98695290
0.98677361
0.98312688
0.98373610
0.98571485
0.98527771
0.98491633
0.98400635
0.98238581
0.98217207
0.98302990
0.98200017
0.98324698
0.98399091
0.98549795
0.98565418
0.98528498
0.98565185
0.98469782
0.98511040
0.98575205
0.98622626
0.98564780
0.98477429
0.98470485
0.98150533
0.98444611
0.98351580
0.98243743
0.98481929
0.98483157
0.98435658
0.98120934
0.97053403
0.96807545
0.97369713
0.97624093
0.97583061
0.97784495
0.97788548
0.97898358
0.98123002
0.98496485
0.98473513
0.98680615
0.98699909
0.98786598
0.98758519
0.98875600
0.98870426
0.98891258
0.98693675
0.98814011
0.98692918
0.98415607
0.98373806
0.97971785
0.97714818
0.96658415
0.98871744
0.98528117
0.97773230
0.96826541
0.97198850
0.96435225
0.96933693
0.96390766
0.96305072
0.96775770
0.95586181
0.97516251
0.98729581
0.98622906
0.98441309
0.98531991
0.97931033
0.98278528
0.98743725
0.98798138
0.99271554
0.99164540
0.98614049
0.98401338
0.98633504
0.99082583
0.99123377
0.98682457
0.99099219
0.99028963
0.98928088
0.98406768
0.97485334
0.98086584
0.97704792
0.97476262
0.93165338
0.98423761
0.96944720
0.96686858
0.95492727
0.97067589
0.98124963
0.98608845
0.98527271
0.97162187
0.96855867
0.97941875
0.98991603
0.98077101
0.98029560
0.97225744
0.96314335
0.95779085
0.98381031
0.98226798
0.98076767
0.98007697
0.98222005
0.98086274
0.98653203
0.98336995
0.97353768
0.97265178
0.97149491
0.96560937
0.98297185
0.97325867
0.96449620
0.92541271
0.94762731
0.95320898
0.97447234
0.97997129
0.97050369
0.96612519
0.95660961
0.97333658
0.97363776
0.98185098
0.97926164
0.97626060
0.98328292
0.97542942
0.97295815
0.97261333
0.97903466
0.97463405
0.97434539
0.97566104
0.97686517
0.97504938
0.97425848
0.98571843
0.98126042
0.97674447
0.97344953
0.96303004
0.93831527
0.95854425
0.94996083
0.96205592
0.95677030
0.94735748
0.97376865
0.96722746
0.97734606
0.97006142
0.97460359
0.96501535
0.96460485
0.97369903
0.98143893
0.97772193
0.96848655
0.97893357
0.96676642
0.96396405
0.96068132
0.95777386
0.97476065
0.95857251
0.95871240
0.98265797
0.96995139
0.97102123
0.91442883
0.94431245
0.95125413
0.94840950
0.95362067
0.94826424
0.90118194
0.93051904
0.92903548
0.91965991
0.92482269
0.95638341
0.89262277
0.90812826
0.89185888
0.85163403
0.88000286
0.87757963
0.86340249
0.87085867
0.93683165
0.90325922
0.94283354
0.94229949
0.94834602
0.95630062
0.95073050
0.96163726
0.95351690
0.95239460
0.96220577
0.95301861
0.92850959
0.89216846
0.87929982
0.88464302
0.89136440
0.87996924
0.91488570
0.93571818
0.86311895
0.88917720
0.89859247
0.91982830
0.95913148
0.95044041
0.94698614
0.93486875
0.88619691
0.88776571
0.94428235
0.96056044
0.96048808
0.78633553
0.83916181
0.94305998
0.90799272
0.84170389
0.90754431
0.81731659
0.79246151
0.83492923
0.82411134
0.85121524
0.86422867
0.85084337
0.65248674
0.81476867
0.82359326
0.76794529
0.81994975
0.77037311
0.83003455
0.69260865
0.79323280
0.63288552
0.72895628
0.66010225
0.80542845
0.82227147
0.79665011
0.74667692
0.71402323
0.78640860
0.79164159
0.81972593
0.71317035
0.87626404
0.87857938
0.78703046
0.94236660
0.90577000
0.82302982
0.88209730
0.91361606
0.93127680
0.91740108
0.66651434
0.73943049
0.82430917
0.75897062
0.89326096
0.79490179
0.72022599
0.77456278
0.56156451
0.40903792
0.72578228
0.76070809
0.70636374
0.70325649
0.69160169
0.76762211
0.75359380
0.76045281
0.81144059
0.87241858
0.81941080
0.86642885
0.92075920
0.91227621
0.90798753
0.87348896
0.93422145
0.85906780
0.82268745
0.88062453
0.93934190
0.86044049
0.83983779
0.91352117
0.84629244
0.83276874
0.73448104
0.84477836
0.81443548
0.85955107
0.87591004
0.87430286
0.70429319
0.80335110
0.89367843
0.59396309
0.81123173
0.86502683
0.77547687
0.84494746
0.63785690
0.65843064
0.83737940
0.86204869
0.43536732
0.30130178
0.62452245
0.73494858
0.65122646
0.51869380
0.69729900
0.59778756
0.64515299
0.49698853
0.60088497
0.54926592
0.55250287
0.66854006
0.66601539
0.64204556
0.70340949
0.63215792
0.74885798
0.76611763
0.84227329
0.84493965
0.87057018
0.90173334
0.78042418
0.71747768
0.83789557
0.72355914
0.85557765
0.81480014
0.76681089
0.80586469
0.87691027
0.76078790
0.75002855
0.85242218
0.71726328
0.66923666
0.73517615
0.88697016
0.89162207
0.69965708
0.81348217
0.85841078
0.71081299
0.69788176
0.58555990
0.66082227
0.76291454
0.68303311
0.62112391
0.76915675
0.75468743
0.55682659
0.75885850
0.77475536
0.77791893
0.82539123
0.65529817
0.68293691
0.75211000
0.55521554
0.65569896
0.46878844
0.48966020
0.72602153
0.71752983
0.69781739
0.56262654
0.64263898
0.77141404
0.82327932
0.75872403
0.72476482
0.74706954
0.61404657
0.73944587
0.86718661
0.79857093
0.51660419
0.76259398
0.83928579
0.82898659
0.75072080
0.74919617
0.77670109
0.52410728
0.80233151
0.84320909
0.73933804
0.64749211
0.45110366
0.60672915
0.75751698
0.52929890
0.62654680
0.68309718
0.74080247
0.82192010
0.86360079
0.86704594
0.78185529
0.73442149
0.85265678
0.80616903
0.89294171
0.88499546
0.87198281
0.87120372
0.79442269
0.86261976
0.81343836
0.84516734
0.72503763
0.86856127
0.86090982
0.83146185
0.83140832
0.79571581
0.85242069
0.76215750
0.85332251
0.86847728
0.84194702
0.68541557
0.70636958
0.58038539
0.82707310
0.55236429
0.69453865
0.75576615
0.57024676
0.61654800
0.55536556
0.57663941
0.63387442
0.70893991
0.76806855
0.72809738
0.70672482
0.71646851
0.72390193
0.74551111
0.72072554
0.62952161
0.78892708
0.78316319
0.71557385
0.80331182
0.84687871
0.74021453
0.77654445
0.49002841
0.76957518
0.86889756
0.80561846
0.73798275
0.90691990
0.66355628
0.87254816
0.86182189
0.83946747
0.81043386
0.74861491
0.74669451
0.83045822
0.83511055
0.83782792
0.89879787
0.86975789
0.86490631
0.88169116
0.89272374
0.85899723
0.88585007
0.66257799
0.70823145
0.68746483
0.68911815
0.72689408
0.70264280
0.72811192
0.55908173
0.69028622
0.61584252
0.59923458
0.64349997
0.61457556
0.52717513
0.64908201
0.71223998
0.65660989
0.69318253
0.71290529
0.68872350
0.61800545
0.64035255
0.51749140
0.56377065
0.59087795
0.66438812
0.70168406
0.66244817
0.62933260
0.71283793
0.70998001
0.62173945
0.71496898
0.70280564
0.62113535
0.76588333
0.65987551
0.89994568
0.70641297
0.87852627
0.81990772
0.90260756
0.85712904
0.84595543
0.77350026
0.83006245
0.81619340
0.82208985
0.90635270
0.86656094
0.84401155
0.91081589
0.90766853
0.85220563
0.80305374
0.88658404
0.87052941
0.81801939
0.80665821
0.84982157
0.73036861
0.87747633
0.86794752
0.84788853
0.81871086
0.89739269
0.74845266
0.85503882
0.81014144
0.83308089
0.86513823
0.89900964
0.90525031
0.83428639
0.91175842
0.93254107
0.88744628
0.92642283
0.94486511
0.93648988
0.96572465
0.97238117
0.93119770
0.86330265
0.81449634
0.86948436
0.86957425
0.87546754
0.85010809
0.81975174
0.82625651
0.72094095
0.83346862
0.83508390
0.81968868
0.79983699
0.73883158
0.78113294
0.83948910
0.63045734
0.81880581
0.74683303
0.81678045
0.73458380
0.83857948
0.72233981
0.61736429
0.75205648
0.62579465
0.66478264
0.79993892
0.79201162
0.64902836
0.69992954
0.40466428
0.73114002
0.77777362
0.74306279
0.70404834
0.79212630
0.69831640
0.54250610
0.49242932
0.71039015
0.77057815
0.49494341
0.77831674
0.89045501
0.79751927
0.76695740
0.80628973
0.82739085
0.88454378
0.91920251
0.88868606
0.82472515
0.86050510
0.82711989
0.87028277
0.91893256
0.87414294
0.88562369
0.93107474
0.87319392
0.73259771
0.82365108
0.85862654
0.67649394
0.61819899
0.77630758
0.62185585
0.58524162
0.60988134
0.50686926
0.54278010
0.67203534
0.59400612
0.70839143
0.68917841
0.70639795
0.75027782
0.69293499
0.61571622
0.51916629
0.59167087
0.51687980
0.62148952
0.62173116
0.48902342
0.57704592
0.62770933
0.74483949
0.72335267
0.77792978
0.76987642
0.77886146
0.82684427
0.84022719
0.79820275
0.77073097
0.71760142
0.80581290
0.62852287
0.79531163
0.67740440
0.68160814
0.76336592
0.70217776
0.82272220
0.74835372
0.84608376
0.66648448
0.70065129
0.85544574
0.87643737
0.94658822
0.96102691
0.77703911
0.86186498
0.87429947
0.89961815
0.84547246
0.63563889
0.85106903
0.87947351
0.87823766
0.82731396
0.83526742
0.82640910
0.90375012
0.86529851
0.80720091
0.73591781
0.67517847
0.86068773
0.83871484
0.61918437
0.59870982
0.67372471
0.70782143
0.73015958
0.80539608
0.61003935
0.79272920
0.78816056
0.82976550
0.81941408
0.76441610
0.88136107
0.93398201
0.91844577
0.84787577
0.93605596
0.89952010
0.92852461
0.90954262
0.93350077
0.89771008
0.87465125
0.89004999
0.75206554
0.87365150
0.82109511
0.77452832
0.87239879
0.80970383
0.86260355
0.84272802
0.84989154
0.89291966
0.89478946
0.74118990
0.76378864
0.70316005
0.57525980
0.70984912
0.67592728
0.67094165
0.72594184
0.50676608
0.71132129
0.72419602
0.66139793
0.61397260
0.78340107
0.85655367
0.88314950
0.89063692
0.76527518
0.79619139
0.83521485
0.90105253
0.86885130
0.83626735
0.87390447
0.84050936
0.90166610
0.86772418
0.83295256
0.85660416
0.79370922
0.74506754
0.76687163
0.67250204
0.76401633
0.73514867
0.70402682
0.71643656
0.77773303
0.82251060
0.71644336
0.76794815
0.82596493
0.77698988
0.71658611
0.87517333
0.78223193
0.64904189
0.77430815
0.69322008
0.81718504
0.78710151
0.82068926
0.86790013
0.83083749
0.90051204
0.89580220
0.86680460
0.84525049
0.89925426
0.94325888
0.86269110
0.93117881
0.93350202
0.92968428
0.91545731
0.94783694
0.94318581
0.93584180
0.95239806
0.94902527
0.88018960
0.90826750
0.89991748
0.88019758
0.89595842
0.85823882
0.92095095
0.88152069
0.71742749
0.85603398
0.81832439
0.80317616
0.77091455
0.79535639
0.87519926
0.85989928
0.88494736
0.90402168
0.84695584
0.79434657
0.75757527
0.77324891
0.73404211
0.85633594
0.91206396
0.79516822
0.94107777
0.87570578
0.92215580
0.74099582
0.92393285
0.91927701
0.93933070
0.86407030
0.88793766
0.86574686
0.90544575
0.93213558
0.84899819
0.92158514
0.91025907
0.89625728
0.91014808
0.93642735
0.91058284
0.93600625
0.91217685
0.89731991
0.90177268
0.94387108
0.90567803
0.92530942
0.94139701
0.93497044
0.93315178
0.81638151
0.86958468
0.90912586
0.94071990
0.94178182
0.92060024
0.94131017
0.89543939
0.89168370
0.90601599
0.94075024
0.94533914
0.88932198
0.88592821
0.82834053
0.92866206
0.85624069
0.90980315
0.84645158
0.86184961
0.90211076
0.74246073
0.81454170
0.56666523
0.71990597
0.76994431
0.70038188
0.69955528
0.75064373
0.84394497
0.82832021
0.76427507
0.76453763
0.69743484
0.83583665
0.78134227
0.81867212
0.88482797
0.90813595
0.81912267
0.84823424
0.69015223
0.89067340
0.86722314
0.85179478
0.82912588
0.90501034
0.87463009
0.80569124
0.86631387
0.87217975
0.79435575
0.91880792
0.92643476
0.93026036
0.84468526
0.92132348
0.93996775
0.93730628
0.93495971
0.82316548
0.90873605
0.85478699
0.81315982
0.84656465
0.88460124
0.82668930
0.67151368
0.72034371
0.59291166
0.76773870
0.45935723
0.71267003
0.54102838
0.74092031
0.76804364
0.60061616
0.61678916
0.51031476
0.62729865
0.79053271
0.69460952
0.79097551
0.83100188
0.51687199
0.81621116
0.83095622
0.66408533
0.77807856
0.89481682
0.69842654
0.80537486
0.87652123
0.79957956
0.90160590
0.90136760
0.92147046
0.67764336
0.91541952
0.75319874
0.89925396
0.94041371
0.94463336
0.94179195
0.89387590
0.93180984
0.90715289
0.91693449
0.88304073
0.89623088
0.62438774
0.90109056
0.75776374
0.69645774
0.85495263
0.75904524
0.87200463
0.65151119
0.80041051
0.46744826
0.79062641
0.86599869
0.70892286
0.40596089
0.86964685
0.77059376
0.64772177
0.46003160
0.65685344
0.48803288
0.81050301
0.70006049
0.49613142
0.48675483
0.65456694
0.78592807
0.68371159
0.69595611
0.58415157
0.72117841
0.56402558
0.71026087
0.85281175
0.91711491
0.72806662
0.76799107
0.91079086
0.57930404
0.61891621
0.88809991
0.85404253
0.66507053
0.86513209
0.79083842
0.49506763
0.78765976
0.69769078
0.75588185
0.73189670
0.74530309
0.87946582
0.89790207
0.86267930
0.66096836
0.81323993
0.86657542
0.86240774
0.59159493
0.83335418
0.84042919
0.76045591
0.87068266
0.89972830
0.85154414
0.89375561
0.78750539
0.84935701
0.83943301
0.90557772
0.72669786
0.87427640
0.86539143
0.84005034
0.68219537
0.70404977
0.68609196
0.86562204
0.81482345
0.66894364
0.88699752
0.87478620
0.72188365
0.54937315
0.87795061
0.84357411
0.78495568
0.77488655
0.76379734
0.87814379
0.87198043
0.84451509
0.80723339
0.91470283
0.88837886
0.85019618
0.87374908
0.89266634
0.88901943
0.89215028
0.90484858
0.92490542
0.88830191
0.83555949
0.78463101
0.79322845
0.88386470
0.87516809
0.82568711
0.80231792
0.80519348
0.89478093
0.86379349
0.92057228
0.89749128
0.93195105
0.95931858
0.93410981
0.94819659
0.91662830
0.94328088
0.76873583
0.90500635
0.89559180
0.89844954
0.90726817
0.87909228
0.85873443
0.85015589
0.75434685
0.84330368
0.88726765
0.90736502
0.80609870
0.91929388
0.83736211
0.84354806
0.87646765
0.87788945
0.88216376
0.69561851
0.90000111
0.91493839
0.74453390
0.86811131
0.85467952
0.90426648
0.88219982
0.91307807
0.91525733
0.91570342
0.88099849
0.92258340
0.94135898
0.82974893
0.91741794
0.89946139
0.92103904
0.81609416
0.91336888
0.89332855
0.90356570
0.92813718
0.92105317
0.95104933
0.95349848
0.94019616
0.94064993
0.95734936
0.95892954
0.93511319
0.94445747
0.95920080
0.94047868
0.93925834
0.91834623
0.92323357
0.89112902
0.81668907
0.89909583
0.90517235
0.90988004
0.83673382
0.88114196
0.81243670
0.85407931
0.83159196
0.82870024
0.84070826
0.85233814
0.85655344
0.86700946
0.88181579
0.90303236
0.92995882
0.93477017
0.94172359
0.94570333
0.95401078
0.94763100
0.95418632
0.95761174
0.96886349
0.96075010
0.95082349
0.94485903
0.93278134
0.93831927
0.94544828
0.94634420
0.94729310
0.92931885
0.95185733
0.95577002
0.96368831
0.95928371
0.93356061
0.95416671
0.97193754
0.96967542
0.96907908
0.96306098
0.97025216
0.95250005
0.94266963
0.97603685
0.96880382
0.98033166
0.97978711
0.95886475
0.97054905
0.97767627
0.98129386
0.96707851
0.96002012
0.97641045
0.97789472
0.97909933
0.98036516
0.97265720
0.97830760
0.96488577
0.98130786
0.97710973
0.97360820
0.98315191
0.97012669
0.97720182
0.96213776
0.97975165
0.97127986
0.97941661
0.97327369
0.97718120
0.97429997
0.97498113
0.97964841
0.97081327
0.97766113
0.97337508
0.98455667
0.98418242
0.98221385
0.97753966
0.97881502
0.98151201
0.97788757
0.97809929
0.96751827
0.97849679
0.97206420
0.97924268
0.98644304
0.98587811
0.97948140
0.98010457
0.97715867
0.97561264
0.98308176
0.97981936
0.97194666
0.97492152
0.97326285
0.97720063
0.98070127
0.97316080
0.96623260
0.95786542
0.95417285
0.96964371
0.97215211
0.96497071
0.96857184
0.96656591
0.96435344
0.96897012
0.96066111
0.95281643
0.96453023
0.97386545
0.97100204
0.98205042
0.97015989
0.98028851
0.96526092
0.95773977
0.95930225
0.97103643
0.97480339
0.96635503
0.96954185
0.96177489
0.95835811
0.95928681
0.95872635
0.95898926
0.95737129
0.95888776
0.96397889
0.97601330
0.97413743
0.97328949
0.97181815
0.97417337
0.97264910
0.97750688
0.97846824
0.97953677
0.97770864
0.97032869
0.97161722
0.97563124
0.97456634
0.97125793
0.96849906
0.97820938
0.97065139
0.96989113
0.96830785
0.96918070
0.97755742
0.97104442
0.96567398
0.97751564
0.97238815
0.96739143
0.97328621
0.96684164
0.97467166
0.97798300
0.97663975
0.97825646
0.97183144
0.96658820
0.97103822
0.96603316
0.96371043
0.95773613
0.95460039
0.95822465
0.96167165
0.96967262
0.97361100
0.98062193
0.97776037
0.96692145
0.97246158
0.97938776
0.98084110
0.97998172
0.98090494
0.97960919
0.98260629
0.98447877
0.98522294
0.98672187
0.98650914
0.98539352
0.99013913
0.98844296
0.98539019
0.98341459
0.98056853
0.97733545
0.97589111
0.97920609
0.97792345
0.97698158
0.96615076
0.97395432
0.98111182
0.96772218
0.97182894
0.96729851
0.95383936
0.96092576
0.97525728
0.98568940
0.99032646
0.98811483
0.99002272
0.98348951
0.97324955
0.98447961
0.98914039
0.98848236
0.99004143
0.99098903
0.98292243
0.97903985
0.98008406
0.98169887
0.99261111
0.99327588
0.99106747
0.98666418
0.98732346
0.98232746
0.98744839
0.98372805
0.99002469
0.99312592
0.98619765
0.98912549
0.98478794
0.98945296
0.98918122
0.98786604
0.99036866
0.98778439
0.98849410
0.98943454
0.98995119
0.99295968
0.99340546
0.99119312
0.99094385
0.98828775
0.98772931
0.98709291
0.98623693
0.98469418
0.98188251
0.97916573
0.97716534
0.97390682
0.97476828
0.97355068
0.97802973
0.97913057
0.98084199
0.98068810
0.97926658
0.97245073
0.96585166
0.96650720
0.97123849
0.97652483
0.97869235
0.98059744
0.98387712
0.98480552
0.98762345
0.98879635
0.98621875
0.98418540
0.98536682
0.98544794
0.98622382
0.98706102
0.98799032
0.98949093
0.98857087
0.98667359
0.98140186
0.98434430
0.97430664
0.97979844
0.98141015
0.97896564
0.97881693
0.97961217
0.97786719
0.98118275
0.97605491
0.97529650
0.98000324
0.98344743
0.98628843
0.98942953
0.98781747
0.99128234
0.99248320
0.99141723
0.98930871
0.98308414
0.98185742
0.98006195
0.97717947
0.97955143
0.97838759
0.97124666
0.97230309
0.97261196
0.97419286
0.97711015
0.97807407
0.97983611
0.97591805
0.97216809
0.97191727
0.97648484
0.98071027
0.98464471
0.98542911
0.98548675
0.98523420
0.98536009
0.98224121
0.97491848
0.97552526
0.97883838
0.98162776
0.98528820
0.98463100
0.98321277
0.98028070
0.98163348
0.98080438
0.97785187
0.97859657
0.97481954
0.97328895
0.96963227
0.97359192
0.96963197
0.97500026
0.97830600
0.98046863
0.98322600
0.98556954
0.98579341
0.98872304
0.99041253
0.98983371
0.99069268
0.98980939
0.98873085
0.98772359
0.98993039
0.98853672
0.98857599
0.98530859
0.98370683
0.98891032
0.98995447
0.98989773
0.99146217
0.99018747
0.99040788
0.99222082
0.99318963
0.99382424
0.99375099
0.99531579
0.99444866
0.99420977
0.99292326
0.99512535
0.99401712
0.99259996
0.99378681
0.99305904
0.99200940
0.99320763
0.99183977
0.99176747
0.99337453
0.99318838
0.99271518
0.99315453
0.99211782
0.99144441
0.99097472
0.98999465
0.98795205
0.98632300
0.98586082
0.98458624
0.98262066
0.98248553
0.98093778
0.98144412
0.98211503
0.98104757
0.97873288
0.97786945
0.97396868
0.97474897
0.97410971
0.97007591
0.97127771
0.97243553
0.97292614
0.97509289
0.97613847
0.97447658
0.97133797
0.97439754
0.97680342
0.96722788
0.96735102
0.96597564
0.96800059
0.97080088
0.97549903
0.97952259
0.98525178
0.99056655
0.99310076
0.99083734
0.98808426
0.98083329
0.97906381
0.97685504
0.97265142
0.96951407
0.96864200
0.96378422
0.96521908
0.96617657
0.95740747
0.95509356
0.94490224
0.94148701
0.95015544
0.94628841
0.95680118
0.95578921
0.95468926
0.93231732
0.94404113
0.95646352
0.95655024
0.96963835
0.96572131
0.96982890
0.95947713
0.95466965
0.94505894
0.92810446
0.93117660
0.93790108
0.95103705
0.97119260
0.98058689
0.98045862
0.97957581
0.97389609
0.97912836
0.99011189
0.99490356
0.99145526
0.98678595
0.97971022
0.98359525
0.98886055
0.99063206
0.99236941
0.98654777
0.98594147
0.97385222
0.98021531
0.98650372
0.98992795
0.99056762
0.98201936
0.97655475
0.97925901
0.97897780
0.98776722
0.98556387
0.99009377
0.98981804
0.98204803
0.98531139
0.97089148
0.98205894
0.98271930
0.98812693
0.98465770
0.98511630
0.98566657
0.97954410
0.97021341
0.97281170
0.97379726
0.97711337
0.98237604
0.97568738
0.98365527
0.97982210
0.98306525
0.98178518
0.98206687
0.97889143
0.97755343
0.97603899
0.95361513
0.97055680
0.97197896
0.97072071
0.97047406
0.96640801
0.96681756
0.96923739
0.96421057
0.96915174
0.97737020
0.97782171
0.98032743
0.97275317
0.96277696
0.96311992
0.96785140
0.97675657
0.97951734
0.97968322
0.97902197
0.98510897
0.98600453
0.98410457
0.98804373
0.98532593
0.98691410
0.98831218
0.97682232
0.98235923
0.98499578
0.98112488
0.98530650
0.98176622
0.97926188
0.97508246
0.97056818
0.97202557
0.97655576
0.96768457
0.96198332
0.95705181
0.96397203
0.96153396
0.94105387
0.94810981
0.95344603
0.94337231
0.93617707
0.91935217
0.90223593
0.85320497
0.79235703
0.79375458
0.79611772
0.80533689
0.81598777
0.76963896
0.80407602
0.82003033
0.75316370
0.81438142
0.82709259
0.77200019
0.84038949
0.84028053
0.90468019
0.91356760
0.88757950
0.88309437
0.91590542
0.91292989
0.88647640
0.85880375
0.84225035
0.84436768
0.84370691
0.76885295
0.79840761
0.68286788
0.79803568
0.75788575
0.84382045
0.77923703
0.79677749
0.88067740
0.85388535
0.83439618
0.80247545
0.78881800
0.80882084
0.79705435
0.79719311
0.79131496
0.90178734
0.80711675
0.86647213
0.78135800
0.82436150
0.66436046
0.84342772
0.90575427
0.86691022
0.94171268
0.91428280
0.88542712
0.86977053
0.90012455
0.61420947
0.84146118
0.80928475
0.83121991
0.82402980
0.87024117
0.79659659
0.85672033
0.89545727
0.87105715
0.87129802
0.51389939
0.88035882
0.71115327
0.74255717
0.83646840
0.84348249
0.83992273
0.78559804
0.74360120
0.67798293
0.91712725
0.93712753
0.94747049
0.95831925
0.82600659
0.89726722
0.89719218
0.93507487
0.91219288
0.91494030
0.90097064
0.88908768
0.91896415
0.87526089
0.91592371
0.87036651
0.87352169
0.79410118
0.87661284
0.86536932
0.81205344
0.89553767
0.58673596
0.67472702
0.87082875
0.88186997
0.82976252
0.63535917
0.78964579
0.47362503
0.72439122
0.77271414
0.73661005
0.71714294
0.70797592
0.74325365
0.77060944
0.81749916
0.76056254
0.64918953
0.67519492
0.70828915
0.74777615
0.75793338
0.71145886
0.68113154
0.62375128
0.73292053
0.69112694
0.53138870
0.74916536
0.75549138
0.69531548
0.71771228
0.82310188
0.62160170
0.62670302
0.58988231
0.67089021
0.66392714
0.70753020
0.71573979
0.69730163
0.69486815
0.69650012
0.76867396
0.80987638
0.81866413
0.68838322
0.70362061
0.71250874
0.66977090
0.78065830
0.79165369
0.75958985
0.79465282
0.80226576
0.84581161
0.83159095
0.65583485
0.70551312
0.89099145
0.71881282
0.72539860
0.67891705
0.82509255
0.77726722
0.72456837
0.64605534
0.72955769
0.66792935
0.77310938
0.70972711
0.72151947
0.75128603
0.67906332
0.71001220
0.82095671
0.79767078
0.77982873
0.85280538
0.85596067
0.70641768
0.64995348
0.63904256
0.68183923
0.73088115
0.72322452
0.44196445
0.76657605
0.80060107
0.63267130
0.81664240
0.69516259
0.88337022
0.87670213
0.82717562
0.69511724
0.73947448
0.85547078
0.87801868
0.80639553
0.82440281
0.82264757
0.88780147
0.86852908
0.89038432
0.85967809
0.76403558
0.91798335
0.92151213
0.83890867
0.91249144
0.80161762
0.91175932
0.88684565
0.87203538
0.64027131
0.87546104
0.75630879
0.78933871
0.75435805
0.63420433
0.74971622
0.59318882
0.71588093
0.69248760
0.72322983
0.75659448
0.70561975
0.77116996
0.71988845
0.73099154
0.66243804
0.77189887
0.74287802
0.73780030
0.72553325
0.84747350
0.80627704
0.82276779
0.76680028
0.85232872
0.76749051
0.86134428
0.90400559
0.69778216
0.89382327
0.86482120
0.84534878
0.86906201
0.67021841
0.88423330
0.87665009
0.89821702
0.92034984
0.83861995
0.90499729
0.90755439
0.78056109
0.80461639
0.84982681
0.90375161
0.94195497
0.87044555
0.80554521
0.84542704
0.93667465
0.91394079
0.92614710
0.88694257
0.94394672
0.82404089
0.67534083
0.87058729
0.80403930
0.86612773
0.59140134
0.88778192
0.78746855
0.77112848
0.78714323
0.76843470
0.81670040
0.82962370
0.74492317
0.88336027
0.86129600
0.77918589
0.84024841
0.86615926
0.86612684
0.84480560
0.80652404
0.78277767
0.82554281
0.81466460
0.80276763
0.82830226
0.77694583
0.75038910
0.71461606
0.79043043
0.71108258
0.68300605
0.71915179
0.73907554
0.79111707
0.75023144
0.81682748
0.82529908
0.82784009
0.80837303
0.82784075
0.90883666
0.86809617
0.93050253
0.90676069
0.92202872
0.90864903
0.83479756
0.88162714
0.83398449
0.85256648
0.82825065
0.85515797
0.81008607
0.68577600
0.80887491
0.92154294
0.93071985
0.83571249
0.82996827
0.88890207
0.91009521
0.83001226
0.86031711
0.88729841
0.84505564
0.78941250
0.90734738
0.90322995
0.88073289
0.84584510
0.85249126
0.93732858
0.92870659
0.94367802
0.93167305
0.87360722
0.84756035
0.85057837
0.81309843
0.84090513
0.64452100
0.81319910
0.78747690
0.85591727
0.58028919
0.84412390
0.62493670
0.77822781
0.82443696
0.81633782
0.84484178
0.62114722
0.82016492
0.70211822
0.84791285
0.63043827
0.75490344
0.68306565
0.75885832
0.67351139
0.60940111
0.73306024
0.71543914
0.79254472
0.79108822
0.55620092
0.76994324
0.61206824
0.67164314
0.72398335
0.77575862
0.76808739
0.61722368
0.62166691
0.83520019
0.82563466
0.44940460
0.69124037
0.74533147
0.80593538
0.70681322
0.80759335
0.62848467
0.80162752
0.77943075
0.62187707
0.77977026
0.63345939
0.74114692
0.80002457
0.67192733
0.85567933
0.88326699
0.70804971
0.78457069
0.80098134
0.83036590
0.84859437
0.86066902
0.85966194
0.80001044
0.83367276
0.73404169
0.74348623
0.77581167
0.79515916
0.70972157
0.70034188
0.77919823
0.72565824
0.82362658
0.59257549
0.76456624
0.76441664
0.84599781
0.77806598
0.87416500
0.88694078
0.84495759
0.80439180
0.77148151
0.75937134
0.79300815
0.76073360
0.87903547
0.78110498
0.80950254
0.73076606
0.77425307
0.91460830
0.76185423
0.84058887
0.80113393
0.54461116
0.76310635
0.78562719
0.70188469
0.70408177
0.86683935
0.83199477
0.65764725
0.83566821
0.75499785
0.79265779
0.88297588
0.82830507
0.85664171
0.90313065
0.75245178
0.68403262
0.89218831
0.83514506
0.89292806
0.87037104
0.81073642
0.89982629
0.80675966
0.85599422
0.84148681
0.83395898
0.76656854
0.77959645
0.76831967
0.83530390
0.86898673
0.84375989
0.89206207
0.81444705
0.88770217
0.83766663
0.83622754
0.88314265
0.92009526
0.93590361
0.93685424
0.91569573
0.91020989
0.93847358
0.92158091
0.84591943
0.93282896
0.94043452
0.91294181
0.88122618
0.91100401
0.94291770
0.95062953
0.90240371
0.94040084
0.95299286
0.92602015
0.93474621
0.93737811
0.91378164
0.94156724
0.92798144
0.94202518
0.94687456
0.92502016
0.94722855
0.93608397
0.94906318
0.96340621
0.96237719
0.95409787
0.95383471
0.97280145
0.97161186
0.96074528
0.97562093
0.97042298
0.97428632
0.97682261
0.97829789
0.97273493
0.98115152
0.97651017
0.96810526
0.97865891
0.98274738
0.97781122
0.96625584
0.98244309
0.98250085
0.97977656
0.97998202
0.98253697
0.98790890
0.98645532
0.97987878
0.98016661
0.97474766
0.97768313
0.97630352
0.98196226
0.97624028
0.97679138
0.97961158
0.97818965
0.98082298
0.98304582
0.97609168
0.97192526
0.97194630
0.98083603
0.98680007
0.98127228
0.98647410
0.98650706
0.98350996
0.98282743
0.98209685
0.98452061
0.98347431
0.98110217
0.98410600
0.98688680
0.98488182
0.98738515
0.98650092
0.98615372
0.98788571
0.98755091
0.98631752
0.98530143
0.98398721
0.98376775
0.98389155
0.98743016
0.98251271
0.98745048
0.98119318
0.97983676
0.97180879
0.98300016
0.98228836
0.98504031
0.98360217
0.98382020
0.98297483
0.98056662
0.98405463
0.98469931
0.97929895
0.98328400
0.98359460
0.98260927
0.98311859
0.98048192
0.98179549
0.97606701
0.98189688
0.97960722
0.98261446
0.98444796
0.98864752
0.98488081
0.98573720
0.98275673
0.98533082
0.98865360
0.98674601
0.98587161
0.98506343
0.98201662
0.98521209
0.98879981
0.98519498
0.98826051
0.98514867
0.98527420
0.98467100
0.98601598
0.98791957
0.98596984
0.98493922
0.98331004
0.98335958
0.98292750
0.98217863
0.98339957
0.98523825
0.98194283
0.98309809
0.98644406
0.98375386
0.98791832
0.98448920
0.98667961
0.98521453
0.98440498
0.98374683
0.98569041
0.98270357
0.97692448
0.98202109
0.98113626
0.97922724
0.98189121
0.98355293
0.98422581
0.98718566
0.98148406
0.97496337
0.97708285
0.98402023
0.98632997
0.98542029
0.98877454
0.98348528
0.98837334
0.98717761
0.98476058
0.98035437
0.98433876
0.98106855
0.97958565
0.98122901
0.98187798
0.98352247
0.98449916
0.98207021
0.98270828
0.98461527
0.98527539
0.98567295
0.98546648
0.98522317
0.98498672
0.98386705
0.98368776
0.98537529
0.98435682
0.98539251
0.98662090
0.98740721
0.98596579
0.98516786
0.98421693
0.98068959
0.98044479
0.98086125
0.97820717
0.97878414
0.97516757
0.97623765
0.97764480
0.97618878
0.97645426
0.97819579
0.97879982
0.97930831
0.97887087
0.98131567
0.97743976
0.98069841
0.97887439
0.98091680
0.98422539
0.98528570
0.98518014
0.98537791
0.98386371
0.97733784
0.96992773
0.96883595
0.96597713
0.96881884
0.97131097
0.97522020
0.98018837
0.98559409
0.98969543
0.98927015
0.98902714
0.98959804
0.98978871
0.98860198
0.98728520
0.98476660
0.98410285
0.98516625
0.98525780
0.98798418
0.98687291
0.98713142
0.98542768
0.98609757
0.98510855
0.98770857
0.98778975
0.98745573
0.98886663
0.98637968
0.98656231
0.98516488
0.98419648
0.98458427
0.98352194
0.98409122
0.98978418
0.99318600
0.99239200
0.99173766
0.98826444
0.98411775
0.98757821
0.98805386
0.98933303
0.99043185
0.99141335
0.99157339
0.99373275
0.99360955
0.99318188
0.99240780
0.98907906
0.98865849
0.98874098
0.99015230
0.98959166
0.98782921
0.98652136
0.98334736
0.97947699
0.97803223
0.97672868
0.97312760
0.97375619
0.97423756
0.97746867
0.97840661
0.97964525
0.98300260
0.98561674
0.98895776
0.98757672
0.98515981
0.97956926
0.98229045
0.98471630
0.98461908
0.98735899
0.98661894
0.99217695
0.99324059
0.99386144
0.99306387
0.99208540
0.99011886
0.99310803
0.99236625
0.99188894
0.99254781
0.99044877
0.98767370
0.98781723
0.99024582
0.99162310
0.99042541
0.98939312
0.98919010
0.98958647
0.98998511
0.99253392
0.99211395
0.99267983
0.99121231
0.99225360
0.98976141
0.98987353
0.99020118
0.99107236
0.99105513
0.98981690
0.98536587
0.98615426
0.98945284
0.99026138
0.98856413
0.98967409
0.98735923
0.99038470
0.98981655
0.98876697
0.98127848
0.98496163
0.99055988
0.99028045
0.99164045
0.99191988
0.99187356
0.99150097
0.99138886
0.98807180
0.98323005
0.97819418
0.98790705
0.98644930
0.98927593
0.98526138
0.98961812
0.98857784
0.98799872
0.98622614
0.98485672
0.98129565
0.98155093
0.98839629
0.99115670
0.99155021
0.99030858
0.98954964
0.98991698
0.98876441
0.98975217
0.98984081
0.98975885
0.99274385
