1.00000000
1.00000000
1.00000000
1.00000000
1.00000000
1.00000000
1.00000000
1.00000000
1.00000000
1.00000000
1.00000000
1.00000000
1.00000000
1.00000000
1.00000000
1.00000000
1.00000000
1.00000000
1.00000000
1.00000000
1.00000000
1.00000000
1.00000000
1.00000000
1.00000000
1.00000000
1.00000000
1.00000000
1.00000000
1.00000000
1.00000000
1.00000000
1.00000000
1.00000000
1.00000000
1.00000000
1.00000000
1.00000000
1.00000000
1.00000000
1.00000000
1.00000000
1.00000000
1.00000000
1.00000000
1.00000000
1.00000000
1.00000000
1.00000000
1.00000000
1.00000000
1.00000000
1.00000000
1.00000000
1.00000000
1.00000000
1.00000000
1.00000000
1.00000000
1.00000000
1.00000000
1.00000000
1.00000000
0.99213904
0.99342304
0.99516171
0.99516356
0.99522793
0.99499255
0.99485695
0.99523312
0.99509430
0.99472672
0.99463058
0.99445266
0.99438381
0.99263400
0.99311203
0.99383837
0.99471188
0.99571723
0.99551541
0.99402398
0.99415356
0.99426717
0.99268663
0.99433798
0.99544299
0.99511862
0.99402040
0.99306113
0.99254465
0.99396569
0.99401397
0.99237931
0.99185681
0.99098629
0.99281001
0.99288863
0.99255776
0.99218971
0.99186921
0.99286133
0.99255097
0.99152666
0.99121350
0.98934412
0.98863554
0.98953235
0.99171913
0.99234301
0.99255693
0.99251890
0.99214172
0.99446362
0.99397111
0.99351829
0.99095821
0.98823464
0.99096173
0.99004489
0.98099238
0.97971332
0.97814810
0.97468889
0.96711451
0.96455562
0.96311432
0.97247589
0.97533095
0.97493523
0.97697943
0.98075736
0.98430794
0.98661298
0.98889953
0.98910773
0.99333400
0.99381185
0.99413449
0.99331748
0.99226177
0.99148631
0.99097693
0.98805594
0.98726708
0.98698157
0.98714709
0.99201465
0.99337256
0.99498403
0.99540907
0.99503243
0.99577481
0.99521929
0.99578387
0.99556690
0.99519002
0.99523133
0.99477130
0.99473757
0.99432445
0.99367058
0.99233890
0.99235439
0.99181306
0.99085313
0.98993319
0.98869973
0.99047136
0.98891491
0.98997974
0.98929721
0.98931539
0.98746872
0.98755997
0.98812884
0.98793972
0.98742139
0.98694837
0.98590857
0.98722947
0.98789239
0.98895967
0.98827064
0.98874986
0.98689097
0.98839486
0.98808497
0.98814058
0.98860174
0.98783851
0.98607385
0.98391891
0.98323935
0.98032641
0.97435457
0.96810687
0.96642071
0.96898001
0.97260553
0.97356814
0.97527403
0.97509795
0.97770792
0.98164260
0.98375905
0.98477626
0.98433024
0.98447335
0.98288351
0.98499435
0.98464113
0.98661995
0.98852289
0.98887652
0.98956352
0.98541045
0.98152816
0.98215312
0.98121864
0.98002017
0.98194730
0.97756082
0.97696507
0.98295319
0.97881627
0.97528368
0.98137993
0.98546684
0.98844367
0.99099040
0.99345487
0.99408722
0.99526763
0.99564856
0.99489403
0.99412882
0.99400514
0.99351293
0.99478614
0.99500656
0.99468368
0.99459028
0.99412882
0.99478793
0.99428976
0.99484175
0.99479783
0.99539423
0.99623126
0.99526179
0.99576980
0.99457657
0.99410182
0.99521142
0.99566972
0.99442309
0.99391174
0.99275488
0.99470216
0.99472129
0.99438345
0.99407899
0.99443936
0.99226451
0.99166554
0.98840803
0.98528069
0.97461617
0.95778036
0.94794726
0.96056938
0.96433693
0.96168762
0.95363939
0.93970001
0.93024188
0.92273045
0.93731666
0.96413255
0.97194469
0.97766477
0.98525840
0.98907185
0.99197257
0.99118757
0.99169135
0.99261874
0.99467331
0.99408215
0.99251539
0.99304503
0.99164623
0.98993367
0.99065489
0.98948681
0.98795903
0.98629862
0.98674494
0.98881543
0.99039233
0.99387723
0.99434656
0.99388653
0.99424851
0.99436837
0.99298698
0.99345809
0.99344820
0.98961395
0.99161947
0.98795229
0.98709106
0.97983640
0.97898394
0.98509789
0.98470485
0.97331220
0.96907729
0.97998500
0.97899216
0.97479975
0.96417844
0.96320033
0.96576959
0.97601390
0.97572982
0.97259891
0.97252333
0.98449820
0.98464847
0.98338079
0.98144162
0.98868716
0.99015254
0.99068892
0.98630029
0.98702300
0.98815733
0.98889089
0.98855954
0.98955548
0.99104589
0.98999423
0.98988402
0.99080443
0.99115103
0.99135137
0.99058539
0.99055803
0.99035901
0.98991269
0.99062598
0.99012786
0.98842466
0.98792458
0.98725998
0.98652017
0.98619777
0.98539668
0.98528612
0.98517054
0.98500872
0.98394567
0.98568451
0.98726755
0.98974520
0.99267322
0.99361283
0.99359506
0.99293232
0.98930675
0.99150568
0.99248648
0.99084306
0.99369699
0.98934150
0.98900604
0.98124886
0.97788447
0.97343272
0.97345144
0.98057473
0.98355097
0.98631835
0.98660427
0.98691189
0.98627985
0.98587859
0.99131012
0.99332386
0.99434000
0.99369806
0.99391514
0.99434751
0.99549711
0.99572831
0.99516690
0.99444568
0.99501848
0.99466950
0.99428362
0.99333560
0.99395812
0.99502003
0.99545091
0.99470454
0.99163681
0.99136603
0.98914820
0.98813194
0.98933077
0.99132866
0.99098104
0.98997903
0.98709702
0.98427767
0.98234254
0.98461282
0.98620033
0.98653734
0.98475087
0.98496801
0.98573840
0.98969275
0.99043918
0.99002087
0.99049205
0.99011654
0.98844212
0.98869801
0.98940009
0.98983753
0.99069995
0.99083078
0.99149221
0.99233800
0.99133533
0.98836142
0.98628426
0.98243493
0.98094153
0.97636992
0.97283667
0.97539675
0.97501999
0.97584289
0.97622401
0.97787774
0.97859693
0.98062229
0.98160857
0.98311114
0.98297781
0.98352861
0.98481363
0.98572195
0.98774952
0.98785281
0.98720890
0.98686534
0.98688459
0.98865020
0.98832732
0.98742014
0.98613507
0.98452675
0.98655337
0.98969847
0.99287051
0.99449050
0.99460238
0.99536937
0.99572134
0.99554318
0.99501944
0.99316847
0.99158633
0.99056339
0.98849547
0.98457158
0.98519498
0.99133223
0.99046308
0.98634005
0.98802477
0.98864359
0.98965096
0.99069816
0.99251890
0.99311984
0.99167949
0.99283099
0.99371064
0.99272776
0.99178958
0.99087429
0.99196374
0.99256903
0.99246585
0.99186641
0.99037349
0.98981220
0.98738134
0.98435241
0.98011518
0.97827220
0.97711778
0.97789931
0.97389585
0.97325855
0.97086954
0.97264796
0.97132754
0.97355133
0.96999121
0.97112298
0.97082818
0.96790767
0.96717179
0.96417975
0.96194744
0.96129572
0.95974261
0.96090078
0.96441746
0.96541601
0.96803391
0.96909517
0.97192132
0.97180647
0.97203177
0.97430938
0.97572380
0.97692072
0.97439212
0.97564054
0.97926015
0.98123527
0.98241466
0.98378766
0.98455459
0.98478413
0.98474324
0.98457611
0.98395073
0.98527896
0.98654616
0.98554021
0.98615754
0.98655462
0.98694885
0.98710454
0.98833650
0.98827350
0.98879915
0.98783767
0.98737377
0.98745012
0.98596406
0.98519105
0.98534065
0.98606074
0.98609275
0.98671615
0.98828787
0.98938584
0.99112564
0.99048024
0.99177778
0.99303496
0.99364835
0.99357718
0.99414009
0.99309468
0.99264997
0.99291974
0.99252957
0.99319369
0.99194157
0.99059838
0.98935902
0.98940009
0.98962748
0.98791564
0.98538327
0.98543149
0.98359317
0.98456627
0.98484147
0.98689020
0.98567212
0.98438662
0.98077548
0.98287588
0.98787665
0.98907208
0.99109077
0.99179608
0.99082792
0.98911405
0.98781025
0.98339957
0.98060822
0.97952807
0.97905731
0.98034817
0.98441350
0.98505729
0.98644453
0.98737818
0.98761123
0.98884016
0.99052948
0.99093598
0.98955709
0.98995298
0.99120516
0.99221247
0.99141723
0.98989850
0.98917294
0.98999536
0.98922777
0.98746800
0.98742050
0.98817480
0.99039805
0.99097753
0.99008441
0.99146008
0.99212933
0.99179298
0.99222565
0.99058366
0.99030322
0.98995399
0.99115258
0.99176687
0.99166393
0.99157435
0.99187601
0.99221671
0.99295229
0.99328506
0.99373591
0.99284267
0.99350882
0.99379265
0.99291104
0.99282646
0.99294382
0.99281716
0.99197572
0.99227142
0.99193853
0.99248588
0.99204576
0.99336952
0.99298662
0.99286109
0.99333704
0.99335432
0.99283278
0.99309433
0.99159956
0.99103981
0.99056023
0.99040365
0.98864120
0.98927224
0.99107164
0.98756498
0.98935121
0.99054974
0.99198288
0.99256104
0.99318647
0.99289250
0.99372697
0.99369061
0.99344808
0.99336183
0.99171293
0.99111277
0.99132627
0.99131119
0.99179262
0.99190736
0.99335855
0.99276191
0.99284738
0.99279273
0.99249375
0.99282819
0.99334055
0.99355847
0.99415046
0.99290919
0.99278873
0.99304366
0.99361813
0.99297684
0.99288118
0.99278623
0.99168968
0.99094194
0.99085021
0.99074417
0.98915452
0.98965549
0.99055111
0.98941201
0.99053228
0.99200517
0.99252480
0.99284279
0.99046904
0.99024314
0.98934561
0.99090415
0.99211770
0.99217141
0.99245161
0.99138111
0.98943490
0.98784643
0.98588967
0.98179835
0.98131174
0.97926211
0.98018712
0.97908837
0.97870797
0.97679615
0.97621924
0.97862452
0.97955334
0.98030096
0.98013973
0.97753078
0.97444665
0.97242683
0.97380131
0.97191793
0.97623640
0.97970575
0.97858775
0.96778417
0.96241874
0.96082813
0.96697414
0.96427399
0.96748972
0.96536660
0.96394110
0.96481168
0.96150422
0.95300519
0.95474201
0.94620472
0.94349158
0.95371431
0.96075970
0.96871746
0.97801471
0.98215055
0.98197848
0.98480660
0.98357934
0.98591274
0.98934501
0.98851448
0.99052024
0.98995972
0.99246842
0.99167025
0.99365306
0.99398720
0.99280012
0.99485826
0.99408817
0.99495441
0.99504697
0.99449003
0.99406540
0.99367380
0.99070662
0.98881537
0.98574126
0.98634338
0.98426670
0.98381501
0.98246759
0.98343062
0.98192835
0.98490763
0.98627222
0.98424375
0.98451066
0.98313206
0.97602057
0.97760779
0.98383820
0.98227721
0.97703004
0.97551268
0.96425402
0.96498680
0.96526498
0.96296835
0.96270519
0.97483408
0.96014762
0.96451104
0.94385231
0.95012748
0.93544501
0.93072534
0.93660927
0.95457137
0.94451022
0.93744361
0.91282690
0.90678644
0.88302958
0.89326417
0.87650025
0.85078359
0.84281528
0.83655328
0.83046514
0.86077422
0.87519485
0.89883828
0.90652120
0.89319956
0.90359205
0.90753770
0.90357018
0.89581156
0.91627485
0.93209219
0.95079398
0.93144310
0.93082130
0.94502372
0.94865811
0.94328660
0.94260800
0.92824727
0.93060547
0.92761749
0.93572456
0.92860729
0.91988856
0.93267679
0.95898885
0.96994811
0.97354126
0.95744312
0.93774813
0.90921730
0.89670378
0.89046681
0.87786603
0.85515517
0.82843304
0.76094466
0.73844421
0.78878903
0.80467469
0.81700224
0.80932820
0.79624110
0.78505552
0.78209120
0.80119216
0.79445082
0.84028679
0.84788221
0.82363182
0.84791303
0.82797360
0.84582227
0.89106899
0.91805255
0.91133666
0.84859455
0.73870754
0.75486648
0.78415257
0.81326026
0.87014043
0.89210385
0.88592941
0.84349972
0.81391764
0.79025656
0.81040424
0.86127514
0.88900930
0.83171231
0.68751359
0.63605154
0.57974797
0.60979676
0.60373986
0.63429379
0.65587825
0.61031455
0.63474083
0.61369354
0.66781062
0.74860376
0.76489097
0.81530714
0.82643217
0.79770535
0.79755032
0.79742134
0.78338194
0.79799569
0.81906146
0.81138599
0.76904213
0.77619642
0.80981547
0.85987681
0.89392209
0.93047780
0.91155761
0.89514446
0.92352873
0.92297858
0.93203568
0.92023444
0.92752689
0.91608214
0.88974005
0.85734457
0.85552555
0.81471223
0.77709359
0.75960624
0.73459333
0.69298637
0.63739890
0.65661699
0.63319367
0.62871927
0.67856109
0.65110761
0.69551116
0.72928536
0.69446594
0.62017244
0.62345201
0.60404921
0.58594066
0.62436354
0.62652963
0.65164161
0.64716089
0.68036819
0.67131287
0.68026572
0.66739637
0.69880760
0.74055648
0.68094015
0.78063661
0.79746443
0.83536714
0.81302267
0.80550444
0.81983274
0.84640974
0.74880099
0.72713357
0.68109763
0.62402666
0.62059617
0.64227611
0.58617651
0.65028405
0.66459072
0.66064703
0.71086514
0.66223025
0.74720758
0.75908095
0.77130204
0.83065361
0.81769806
0.78065515
0.77656817
0.74901187
0.71777219
0.70885056
0.69627714
0.70094752
0.72475058
0.68136013
0.65795881
0.69777471
0.67652214
0.68278497
0.69511169
0.73413843
0.75785786
0.81058699
0.85930014
0.80073136
0.79152912
0.80442560
0.86108965
0.88348603
0.89499450
0.87360555
0.88000685
0.87165189
0.87446535
0.91209430
0.89134461
0.90343684
0.89040047
0.88336229
0.91480249
0.89316136
0.90559459
0.86262333
0.85446924
0.84125769
0.82959950
0.78728229
0.75033671
0.72284329
0.75478178
0.70140296
0.71229428
0.73514009
0.78439677
0.84085733
0.86790955
0.85653919
0.90139180
0.86502177
0.90529895
0.88612753
0.90023410
0.91232264
0.88152921
0.89466268
0.82160020
0.84853274
0.79944909
0.82415193
0.80732423
0.81800056
0.74932033
0.77873296
0.68716496
0.71849620
0.80393988
0.82841665
0.85986084
0.89357001
0.90823948
0.90933579
0.89758319
0.89192915
0.85121101
0.85512429
0.78316259
0.75810552
0.75396055
0.75236273
0.75307775
0.70577419
0.73139220
0.77540356
0.76065230
0.74177057
0.73510605
0.69869816
0.70308155
0.70460874
0.76997960
0.72346520
0.70935285
0.66624445
0.66569144
0.79132760
0.67646599
0.73844600
0.74678576
0.76668698
0.78808612
0.76688278
0.74162692
0.67870915
0.70464045
0.70461082
0.67977363
0.64198792
0.63166183
0.64724529
0.62804782
0.67090976
0.72714514
0.71856970
0.66744357
0.67779821
0.68458194
0.69738811
0.72120720
0.73894364
0.73824853
0.75079924
0.76811355
0.74826384
0.76845032
0.80071270
0.83185589
0.81836420
0.87178934
0.90483290
0.88327247
0.88921201
0.87521440
0.89067423
0.82269317
0.88250536
0.84483504
0.84231496
0.86900681
0.83472991
0.84876400
0.82627034
0.74838161
0.78740138
0.73605555
0.79754281
0.80475849
0.85924107
0.86909837
0.86047161
0.87311059
0.85124332
0.85254234
0.86911345
0.89205551
0.89564800
0.91306931
0.93346798
0.94712418
0.95340896
0.96917480
0.93644774
0.95727134
0.93643278
0.93364072
0.86338848
0.91236347
0.86747849
0.86518490
0.85434127
0.89896041
0.93990988
0.96789873
0.97634351
0.97035676
0.97311944
0.96958077
0.97390252
0.96448427
0.96443504
0.95662290
0.91523778
0.91194659
0.89776552
0.85115188
0.85515982
0.86986846
0.86433250
0.84410805
0.86429465
0.88580251
0.87107676
0.88217926
0.91491634
0.91191989
0.88008392
0.87860751
0.83083540
0.88775486
0.82605642
0.83363074
0.72074896
0.66845256
0.77584314
0.65023673
0.70833588
0.69376785
0.73811674
0.62165886
0.54664654
0.49540654
0.41738707
0.36735588
0.50718594
0.44234475
0.39675269
0.39956331
0.51352906
0.56671178
0.59018123
0.56094819
0.53979218
0.60396332
0.61694503
0.69447976
0.78031105
0.78523189
0.79509360
0.82930917
0.80730718
0.83614278
0.87945032
0.87025166
0.89903319
0.92706770
0.87617254
0.86113644
0.80480492
0.80599606
0.82456028
0.76565486
0.75285023
0.74930710
0.85938770
0.84092188
0.82478309
0.86210728
0.88471478
0.83363688
0.83454555
0.71910727
0.74572760
0.80619943
0.87123394
0.88620663
0.86805183
0.89841866
0.92721850
0.91747755
0.94731748
0.90357453
0.89323962
0.86669594
0.88609582
0.86057270
0.86218798
0.86075145
0.85126811
0.78204107
0.75207740
0.72350204
0.69901037
0.64910388
0.59108895
0.58057672
0.57040334
0.58067697
0.55526209
0.68677455
0.83674729
0.83829343
0.87543464
0.91503978
0.94013780
0.86516511
0.84842640
0.87572807
0.87919307
0.91968626
0.90488452
0.92165804
0.90897465
0.92835772
0.93036056
0.94209850
0.95396370
0.96470112
0.96908677
0.97960699
0.97639072
0.97860807
0.96436954
0.96780068
0.96691394
0.95173752
0.96241266
0.94869095
0.95228815
0.94345641
0.95729131
0.94699538
0.95330691
0.95152467
0.92270464
0.87774515
0.89133257
0.83604735
0.83073741
0.84893984
0.85440350
0.85085410
0.86970621
0.86142027
0.85019475
0.89836770
0.89578038
0.90167028
0.91293818
0.93140751
0.94729728
0.96562129
0.94780201
0.92709094
0.89290273
0.89290178
0.83062756
0.80392563
0.78643203
0.80530304
0.81347185
0.78827202
0.81097162
0.80670267
0.81270832
0.79536831
0.79619765
0.85598844
0.82356244
0.89251137
0.83148479
0.89476585
0.84461296
0.75446725
0.75277168
0.68094093
0.59576648
0.59091908
0.56409097
0.60727489
0.60711342
0.57557726
0.56641728
0.59165400
0.66655076
0.65033764
0.68200535
0.70241773
0.68310738
0.71863133
0.70793456
0.67272484
0.68183720
0.69187331
0.67809904
0.67028069
0.69931662
0.68501478
0.66693914
0.70489281
0.70472527
0.66938245
0.70770830
0.67814392
0.73177695
0.77418637
0.77588838
0.72853845
0.69613147
0.65980178
0.70077223
0.71054858
0.82687372
0.84621227
0.86690843
0.85781085
0.88756853
0.89540100
0.86463273
0.85593641
0.88289362
0.90515614
0.93157560
0.91306454
0.90474284
0.85158867
0.84543967
0.71781927
0.69990373
0.60718572
0.45090035
0.50779843
0.52185756
0.45491850
0.49375111
0.40761292
0.53816915
0.50901848
0.55859417
0.49346477
0.59183228
0.53821886
0.60871840
0.70839483
0.68846917
0.66850007
0.62628943
0.64445472
0.64054018
0.67259705
0.72932810
0.66537642
0.69333482
0.63552606
0.71137512
0.73620546
0.71711224
0.68614364
0.60710716
0.64137989
0.61902189
0.64431620
0.65145379
0.70781404
0.77162790
0.71550661
0.71711314
0.69316453
0.71565896
0.72357678
0.67260015
0.67868161
0.70841128
0.69882029
0.67605829
0.69264048
0.69175291
0.70037907
0.70164359
0.72400069
0.68435127
0.68472797
0.69923395
0.71707672
0.69621855
0.68420810
0.67440671
0.62839359
0.61720806
0.62883353
0.65748626
0.68016630
0.70928657
0.68153310
0.68420172
0.67183489
0.68107724
0.68359566
0.67759591
0.69270426
0.66030818
0.61705714
0.67981476
0.68288976
0.60755658
0.64351398
0.66732925
0.68031228
0.69000190
0.71843165
0.70637923
0.63104850
0.62798411
0.65247643
0.66445512
0.63251448
0.63105148
0.61979651
0.63276488
0.65918565
0.64731491
0.67396522
0.67373937
0.65826029
0.66106665
0.65424347
0.65749645
0.69881707
0.69274020
0.66129488
0.65538174
0.66459149
0.63001043
0.63773054
0.67676365
0.70675153
0.68166620
0.65474206
0.69950253
0.69236368
0.70264333
0.66828454
0.67807293
0.66696310
0.64179701
0.56485403
0.60222608
0.61358106
0.59954792
0.65063202
0.64704376
0.69836676
0.72205734
0.72104335
0.74712223
0.73229927
0.72754490
0.73140472
0.71555108
0.72484291
0.71805322
0.69080102
0.73475754
0.70393449
0.67370743
0.66051537
0.64810765
0.66916478
0.69445664
0.70329374
0.76454043
0.79103690
0.83998674
0.88352913
0.88950974
0.88722801
0.89484441
0.90430450
0.90966040
0.92542303
0.93276596
0.93825155
0.93963635
0.93409956
0.93229276
0.93845880
0.93034309
0.92824215
0.93343151
0.95062977
0.94635618
0.92851967
0.89336938
0.92010939
0.94069296
0.93736106
0.93778270
0.93170804
0.94850302
0.94105494
0.94663769
0.92809039
0.94874477
0.95978081
0.96302664
0.97270375
0.98171508
0.98399204
0.98407137
0.98086607
0.97772902
0.96538949
0.94714963
0.94719380
0.94314289
0.96538037
0.95797199
0.97225618
0.98610991
0.98626816
0.98805225
0.99078572
0.99173862
0.99083239
0.98712790
0.98628962
0.98248500
0.98085141
0.98104572
0.98120224
0.98500013
0.98960400
0.99026233
0.99077612
0.99163002
0.99258691
0.99190617
0.99317592
0.99117786
0.99136996
0.99057490
0.98762786
0.98867744
0.98772663
0.98853660
0.98783433
0.98812068
0.99084526
0.99158186
0.99187863
0.99289918
0.99363893
0.99380565
0.99425781
0.99177802
0.98634225
0.97918552
0.98268187
0.98493320
0.98146480
0.98549056
0.99002469
0.98667449
0.99121606
0.99049604
0.98833650
0.98631305
0.98541218
0.98648262
0.98945415
0.98560727
0.97518718
0.97781634
0.98367834
0.98728639
0.98752314
0.98928916
0.99147546
0.99102461
0.98974609
0.98621559
0.98658341
0.98189998
0.97416443
0.98059458
0.98580641
0.99015933
0.99031407
0.98912036
0.98477525
0.98610282
0.98740989
0.98907453
0.99086165
0.99212027
0.99025035
0.98793972
0.98693115
0.98782980
0.98656726
0.98605758
0.98762542
0.98723978
0.98675632
0.98645717
0.98729450
0.98810565
0.98983091
0.99039197
0.98984891
0.99156559
0.99069923
0.99063182
0.98895603
0.98800373
0.98305780
0.97608143
0.96805030
0.96466744
0.96546048
0.96556926
0.96714741
0.97656471
0.98206264
0.98397857
0.98579317
0.98648471
0.98379576
0.97949803
0.98193997
0.98485422
0.98705786
0.99197161
0.99295169
0.99265856
0.99374676
0.99249142
0.99354821
0.99146432
0.99127018
0.99048316
0.98681635
0.98741966
0.99001008
0.98756498
0.98843563
0.98598796
0.98357368
0.98103702
0.98709130
0.98750091
0.99019194
0.99083358
0.99025285
0.99080431
0.99086982
0.99207145
0.99277180
0.99385285
0.99362457
0.99404484
0.99346280
0.99318236
0.99312055
0.99179596
0.99302602
0.99364376
0.99271774
0.99328113
0.99163967
0.99236894
0.99349642
0.98605114
0.98786354
0.98930502
0.98815888
0.98521662
0.98072112
0.97704065
0.97717196
0.97082013
0.97323066
0.97735244
0.96477050
0.95957887
0.97209102
0.97545266
0.97897321
0.98432434
0.98366618
0.97942346
0.97829676
0.97229743
0.98040217
0.98630816
0.98605311
0.97566593
0.96451169
0.96710402
0.96316713
0.96604931
0.97108287
0.97868621
0.97793818
0.97781414
0.97493094
0.97648877
0.97574311
0.97366536
0.96659297
0.95796955
0.95559549
0.95973170
0.96796662
0.97879237
0.98180318
0.98827177
0.99033886
0.99012262
0.98806262
0.98668134
0.98985368
0.98594737
0.98294687
0.97239733
0.97222859
0.96147102
0.96398634
0.97040737
0.96659487
0.97223109
0.97278285
0.97898930
0.97946012
0.98004580
0.98310620
0.98442823
0.98866230
0.99166274
0.99268770
0.99292833
0.99037313
0.99367493
0.99280268
0.99244601
0.99337763
0.99085510
0.99187464
0.99203652
0.99050540
0.99045980
0.99125880
0.99080336
0.99327940
0.99168915
0.99234748
0.99324471
0.99497461
0.99295288
0.99355906
0.99215174
0.99063981
0.99252313
0.99267042
0.99119639
0.99417430
0.99387097
0.99494767
0.99340034
0.99333823
0.99418676
0.99432737
0.99435896
0.99389797
0.99368036
0.99348587
0.99183005
0.99083823
0.98950827
0.98212123
0.98091382
0.97087795
0.97275180
0.97802532
0.98218280
0.98137766
0.98380023
0.98671490
0.98658109
0.98963296
0.99312866
0.99393761
0.99080223
0.99070764
0.99346417
0.99065876
0.99073243
0.98991454
0.99006504
0.99144191
0.99130428
0.99308962
0.99268860
0.98745245
0.98455763
0.98397696
0.98102677
0.98404443
0.98536795
0.98727721
0.98954356
0.98736852
0.98198444
0.98139787
0.98297435
0.98851728
0.98753917
0.98585457
0.98264539
0.98470217
0.98516649
0.98175699
0.98222524
0.98560113
0.98959678
0.99006212
0.99024993
0.98817050
0.98546928
0.98703188
0.98848242
0.99008685
0.99126476
0.99245512
0.99179804
0.99101830
0.99056542
0.99048400
0.98874635
0.98890007
0.98794580
0.98670942
0.98472297
0.98491251
0.98409456
0.98396617
0.98327881
0.98293072
0.98247194
0.98161960
0.98201132
0.98098397
0.98133850
0.98140705
0.98176813
0.98341966
0.98608047
0.98796064
0.98832721
0.98607892
0.98564273
0.98475295
0.98451680
0.97989845
0.97757089
0.97275722
0.97695744
0.97374302
0.97500461
0.98065627
0.98085690
0.98276824
0.98241031
0.97793245
0.97642183
0.97846919
0.97582769
0.97516918
0.97663236
0.97625619
0.97759628
0.98068923
0.98685664
0.98700351
0.98730892
0.98936635
0.98922449
0.98965877
0.98904175
0.98869926
0.98778033
0.98673368
0.98461074
0.98373818
0.98510659
0.98806262
0.98530591
0.98388642
0.96577370
0.97764951
0.98024541
0.97294599
0.96987391
0.95971215
0.95400274
0.94789672
0.95432031
0.95965177
0.97253662
0.95415097
0.97304618
0.98758662
0.98929918
0.99033922
0.98995459
0.99245971
0.98813117
0.98739004
0.98743492
0.99117613
0.99081975
0.99008405
0.99000239
0.98749578
0.98257118
0.98123783
0.98341930
0.98290712
0.98302919
0.98607987
0.97977793
0.98348087
0.97961122
0.98086995
0.96791315
0.93169343
0.93954277
0.93354237
0.91700083
0.91043055
0.91453332
0.93521798
0.94821608
0.95434648
0.93722939
0.94451541
0.96540326
0.97393054
0.96187347
0.96024114
0.95778775
0.96184599
0.96473354
0.96714413
0.96442533
0.95967329
0.95764041
0.94451052
0.95487243
0.94487685
0.94599372
0.92970747
0.92310810
0.93349653
0.93493414
0.92388248
0.91298652
0.93263125
0.90443808
0.87562168
0.90641391
0.90638697
0.90169477
0.90564567
0.90691537
0.89960164
0.89645058
0.91578227
0.93896037
0.95412803
0.93863815
0.94695097
0.93580163
0.94186258
0.96445757
0.95434409
0.94913983
0.93367350
0.95214391
0.94117701
0.95360100
0.95630980
0.96175170
0.96256351
0.95630509
0.95473617
0.95686525
0.93384963
0.88303006
0.87134027
0.87208885
0.90358019
0.94292980
0.94168258
0.92596209
0.92439497
0.88443351
0.89218014
0.91375726
0.88352370
0.91509658
0.93085867
0.95261914
0.94336730
0.95326120
0.94295895
0.94936877
0.92981541
0.92441463
0.89309794
0.82456058
0.86035013
0.87481034
0.87520593
0.92152977
0.95504540
0.90344864
0.90836191
0.91346425
0.90264541
0.87305814
0.88016742
0.79252404
0.84278685
0.83426374
0.91401464
0.87750167
0.86469680
0.76635468
0.81167859
0.79436344
0.81448555
0.81037444
0.81817639
0.89320558
0.92613250
0.93836689
0.93028450
0.93027902
0.93331593
0.94577533
0.94799846
0.94641018
0.93042988
0.88447702
0.83027107
0.80146378
0.79495043
0.78548598
0.77512878
0.82537615
0.85295433
0.84689921
0.83775288
0.84849906
0.82681918
0.82377851
0.88866192
0.83989209
0.85010117
0.85526782
0.82150948
0.85386354
0.85808402
0.89639080
0.89866066
0.85675025
0.78967637
0.84844816
0.84527618
0.79726738
0.74363643
0.67293131
0.59092587
0.57541382
0.67257994
0.68353462
0.63681507
0.60791463
0.57368851
0.54072112
0.61337698
0.68957132
0.62197244
0.69357765
0.54692191
0.55166185
0.53621405
0.51678091
0.59159976
0.54066694
0.59813327
0.58870363
0.64911252
0.50899833
0.49933890
0.41346109
0.48556864
0.42399907
0.48445478
0.50897002
0.58653450
0.67328948
0.68299884
0.75497097
0.85490376
0.76650417
0.81728256
0.80317140
0.83697659
0.84852636
0.84838384
0.59476858
0.50205952
0.42283848
0.41569158
0.37425715
0.44661638
0.31984678
0.31539187
0.34788629
0.34731087
0.43130004
0.38094747
0.44138440
0.42751855
0.49915183
0.47243303
0.42742226
0.48197260
0.50723279
0.62054932
0.74605924
0.81351018
0.77976155
0.80369729
0.71635920
0.67486715
0.66053146
0.68259317
0.68543816
0.69010013
0.80462730
0.75751936
0.78180271
0.78761727
0.65201670
0.66145426
0.70932412
0.57053638
0.56875420
0.63736606
0.64261395
0.63444251
0.62721008
0.63179934
0.62386048
0.64800060
0.63140482
0.63963699
0.59994340
0.55592310
0.46876642
0.38315627
0.27198362
0.21917053
0.20568518
0.29886627
0.46146548
0.46383664
0.40174109
0.44120061
0.43747675
0.36491373
0.36397818
0.34957707
0.29799882
0.29469103
0.31567633
0.40621957
0.37232661
0.31926408
0.31901246
0.45025939
0.42247152
0.47303137
0.49365941
0.60243702
0.67497921
0.68229276
0.75418442
0.79826552
0.63003826
0.68816185
0.71145988
0.69274652
0.77574623
0.55419302
0.62594557
0.70508468
0.67709345
0.56111938
0.57160908
0.60490274
0.52880788
0.56717557
0.61760926
0.62202960
0.64979416
0.66862184
0.60139167
0.54852587
0.53128129
0.42629859
0.38831815
0.32314274
0.28892195
0.26140985
0.37196967
0.57209092
0.62545395
0.74386913
0.74458343
0.69596499
0.70839500
0.61126953
0.52728319
0.39898422
0.37428939
0.33405578
0.29147997
0.29902482
0.30187297
0.33189857
0.35704377
0.38029376
0.55411369
0.58470517
0.60358441
0.57414800
0.55918854
0.54353034
0.47020197
0.59864461
0.55558962
0.64875400
0.69309825
0.70625538
0.61013412
0.54457414
0.44352859
0.42588988
0.43631074
0.46584216
0.35193899
0.43353266
0.37410977
0.50529212
0.64253026
0.61879182
0.63433725
0.67951167
0.64846438
0.65100157
0.69006819
0.67650926
0.70093644
0.69560212
0.76476681
0.73712891
0.68220049
0.73053288
0.71563917
0.69967455
0.67131525
0.75614798
0.80537772
0.79424143
0.81955343
0.79442167
0.74885267
0.72424150
0.76723975
0.75835013
0.82427782
0.86531413
0.88239789
0.79027241
0.68908936
0.70776623
0.65496844
0.63944805
0.69267094
0.60317814
0.56153351
0.50425816
0.35892552
0.45505533
0.43117958
0.41625521
0.46930453
0.52145261
0.58940458
0.43839949
0.49528253
0.49835995
0.46385550
0.41514099
0.43056291
0.48208380
0.42391580
0.46597040
0.40188774
0.39846781
0.51239210
0.45233998
0.48182279
0.53755045
0.55408901
0.58090454
0.61980438
0.55095100
0.61761671
0.66058326
0.56828189
0.59499854
0.67773104
0.61780149
0.57236165
0.52791917
0.48719373
0.52402270
0.51691020
0.55282283
0.66158783
0.68516010
0.71304971
0.77251911
0.78537393
0.74552166
0.70130754
0.51705641
0.52483416
0.49966988
0.40311792
0.37506294
0.33290282
0.28510949
0.20544329
0.22926898
0.33597693
0.36480242
0.28770080
0.37445459
0.42040625
0.48838156
0.36967510
0.42838615
0.50985891
0.48373148
0.42710066
0.40516457
0.51160818
0.56502777
0.49815550
0.50736928
0.60008979
0.55088097
0.49193197
0.52860212
0.57279527
0.48653743
0.52137679
0.39638677
0.42176861
0.38389790
0.57215595
0.75585043
0.73981333
0.84054726
0.67638510
0.68547153
0.70496768
0.74975383
0.67593634
0.64902711
0.56831563
0.51087487
0.51920813
0.54785079
0.59967762
0.61440319
0.65312570
0.71921426
0.71894276
0.79881889
0.70577425
0.68367976
0.66509145
0.66672528
0.63466561
0.67957044
0.65478200
0.64369619
0.58454520
0.65567964
0.62526792
0.64002562
0.62430632
0.67291433
0.68393648
0.65185219
0.71936345
0.78749371
0.82574517
0.70327592
0.75116080
0.78516269
0.79155171
0.82432216
0.84343439
0.87910712
0.87025654
0.83678120
0.80433226
0.74500322
0.74005318
0.55420774
0.62247401
0.55049813
0.54982537
0.52276063
0.59804565
0.52594310
0.67461932
0.51470786
0.52049011
0.50234979
0.52822822
0.49274760
0.52202791
0.44727162
0.54262787
0.50571799
0.52579969
0.57134295
0.58654910
0.52614874
0.38666803
0.45080185
0.40208408
0.42766538
0.38293022
0.40826985
0.28650194
0.30949271
0.26323110
0.37306574
0.33937314
0.31119362
0.27376011
0.29369587
0.22186591
0.15107408
0.14958072
0.23802128
0.34783641
0.42463714
0.59284240
0.74353778
0.59199840
0.63083076
0.53076589
0.57064229
0.59541208
0.71706945
0.77545911
0.71003717
0.73255152
0.67742109
0.68885154
0.74762416
0.68816823
0.71301508
0.65575403
0.55249989
0.61682290
0.53679675
0.45922464
0.55100471
0.44232598
0.31099012
0.31343758
0.29676941
0.20875481
0.22053291
0.26591444
0.31545109
0.30937961
0.34976089
0.30058390
0.41197765
0.52836412
0.43866122
0.37100008
0.41808018
0.42669696
0.38411856
0.33672750
0.32852614
0.35749096
0.36852816
0.33159512
0.48928869
0.48348662
0.55353826
0.50640255
0.62555993
0.67547631
0.65793335
0.54758042
0.45174336
0.38145447
0.45570993
0.34538990
0.37601233
0.48029292
0.45372021
0.51251727
0.59362257
0.66123050
0.53633517
0.65221190
0.76985329
0.73106414
0.77249759
0.74664122
0.74425644
0.74617481
0.66737670
0.73249257
0.70022374
0.59185404
0.57050985
0.55348665
0.60981822
0.61796904
0.57610071
0.72162825
0.66425878
0.53530747
0.43882152
0.49116230
0.51286906
0.47662649
0.45147666
0.46894389
0.46615633
0.37658435
0.40223169
0.34712708
0.45044217
0.41769212
0.52091104
0.51957870
0.51938522
0.43203875
0.42231029
0.46889582
0.50084025
0.62106335
0.77098584
0.81739199
0.79767370
0.79390949
0.72142208
0.71623152
0.54449493
0.52922988
0.57283586
0.51017118
0.56668711
0.53546244
0.50581670
0.74700928
0.66772455
0.65187448
0.75362355
0.68637216
0.75044686
0.73083657
0.78511441
0.73543119
0.65814155
0.63614273
0.57129788
0.46693757
0.49151996
0.48428893
0.40810612
0.39087874
0.41678870
0.36103579
0.40650102
0.37405765
0.52142149
0.51302224
0.60168630
0.62489080
0.61009121
0.69546598
0.69426352
0.73129404
0.76927841
0.75577945
0.80131072
0.78456688
0.76670021
0.64141589
0.71697682
0.75930583
0.73409337
0.66341478
0.71361011
0.67342401
0.74125069
0.60330385
0.54178619
0.59099424
0.64438093
0.58477771
0.71038574
0.67779851
0.63564777
0.59791881
0.70864308
0.61355066
0.62129468
0.50141823
0.43404931
0.43910819
0.45026842
0.55920374
0.55182481
0.56848013
0.59211403
0.61976415
0.71062452
0.68682337
0.72676855
0.72290981
0.71572834
0.73696285
0.76245445
0.76855671
0.78219259
0.78181326
0.75157225
0.76004457
0.70762795
0.70018125
0.66179442
0.59742993
0.58907646
0.66827613
0.58234262
0.50015563
0.54647064
0.65477026
0.73903960
0.65462220
0.72665781
0.55240726
0.47216958
0.51316774
0.48401383
0.43920776
0.52633047
0.57712567
0.54495049
0.50926089
0.41926715
0.49173999
0.51495540
0.59758747
0.54350215
0.60783643
0.66857272
0.68305975
0.68353295
0.64782387
0.64934552
0.61940771
0.65556526
0.55411536
0.58168066
0.59101915
0.59614545
0.62292743
0.67863053
0.62361670
0.59369755
0.63521421
0.67793959
0.64069366
0.66567558
0.62750423
0.73786885
0.74682355
0.70202452
0.77835202
0.74469316
0.72244549
0.68638188
0.64445513
0.65455627
0.64327931
0.72106749
0.72952211
0.67775035
0.63869941
0.57139957
0.51164013
0.53778607
0.58735180
0.57131284
0.54688025
0.59668458
0.59168351
0.63540113
0.68914318
0.76949972
0.70773023
0.64651859
0.65539283
0.60646135
0.45876390
0.41515628
0.38410565
0.35565075
0.47250292
0.49887267
0.47363991
0.43501446
0.54336977
0.57483268
0.54187536
0.55435228
0.61991632
0.60130513
0.59920102
0.59945160
0.60479683
0.58629161
0.60482562
0.60235107
0.60812390
0.58565241
0.56068975
0.62671286
0.67747509
0.74522084
0.72249991
0.74024791
0.70440322
0.70946968
0.73149097
0.73745358
0.81905746
0.86448574
0.88119638
0.86005521
0.84737593
0.85693318
0.87084919
0.86190754
0.87766188
0.82378405
0.81707066
0.75598294
0.74606371
0.58595926
0.53010124
0.51514429
0.49897712
0.50904703
0.43208131
0.44962534
0.38354072
0.36336651
0.29266673
0.31731370
0.33923575
0.29099780
0.33144951
0.33680251
0.39245296
0.49697566
0.45107746
0.60189319
0.57308424
0.56731659
0.71281362
0.77312827
0.73441231
0.72836137
0.76923579
0.69983959
0.68972707
0.76700515
0.76954949
0.81837374
0.82643855
0.82081407
0.81553233
0.77833259
0.78565085
0.82495302
0.85990322
0.86609340
0.82146722
0.80380070
0.79365462
0.80953509
0.83628690
0.74132216
0.73733377
0.65952116
0.74903297
0.64548385
0.67341107
0.62309945
0.58839720
0.63004196
0.59625894
0.58160698
0.60289973
0.60166651
0.58452582
0.57034683
0.58238155
0.59949583
0.57117313
0.58175260
0.56452954
0.48091173
0.49288952
0.47162935
0.39837033
0.44981253
0.46773916
0.46816194
0.41552991
0.37933037
0.36472183
0.40403044
0.35761902
0.50569421
0.55657750
0.58924776
0.67146540
0.63690436
0.72677755
0.65984350
0.60319453
0.59716308
0.60977966
0.60304606
0.58998328
0.60033041
0.58047795
0.62169588
0.59873629
0.60673803
0.66727632
0.67730260
0.71188909
0.70928329
0.67327601
0.69532257
0.68083793
0.73293310
0.69815379
0.65748715
0.65179479
0.71754408
0.69639647
0.71323198
0.77051294
0.79446298
0.74218905
0.76417285
0.74802166
0.73808646
0.68730259
0.70470351
0.62534320
0.63358927
0.59649140
0.50506037
0.46108687
0.48019847
0.51107186
0.51777774
0.41837671
0.50763792
0.50472748
0.49007809
0.49598125
0.52316457
0.54424363
0.54052526
0.52494270
0.56090039
0.57227147
0.61254120
0.61720419
0.67929834
0.72971493
0.73773867
0.73096460
0.73719215
0.74279284
0.76703846
0.73204821
0.76940250
0.77387625
0.74892497
0.72277123
0.74438900
0.67931974
0.74473840
0.78461182
0.83087361
0.83352464
0.81379890
0.86459440
0.83942974
0.80632091
0.82502186
0.86818773
0.87002653
0.89136422
0.88910615
0.88136405
0.84790754
0.77885014
0.69634426
0.70359010
0.63984269
0.60185897
0.58661479
0.60786647
0.64683729
0.63412905
0.67928052
0.63864708
0.68577385
0.65515703
0.63863701
0.61097163
0.61511850
0.49968192
0.52337646
0.53763694
0.58268934
0.57888061
0.61994833
0.59179932
0.61091024
0.66075009
0.67267710
0.70504504
0.74058068
0.72013366
0.74135828
0.74107289
0.77236259
0.77453154
0.79312623
0.77298486
0.76822168
0.77662289
0.76624566
0.76381421
0.78994215
0.76533926
0.75903565
0.78327274
0.81726354
0.85337949
0.86097926
0.84003800
0.87260097
0.87159061
0.87074715
0.86753643
0.86670256
0.86845845
0.82487893
0.82120657
0.77811807
0.77162015
0.77125305
0.75708002
0.82184482
0.78545380
0.80917835
0.77186573
0.76838291
0.75127655
0.76689190
0.77945453
0.76996791
0.76836973
0.77705604
0.78084457
0.79203391
0.76327878
0.81663734
0.83752972
0.85891688
0.87564945
0.88941461
0.90070987
0.90762097
0.91737425
0.93987143
0.95722449
0.94725960
0.90886062
0.88479501
0.89893568
0.90260267
0.89207989
0.90647388
0.90831804
0.92029673
0.91541761
0.91889608
0.92354041
0.91903490
0.90329880
0.92217326
0.93238539
0.93713790
0.92187482
0.91985202
0.93166465
0.91943383
0.91343212
0.94406444
0.93432719
0.94631445
0.94995254
0.94110423
0.94884717
0.95428675
0.96942687
0.95234865
0.95197040
0.96092302
0.95977443
0.95261180
0.95207036
0.96238250
0.96026343
0.94789058
0.96503145
0.95819271
0.94610268
0.95669895
0.95865840
0.95829505
0.94040585
0.95677990
0.95761997
0.96143919
0.95927650
0.96593595
0.96277541
0.95518351
0.96098518
0.96493316
0.96680564
0.96470702
0.96494293
0.96720803
0.96759260
0.96677601
0.96368343
0.96659452
0.96173614
0.96255034
0.96349317
0.97278655
0.96809578
0.97300375
0.97418278
0.97018111
0.96557570
0.96774709
0.96637225
0.96256173
0.96752298
0.96811366
0.96287882
0.96478444
0.96200579
0.95607460
0.95065874
0.95733118
0.95924401
0.95877653
0.95996332
0.96554226
0.95695400
0.94854224
0.94142997
0.93958718
0.93820810
0.94513083
0.94843483
0.94851041
0.96055937
0.96042889
0.95281911
0.94718760
0.93967128
0.95068061
0.95459449
0.96194535
0.95918268
0.96587735
0.96263373
0.94281012
0.92567384
0.92493170
0.92944908
0.94008881
0.95586389
0.95879012
0.96153682
0.96437275
0.96741897
0.97040570
0.96110433
0.95695943
0.96117473
0.97130358
0.97735286
0.98014510
0.98209363
0.98000985
0.97916406
0.97777498
0.97974372
0.97937316
0.97630113
0.97982532
0.97953951
0.97935253
0.97159582
0.96518177
0.96366781
0.96832162
0.97587216
0.97278422
0.96774554
0.96793193
0.96408457
0.95686853
0.95781749
0.95821667
0.96208668
0.96480888
0.96261919
0.96206552
0.96189266
0.96032095
0.95913357
0.95116556
0.94764036
0.94261152
0.94273621
0.94752604
0.95014995
0.95671594
0.95803291
0.96849513
0.97105622
0.96270013
0.96896809
0.97208744
0.97304821
0.97288561
0.97331184
0.97584426
0.97571772
0.97761703
0.98026890
0.98054296
0.98228604
0.98351729
0.98787308
0.98705530
0.98735833
0.98676109
0.98637658
0.98352629
0.97728151
0.97440380
0.97321814
0.96788055
0.95760411
0.95738977
0.96265906
0.96446967
0.96777511
0.96920604
0.96629971
0.97031319
0.97544461
0.97944140
0.98127192
0.98418796
0.98945683
0.99203569
0.98985732
0.99277097
0.99440467
0.99414200
0.99346077
0.99400663
0.99041688
0.99272013
0.99341398
0.99440706
0.99556041
0.99549747
0.99327445
0.99276477
0.99450964
0.99337584
0.99563330
0.99434388
0.99527490
0.99484670
0.98991066
0.99356622
0.99116749
0.99291092
0.99216968
0.99154145
0.98874462
0.98751080
0.98895288
0.98941785
0.99017882
0.99217844
0.99428636
0.99457538
0.99378574
0.99265903
0.99195462
0.98964453
0.98859519
0.98622197
0.98083168
0.97497219
0.97212797
0.96641165
0.96622002
0.97065216
0.97423947
0.97555363
0.97827244
0.98291677
0.98177010
0.97621989
0.97194058
0.97146398
0.97192454
0.97418505
0.97813725
0.97642255
0.97615290
0.97751701
0.98160040
0.98655349
0.98713374
0.98335028
0.98364753
0.98431247
0.98732996
0.98871279
0.98950875
0.99124348
0.99131984
0.99146163
0.98909283
0.98874295
0.98291576
0.98499644
0.98533577
0.98503393
0.98312354
0.98048753
0.97928953
0.98335773
0.98390341
0.98492289
0.98632473
0.98879212
0.99204707
0.99347925
0.99167097
0.99353045
0.99285203
0.99267638
0.99161130
0.98791414
0.98802966
0.98684353
0.98513770
0.98372537
0.98342371
0.97667140
0.97307611
0.97118980
0.97548783
0.98042059
0.98248690
0.98028964
0.97728568
0.97601640
0.97626877
0.98035347
0.98309141
0.98483306
0.98423564
0.98459584
0.98452801
0.98708236
0.98708874
0.98516464
0.98556954
0.98702186
0.98832405
0.98989373
0.99010068
0.99039197
0.98962283
0.98887283
0.98775011
0.98565084
0.97896111
0.97862202
0.97704858
0.97279865
0.96359032
0.95300150
0.95834440
0.96385229
0.96915430
0.96980065
0.97551984
0.97634411
0.97945148
0.98393768
0.98528314
0.98650682
0.98481423
0.98282164
0.98062801
0.98095751
0.98395097
0.98567027
0.98505509
0.98038816
0.98171461
0.98053038
0.98484516
0.98923141
0.99030042
0.99210405
0.99408036
0.99548244
0.99559695
0.99554706
0.99489897
0.99436694
0.99380118
0.99268442
0.99468756
0.99222749
0.98884273
0.98918986
0.98802572
0.98932844
0.99148142
0.99116123
0.99123633
0.99134141
0.99091607
0.99120671
0.99138367
0.99190533
0.99108726
0.99042177
0.98898506
0.98710549
0.98253351
0.97992170
0.97961181
0.97893822
0.97894531
0.97730219
0.97775090
0.97872341
0.97696835
0.97263229
0.97131526
0.96953100
0.96765333
0.96489632
0.96001488
0.96008795
0.96372974
0.96601295
0.96663898
0.96923679
0.97088081
0.97088248
0.97417814
0.97788846
0.97633898
0.97607791
0.97768825
0.97983265
0.98088109
0.98377097
0.98470634
0.98728043
0.98970771
0.99124032
0.99125963
0.99042588
0.98522079
0.98297256
0.98069131
0.97712803
0.97196722
0.96903437
0.96240622
0.95774502
0.96034217
0.95262432
0.95142817
0.94099152
0.94090760
0.93488532
0.93296444
0.94308603
0.93832034
0.91553146
0.89513910
0.89733243
0.93637067
0.95245624
0.96567053
0.97182381
0.97613496
0.96982121
0.95975238
0.94700187
0.93724406
0.93718636
0.93605411
0.95330834
0.97303230
0.98094577
0.98478204
0.98155862
0.98438638
0.98418993
0.98877585
0.99056143
0.99037534
0.98955452
0.98609459
0.98270273
0.98804331
0.98829412
0.98626804
0.98262054
0.98405057
0.98214632
0.98266232
0.98135138
0.98444301
0.98647577
0.98420423
0.98273337
0.97469318
0.98344272
0.98256475
0.98256797
0.98291886
0.98372918
0.98396945
0.98140472
0.97924620
0.97374672
0.97606599
0.97576648
0.97569078
0.97133291
0.96942657
0.96954221
0.97071922
0.94465327
0.96095097
0.94327343
0.95173395
0.94367415
0.93431717
0.93075240
0.94281447
0.94398302
0.95038086
0.93932003
0.94362158
0.93821359
0.93263417
0.89832485
0.89556962
0.89467406
0.86003804
0.85936421
0.87616420
0.86049521
0.88668215
0.83272445
0.87675869
0.90142500
0.93815994
0.95399654
0.95787877
0.93874621
0.94859129
0.94835055
0.95557654
0.95904410
0.96678758
0.97062534
0.97693503
0.97994918
0.97796249
0.97809929
0.98053384
0.97971046
0.97485036
0.97622263
0.97777599
0.97205669
0.97835791
0.97884929
0.97452742
0.97100621
0.97680330
0.96010351
0.96096635
0.94326222
0.95819926
0.93676984
0.93822253
0.94571728
0.88178492
0.91129774
0.85769379
0.89657158
0.86974066
0.88499349
0.80227894
0.77746141
0.70571154
0.69217312
0.61932498
0.67943656
0.64486539
0.66439587
0.64507765
0.66852129
0.69055611
0.69094199
0.66305137
0.70911008
0.74258655
0.81705713
0.83755338
0.86095345
0.83357584
0.76745439
0.80059761
0.82833743
0.79793185
0.67728156
0.71566814
0.73466551
0.72184390
0.69850433
0.67362803
0.76627660
0.76227349
0.75352633
0.74921107
0.72280806
0.75035483
0.62816346
0.59725606
0.60259861
0.54392570
0.60020262
0.45271012
0.42916358
0.55798745
0.62329322
0.68907827
0.73375314
0.61189777
0.48829481
0.58903742
0.64004642
0.73834801
0.67889482
0.70408648
0.73121500
0.61350751
0.56081933
0.42132908
0.46229193
0.39074546
0.44266546
0.51681983
0.56412250
0.55930483
0.59148473
0.48728436
0.60363418
0.53337061
0.48590705
0.45730910
0.36426482
0.40928936
0.32684427
0.35861570
0.30437893
0.29098526
0.31931159
0.35009417
0.48808935
0.56751752
0.69918287
0.76534122
0.79924738
0.81104833
0.71899891
0.79962742
0.78334564
0.79053479
0.69118398
0.63686931
0.63819659
0.66769612
0.70179927
0.72116292
0.75737709
0.72692609
0.74693638
0.58244419
0.66170877
0.65299535
0.72477591
0.79520065
0.65969056
0.61821282
0.56464410
0.49292272
0.51773292
0.51927108
0.46278155
0.41682884
0.49054593
0.57173151
0.61637086
0.59537166
0.62697661
0.62521654
0.62166506
0.63436067
0.60344124
0.63443756
0.54779661
0.57102013
0.57689273
0.56881541
0.62035352
0.62345201
0.62451154
0.54908043
0.48357922
0.51202339
0.49162313
0.49142736
0.59612495
0.63145995
0.52322710
0.50202221
0.53592908
0.62655723
0.68921149
0.63381445
0.60360354
0.60624534
0.54395777
0.46589038
0.52642268
0.68301767
0.62002671
0.57398432
0.44494572
0.49230751
0.50990224
0.41182554
0.52431530
0.57727760
0.67614985
0.64124882
0.58538932
0.52613860
0.54085183
0.58204210
0.64208400
0.66067761
0.66982675
0.64716095
0.65003628
0.66691709
0.51043522
0.49388736
0.53334498
0.58534527
0.54310447
0.59349692
0.60387582
0.62232715
0.60204315
0.61682695
0.64756846
0.62600487
0.60819083
0.57608956
0.68494791
0.66956115
0.56808394
0.61851007
0.62677848
0.60921395
0.57525951
0.52286202
0.52730232
0.52927679
0.42504179
0.46939358
0.52311677
0.60782343
0.52344191
0.45674381
0.35586187
0.30303001
0.30264241
0.31439692
0.30337653
0.33949485
0.41681886
0.50831991
0.52166188
0.58406174
0.58452922
0.57806218
0.59036696
0.66588295
0.66299069
0.52635717
0.56300735
0.55508566
0.64465785
0.67931342
0.64042616
0.65604997
0.66909975
0.56881225
0.63036454
0.55664170
0.59265125
0.46268633
0.51993096
0.50924498
0.59928602
0.65887165
0.50144273
0.55238336
0.56938583
0.50664985
0.43862310
0.49072281
0.41834316
0.41504106
0.37805521
0.46000168
0.50285894
0.47949573
0.54130733
0.67239881
0.62856120
0.63737810
0.65715474
0.66473216
0.60556555
0.61573231
0.56795341
0.50101769
0.48041329
0.52707058
0.52710909
0.63173378
0.68432337
0.70588470
0.71326143
0.70734107
0.68819928
0.70579278
0.72775543
0.72839999
0.68343383
0.68721563
0.60923386
0.69273788
0.71101904
0.76285440
0.75093114
0.80650288
0.80700266
0.79820257
0.73609662
0.64830476
0.70581055
0.64911199
0.59020293
0.48784897
0.54273289
0.54271352
0.52624375
0.47035331
0.52373660
0.61863208
0.60990489
0.63347304
0.68273640
0.62436199
0.60747397
0.61672533
0.54203182
0.65466040
0.68657583
0.67009753
0.67211139
0.65809798
0.71388936
0.65466869
0.64112407
0.62005734
0.59434170
0.60259300
0.56003457
0.56799453
0.44359627
0.49866048
0.52332419
0.52563590
0.54802781
0.62136239
0.66964209
0.68499380
0.65836334
0.72884059
0.78811026
0.76285267
0.87207264
0.87832832
0.82598650
0.79602587
0.82913923
0.78281516
0.76724720
0.76960802
0.73059386
0.76972884
0.80714881
0.72036976
0.72805166
0.75751203
0.79147065
0.75492042
0.72338200
0.68228638
0.67572612
0.71067649
0.73000598
0.76595122
0.78687704
0.80736732
0.84604746
0.78897679
0.72046447
0.77344406
0.79115391
0.74989700
0.76921266
0.77986449
0.75830746
0.79099029
0.77931988
0.66195095
0.58395481
0.56645489
0.52164036
0.54358459
0.55528075
0.59634608
0.61149371
0.61092305
0.60148120
0.64849389
0.65317613
0.63820517
0.63747650
0.61570197
0.67362744
0.63879353
0.64334559
0.58084118
0.62123895
0.62904841
0.59528506
0.56734449
0.55145591
0.56906831
0.53609324
0.57833606
0.56382596
0.59534985
0.57256675
0.57793128
0.53611934
0.53694123
0.55152208
0.53334230
0.55336899
0.54142964
0.53945976
0.54138130
0.60308272
0.61880386
0.59786075
0.57085264
0.56031048
0.56240803
0.57474703
0.60030025
0.59686118
0.62469620
0.62774682
0.60528529
0.63563597
0.66726887
0.64085251
0.66848969
0.65977287
0.64744508
0.68614519
0.69321245
0.65421164
0.69726187
0.71044129
0.68434036
0.70154703
0.75779074
0.61591887
0.67165470
0.67723322
0.58876085
0.57739675
0.55379343
0.59272325
0.61399907
0.64384758
0.64125139
0.66986924
0.65074390
0.69713920
0.68987465
0.70051771
0.68319458
0.68891746
0.59061950
0.64386314
0.56538272
0.54915816
0.61304522
0.63043743
0.61544347
0.62311357
0.59410185
0.60294360
0.63086373
0.62363958
0.64294702
0.57427734
0.57550281
0.55772316
0.44583404
0.45296568
0.45846990
0.52358592
0.59664541
0.53908032
0.56075186
0.54864758
0.62540150
0.67861837
0.71401173
0.64851683
0.64391994
0.62747359
0.67603415
0.67674851
0.62538362
0.72027797
0.72530377
0.73197198
0.75025493
0.69602269
0.74157000
0.61520422
0.62425184
0.61519229
0.61832851
0.59594870
0.59430575
0.62207520
0.58772039
0.63389897
0.66783649
0.72889262
0.70610499
0.78843689
0.81331545
0.84197909
0.86382961
0.85977322
0.85783982
0.85798395
0.86140668
0.85698867
0.86333621
0.85197026
0.82154721
0.82207447
0.83264405
0.85071778
0.86965555
0.88191259
0.86701286
0.88280022
0.88162267
0.86239529
0.88965702
0.91883671
0.86281478
0.89280927
0.89635527
0.88750392
0.88294053
0.87018102
0.89435405
0.87799340
0.90160704
0.91667646
0.93389893
0.91699260
0.93779391
0.95814091
0.95469904
0.95616657
0.96454775
0.96242255
0.96680874
0.95902193
0.95991588
0.96110326
0.96710378
0.96277583
0.96131384
0.96923524
0.97134137
0.96735865
0.96311164
0.97288764
0.97680104
0.97873127
0.97915983
0.97832918
0.98211080
0.98011351
0.97863102
0.97882688
0.97348130
0.97454447
0.97379047
0.97639877
0.97043699
0.96789014
0.96898896
0.96379083
0.96705765
0.96788579
0.96030569
0.96192771
0.96634442
0.97541350
0.98447675
0.98210192
0.98320794
0.98066390
0.98204136
0.97708958
0.97522199
0.97611111
0.97517371
0.97086638
0.97589558
0.98131001
0.98457539
0.98577380
0.98354405
0.98374212
0.98248059
0.98159182
0.98202217
0.98360920
0.98210561
0.98004913
0.97750700
0.97777075
0.97623187
0.97884524
0.97496992
0.97338146
0.96821290
0.97070843
0.96929204
0.97315967
0.97138196
0.97243607
0.97357190
0.97546571
0.97671616
0.97633380
0.97220618
0.97319531
0.97197276
0.97104567
0.97054213
0.96905160
0.96813387
0.96561104
0.96870595
0.97120923
0.97276533
0.97540295
0.97939235
0.98064041
0.98154956
0.97913194
0.98205662
0.98409605
0.98407459
0.98676944
0.98721480
0.98654640
0.98747557
0.98955441
0.98880905
0.99031574
0.98955274
0.98924863
0.98959666
0.98904848
0.98849815
0.98818260
0.98772949
0.98700666
0.98575902
0.98590785
0.98576975
0.98521495
0.98705798
0.98696727
0.98689705
0.98783875
0.98762113
0.98784280
0.98585862
0.98367494
0.98147362
0.97970003
0.97646856
0.97544473
0.97485715
0.97359538
0.97488469
0.97514355
0.97524589
0.97592181
0.98275751
0.98190182
0.98200101
0.98087913
0.97449017
0.97462749
0.98038417
0.98367369
0.98395878
0.98373586
0.98290664
0.98528659
0.98503149
0.98398095
0.98053437
0.97794831
0.97686839
0.97730392
0.97811651
0.97516495
0.97775674
0.97866541
0.98052073
0.98230410
0.98489088
0.98550934
0.98646122
0.98431557
0.98341203
0.98158133
0.98282212
0.98355502
0.98489964
0.98367494
0.98409963
0.98145676
0.98070383
0.98007178
0.97877526
0.97710538
0.97272611
0.97364682
0.97571802
0.97779572
0.97659451
0.97743165
0.97786599
0.97973365
0.98073363
0.98120636
0.98251766
0.98407102
0.98571485
0.98706239
0.98857623
0.98839581
0.98800862
0.98812443
0.98875403
0.98924202
0.99009377
0.99051803
0.99049276
0.98973352
0.98400533
0.97685254
0.97204697
0.97035843
0.97356445
0.97861588
0.98211896
0.98741233
0.99134094
0.99249870
0.99233729
0.99227047
0.99277049
0.99267864
0.99226975
0.99074733
0.98800129
0.98664874
0.98617226
0.98732370
0.98958349
0.98918009
0.98880416
0.98801875
0.98910719
0.98883820
0.99026722
0.99039602
0.99104184
0.99083447
0.98965329
0.98882234
0.98833746
0.98723537
0.98698306
0.98732823
0.98861504
0.99027705
0.99168324
0.99202967
0.99068248
0.98845673
0.98777801
0.98892212
0.98965865
0.98837310
0.98948306
0.98909086
0.98948002
0.99092966
0.99185365
0.99317956
0.99265480
0.99187249
0.99069548
0.99006277
0.98955268
0.98904538
0.98696381
0.98398006
0.97237879
0.95980179
0.95126235
0.94308436
0.94137168
0.93142790
0.93320388
0.94314820
0.95688862
0.96586686
0.96854913
0.98036319
0.98950082
0.99192375
0.98975593
0.98604429
0.98640943
0.98833489
0.98986596
0.99252665
0.99322093
0.99444109
0.99519378
0.99449909
0.99421400
0.99395978
0.99293900
0.99331081
0.99262857
0.99231017
0.99195427
0.99290586
0.99275523
0.99299145
0.99267042
0.99208623
0.99055010
0.99347782
0.99331242
0.99366909
0.99370122
0.99352044
0.99420375
0.99414933
0.99371958
0.99449855
0.99524081
0.99498653
0.99504697
0.99505121
0.99506480
0.99439418
0.99363953
0.99237776
0.99287224
0.99162549
0.99152267
0.99241054
0.99031842
0.99092931
0.99159533
0.99256623
0.99112427
0.99073011
0.99118102
0.99166602
0.99179113
0.99095058
0.99172968
0.99139953
0.99231130
0.99189383
0.99018681
0.98653632
0.98959738
0.98669761
0.98825771
0.98266518
0.98172736
0.98188269
0.98297161
0.98323405
0.98208272
0.98580682
0.98574185
0.98704302
0.98707241
0.98596942
0.98669642
0.98640513
0.98875672
0.98894590
0.98824126
0.98970884
0.99035770
0.99089569
