3.00000000
3.00000033
3.00000000
3.00000004
3.00000079
3.00000002
3.00000026
3.00000000
3.00000003
3.00000132
3.00000032
3.00000000
3.00000112
3.00000029
3.00000001
3.00000221
3.00000000
3.00000098
3.00000002
3.00000337
3.00000000
3.00000008
3.00000000
3.00000001
3.00000289
3.00000013
3.00000001
3.00000021
3.00000045
3.00000122
3.00000094
3.00000003
3.00000000
3.00000115
3.00001180
3.00001312
3.00001658
3.00000015
3.00000022
3.00000010
3.00000000
3.00000000
3.00000004
3.00000000
3.00000098
3.00000000
3.00000000
3.00000004
3.00000018
3.00000003
3.00000000
3.00000069
3.00000124
3.00000240
3.00000001
3.00000017
3.00002905
3.00000000
3.00000876
3.00000314
3.00000081
3.00000010
3.00000098
3.00000093
3.00000009
3.00000062
3.00000127
3.00000053
3.00000000
3.00000000
3.00000001
3.00000129
3.00000198
3.00000000
3.00000007
3.00000001
3.00000057
3.00000045
3.00000012
3.00000020
3.00000001
3.00000000
3.00000030
3.00000004
3.00000000
3.00000014
3.00000008
3.00000001
3.00000002
3.00000000
3.00000033
3.00000044
3.00000005
3.00000000
3.00000016
3.00000052
3.00000002
3.00000080
3.00000013
3.00000011
3.00000001
3.00000071
3.00000047
3.00000020
3.00000009
3.00000010
3.00000004
3.00000001
3.00000133
3.00000000
3.00000005
3.00000003
3.00000014
3.00000093
3.00000008
3.00000000
3.00000276
3.00000039
3.00000003
3.00000020
3.00000019
3.00000000
3.00000002
3.00000077
3.00000048
3.00000039
3.00000000
3.00000374
3.00000019
3.00002708
3.00000006
3.00000001
3.00000000
3.00000765
3.00000029
3.00000008
3.00000000
3.00000000
3.00000015
3.00000186
3.00000252
3.00000022
3.00000010
3.00000028
3.00000007
3.00000056
3.00000028
3.00000011
3.00000012
3.00000003
3.00000009
3.00000000
3.00000211
3.00000017
3.00000016
3.00000053
3.00000004
3.00000016
3.00000002
3.00000000
3.00000059
3.00000272
3.00000000
3.00000023
3.00000027
3.00000015
3.00000011
3.00001479
3.00000032
3.00000000
3.00000204
3.00000000
3.00000195
3.00000002
3.00000001
3.00000064
3.00000002
3.00000146
3.00000024
3.00000012
3.00000046
3.00000101
3.00000275
3.00000023
3.00002383
3.00000001
3.00000001
3.00000120
3.00000939
3.00000000
3.00000278
3.00000062
3.00000003
3.00000005
3.00000018
3.00000080
3.00000045
3.00000688
3.00000004
3.00000238
3.00000000
3.00000002
3.00000717
3.00000001
3.00000133
3.00000074
3.00000019
3.00000000
3.00000003
3.00000009
3.00000008
3.00000036
3.00000071
3.00000008
3.00000079
3.00000064
3.00000054
3.00000119
3.00000044
3.00000118
3.00000005
3.00000004
3.00000005
3.00000001
3.00000000
3.00000004
3.00000074
3.00000007
3.00000000
3.00000067
3.00000069
3.00000002
3.00000016
3.00000209
3.00000004
3.00000001
3.00000028
3.00000020
3.00000003
3.00000201
3.00000054
3.00000159
3.00000010
3.00000165
3.00000029
3.00000003
3.00000027
3.00000006
3.00000001
3.00000075
3.00000071
3.00000002
3.00000008
3.00000001
3.00000185
3.00000000
3.00000040
3.00000003
3.00000003
3.00000037
3.00000003
3.00000019
3.00000006
3.00000001
3.00000000
3.00000001
3.00000000
3.00000001
3.00000069
3.00000503
3.00000215
3.00000050
3.00000033
3.00000004
3.00000003
3.00000000
3.00000205
3.00000016
3.00000126
3.00000001
3.00000033
3.00000191
3.00000284
3.00000005
3.00000002
3.00000113
3.00000003
3.00000008
3.00000001
3.00000002
3.00000244
3.00000001
3.00000005
3.00000000
3.00000476
3.00000000
3.00000004
3.00000000
3.00000000
3.00001014
3.00000199
3.00000000
3.00000073
3.00000005
3.00000139
3.00000008
3.00000001
3.00000004
3.00000002
3.00000000
3.00000219
3.00000149
3.00000000
3.00000001
3.00000000
3.00000108
3.00000209
3.00000061
3.00000034
3.00000002
3.00000004
3.00000061
3.00000005
3.00000007
3.00000001
3.00000004
3.00000000
3.00000059
3.00000009
3.00000002
3.00001167
3.00000000
3.00000003
3.00000074
3.00000001
3.00000001
3.00000815
3.00000009
3.00000145
3.00000201
3.00000002
3.00000009
3.00000001
3.00000017
3.00000018
3.00000678
3.00000624
3.00000091
3.00000009
3.00000267
3.00000000
3.00000014
3.00000002
3.00000063
3.00000002
3.00000002
3.00000246
3.00000000
3.00000082
3.00000011
3.00000003
3.00000000
3.00000000
3.00000047
3.00000000
3.00000000
3.00000000
3.00000001
3.00000038
3.00000004
3.00000107
3.00000003
3.00000013
3.00000093
3.00000040
3.00000002
3.00000007
3.00000462
3.00000025
3.00000001
3.00000009
3.00000033
3.00000171
3.00000053
3.00000099
3.00000321
3.00000067
3.00000024
3.00000027
3.00000270
3.00000031
3.00000126
3.00000015
3.00000026
3.00000050
3.00000003
3.00000008
3.00000003
3.00000000
3.00000003
3.00000081
3.00000000
3.00000004
3.00000059
3.00000128
3.00000265
3.00000097
3.00000005
3.00000001
3.00000000
3.00000000
3.00015176
3.00000098
3.00000010
3.00002484
3.00000007
3.00000017
3.00000002
3.00000167
3.00000041
3.00000181
3.00000050
3.00000002
3.00000001
3.00000065
3.00000001
3.00000301
3.00000303
3.00000540
3.00000076
3.00000032
3.00000013
3.00000001
3.00001341
3.00000000
3.00000113
3.00000570
3.00000022
3.00000000
3.00000001
3.00000000
3.00000001
3.00000109
3.00000002
3.00000002
3.00000001
3.00000051
3.00000004
3.00000256
3.00000000
3.00000016
3.00000114
3.00000190
3.00000001
3.00000140
3.00000557
3.00000003
3.00000001
3.00000151
3.00000030
3.00000022
3.00000053
3.00000025
3.00000099
3.00000308
3.00000031
3.00000493
3.00000004
3.00000234
3.00000005
3.00000010
3.00001083
3.00000015
3.00000000
3.00001546
3.00000001
3.00000012
3.00000000
3.00000005
3.00000018
3.00000166
3.00000003
3.00000100
3.00000000
3.00000735
3.00000084
3.00000130
3.00000000
3.00000002
3.00000000
3.00000001
3.00000023
3.00000021
3.00000000
3.00000063
3.00000011
3.00000058
3.00000013
3.00000004
3.00000121
3.00000000
3.00000000
3.00000367
3.00000053
3.00000000
3.00000000
3.00000007
3.00000000
3.00000033
3.00000431
3.00000001
3.00000719
3.00000009
3.00000000
3.00000042
3.00000254
3.00000263
3.00000074
3.00000049
3.00000007
3.00000003
3.00000003
3.00000109
3.00000000
3.00000016
3.00000345
3.00000001
3.00000001
3.00000013
3.00000009
3.00000015
3.00000019
3.00000127
3.00000011
3.00000129
3.00000006
3.00000112
3.00000078
3.00000012
3.00000045
3.00000032
3.00000002
3.00000003
3.00000010
3.00000004
3.00000034
3.00000022
3.00000141
3.00000001
3.00000021
3.00000377
3.00000002
3.00000002
3.00000060
3.00000077
3.00000016
3.00000006
3.00000019
3.00000003
3.00002055
3.00000083
3.00001242
3.00000000
3.00000784
3.00000216
3.00000021
3.00000053
3.00000014
3.00000692
3.00000001
3.00000004
3.00000003
3.00000209
3.00000000
3.00000001
3.00000000
3.00000016
3.00000004
3.00000257
3.00000182
3.00000033
3.00000000
3.00000006
3.00000000
3.00000000
3.00000022
3.00000001
3.00000003
3.00000066
3.00000004
3.00000027
3.00000000
3.00000005
3.00000016
3.00000001
3.00000001
3.00000008
3.00000000
3.00000041
3.00000002
3.00002206
3.00000099
3.00000004
3.00000001
3.00000006
3.00000017
3.00000002
3.00000664
3.00000010
3.00000034
3.00000038
3.00000002
3.00000031
3.00001131
3.00000034
3.00000100
3.00000316
3.00000011
3.00000123
3.00000012
3.00000025
3.00000397
3.00000002
3.00000021
3.00000083
3.00000002
3.00000272
3.00000006
3.00000000
3.00000000
3.00000005
3.00000005
3.00000089
3.00000000
3.00000007
3.00000006
3.00000000
3.00000028
3.00000003
3.00000002
3.00000323
3.00000009
3.00000001
3.00000000
3.00002639
3.00000052
3.00000054
3.00000237
3.00000000
3.00000010
3.00000000
3.00000145
3.00000000
3.00000026
3.00000021
3.00000155
3.00000044
3.00000029
3.00000000
3.00000002
3.00000017
3.00000023
3.00001286
3.00000001
3.00000072
3.00000002
3.00000000
3.00000026
3.00000092
3.00000001
3.00000022
3.00000002
3.00000072
3.00000045
3.00000000
3.00000002
3.00000000
3.00000013
3.00000008
3.00000074
3.00000003
3.00000125
3.00000000
3.00000000
3.00000016
3.00000005
3.00000000
3.00000000
3.00000139
3.00000069
3.00000005
3.00000007
3.00000003
3.00000013
3.00000000
3.00000011
3.00000116
3.00000007
3.00000008
3.00000120
3.00000000
3.00000187
3.00000022
3.00000002
3.00000010
3.00000006
3.00000064
3.00000042
3.00000066
3.00000001
3.00000000
3.00000379
3.00000856
3.00000755
3.00000021
3.00000004
3.00000076
3.00000000
3.00000004
3.00000007
3.00000001
3.00000004
3.00000101
3.00000003
3.00000005
3.00000117
3.00000043
3.00000030
3.00000000
3.00000000
3.00000001
3.00000003
3.00000000
3.00000030
3.00000000
3.00000012
3.00000172
3.00000000
3.00000014
3.00000000
3.00000000
3.00000019
3.00000192
3.00000700
3.00000088
3.00000009
3.00000007
3.00000140
3.00000244
3.00000000
3.00000044
3.00000000
3.00000002
3.00000030
3.00000327
3.00000010
3.00000105
3.00000003
3.00000044
3.00000032
3.00000038
3.00000001
3.00000000
3.00000000
3.00000021
3.00000000
3.00000008
3.00000000
3.00000015
3.00000001
3.00000001
3.00000102
3.00000003
3.00000000
3.00000021
3.00000051
3.00000066
3.00000008
3.00000098
3.00000000
3.00000004
3.00000002
3.00000001
3.00000030
3.00001020
3.00000061
3.00000773
3.00000245
3.00000318
3.00000006
3.00000005
3.00000015
3.00000019
3.00000029
3.00000001
3.00000002
3.00000283
3.00000011
3.00000006
3.00000042
3.00000014
3.00001729
3.00000001
3.00000029
3.00000018
3.00000000
3.00000003
3.00000000
3.00000017
3.00000046
3.00000135
3.00000069
3.00000001
3.00000000
3.00000004
3.00000003
3.00000145
3.00000362
3.00000008
3.00000073
3.00000176
3.00000006
3.00000004
3.00000411
3.00000000
3.00000000
3.00000025
3.00000027
3.00000000
3.00000055
3.00000062
3.00000706
3.00000000
3.00002257
3.00000548
3.00000001
3.00000004
3.00000005
3.00000000
3.00000222
3.00000009
3.00000020
3.00000008
3.00000076
3.00000000
3.00000000
3.00000076
3.00000000
3.00000118
3.00000158
3.00000013
3.00000133
3.00000125
3.00000071
3.00000001
3.00000550
3.00000003
3.00000005
3.00000001
3.00000002
3.00000032
3.00000001
3.00000000
3.00000238
3.00000009
3.00000001
3.00000150
3.00000013
3.00000028
3.00000013
3.00000356
3.00000000
3.00000002
3.00000033
3.00001997
3.00000757
3.00000008
3.00000000
3.00000055
3.00000001
3.00000263
3.00000813
3.00000001
3.00000033
3.00000002
3.00000000
3.00000170
3.00000028
3.00000003
3.00000018
3.00000008
3.00000076
3.00000005
3.00000426
3.00000031
3.00000003
3.00000003
3.00000019
3.00000011
3.00000006
3.00000199
3.00000001
3.00000732
3.00000000
3.00000109
3.00000044
3.00000010
3.00001735
3.00000000
3.00000027
3.00000031
3.00000000
3.00000006
3.00000162
3.00000010
3.00000000
3.00000283
3.00000009
3.00000337
3.00000004
3.00000033
3.00000038
3.00000000
3.00000047
3.00000090
3.00000990
3.00000001
3.00001390
3.00000004
3.00000001
3.00000000
3.00000246
3.00000786
3.00000116
3.00000012
3.00000124
3.00000024
3.00000003
3.00000024
3.00000013
3.00000000
3.00000014
3.00000000
3.00000407
3.00000008
3.00000000
3.00000055
3.00000117
3.00000072
3.00000005
3.00000001
3.00000005
3.00000066
3.00000000
3.00000006
3.00000000
3.00000055
3.00000021
3.00000003
3.00000000
3.00000327
3.00000000
3.00000085
3.00000189
3.00000039
3.00000013
3.00000002
3.00000020
3.00000001
3.00000019
3.00000074
3.00000000
3.00000001
3.00000003
3.00000059
3.00000223
3.00000111
3.00000488
3.00000000
3.00000011
3.00000115
3.00000291
3.00000001
3.00000274
3.00000019
3.00001191
3.00000012
3.00000046
3.00000003
3.00000019
3.00000050
3.00000002
3.00000033
3.00000030
3.00000001
3.00000205
3.00000021
3.00000003
3.00000006
3.00000006
11.68813397
16.55151585
9.90627662
22.35372021
12.84501590
14.92201111
16.21002197
14.43717800
23.01020251
10.07919568
12.11879810
18.40139255
24.26551712
20.24380491
24.68364875
20.86892786
18.68498693
20.86458349
20.94305659
12.06332635
24.10329890
13.90403449
20.94509606
10.75034419
14.99497551
16.24118604
13.10890091
20.68783066
15.85745656
15.66023384
18.80626352
19.04991721
21.92430691
20.17662984
19.56971363
18.30727355
23.41592181
19.63231225
21.67115566
26.62399026
14.60200255
11.50467950
18.96702242
12.46037677
20.57488274
18.99929958
12.48721409
23.50268629
18.16494539
17.33088970
16.15608936
21.93305041
24.50369546
19.46541502
18.13582906
12.48406296
20.62966957
19.02646450
22.75432790
4.76074953
22.24479433
13.19434815
20.17200198
11.91935812
22.11542619
17.31572965
10.53283041
17.12018980
17.78502039
18.85105019
15.27300059
19.99969614
10.62371455
13.14810359
14.37453702
19.41609744
16.43586087
20.47163206
21.67539453
17.77745880
17.27410451
18.66660745
7.97240150
19.81847507
18.08270915
18.32030216
7.74444008
11.68598989
10.01545142
16.62833426
20.34053574
24.85973554
20.22142080
25.58000597
22.46999114
19.37941939
23.08566202
16.98347851
12.75556415
15.36932596
15.33936199
21.58360559
20.24815270
16.44545921
4.14492930
23.39045284
13.73312542
16.25324858
17.99287131
25.65062670
13.74869116
22.26345367
19.92162820
13.01534320
23.58615272
18.50679468
13.67739748
14.34594227
16.61486695
12.63503900
20.55014599
14.22679430
19.74547501
16.59772283
19.46038080
10.72218191
16.77516449
15.13836654
17.13258820
15.76577251
12.58099708
21.08307374
18.41157699
10.43911233
19.84030174
14.93882421
19.69939648
16.51421845
21.65846390
17.06895778
13.93682441
13.28604446
19.52657716
10.52281384
15.77343849
12.97382948
23.46526658
19.77054554
18.75135381
21.12772645
12.71671142
23.04261970
23.02819874
17.11400839
19.44024681
16.10945358
19.55188872
20.55817581
17.32911074
22.59934939
13.07866675
18.78214917
19.97473734
10.44976714
18.99468770
18.06842713
12.98013023
23.30591489
20.06800842
9.14343334
19.78127099
22.87139789
17.07668464
6.75486358
12.51388473
11.81824745
19.93859816
18.26427500
19.60777562
21.56054987
16.77627831
10.40262327
9.22174983
21.93264076
17.71477954
19.04667574
20.11867177
21.40341080
21.19358619
19.90905740
15.16978765
23.09117312
20.60251661
14.61290160
17.93547710
19.74799007
22.84582328
21.51880215
14.52922642
16.91325408
20.49968900
17.24899063
11.86008683
23.18966912
24.40333164
21.53465203
15.72790925
15.49376171
20.95647516
8.39219770
10.73276781
22.40154487
23.64587548
14.77210694
16.41359699
21.71356731
22.52168850
22.11601383
26.45351516
19.78145025
20.96603616
11.27708550
13.94239070
20.20111532
17.98311293
19.97231409
21.46682565
14.42258562
16.76800772
13.87979447
15.07248081
17.15055522
14.57527263
19.57718869
16.45498381
12.20403300
21.12428319
12.11931065
20.07966692
18.87851530
10.53521838
8.65458342
17.36056326
24.82694437
9.94865496
11.49172158
11.60702059
8.80113435
19.12586631
16.12833308
3.00000258
3.00000000
3.00000010
3.00000124
3.00000010
3.00000009
3.00000432
3.00000049
3.00000000
3.00000018
3.00000003
3.00000006
3.00000110
3.00000123
3.00000035
3.00000020
3.00000004
3.00000093
3.00000001
3.00000000
3.00000247
3.00000137
3.00000036
3.00000016
3.00000001
3.00000030
3.00000037
3.00000001
3.00000060
3.00000476
3.00000002
3.00000001
3.00000307
3.00000102
3.00000002
3.00000000
3.00000018
3.00000003
3.00000024
3.00000349
3.00000001
3.00000278
3.00000000
3.00000117
3.00000068
3.00000000
3.00000098
3.00000237
3.00000054
3.00000007
3.00000031
3.00000277
3.00000015
3.00000006
3.00000221
3.00000000
3.00000120
3.00000012
3.00000045
3.00000089
3.00000081
3.00000108
3.00000014
3.00000552
3.00000011
3.00000004
3.00000023
3.00000016
3.00000103
3.00000073
3.00000000
3.00000051
3.00000001
3.00000199
3.00000039
3.00000000
3.00000033
3.00000001
3.00000004
3.00000010
3.00000715
3.00000000
3.00000469
3.00000030
3.00000003
3.00000017
3.00000008
3.00000033
3.00000370
3.00000000
3.00000009
3.00000433
3.00000026
3.00000003
3.00000000
3.00000000
3.00000489
3.00000044
3.00000038
3.00000034
3.00000024
3.00000047
3.00000428
3.00000000
3.00000085
3.00000003
3.00000080
3.00000000
3.00000000
3.00000001
3.00000007
3.00000000
3.00000054
3.00000000
3.00000000
3.00000022
3.00000023
3.00000009
3.00000174
3.00000027
3.00000001
3.00000051
3.00000002
3.00000007
3.00000109
3.00000002
3.00004535
3.00000001
3.00000008
3.00000017
3.00000550
3.00000104
3.00000015
3.00000789
3.00000000
3.00000001
3.00000000
3.00000349
3.00000013
3.00000003
3.00000020
3.00000015
3.00000110
3.00000000
3.00000001
3.00000138
3.00000000
3.00000000
3.00000000
3.00000003
3.00000138
3.00000219
3.00000000
3.00000000
3.00000006
3.00000090
3.00000031
3.00000001
3.00000012
3.00000342
3.00000094
3.00000118
3.00000010
3.00000015
3.00000016
3.00000076
3.00000065
3.00000000
3.00000089
3.00000003
3.00000016
3.00000206
3.00000001
3.00000057
3.00000029
3.00000004
3.00000000
3.00000000
3.00000023
3.00000017
3.00000006
3.00000185
3.00000015
3.00000078
3.00000005
3.00000024
3.00000000
3.00000124
3.00000217
3.00000124
3.00000001
3.00000001
3.00000090
3.00000008
3.00000024
3.00000493
3.00000000
3.00000005
3.00000000
3.00000000
3.00000062
3.00003572
3.00000010
3.00000002
3.00001268
3.00000033
3.00000005
3.00000136
3.00000002
3.00000006
3.00000010
3.00000086
3.00000324
3.00000021
3.00000028
3.00000009
3.00000009
3.00000043
3.00000001
3.00000009
3.00000006
3.00000008
3.00000001
3.00000008
3.00000000
3.00000005
3.00000001
3.00000000
3.00000132
3.00000004
3.00000121
3.00000001
3.00000010
3.00000011
3.00000006
3.00000393
3.00000001
3.00000120
3.00000012
3.00000000
3.00000039
3.00000296
3.00000000
3.00000085
3.00000000
3.00000002
3.00000222
3.00000000
3.00000448
3.00000181
3.00000000
3.00000014
3.00000000
3.00000000
3.00006161
3.00000000
3.00000000
3.00000156
3.00000001
3.00000207
3.00000000
3.00000001
3.00000269
3.00000000
3.00000008
3.00000006
3.00000017
3.00000000
3.00000000
3.00000036
3.00000007
3.00000046
3.00000000
3.00000000
3.00000002
3.00000490
3.00000220
3.00000000
3.00000580
3.00000011
3.00000176
3.00000010
3.00000006
3.00000024
3.00000062
3.00000004
3.00000001
3.00000135
3.00000193
3.00000076
3.00000008
3.00000012
3.00000000
3.00000217
3.00000004
3.00000025
3.00000121
3.00000000
3.00000189
3.00000000
3.00000000
3.00000000
3.00000000
3.00000010
3.00000002
3.00001068
3.00000102
3.00000000
3.00000017
3.00000034
3.00000000
3.00000004
3.00000004
3.00000000
3.00000004
3.00000056
3.00000008
3.00000019
3.00000016
3.00000001
3.00000001
3.00002041
3.00000003
3.00000000
3.00000044
3.00001045
3.00000006
3.00000011
3.00000004
3.00000044
3.00000142
3.00000000
3.00000002
3.00000026
3.00000001
3.00000271
3.00000122
3.00000001
3.00000002
3.00000001
3.00000006
3.00000007
3.00000008
3.00000123
3.00000001
3.00000530
3.00000152
3.00000017
3.00000004
3.00000002
3.00000000
3.00000054
3.00000103
3.00000156
3.00000012
3.00000018
3.00000120
3.00000054
3.00000170
3.00000001
3.00000000
3.00000282
3.00000002
3.00000181
3.00000036
3.00000008
3.00000002
3.00000021
3.00000025
3.00000000
3.00000001
3.00000360
3.00000012
3.00000018
3.00000000
3.00000000
3.00000239
3.00000011
3.00000000
3.00000652
3.00000001
3.00000166
3.00000562
3.00000000
3.00000355
3.00000001
3.00000057
3.00000040
3.00000005
3.00000014
3.00000914
3.00000090
3.00000000
3.00000172
3.00000197
3.00000001
3.00000001
3.00000001
3.00000002
3.00000006
3.00000001
3.00000059
3.00000121
3.00000005
3.00000034
3.00000008
3.00000383
3.00000000
3.00000001
3.00000001
3.00000038
3.00000007
3.00000002
3.00002843
3.00000408
3.00000000
3.00000004
3.00000023
3.00000000
3.00000002
3.00000010
3.00000000
3.00000087
3.00000574
3.00000127
3.00020354
3.00000000
3.00000134
3.00000001
3.00000000
3.00000003
3.00000000
3.00000054
3.00000004
3.00000000
3.00000001
3.00000024
3.00000008
3.00000381
3.00000621
3.00000177
3.00000012
3.00000004
3.00000069
3.00000176
3.00000178
3.00000598
3.00000177
3.00000028
3.00000001
3.00000006
3.00000079
3.00000002
3.00000002
3.00000002
3.00000012
3.00000426
3.00000021
3.00000000
3.00001935
3.00000031
3.00000001
3.00001222
3.00000000
3.00000000
3.00000001
3.00000001
3.00000000
3.00000001
3.00000000
3.00000004
3.00000002
3.00000003
3.00000730
3.00000005
3.00001748
3.00001057
3.00000000
3.00000007
3.00000004
3.00000005
3.00000001
3.00000045
3.00000017
3.00000049
3.00000008
3.00000000
3.00000028
3.00000006
3.00000136
3.00000000
3.00000490
3.00000089
3.00000166
3.00000002
3.00000084
3.00000000
3.00000045
3.00000040
3.00000593
3.00000006
3.00000000
3.00000002
3.00000001
3.00001210
3.00000002
3.00000000
3.00000000
3.00000785
3.00000151
3.00000019
3.00000064
3.00000743
3.00000000
3.00000028
3.00000018
3.00000001
3.00000005
3.00000039
3.00000003
3.00000106
3.00000147
3.00000501
3.00000176
3.00000002
3.00000005
3.00000183
3.00000000
3.00000475
3.00000141
3.00000025
3.00000107
3.00000016
3.00000128
3.00000114
3.00000391
3.00000062
3.00000010
3.00000011
3.00000038
3.00000005
3.00000002
3.00000000
3.00000003
3.00000047
3.00000142
3.00000002
3.00000002
3.00000003
3.00000013
3.00000050
3.00000005
3.00000021
3.00000000
3.00000047
3.00000000
3.00000052
3.00000005
3.00000001
3.00000060
3.00000005
3.00000022
3.00000047
3.00000006
3.00000092
3.00000006
3.00005282
3.00000003
3.00000008
3.00000188
3.00000000
3.00000051
3.00000055
3.00000000
3.00000094
3.00000016
3.00000004
3.00000035
3.00000014
3.00000076
3.00000002
3.00000000
3.00000006
3.00000001
3.00000338
3.00000012
3.00000000
3.00000017
3.00000051
3.00000035
3.00000003
3.00000111
3.00000001
3.00000000
3.00000549
3.00000684
3.00000002
3.00000000
3.00000019
3.00000044
3.00000048
3.00000001
3.00000021
3.00000002
3.00000042
3.00000002
3.00000003
3.00000059
3.00000037
3.00000016
3.00000064
3.00000001
3.00000112
3.00000650
3.00000000
3.00000191
3.00000024
3.00000000
3.00000099
3.00000060
3.00000002
3.00000386
3.00000046
3.00000029
3.00000091
3.00000006
3.00000478
3.00000085
3.00000091
3.00000118
3.00000007
3.00000039
3.00000010
3.00000008
3.00000007
3.00000001
3.00000007
3.00000038
3.00000167
3.00000130
3.00000681
3.00000000
3.00000470
3.00000000
3.00000018
3.00000097
3.00000000
3.00000000
3.00000000
3.00000016
3.00000107
3.00001237
3.00000016
3.00000023
3.00000001
3.00000002
3.00000360
3.00000153
3.00000049
3.00000518
3.00000080
3.00000198
3.00000002
3.00000069
3.00000212
3.00000004
3.00000001
3.00000000
3.00000029
3.00000008
3.00000002
3.00000001
3.00000000
3.00000001
3.00001516
3.00000017
3.00004395
3.00000031
3.00000072
3.00000060
3.00001578
3.00000706
3.00000255
3.00000000
3.00000007
3.00000003
3.00000155
3.00000002
3.00000177
3.00000004
3.00000000
3.00000001
3.00000000
3.00000002
3.00000024
3.00000373
3.00000652
3.00000115
3.00002388
3.00000002
3.00000012
3.00000016
3.00000012
3.00001582
3.00001394
3.00003491
3.00000591
3.00000120
3.00000001
3.00000017
3.00000543
3.00000000
3.00000001
3.00000066
3.00000007
3.00000012
3.00000335
3.00000031
3.00000034
3.00000000
3.00000002
3.00000003
3.00000001
3.00000015
3.00000006
3.00000000
3.00000027
3.00000033
3.00000000
3.00000007
3.00000099
3.00000002
3.00000005
3.00000011
3.00000052
3.00000004
3.00000028
3.00000025
3.00000034
3.00000092
3.00000262
3.00001444
3.00000007
3.00001207
3.00000009
3.00000041
3.00000003
3.00000001
3.00000501
3.00000426
3.00000231
3.00000148
3.00000239
3.00000007
3.00000000
3.00000004
3.00000000
3.00000005
3.00000169
3.00001949
3.00000038
3.00000003
3.00000248
3.00000018
3.00000001
3.00000003
3.00000000
3.00000004
3.00000035
3.00000002
3.00000015
3.00000000
3.00000000
3.00000011
3.00000000
3.00000001
3.00000063
3.00000002
3.00000022
3.00000136
3.00000000
3.00000000
3.00000007
3.00000351
3.00000012
3.00000001
3.00000010
3.00000050
3.00000000
3.00000000
3.00000013
3.00000003
3.00000141
3.00000373
3.00000018
3.00000015
3.00000011
3.00000000
3.00000346
3.00001073
3.00000000
3.00000012
3.00000259
3.00000002
3.00000001
3.00000013
3.00000053
3.00000000
3.00000003
3.00000001
3.00000070
3.00000000
3.00000000
3.00000000
3.00000001
3.00000017
3.00000374
3.00000011
3.00000004
3.00000180
3.00000004
3.00000024
3.00000004
3.00000008
3.00000000
3.00000000
3.00000263
3.00000005
3.00000000
3.00000235
3.00000391
3.00000004
3.00000281
3.00000015
3.00000166
3.00000118
3.00000069
3.00000009
3.00000000
3.00000333
3.00000003
3.00000005
3.00000000
3.00000001
3.00000025
3.00000139
3.00000008
3.00000011
3.00000001
3.00000003
3.00000042
3.00000071
3.00000046
3.00000159
3.00000111
3.00000068
3.00000011
3.00000010
3.00000019
3.00000009
3.00000014
3.00000006
3.00000001
3.00000000
3.00000031
3.00000231
3.00000004
3.00000005
3.00000143
3.00000122
3.00000008
3.00000001
3.00000041
3.00000000
3.00000073
3.00000013
3.00000003
3.00000123
3.00000001
3.00000000
3.00000200
3.00000160
3.00000019
3.00000013
3.00000201
3.00000000
3.00000010
3.00000022
3.00000001
3.00000007
3.00000000
3.00000009
3.00000087
3.00000002
3.00000027
3.00000106
3.00000048
3.00000061
3.00000108
3.00000002
3.00000002
3.00000658
3.00000079
3.00000002
3.00000000
3.00000034
3.00000015
3.00000001
3.00000000
3.00000001
3.00000621
3.00000001
3.00000000
3.00000000
3.00000003
3.00000087
3.00000114
3.00000001
3.00000181
3.00000028
3.00000298
3.00000003
3.00000001
3.00000029
3.00000631
3.00000059
3.00000036
3.00000000
3.00000070
3.00000772
3.00000002
3.00000001
3.00000002
3.00000001
3.00000000
3.00000053
3.00000089
3.00000099
3.00000000
3.00000104
3.00000018
3.00000002
3.00000011
3.00000000
3.00000000
3.00000001
3.00000025
3.00000022
3.00000036
3.00000067
3.00000001
3.00000084
3.00000000
3.00000000
3.00000000
3.00000001
3.00000001
3.00000001
3.00000001
3.00000007
3.00000047
3.00000000
3.00000016
3.00000056
3.00000004
3.00000033
3.00000002
3.00000001
3.00000016
3.00000004
3.00002557
3.00000037
3.00000006
3.00000000
3.00000000
3.00000020
3.00000001
3.00000020
3.00000040
3.00000252
3.00000260
3.00000050
3.00000001
3.00000000
3.00000035
3.00000011
3.00000207
3.00000374
3.00000002
3.00000047
3.00000011
3.00000005
3.00000277
3.00000000
3.00000066
3.00000000
3.00000000
3.00000015
3.00004299
3.00000010
3.00000097
3.00000844
3.00000307
3.00000001
3.00000055
3.00000000
3.00000513
3.00000016
3.00000003
3.00000026
3.00000005
3.00000296
3.00000012
3.00000013
3.00000144
3.00000002
3.00000006
3.00002435
3.00000007
3.00000032
3.00000015
3.00000002
3.00001383
3.00000010
3.00000012
3.00000000
3.00000000
3.00000876
3.00000039
3.00000002
3.00000178
3.00000000
3.00000001
3.00000219
3.00000029
3.00000124
3.00000011
3.00000009
3.00000000
3.00000001
3.00000100
3.00000000
3.00000149
3.00000000
3.00001711
3.00000000
3.00000000
3.00000001
3.00000174
3.00000004
3.00000001
3.00002394
3.00000053
3.00000000
3.00000000
3.00000006
3.00000002
3.00000000
3.00000001
3.00000036
3.00000005
3.00000003
3.00000002
3.00000043
3.00000003
3.00000000
3.00000009
3.00000126
3.00000401
3.00000055
3.00000969
3.00000013
3.00000046
3.00000062
3.00000017
3.00000010
3.00000017
3.00000007
3.00000004
3.00000007
3.00000052
3.00000365
3.00000020
3.00000021
3.00000106
3.00000052
3.00000000
3.00000437
3.00000274
3.00000000
3.00000000
3.00000001
3.00000000
3.00000003
3.00000000
3.00000697
3.00000016
3.00000018
3.00000016
3.00000002
3.00000002
3.00000029
3.00000213
3.00000010
3.00000004
3.00000077
3.00001227
3.00000036
3.00000015
3.00000002
3.00000001
3.00000000
3.00000000
3.00000008
3.00000001
3.00000002
3.00000002
3.00000006
3.00000000
3.00000069
3.00000015
3.00000001
3.00000023
3.00000000
3.00000001
3.00000076
3.00000074
3.00000000
3.00000001
3.00000022
3.00000112
3.00000000
3.00000000
3.00000008
3.00000013
3.00000484
3.00000003
3.00000049
3.00000110
3.00000000
3.00000007
3.00000045
3.00000020
3.00000000
3.00000006
3.00000383
3.00000182
3.00000013
3.00000004
3.00000109
20.98614663
29.10873912
28.44959631
26.24914501
28.72589073
25.12715266
27.46253266
27.10044787
24.99527140
20.22641015
26.74734498
21.80631466
28.24815646
26.87761197
28.73972438
28.68907817
29.68617559
26.69323121
24.33457462
25.22841574
27.52169906
28.54656977
27.05872122
28.12592286
23.46484634
28.36763900
27.11007839
28.70284090
27.47972867
25.46530124
27.36122044
26.41980716
29.12096629
28.33828662
27.02664955
28.83140295
26.25349225
28.51784747
25.04763317
24.20727384
27.42642336
27.43043968
27.67695100
23.06980588
28.52036787
28.75785849
26.73054571
23.64841073
26.62573006
27.28100056
25.60923880
27.55413508
29.10765590
27.36061394
24.76586643
29.21013715
27.72850354
26.78428289
28.24482506
25.59938389
28.20475417
28.38142622
24.82165485
23.24270507
28.65432416
26.14938228
23.95119285
24.38499183
28.14213443
25.42960378
24.60589686
28.54321985
26.71860361
28.44799714
26.05806366
24.87374777
27.42333632
24.71381062
24.20339802
29.08373939
27.24380053
28.87248635
28.32728421
25.58737518
25.66781647
22.45598403
23.10638620
25.14508963
26.05789835
26.28206149
27.14584273
27.74331135
25.63302544
28.51424939
26.51966841
29.47073732
28.36780352
24.07677453
24.77605276
27.98378313
26.58900934
28.48757198
26.90417713
27.94264385
23.20418169
22.70753175
28.82647040
26.38946876
28.81197623
25.81478650
25.28030400
22.24947713
27.14967058
26.49236640
24.92463491
26.35667232
27.42337330
27.51443345
27.89411262
27.53185033
26.71245268
24.47009224
26.11408070
24.85978904
24.63450897
26.24948473
28.11762198
28.16254245
27.91424649
27.57781813
28.80962074
24.64908310
25.20076609
28.33580765
27.36135797
25.01095910
25.06397046
25.04189532
25.55251453
28.36805627
28.20230117
28.94769451
28.48965746
26.29021912
26.97099919
27.87956094
25.32549076
24.41094816
25.35527982
25.51989801
21.26904159
23.61662002
29.11644642
26.46974382
27.36983858
27.96667451
29.06545336
26.75864440
24.88841033
27.86243173
28.65418537
23.00105521
26.09280548
28.27631405
27.39903856
28.93182423
27.48955438
28.87628543
26.93495516
28.84704018
26.57851514
27.68425183
26.64738710
28.13933625
27.44963184
28.60806978
23.51968712
29.05841643
25.70570347
26.30560895
28.26251162
27.30522090
24.86442733
28.77644477
26.08162052
28.70895179
28.45134864
27.84039101
26.90386223
28.81019375
27.21078804
28.79950463
20.24162254
28.12572803
26.62131209
28.35736220
25.52887236
27.77258473
27.27714493
26.58419978
28.24655234
28.50627957
27.37259804
26.68035504
27.26684541
27.33179531
27.66476027
28.90764265
28.87496658
23.18066419
29.06034945
26.39079145
28.34973215
29.43543951
26.06539022
28.50584220
28.45365448
24.83286430
28.20234816
28.34229286
29.27474606
26.93545551
25.47956950
21.48330916
28.86905297
28.62668772
27.29695689
27.87347954
27.73305411
26.32119091
27.14749001
27.92828303
27.73013121
23.82684016
25.91492205
22.72071373
26.64687308
28.38010596
28.60867054
27.90075111
28.12050919
28.79137458
23.77608671
29.09779718
28.33198812
27.95731511
28.74716472
28.51301769
27.19804684
23.36916482
3.00000017
3.00000000
3.00000001
3.00000785
3.00000020
3.00000005
3.00000657
3.00000000
3.00000036
3.00000001
3.00000627
3.00000002
3.00000001
3.00000032
3.00000307
3.00000028
3.00000001
3.00000085
3.00000000
3.00000000
3.00000000
3.00000046
3.00000016
3.00000012
3.00000427
3.00000010
3.00000007
3.00000243
3.00000819
3.00000003
3.00000009
3.00000006
3.00000170
3.00000183
3.00000001
3.00000023
3.00000000
3.00000060
3.00000008
3.00000044
3.00000028
3.00000000
3.00000001
3.00000000
3.00000000
3.00000002
3.00000029
3.00000002
3.00000011
3.00000478
3.00000000
3.00000003
3.00000010
3.00000605
3.00000002
3.00000004
3.00000052
3.00000019
3.00000121
3.00000008
3.00000006
3.00000000
3.00000002
3.00000002
3.00000006
3.00000045
3.00000028
3.00000013
3.00000020
3.00000486
3.00000013
3.00000035
3.00000011
3.00000003
3.00000001
3.00000006
3.00000001
3.00000047
3.00000000
3.00000001
3.00000000
3.00000063
3.00000012
3.00000000
3.00000001
3.00000006
3.00000000
3.00000000
3.00000010
3.00000012
3.00000041
3.00000080
3.00000013
3.00001714
3.00000066
3.00000945
3.00000029
3.00000037
3.00000046
3.00000135
3.00000003
3.00000020
3.00000057
3.00000422
3.00000033
3.00000055
3.00000012
3.00001087
3.00000130
3.00000011
3.00000009
3.00000094
3.00000000
3.00000000
3.00000266
3.00000101
3.00000071
3.00000157
3.00003161
3.00000018
3.00000001
3.00000000
3.00000000
3.00000127
3.00000000
3.00000000
3.00000006
3.00000000
3.00000140
3.00000000
3.00000000
3.00000235
3.00000132
3.00000001
3.00000013
3.00000553
3.00000145
3.00000242
3.00000000
3.00000129
3.00000000
3.00000001
3.00000005
3.00000001
3.00000019
3.00000021
3.00000004
3.00000017
3.00000004
3.00000502
3.00000066
3.00000042
3.00000121
3.00000020
3.00000035
3.00000003
3.00000053
3.00000000
3.00000004
3.00000000
3.00000006
3.00000004
3.00000063
3.00002441
3.00000282
3.00001448
3.00000001
3.00000000
3.00000018
3.00002310
3.00000028
3.00000014
3.00000002
3.00000000
3.00000057
3.00000125
3.00000007
3.00000032
3.00000000
3.00000001
3.00000115
3.00000005
3.00000013
3.00000033
3.00000110
3.00000035
3.00000000
3.00000008
3.00000001
3.00000004
3.00000172
3.00000019
3.00000144
3.00000000
3.00000244
3.00000012
3.00000001
3.00000003
3.00000931
3.00000009
3.00000162
3.00000002
3.00000000
3.00000000
3.00000036
3.00000021
3.00000001
3.00000031
3.00000026
3.00000000
3.00000008
3.00000002
3.00000012
3.00000002
3.00000007
3.00000001
3.00000000
3.00000004
3.00000046
3.00000002
3.00000001
3.00000047
3.00000015
3.00000092
3.00000038
3.00000003
3.00001097
3.00002124
3.00000022
3.00000000
3.00000007
3.00001840
3.00000036
3.00000520
3.00000039
3.00000005
3.00000319
3.00000032
3.00000005
3.00000058
3.00000009
3.00000001
3.00000001
3.00000014
3.00001206
3.00000651
3.00000000
3.00000006
3.00000271
3.00000000
3.00000000
3.00000000
3.00000057
3.00000000
3.00000000
3.00000001
3.00000001
3.00000008
3.00000026
3.00000000
3.00000077
3.00000059
3.00000001
3.00000057
3.00001190
3.00000055
3.00000046
3.00001462
3.00000000
3.00000022
3.00000003
3.00000004
3.00000004
3.00000024
3.00000003
3.00000004
3.00000248
3.00000074
3.00000009
3.00000021
3.00000000
3.00000000
3.00000002
3.00000011
3.00000243
3.00000103
3.00001067
3.00000008
3.00000177
3.00000001
3.00000002
3.00000174
3.00000570
3.00000000
3.00000040
3.00000027
3.00000007
3.00000000
3.00000005
3.00000030
3.00000048
3.00000004
3.00000088
3.00000006
3.00000090
3.00000380
3.00000021
3.00000048
3.00000019
3.00000000
3.00000001
3.00000012
3.00000008
3.00000114
3.00000000
3.00000075
3.00003858
3.00000169
3.00000004
3.00000001
3.00000002
3.00000000
3.00000004
3.00000017
3.00000016
3.00000000
3.00000041
3.00000021
3.00000001
3.00000000
3.00000005
3.00000000
3.00000001
3.00000003
3.00000005
3.00000082
3.00000000
3.00000062
3.00000223
3.00000001
3.00000018
3.00000031
3.00000228
3.00000014
3.00000028
3.00000108
3.00000000
3.00000005
3.00000002
3.00000001
3.00000000
3.00000001
3.00000010
3.00001709
3.00000000
3.00000061
3.00000006
3.00000013
3.00000001
3.00000229
3.00000219
3.00000035
3.00000973
3.00000000
3.00000564
3.00000013
3.00000003
3.00000009
3.00000036
3.00000001
3.00000008
3.00000119
3.00000115
3.00000300
3.00000001
3.00000062
3.00000001
3.00000002
3.00000000
3.00000013
3.00000000
3.00000031
3.00000000
3.00000000
3.00000000
3.00000002
3.00000194
3.00000012
3.00000205
3.00000322
3.00000040
3.00000000
3.00000156
3.00000081
3.00000024
3.00000012
3.00000007
3.00000041
3.00000000
3.00001787
3.00000015
3.00000023
3.00000059
3.00000066
3.00000000
3.00000004
3.00000004
3.00000009
3.00000002
3.00000000
3.00000033
3.00000752
3.00000010
3.00000697
3.00000000
3.00000327
3.00000013
3.00000000
3.00000007
3.00000083
3.00000003
3.00000021
3.00000000
3.00000009
3.00000618
3.00000001
3.00000000
3.00000259
3.00000007
3.00003287
3.00000002
3.00000028
3.00000024
3.00000001
3.00000004
3.00000008
3.00000029
3.00000865
3.00000003
3.00000023
3.00000019
3.00000000
3.00000006
3.00000003
3.00000727
3.00000000
3.00000017
3.00002699
3.00000002
3.00000000
3.00000572
3.00000310
3.00000003
3.00000000
3.00000002
3.00000099
3.00002798
3.00000046
3.00000111
3.00000301
3.00000003
3.00000007
3.00000001
3.00000235
3.00000085
3.00000000
3.00000262
3.00000477
3.00000001
3.00000000
3.00000048
3.00000424
3.00000022
3.00000000
3.00000020
3.00000009
3.00000001
3.00000419
3.00000145
3.00000306
3.00000023
3.00000044
3.00000135
3.00000003
3.00000000
3.00000086
3.00000001
3.00000001
3.00000001
3.00000013
3.00000151
3.00000027
3.00000000
3.00000004
3.00000029
3.00000001
3.00000001
3.00000076
3.00000034
3.00000044
3.00000001
3.00000096
3.00001990
3.00000173
3.00000000
3.00000008
3.00000494
3.00000023
3.00000012
3.00000165
3.00000439
3.00000004
3.00000004
3.00000034
3.00000000
3.00000011
3.00000008
3.00000023
3.00000006
3.00000087
3.00000074
3.00000016
3.00000460
3.00000000
3.00000002
3.00000000
3.00000696
3.00000047
3.00002241
3.00000045
3.00000000
3.00000034
3.00000091
3.00000039
3.00000003
3.00000001
3.00000194
3.00000044
3.00000063
3.00000000
3.00000057
3.00000063
3.00000253
3.00000000
3.00001856
3.00000074
3.00000002
3.00000000
3.00002520
3.00001095
3.00000000
3.00000000
3.00000000
3.00000014
3.00000519
3.00000082
3.00000147
3.00000000
3.00000035
3.00000001
3.00000031
3.00000004
3.00000000
3.00000060
3.00000001
3.00000013
3.00000343
3.00000056
3.00000004
3.00000007
3.00000025
3.00000018
3.00000630
3.00000000
3.00000003
3.00000018
3.00000123
3.00001046
3.00000068
3.00000041
3.00000001
3.00000005
3.00000067
3.00000004
3.00001379
3.00000002
3.00000013
3.00000026
3.00000066
3.00000016
3.00000016
3.00000051
3.00000354
3.00000004
3.00002053
3.00000062
3.00000202
3.00000000
3.00000307
3.00000001
3.00000052
3.00000006
3.00000008
3.00000496
3.00000058
3.00000004
3.00000049
3.00000341
3.00000014
3.00000100
3.00000000
3.00000003
3.00000007
3.00000006
3.00000097
3.00000011
3.00000027
3.00000046
3.00000001
3.00000001
3.00000107
3.00000062
3.00000000
3.00000078
3.00000011
3.00000008
3.00000000
3.00000036
3.00000006
3.00000035
3.00000011
3.00000000
3.00000057
3.00000130
3.00000029
3.00000345
3.00000000
3.00000604
3.00000008
3.00000147
3.00000005
3.00000045
3.00000033
3.00000266
3.00000001
3.00000007
3.00000008
3.00000220
3.00000893
3.00000243
3.00000024
3.00000004
3.00000002
3.00000234
3.00000011
3.00006675
3.00000000
3.00000000
3.00000000
3.00000100
3.00000000
3.00000019
3.00000002
3.00000002
3.00000011
3.00000083
3.00000227
3.00000000
3.00000000
3.00000026
3.00000019
3.00000005
3.00000003
3.00000886
3.00000000
3.00000031
3.00000055
3.00000025
3.00000032
3.00000000
3.00000133
3.00000005
3.00000095
3.00000000
3.00000003
3.00000014
3.00000149
3.00000473
3.00000000
3.00000000
3.00000014
3.00000001
3.00000000
3.00000006
3.00000008
3.00000081
3.00000009
3.00000052
3.00000076
3.00000002
3.00000022
3.00000001
3.00001150
3.00003105
3.00000040
3.00000000
3.00000045
3.00000001
3.00000069
3.00004673
3.00000093
3.00000138
3.00000007
3.00000000
3.00000587
3.00000028
3.00000012
3.00000000
3.00000096
3.00000253
3.00000003
3.00000072
3.00000000
3.00000014
3.00000043
3.00000004
3.00000034
3.00000243
3.00000004
3.00000103
3.00000001
3.00000002
3.00000002
3.00000008
3.00000003
3.00000003
3.00000003
3.00000007
3.00000005
3.00000011
3.00000520
3.00000001
3.00000916
3.00000000
3.00000221
3.00000001
3.00000000
3.00000192
3.00000062
3.00000687
3.00000239
3.00000002
3.00000073
3.00000032
3.00000229
3.00000179
3.00000026
3.00000323
3.00000099
3.00000007
3.00000052
3.00000495
3.00000000
3.00000000
3.00000004
3.00000036
3.00000018
3.00000027
3.00000003
3.00000049
3.00000010
3.00000026
3.00000031
3.00000001
3.00000002
3.00000008
3.00000001
3.00000006
3.00000000
3.00000004
3.00000000
3.00000081
3.00000155
3.00000017
3.00000291
3.00000101
3.00000000
3.00000000
3.00000018
3.00000036
3.00000053
3.00000000
3.00000002
3.00000422
3.00000125
3.00000389
3.00000074
3.00000000
3.00000378
3.00000005
3.00000016
3.00000000
3.00000011
3.00000223
3.00000052
3.00000000
3.00000148
3.00000001
3.00003996
3.00000078
3.00000110
3.00000000
3.00000001
3.00000021
3.00000003
3.00000577
3.00000005
3.00000001
3.00000063
3.00000085
3.00000014
3.00000188
3.00000059
3.00000000
3.00000001
3.00000002
3.00000777
3.00000000
3.00000000
3.00000000
3.00000005
3.00000532
3.00000006
3.00000000
3.00000009
3.00000005
3.00000010
3.00000241
3.00000378
3.00000010
3.00000002
3.00000861
3.00000075
3.00000004
3.00000018
3.00000415
3.00000046
3.00000007
3.00000024
3.00000001
3.00000000
3.00000069
3.00000000
3.00000002
3.00000211
3.00000001
3.00000061
3.00000007
3.00000001
3.00000002
3.00000201
3.00000004
3.00000000
3.00000025
3.00000118
3.00000024
3.00000113
3.00000058
3.00000004
3.00000075
3.00000000
3.00000000
3.00000010
3.00000569
3.00000002
3.00000119
3.00000120
3.00000051
3.00000006
3.00000557
3.00000024
3.00000151
3.00000012
3.00000049
3.00000003
3.00000114
3.00000002
3.00000036
3.00000000
3.00000029
3.00000018
3.00001118
3.00000001
3.00000014
3.00000000
3.00000002
3.00000020
3.00000001
3.00000000
3.00000006
3.00000149
3.00000003
3.00000000
3.00000001
3.00000001
3.00000012
3.00000001
3.00000000
3.00000000
3.00000032
3.00000075
3.00000002
3.00000109
3.00000002
3.00000000
3.00000795
3.00000025
3.00000035
3.00000060
3.00000002
3.00000028
3.00000015
3.00000023
3.00000015
3.00000243
3.00000018
3.00000004
3.00000000
3.00000010
3.00000001
3.00000022
3.00000001
3.00000011
3.00000001
3.00000000
3.00000071
3.00000025
3.00000055
3.00000012
3.00000029
3.00000109
3.00000092
3.00000019
3.00000002
3.00000657
3.00000000
3.00000271
3.00000052
3.00000051
3.00000356
3.00000733
3.00000000
3.00003314
3.00000001
3.00000006
3.00000007
3.00000323
3.00000060
3.00000018
3.00000000
3.00000001
3.00000014
3.00000002
3.00000000
3.00000011
3.00000001
3.00000178
3.00000019
3.00000054
3.00000050
3.00000044
3.00000000
3.00000007
3.00000001
3.00000005
3.00000000
3.00000003
3.00000064
3.00000004
3.00000020
3.00000115
3.00000040
3.00000000
3.00000001
3.00000012
3.00000031
3.00000166
3.00000034
3.00000000
3.00000004
3.00000024
3.00000004
3.00000019
3.00000060
3.00000019
3.00000000
3.00000008
3.00000000
3.00000042
3.00000040
3.00000004
3.00000967
3.00000075
3.00000000
3.00000007
3.00000106
3.00000055
3.00000004
3.00000225
3.00000000
3.00000005
3.00000013
3.00000003
3.00000000
3.00000006
3.00000015
3.00000003
3.00000029
3.00000408
3.00000212
3.00000000
3.00000006
3.00000000
3.00001352
3.00000014
3.00000012
3.00000007
3.00000003
3.00000320
3.00000000
3.00000473
3.00000002
3.00000023
3.00000002
3.00000003
3.00000000
3.00000004
3.00000000
3.00000011
3.00000001
3.00000593
3.00000000
3.00000000
3.00000000
3.00000242
3.00000109
3.00000390
3.00000002
3.00000044
3.00000207
26.18672053
23.92101201
27.02809890
24.27964601
26.83087293
29.11833552
28.66865986
26.75817431
28.19987983
23.10329209
26.65604582
24.93321872
28.09731193
24.86722329
24.07048914
26.94393778
28.53815279
26.91212199
27.63641313
17.71131707
27.17068540
24.53341565
27.34231615
27.63042386
28.29149008
28.04859521
19.16143555
24.06545931
21.34321108
24.46158064
25.09205209
24.85269349
29.35383375
29.09450677
25.21890055
24.89588695
27.65113165
25.73635247
28.64461486
28.23067576
28.45288261
26.74081291
26.03662215
28.65829208
23.86794931
23.26052427
22.66151754
24.72144831
27.50232949
29.15306224
27.05358944
26.76197374
27.72370018
27.29333825
28.44102169
28.29438732
27.83403854
28.28300001
27.60189264
25.44094009
28.57289414
28.25757545
24.86836088
25.41291144
28.06508551
21.60177454
25.65183263
28.09452830
24.09690666
28.89537720
27.58712864
26.64606898
28.27882701
25.45098721
26.61899879
28.80428115
26.12548768
27.45517597
27.30537442
26.20736296
27.12268421
26.40191751
24.59094304
26.31526798
27.27288134
27.74953875
27.34317687
28.54067256
28.18690380
29.35704201
25.50295066
27.20999158
27.57478032
26.65023652
26.66438393
27.94310350
26.39285608
27.48920317
27.35257527
24.21481842
27.17020695
24.14065562
27.18493406
25.77986595
28.52887733
26.02199240
26.57429174
27.93414414
23.85454476
28.24931069
24.36742068
26.58292979
27.77667137
26.87754798
28.13035978
28.62138844
27.60418646
23.56241782
28.42177016
24.02145402
28.73336767
26.32656294
25.89999119
26.40195226
28.13138446
28.88712788
17.32113014
26.38410122
27.59526398
22.09655775
27.19017630
25.24821915
27.93407260
28.44672691
21.41223037
25.06668661
26.04335579
26.15634751
27.29728499
27.23578428
28.67196324
23.89591377
25.24224797
19.05435732
29.51634034
27.43279856
26.53897823
21.79537964
26.59454266
26.69777245
28.07740822
26.28362126
26.15274476
26.90373203
29.35863311
25.82305596
25.99632975
27.23136545
27.25060187
26.60117927
23.16624657
26.29847771
27.51531396
23.23577179
22.55580787
19.96366248
28.81845783
24.51101191
26.18396641
27.29853968
26.86457801
28.95232570
23.96239313
26.41399238
28.45193521
26.41279210
27.26851217
27.86106500
25.09027709
24.88851512
28.59849638
18.61495161
24.27312871
26.20090853
28.09097498
29.35622837
21.01427416
26.58900767
23.16725359
24.45825329
28.58014882
26.04999092
25.50569261
22.87298520
28.63903235
22.46265059
27.34380083
26.02727283
25.71835377
25.24506728
3.00000376
3.00000002
3.00000003
3.00000015
3.00000003
3.00000118
3.00001619
3.00000008
3.00000002
3.00000006
3.00000001
3.00000011
3.00000001
3.00000000
3.00000029
3.00000017
3.00000014
3.00000000
3.00000000
3.00000026
3.00000012
3.00000019
3.00000001
3.00000064
3.00000001
3.00000000
3.00000045
3.00000090
3.00000559
3.00000037
3.00000150
3.00000169
3.00000020
3.00000001
3.00000422
3.00000000
3.00000020
3.00000000
3.00000012
3.00000004
3.00000007
3.00000021
3.00004886
3.00000049
3.00000034
3.00000000
3.00000293
3.00000000
3.00000001
3.00000011
3.00000000
3.00000025
3.00000008
3.00000001
3.00000123
3.00000001
3.00000031
3.00000001
3.00000000
3.00000174
3.00000003
3.00000017
3.00000000
3.00000228
3.00000014
3.00000007
3.00000038
3.00000009
3.00000000
3.00000096
3.00000000
3.00000012
3.00000001
3.00000290
3.00000018
3.00000057
3.00001818
3.00000179
3.00000004
3.00000010
3.00000024
3.00000065
3.00000003
3.00000049
3.00000119
3.00000034
3.00000000
3.00000030
3.00000012
3.00000004
3.00000138
3.00000003
3.00000006
3.00000009
3.00000053
3.00000000
3.00000035
3.00000009
3.00000000
3.00000000
3.00000010
3.00000684
3.00000045
3.00000000
3.00000000
3.00000000
3.00000054
3.00000030
3.00000086
3.00000058
3.00000849
3.00000004
3.00000000
3.00000000
3.00000005
3.00000010
3.00000000
3.00000001
3.00000012
3.00000000
3.00000000
3.00000031
3.00000011
3.00000013
3.00000535
3.00000026
3.00000005
3.00000113
3.00000000
3.00000007
3.00000429
3.00000483
3.00000001
3.00000005
3.00000273
3.00000026
3.00000002
3.00000000
3.00000008
3.00000018
3.00000001
3.00000038
3.00000000
3.00000023
3.00000000
3.00000001
3.00000126
3.00000008
3.00000001
3.00000001
3.00000002
3.00000015
3.00000004
3.00000001
3.00000000
3.00000044
3.00000000
3.00000024
3.00000214
3.00000003
3.00000205
3.00002770
3.00000148
3.00001068
3.00000002
3.00000081
3.00000003
3.00000031
3.00000003
3.00000074
3.00000014
3.00000000
3.00000001
3.00000004
3.00000006
3.00000056
3.00000001
3.00000000
3.00000552
3.00000005
3.00000004
3.00000100
3.00000034
3.00000271
3.00000016
3.00000010
3.00000021
3.00000246
3.00000008
3.00000018
3.00000240
3.00000024
3.00000012
3.00000041
3.00000000
3.00000030
3.00000002
3.00000012
3.00000000
3.00000020
3.00000023
3.00000002
3.00000017
3.00000812
3.00000007
3.00000001
3.00000000
3.00000003
3.00000146
3.00000084
3.00000542
3.00000005
3.00000000
3.00000001
3.00000012
3.00000002
3.00000000
3.00000001
3.00000050
3.00000019
3.00000058
3.00000019
3.00000005
3.00000008
3.00000018
3.00000039
3.00000272
3.00000063
3.00000005
3.00000120
3.00000035
3.00000365
3.00000046
3.00000001
3.00000061
3.00000045
3.00000019
3.00000009
3.00000096
3.00000002
3.00000090
3.00000001
3.00000002
3.00000000
3.00000139
3.00000034
3.00000109
3.00000037
3.00000002
3.00000000
3.00000068
3.00000041
3.00000070
3.00000004
3.00000012
3.00000006
3.00000028
3.00000017
3.00000001
3.00000047
3.00000017
3.00000000
3.00000062
3.00000019
3.00000289
3.00000000
3.00000004
3.00000008
3.00000073
3.00000191
3.00000099
3.00000100
3.00000040
3.00000000
3.00000001
3.00000016
3.00005118
3.00001288
3.00000016
3.00000091
3.00000000
3.00000092
3.00000000
3.00000000
3.00000021
3.00000007
3.00000006
3.00000001
3.00000005
3.00000011
3.00000019
3.00000014
3.00000000
3.00000000
3.00000000
3.00000006
3.00000042
3.00000000
3.00000217
3.00000011
3.00000002
3.00001050
3.00000009
3.00000013
3.00000173
3.00000002
3.00000042
3.00000079
3.00000374
3.00000000
3.00000007
3.00000023
3.00000001
3.00000000
3.00000004
3.00000008
3.00000000
3.00000001
3.00000046
3.00000041
3.00000007
3.00000005
3.00000001
3.00000048
3.00000033
3.00000066
3.00003933
3.00000051
3.00000035
3.00000001
3.00000208
3.00000077
3.00000076
3.00000125
3.00000001
3.00000707
3.00000063
3.00000002
3.00000292
3.00000454
3.00000001
3.00000092
3.00000174
3.00000001
3.00000010
3.00000037
3.00005414
3.00000305
3.00000149
3.00000001
3.00000299
3.00000000
3.00000001
3.00000004
3.00000038
3.00000001
3.00000000
3.00000062
3.00000006
3.00000002
3.00000007
3.00000007
3.00000022
3.00000006
3.00000598
3.00000134
3.00000002
3.00000001
3.00000001
3.00000007
3.00000019
3.00000014
3.00000071
3.00000128
3.00000159
3.00000092
3.00000000
3.00001360
3.00000000
3.00000057
3.00000006
3.00000063
3.00000000
3.00000000
3.00000001
3.00000033
3.00000050
3.00000028
3.00000058
3.00000000
3.00000063
3.00000074
3.00000074
3.00000000
3.00000027
3.00000000
3.00000001
3.00000146
3.00000033
3.00000036
3.00000008
3.00000690
3.00000007
3.00000177
3.00000008
3.00000040
3.00000000
3.00000000
3.00000174
3.00000060
3.00000004
3.00000002
3.00000026
3.00000001
3.00000005
3.00000056
3.00000003
3.00000000
3.00000103
3.00000015
3.00000015
3.00000111
3.00000001
3.00000069
3.00000011
3.00000002
3.00000012
3.00000001
3.00000789
3.00000014
3.00000011
3.00000042
3.00000001
3.00000002
3.00000041
3.00000030
3.00000058
3.00000118
3.00000001
3.00000265
3.00000297
3.00000004
3.00000024
3.00000017
3.00000035
3.00001303
3.00000000
3.00000114
3.00000019
3.00000000
3.00000006
3.00000075
3.00000000
3.00000003
3.00000362
3.00000110
3.00000006
3.00000000
3.00000013
3.00000004
3.00000000
3.00000174
3.00000202
3.00000000
3.00000000
3.00000000
3.00000017
3.00000170
3.00000069
3.00000001
3.00000157
3.00000000
3.00000000
3.00000016
3.00000000
3.00000016
3.00000002
3.00000001
3.00000002
3.00000000
3.00000000
3.00000011
3.00000004
3.00000078
3.00000004
3.00000020
3.00000098
3.00000030
3.00000001
3.00000031
3.00000032
3.00000053
3.00000005
3.00000285
3.00000007
3.00000016
3.00000004
3.00000200
3.00000012
3.00004583
3.00000000
3.00000002
3.00000002
3.00000001
3.00000015
3.00000000
3.00000000
3.00000008
3.00000109
3.00000008
3.00000042
3.00000126
3.00000007
3.00000007
3.00000080
3.00000036
3.00000068
3.00000209
3.00000015
3.00000006
3.00000000
3.00000000
3.00000000
3.00000058
3.00000100
3.00000109
3.00000008
3.00000044
3.00000259
3.00000001
3.00000017
3.00000026
3.00000053
3.00000000
3.00000037
3.00000002
3.00000152
3.00000142
3.00000002
3.00000000
3.00000176
3.00000010
3.00000009
3.00000046
3.00000004
3.00000000
3.00000004
3.00000043
3.00000171
3.00000001
3.00000000
3.00000000
3.00000159
3.00000006
3.00000046
3.00000000
3.00000000
3.00000096
3.00000015
3.00000244
3.00000057
3.00000004
3.00000002
3.00000003
3.00000071
3.00000004
3.00000002
3.00000317
3.00000004
3.00000001
3.00000015
3.00000000
3.00000347
3.00000000
3.00000010
3.00000002
3.00000759
3.00000158
3.00000033
3.00000032
3.00000143
3.00000063
3.00000009
3.00000000
3.00000554
3.00000000
3.00000088
3.00000097
3.00000010
3.00000001
3.00000004
3.00000017
3.00000000
3.00000001
3.00000547
3.00000004
3.00000014
3.00000023
3.00000447
3.00000007
3.00000000
3.00000162
3.00000008
3.00000112
3.00001685
3.00000315
3.00000005
3.00000010
3.00000032
3.00000000
3.00000000
3.00000001
3.00000082
3.00000008
3.00000000
3.00000012
3.00000008
3.00000001
3.00000003
3.00000001
3.00000070
3.00001980
3.00000004
3.00000001
3.00000000
3.00000017
3.00000000
3.00000007
3.00000001
3.00000000
3.00000050
3.00000006
3.00000036
3.00000004
3.00000007
3.00000173
3.00000002
3.00000022
3.00000005
3.00000000
3.00000037
3.00000012
3.00000047
3.00000010
