0.10489083
0.44403067
0.49850645
0.43254319
0.36322389
0.28067746
0.13064159
0.80607930
0.54812546
0.55222171
0.66331443
0.29745208
0.09530987
0.57134035
0.23931379
0.50722004
0.77400608
0.45945317
0.05803881
0.56013664
0.44661625
0.75510390
0.44907427
0.82221102
0.74987855
0.43824326
1.12803123
0.78244476
0.79921743
0.56211800
0.50865277
0.43806556
1.09761136
0.25406619
0.51219192
0.39068598
0.32669047
0.41262080
0.27704283
0.67777963
0.53328630
0.26310536
0.60982855
0.63224058
0.41004265
0.49540068
0.36774356
0.15890579
0.67301658
0.79459610
0.59963056
0.53157439
0.11189275
0.60722880
0.67437007
0.53151824
0.60993405
0.80829272
0.74723202
0.67718210
0.41846583
0.50438325
0.77817804
0.49070845
0.55878703
0.47104659
0.90789375
0.19535785
0.73680921
0.44346965
0.83542158
0.41596934
0.34535098
0.19903255
0.45034189
0.46698980
0.64780115
0.45531186
0.57331998
0.44031889
0.90609473
0.65275839
0.48252752
0.14786457
0.68318054
0.47404901
0.23388474
0.24486418
0.34997888
0.92231656
0.33637905
0.54932282
0.65052690
0.44765600
0.32256553
0.36780226
0.60947056
0.73847632
0.38593122
0.82363771
0.44478131
0.75258203
0.70402711
0.61337022
0.83985775
0.32604789
0.69490643
0.58212449
0.21713577
0.31889229
0.46476168
0.39241997
0.26510588
0.30997934
0.72827611
0.92441290
0.62102867
0.31244674
0.62634075
0.32112784
1.06003662
0.53844778
0.49930925
0.51527969
0.58854229
0.32187554
0.29950460
0.97443649
0.69673415
0.51719025
0.30141097
0.37611656
0.48312004
0.40569058
0.38380423
0.41811694
0.22442606
0.28163739
0.82513538
0.33636251
0.62362516
0.25203294
0.55970248
0.51836048
0.28792992
0.58201856
0.41180338
0.61807631
0.52350088
0.43381198
0.35602130
0.46791116
0.86194161
0.18131568
0.22557729
0.63834899
0.12407046
1.20890663
0.43308477
1.00572961
0.77796444
0.15783562
0.31776972
0.44979927
0.19902548
0.28194111
0.76732531
0.18551751
0.19394025
0.35772268
0.46591083
0.10464186
0.67896705
0.13102438
0.26857442
0.74547503
0.40042773
0.73800051
0.49002613
0.60916087
0.73903832
0.74236651
0.19064928
0.37222515
0.48201118
0.30834233
0.42020894
0.74077921
0.85266670
0.35448337
0.67585873
0.50715841
0.35861525
0.32176041
0.65393687
1.20220372
0.09023817
0.46174362
0.09475818
0.47833349
0.30676377
0.42097855
0.64402400
0.29088638
0.43728430
0.75935331
0.07717219
0.25387150
0.40097743
0.56948374
0.42675875
0.40942101
0.90813044
1.01963623
0.64264942
0.70949810
0.35526102
0.52640120
0.54642733
0.46574595
0.95094284
0.44407333
0.66713218
0.62257380
0.66931834
0.48589804
0.63011663
0.48060693
0.53257902
0.87954352
0.09201673
0.56963705
0.37382364
0.59527542
0.65293749
0.54364110
0.48035369
0.52583639
0.73758705
0.42016611
0.54485374
0.53739341
0.25483119
0.76975101
0.69777989
0.60566426
0.59086497
0.34056019
0.24618197
0.68701366
0.41495594
0.38881878
0.05255231
0.31165465
0.73744797
0.69869120
0.29152498
0.30707313
0.48925796
0.36093501
0.64136168
0.25841876
0.57304878
0.24177253
0.51913619
0.24392613
0.54518469
0.68256410
0.64745385
0.53511243
0.35302385
0.88487919
0.23014342
0.84007545
0.40215840
0.43647347
0.19629839
0.13155333
0.22416221
0.25423567
0.91321253
0.54494930
0.68217555
0.38166594
0.53755028
0.18647526
0.45023485
0.51866207
0.50257747
0.44643205
0.48938564
0.26190732
0.36103027
0.61039281
0.36898835
0.54029231
0.24322689
0.64050101
0.31375926
0.61914565
0.10382211
0.28995503
0.30124232
1.00555588
0.26084814
0.20659808
0.33800075
0.46052325
0.85082253
0.38292741
0.76764348
0.27217303
0.39233745
0.55396087
0.26935448
0.37202646
0.56684210
0.71666491
0.24335860
0.24934353
0.49397350
0.29096120
0.40865459
0.66439619
0.20920601
0.39593792
0.37935539
0.38062597
0.35889507
0.49830439
0.53113393
0.44546794
0.33175477
0.24090805
0.54834319
0.24148067
0.30434311
0.28581020
0.46293045
0.70018313
0.43325574
0.69894162
0.41378354
0.31666162
0.53662124
0.43144607
0.41218083
0.40462258
0.58765562
0.63378216
0.72486841
0.61927101
0.77523423
0.37940975
0.64031039
0.37648089
0.70560879
0.63991984
0.79005936
0.37420473
0.55749952
0.61401129
0.74550487
0.40670967
0.49171052
0.58013383
0.53464235
0.52222994
0.54972428
0.36538857
0.46422756
0.57113868
0.42723975
0.27358737
0.27793996
0.31343545
0.52636996
0.35789533
0.39570301
0.77308161
0.59690480
0.31430960
0.27709398
0.44656385
0.58213380
0.10401290
0.57331753
0.43968817
0.15823630
0.57855009
0.31735883
0.68807693
0.31173421
0.57000470
0.41507206
0.68686389
0.10759546
0.17931569
0.77040719
0.65579106
0.40474543
0.65955462
0.23012129
0.47081355
0.25091184
1.08589479
0.53731117
0.53303318
0.36508368
0.51893331
0.60948784
0.50903375
0.53848286
0.44499551
0.49178336
0.26574089
0.40167528
0.87382419
0.52184059
0.08376934
0.09573710
0.44593918
0.40510438
0.68145850
0.73281387
0.33801000
1.06501321
0.59061336
0.54741341
0.25049533
0.50308099
0.39552731
0.62367614
0.59930754
0.32909430
0.87816132
0.48968345
0.32755268
0.57297171
0.25931707
0.50424805
0.31772097
0.38203493
0.20020838
0.42822582
0.49506950
0.49063308
0.80723791
0.81485011
0.55868646
0.49920152
0.59764115
0.60629234
0.55671434
0.74325641
0.57039600
0.26278871
0.52771868
0.55391255
0.69900526
0.32950671
0.36267544
0.06333217
0.31420566
0.27844237
0.58450207
0.48693063
0.38749076
0.63815892
0.52359888
0.83094856
0.35266986
0.50258602
0.64029233
0.14162281
0.35821237
0.71941051
0.65557275
0.60970771
0.72966453
0.55827825
0.32696140
0.41550052
0.15941998
0.09219051
0.73225018
0.20769846
0.66062006
0.43264381
0.41527245
0.37210269
0.63381180
0.27988346
0.04418630
0.62135069
0.24883956
0.15268218
0.73938789
0.39227617
0.35970220
0.29610502
0.17884787
0.74943352
1.09938340
0.64584597
1.05039458
0.90580270
0.30764515
0.42443666
0.30226799
0.53867415
0.43996823
0.54911608
0.38118275
0.33318496
0.62901271
0.22487779
0.60681144
0.64988720
0.91712653
0.92989219
0.51644803
0.28937803
0.41966769
0.28323934
0.50543636
0.63689793
0.64770049
0.08122766
0.51624196
0.56578795
0.61303370
0.38558132
0.37243891
0.54403485
0.34244806
0.56740610
0.52344112
0.23327055
0.66620144
0.47763253
0.32061121
0.41158044
0.59925814
0.27367205
0.46637998
0.93534657
0.14741524
0.36600579
0.99955573
0.20352609
0.23467697
1.08017919
1.05890006
1.22025174
0.34464085
0.73629829
0.38987539
0.37120962
0.50326228
0.45333896
1.18061721
0.61621776
0.48893577
0.56908851
0.27703496
0.60420472
0.11884234
0.70697652
0.28208373
0.64140826
0.20172984
0.27690872
0.07196442
0.64704516
0.50812345
0.37509776
0.24808888
0.58349144
0.28221553
0.75761488
0.31702887
0.59308634
0.58735692
0.24675052
0.21076564
0.40540723
0.41443125
0.51946229
0.29158371
0.34083373
0.39737033
0.31127321
0.29307445
0.51699983
0.48213773
0.60170852
0.26196290
0.68712627
0.52351297
0.59593036
0.89613593
0.57801932
0.28285966
0.56495412
0.22581656
0.75383357
0.59370231
0.08177338
0.26873458
1.06669350
0.28159421
0.14184220
0.23306119
0.33220754
0.49804394
0.33429224
0.39131954
1.02765173
0.63343328
0.60007278
0.66745108
0.52437312
0.40085966
0.62750366
0.33365852
0.42695675
0.56462345
0.09801730
0.44976977
0.89856042
0.98216032
0.57021522
0.48179669
0.50151968
0.27990425
0.35596698
0.16792979
0.50388365
1.05552453
0.60432709
0.21037455
0.41642207
0.49576909
0.29694062
0.45604604
0.34411193
0.12666967
0.54608238
0.31753405
0.73294735
0.71841372
0.42372627
0.40956769
0.44179975
0.51459942
0.45419585
0.78164684
0.82890044
0.44625859
0.36633397
0.82684248
0.34713003
0.30376469
0.54497206
0.45146311
0.40573324
0.30673146
0.39561484
0.51177247
0.64403704
0.58802248
0.94708077
1.11054926
0.13522647
0.37938609
0.42378559
0.58964210
0.68832826
0.36153172
0.53128730
0.47901973
0.83863396
0.75419597
0.31957712
0.40923566
0.27182773
0.32881548
0.44008596
0.20009419
0.57102828
0.72553551
0.71209886
0.29517507
1.13012899
0.44931452
0.83960015
0.61364166
0.59454873
0.64534677
0.62916170
0.64892391
0.57139538
0.65166141
0.29434233
0.61854531
0.18338426
0.33078465
0.33233720
0.53872678
0.42754585
0.11096869
0.35289934
0.23809711
1.08024339
0.24425607
0.72787015
0.32361570
1.18946452
0.52915108
0.18109333
0.99334011
0.60403455
0.60328718
0.40087393
0.28112309
1.01275114
0.84277588
0.65941824
0.39636898
0.54093098
0.77677164
0.76705509
0.44677120
0.84692123
0.73667641
0.59192053
0.11341931
0.66906873
0.64684428
0.40796925
0.38106712
1.12875137
0.70634136
0.33630538
0.77536822
0.62482646
0.85176237
1.00200885
1.42540854
0.39759447
0.50150306
1.57582943
1.35674837
0.51510341
1.24141201
0.75491426
0.80487556
0.99036300
0.25370321
1.64247408
0.34884921
1.35410079
0.59472196
1.43100290
0.83840951
1.25709746
0.72988662
1.22496075
1.04280802
0.25168688
1.84971342
0.73881605
0.95401045
1.54079239
2.27754032
1.13937174
1.41617713
0.59070656
0.98475910
1.23329658
1.69783466
1.56289927
1.41994983
0.89549798
1.50726783
0.97397718
0.55427791
1.00157838
1.09424445
1.19918689
1.14781898
1.81889553
0.88907516
0.75118606
1.52745477
2.25678863
0.91269186
0.82265431
2.58969377
0.50715772
0.94425511
1.26568668
1.48176266
1.93590172
1.32269387
0.97650730
1.71369202
1.26204478
1.87490905
0.14360616
1.04682211
2.22646614
2.20749812
3.06394502
1.67956765
3.61730952
3.07996050
2.64551087
1.28985861
1.49393427
0.96732221
1.10964714
3.17916434
3.25735395
1.20266088
3.52961926
3.92048624
1.80118344
1.81757762
2.36067845
2.86841357
1.77500830
2.52612597
2.66620657
4.59567078
3.03905933
2.55757229
3.97018731
0.86222764
3.55441580
0.59031969
1.16637952
2.83038906
2.53308607
2.42291989
3.82049277
5.53881271
2.76217028
2.91890296
5.43010136
4.44568206
0.56189256
4.47779426
1.26907332
1.29349189
3.06563057
3.54455482
2.84654579
1.68607989
4.89514605
1.89599143
1.82560986
2.50339007
3.87868401
3.83010175
3.71123161
3.83729451
3.84059286
3.39068827
2.83929946
4.76372889
2.34215462
2.31635981
1.09246753
2.84235396
6.79525698
4.75937208
2.84868987
2.35591473
5.47187799
4.10355035
1.25722033
1.60592317
1.91779504
4.68942634
2.91269981
2.61037358
5.36136311
1.86628176
1.16691576
2.97704928
1.49070394
3.46018438
3.24650610
3.66306076
3.97400161
6.74533959
5.85693278
5.66862962
4.92882260
4.18827199
2.83090241
6.65000435
2.97360325
6.00194766
3.78180760
2.05623339
6.71126140
3.87324811
2.38980726
5.77397453
5.98537223
2.19966360
5.74434465
4.85916823
6.53506593
6.67107366
4.10844159
5.27606271
2.93916210
6.46445937
2.32549414
0.84552681
5.75578492
4.05993119
1.98304091
5.40865482
2.63914613
5.03163521
5.80855772
6.26762289
6.11248184
4.01446295
3.20453073
5.10019386
6.25783145
1.85748241
7.32125491
3.05902359
1.87370233
8.63534650
3.66888362
1.91789918
7.08430570
2.01716519
4.50958582
4.20324721
1.21906904
4.60979147
4.15310184
3.20515250
3.08419082
1.35501537
3.49344643
3.59234244
1.53310024
3.56301738
4.10260173
8.64604198
4.03953646
8.48731325
7.01901712
3.19091121
5.31131221
4.16540088
3.42887975
3.56500813
4.42522361
6.78023199
2.13522051
6.04136724
5.63700917
4.69262329
4.74920593
3.31959465
7.42718335
8.96708324
8.75760769
2.99968165
5.02124226
6.55956773
5.78691309
5.70590967
5.31911310
5.07930446
1.56992549
8.44397719
0.27941337
2.44858270
6.40990254
4.03343693
3.02950796
2.37286595
4.28248022
4.47067532
0.91445391
5.29931961
3.29725678
5.79918976
3.90383550
6.48291208
3.08598117
8.37012785
4.74379771
5.98709639
2.57516886
2.53751374
6.19533422
2.98923700
2.35001218
3.75930531
0.70385851
5.69468743
4.48994535
3.98964990
1.66304417
3.76798675
9.88197558
3.09560922
7.14276115
7.24533965
5.09062083
4.86612051
4.73862947
2.04884593
6.19709017
3.92908143
0.87684475
3.32861653
2.73049002
2.28566802
1.85315510
1.75412275
2.85235512
6.10406754
4.97034274
1.10379069
2.22350846
5.04619267
2.90253789
7.28284963
7.29076224
3.56444090
5.67148671
1.15036913
7.68761047
4.24124388
3.29644676
5.02018045
2.84918725
2.70808498
4.33256336
4.60364839
2.94909478
8.27088890
7.34557101
3.69482722
3.11736852
4.20790046
5.32639459
4.21760461
1.57999523
7.29957176
6.38640645
1.47052501
5.33810069
2.25543094
4.79529236
1.86805235
4.57520469
7.62010012
2.72584304
3.95131659
2.01806626
3.40737373
6.54760464
4.52167698
2.98587348
3.45592921
5.07716654
4.43897269
5.72165582
4.73420220
8.13287429
4.90344616
6.01977577
9.41967507
3.70630481
4.69807003
3.77390423
3.26691386
4.66434804
8.85631230
3.54975354
11.12663125
1.91112079
1.45503587
2.83538836
3.98672947
7.20792148
5.67588760
6.34433164
3.21473132
5.66015973
2.12381908
6.63989023
5.75063748
6.64708964
4.04843835
2.90832194
3.92889803
3.57453552
3.94661086
7.94092257
3.68435018
1.68612129
5.82937853
2.24752784
1.89976227
2.74999737
8.85345192
6.73513356
2.90944440
5.23912348
3.77658736
7.27303737
4.09096022
2.71516071
4.25553274
3.46165067
4.49099647
4.37420376
11.52418042
7.30531445
1.85480454
2.24205592
3.49203568
8.11713051
3.17451864
3.63388627
5.67522187
6.90720004
7.25010218
3.92646895
4.30922000
4.31627357
6.72784004
1.93756157
9.34706411
2.52129591
4.62588428
5.67265944
5.15634180
4.34876884
3.44100150
8.54332303
6.92512911
7.91324261
5.89091475
6.72230993
7.05352507
3.30303048
6.12443789
5.55025724
2.67339023
5.11447349
7.03210279
7.30871071
6.00240989
4.28058182
6.71645771
4.06406423
1.53106853
3.78703115
5.72683263
3.98195210
6.19919211
7.03440129
6.61405266
8.09340277
3.44271520
9.87809977
5.81236814
4.31384303
5.43949651
2.66113655
12.98258653
6.35705451
3.37143602
8.73975884
6.35932322
1.44406590
8.71159886
2.92641413
6.15168779
6.49993523
6.55296272
4.85379166
5.69892620
2.53734300
3.30545951
8.45100128
3.82142468
4.06976293
6.09610131
3.52651958
8.71864089
7.13839073
3.48424252
6.94675626
8.76927560
3.17537957
6.22840174
6.62933374
4.68337788
3.35453694
2.64610963
8.47968667
1.98148944
10.56217086
6.53474715
5.10684694
7.00143944
8.53049457
1.88752467
4.91938309
3.73295569
6.64089207
5.54641411
5.41479462
5.59788265
3.71200400
6.80863668
5.47261622
5.72210137
10.30060480
8.92936271
4.65824810
6.33344136
1.38635994
4.18296965
8.26729089
4.94706967
3.84378507
5.93562292
5.68125771
6.36658989
3.78721834
4.86819422
3.30169027
6.58637227
5.45216703
6.86152859
5.76382375
3.59117208
5.95041406
7.12895874
4.19645915
9.38361978
3.77927168
7.99355633
4.71457933
5.18636413
5.81273610
2.80981683
6.92670381
6.78631920
3.88616037
7.60569706
3.58764557
9.37686954
7.66329042
9.31139600
5.84673388
4.40268808
4.24654015
5.66523298
2.95543839
5.54559030
7.89219511
3.40212048
8.93300236
6.72617566
1.28633391
3.83878272
6.47043236
6.09957789
2.39042435
4.39776008
6.52635187
1.38787328
2.18707359
2.52580777
1.86282905
3.49824390
5.25455980
8.67254777
5.66532827
3.29677292
6.66309394
7.06880693
7.82356985
6.04186922
6.79102437
4.88603036
6.29646577
2.60196032
6.41781224
10.44820994
1.92267661
6.14201206
8.91755972
4.77344606
3.14517552
6.12535010
4.02472468
3.16661500
5.13966658
5.76835489
2.11645337
5.32983719
3.74359428
6.24616701
1.45578461
7.60736767
5.95006148
5.85733171
3.50490296
2.45991010
2.25337468
6.01855789
3.02286094
3.06671787
2.85576343
6.67474243
5.20557890
6.90078348
3.08232780
2.04100541
4.69547244
3.48751611
10.26202131
3.88535344
5.82139683
6.56129863
8.86390386
2.89084629
3.87983482
4.27582234
5.16620287
2.02415448
4.25258761
8.57567220
2.55085733
6.52200376
3.20345546
8.56427980
4.10157187
5.18168308
4.77680968
5.17049316
8.06549738
2.08665635
3.48145243
5.64074460
6.18473923
1.34791297
3.07210068
4.46364615
7.56731294
1.17118905
5.07216020
3.50568754
6.16306405
7.12006114
8.96865440
7.73596595
3.82138799
4.78708511
3.13935405
4.91838936
4.22280411
2.69684867
5.20641034
9.61596905
7.37971056
2.87172673
3.71264869
0.87472310
3.34628095
3.42588482
4.67184135
3.42622633
3.76078750
5.75055479
1.39635882
6.10404082
4.26766102
4.72647290
5.28939399
4.73544607
2.00783630
2.32039250
2.15575140
5.21083590
2.94995231
4.42666844
3.16126392
3.21757617
5.94904888
3.31335646
5.52336784
2.73914607
2.44837385
1.14199590
5.63903460
4.75543927
4.64551422
5.42936854
3.87022213
2.55601011
5.68828009
7.74621753
4.44030229
4.05894999
2.64683429
5.55935279
8.67343757
2.20293571
3.03833093
3.62025585
4.38842974
3.60967667
3.68544348
4.57124607
3.18233228
7.47658682
6.85134312
2.83803711
4.40488047
6.44472184
4.83964879
1.83219711
1.51438338
6.72468697
4.44049104
3.89487922
6.42756594
1.13981561
4.91011285
3.30340596
0.73315132
3.27161030
6.08942638
2.40727039
5.93209011
4.60126161
4.94490809
3.15090848
6.04314830
5.65795706
4.33698738
4.17566231
7.78038030
4.13807906
5.47433361
4.30561178
5.09381272
4.54087538
6.74890980
1.91569477
7.53284391
2.39113326
3.52900189
3.83111262
6.31867791
3.72780787
5.83118529
7.84823045
1.60296761
4.91215568
4.77686998
5.61307681
1.41931565
3.18239277
5.34979725
7.73943501
5.08543494
3.85375698
5.60591736
4.43850739
5.05134280
3.31058260
2.71375735
3.47814677
7.46971108
6.90070722
4.01449295
4.51194094
7.63514791
4.41652888
5.56111767
4.14003180
2.63387922
6.66340215
5.32414537
2.76414980
4.87749833
1.67436509
7.14082527
2.24321709
3.89989751
0.83725044
3.72197805
4.50274436
4.29798875
5.28917281
4.06727696
4.46074114
3.34342875
5.26309723
3.27560586
3.79591219
3.56156346
1.64437682
1.77344996
4.51408919
4.27414725
2.97548188
5.60181886
2.20275105
1.95535571
5.19678858
2.49065980
3.41499864
4.21517331
2.63205442
2.46843403
5.03152522
6.92582660
5.42897533
0.32614969
5.30120678
3.39131624
3.76054582
2.99234023
2.18012803
3.19176681
2.47372887
1.18614101
1.57270708
0.72739313
4.79560846
3.67609019
5.42664824
4.73415563
4.58226479
1.55134898
1.39504366
3.28756693
0.83623638
2.77769941
2.97520471
4.03954084
3.32494814
1.98330720
1.14402006
3.08425940
0.60768399
3.95890972
3.02108604
3.70606029
1.28055190
2.76289504
3.02533432
2.64495370
3.70645993
3.34880922
3.49267829
2.62616208
1.43506642
1.89932979
1.97854676
1.50407066
0.64069594
1.10404420
1.55464743
1.78228918
2.50418534
1.61869349
1.02694478
2.80048685
0.82956851
1.43379726
1.65709180
1.91378326
0.99242550
1.60155258
1.94729676
1.00125230
2.18114377
0.72706243
1.08990081
1.72239111
3.15601462
1.68068661
2.01283754
0.20370850
0.58605587
1.60804920
0.66251144
2.04483166
1.42722891
1.81535538
1.22494993
1.27746618
0.85914255
3.37444679
1.84601960
1.60288861
1.34762981
1.17887131
0.92019189
1.02540134
0.95504869
1.00146088
1.48058051
0.70949864
1.56453948
1.72268524
0.80340395
1.64673850
1.45829886
1.81481438
1.43753635
0.91782317
1.22438144
0.53106087
0.76544055
2.65206106
1.44098424
0.95506243
1.63723795
1.76417700
1.78588907
1.48808663
0.56703639
0.53730877
0.93832376
0.68759688
0.47868845
1.03426191
0.28991351
0.53850959
0.85630601
0.87254415
0.84853076
1.03663722
0.63557921
0.46938455
1.06894113
1.78334397
1.20849170
1.00556298
0.80083749
1.05527972
0.68203926
0.61337974
0.59402631
0.88968041
0.76742951
0.34761499
0.59587900
0.50613426
0.89804247
0.19702396
0.49498061
0.28946680
0.44147246
0.90158391
0.61726220
0.51503165
0.54320213
0.59962342
0.40632710
0.65352660
1.00078482
0.37863304
1.10184496
0.43149916
0.51324637
0.43976682
0.84228825
0.32263366
0.31533157
0.84481142
0.51863858
0.56938551
0.65309482
0.65905135
1.01484300
0.49904337
0.69034599
0.39198884
0.48594089
0.30999998
0.91779253
0.72002564
0.47923061
0.48307581
0.78069762
0.32315923
0.71413350
0.55813017
0.35146726
0.98457072
0.22538878
0.94653967
0.93838032
0.76248547
0.36791321
0.72705378
0.52438514
0.20289345
0.93414976
0.58147000
0.59242264
0.85245582
0.15740247
0.85192867
0.83540812
0.27316263
0.37007885
0.66263453
0.45942331
0.74999576
0.56122108
0.54767205
0.77377597
0.50530462
0.68514575
0.40059566
0.64765742
0.24131892
0.85348243
0.49370404
0.47173227
0.40476918
1.11297332
0.29065847
0.33911114
0.67408426
0.97306857
0.73385889
0.48474170
0.59421651
0.78379006
0.36659151
0.67710591
1.19808482
0.74418414
0.76331937
0.91305865
0.26298967
0.31216493
0.22924879
0.93925357
0.11684291
0.49127101
0.71003772
0.55517146
0.77549567
0.38897997
0.30813718
0.77714728
0.79649567
0.43367899
0.41252126
0.03849205
0.80969553
0.29572876
0.19333476
0.58108424
0.23569638
0.60388965
0.42296181
0.54659243
0.88753586
0.72486558
0.23886504
0.44195624
0.43361735
0.56737692
0.67609472
0.61887062
0.47325917
0.23941385
0.50467155
0.81031769
0.95682593
1.08054936
0.36122714
0.28179369
0.72358156
0.80048280
0.43504432
0.45262015
0.25943553
0.50856835
0.48230797
0.43862620
0.27067519
0.35863946
0.47754774
0.98814587
1.09493218
0.63683556
0.91920871
0.70625225
0.70275390
0.52742538
0.32896187
0.19763928
0.36434042
0.26532750
0.88415298
0.63989309
0.26364636
0.64608881
0.86904272
0.13633830
0.61345470
0.66883581
0.51316895
0.30092443
0.95562250
0.34916670
0.21476921
0.53673054
0.69682357
0.62626791
0.41835264
0.09268625
0.38315681
0.88477420
0.11388631
0.48074542
0.43639794
1.32718965
0.42905881
0.94852912
1.02698657
0.26561531
0.62281289
0.71044043
0.89908813
0.49415801
0.12135426
0.32397475
0.29252290
0.63320983
0.66680015
0.31626999
0.41768130
0.20997343
0.51478608
0.32016731
0.75358508
0.82789241
0.19084173
0.42545687
0.27981678
0.51222566
0.29836264
0.53462834
0.80226864
0.46514181
0.77621650
0.65876326
0.48586940
0.43562233
0.43130953
0.29073237
0.67034337
0.57041265
0.54438559
0.44078967
0.78262997
0.87460160
0.87010318
0.31029186
0.55684442
0.29471438
0.44603401
0.57982160
0.17285243
0.42017547
0.37948081
1.13126711
0.65798896
0.61489537
0.26973619
0.28195520
0.71994379
0.75545439
0.52877147
0.55008359
0.69524604
0.39948334
0.72053746
0.37485324
0.62623709
0.65686410
0.70191531
1.33413180
0.36307709
0.16605072
0.40756977
0.40172632
0.16150308
0.33581211
0.51828994
0.93344967
0.29967764
0.60669759
1.07271539
0.66905743
0.64316650
0.77027266
1.57041121
0.70294690
0.92553822
0.38846223
0.83307649
0.66497908
0.48018545
1.88947603
0.57579669
1.55025853
0.87823261
0.70801065
0.98129996
0.27258093
0.23213666
0.66234708
1.06612717
0.31584803
0.54015900
0.83600211
1.20985781
1.71901725
1.40973575
0.87386661
0.96890952
0.54362792
1.01554316
0.39047928
1.22136966
1.81446730
0.94795077
0.79479372
1.98470401
1.28299606
1.64628215
1.56252277
1.59912118
0.94441217
0.68198526
0.38436877
0.96921699
0.38321236
1.55274493
0.53350199
1.34421064
1.15366910
0.76229322
0.87379532
2.24831631
0.69001716
0.78297314
1.98901688
0.99272710
2.38533019
2.76914739
2.49354902
0.27454289
1.13386987
1.77810248
1.95836550
1.74131861
0.35627568
2.34715585
0.95574141
1.39780986
1.94786128
2.07018985
1.74984282
1.47900373
2.41120436
2.66929367
0.98756207
1.66315521
1.67954069
0.85985547
2.64955928
1.60766740
1.22036519
2.98439425
1.64369912
1.44871716
2.97141623
1.83892700
1.26053840
2.46903943
1.59005256
1.60491103
1.95384863
0.78732952
1.71843747
0.95439971
2.36080014
3.18132647
2.18811861
1.26872814
2.22170631
2.07370100
3.48670675
1.03406946
1.69758528
1.58641759
2.77720236
4.39159416
2.88385029
0.82805860
2.42463282
1.76628564
3.32218092
4.69189192
1.04003306
3.14707787
1.98165150
3.32769392
2.30444109
3.64535413
3.35645157
3.95025030
2.34182022
2.57888739
2.61544564
2.23642752
1.67568459
2.90385698
3.11387200
3.61930312
5.04650936
2.30956258
5.12542638
2.05247022
2.77938397
2.05424219
3.45779308
1.48468519
1.19956910
1.52219846
3.95012753
4.89725608
2.08273741
3.79181723
1.12291924
3.34964112
2.19478062
1.16800764
2.00959148
2.18254515
3.05402518
1.31425839
5.74995494
3.73353822
2.94910582
2.50047197
1.31070190
3.66903523
3.38362243
1.17898576
5.25789640
4.63782072
3.71837349
2.09219451
3.37285495
1.52731713
2.28636225
2.71306403
9.01354812
1.97107222
4.04013002
4.12558450
4.67797005
4.92444607
2.61963697
5.95913533
5.57810534
2.57548713
1.35606362
2.42318372
4.14945803
6.44972825
3.65969160
3.52804030
5.01975475
2.87534958
3.41787651
4.84338632
6.98629888
3.76295881
2.41573164
3.33257845
5.53524125
1.79024054
4.32074095
5.24774263
6.69090513
5.75204916
6.13918446
5.31709780
5.18478325
1.86023304
3.69862929
2.60440805
8.50189855
4.00415539
5.83961494
7.39429909
2.62605988
3.99024199
5.05539007
6.67634629
3.89888512
7.22126808
10.22337897
3.39930226
4.44674069
2.84057437
4.17907949
2.14396449
5.87546365
3.23730241
3.41348009
4.69627640
2.44597530
4.37856688
2.69435893
1.82586149
1.47327247
10.96349289
6.47520932
4.27609495
6.95585783
8.95852043
10.01867755
2.32897041
10.31985923
10.49416555
2.79624433
3.98019147
4.42085468
7.91914918
9.74507420
3.38944392
3.88683849
2.55779863
6.44052147
5.62268859
6.88507425
13.11677407
7.38551318
9.08001036
8.64219868
4.21099645
3.91016580
5.87248033
9.62740815
5.30347801
3.81476003
6.70630296
3.64837531
7.24497747
15.79801500
10.13771293
5.53468464
11.34957987
9.12792967
7.55679443
6.50046989
1.54900279
4.30361863
4.04916708
4.25904068
3.41598954
7.13619843
6.28906135
5.20808216
7.80015518
4.76074185
8.83528929
9.07811814
12.59468511
2.30579846
5.41304011
5.16303563
9.98691598
4.80377330
6.86176645
6.04081531
9.80205498
2.68086140
3.59341660
9.41424024
3.25244427
6.26136124
4.50098921
7.59372666
7.05937151
13.62683794
12.48119021
5.45692439
9.80721537
9.65448165
9.85539911
10.79774847
10.08246710
4.20539257
9.61174836
4.88187903
11.42289805
12.21760347
5.92291921
11.25405684
10.80154050
6.91303993
11.69454891
2.23592812
11.75004341
10.38505900
2.56745944
6.35963442
14.01791926
11.05470767
10.10591538
9.50351938
8.17307790
10.65129674
5.68856381
10.88948758
11.25036713
6.21449501
9.48834234
8.29928964
9.15387814
8.43825257
12.03888593
11.60428784
6.81332614
12.48817248
11.32761662
6.52060928
14.20149551
6.79150743
7.00169567
8.21794023
14.45313785
6.10886479
6.49135275
4.07358681
8.74710825
12.51436643
3.69965879
11.10556448
8.31724145
5.03861336
7.42014887
5.57912419
3.86008665
4.02765977
7.01066870
13.31873202
4.69922433
6.01763198
5.29741337
13.85935872
6.56854102
10.29730180
7.03149253
5.97247983
8.82941566
2.92490713
5.65680789
5.01985212
15.83773291
13.35015672
9.45610277
11.09292611
4.53138168
10.68504474
4.90164193
7.38596898
2.48274189
9.78661534
6.96019805
6.54815171
5.65131503
4.82955937
8.88794674
3.64925024
0.80684215
1.97223532
7.83756943
7.24385297
8.67626958
9.54099475
7.03984348
4.94329859
4.32027561
10.73252671
2.71721457
1.20941641
8.11619914
4.29466399
12.39601331
7.05859143
3.07991109
6.60640504
4.02224381
6.62341532
7.14770156
8.75283671
6.41816366
3.74473129
12.94156885
3.88059796
8.64371378
6.19714919
3.14176698
3.86404312
9.62987061
2.44356371
8.44427261
6.45841203
8.27148851
9.47924045
5.25921049
1.94573876
5.52496737
12.39404998
4.37161503
16.57090284
5.70185247
3.08045748
9.82759836
6.81662447
5.54302332
4.19463523
3.12879029
3.99997645
2.72503957
6.41330457
3.03790925
10.09385624
7.16575704
3.61741146
6.55345281
4.54329938
2.77788035
8.69248709
10.82130741
10.95547569
4.63996303
6.02468505
13.80255393
9.73568571
2.98374761
3.96222087
10.17039917
4.01064019
9.19673085
8.70349769
4.18221686
2.76880673
2.32872576
5.79172172
5.30140157
4.98958278
8.57320305
6.11247571
1.38206719
4.43224773
8.96762267
4.81732573
6.39158299
5.58154487
7.79090788
6.83411540
7.10547879
13.41089539
5.61662257
6.16514147
1.14576208
3.16530901
11.47911621
5.26870417
5.09301118
7.98407947
6.25683382
7.46736161
3.96896104
5.91141473
9.28582769
5.30126108
2.41631466
7.34434374
7.86431895
7.33955632
12.22860835
3.12045294
6.14623790
10.49689438
5.15382565
9.23485413
3.47717884
5.00854558
2.87968884
8.04262289
11.85184305
7.02444254
5.97012635
3.90990783
5.51209199
3.06664061
2.07231730
7.09730195
10.09333447
4.59840591
2.24908058
9.52724805
9.51735141
7.12941933
7.71089944
6.89948021
4.53482795
9.97822954
12.81855029
3.99929024
4.30795409
7.71799723
3.72461241
2.56928817
5.15486882
3.34068360
12.90196568
6.81479064
4.22025102
4.96879427
8.83124584
7.25158522
11.63929205
4.04730057
8.67739964
7.64114285
7.40018620
10.65850256
8.23197014
4.07157801
5.43772791
8.49562427
4.28830623
7.49376709
6.91916828
3.07926323
9.56954276
5.52831958
8.91823302
3.16205243
3.34962227
6.19561230
2.42403071
4.84020284
5.67616020
8.48916119
10.09346707
4.97374916
9.11037808
7.48855338
5.66570868
8.14860393
4.23410612
6.22222492
3.84771255
7.12749033
9.43734406
4.92521181
8.60238562
16.22484443
7.47766462
9.80989374
2.51080218
8.80003106
7.81876932
8.13668613
8.38411352
3.98313140
9.94762537
4.70986215
6.53925719
7.12120308
12.24347354
3.37026154
8.54029210
8.07352586
2.01938575
4.61497963
5.82632110
11.04403667
6.84323966
10.66493984
2.84328565
6.05386978
8.04523307
10.87016826
4.06934878
5.77281440
4.65201754
9.49583390
7.80698358
3.29121769
15.75655433
9.80194910
6.70528747
7.24265954
4.94407816
12.77315018
10.11354738
7.66140273
5.32118224
2.59411937
6.96312552
3.08504367
6.91577304
5.22665946
9.47121659
4.71483433
7.25315309
8.39573301
5.50949185
8.34814821
8.32974342
12.65644954
6.09239207
6.60795502
4.17486829
8.25787183
8.29142112
6.93010655
8.95759915
4.44788204
5.56893438
8.07391529
6.22425388
7.47873513
3.05160463
11.06996532
9.63201338
4.41711100
11.57277638
9.19778955
9.48288644
5.08651072
6.29966604
13.17958880
11.23239536
15.32894370
3.30130062
7.99519809
13.39858582
9.64099055
10.12867139
5.70976241
4.12584653
14.94076870
11.23852849
10.24629654
8.27694834
12.41832606
4.58397300
5.40459663
11.54452139
9.90601224
9.89122314
13.72108721
12.81264066
3.83355187
8.25768000
5.59396918
6.21204625
13.47414021
9.72761109
11.83389687
8.32605969
7.75264044
4.68818554
8.85920250
2.20089253
8.91739696
14.35648392
9.88937623
1.30966334
6.85597540
11.48980313
2.08653202
11.58112951
4.77580457
11.03426317
6.25711646
10.58461743
3.64536355
10.79438433
15.75219952
9.77561089
6.50936400
2.50758833
12.43117086
2.63332212
7.53046585
4.51901845
6.84103892
8.71512340
10.84041265
11.46557219
4.33181868
13.69137097
8.06666410
11.96589469
8.80009910
9.35413529
5.75729438
8.73076244
7.84837404
11.78915837
11.52917733
7.62134185
15.00727054
2.82599648
14.30038128
9.54652914
8.53888946
3.02456619
10.57084112
9.24910489
16.92182737
14.99369861
7.35195585
9.23161487
8.24428465
8.42218508
7.84355036
9.63909382
13.31860557
6.34950425
6.14818330
7.70893692
4.95409537
9.98703950
3.72071053
9.75035109
5.14177439
5.25125826
7.96295121
16.68972196
10.17729694
7.24862799
5.01209195
11.90038373
5.38403433
15.08325879
12.97431982
10.81994198
10.85778434
14.39293265
6.96183587
3.93389788
12.40328028
8.92436263
12.56111722
8.36806363
5.89992143
13.69380283
11.20513701
9.43965593
5.13081832
2.96599807
5.66950675
8.15382042
4.12857633
2.15796107
9.00078315
3.81790532
9.31561189
6.31474118
5.11579102
4.07547620
8.16921937
8.10292951
15.02469172
0.89436403
2.92328598
9.07454478
7.90253220
4.38936971
14.36804581
7.75896582
5.20504160
3.30786262
8.22376137
8.80464936
12.51733276
9.15142366
5.50656100
4.65707914
6.12776445
8.19177848
2.73687046
9.34385790
2.48269089
9.90996205
9.97523550
9.67377006
8.65569455
6.85892333
6.36517776
3.33359784
3.63523420
10.14311170
6.99693696
6.52746168
10.83703998
8.75179572
8.31655872
4.11479958
2.38791926
2.84155100
6.97561344
1.92293235
4.58154995
10.13235630
5.16631954
11.35535871
4.08306621
8.91458597
6.23797589
6.10835129
5.84769942
11.80725193
9.84648495
7.89781608
6.01226668
5.60475194
7.78716505
6.91953742
1.76293580
11.51523224
5.99812841
5.16902313
8.08369649
10.98949756
4.75415640
10.88187978
10.91763716
9.67584692
4.07632578
3.64717263
4.07608703
3.08308191
10.20536447
12.07049337
2.64902823
5.30399804
2.20246094
5.56134386
11.88724638
6.94122494
5.35523064
3.21137579
7.61139498
9.95473173
6.29160298
5.40840567
14.09402298
8.23321522
9.72043447
6.41584220
7.62919751
6.07231248
10.27793904
3.02787655
2.82790375
2.61079747
4.43598513
4.03767639
11.14825989
6.72660593
12.45041611
4.07526054
9.45808401
5.58627847
1.94401216
9.43567893
10.84535010
7.42981996
10.74715171
3.41772385
5.14098423
9.96639047
14.92236168
4.91199761
5.36933767
5.42078966
6.00848625
11.24639790
8.88492494
9.91606401
5.23108967
5.43907644
14.20902168
8.93227263
5.77579754
4.67921973
3.42411805
4.43910545
7.11520927
8.57434191
3.54169399
2.60663922
4.28945970
6.57480106
5.36175025
9.43760025
2.73482782
11.10331989
2.24375046
4.26127924
3.87908226
3.09651041
12.57805234
6.84640933
4.45703770
5.21930064
7.16231793
3.35411878
6.33348568
7.81453119
9.02672884
8.69759227
17.91404185
4.35598575
6.88329754
6.99309275
3.23169008
4.97006007
2.49349700
8.03120861
6.96519616
6.25024413
7.79052962
9.07583328
5.83396080
12.98225940
7.13711502
3.00932049
6.17790904
4.59246021
7.12563300
10.16406407
7.14785961
2.69877181
1.75036032
4.12973799
2.96350785
7.49724071
4.68155889
4.83856077
12.30817855
8.47611725
9.72478133
8.29029623
10.81079430
9.14906054
6.16398658
12.40670505
4.19599590
4.43537660
8.09043658
7.32105588
3.52150397
6.77497384
8.64971608
1.54571947
4.29910403
12.17914098
5.10558349
5.10069981
7.03544848
6.91666417
4.80466108
11.31730654
4.46131932
4.39970369
8.92337755
11.55889313
3.94472190
6.58300041
6.17609331
4.97615903
8.27079709
1.83130322
7.04811899
5.96316784
4.92150541
4.63122298
3.08327443
6.50875081
10.24881808
13.78650845
7.56031694
4.33250917
8.35096061
8.47213775
14.77766623
6.32587241
3.26696699
7.30410909
5.32649929
10.43848769
3.68251687
5.24133126
12.38467296
10.91999260
9.39010413
8.96690830
5.98049655
8.65845671
3.76677668
10.20625254
8.75475054
8.70626881
4.69027008
5.57529383
7.20894935
12.75522201
11.20565596
3.23395327
4.85132552
11.81009128
13.20334619
5.58631700
7.21144349
5.35070697
11.87475690
4.40980904
10.55726971
7.39853580
4.44065341
4.58967959
7.63971111
4.63329745
9.23405160
6.38033322
4.61781934
4.75732374
6.88273775
3.29194733
4.97118463
5.86908828
9.65496613
3.89699149
7.06344163
2.00778849
4.20970323
6.34501278
4.38279232
7.84258075
5.44185312
7.90030300
7.27626891
2.44561680
4.41268075
9.87113758
7.17525783
10.69677402
2.21484918
1.35866846
7.83255144
5.37235823
1.90523105
2.96597431
3.31760761
4.80495846
4.29997545
8.68989572
6.05808028
6.87155461
6.72653742
3.89070854
4.61524077
3.99309131
4.41517699
4.15573582
4.69522955
3.39211291
1.96416473
5.79197556
6.44028165
4.07545525
4.29888941
1.84653980
6.38842725
7.27935577
7.90618161
2.83581459
3.33327221
4.66938027
5.52484980
2.36112516
6.25823123
3.68104973
3.27472009
7.80219724
3.57712863
2.65095626
1.77077724
4.17321410
3.36860007
4.44026710
4.17712672
3.93540053
4.39773932
4.87932779
4.90837979
4.76526989
3.40464966
2.62884239
5.60420654
3.34678996
3.78189098
5.64731844
4.75704503
6.30156053
5.00990890
5.23245576
4.40867745
5.61664654
4.42174035
1.08472798
3.04625062
4.54928458
3.59329906
1.41052860
2.27059108
2.23980707
3.49509866
6.07463826
3.33447761
2.33333013
3.65680868
5.40182046
4.12867341
2.50598782
3.78393293
6.33751424
3.69057065
2.57832355
0.98248118
5.47179953
5.39554010
6.41222880
2.10895568
2.21066348
5.60416192
5.00664750
1.75122304
2.13323819
4.69617926
2.99155013
1.16185519
1.13801928
3.68979756
3.45185529
1.48196276
5.24324927
0.59181967
1.21407282
6.29382059
3.00505985
2.33730244
1.19140842
2.71464714
3.68166498
2.98350210
4.55464563
2.92249953
3.31225110
3.14174961
0.94197732
2.99022701
1.22606245
3.66775498
2.26576563
2.64301340
2.57017338
2.54756143
1.74455098
1.56830820
1.46880987
0.36431090
2.99593031
0.56680419
0.31882564
1.22055134
1.71698282
1.25259796
3.95038907
1.05884016
1.71452834
3.22167071
2.62630419
0.44735254
1.83042143
2.71889526
1.87239017
0.37481520
1.99145587
2.27856297
2.28752888
0.83259359
1.31682488
2.09277616
1.01114022
2.20304452
1.45700343
1.15868136
2.98962508
1.62152686
1.43152946
0.99527323
1.77906007
1.01720950
1.05569964
1.42345448
1.20429196
2.25755142
0.96104000
0.65334485
1.30493538
1.18568561
1.75795382
1.08344804
1.15137968
1.66737865
0.50428808
2.63771759
1.10777046
1.46038755
0.43401579
0.78901992
0.82223524
0.67596730
0.55689626
0.57049885
1.31987348
1.51597576
1.12133162
1.87616822
1.34544234
0.31598711
2.24274195
0.91179865
1.52244611
0.64091685
1.10578020
1.67677601
0.48013099
0.94149985
1.87942555
0.74349869
0.73615428
1.54539652
0.58166202
0.69890750
0.73555532
0.28606415
0.57378860
0.66047807
1.17485661
0.79928969
0.43721067
0.87614816
0.93548099
0.41563525
0.64642499
0.38164613
0.57946967
1.16355090
0.41678070
0.59854004
0.38086667
0.82152456
0.87879153
0.66676750
0.67738293
0.94497204
1.24159124
0.88842917
0.26552154
0.18837635
0.32137836
0.45716711
0.55382567
0.76764689
0.22071607
0.87518946
0.39747378
0.30952389
0.66357057
0.44297835
0.54419169
0.38266473
0.37628494
0.74400152
0.62808419
0.91209712
0.16942912
0.23252901
1.04258661
0.47555300
0.33860672
1.09995603
0.85613246
0.83001861
0.41995781
0.18318438
0.77006964
0.30390955
0.18432427
0.54648699
0.76555161
0.42530250
0.98561931
0.45363751
0.63329130
1.03635444
0.73461412
1.07447791
0.78321419
0.84184388
0.63097797
0.83810605
0.57642058
0.81406984
0.38574336
0.74329454
0.84789714
0.24506379
0.36985177
0.66718224
0.49495140
0.53976944
0.54701776
0.15220488
0.71558228
1.22072876
0.89228328
0.41781272
0.70388705
0.61345084
0.40553955
0.82725750
0.66286322
0.59324551
0.78377578
0.92541997
0.48691689
0.45563454
0.42196220
0.44507320
0.54465734
0.13888988
1.14869724
0.64991649
0.17619993
0.63623456
0.57188806
0.26045061
0.28311078
0.29001904
0.14750942
0.38465305
0.95910519
0.11121995
0.36915502
0.23496470
0.42031348
0.60479937
0.59958204
0.93099265
0.15899957
0.10773694
0.50436192
0.68993076
0.79681217
0.57391897
0.38085108
0.62370769
0.71654868
0.57089580
0.27488599
0.62224736
0.55602570
0.54838069
0.95645167
0.62609117
0.12475250
0.39168351
0.48843205
0.12110603
0.69237371
0.62264717
0.47704029
0.38817138
0.45472089
0.65436397
0.74481061
0.16287102
0.75998247
0.04904276
0.39956704
0.50824817
0.38237792
0.63278802
0.47906518
0.37106647
0.26972616
0.32654866
0.74742083
1.00415356
1.03661207
1.17799295
0.25973066
0.41276549
0.40707018
0.67442274
0.62573949
0.64156787
0.38961469
0.68409902
0.34484138
0.67285562
0.42582026
1.32430714
0.20509908
0.28453652
0.37534515
0.57179180
1.12547216
0.98683909
0.44235565
0.64588708
0.17511635
0.22382101
0.17955826
0.27047609
0.52243149
0.73041991
0.34061746
0.59278780
0.60388178
0.41319697
0.89196414
0.26387603
0.39874891
0.30524981
0.64903169
0.78744519
0.76130120
0.22692396
0.47990501
0.52792361
0.17534417
0.67091806
0.59893127
0.21786990
0.44199355
0.53720374
0.39268300
0.69099930
0.28265321
0.60904992
0.67043314
0.20214825
0.41411505
0.71332916
0.49713775
0.28566270
1.34420428
0.63449167
0.81458882
0.66634533
0.59560448
0.50560398
0.72135989
0.50195207
0.25120454
0.53624764
0.82783543
0.46886930
0.22603304
0.44159454
0.28575175
0.48842154
1.20590318
0.66391350
0.56326225
0.50920872
0.39783331
0.11533175
0.29021697
0.53826879
0.43921473
0.20747281
0.64254698
0.67844600
0.14148507
0.48258375
0.19698147
0.14585796
0.73948877
0.52840678
0.66139527
0.74516747
0.28271323
0.38456717
0.43137453
0.72293063
0.64485906
0.53623511
1.08364886
0.60782777
0.31933396
0.82501562
0.45414059
0.53341913
0.16906860
0.27368358
0.59429144
0.13614724
0.27348955
0.62425524
0.49456297
0.21807981
0.38997109
0.43434647
0.41565419
0.70851648
0.37640673
1.06965656
0.70605617
0.45208294
0.64880154
0.34124938
0.39198878
0.45287210
0.46345698
0.74062042
0.42765949
0.29182830
0.60123759
0.38154546
0.55874543
0.39590952
0.51677301
0.27175136
0.38772835
0.53193205
0.91617793
0.62796715
0.83441709
0.29672360
0.26438707
0.55198998
0.62511625
0.09293891
0.57391959
0.53627265
1.30895558
0.12388071
0.55429882
0.50711401
0.45642373
0.26353173
0.53328001
0.30194597
1.00130461
0.79238709
0.52887097
0.51844687
0.69806331
0.34409972
0.39174186
0.75411322
0.44875301
0.85119128
1.19384322
1.20161283
0.34637501
0.86049973
0.75590378
0.54236867
0.46590934
0.95395432
0.65612503
0.49559124
0.92814176
0.51751749
0.86456273
0.94223486
0.61235057
0.86928157
1.09189243
1.07225096
0.51929783
0.71758477
0.53855248
1.03478132
1.61952506
0.58537326
0.27066995
1.68891133
1.24734496
0.64234065
0.41534071
1.37179485
1.20964414
0.98678153
1.76236141
0.38621870
1.39229354
0.49264419
1.37303127
1.65540519
1.11126873
1.45644517
0.65885798
0.60392528
1.78690854
1.06700353
1.09636699
1.79886277
1.92313913
1.15950800
2.53981345
1.68134592
1.85118138
1.64994979
0.66168624
1.68741087
1.41435407
1.34057719
2.23440194
3.93288177
0.48002678
1.00651673
3.62901506
1.82546893
2.77140528
3.42686827
2.08367030
3.37709004
2.52445251
2.29628818
1.52851261
2.36316769
2.00089055
2.50017220
2.19366054
1.59042137
2.35353166
2.35074192
3.26058282
3.27442956
2.69988834
3.15279666
1.03648668
3.40251209
3.06011425
4.19497321
2.48823441
1.88614336
3.18997890
2.81209556
3.91100250
3.01447922
2.86487622
3.08960384
4.14339274
2.89797674
4.23238479
2.76903280
2.36172865
3.23807751
4.04036385
1.88655168
4.39590744
2.86096231
3.96244527
2.11771855
1.61719402
2.02637627
3.13026226
3.14112144
5.94144997
5.75531409
4.87583129
4.35059448
5.50237425
3.60382860
3.41750729
4.89016929
5.24197990
5.99941971
2.50653573
3.18725107
3.96324491
4.49776851
3.63908450
1.36562520
3.24941150
4.06029657
6.11351898
3.52049574
3.13767544
1.31764036
3.28149532
2.82502696
3.73314895
2.90870834
7.58382630
5.45786200
4.93738100
8.47635342
5.79185405
4.52881680
4.35187450
3.83797037
6.49778845
4.86142275
6.42727130
3.62387266
3.54378262
7.06298561
6.48664832
1.55532241
7.54513395
5.47938580
4.33798015
4.75755406
4.50384558
9.24317569
3.96884392
4.28751833
4.85738134
4.35064941
9.35765199
1.59061270
5.48558170
4.76561424
3.58147327
11.75139481
8.64741321
3.21459737
6.58914376
1.77830546
4.29810612
4.39130545
3.92432996
1.63423953
10.81935838
4.59853540
4.94588658
4.87298054
8.85909973
5.41580197
5.42174602
9.36299073
7.03779764
4.30992666
7.14479057
7.49208758
4.86892072
4.33310423
12.81339796
7.38420473
5.48331916
7.20315825
4.43644854
4.93874598
5.76155605
5.90706818
9.58194577
2.06816540
4.18562278
6.39919462
7.49133730
4.86118628
3.83487701
4.12596656
8.82839600
7.69872784
3.10907794
4.30459651
3.40018529
9.86074572
8.95807483
6.16516551
5.22050553
2.76288587
4.81421793
7.04094692
3.23209466
5.74238165
6.52405590
3.90748935
4.39078382
9.58888138
2.05493208
5.19586823
4.41113665
4.94113287
4.48431900
7.35399191
3.88793324
9.46481409
9.56745853
4.03192139
1.87775676
6.04605760
3.34578905
6.58774444
6.50777561
4.13440123
3.60842766
7.62746504
5.73986164
5.23435311
4.71954520
7.22969769
3.75527562
4.72274800
5.10124643
6.72083204
2.56000107
10.10395819
7.80622368
8.05282129
3.75124595
5.60310477
6.17495380
8.73663704
5.65044618
3.89408326
7.29608641
4.83683519
3.51919315
5.23144843
2.72335546
3.12398644
10.04931178
5.09133846
3.07976497
3.62943917
4.37136248
2.57940165
2.96441912
5.51662759
7.68846902
6.98420260
5.33274313
4.29766299
7.49605398
6.80041205
4.96375806
4.42129370
3.12090670
4.93302165
7.32338109
4.77740348
3.62427527
6.83511000
3.61171182
3.78269181
5.93933894
2.47335681
5.85621258
4.03229866
1.52519711
8.51256293
2.81717394
9.94514594
0.96406791
6.26610989
8.04370996
3.60961113
3.29585551
6.35380236
7.51774392
1.38961518
2.22599464
10.97069174
8.20587101
8.83209756
6.55162421
7.66429948
2.32362561
5.41026784
2.73688020
6.22746519
7.91783054
8.79622867
8.20622674
2.71468279
2.96376389
7.54601032
5.28739700
7.29177068
5.18952931
5.82483460
7.12734592
3.75325968
3.82419801
2.81606890
7.00241381
5.42183831
6.73125043
6.17319149
5.00547922
3.93058496
3.70218257
4.54959093
8.89785820
2.74868521
6.25842392
3.65093793
4.16677156
9.28580890
3.10958840
8.84045603
6.92272314
7.89618694
1.23296649
6.92986044
5.01055225
4.80977899
3.53153222
2.50509705
6.28899052
3.27005531
4.66794625
1.52375041
3.23453515
4.70736174
8.42344419
4.56748946
3.36086526
3.79696194
4.82071463
2.75791590
3.79989726
5.77268770
4.28109739
7.07616957
7.27272159
3.96577414
4.60039629
3.02476904
6.65907094
2.19714942
3.46965587
7.61351753
4.15046917
4.22503075
4.27591550
11.83594534
1.94121447
4.15509431
6.00637694
7.41390261
2.93879461
4.75026726
5.54924492
5.55076400
1.88947252
7.99810240
8.37417364
5.12561318
4.27997812
2.54939503
5.55892121
1.99754250
6.02636303
1.86833261
4.46300639
6.20103510
2.50597406
5.82513408
4.44011107
7.58137778
8.55641211
5.55262221
3.43486456
8.70537968
5.03282817
6.45267675
7.37939313
3.28371318
2.96231915
3.98643867
5.76684647
3.05611478
7.94614308
4.24603891
3.84701976
7.37996348
6.11644963
5.74676569
6.32047223
5.69733359
3.28348801
5.50042880
7.64909813
8.16355373
5.15741941
7.45011647
6.81496238
2.02882074
4.18014495
13.68202274
9.65452638
5.83392552
5.26643792
11.61790071
3.97174318
11.70246294
5.43858812
5.65132107
3.41045156
5.01688960
4.76877385
9.81165276
9.27220761
5.22820454
4.19825111
4.90008872
9.06858054
7.18620160
2.39165573
1.61769140
7.94313396
5.58048028
8.11114469
6.90503173
4.61228505
12.01992166
8.15089392
12.01649083
4.25206859
3.98544956
3.40968569
1.26431034
9.30904665
8.95077080
4.69244518
7.22077958
0.99391312
1.74611849
2.36800474
10.28537443
12.07360640
4.75630477
8.88149911
7.47442200
3.20540084
4.81720697
3.60307910
8.26387294
2.72398508
3.62222125
1.81625957
6.70347634
3.94564142
3.38243491
11.16613437
9.35057601
8.51916507
5.56226781
7.09398182
7.01273673
3.59757376
10.01435029
2.49749333
5.59366965
5.57647683
7.56634325
5.98972234
2.96026865
8.69559830
8.90172937
4.05390297
7.58816542
13.06102733
5.44959775
5.66123330
10.41110034
2.35802481
6.87388490
7.39850484
4.43500698
2.73566707
5.23085309
6.77737738
11.00671798
6.42956316
3.61690059
8.92415036
7.05341729
8.30789691
8.77519342
7.29018833
4.74016451
5.27606279
7.75956321
3.97611347
1.12937519
1.04079842
8.33377127
9.35591873
8.56649149
7.53640717
2.56025705
7.58374364
5.00911926
11.25676441
1.02702771
14.43376508
4.26525279
10.15809500
3.22234447
7.14876563
6.48451449
7.24248020
4.61884833
5.90715721
6.73984672
6.03062515
3.64999784
2.05341586
2.06993409
5.32478445
3.09003007
8.51652271
6.82617632
2.22038448
5.43450469
6.79887226
8.92069757
5.58644102
4.04836835
7.37314913
1.26849359
5.05350839
8.55839053
6.13308620
7.28159899
12.55772574
1.31387849
2.11144208
6.75635500
0.58648334
5.65906662
3.60443445
5.98221780
5.05876850
2.70165137
8.12638591
4.86679886
3.80147737
2.45268550
5.45482596
2.50027992
2.61466231
5.51485731
8.00705235
8.65209403
1.24901876
5.99203997
6.46838868
4.33951100
7.31330111
2.83677449
6.51381418
1.80653840
10.22113267
4.18808778
3.01433716
4.32150097
6.69157565
2.28520177
4.06652766
2.93284173
2.35727770
3.38654631
3.66177726
4.80934475
3.19261077
6.23979614
0.47463391
7.11493144
6.42619359
5.89032057
4.44042972
5.27637999
3.35995145
2.00240140
3.93712549
5.33022513
2.47756759
4.97349757
4.94831980
6.46043750
7.78904048
4.38591613
3.20791737
2.90271993
3.31353552
1.97319929
1.92854312
1.47829418
5.45520956
4.16242879
2.69454197
1.95529500
5.17623773
4.40805742
4.37594882
3.66151988
1.45311950
3.23704046
6.47651105
3.28356533
1.90371221
3.93149877
5.57899064
3.09542693
4.51447259
3.81195909
3.29448092
3.03662906
1.20697949
2.08228242
3.90156829
4.20607606
2.84013259
2.66369474
1.28510395
2.19540409
1.73118411
0.59962055
1.24992546
1.35959355
2.77725427
2.28101848
2.12669913
3.45123043
2.67693120
0.91288025
2.13577829
2.20830069
3.25299293
4.82586018
3.63399448
3.14251331
2.29505639
2.10621060
2.77788337
3.23510949
1.75456839
4.80601303
2.58868129
1.57326289
4.82099556
1.43120199
3.27459885
1.22933019
1.01666603
2.26761342
3.79539935
2.23383702
2.44611331
3.36992966
2.69993739
1.98894361
2.22498415
1.20066414
0.42481939
2.51157983
2.59720233
2.17413957
1.51303834
0.83809983
1.57032230
2.06836490
3.27145177
1.63211906
1.42444278
1.82331837
2.41087032
1.92277064
1.92070614
0.93711192
1.17242404
2.91044530
1.92720523
2.24248696
2.17058806
2.09219818
1.65944911
2.04612676
0.91339958
0.52904656
1.00176708
1.79104865
1.29676236
1.06581782
0.98175663
0.85608538
0.93788944
1.34288965
1.86587545
2.00491103
1.14983868
1.15203496
1.10876954
0.44507263
1.59783415
0.82357314
0.78017447
0.51222379
0.61892698
1.04313370
1.23289595
0.51114648
1.01786653
0.82487525
0.28720379
1.34970067
0.41968891
0.32026168
0.38694786
0.28011255
0.61984087
0.38427009
0.71627510
0.47606734
0.80979110
0.87616214
0.64011202
0.48435396
0.69231873
0.83469860
1.22164892
0.61715210
0.35874351
0.54207635
0.15737177
0.71049955
0.31887891
0.41664825
0.18419499
0.85890582
0.68782028
0.51342008
0.05792850
0.58623590
0.50564974
0.39273434
0.70476288
0.48583782
0.35290267
0.79660951
0.63150997
0.58449253
0.66560696
0.91766746
0.27846957
1.42819608
0.51674977
0.58836949
0.61279718
0.84415210
0.75263888
0.43718140
0.23080810
0.50043545
0.67522210
0.46936009
0.57982252
0.38644665
0.53809076
0.91237766
0.52954768
0.51506728
0.05825298
0.52306962
0.74058600
0.49691595
0.92482761
1.10899923
0.68629031
0.77468141
0.36210579
0.46000068
0.25839935
0.27992558
0.22831697
0.29339373
0.84912741
0.72933159
0.24245692
0.61021510
0.85738836
0.94402571
0.48309203
0.28641752
0.35267613
0.75831924
0.53784758
0.37618369
0.85214600
0.52035181
0.32573489
0.69997323
0.25797661
1.05270999
0.38695649
0.32455933
0.99276287
0.07814444
0.21278261
0.65792901
0.70286826
0.33538545
0.71099134
0.40739336
0.47925147
1.17055413
0.61294850
0.94455861
0.48253403
0.77463376
0.60531556
0.41979927
0.96894056
0.49047604
0.65064738
0.72848653
0.72598443
0.79948754
0.62462832
0.58933281
0.35204763
0.33540258
0.32262525
0.53034970
0.32483004
0.97330073
0.42790871
0.28372977
0.74767474
0.79372531
0.40121941
0.56811604
0.27927509
0.26763377
0.20121600
0.76558196
0.73826491
0.50920635
1.10307028
0.54421845
0.66799294
0.65316437
0.47369587
0.38306899
0.65892140
0.25083458
0.66927974
0.65872798
0.24765260
1.00540478
0.68804501
0.22435846
0.26470129
0.28807123
0.49171560
0.33252101
0.44350596
0.76273145
0.52181597
0.55938445
0.75083623
0.66402461
0.46502480
0.35013477
0.37070835
0.25409214
0.34193715
0.15421395
0.46579309
0.53919366
0.29041782
0.56609172
0.35122497
0.47486149
0.41071679
0.25503858
0.16990180
0.36441304
0.59013235
0.53728450
0.37743947
0.22324787
0.74769206
0.51904189
0.87780735
0.73711842
0.58472873
0.60682262
0.51997054
0.65238380
0.52694135
0.77608878
0.77925332
0.90220856
0.39157039
0.55319491
0.62249111
0.59823112
0.58545747
0.45552928
0.23790674
0.84217416
0.89725208
0.36673293
0.52584066
0.35654495
0.44408644
0.59201043
0.61762793
0.35575275
0.35637804
0.90896832
0.48581783
0.92146873
0.73720000
0.11476916
0.17220472
0.53258394
0.74492019
0.30175650
0.20105118
0.32501292
1.00318705
0.37065385
0.35222524
0.40021184
0.66992749
0.25028068
0.33110190
0.38481247
0.55550585
0.54729105
0.37264943
0.34633763
0.40558334
0.42665885
0.45544800
0.56321411
0.66341503
0.55382845
0.42388766
0.76078322
1.08760631
0.46668029
0.30259495
0.96628442
0.89399033
0.55846565
0.19813754
0.34115574
0.33446003
0.45518492
0.25875328
0.38562445
0.48164486
0.49993871
0.71067780
1.25715236
0.40395817
0.93529483
0.58552612
0.52563372
0.27521844
0.20984978
0.51036863
0.91959105
0.30011459
1.26461384
0.51422406
0.26979751
0.30464685
0.69615251
0.43744795
0.61412450
0.54602209
0.70798677
0.47445348
0.56486265
0.66163676
0.69910452
