3.00000000
3.00000010
3.00000203
3.00000268
3.00000002
3.00000071
3.00000126
3.00000006
3.00000142
3.00000281
3.00000003
3.00000000
3.00000018
3.00000005
3.00000001
3.00000000
3.00000000
3.00000001
3.00000007
3.00000040
3.00000001
3.00000000
3.00000001
3.00000012
3.00000006
3.00000000
3.00000072
3.00000002
3.00000000
3.00000001
3.00000002
3.00000026
3.00000041
3.00000077
3.00000021
3.00000000
3.00000015
3.00000005
3.00000001
3.00000001
3.00000046
3.00000318
3.00000371
3.00000051
3.00000000
3.00000001
3.00000012
3.00000058
3.00000204
3.00000178
3.00000031
3.00000083
3.00000002
3.00000000
3.00000001
3.00000043
3.00000010
3.00000002
3.00000000
3.00000053
3.00000033
3.00000419
3.00000015
3.00003014
3.00003461
3.00007208
3.00012242
3.00009944
3.00005143
3.00004286
3.00005796
3.00006211
3.00005745
3.00005499
3.00003225
3.00001614
3.00001561
3.00002349
3.00007345
3.00002861
3.00003486
3.00004520
3.00002997
3.00002687
3.00001904
3.00002207
3.00002626
3.00003964
3.00003106
3.00002135
3.00005274
3.00003246
3.00002610
3.00003052
3.00005598
3.00006051
3.00006620
3.00004505
3.00001771
3.00002266
3.00004261
3.00012607
3.00010029
3.00003173
3.00001708
3.00002091
3.00002190
3.00001812
3.00002133
3.00002694
3.00003903
3.00006315
3.00006664
3.00010156
3.00005591
3.00006263
3.00005214
3.00011046
3.00008089
3.00008214
3.00011187
3.00014235
3.00024454
3.00044370
3.00030900
3.00015709
3.00029092
3.00019987
3.00014447
3.00013216
3.00018052
3.00011575
3.00023958
3.00031447
3.00013416
3.00005895
3.00004206
3.00005966
3.00007420
3.00003909
3.00003141
3.00002357
3.00001881
3.00003171
3.00003237
3.00002572
3.00003905
3.00010824
3.00010215
3.00011106
3.00014221
3.00019831
3.00021564
3.00007614
3.00005920
3.00003817
3.00003913
3.00007965
3.00003826
3.00002220
3.00001483
3.00001203
3.00002915
3.00002224
3.00001898
3.00003628
3.00003907
3.00003052
3.00005366
3.00005863
3.00013928
3.00005789
3.00005142
3.00003243
3.00003547
3.00003555
3.00002676
3.00003307
3.00003522
3.00005731
3.00005841
3.00006481
3.00005781
3.00008347
3.00016615
3.00014878
3.00013921
3.00007434
3.00003936
3.00003308
3.00003199
3.00004239
3.00003845
3.00004062
3.00002285
3.00002271
3.00002813
3.00005405
3.00006314
3.00006243
3.00011973
3.00019677
3.00035522
3.00038170
3.00026571
3.00014036
3.00011440
3.00009457
3.00009296
3.00016402
3.00018354
3.00005996
3.00009814
3.00010317
3.00007973
3.00010374
3.00008286
3.00009406
3.00008171
3.00005229
3.00008136
3.00002734
3.00003863
3.00008031
3.00006079
3.00008088
3.00006393
3.00013373
3.00006580
3.00001825
3.00002484
3.00001816
3.00002687
3.00000935
3.00000867
3.00000806
3.00000575
3.00001329
3.00000785
3.00000458
3.00000756
3.00001194
3.00001484
3.00001399
3.00001698
3.00001752
3.00002043
3.00001212
3.00001987
3.00002656
3.00003164
3.00006615
3.00003659
3.00009636
3.00004049
3.00003115
3.00002384
3.00003418
3.00010081
3.00008325
3.00004301
3.00002094
3.00002495
3.00003350
3.00006199
3.00005150
3.00004655
3.00004403
3.00009482
3.00003611
3.00005040
3.00005682
3.00012437
3.00026457
3.00033209
3.00022250
3.00051856
3.00127051
3.00218533
3.00177761
3.00159755
3.00232118
3.00198769
3.00148517
3.00134880
3.00070944
3.00066355
3.00051120
3.00030622
3.00016879
3.00024880
3.00024847
3.00006861
3.00005101
3.00002141
3.00005451
3.00004599
3.00005431
3.00011437
3.00005625
3.00005983
3.00004098
3.00005072
3.00007366
3.00007568
3.00005351
3.00005844
3.00002292
3.00001593
3.00003675
3.00003686
3.00003919
3.00009010
3.00006120
3.00003191
3.00006293
3.00002923
3.00010059
3.00029403
3.00038031
3.00007304
3.00001863
3.00004351
3.00024806
3.00049861
3.00022613
3.00028590
3.00012609
3.00008369
3.00013972
3.00073307
3.00159327
3.00164326
3.00114480
3.00104724
3.00022918
3.00023512
3.00047705
3.00058250
3.00024691
3.00025388
3.00007757
3.00005149
3.00004887
3.00017290
3.00013881
3.00012594
3.00018044
3.00023598
3.00014421
3.00012893
3.00007210
3.00007103
3.00005740
3.00006903
3.00010036
3.00013960
3.00021940
3.00023499
3.00020845
3.00025992
3.00028790
3.00027548
3.00021615
3.00030520
3.00044321
3.00041829
3.00046038
3.00106701
3.00111310
3.00033816
3.00015732
3.00007965
3.00006130
3.00002417
3.00003118
3.00006326
3.00015553
3.00003554
3.00002483
3.00009564
3.00005766
3.00013324
3.00007434
3.00011915
3.00010857
3.00022174
3.00008922
3.00015767
3.00021557
3.00011584
3.00007372
3.00003904
3.00004547
3.00008595
3.00006393
3.00003266
3.00001455
3.00001349
3.00002243
3.00010749
3.00021353
3.00012415
3.00007349
3.00003878
3.00002092
3.00002830
3.00002380
3.00002255
3.00002996
3.00001491
3.00001026
3.00003103
3.00007342
3.00004876
3.00009114
3.00005899
3.00004103
3.00004379
3.00009373
3.00015070
3.00006402
3.00006128
3.00007191
3.00010806
3.00010524
3.00007742
3.00010054
3.00008156
3.00012481
3.00016206
3.00002953
3.00002359
3.00002806
3.00008544
3.00005488
3.00008512
3.00011579
3.00017359
3.00018349
3.00023492
3.00027568
3.00015041
3.00015834
3.00025144
3.00014188
3.00009546
3.00010762
3.00012038
3.00021340
3.00035637
3.00023047
3.00020247
3.00032342
3.00016614
3.00019160
3.00013199
3.00014810
3.00018728
3.00015192
3.00026927
3.00028118
3.00026698
3.00017574
3.00017316
3.00018219
3.00010985
3.00020194
3.00025493
3.00035008
3.00028523
3.00030812
3.00018975
3.00009592
3.00004537
3.00003554
3.00005520
3.00004948
3.00004098
3.00005591
3.00008123
3.00007798
3.00011733
3.00014273
3.00013968
3.00016430
3.00025033
3.00019742
3.00009426
3.00017605
3.00035400
3.00029954
3.00015022
3.00007148
3.00004051
3.00003651
3.00004710
3.00021183
3.00010169
3.00005364
3.00008460
3.00006327
3.00006372
3.00005727
3.00005356
3.00003997
3.00003111
3.00003353
3.00003389
3.00003878
3.00004970
3.00010983
3.00011547
3.00005795
3.00005522
3.00014542
3.00009463
3.00007600
3.00005705
3.00006439
3.00006033
3.00011153
3.00011118
3.00011309
3.00022303
3.00011535
3.00009044
3.00012496
3.00013267
3.00017386
3.00021445
3.00018439
3.00017511
3.00019835
3.00014930
3.00016349
3.00018552
3.00010851
3.00010425
3.00009905
3.00007313
3.00007812
3.00007584
3.00003632
3.00004586
3.00007105
3.00008227
3.00008467
3.00013684
3.00019580
3.00007900
3.00008438
3.00012980
3.00014003
3.00014315
3.00021521
3.00023354
3.00027163
3.00021345
3.00019836
3.00022767
3.00015775
3.00016916
3.00019109
3.00022615
3.00039533
3.00064324
3.00101439
3.00104741
3.00076388
3.00059108
3.00042518
3.00025181
3.00020215
3.00028097
3.00016409
3.00009029
3.00006630
3.00006237
3.00006538
3.00007066
3.00007401
3.00006884
3.00004780
3.00002946
3.00004205
3.00008635
3.00026885
3.00017121
3.00005061
3.00003911
3.00008514
3.00009962
3.00017495
3.00018559
3.00018550
3.00015209
3.00014546
3.00012310
3.00013582
3.00015274
3.00007021
3.00011216
3.00006730
3.00004942
3.00005102
3.00006020
3.00007201
3.00017943
3.00022532
3.00023264
3.00025769
3.00020283
3.00017218
3.00024531
3.00030289
3.00015428
3.00025293
3.00046572
3.00018468
3.00016678
3.00019831
3.00014746
3.00008014
3.00005780
3.00005970
3.00004980
3.00008409
3.00004977
3.00007931
3.00020534
3.00015379
3.00011563
3.00005683
3.00004966
3.00008195
3.00005368
3.00004678
3.00004668
3.00006946
3.00006888
3.00004419
3.00006390
3.00004032
3.00004446
3.00004925
3.00003455
3.00003019
3.00003583
3.00003357
3.00010830
3.00007009
3.00003110
3.00003135
3.00005166
3.00005811
3.00014612
3.00007554
3.00004457
3.00004912
3.00004282
3.00005848
3.00004913
3.00005025
3.00005485
3.00006228
3.00009534
3.00003786
3.00003391
3.00009008
3.00006801
3.00009224
3.00009304
3.00006046
3.00008759
3.00015717
3.00018112
3.00013563
3.00023994
3.00026928
3.00027419
3.00013756
3.00006466
3.00004862
3.00010133
3.00005107
3.00002573
3.00005528
3.00005119
3.00010063
3.00008555
3.00007184
3.00006654
3.00008634
3.00011487
3.00005098
3.00009235
3.00006795
3.00010087
3.00009521
3.00006533
3.00003313
3.00007870
3.00005154
3.00004806
3.00005622
3.00008372
3.00004011
3.00003723
3.00006038
3.00007766
3.00006683
3.00004987
3.00003344
3.00002516
3.00003975
3.00003327
3.00002261
3.00002966
3.00002289
3.00006044
3.00005332
3.00001914
3.00003561
3.00005509
3.00002464
3.00004586
3.00001546
3.00002232
3.00004111
3.00006298
3.00009215
3.00010788
3.00012004
3.00018152
3.00014679
3.00011538
3.00008009
3.00006732
3.00006862
3.00009056
3.00010770
3.00010242
3.00023463
3.00009365
3.00027805
3.00069686
3.00026135
3.00074586
3.00034820
3.00066120
3.00059354
3.00110399
3.00324436
3.00505561
3.00247553
3.00187234
3.00110368
3.00282122
3.00150009
3.00146125
3.00116853
3.00075861
3.00054747
3.00058022
3.00141471
3.00257463
3.00204308
3.00159439
3.00077071
3.00021153
3.00023852
3.00049859
3.00173421
3.00206941
3.00131763
3.00064006
3.00147808
3.00421122
3.00091263
3.00391713
3.00108179
3.00143964
3.00049166
3.00039709
3.00035063
3.00059349
3.00053282
3.00020550
3.00047465
3.00078030
3.00019609
3.00017589
3.00028755
3.00216397
3.00808841
3.00083210
3.00060565
3.00072492
3.00446333
3.00716510
3.00128778
3.00054623
3.00043234
3.00096544
3.00142434
3.00325736
3.00940461
3.00597546
3.01121396
3.01080141
3.00508445
3.01281681
3.01703712
3.09182761
3.07654180
3.06683474
3.12527975
3.04109176
3.04466239
3.18773945
3.46655947
3.40004709
3.07092085
3.04699448
3.05800590
3.13989658
3.06551081
3.02869601
3.05328425
3.05792558
3.09737063
3.03415182
3.04204571
3.14721618
3.08326810
3.16117653
3.42337256
3.28695211
3.10924320
3.08725214
3.31893743
3.11347404
3.04944461
3.06427758
3.17731068
3.11700295
3.25731915
3.41998505
3.15710704
3.33975164
3.54827237
3.44398969
3.15223755
3.76516847
4.25270975
3.83677844
3.20489099
3.18575423
3.13545676
3.06293191
3.04896934
3.02680678
3.13238145
3.27466929
3.54480378
3.52082896
3.15709919
3.15421746
3.30015768
3.25816198
3.59110865
3.49483917
3.70423883
3.42735703
3.54995570
3.97205985
5.00521331
4.27735479
4.19844622
3.86074043
3.99233112
4.78316970
4.78587292
4.63954663
4.46804639
4.70308124
4.95014720
5.96579921
5.32523458
4.93839055
4.88360801
5.42653546
4.18734510
4.68220523
7.04438176
7.89328030
5.45306439
4.01986715
6.40412374
5.78467768
7.69726988
9.37863299
5.04168649
6.84237777
7.88575632
4.61432672
6.60171313
7.51064986
5.31983574
6.10418526
6.60562383
5.84714242
4.57105218
5.49088269
7.37407486
7.81642906
5.49154220
6.56002455
9.00983075
7.47761220
4.81044585
7.73931866
6.64364763
4.71827987
4.90441822
4.00358253
3.39782112
4.26827870
4.16331372
3.91761187
3.55141877
3.64415489
3.67186197
3.99831217
5.06650504
4.48031953
4.49522701
3.31591171
3.45415538
3.35477972
3.25647149
3.45820916
3.51478602
3.20130299
3.32361123
3.51641149
4.26844543
6.55028711
6.53841868
4.59260771
4.26041571
5.95716316
5.53987383
4.41659352
3.56741800
5.81217611
5.85056482
6.22805708
4.02642660
6.28224716
7.16078456
5.38201083
4.09956880
6.78744399
6.32124133
4.04458155
3.95800727
5.85590425
3.58701431
5.89208354
6.84631970
6.07847526
5.35786809
5.01493520
5.68807938
4.44047911
5.12393253
3.70764316
7.64485560
6.89991762
6.74470605
6.24245839
3.67042391
5.95859269
7.51304690
7.17853809
4.77251593
5.20733485
6.04071544
6.81723315
4.76511330
6.75199684
7.22889928
5.31084744
5.57330397
5.93455979
7.48327755
7.15731789
6.63475850
5.65860903
5.75696081
6.73054244
5.23752956
4.82809532
6.08946883
4.53058417
4.35872855
5.63750255
3.90673841
4.03327074
6.48712422
7.76110287
7.81202748
4.06125898
5.74616397
5.22839940
3.77890411
4.08099323
4.72454745
4.23656192
4.85620166
3.84066869
3.42370634
3.72087900
4.60569110
4.32724588
3.37926605
3.29106212
3.36331744
3.86488747
4.77708424
4.68163499
5.01694596
5.42433760
5.16169575
3.61519055
5.64717614
6.31758818
6.11025738
4.42285227
3.98577857
4.46713542
3.54717905
3.74776615
3.45639902
4.43114407
5.56301714
5.93742534
5.20590399
4.05726839
3.59534928
4.17668422
4.03789135
5.24005885
5.34006213
6.44678819
5.65442701
3.56250957
4.22380351
4.98100214
4.92890907
4.59359117
5.10343126
3.85847468
4.36380903
4.24963550
4.25866436
4.17723449
6.32657309
5.36568824
5.08676778
5.89257297
5.24882778
6.24588070
6.50434911
4.25805285
3.66370835
3.82114515
5.45046178
6.16717209
3.96397273
5.12944546
5.29678132
5.34393871
4.31420578
4.35976331
6.65425815
6.72114500
4.28110571
3.75353920
3.56524311
5.28648080
4.49661141
3.75473734
3.79427467
3.82383745
4.30343605
5.25280628
5.97483477
5.40380778
4.27160213
3.98395116
3.77029729
4.17935993
4.08571169
3.74602192
3.77925288
3.68712743
4.15177054
3.54052989
6.51191508
3.62496455
5.79587115
6.18840202
3.93076571
3.64159593
4.17060866
3.36310946
4.06371104
3.50953466
3.93546983
4.09739254
4.27947387
5.31835178
3.70045025
6.46403199
6.03071547
3.84674781
5.60337115
5.01832869
5.64132132
5.35592182
4.34780981
3.79271218
4.54757008
4.93539236
4.63260460
5.77589646
4.59076864
4.22372895
3.88871878
4.64457490
5.70704754
8.02416215
8.50688704
8.12493552
4.28329815
6.48062125
7.63621133
8.33382841
6.38423372
3.88726049
4.18950488
4.58145975
3.60864071
3.74597003
3.35489135
4.15669700
5.49391032
5.90316915
4.85620416
3.51966520
4.64331010
5.85630635
5.96587139
4.40862523
4.28689090
4.41761811
3.60573469
4.25727939
7.17480965
5.85191159
4.97171178
5.65709994
5.43137400
4.63142371
6.12518070
4.31444271
6.59171629
7.19554148
6.57133016
6.02484914
4.80588571
3.80699831
3.78934043
4.93516306
6.75785313
6.36955577
4.89573315
4.27391282
4.17512778
4.09177471
4.91876921
7.12119128
9.05048478
6.86992053
5.79828073
7.99120335
7.57831679
5.77111769
6.19700634
8.99597937
8.31805217
7.83198806
7.99507937
8.66431874
8.16068885
5.58914465
4.26612175
3.79158833
5.53841354
8.76689333
8.17109685
3.89336158
5.81884871
7.65047062
8.52038778
7.64182582
6.23142230
7.51972419
7.55429339
6.79928016
5.27417060
8.31018541
4.32193977
8.56870431
9.15397300
8.49535504
4.74318092
7.15267373
6.97822416
5.23387995
4.76773443
7.68951497
7.62498376
7.35046680
6.07030693
5.90018233
6.27510146
5.01394156
6.03405535
5.63902010
5.29782417
5.26612606
4.85035191
4.70579005
4.53483970
5.16133609
5.94074273
7.20803745
6.11539363
6.44501985
7.76133723
8.13168247
7.67540213
5.88404160
6.99656469
7.56767048
5.71386606
3.86560974
4.00377485
4.30929747
5.38382982
4.99840377
3.95462531
3.99629965
7.06325479
4.73016604
3.75004418
3.38063711
4.75382531
4.96482463
4.83937499
4.40739428
4.83664877
6.14145258
7.62365473
12.09276153
12.76890157
12.48934726
6.82890417
7.76768385
8.56379147
9.01322319
5.95764561
5.72518892
7.77997030
7.55579721
6.36544281
5.50596116
4.20207364
6.09279100
4.93445273
4.37145326
4.42502149
4.27003787
3.80136538
4.42408918
6.36667889
7.13676747
5.18524587
4.40180793
6.30819302
9.54829227
7.29462840
5.58588986
7.24855333
6.08269606
6.72847601
6.79859931
6.21481356
6.15478599
8.65773970
8.61072914
8.68696977
8.54725027
8.60611078
5.10686842
4.04575635
3.79921395
4.09262246
5.04241670
4.95531951
6.26140871
5.04711290
5.47884096
5.43669259
7.75353701
8.10165047
4.71854501
5.78909191
5.91546239
6.22297774
6.37510220
6.27051884
8.06924102
6.59055178
4.27138539
5.78747156
6.83931050
7.07494560
8.91892718
8.37314173
7.03536542
6.28287914
10.17894987
10.33442290
10.10041893
9.34087064
9.30264315
6.10915855
8.01625989
7.68368185
6.87033790
6.26313977
7.59520426
9.60573950
9.04944258
7.31227291
6.61644507
7.52822277
8.56316697
6.03874488
5.08321552
5.67242914
7.89494723
4.78540764
5.25861854
6.40321213
7.53285953
7.57252125
7.01944757
6.76121237
6.21280240
4.67821666
4.33471605
4.84884601
5.34962671
4.59340135
7.22719481
6.56766904
3.79067498
3.50692933
4.96837499
4.49323929
4.39119517
3.72448408
3.58665018
3.70366127
3.73340158
4.61874733
7.52559077
7.01695966
6.46853890
6.74985623
6.27414091
4.76760917
8.72001398
8.43882184
9.38892408
12.13999070
12.99289774
12.32954881
11.97154530
11.34341374
11.90874833
11.99922599
11.56359473
8.40537017
6.97470622
11.58585310
10.51934181
8.90598506
11.02769858
12.45268096
12.95363083
14.17983452
13.77341075
12.86017773
9.63500932
10.91234363
8.69698183
7.46338364
8.04876731
7.24095295
5.18094535
4.12353457
6.23888336
7.43199203
8.14020626
7.53411144
4.37947190
5.51166521
3.73269112
3.81160822
6.70725642
7.59994773
7.94851074
6.89454828
6.94024045
6.07942454
4.00857931
6.56593901
6.44715563
5.72662311
4.75439159
4.63812868
5.09096789
6.50870498
5.81693961
7.47192540
7.61077281
7.29645207
5.52353036
4.27923884
4.57394944
3.71338803
6.30731044
5.43208647
5.90892328
5.26360396
5.66328157
6.27741067
6.62042339
7.51724041
5.88830223
4.36522913
6.60200333
6.23624686
3.92954510
4.77995967
5.34781769
3.85300954
5.72275321
4.18986910
3.80460128
6.04645820
5.54997802
6.28436268
5.30491510
4.02005008
6.10596587
5.17976383
3.91629634
4.28262217
6.45675040
4.13173335
7.14429560
7.21387152
5.32294956
4.03911567
4.97899787
6.76650300
7.26057559
5.63533250
5.16746096
4.41489017
5.17421682
4.52095368
5.80979516
6.15618467
6.35766055
6.21607186
5.92006432
4.68538660
5.72079834
6.47595131
4.91861012
5.51306853
6.26635774
4.16801803
3.64347440
5.20845459
6.22519646
4.33606370
4.51594818
5.22141529
4.45645009
3.69067803
3.69054687
4.46818000
3.65178699
4.03869012
4.89792378
5.44332846
5.67548765
4.76235708
4.61666084
4.52473936
4.80715154
4.69894591
4.63301558
3.89213921
3.66801323
3.42016300
3.50475573
4.38907300
4.03882947
3.63484555
4.23280885
3.36097016
3.54286060
3.54608638
3.31587560
3.71892561
3.36033105
3.62794321
3.67774419
4.17175739
3.64196232
3.85681028
4.10084892
4.07757054
3.90625029
3.56456195
3.54893754
3.12142253
3.07943001
3.05598540
3.25445797
3.96959220
3.60934189
3.19043645
3.17768381
3.51111430
3.63994989
4.32239473
3.97598765
3.67274961
3.20362613
3.23694330
3.42027208
3.27462723
3.43098035
4.02103206
3.39113689
3.16231588
3.21351383
3.39033829
3.50102154
3.04712848
3.11227384
3.02830236
3.01899585
3.02341279
3.05861868
3.14058177
3.06874163
3.02856750
3.04714139
3.04327262
3.03161652
3.11862435
3.18639960
3.03442287
3.10399901
3.14656401
3.04282246
3.01011055
3.01999525
3.00243806
3.00588391
3.00695729
3.00204892
3.00469564
3.00537560
3.00599376
3.00311993
3.00458731
3.00568373
3.00533537
3.01331262
3.02157027
3.00628795
3.05928659
3.03188871
3.00339478
3.00198446
3.00693051
3.01133491
3.00594715
3.00268081
3.00177187
3.00758670
3.00694474
3.00554124
3.00633400
3.00191866
3.00267340
3.00229347
3.00158555
3.00042724
3.00067546
3.00027706
3.00032466
3.00485378
3.00663231
3.00071797
3.00368156
3.00720449
3.00421402
3.00544540
3.00270890
3.00208123
3.00160545
3.00083995
3.00065205
3.00125152
3.00213158
3.00154828
3.00073181
3.00159134
3.00380791
3.00085113
3.00234340
3.00088728
3.00034419
3.00041625
3.00016974
3.00052579
3.00018145
3.00012724
3.00040267
3.00027401
3.00025362
3.00048802
3.00035083
3.00027889
3.00004254
3.00003987
3.00005216
3.00009129
3.00005526
3.00003660
3.00003116
3.00006094
3.00004536
3.00004491
3.00007572
3.00014251
3.00023262
3.00017318
3.00009719
3.00005582
3.00003765
3.00004445
3.00023120
3.00035578
3.00022397
3.00007967
3.00011556
3.00011254
3.00009887
3.00009518
3.00009560
3.00013057
3.00014129
3.00027296
3.00047608
3.00036387
3.00029940
3.00016359
3.00010130
3.00006756
3.00005147
3.00005524
3.00012143
3.00014833
3.00025181
3.00038696
3.00050984
3.00030200
3.00015600
3.00026394
3.00028680
3.00009330
3.00004944
3.00007527
3.00016758
3.00008726
3.00010928
3.00014475
3.00008472
3.00013722
3.00007799
3.00005819
3.00016198
3.00013090
3.00013964
3.00013015
3.00023858
3.00010582
3.00009137
3.00008943
3.00004184
3.00002335
3.00002862
3.00004157
3.00003620
3.00004261
3.00003599
3.00003633
3.00002704
3.00003974
3.00004357
3.00003357
3.00005831
3.00002428
3.00002105
3.00004301
3.00005710
3.00003557
3.00002015
3.00002590
3.00007041
3.00007102
3.00003766
3.00002817
3.00002950
3.00004984
3.00005544
3.00004181
3.00007340
3.00005966
3.00007979
3.00034580
3.00018317
3.00006501
3.00011419
3.00006241
3.00004474
3.00003369
3.00002903
3.00004595
3.00008360
3.00005302
3.00002982
3.00005534
3.00013501
3.00027538
3.00019494
3.00015670
3.00010546
3.00010374
3.00009148
3.00014024
3.00010331
3.00012198
3.00007406
3.00009756
3.00030109
3.00099743
3.00212567
3.00170698
3.00107388
3.00105721
3.00060705
3.00059567
3.00042902
3.00031930
3.00024786
3.00040410
3.00031362
3.00013818
3.00015614
3.00016951
3.00023781
3.00014427
3.00019095
3.00026376
3.00023344
3.00038968
3.00040444
3.00021509
3.00007950
3.00004249
3.00001952
3.00001307
3.00005250
3.00010039
3.00032695
3.00011529
3.00001767
3.00006404
3.00002383
3.00003893
3.00004949
3.00004862
3.00004186
3.00002443
3.00003439
3.00004765
3.00002604
3.00001055
3.00000836
3.00001109
3.00002028
3.00002369
3.00002022
3.00000851
3.00001661
3.00002116
3.00003146
3.00002317
3.00002600
3.00004808
3.00004618
3.00001646
3.00001204
3.00000634
3.00001304
3.00003296
3.00005102
3.00001797
3.00000958
3.00000787
3.00001921
3.00007014
3.00007590
3.00012163
3.00016513
3.00012751
3.00010133
3.00026620
3.00031860
3.00026654
3.00017267
3.00016341
3.00008198
3.00004485
3.00015864
3.00039806
3.00016689
3.00003633
3.00004726
3.00004649
3.00002624
3.00006175
3.00035140
3.00015997
3.00005580
3.00006891
3.00005316
3.00002795
3.00004691
3.00015395
3.00008279
3.00003095
3.00005042
3.00010754
3.00005817
3.00003804
3.00005177
3.00006307
3.00006186
3.00005946
3.00012551
3.00006950
3.00003717
3.00006814
3.00010787
3.00015159
3.00014618
3.00008611
3.00003717
3.00002921
3.00001720
3.00001838
3.00002785
3.00010753
3.00020314
3.00002579
3.00001407
3.00002379
3.00002822
3.00002730
3.00002677
3.00001689
3.00001591
3.00002549
3.00002329
3.00002189
3.00001301
3.00001894
3.00006003
3.00003542
3.00003913
3.00004577
3.00005086
3.00006857
3.00006096
3.00009590
3.00008716
3.00011495
3.00010749
3.00019628
3.00043136
3.00054661
3.00019205
3.00006638
3.00013504
3.00014369
3.00011482
3.00030250
3.00055738
3.00018241
3.00022250
3.00057151
3.00088959
3.00016742
3.00010283
3.00013067
3.00020337
3.00006373
3.00003524
3.00006869
3.00016341
3.00006241
3.00017931
3.00017977
3.00008217
3.00033562
3.00027849
3.00043303
3.00021829
3.00020483
3.00021438
3.00019234
3.00048783
3.00166529
3.00042747
3.00030390
3.00024052
3.00171061
3.00458959
3.00059503
3.00113172
3.00117142
3.00169642
3.00126490
3.00394914
3.00217956
3.00038929
3.00013876
3.00044245
3.00276344
3.00554491
3.00614970
3.00225816
3.00185708
3.00072311
3.00679789
3.02410401
3.01710567
3.02796697
3.01234478
3.00069482
3.00029193
3.00384812
3.00693778
3.00409515
3.01161928
3.00550113
3.01255820
3.00910520
3.00174467
3.03254267
3.04187372
3.01685838
3.02067375
3.04233264
3.02315579
3.01169672
3.02354892
3.08713150
3.06584866
3.11379013
3.24458058
3.06013839
3.03551025
3.12378453
3.34344780
3.47514991
3.17733710
3.04822938
3.03558377
3.15379876
3.07902130
3.00898098
3.04690248
3.03997787
3.04573026
3.04913911
3.02104880
3.03335655
3.01882960
3.09784259
3.11381019
3.24692574
3.25252827
3.05635697
3.17650148
3.12139744
3.10032729
3.20440011
3.30804956
3.15919511
3.09223984
3.29777733
3.11029510
3.15738798
3.17408865
3.05190475
3.14017286
3.07149987
3.07267617
3.22117421
3.62668903
3.46149157
3.13042270
3.53155211
3.41649920
3.82882851
3.20991024
3.16312934
3.29593054
3.39261581
3.47779973
3.18789618
3.74012379
3.73063060
3.25933584
3.43189704
4.46474871
6.02294123
4.53778424
5.49746055
5.41437412
3.84738223
6.21203795
4.50895979
3.53644274
3.29849958
3.46111339
3.16089025
3.58399074
4.34574079
4.25175923
3.55669251
3.98892510
4.87909116
4.66197869
3.29742978
3.17605036
3.51890674
3.42944455
3.38368970
3.85690707
4.77121523
4.12699826
3.90748615
3.81539373
6.69993539
8.02645486
5.78746485
4.41531459
3.70389331
4.90345641
6.83245970
7.33973161
7.94161399
9.75580284
10.88440859
8.21527187
7.24421702
10.42499335
5.96157012
5.98071096
7.05356105
4.54277667
5.95603279
4.11421849
6.57625440
7.37096888
7.80979009
7.18169777
5.33626438
4.92602091
3.45792023
3.59595182
3.26315820
3.56665185
3.70897633
4.41244684
6.17119906
8.06090282
5.78478056
7.09112449
8.20574775
5.73026248
4.48450616
5.64041690
6.61246464
4.73124746
7.15577190
8.44258781
6.97374035
5.00539789
4.73058700
4.98714879
8.70898986
12.22672794
12.11837564
7.71563147
9.71266121
12.44174593
11.98113314
10.59753751
9.52546001
10.85176319
9.10142092
7.19753693
10.59906336
11.80072002
12.32940850
10.76841026
8.29530447
10.76068805
13.05104218
13.12155582
12.75210472
9.67327286
11.83578964
9.58188181
9.87155158
8.55466935
10.70868552
10.09858633
8.81066565
8.88670140
9.41971984
8.31242708
7.09224725
9.01146409
8.90500564
6.32011956
4.97085371
7.22363359
9.40869668
11.66851568
12.81742280
11.98288748
11.83161301
12.36393215
8.67143680
12.99726528
12.07996945
8.13367915
14.44884938
16.37547188
16.36564271
16.37607852
12.06476289
13.70507262
14.57427989
16.26070384
11.86801990
16.30066560
14.69622235
15.73163983
15.53092174
12.32712967
10.94866444
13.12440039
12.79524621
13.06460871
12.14998720
10.32263695
13.69353351
15.81381740
15.43013428
13.55905295
8.07731962
9.01706657
9.11541153
9.32256002
9.47721286
14.26792308
13.76589544
13.88309087
14.75345627
14.05277564
14.96478407
15.87503869
8.99507032
15.21437515
14.40350961
11.75050142
13.83923830
14.52005984
13.41238693
14.87089056
13.59708299
9.87067718
12.03218836
11.13143544
8.77623228
10.14775201
12.35056866
13.64167880
13.26557590
10.07683508
10.76995497
14.68502600
14.93946696
15.52432763
16.82166538
14.99956733
12.82950054
14.53693861
12.72322468
13.30829959
14.15745549
13.63702034
13.32745243
13.35940200
12.78733789
8.41603306
11.75412337
7.00526794
9.39426554
8.93261993
5.96685803
6.68012674
7.60216004
10.96770780
9.94299524
11.28144133
11.61677786
15.22609546
14.96384861
13.69139948
13.79086283
14.54468460
14.13177453
13.30483798
13.35810379
10.07628981
11.45544899
11.72825928
12.91501444
11.61694922
13.52416585
8.37712398
15.15998142
15.01034158
14.42031562
13.63150296
8.65438411
7.68619073
12.48839895
12.34158729
12.04468062
12.66990486
12.10623479
13.06930519
14.49797616
14.99616746
16.21102688
15.58188620
14.19911297
13.37526433
8.30781238
11.99454958
10.31844316
10.47884081
12.09553266
12.80297649
11.44255917
9.65078926
10.67110519
13.17570015
10.78417295
11.53509116
11.85187985
12.39474092
14.51613642
14.22375765
13.87786829
12.91770304
9.20941535
9.36073276
9.89439659
10.58240212
9.95656204
8.35553360
11.13152203
11.49782121
11.31451289
13.73569044
15.08379360
15.38913888
11.12242773
15.05910791
15.87382745
15.07275144
16.12345037
15.10706860
13.54119005
11.96456934
11.33231346
10.62322556
9.16377201
10.02169206
6.10077168
8.93598752
9.52015717
9.64121476
8.50325737
5.04250830
7.84451741
8.25955113
8.14837152
8.20984702
8.88899537
8.77852531
9.00242354
10.34172143
9.41533264
6.97732667
9.98856646
7.15456212
5.26227787
8.38436111
9.52840400
10.37214970
7.23760284
8.97361580
9.95587641
11.31088377
11.33009311
11.26242275
12.10660814
7.36048208
12.25301048
11.80907258
10.96559724
11.91032802
11.83918476
9.22445025
7.36646899
8.84606555
10.05889963
8.96597097
6.98897692
5.59794444
5.52245685
9.02799379
9.82950386
8.59240196
5.59898321
9.01563663
8.37116056
7.15387248
8.05376764
10.34558613
8.39570333
6.77524081
10.86356927
8.13899724
11.29310651
10.03361857
9.23552235
9.91382508
9.76954444
7.81256476
7.31659558
6.36328202
7.51345514
6.74665365
5.90531093
5.68535303
7.96465555
5.41746962
8.35823622
8.36768502
5.97816860
7.23171810
8.56475603
8.05996396
7.51226215
8.09801284
7.35650406
4.58380737
9.37197941
11.39026002
13.17535964
13.06437944
13.29737180
14.16831790
14.98471100
14.72157094
14.30701719
12.24942089
12.59471656
11.44122621
9.05678845
7.72916671
4.82452933
9.52824931
8.80475914
8.81763538
9.19927844
9.58763741
9.33622559
6.42197251
7.62440827
6.93750425
6.85083809
8.93988690
9.01343904
7.36670986
6.47951439
8.94663433
9.23005431
9.86715339
11.21853706
13.75680493
9.65845260
11.96153490
12.09069851
10.50612369
9.48467437
7.68190127
6.75208992
4.76107013
6.54010719
5.86714458
8.27514006
6.18354532
8.07423015
10.82600071
10.76310034
11.63518904
13.58115005
14.04581337
14.64609551
14.23662704
13.24857657
10.69614125
6.13694033
9.68544094
6.12680313
9.75933402
9.65087539
8.50290990
9.33609918
10.54921673
10.64533133
9.74471455
10.32761769
10.44957345
11.54309467
11.50089254
12.40655217
12.32992366
9.51549439
10.77009324
6.88012753
6.92913818
8.40704456
12.69324730
12.08358800
11.93956631
11.00437017
11.09058548
12.37661558
13.03894071
10.36045577
12.91854152
13.22326269
12.55457396
10.34091231
12.59221794
12.85039645
14.50392232
14.19601226
14.03546356
11.71283387
11.29909407
13.72973524
13.09996482
13.46403403
13.46656913
12.55189431
13.80648676
14.51566514
14.85350723
11.92456582
10.61086878
13.98833076
13.85972677
13.83920422
14.17577214
14.04917853
11.51276522
12.02504333
8.98991287
9.70902738
10.58256480
13.00108782
12.82358307
12.81564240
12.20302461
13.88286004
12.58279173
12.32916917
14.26336509
13.31444850
10.32067248
9.01011251
8.66882310
11.34069094
12.40868236
12.73459940
12.78137594
12.13443147
12.30121061
12.58125634
12.76436076
10.57068034
8.31079922
12.09873215
11.65394867
10.12308086
11.73780984
12.47547656
12.96468956
11.02753998
12.73041131
13.34090179
12.89034157
11.64215587
10.95138086
10.45263899
11.46810389
12.34869383
11.88673028
11.81221478
13.06906155
13.87769520
14.50645655
15.07959467
15.09559986
14.27749304
11.30583517
12.39045057
11.63827098
9.96592667
7.20438618
8.73135119
10.14489743
10.88768835
10.03947604
12.75774882
12.10224498
12.26667616
12.32970140
12.95885585
14.17196919
12.65589990
12.56066726
10.96300232
12.78263948
9.74023979
11.21411961
11.60678716
12.49207426
13.64078675
13.43938047
13.64212641
13.77799412
11.59045464
11.47701093
7.08956418
12.06415316
12.70017485
11.05974714
9.73456195
11.74027563
12.46353324
12.40070428
10.60711435
9.33885711
9.88360882
12.23787886
11.58071698
11.04442466
12.04258220
13.21910806
13.04864236
11.85245196
12.54851152
8.89710968
11.94482802
12.32260782
12.20238101
10.92778558
10.91046852
9.77259187
11.16596909
11.87003890
10.87980289
10.04474023
10.25014003
8.73252453
11.87271375
8.07231616
11.69097073
14.04125531
12.77873942
12.88326319
12.38767130
11.23879303
8.98355711
7.22981087
11.03961210
11.35371428
11.56326116
11.55418216
10.79882016
9.91922353
11.11946915
10.51671372
12.24618513
12.81377785
12.47546102
11.92079808
11.15399716
10.34049982
11.20892684
11.33662002
12.25333166
12.12204794
8.50488640
11.54870600
11.32685685
11.14041189
12.45299918
11.73858582
11.38315842
12.13146679
12.27495825
11.04246068
8.75298482
6.71407651
10.09578458
8.84868049
9.06749356
7.39841863
6.15102861
6.32275368
6.46920223
7.25291189
7.42307257
6.41623880
5.21677889
7.58895880
8.13176778
8.71686266
9.25285871
9.97732572
10.02235649
10.62377011
10.97707916
12.35757438
10.42150089
10.50725314
11.82366515
11.38243425
9.70756917
9.73849322
10.83904034
9.26125793
7.32057313
10.72302415
10.51101042
10.76805908
11.43711709
11.14190324
11.07219902
10.03755667
10.63506354
10.65917130
7.80562634
8.83887486
11.67450510
11.79037658
11.40952085
12.06024392
13.33592364
12.00961617
10.49291081
6.42760721
8.47657886
7.35685332
7.66515077
5.37056265
6.27546635
9.17606082
8.68121596
8.46977698
11.28835845
10.39853481
11.75216633
9.72207941
12.03103936
13.23318730
14.20294953
13.60167148
13.58758492
12.60411873
11.88307711
10.77926468
6.74901040
7.60440403
4.90798038
5.86429136
9.85718029
10.91292634
13.10557663
14.13372240
13.68345085
12.00721744
11.76195380
10.22018390
8.96892152
11.44661965
12.02869017
12.25219987
8.98423915
9.13922772
7.63189900
11.06409488
11.53235336
10.94855835
10.05355250
7.90399886
9.04913643
6.23185354
8.27390398
8.60608084
6.12490507
4.58808163
5.82294057
7.83781871
8.06365384
8.21376430
5.26951363
5.86027607
6.82429951
5.85855984
4.53533210
4.69070272
9.45953627
9.70889081
10.13236479
8.64529103
7.87939099
4.69863569
6.05517108
6.12121482
5.99043907
5.59910409
7.48659858
8.10588255
8.80356623
13.13889420
13.56180077
11.31274360
12.58611867
13.22229108
13.17762662
12.37129852
12.91734325
12.41282180
12.40768428
12.71204069
13.65317418
14.30862628
13.57304932
13.32708576
12.44008171
11.24200754
6.14717651
10.12752126
10.16923368
10.17412755
9.72892500
9.82745480
10.50642752
11.07553232
8.45855988
10.75962985
13.51193065
12.59139883
10.24545903
6.99555951
11.54211726
12.39880125
12.62792343
9.23833815
7.09130680
9.06632209
6.56669983
4.33182045
5.56015591
5.74798107
4.49917412
7.47766739
8.12873864
5.49979132
7.69528937
9.05708126
8.65248402
8.58203784
8.32249431
10.24093436
10.05314606
8.13217817
8.85961191
10.62073933
9.55872106
9.85549790
9.65701728
10.56527913
11.94874468
12.64564293
13.69319969
10.63889689
12.76072487
12.54869106
13.17609435
14.05335279
14.99725378
15.37558776
15.50937431
10.58088734
13.90892937
12.60520321
7.74680248
11.00696631
11.37672836
12.37700534
11.11257748
11.54059996
11.46033273
11.10123746
9.85768844
12.60110649
12.04764115
10.78086818
12.62090614
11.79309622
9.60187915
5.94048107
5.90425810
8.02174039
5.17835679
4.44385250
3.85048774
5.95706846
7.93580751
4.58477911
7.66106831
8.45150769
8.11583478
8.37584235
7.44647534
5.79315246
6.45825898
6.46001471
7.42897005
8.20243656
9.25271712
9.49995445
10.67557035
8.43491139
11.74865400
12.24721836
9.66364559
12.65047543
12.01056679
10.63818786
11.75891473
11.17043907
11.66163002
13.26838189
11.81739205
7.83621852
10.63621074
7.94862436
8.71035232
8.26028118
10.30856099
11.62136939
8.61401522
5.92460602
10.14413466
7.40068060
10.31980485
11.55684851
10.81536233
10.41798321
9.58819771
11.73858271
10.64990283
11.31144301
11.80752367
13.03477840
11.63239019
8.06205476
12.34508141
11.60210320
11.38776203
8.78425927
7.39004976
6.45846812
7.39370800
8.21166372
8.04220080
6.80140878
7.99719801
6.59860533
7.26319699
7.73685440
5.54408839
5.62353772
4.62826884
4.87660593
6.71733270
7.28603403
6.36174924
6.87157483
5.65690897
5.51655132
7.66124407
6.35186039
6.65496452
8.00809911
8.12106304
9.01250182
5.73710185
8.85047427
8.70651465
7.32826369
8.00687189
10.94662324
8.53702693
10.78839314
10.71924353
8.94567973
9.35211404
9.59797890
6.96685365
4.84532480
7.55740621
6.64810731
6.87471462
6.71841614
6.16303850
5.82258716
5.12286818
6.93541631
6.55540859
4.69597782
5.29543537
6.28210363
4.78803882
5.04535628
4.19723825
5.12362609
5.24731103
5.14741628
4.21185043
3.74580083
3.52949409
4.10996641
3.70191922
3.44458948
3.78160792
4.10372808
4.06694814
4.50960499
4.91084706
4.90705252
4.37888510
4.63680789
4.94529479
3.77140630
3.93529203
6.51266543
9.84736681
10.68904195
7.42708865
7.04458018
7.79572013
9.11065821
8.80124120
9.45838395
7.04299618
7.39466766
5.22444809
8.56118497
10.26216968
9.70166656
6.53882158
8.06899526
7.27256910
4.12482179
5.39181277
6.30962464
3.56787632
5.00015042
4.89628979
4.55888000
3.87793910
5.64600717
6.65533807
6.77131456
5.40479436
5.55237964
5.27422020
4.51276055
3.85087227
4.51881868
4.65267178
3.56778641
4.11912823
5.01626747
3.63160326
3.87654981
3.32675850
3.65484831
3.41179426
3.26289672
3.45417336
3.47087690
3.54835065
3.49152559
4.25144407
3.91902791
4.94266507
4.93450096
3.63795267
4.24031956
4.79359369
4.31493449
4.42466296
3.30131828
3.43511918
3.59806291
3.34159050
3.24373759
3.28131601
4.11882416
3.41172470
3.22849550
3.22009276
3.45360895
3.33070574
3.22685094
3.09303383
3.06055180
3.08364974
3.12117588
3.05208408
3.17438149
3.09859662
3.07423585
3.17062877
3.25376643
3.24298000
3.12312311
3.10798719
3.17341393
3.04590028
3.03092498
3.03446178
3.04353849
3.14893420
3.09581736
3.01933892
3.05269060
3.14123548
3.10747448
3.14005343
3.19669995
3.17582346
3.29904360
3.13522027
3.08545349
3.16146210
3.19568508
3.13339690
3.06661921
3.06119623
3.04042868
3.02517341
3.01661396
3.01112400
3.01343049
3.02020395
3.00847264
3.00768374
3.00400600
3.00486196
3.00226359
3.00370417
3.00812326
3.00511956
3.00710322
3.01146206
3.00225249
3.00171827
3.00530675
3.01866022
3.00962141
3.00911750
3.00535575
3.01175826
3.02068822
3.02837912
3.01953316
3.00355676
3.00276238
3.00661479
3.01057957
3.00927736
3.00434502
3.00476602
3.01053710
3.01843177
3.01343683
3.01253878
3.01741404
3.01546424
3.01225367
3.00939601
3.00348484
3.00139333
3.00074351
3.00073932
3.00039927
3.00089235
3.00143312
3.00126466
3.00093824
3.00178295
3.00201775
3.00165281
3.00119543
3.00197746
3.00080346
3.00119729
3.00212995
3.00255337
3.00202926
3.00156970
3.00133012
3.00275385
3.00162807
3.00213310
3.00253595
3.00404801
3.00950674
3.01397248
3.01479729
3.00676820
3.00403813
3.00259882
3.00071983
3.00087054
3.00187010
3.00448117
3.00283054
3.00160286
3.00128615
3.00103414
3.00116911
3.00069706
3.00119850
3.00233819
3.00377272
3.00509751
3.00548619
3.00485059
3.00280054
3.00168388
3.00060727
3.00033036
3.00021779
3.00021474
3.00022167
3.00025454
3.00027822
3.00025808
3.00023228
3.00057529
3.00056055
3.00033728
3.00040792
3.00037371
3.00037233
3.00073609
3.00090340
3.00090587
3.00033306
3.00028135
3.00035134
3.00057791
3.00093217
3.00076269
3.00099172
3.00110102
3.00080064
3.00060664
3.00040626
3.00041127
3.00067772
3.00134681
3.00161679
3.00055649
3.00064139
3.00101762
3.00183673
3.00241865
3.00179650
3.00157647
3.00129781
3.00072920
3.00030764
3.00033351
3.00049351
3.00060209
3.00069410
3.00066758
3.00083944
3.00109812
3.00160099
3.00345967
3.00451285
3.00509409
3.00470029
3.00362343
3.00288298
3.00148583
3.00115823
3.00182218
3.00219602
3.00122836
3.00073195
3.00064539
3.00036445
3.00026168
3.00026029
3.00061422
3.00083970
3.00024421
3.00019499
3.00036282
3.00038911
3.00039122
3.00079595
3.00036178
3.00019387
3.00014070
3.00005001
3.00001522
3.00002270
3.00006651
3.00005290
3.00002431
3.00003798
3.00007140
3.00013875
3.00008726
3.00006612
3.00013133
3.00038283
3.00036170
3.00018542
3.00014666
3.00013120
3.00011582
3.00039097
3.00032880
3.00101880
3.00080235
3.00050187
3.00047522
3.00017791
3.00064208
3.00038462
3.00050340
3.00125729
3.00108315
3.00059323
3.00048938
3.00056371
3.00100782
3.00066514
3.00024952
3.00012767
3.00015725
3.00016715
3.00016160
3.00022524
3.00028890
3.00038293
3.00016288
3.00017392
3.00020362
3.00021015
3.00021153
3.00014882
3.00015773
3.00015036
3.00013943
3.00012224
3.00021479
3.00051338
3.00180558
3.00237214
3.00207024
3.00166096
3.00150288
3.00153448
3.00146214
3.00067598
3.00028799
3.00019970
3.00026526
3.00089435
3.00131644
3.00160861
3.00195230
3.00103727
3.00108179
3.00058678
3.00046000
3.00040121
3.00070402
3.00093832
3.00130663
3.00067005
3.00041381
3.00037441
3.00023291
3.00022960
3.00014055
3.00007569
3.00006687
3.00006410
3.00015138
3.00031456
3.00011355
3.00004114
3.00008549
3.00005960
3.00002312
3.00001826
3.00000912
3.00003498
3.00004766
3.00003275
3.00007786
3.00006113
3.00005649
3.00026488
3.00030748
3.00011886
3.00005394
3.00002389
3.00002134
3.00002789
3.00003596
3.00005204
3.00007582
3.00006575
3.00003997
3.00003489
3.00006157
3.00004796
3.00004872
3.00005022
3.00004125
3.00008779
3.00008445
3.00013255
3.00015230
3.00006128
3.00005164
3.00008928
3.00011961
3.00007004
3.00011064
3.00012871
3.00021823
3.00022924
3.00018320
3.00027168
3.00052473
3.00084164
3.00070926
3.00051412
3.00025467
3.00020716
3.00018356
3.00018113
3.00017074
3.00011628
3.00020249
3.00039059
3.00036069
3.00022405
3.00021839
3.00018827
3.00015786
3.00015580
3.00018068
3.00028208
3.00025360
3.00016037
3.00009354
3.00010374
3.00035331
3.00014740
3.00003028
3.00005231
3.00003208
3.00004113
3.00007993
3.00013002
3.00023624
3.00035302
3.00023259
3.00017406
3.00021033
3.00013773
3.00007785
3.00006285
3.00004957
3.00003445
3.00003640
3.00004317
3.00006317
3.00005459
3.00004201
3.00004204
3.00005538
3.00005310
3.00006093
3.00007641
3.00012338
3.00011679
3.00007848
3.00008256
3.00013542
3.00017285
3.00019763
3.00014593
3.00015239
3.00025883
3.00024758
3.00018336
3.00026860
3.00029818
3.00026090
3.00024746
3.00030475
3.00032925
3.00029189
3.00019835
3.00022755
3.00024262
3.00018512
3.00014092
3.00025298
3.00063907
3.00055362
3.00070795
3.00092881
3.00050188
3.00070565
3.00088483
3.00037313
3.00013486
3.00058115
3.00145366
3.00170829
3.00226492
3.00290915
3.00549185
3.00770389
3.00707110
3.00903627
3.00875061
3.00504236
3.00461012
3.00419420
3.00931564
3.01051791
3.01805227
3.03017589
3.02533745
3.02026545
3.03181800
3.03712827
3.05844987
3.03682524
3.02910590
3.00762586
3.00137776
3.00628955
3.00907929
3.00190802
3.00516608
3.00475926
3.00583792
3.01022336
3.01029364
3.00495625
3.01525028
3.00929549
3.00087146
3.00078711
3.00104578
3.00748426
3.00283748
3.00043490
3.00091456
3.00153114
3.00561849
3.00287431
3.00810727
3.00195543
3.00123783
3.00085065
3.00219507
3.00235166
3.02684158
3.02953274
3.01303401
3.01354488
3.00574754
3.00429510
3.03277550
3.04867018
3.07282411
3.03976718
3.01078937
3.02136773
3.01790259
3.09572649
3.19069355
3.28378754
3.28581008
3.30649521
3.37367044
3.13149299
3.07419977
3.66369016
4.60658661
3.71854127
3.49865188
3.16390944
3.55531772
3.82574957
3.89896164
3.68021806
4.13659486
4.19055840
3.67088135
3.24426146
3.48357018
4.31999199
4.07855997
3.50851992
3.38008671
4.22263661
3.68021966
3.57572824
3.54446612
3.81107153
4.14020643
5.32819474
4.46906466
3.27372784
3.08146298
3.08002855
3.12063428
3.07225406
3.01370690
3.05237040
3.06721179
3.03229808
3.02181841
3.04207626
3.27942932
3.45847479
3.28059397
3.09357356
3.05918129
3.07630649
3.28855756
3.25015716
3.30341695
3.07885381
3.00979045
3.11218466
3.03024932
3.34572682
3.31581039
3.62189729
3.88291982
3.69671045
3.93930298
3.46743871
4.00527161
4.37865524
6.03805728
6.18893214
6.49809799
6.51364757
5.65513478
5.66238794
4.93258304
5.20675095
5.95909239
5.11411859
4.22394200
5.44746957
5.63406115
7.29574237
7.44886239
5.66257852
5.61958116
3.79169227
3.49622116
5.17788390
5.08637886
5.23626768
5.24453736
5.46432034
6.06995076
4.96439594
4.39344741
6.05774958
7.50118843
7.31446849
5.14593220
5.59937658
7.80290434
8.04726797
8.50345544
7.27835205
4.91521245
7.09674448
8.19223812
9.31358499
6.54051454
7.07741503
5.85407816
7.77917299
8.59021783
9.86096479
11.39355014
8.73546833
8.86412615
8.42053453
8.98077331
9.44666023
8.40255816
5.98501876
6.83611492
6.48703191
8.07883545
8.17237515
11.68893274
12.90090273
8.68280988
8.51756036
10.84843396
11.39672577
10.44843232
9.43581388
6.71262714
5.28984560
4.22655736
8.82089996
8.72036987
10.36348201
10.14628557
8.76295096
7.21801264
5.92160496
8.03691483
7.92103198
11.79169474
9.98201346
8.44153009
5.56948981
4.94168494
8.59604080
5.84301151
5.33428424
5.23578779
4.76760739
5.12482758
5.13435530
5.41518209
4.50763696
3.68313857
4.83484470
4.93310249
6.75662717
8.03678390
6.53680494
4.64920910
6.50371021
5.88343321
9.70052734
10.63346149
10.72864964
7.49729310
7.43062885
6.22008928
8.45411339
8.68961946
8.22488404
7.04859374
7.47164105
8.41764490
9.63189152
10.37910678
9.37591556
6.12411604
4.61343834
9.22565128
9.37171766
8.60008360
7.97160722
6.66975074
7.91012048
9.66495735
9.49560206
9.12945601
7.54096460
7.13450846
7.98243158
5.90126296
6.74580425
7.74017326
7.18576057
8.68534416
9.19072852
9.54846015
9.45347893
9.06489944
7.14446117
7.00080747
5.86387496
8.12778427
6.53785588
6.85403975
7.01461690
5.10666562
7.54477202
5.87933858
9.11637821
10.27490562
9.14409210
5.63495327
7.47373854
8.51069844
9.98078527
9.34267583
11.03149772
11.91141603
12.47891986
11.89480738
12.52752321
11.27505627
6.35736390
9.78113967
9.14649083
7.85274263
10.34514654
10.66345109
8.89898866
9.40479359
10.01194244
6.54534938
6.44912348
7.48673333
8.49201867
7.90229621
7.22300154
8.86403036
10.17856597
10.29642283
10.50961322
10.85193016
11.37454642
11.11580790
8.76363620
6.54254756
7.16267738
9.85673992
8.72621650
7.78268113
9.48568728
10.19228424
9.59722969
9.80476989
8.41318796
5.33422242
10.56721730
10.51087485
10.19449647
11.96285451
11.20998083
11.01143385
11.81798261
11.08870036
11.81411216
11.06944574
6.41892232
8.73627234
6.26131767
9.03249477
9.88195004
10.08850003
8.92692588
7.88976036
9.66477149
9.42140031
9.57976314
9.72928232
9.31683797
8.72652860
7.54510082
8.07748495
5.38452333
6.80193295
9.59403831
9.23242008
8.39262636
9.02442970
10.68752278
8.79775604
7.82856172
9.00865805
8.74138160
6.11854198
7.34695324
11.39953770
10.08559949
9.19049137
6.25012826
10.63841456
11.85818169
10.90337979
9.82134485
8.14565174
7.46909077
8.02677807
8.70348085
5.19406938
7.09622173
8.16347463
8.28146034
6.54755173
7.69466945
7.87864200
9.36219890
10.40173848
9.44509212
5.12540491
7.22455665
5.20711652
7.47467036
8.49078564
7.56523352
4.29471190
5.27732925
6.98455878
7.16219811
9.24493303
8.06904224
9.20561968
8.28415682
7.91681307
6.25981483
7.45718597
7.88715993
8.61354594
7.20693288
6.75475821
6.94045880
7.83100271
6.89372423
6.00607822
6.46246108
5.65713602
9.34979943
8.68933589
6.24902676
8.75742840
8.21110589
5.38237791
7.13948077
7.57387268
8.40262196
7.93701592
7.09134557
8.50420894
4.90536166
7.05614647
6.97566452
6.39429379
5.95170083
6.38475789
7.83689010
6.19918416
5.52038728
5.68852207
4.32025985
5.71916654
5.65451909
6.06717230
5.72252433
7.60189816
5.69914586
5.83271361
4.33404010
5.84646156
4.73468980
3.89390546
7.06196268
6.28819676
5.75180220
6.12463557
6.85385184
5.79840166
7.95173240
7.64186135
6.63104571
4.46618572
4.13641838
6.07558827
6.12506394
6.65001794
6.06093400
7.34196549
7.77198749
7.84966550
4.67717347
7.44522058
4.45241017
6.36396907
4.48490952
5.37877164
6.80206802
6.52137302
3.57319587
4.04490501
3.52941826
5.79612750
7.04363210
6.29293679
4.62235359
5.25631499
6.92467603
6.74888481
6.24613254
6.11838056
5.99869427
7.00619227
6.73084357
6.06100907
3.89042449
4.59996141
5.15931525
5.33271847
5.55518432
6.52488344
7.40859173
7.88602164
8.08055668
7.95331703
6.95246758
4.90319583
5.78822038
5.44496340
6.08961410
6.52617303
6.93960797
7.05373384
7.06553075
6.42937946
7.19404756
7.37739718
4.48057578
5.46438564
6.47685112
9.53378684
9.66699596
7.44518402
8.54954702
9.42688710
5.42395159
5.84047262
7.28276925
6.63953423
8.09943537
8.50345720
7.45269973
6.46442401
8.32910230
8.13249569
6.82053719
6.79751651
8.68514640
8.21960560
7.23820740
6.68797064
6.21211694
3.54416081
5.13044857
5.08104522
4.97428960
5.17405482
3.78226549
7.48799508
7.53385495
6.52741456
3.95154325
6.71058977
6.75437550
4.28335879
4.66312829
6.67840154
7.52003872
8.04339140
7.89806735
5.13515548
5.77414082
5.79281225
5.33343027
3.67786902
5.13751218
4.97557424
5.56111006
5.83660946
5.14606261
3.89556595
7.71173582
7.20053878
5.69141064
4.64295549
4.79509581
5.88982361
7.39034251
8.17370032
7.90022138
6.06691003
5.32755742
3.97273756
5.96723129
6.40724482
4.81701629
4.69899020
7.83221325
6.41380292
7.02636556
4.51233328
4.82225775
4.52081357
7.19620568
5.40408592
5.00824796
6.63464000
8.24111349
8.00135337
5.79382698
5.41046543
3.89373089
5.85397748
6.61565507
8.11817800
6.49549559
4.07619735
4.85590917
3.81141131
7.14206480
6.74386887
4.43493110
4.45985035
4.47272963
4.54165711
6.62803970
6.70141833
7.73851414
7.12756411
3.88208364
3.97483518
3.73225909
4.69224178
4.50476036
4.66745510
5.50038197
4.93727066
4.45237517
4.02591755
5.21748865
3.81328341
3.62075051
3.96424601
4.29072275
5.31544509
4.40097202
4.21918463
5.12995696
4.00244529
5.37303520
6.88120598
4.69874652
4.02568643
4.64535160
4.08696777
3.62030325
4.39306242
4.35645060
3.77944966
3.61417699
4.20166918
4.78044767
3.87365282
3.95349449
3.48394419
4.04152799
4.06626841
3.63673868
3.58430585
3.64786671
3.60553141
3.57870794
3.49110832
3.55023257
3.32793135
3.28751249
3.28108844
3.26490964
3.29561368
3.37248308
3.12924701
3.09469451
3.12511469
3.20909212
3.23055640
3.12206353
3.08406375
3.06758997
3.25360886
3.09306401
3.02940705
3.05644504
3.04221116
3.05127073
3.01896005
3.01632158
3.02768701
3.02273797
3.01741559
3.01175054
3.01907479
3.01532009
3.00676069
3.01612540
3.02757184
3.02018264
3.00638714
3.00882333
3.00721032
3.00961499
3.00772509
3.00315802
3.00282548
3.00312832
3.00541080
3.00676477
3.01015548
3.00555235
3.00415502
3.00185191
3.00176331
3.00238189
3.00118456
3.00189270
3.00291204
3.00274080
3.00224647
3.00218746
3.00275738
3.00138727
3.00200410
3.00313916
3.00151170
3.00145895
3.00156763
3.00181100
3.00338397
3.00356419
3.00273897
3.00205551
3.00269503
3.00293541
3.00145173
3.00138920
3.00290389
3.00276979
3.00143725
3.00123113
3.00124538
3.00140862
3.00078179
3.00081575
3.00119819
3.00142252
3.00104479
3.00087444
3.00103962
3.00109417
3.00068848
3.00048201
3.00049506
3.00049014
3.00048254
3.00043030
3.00076279
3.00112461
3.00066836
3.00031315
3.00020788
3.00022357
3.00014771
3.00014189
3.00017114
3.00015078
3.00015253
3.00017651
3.00020023
3.00026250
3.00021814
3.00026370
3.00020722
3.00025303
3.00027859
3.00025937
3.00031248
3.00020932
3.00018380
3.00024296
3.00028424
3.00022980
3.00027782
3.00026046
3.00049252
3.00041190
3.00029429
3.00029493
3.00038515
3.00048538
3.00058500
3.00076868
3.00079295
3.00049918
3.00077829
3.00089441
3.00059621
3.00071135
3.00124312
3.00085174
3.00023419
3.00020058
3.00025397
3.00031145
3.00023738
3.00012841
3.00012263
3.00025954
3.00034969
3.00022930
3.00029433
3.00017954
3.00021105
3.00018538
3.00032107
3.00020523
3.00023024
3.00014185
3.00009295
3.00008341
3.00010879
3.00012216
3.00015837
3.00022186
3.00023057
3.00019607
3.00019581
3.00027738
3.00030331
3.00021600
3.00023421
3.00029225
3.00033843
3.00028860
3.00016432
3.00010362
3.00007158
3.00008470
3.00010989
3.00010406
3.00008099
3.00009301
3.00009479
3.00009041
3.00005367
3.00005916
3.00005595
3.00004924
3.00004051
3.00005366
3.00005347
3.00007037
3.00006807
3.00004033
3.00004697
3.00003405
3.00003480
3.00004682
3.00011160
3.00028836
3.00042956
3.00061046
3.00039100
3.00027737
3.00009271
3.00001654
3.00001110
3.00002007
3.00006687
3.00009043
3.00006849
3.00005703
3.00008587
3.00012507
3.00013446
3.00012719
3.00010333
3.00006981
3.00007871
3.00006915
3.00007418
3.00006497
3.00007288
3.00005905
3.00003029
3.00002071
3.00008835
3.00014153
3.00011002
3.00017132
3.00014676
3.00022200
3.00012026
3.00006287
3.00005825
3.00007155
3.00007346
3.00014785
3.00029701
3.00026968
3.00037745
3.00040017
3.00038364
3.00032335
3.00011317
3.00005948
3.00006661
3.00007415
3.00002787
3.00003318
3.00004791
3.00006564
3.00025278
3.00021345
3.00007006
3.00009994
3.00015490
3.00038803
3.00061835
3.00082257
3.00076191
3.00043537
3.00078434
3.00057005
3.00027235
3.00020575
3.00012778
3.00011866
3.00013774
3.00012007
3.00005730
3.00008939
3.00028826
3.00038801
3.00036085
3.00021743
3.00005489
3.00005666
3.00005333
3.00004328
3.00004884
3.00011960
3.00008101
3.00007342
3.00007439
3.00013166
3.00010337
3.00009186
3.00007811
3.00014065
3.00014083
3.00004896
3.00004788
3.00006300
3.00003155
3.00002960
3.00002908
3.00007655
3.00021071
3.00013448
3.00003441
3.00004131
3.00004760
3.00005728
3.00005583
3.00004949
3.00005386
3.00007255
3.00010506
3.00008611
3.00014658
3.00010566
3.00012373
3.00014499
3.00014851
3.00012470
3.00008625
3.00006351
3.00003974
3.00007984
3.00006210
3.00005637
3.00012680
3.00009250
3.00006259
3.00007327
3.00003845
3.00002874
3.00002863
3.00004501
3.00011554
3.00005328
3.00009151
3.00006950
3.00020992
3.00012605
3.00010474
3.00007384
3.00005289
3.00005984
3.00006733
3.00005628
3.00007123
3.00010367
3.00011802
3.00009886
3.00007496
3.00007653
