3.00000000
3.00000048
3.00001024
3.00001352
3.00000010
3.00000358
3.00000634
3.00000031
3.00000714
3.00001418
3.00000017
3.00000000
3.00000088
3.00000025
3.00000004
3.00000002
3.00000000
3.00000003
3.00000034
3.00000200
3.00000004
3.00000000
3.00000006
3.00000062
3.00000030
3.00000000
3.00000365
3.00000008
3.00000001
3.00000005
3.00000010
3.00000129
3.00000205
3.00000390
3.00000105
3.00000000
3.00000077
3.00000026
3.00000003
3.00000003
3.00000233
3.00001602
3.00001868
3.00000259
3.00000001
3.00000003
3.00000058
3.00000292
3.00001028
3.00000895
3.00000156
3.00000416
3.00000010
3.00000000
3.00000006
3.00000216
3.00000050
3.00000010
3.00000002
3.00000268
3.00000168
3.00002113
3.00000078
3.00000700
3.00000713
3.00001549
3.00002814
3.00002407
3.00000484
3.00000852
3.00003845
3.00002960
3.00002664
3.00002442
3.00000912
3.00000294
3.00000243
3.00000335
3.00004967
3.00000731
3.00001102
3.00000302
3.00000153
3.00000145
3.00000078
3.00000609
3.00000628
3.00000580
3.00000722
3.00000231
3.00000222
3.00000078
3.00000179
3.00000224
3.00000846
3.00000507
3.00001391
3.00003419
3.00000654
3.00000630
3.00001264
3.00006678
3.00009113
3.00001756
3.00000755
3.00000653
3.00000383
3.00000547
3.00000632
3.00000753
3.00002016
3.00002173
3.00000634
3.00001547
3.00000470
3.00001224
3.00000748
3.00002180
3.00000293
3.00001853
3.00003266
3.00005150
3.00002428
3.00001923
3.00012018
3.00006347
3.00011934
3.00014852
3.00028136
3.00030494
3.00043633
3.00015292
3.00014790
3.00045774
3.00023916
3.00007321
3.00004597
3.00007841
3.00008422
3.00003522
3.00001051
3.00000329
3.00001074
3.00002228
3.00002552
3.00000993
3.00001121
3.00009029
3.00006217
3.00002144
3.00001872
3.00001085
3.00000534
3.00000114
3.00000124
3.00000165
3.00000290
3.00002767
3.00001390
3.00000163
3.00000218
3.00000138
3.00001143
3.00001126
3.00000560
3.00001986
3.00001685
3.00000411
3.00000830
3.00001299
3.00013940
3.00003204
3.00002334
3.00000858
3.00001904
3.00001202
3.00000961
3.00001623
3.00001457
3.00001669
3.00001870
3.00002728
3.00001701
3.00003316
3.00010759
3.00008306
3.00009169
3.00004764
3.00002054
3.00001679
3.00001626
3.00001646
3.00002099
3.00002567
3.00001244
3.00002549
3.00004576
3.00009228
3.00008137
3.00013496
3.00028523
3.00035413
3.00038445
3.00029066
3.00021886
3.00010740
3.00013309
3.00009776
3.00004942
3.00009083
3.00013905
3.00002665
3.00007644
3.00008760
3.00003826
3.00004039
3.00002391
3.00001918
3.00002482
3.00001071
3.00006730
3.00005185
3.00003877
3.00004281
3.00004752
3.00010485
3.00016746
3.00058356
3.00015864
3.00006849
3.00020611
3.00006485
3.00006006
3.00001337
3.00000820
3.00000479
3.00000255
3.00000979
3.00000368
3.00000190
3.00000372
3.00000485
3.00001135
3.00000395
3.00000182
3.00000323
3.00000481
3.00000190
3.00000360
3.00000307
3.00000870
3.00003321
3.00000912
3.00005779
3.00001044
3.00001291
3.00000155
3.00001986
3.00005039
3.00002484
3.00001695
3.00000854
3.00000673
3.00000209
3.00000290
3.00001956
3.00002080
3.00001884
3.00007484
3.00003174
3.00001351
3.00002526
3.00014718
3.00069265
3.00098737
3.00041157
3.00034586
3.00047206
3.00085713
3.00149449
3.00243167
3.00418356
3.00203641
3.00032364
3.00021443
3.00013369
3.00004191
3.00004859
3.00001730
3.00001438
3.00013686
3.00011118
3.00000307
3.00000180
3.00000615
3.00001752
3.00000576
3.00001302
3.00003450
3.00001467
3.00005892
3.00003300
3.00001811
3.00001424
3.00000603
3.00000345
3.00000547
3.00000470
3.00000119
3.00000417
3.00001294
3.00000602
3.00001338
3.00003021
3.00001301
3.00001998
3.00001957
3.00007512
3.00076965
3.00056758
3.00005463
3.00012423
3.00030353
3.00016198
3.00011894
3.00012009
3.00036782
3.00035369
3.00032227
3.00016283
3.00026233
3.00050819
3.00028178
3.00002984
3.00008796
3.00012502
3.00007458
3.00004681
3.00006128
3.00006950
3.00016694
3.00005661
3.00001283
3.00002127
3.00006661
3.00002634
3.00000747
3.00007029
3.00015267
3.00001494
3.00000866
3.00000499
3.00001092
3.00000974
3.00000605
3.00001388
3.00002117
3.00003112
3.00004737
3.00003056
3.00002484
3.00005320
3.00003788
3.00002007
3.00002893
3.00005539
3.00003491
3.00002745
3.00022085
3.00023518
3.00001434
3.00000474
3.00000899
3.00001749
3.00000472
3.00001303
3.00003941
3.00006431
3.00001707
3.00000221
3.00001789
3.00001324
3.00004860
3.00009004
3.00015144
3.00033396
3.00037076
3.00004504
3.00002773
3.00002032
3.00001834
3.00001903
3.00001884
3.00000870
3.00001328
3.00003563
3.00001722
3.00000775
3.00000512
3.00000326
3.00006523
3.00026798
3.00008382
3.00001039
3.00000147
3.00000271
3.00001400
3.00001156
3.00000693
3.00001758
3.00000805
3.00000702
3.00002609
3.00003637
3.00001913
3.00003176
3.00001006
3.00000543
3.00001805
3.00011900
3.00025923
3.00008760
3.00002998
3.00002381
3.00008426
3.00016059
3.00007609
3.00004588
3.00001662
3.00007118
3.00025400
3.00001729
3.00000912
3.00001578
3.00007066
3.00001430
3.00002334
3.00001327
3.00001397
3.00000520
3.00000590
3.00004143
3.00003140
3.00003525
3.00013978
3.00007892
3.00008907
3.00016745
3.00009938
3.00013651
3.00032362
3.00014217
3.00012277
3.00032430
3.00011125
3.00010618
3.00004456
3.00004567
3.00005455
3.00002510
3.00007535
3.00008661
3.00010014
3.00007447
3.00008668
3.00009538
3.00005292
3.00010848
3.00019385
3.00011432
3.00003682
3.00002464
3.00002952
3.00002090
3.00000367
3.00000264
3.00000942
3.00000221
3.00000099
3.00000606
3.00001680
3.00000780
3.00000802
3.00001944
3.00004773
3.00002967
3.00000534
3.00000620
3.00002584
3.00006021
3.00006916
3.00005148
3.00002309
3.00000912
3.00000217
3.00000376
3.00000554
3.00007788
3.00002126
3.00000824
3.00002417
3.00000669
3.00000607
3.00001286
3.00001762
3.00001675
3.00001323
3.00002256
3.00004720
3.00009169
3.00013409
3.00030467
3.00031621
3.00019771
3.00023327
3.00056240
3.00027492
3.00018935
3.00012228
3.00018366
3.00019820
3.00032626
3.00040211
3.00046247
3.00091836
3.00056378
3.00038786
3.00049982
3.00042950
3.00037224
3.00036177
3.00024046
3.00020154
3.00023673
3.00017701
3.00024999
3.00025906
3.00009075
3.00007968
3.00010847
3.00009075
3.00006471
3.00008437
3.00003887
3.00004925
3.00008525
3.00010327
3.00012524
3.00023318
3.00033782
3.00007750
3.00001741
3.00004136
3.00003927
3.00001719
3.00002753
3.00002631
3.00002352
3.00001226
3.00002968
3.00006002
3.00003666
3.00003118
3.00003520
3.00003252
3.00002022
3.00002634
3.00006247
3.00008659
3.00001987
3.00001480
3.00001223
3.00000619
3.00000911
3.00001817
3.00000223
3.00000303
3.00000276
3.00000351
3.00000901
3.00000763
3.00001076
3.00001384
3.00001215
3.00000833
3.00000854
3.00002659
3.00020967
3.00013573
3.00003615
3.00001866
3.00004196
3.00002831
3.00002353
3.00001733
3.00002040
3.00005037
3.00007303
3.00005334
3.00001162
3.00002249
3.00001104
3.00004617
3.00002442
3.00001992
3.00001616
3.00003296
3.00006523
3.00016180
3.00013383
3.00009234
3.00005833
3.00004230
3.00004630
3.00007854
3.00014252
3.00001558
3.00006204
3.00020578
3.00004497
3.00002255
3.00001428
3.00001197
3.00001185
3.00002626
3.00001912
3.00000698
3.00001403
3.00001597
3.00002814
3.00016677
3.00006086
3.00003845
3.00002892
3.00001596
3.00001697
3.00001336
3.00001176
3.00002923
3.00007448
3.00004044
3.00001178
3.00001096
3.00000422
3.00001264
3.00001273
3.00000636
3.00000544
3.00001060
3.00001463
3.00013779
3.00005696
3.00000369
3.00000353
3.00001165
3.00001001
3.00008011
3.00002951
3.00000725
3.00000607
3.00000389
3.00000711
3.00000261
3.00000236
3.00000693
3.00000903
3.00003362
3.00000527
3.00000583
3.00006040
3.00004206
3.00004733
3.00003843
3.00001138
3.00001191
3.00002120
3.00002819
3.00001316
3.00001217
3.00002364
3.00004624
3.00002699
3.00001032
3.00000892
3.00006353
3.00002374
3.00000372
3.00002491
3.00001912
3.00002909
3.00001384
3.00000774
3.00000542
3.00000865
3.00001805
3.00000287
3.00001911
3.00001149
3.00004112
3.00003773
3.00001672
3.00000199
3.00004017
3.00001756
3.00000345
3.00000707
3.00003385
3.00001096
3.00000456
3.00002237
3.00003959
3.00002345
3.00001032
3.00001179
3.00000710
3.00001337
3.00001578
3.00001083
3.00000996
3.00000767
3.00005565
3.00005239
3.00000843
3.00001672
3.00004347
3.00000483
3.00003640
3.00000571
3.00001545
3.00005853
3.00011135
3.00017249
3.00020084
3.00013010
3.00020497
3.00018178
3.00012638
3.00006824
3.00008693
3.00011046
3.00010837
3.00008610
3.00007522
3.00029649
3.00010276
3.00055082
3.00157713
3.00020914
3.00152979
3.00056009
3.00056564
3.00029148
3.00141329
3.00633018
3.00534787
3.00083510
3.00063633
3.00031015
3.00096048
3.00111622
3.00071363
3.00102225
3.00167911
3.00106895
3.00148089
3.00397577
3.00349723
3.00144267
3.00188770
3.00092442
3.00015843
3.00020526
3.00040674
3.00126739
3.00096866
3.00013341
3.00004103
3.00052713
3.00410253
3.00020454
3.00493519
3.00082283
3.00091521
3.00057748
3.00046566
3.00019892
3.00066805
3.00033577
3.00001020
3.00017856
3.00032956
3.00002224
3.00004016
3.00016770
3.00394022
3.01956195
3.00132780
3.00087996
3.00055558
3.00671402
3.01036433
3.00084484
3.00067759
3.00044723
3.00032305
3.00093361
3.00186853
3.00356299
3.00271347
3.01823806
3.01159234
3.00459970
3.01229263
3.01513454
3.16405727
3.12594427
3.06450217
3.20244649
3.05035836
3.03491203
3.10840327
3.48679252
3.33720723
3.03070331
3.00533820
3.03521982
3.16186214
3.06863444
3.02276433
3.09312560
3.07916197
3.14854362
3.07295076
3.11602008
3.30986449
3.13965491
3.22477845
3.56970341
3.34103625
3.07670066
3.17589418
3.48831018
3.12787616
3.05434619
3.18033425
3.27278825
3.08305315
3.14529504
3.46659385
3.13207699
3.18076314
3.49060045
3.47721572
3.11686308
3.98334556
4.36542769
3.50212148
3.10499748
3.08013005
3.10856555
3.03711518
3.03886719
3.02778886
3.08953669
3.16109686
3.34875695
3.57900447
3.16664747
3.13058797
3.15269478
3.10833116
3.48041944
3.57015298
3.84383887
3.32017460
3.36318550
3.77431293
4.56083160
3.81150980
3.74444700
3.49901706
3.51076484
4.82504198
4.30760094
4.07773860
3.96922623
4.39621557
4.84057155
5.37916884
4.32762038
3.40951035
4.02764633
5.52687294
4.53229076
4.77900998
6.44684291
7.84689553
6.51706363
4.07290508
6.15010003
6.01977887
7.59550617
8.70885190
5.23965136
5.20446642
5.47377139
4.30691484
5.73042958
6.75532938
4.86816472
4.23237506
5.02476765
4.80302188
3.79406977
5.13257413
6.95182028
7.60873747
5.57375751
5.10091568
7.88737628
7.58047849
4.48953880
7.38498629
6.66187620
4.76943126
4.52726489
4.15810300
3.36538434
4.30245188
4.59153174
4.24709195
3.58731354
3.73359070
3.75677054
3.99359720
5.46081135
5.69371290
4.59677776
3.20207206
3.61385642
3.31845077
3.29863622
3.39079063
3.65109385
3.32597993
3.37614991
3.54755514
4.49588721
5.97810529
5.93053808
5.04060638
4.29229055
6.21991067
5.78415904
4.64709731
3.55003457
5.79128411
6.65221109
6.20726304
3.99199501
6.40226768
7.02649991
5.87844953
3.93359877
5.89670239
5.72816224
3.80986214
3.69762208
4.98158240
3.54833949
5.35535880
6.93016852
6.10380150
4.53713801
5.46994558
5.31635952
4.50789957
4.77654214
3.53455545
6.24165534
6.30136382
7.16337450
5.87189623
3.56671649
6.44700301
6.95592315
7.40199927
4.15886935
4.65964673
5.91092118
7.17465528
4.72122034
7.03369451
7.11470901
4.70163969
4.40152565
4.90252509
5.42035894
5.27715915
4.89676370
4.64052226
4.51373826
5.16817399
4.57026605
4.29488958
4.53762693
3.54038308
3.66017064
4.60589472
3.67451597
3.92583021
7.06151041
9.47971128
8.49595710
3.75834994
5.23497105
4.82371773
3.52452087
3.71029044
4.11892993
3.56043611
3.66923799
3.23448559
3.11401851
3.34334436
3.68526818
3.52235105
3.09996285
3.09181160
3.15260687
3.85258754
5.82605443
5.31947893
5.74775603
6.68429369
5.87644960
3.66704336
5.60733658
5.68129475
5.35389923
3.81260245
3.51577623
3.84526347
3.25124873
3.38252884
3.19337994
4.08606793
4.68755381
5.19051458
4.96290288
3.56528580
3.26310973
3.69054765
3.82520721
5.34565091
5.08128916
5.74952181
4.91985095
3.44703751
3.61633532
4.27456340
4.74014819
4.05265780
4.25747446
3.35423045
4.00526734
3.90348384
4.29692236
4.37164559
7.27060595
6.42398713
5.36990696
5.72229342
5.00584857
7.67074928
6.30348413
4.15073080
3.42419328
3.71011898
5.57510350
5.92440102
3.97097161
4.94480247
5.08048935
4.66808602
3.78839961
3.92908290
5.44749551
5.49867915
3.94297382
3.40726882
3.26204992
4.45922083
4.34691467
3.85023701
3.69450979
3.93628504
4.74058270
6.93262973
5.92433753
6.09662068
4.11505042
3.78584441
3.58425247
3.65702258
3.97819044
3.37488121
3.37666757
3.60181633
4.69896021
3.89902778
6.65306314
4.07929321
6.46496620
5.99646200
3.94672259
3.41176431
3.89854972
3.30969747
4.07051556
3.59130548
3.76987631
4.01926533
4.06792577
4.77910196
3.73291905
7.46843214
5.90349831
3.57498623
5.84278332
5.43315552
4.76758164
5.75193997
5.52327314
4.27301463
4.96041970
5.40014120
4.87949187
5.94839997
5.02974578
4.49685921
3.89002036
4.88431857
5.23756158
7.49663041
7.69402171
7.81298610
3.90979906
6.58612585
7.57663454
7.05572033
6.64189478
3.75009107
4.19687706
4.83016733
3.34444139
3.64077010
3.40735664
3.83429235
5.27359360
5.70701801
4.18022921
3.24479223
4.63099474
6.10854548
5.52709272
3.89572712
3.69548330
4.11560035
3.64698051
4.44355126
8.07776910
6.10156000
4.09800722
4.36045132
5.16814845
4.46195935
5.68071405
4.10558327
5.52912610
5.76029920
6.35546194
5.47352675
4.43806669
3.44461348
3.69145811
5.04143186
6.10083854
4.98832738
3.86038314
3.57774989
3.64228204
3.64538742
4.70503438
7.84244082
8.67880663
6.43182743
5.06730814
7.93110899
9.80882674
7.01169602
6.85834373
8.43749675
8.28678796
8.30508335
8.24729528
8.67448208
8.85426216
5.25110316
3.71918980
3.56586135
5.32293484
7.13664716
9.13200020
4.71784021
5.25912904
8.26907080
10.76215458
8.70337047
6.02722706
7.10537745
7.19883756
5.44853145
4.87201282
9.22830575
5.05533624
9.37050038
8.90668295
8.30473623
4.45390325
6.37789049
7.24295042
5.30453140
5.01268466
7.89431349
7.59885204
6.52460462
5.77239896
6.22446142
6.82915951
5.89629436
6.22195579
6.50442389
6.45775683
5.69837582
4.46518221
4.31355810
4.38094283
4.85579596
5.28271486
7.01830737
7.05503875
8.51457284
9.06795149
7.91341551
9.00358066
6.16109017
7.29545360
7.61496619
5.38519175
3.49603242
3.39560276
3.98974719
4.69950575
4.76752749
4.03194975
4.71787144
6.54956676
3.80195646
3.29557762
3.45344255
5.35846119
4.68809537
4.71910063
4.75182865
5.95141562
6.24384595
7.02151999
11.92632579
12.20449906
8.42507704
4.52771432
7.24112574
9.70303721
9.87805146
6.03087498
5.80488747
6.39132975
5.29909037
5.32414301
4.44701695
3.50429687
4.21299498
3.58378503
3.40671871
3.51464953
3.43270377
3.37914207
3.64437480
4.67329169
4.87291764
4.25128095
3.45739731
6.21211493
11.26752867
7.88582880
5.71897093
7.03336258
6.70522694
6.11296598
6.10176906
5.54749320
5.94712676
8.09192537
8.95444957
9.10605222
7.81329102
7.36705587
5.07500409
3.93169691
3.87335384
4.41513893
5.22080259
5.48872309
7.34361696
5.87989750
6.08225602
5.98770882
8.53130222
8.68893255
5.36769785
5.16986448
6.68726045
8.43572118
7.26651707
6.16265573
7.28559115
6.12177362
4.24842519
5.77531412
6.81587841
7.33730697
7.79026691
7.94957098
7.11834783
5.24398186
10.05251186
9.78620304
9.42373688
7.29759633
6.79084222
5.28739769
6.02343155
6.41268493
6.01906971
5.76237472
6.81874746
10.07981222
10.00936539
7.45590456
5.44861674
5.52130787
7.94920159
6.45394145
4.66151848
5.77405741
8.68877991
5.37464701
5.30815467
6.29052376
9.48291756
10.20156074
9.31235023
7.29660437
6.20074964
4.93502313
4.68402364
5.21181154
5.49345060
4.92114289
6.91994539
5.83727693
3.71441400
3.33737353
4.33480347
4.28171512
4.08660808
3.45042001
3.44882577
3.57669228
4.18298481
6.14405244
9.16353370
8.24829769
5.91443890
6.63251103
7.23512053
5.30633220
8.75212708
12.24312074
12.02418492
11.31084301
9.25810247
10.87248388
12.12958758
12.78643229
12.00549940
11.28863322
12.25777677
7.86850846
5.55159526
9.49476291
7.39476446
6.12726159
6.83896137
8.97602897
9.84956351
11.50982047
11.50654523
9.85784805
6.20437400
7.06420859
6.64780289
6.03159676
5.30811162
4.78845220
4.12121908
3.83213277
5.80008994
7.97279298
8.57309366
7.48351457
4.73760174
5.31053060
3.96066578
3.66997088
5.92530133
7.34900346
8.77148735
7.04720231
7.27514500
6.23434436
4.14551533
5.79195313
5.24163076
4.82620433
4.20260341
4.50749819
4.30233889
6.06226678
5.62769482
8.72479632
8.09136326
7.06244052
5.58881716
4.17795221
4.40661167
3.77217451
7.07112130
6.35356212
5.88580034
4.40806433
5.30891577
5.93995566
5.70423328
6.37240047
5.38022480
3.70334357
5.38378069
5.43704230
3.71247719
4.14063314
5.27163917
3.92749179
5.06750302
4.17258099
3.97697171
6.29293983
6.06036419
6.54176609
5.46529517
4.20268718
6.36252877
5.34686074
4.30736944
4.87146840
6.42400917
4.45501421
6.33057929
6.72415332
5.71493066
3.66020264
4.59455718
6.71877132
7.06366443
5.48983724
4.55979712
4.26537607
5.30069205
4.51854579
6.26500045
6.93879968
6.59409895
6.67423070
5.57424859
4.22325483
5.45599829
5.84243645
4.63974430
4.89230595
5.46477946
4.09915359
3.34551727
4.80619029
6.32823882
4.19706339
4.16708708
4.95133544
4.13326343
3.49167539
3.41407265
4.09202432
3.57630018
3.87413736
4.76277607
5.98615726
6.18759686
4.83024453
4.02994580
4.04957923
4.48928726
4.47016138
4.28614277
3.59411921
3.53688771
3.33191562
3.52701041
4.51701539
4.26786573
3.74172282
4.32059648
3.36873731
3.70076425
3.55362303
3.33463600
3.98207937
3.39018675
3.72879856
3.72245526
4.17653067
3.84029980
4.13729618
4.01055994
4.13366995
3.62493843
3.92764834
3.91603841
3.27644268
3.21447252
3.11856229
3.35589048
4.23399043
3.72749936
3.19931346
3.29899744
3.66290598
3.74088768
4.48330113
4.63568591
4.07975997
3.13326540
3.24566845
3.67987517
3.45494721
3.44837678
3.66448493
3.35226724
3.06674776
3.08360252
3.13708995
3.18303373
3.00624318
3.17727399
3.04107378
3.00904119
3.02139295
3.12197547
3.14960769
3.04330561
3.02985567
3.07261151
3.04901660
3.02550198
3.19195269
3.20391600
3.01609436
3.06317774
3.18397862
3.05444965
3.00157822
3.03369510
3.00417223
3.01698653
3.01701513
3.00507611
3.02620527
3.03896405
3.01957206
3.00788799
3.00446458
3.00441781
3.00168805
3.00202730
3.00834099
3.00136677
3.07747274
3.03198867
3.00046569
3.00025055
3.00586657
3.01394622
3.00299215
3.00130865
3.00030887
3.00291447
3.00326809
3.00222842
3.00431144
3.00012917
3.00035330
3.00137071
3.00122980
3.00008450
3.00063587
3.00012871
3.00016102
3.01522489
3.02266245
3.00044624
3.00234244
3.00649908
3.00250176
3.00055117
3.00039254
3.00069011
3.00003972
3.00007374
3.00003591
3.00007663
3.00012813
3.00002541
3.00012401
3.00441876
3.00821634
3.00006281
3.00103004
3.00052230
3.00009963
3.00010477
3.00002629
3.00066349
3.00011691
3.00003689
3.00022652
3.00034435
3.00007127
3.00006338
3.00002413
3.00012942
3.00001872
3.00007013
3.00007000
3.00006723
3.00003665
3.00002151
3.00001504
3.00007754
3.00005920
3.00003069
3.00003890
3.00014520
3.00038478
3.00017020
3.00006088
3.00003058
3.00002054
3.00001823
3.00026441
3.00038949
3.00014647
3.00001703
3.00002641
3.00001682
3.00001178
3.00001225
3.00001737
3.00003204
3.00008708
3.00028850
3.00055023
3.00031412
3.00039097
3.00037809
3.00011641
3.00005684
3.00005797
3.00002763
3.00005409
3.00005571
3.00011413
3.00008516
3.00007465
3.00008959
3.00015756
3.00032123
3.00046333
3.00003991
3.00000560
3.00001919
3.00006746
3.00001824
3.00000643
3.00002781
3.00002089
3.00000998
3.00001273
3.00000975
3.00004487
3.00008312
3.00006873
3.00001603
3.00002832
3.00002388
3.00002941
3.00006176
3.00002634
3.00000550
3.00000813
3.00001095
3.00000745
3.00001166
3.00000865
3.00000427
3.00000347
3.00000770
3.00000744
3.00000650
3.00001956
3.00001304
3.00000452
3.00000569
3.00001799
3.00000481
3.00002380
3.00006471
3.00002288
3.00004733
3.00004539
3.00006528
3.00008635
3.00012125
3.00029975
3.00014729
3.00007459
3.00036066
3.00066745
3.00070911
3.00024945
3.00009026
3.00017334
3.00011257
3.00018704
3.00016985
3.00013692
3.00005440
3.00003866
3.00004792
3.00013053
3.00042822
3.00034311
3.00041156
3.00031373
3.00015648
3.00010935
3.00013075
3.00011435
3.00014760
3.00008502
3.00010790
3.00012511
3.00021812
3.00056466
3.00055749
3.00039720
3.00030593
3.00010843
3.00008141
3.00009036
3.00002741
3.00005236
3.00007237
3.00003637
3.00001371
3.00004754
3.00009573
3.00013620
3.00014114
3.00043956
3.00060808
3.00022803
3.00029930
3.00020299
3.00042920
3.00053267
3.00034505
3.00029213
3.00013282
3.00005032
3.00000871
3.00001558
3.00005128
3.00041228
3.00014026
3.00000226
3.00003549
3.00002296
3.00000715
3.00001543
3.00005600
3.00002275
3.00001302
3.00003040
3.00003484
3.00000969
3.00000400
3.00000380
3.00000929
3.00000789
3.00000756
3.00001431
3.00000472
3.00000847
3.00002313
3.00002326
3.00000690
3.00000652
3.00004620
3.00002244
3.00000373
3.00000656
3.00000383
3.00000324
3.00002690
3.00006581
3.00000794
3.00000238
3.00000218
3.00002021
3.00009209
3.00004158
3.00006105
3.00011999
3.00018698
3.00017705
3.00009921
3.00004249
3.00004873
3.00003492
3.00002327
3.00003612
3.00001077
3.00005498
3.00032057
3.00015605
3.00001917
3.00000331
3.00001279
3.00002074
3.00003824
3.00066494
3.00014583
3.00001971
3.00007041
3.00002729
3.00002268
3.00003071
3.00003284
3.00004915
3.00002400
3.00003629
3.00010936
3.00002463
3.00001598
3.00008875
3.00012141
3.00006349
3.00003110
3.00004162
3.00005244
3.00007147
3.00009228
3.00006179
3.00007789
3.00005830
3.00002261
3.00001067
3.00001161
3.00000929
3.00001288
3.00003840
3.00011798
3.00027372
3.00001977
3.00000634
3.00000905
3.00001152
3.00002028
3.00002652
3.00001346
3.00001737
3.00004376
3.00003854
3.00004322
3.00002937
3.00002989
3.00010750
3.00004095
3.00003579
3.00004483
3.00004395
3.00006716
3.00003895
3.00007776
3.00004725
3.00007224
3.00004759
3.00012632
3.00043524
3.00078899
3.00023611
3.00011294
3.00032558
3.00017653
3.00009075
3.00056791
3.00141791
3.00025157
3.00015346
3.00100971
3.00231972
3.00025238
3.00016808
3.00032274
3.00051251
3.00018399
3.00013868
3.00013848
3.00040410
3.00017050
3.00044371
3.00044283
3.00010756
3.00055337
3.00027285
3.00054649
3.00030284
3.00020704
3.00013388
3.00011151
3.00055169
3.00330916
3.00034599
3.00022028
3.00012828
3.00281224
3.00637305
3.00014894
3.00056491
3.00099010
3.00331518
3.00310817
3.00358814
3.00403784
3.00100881
3.00102276
3.00323368
3.01246233
3.01434531
3.00957302
3.00147383
3.00261720
3.00048783
3.00163192
3.03876583
3.05402348
3.10308492
3.03797207
3.00067250
3.00029208
3.00014504
3.00058983
3.00005537
3.01501788
3.00382935
3.01231148
3.02067398
3.00285615
3.03442149
3.07113952
3.02615952
3.03596462
3.09193786
3.03085327
3.01243603
3.03182065
3.20577634
3.11650842
3.15464702
3.12770525
3.07902131
3.02764278
3.13600418
3.32710302
3.31555509
3.10249021
3.04918288
3.03202661
3.13031902
3.02665418
3.00525703
3.10412443
3.06961398
3.09439587
3.09318960
3.01928183
3.00924505
3.00772224
3.06311259
3.18750485
3.37252101
3.35750887
3.01691425
3.16078147
3.04846053
3.01741157
3.06729161
3.26210433
3.15081992
3.08328397
3.46732953
3.25650151
3.08579777
3.06335525
3.04679547
3.10307436
3.03956243
3.02784029
3.17891266
3.58367592
3.23122515
3.00699130
3.31401273
3.47770000
3.39729109
3.13302145
3.04465932
3.28931965
3.82147430
4.10535529
3.21638326
4.05232524
3.58254947
3.09325037
3.23428298
4.27887499
5.29688315
3.99838296
4.20113306
4.39963641
3.62700576
5.89378078
5.00863074
3.31898005
3.06362468
3.51587023
3.23864073
4.25955010
5.69921147
4.47592009
3.29717519
4.18240201
4.97812600
4.52690415
3.32678907
3.42649317
4.89402183
3.59683381
3.49380004
5.98661303
7.65723162
4.62300862
3.92379497
4.15705203
7.22397864
7.38917931
4.63114655
3.91346017
3.54737858
5.27622196
7.20145823
8.09381185
8.55828996
10.81842612
12.00324493
8.05213611
5.66398511
6.71360184
5.03212824
5.04182500
6.75088540
4.40791843
5.46241774
3.94762328
6.55609535
7.14943991
7.43773247
5.77565767
4.06498342
4.01264727
3.48319354
3.41722287
3.13497370
3.43152339
3.57527017
4.84164939
7.65209716
9.12050572
6.70120852
8.08184254
9.00492077
6.95593165
4.85777044
5.86437614
6.76505150
4.98620454
8.66684793
9.01526661
5.66099603
3.28350192
3.57288269
3.71371583
5.62110217
10.47713301
12.12470250
6.68823920
6.29424115
8.84434919
11.27885176
13.20791296
6.75628658
6.73643683
5.68833840
5.88178432
7.80162602
10.05410525
10.89743941
8.54713829
5.46416986
7.97496190
13.14213343
14.58061775
14.70741958
8.39801856
7.95031191
7.30592830
6.72205257
6.20235152
8.78770659
9.50305538
8.61336707
7.29122658
10.67749910
9.45333491
9.91707057
8.83001306
9.00021051
7.13852840
6.16635494
7.08123966
9.12592990
12.80260701
12.57498235
11.52944170
10.09619810
11.15752738
9.37114591
14.30516199
12.85968733
8.31550423
14.23447186
16.24302854
16.41949326
16.11205661
9.94462159
12.63674069
13.86940864
16.05551042
10.10795524
13.90372757
13.10779228
15.69613563
14.51855269
9.50917200
7.58641318
9.82877015
11.00035425
10.69891438
11.49594742
9.88601470
13.70027275
14.00040997
14.16623947
13.42842544
7.94576797
9.40199998
9.85664766
9.90413827
7.76267329
11.19078754
12.70995300
14.16174248
14.55803527
14.13129103
14.23723955
16.14354129
7.87390890
15.17180402
15.72013308
12.52364078
14.30472744
15.19383425
12.50814665
12.25099611
13.19484044
9.00141416
13.35109624
13.28439285
9.59695076
7.75371197
10.85857755
12.92543470
11.77662973
9.00368907
8.73843775
15.53402034
17.31166032
18.18074669
17.79359947
14.00866816
10.57498006
14.56430617
11.63452089
9.22434643
11.55646510
12.65258210
12.56942711
12.31071504
12.12975096
7.01926840
10.27141156
4.79019595
7.26715245
7.29820441
5.18293319
4.82401690
5.95578385
8.46671462
8.22382649
9.87742011
11.34065973
15.62819335
16.78249292
13.56149106
12.42684820
15.28716313
14.07695842
14.22908667
9.92326316
8.82706385
14.10033758
13.98097906
15.06009954
11.92313239
13.75936063
7.14468660
16.68635201
15.42496356
13.81610709
13.23273128
7.53756702
5.72183265
12.00166704
11.21525610
10.41343954
11.26174339
10.09516580
11.62106624
15.85588115
15.27098888
16.08064413
15.55211866
12.13188418
12.57527588
6.66354360
11.58161505
11.26817291
12.53674033
13.70899953
14.67226566
13.49799589
10.82067057
11.33428811
15.80734496
12.23434004
13.83434586
13.10493184
13.92025360
16.04317190
13.04360251
14.44772416
12.28891395
9.46750195
9.29276062
12.61641776
12.72273951
12.66481240
8.39935389
13.62350354
12.05558776
12.14915513
12.49469977
14.67645289
14.58855792
7.97379811
13.61948093
16.55900413
15.30192611
15.50110812
13.02705169
12.17673149
11.35656006
12.51243173
10.93623174
9.93521087
9.83503210
5.37881011
6.63283919
7.69610992
8.94311321
9.55152140
4.77817446
7.96809256
9.03721210
9.26394045
8.82044450
8.76760842
8.22383235
7.31082521
11.55202979
10.32441770
6.55193126
8.41407039
6.29292594
5.42754444
8.98286228
9.77194626
9.61918909
8.17063956
11.47295074
13.62516453
13.12866725
13.74070144
14.04995004
14.65759328
6.26882631
12.23632453
11.66708656
11.80803420
9.52828372
10.14949053
9.00335309
6.37868330
7.67692470
8.66579065
7.77197675
4.47222197
3.76507036
4.30588071
8.82637738
9.42322703
9.18873584
4.71881391
6.82305271
7.48240450
7.34211610
6.86388282
10.98908996
9.81040855
8.07775916
12.02263992
9.29899199
12.95131959
14.46015531
13.67765239
12.08448762
12.20705606
8.99586448
7.16730083
4.87029734
7.82179986
6.61623537
5.94699594
5.21267104
8.27376981
5.78036782
7.27713628
7.51261966
6.05089757
6.52901400
7.39138565
7.65741667
7.42175145
7.91492231
6.04752042
3.73783412
6.62839466
7.17974530
10.10598811
10.82057308
12.83598359
11.31631764
11.48783425
10.19727444
11.75767506
10.28421844
8.73337248
7.08287735
7.19026620
6.11468011
3.83566306
7.74465032
8.22458964
9.48088876
8.17998862
8.32635541
9.03654119
5.65618514
5.71705229
6.17457678
6.80300338
7.92948687
7.41522848
6.46475546
5.48151205
8.82311795
9.73131122
11.92814394
12.81466350
13.06974771
10.23496603
9.54416850
8.05912790
6.99117532
6.57740469
5.24329999
4.56002065
3.84340455
5.21395448
6.26476671
7.84693594
5.40395217
6.85627160
8.84054667
11.68738463
10.64010551
12.50567471
14.23348073
14.35600648
9.87589489
9.57506972
8.25640082
4.89543495
7.94911958
4.83661238
7.58488435
6.92652152
6.90691462
8.63435245
10.43104552
10.50426016
8.50409458
9.27348211
7.76183858
9.13827571
8.25835243
8.47136289
7.90521519
7.01502206
7.80290738
5.95416053
6.28862416
6.62210666
12.22760162
11.14010124
10.19820781
11.13341029
11.78989296
11.96173877
13.30958896
10.49671459
11.45855694
12.30728129
10.92344680
8.64920975
12.15476241
11.16994456
13.44189329
9.52495096
11.26968193
10.17772629
10.68894914
12.33481007
13.66376554
12.07450725
12.85480542
14.80674166
15.00250693
15.10910181
13.81386001
12.82968149
9.38279771
15.32477457
13.52961073
14.05818721
12.17144979
12.51771430
9.43071448
11.54925172
6.41472555
6.06525121
7.42554168
9.56134782
10.31478513
11.43413400
12.99621868
14.89972747
13.55758125
11.75100530
14.10381722
13.37019702
7.70284165
6.99027147
7.27243290
11.03656218
11.63435224
11.37348811
10.50578004
10.22554798
11.37998474
10.43414947
12.29359954
9.20981633
7.02267250
11.29869408
9.91716797
8.32771392
12.52768612
11.93337223
12.27737163
12.27653997
13.58331356
11.23711215
10.43283171
8.33272000
9.11334959
11.62900063
11.12455832
11.57395347
9.67975709
11.47319058
14.18491926
16.31119577
14.45651869
13.90628241
13.92120651
13.28878786
8.41567273
9.31563263
9.17203558
8.42186022
5.94082008
6.39300578
8.26466031
11.48843585
8.78737768
10.50128893
7.46452485
10.50315678
12.39323553
11.66689091
13.34585869
13.01254630
12.73306676
9.81651683
10.02600660
7.34407398
9.97245311
9.02408654
10.72385948
12.30401033
13.19021641
11.11287808
10.95409453
10.18342041
10.10151127
5.66437624
10.07808745
11.23337975
10.22588885
7.99656427
11.03002517
12.28429328
10.96269267
9.82481826
8.43350350
7.47216743
8.59964306
9.59083835
10.79259343
8.10573758
10.96227874
11.34747592
14.05919965
12.88950403
10.24420262
12.20024553
11.75239397
10.20003461
11.11535833
10.66231322
8.39449382
11.17399233
12.58974468
11.71496652
8.91134887
8.71077259
7.15863277
11.74224701
7.36666798
8.74111464
12.13889334
11.41202326
8.75911691
9.48254813
7.93540595
5.43299843
5.33054131
9.53805148
10.73703208
10.69068299
10.73884571
9.94115471
9.47522992
10.51598977
9.26754126
10.96068064
10.86687452
12.45230545
10.65291752
9.86065691
11.11437381
11.57962305
12.64797915
11.04102556
14.05783007
7.97285301
10.61301454
12.67605399
10.65667693
10.31061791
10.41085964
10.57189437
10.57186496
11.22807760
8.13990703
6.17234693
4.52638433
8.53434624
6.07225278
6.16670491
5.02255705
4.70327659
5.76529161
6.45145566
6.34632508
6.93475773
5.87230264
4.69540661
8.05030658
11.41363094
10.00737100
9.09344677
8.49246007
10.37434503
10.04831230
8.14050715
7.41370867
7.54773213
7.96233407
8.55439378
8.82029121
10.86043952
8.22647084
10.40257980
8.31988517
7.58552338
11.97493615
13.48980963
12.43206645
14.26798813
12.29837404
12.07045880
9.39018460
11.13805627
11.47836142
7.51589766
8.89881749
12.41001410
12.22614222
12.64008183
13.98629201
13.48823880
11.39016762
11.05659178
5.69212947
8.62549876
7.69968486
7.97074790
4.39174732
4.98595325
8.26238691
8.05921934
8.15224347
11.78529201
11.10821523
11.69204482
10.62294181
12.90059612
15.54742286
14.67919843
12.40594521
12.25872386
10.07550759
10.57937009
8.79050110
4.79803758
5.47290366
4.29177866
4.81923280
8.69939602
10.49611415
11.90297309
15.51696660
13.19701144
11.26988552
9.51441829
10.24596329
6.72410563
9.98964095
11.65020879
10.42151037
8.82441106
8.09841620
7.02712374
9.67517565
9.54834174
9.44492611
7.63533474
5.94161276
8.04588689
5.52430430
7.45197890
8.41190650
6.07561607
4.30119591
5.34748413
9.25210667
11.21130205
9.50605438
4.86559225
5.41424803
5.80119613
5.57503336
4.73211634
4.48037814
9.06401707
10.02312602
10.78470848
6.60388304
5.96396051
3.76793663
4.85733363
5.20965410
6.35813346
5.78963304
7.05279017
8.30771050
9.54300799
11.82560443
12.94312382
11.90908798
11.46850796
11.06954315
13.79273345
11.42840393
8.82084172
10.02042672
11.36436170
11.35896257
10.54699862
10.88289498
8.51791461
9.76342222
9.69405075
10.96420225
4.45350872
7.24527968
8.51546451
9.37348969
8.46319777
10.37582808
10.77092399
10.80928770
8.59877366
10.30571973
12.11819334
9.12387640
7.89470622
5.57621798
12.29971993
12.71932598
11.83293316
8.02506975
4.99622549
5.52057164
4.93448527
4.13993726
6.79476492
6.68629179
5.42470773
8.38454637
8.46420580
5.20078890
6.91399978
9.08980511
9.43960468
10.26073357
9.18193609
11.74531893
10.06856873
8.12733269
6.57697585
8.84504073
10.14315387
9.10532986
9.15654654
9.92260627
12.31841437
12.23541776
12.36578580
7.32528121
10.21670754
9.59136085
11.26508433
13.04899389
14.58243971
14.48173318
15.37033634
8.05393303
12.75112094
9.36080686
6.12608378
10.24013522
9.37945927
11.15679233
12.11238280
11.77663707
11.64167951
12.40783745
8.80998434
11.60460204
11.25245861
11.60797699
12.88492048
12.10581745
9.26588808
5.74766849
5.39457136
6.13010130
4.44143337
4.13980528
4.07823231
6.12540482
9.70948269
5.28609161
8.06254088
10.12444128
9.29305490
7.84172851
6.66623620
5.77059360
6.37001650
8.13308397
9.09717192
10.09301124
12.33634743
11.86403159
9.91467812
7.98506458
13.51881267
14.82839157
9.18215420
13.16037861
14.22534485
13.86277275
14.16561692
13.03025781
13.39992870
14.47906014
13.79017649
8.57918445
9.01505142
6.45537873
8.05678701
6.85987523
8.20226024
9.00816558
9.84756186
6.35448911
10.25831941
9.18245242
14.30235295
14.45871637
12.89264702
12.42847067
10.40736097
14.57741280
14.90280682
14.08083951
13.21650788
14.02673026
14.41352944
8.54372791
12.51265312
13.63364745
12.28834498
8.58362642
7.04992323
7.15368436
9.40046853
10.35052155
9.37219247
7.44994297
8.37227349
7.85033162
7.46506461
6.55923507
4.80474188
5.25894107
4.01720662
3.89891312
5.80170131
5.64385249
5.74312113
5.89008870
5.83065219
5.36027712
8.95630765
6.99223175
7.54132959
11.33160149
11.20716149
10.21778061
5.60506885
9.89528749
11.11925695
7.57125175
7.20216003
10.13637645
7.18381783
6.74724886
6.38449479
7.29409832
7.23238762
6.64204920
4.76901792
3.94444805
6.93619963
5.57308172
5.23928618
6.04045182
6.05296717
5.17383285
4.26063472
5.66624943
5.81672188
4.06884958
4.34002243
6.18145250
5.06486807
5.36650062
4.99938201
4.96967391
4.92256602
4.52835663
3.72920837
3.77961529
3.32460251
3.74220339
3.53379118
3.23928146
3.39708098
3.88964465
4.27583876
5.00096527
6.14978325
5.46138005
5.06845806
4.61277491
4.39551434
3.52379854
3.72906083
5.92390784
7.95228150
8.91054360
6.88529158
4.95719207
5.57449507
8.42656948
9.21565502
8.38304776
6.37801487
4.81094428
4.26766848
8.06164383
9.75932349
9.42341428
4.97207519
5.94683623
5.78835191
3.64503946
4.28843447
5.00411160
3.39354918
4.27801943
4.65717376
4.67831520
3.80997716
5.45044375
6.75702596
6.51964196
4.56217011
5.04413854
4.81597581
4.28603457
3.54084936
4.06688483
4.14594531
3.27325090
3.62772530
4.35728986
3.34757369
3.52565208
3.22568104
3.63742237
3.23942012
3.10685941
3.31769899
3.43729622
3.50983459
3.49149762
4.60497601
4.34631281
5.44727669
4.97376507
3.63587268
3.90379307
4.62913166
4.37335922
4.70267776
3.40945992
3.59901981
3.56309282
3.30789733
3.24252781
3.37004735
4.08657245
3.25906042
3.16244134
3.32332961
3.48317310
3.25564187
3.20253972
3.06089990
3.06299957
3.10512101
3.13570507
3.05424584
3.28597093
3.11543609
3.06890596
3.42535665
3.78071117
3.33543513
3.11226203
3.18554758
3.24789635
3.05581752
3.02426650
3.04467615
3.05453426
3.13065524
3.09597017
3.02681220
3.04378971
3.10781697
3.04769263
3.09066112
3.30371673
3.14467309
3.31070490
3.17106166
3.03361137
3.10640573
3.13718543
3.05638449
3.05119871
3.05291753
3.00942517
3.00466535
3.00789529
3.01407001
3.00280466
3.00750877
3.00959697
3.01421339
3.00395506
3.00773870
3.00676222
3.00341575
3.00860721
3.01776069
3.01107134
3.02100065
3.00385784
3.00972488
3.00951617
3.02280073
3.00895188
3.01657407
3.00753546
3.01901954
3.03351344
3.03656799
3.01585514
3.00338317
3.00315237
3.00435275
3.00326171
3.00237396
3.00185313
3.00424525
3.00497913
3.00734298
3.00323365
3.00068345
3.00071407
3.00078636
3.00177906
3.00135848
3.00113570
3.00064990
3.00051942
3.00088894
3.00069498
3.00095763
3.00070854
3.00174890
3.00112037
3.00138355
3.00164360
3.00193512
3.00119289
3.00354781
3.00285767
3.00344665
3.00188780
3.00082018
3.00161416
3.00281816
3.00300840
3.00735894
3.00361187
3.00236205
3.00259755
3.00206796
3.00173869
3.00302265
3.00466872
3.00217425
3.00189242
3.00118502
3.00049978
3.00070685
3.00054019
3.00095255
3.00215967
3.00371444
3.00334135
3.00306823
3.00213224
3.00076016
3.00052479
3.00041084
3.00031448
3.00029527
3.00020349
3.00063772
3.00119222
3.00067147
3.00017695
3.00012489
3.00007351
3.00003806
3.00008426
3.00010074
3.00009199
3.00009301
3.00008865
3.00074967
3.00039046
3.00009376
3.00014221
3.00028848
3.00034080
3.00045064
3.00026229
3.00027028
3.00013039
3.00039907
3.00029262
3.00034604
3.00063154
3.00051991
3.00058537
3.00064962
3.00056548
3.00054122
3.00052759
3.00056773
3.00065583
3.00067392
3.00155908
3.00135965
3.00145086
3.00129157
3.00106326
3.00095835
3.00059585
3.00065492
3.00052611
3.00022095
3.00034368
3.00029953
3.00014140
3.00014982
3.00022019
3.00013160
3.00009050
3.00009529
3.00010647
3.00014002
3.00006862
3.00005456
3.00003209
3.00001583
3.00003265
3.00002516
3.00002167
3.00007917
3.00014672
3.00013071
3.00016361
3.00013439
3.00023095
3.00052662
3.00047180
3.00034824
3.00040700
3.00025133
3.00018209
3.00065416
3.00043491
3.00010680
3.00021669
3.00004923
3.00006456
3.00003365
3.00000358
3.00001639
3.00001728
3.00000457
3.00000420
3.00000326
3.00000522
3.00005899
3.00010496
3.00000735
3.00000397
3.00000300
3.00001025
3.00001879
3.00000454
3.00000624
3.00001526
3.00000532
3.00000260
3.00000817
3.00006445
3.00002299
3.00000959
3.00002504
3.00000496
3.00000931
3.00000759
3.00001728
3.00011412
3.00006645
3.00002049
3.00004286
3.00007002
3.00020941
3.00021147
3.00004820
3.00000296
3.00000636
3.00001463
3.00001073
3.00002436
3.00016976
3.00047064
3.00015278
3.00025268
3.00026310
3.00019298
3.00015417
3.00013402
3.00010452
3.00004575
3.00005226
3.00013499
3.00024411
3.00024730
3.00052167
3.00034835
3.00006506
3.00008213
3.00013658
3.00009997
3.00004338
3.00001564
3.00001940
3.00007950
3.00005231
3.00003932
3.00001235
3.00003121
3.00009599
3.00000814
3.00002172
3.00002132
3.00001939
3.00002109
3.00007827
3.00004672
3.00002179
3.00002089
3.00003340
3.00009755
3.00007491
3.00007292
3.00003171
3.00002231
3.00002052
3.00000987
3.00001991
3.00016260
3.00004943
3.00000623
3.00003102
3.00003599
3.00001212
3.00003430
3.00001772
3.00006795
3.00007679
3.00003715
3.00008771
3.00011586
3.00014433
3.00035728
3.00027717
3.00005154
3.00003580
3.00005268
3.00006848
3.00009002
3.00008096
3.00004872
3.00003435
3.00003646
3.00002908
3.00002464
3.00005578
3.00002441
3.00001948
3.00006913
3.00004360
3.00005275
3.00001817
3.00003514
3.00005509
3.00001537
3.00002036
3.00007310
3.00008407
3.00003958
3.00019044
3.00018007
3.00020301
3.00025762
3.00033527
3.00070597
3.00082199
3.00051970
3.00029573
3.00029044
3.00010296
3.00009575
3.00005907
3.00004598
3.00003124
3.00001941
3.00007618
3.00029920
3.00020742
3.00006075
3.00003311
3.00003169
3.00004273
3.00009037
3.00005518
3.00005903
3.00003786
3.00000782
3.00000656
3.00002318
3.00022627
3.00003346
3.00000073
3.00001788
3.00000312
3.00000223
3.00000557
3.00000392
3.00000221
3.00001867
3.00010164
3.00001679
3.00002229
3.00001778
3.00000586
3.00001615
3.00002574
3.00000931
3.00000677
3.00000483
3.00001174
3.00000704
3.00000562
3.00000678
3.00001162
3.00001473
3.00003354
3.00005443
3.00008806
3.00010156
3.00006212
3.00006929
3.00012660
3.00014614
3.00019303
3.00020323
3.00019437
3.00033297
3.00033345
3.00027910
3.00061548
3.00069269
3.00040062
3.00029974
3.00045111
3.00039284
3.00031121
3.00018439
3.00020018
3.00013663
3.00011942
3.00010350
3.00011424
3.00028513
3.00011353
3.00012089
3.00019562
3.00001905
3.00002116
3.00015086
3.00019049
3.00009425
3.00057598
3.00104887
3.00009815
3.00016156
3.00024454
3.00093226
3.00200215
3.00265818
3.00291924
3.00482805
3.00170425
3.00233437
3.00329085
3.00698152
3.00650899
3.00508748
3.00751120
3.01055693
3.01431141
3.01447858
3.00317480
3.00124720
3.00074918
3.00264877
3.00113810
3.00061362
3.01695699
3.02993309
3.00371182
3.00603857
3.00399403
3.00212094
3.00289589
3.00609960
3.00440269
3.03857055
3.02258128
3.00041795
3.00009615
3.00005273
3.00281583
3.00147406
3.00021693
3.00104395
3.00020911
3.00138987
3.00154055
3.01486944
3.00145813
3.00079844
3.00096354
3.00176443
3.00043074
3.03322981
3.05051399
3.02438732
3.04311155
3.01156225
3.00119354
3.03550023
3.07368509
3.07073048
3.06194114
3.01996582
3.03034637
3.03496253
3.08456038
3.10156142
3.14354254
3.31002615
3.39936492
3.23766363
3.10857673
3.07623509
3.32361157
3.90608328
3.23054381
3.12270222
3.08929379
3.18239236
3.19849034
3.13708976
3.12209797
3.69934704
3.54918956
3.39837109
3.10424268
3.49890852
3.71020899
3.74574382
3.70961282
3.53654355
3.79684169
3.62154634
3.21710873
3.49924561
3.62600499
3.42107521
4.28581377
3.96446484
3.21975133
3.15587195
3.17926098
3.09650807
3.11482136
3.04212370
3.24717153
3.35477870
3.16566719
3.05483593
3.12035859
3.62002718
3.72911755
3.35732943
3.26184152
3.05571807
3.06882897
3.42757164
3.51376588
3.58059607
3.21047713
3.03220687
3.15998728
3.07781735
3.84731598
3.85165694
3.84092293
4.38976062
4.81231930
4.17757744
3.97275117
4.44478665
4.88650146
5.91215253
6.55925821
6.18887936
6.24208221
6.98868256
6.32650188
5.32642498
6.01267279
6.01931248
4.84226879
3.88429198
5.17398588
4.97209272
6.70252463
6.39349829
5.86680156
5.37196742
3.99930081
3.57277444
5.39336690
5.71836055
4.81363407
4.88911994
5.62365458
5.87921410
4.41443733
3.96658008
5.05896614
6.08978692
6.63135494
4.71924990
5.71233702
6.84964399
6.36148588
6.40922437
5.81592828
4.26214159
5.40392414
6.30677800
6.43042516
4.38831593
4.95393687
4.25901514
6.82185379
7.45124804
8.54537585
9.72430081
8.04556676
8.04891575
7.89793224
9.69643105
8.20416551
6.18380558
4.23466782
5.63435824
5.30434820
5.62514765
6.50692491
10.20499611
12.32822797
7.46156881
5.22325274
9.29674462
13.03973873
11.71406399
11.37789445
6.88949943
6.47559538
4.89376015
11.64885303
11.98293635
11.93637324
11.31838196
9.23450000
8.62895704
5.80885289
9.15307282
8.06955137
14.68938090
13.22950337
12.58268806
7.34394506
5.98616829
10.40904655
6.60157624
6.35551682
7.50280538
6.69890517
6.62151897
6.70848807
6.94889332
6.11411190
4.18618107
4.39060613
4.33325109
5.35501637
5.46207704
5.25158967
3.82769631
5.58409685
5.49133562
9.15684458
8.23620415
6.67493482
5.95305579
6.55702705
5.23698010
7.39852331
7.34020470
7.68802877
6.94863425
7.37124615
9.25712633
9.59129159
8.36238329
7.37506158
5.18682784
4.26012628
7.20518697
7.01805182
7.51087127
6.34104964
6.57915065
7.49864797
7.84146886
7.08178105
7.06441703
5.56784558
5.96288837
6.72785086
6.41332285
6.03854998
6.08781405
5.91578940
8.82827012
10.15740948
9.50599456
9.94620050
7.54474551
5.04053779
4.27787867
5.17002531
7.05558970
4.94084821
5.17163710
6.46792355
4.47733868
5.29949049
4.93486025
8.07744063
9.76641909
9.15184222
5.15398247
8.86004465
8.83092830
7.74105348
8.29813568
8.41564063
8.47271175
10.66010128
10.11329996
8.25164419
7.51668132
3.62428751
5.16800593
5.49489338
4.65297470
5.05284609
6.72708065
6.85313484
7.28723392
6.27271690
4.28215942
4.27168267
5.55120455
7.49152054
8.36638104
6.65484911
9.29610309
9.50422817
9.07280143
11.87601836
10.02585707
9.84058906
10.97418706
7.37325450
4.42644136
5.60118165
7.50705658
8.00720921
7.08567791
8.22339704
9.50460153
9.86001662
8.09878308
7.49353217
5.13712101
12.10760793
14.07250027
9.26500201
10.74710523
11.56205447
12.30481055
12.30617163
12.75265958
11.44899273
13.34128790
6.83631425
7.99144884
5.16321425
7.75693809
7.56180483
8.95035959
9.36414424
10.56187507
10.02061105
9.70426081
9.44027454
10.13881120
7.47691521
6.27251679
6.76801531
8.41729256
5.37826400
4.29114283
6.87880671
7.09607626
7.74788245
7.65752767
7.46560275
9.12633952
6.55033201
6.88684380
7.64155395
5.11958068
5.37981274
9.34521005
8.45763196
7.89347720
5.13858288
10.85983223
12.33543760
9.86049957
7.10404968
6.56441588
7.92943276
6.75678250
6.84590792
4.04569305
5.43537976
7.45812922
9.08289814
8.01050131
8.87792686
9.82003194
11.46929147
12.23941417
12.83692183
5.80888515
7.57648185
6.42178776
7.92491693
8.30848685
9.90145182
5.05764292
5.60958124
8.41579568
8.64818084
9.33991246
7.50725382
7.69887332
6.88813757
5.21238428
5.20204652
7.70684734
7.37110090
6.57527427
6.59137543
8.86881167
9.61952645
8.22436641
7.66969874
6.70449939
8.45403977
6.31367270
9.74824856
10.00432981
6.05396824
7.27547696
6.59935574
5.25143601
6.93405645
8.14255739
7.83598398
6.49612100
6.27479416
7.13841348
4.94226366
6.62394119
7.32003656
7.87205803
6.66571807
6.60347680
7.74441443
6.53013310
5.07605999
5.89038847
4.32737303
5.28678517
5.30243476
6.05644747
5.37225161
7.12299568
6.14952798
6.19452240
4.17984629
5.68601177
4.36481571
3.78401556
5.41561853
5.57986830
5.87853536
6.15129912
7.11573461
6.53784348
8.04927043
8.61870813
6.41723592
4.30179360
4.21539863
5.26503535
5.39916817
6.45571716
5.28563418
6.91886745
7.66637066
8.46066233
4.49638528
6.82470708
4.30494615
5.16904610
4.20303422
5.43240648
7.18845165
7.60101964
3.64441434
3.95033217
3.93287704
6.75998120
6.50603341
7.11716148
4.31624838
5.04579006
7.75076480
9.08027820
6.41860260
5.74371046
6.28733440
6.82472241
7.53082055
6.20101656
3.94729264
4.56537028
4.84858965
6.53850602
6.69786913
7.47522326
8.79097507
10.18941967
10.14455578
10.50934116
12.21816297
6.47152926
8.13753057
7.00391922
8.12704120
9.88971578
9.36483346
12.55448873
10.25750369
10.14491425
9.47864353
11.25017225
6.27436688
9.43475133
10.07674805
12.26060114
12.32303177
10.15333676
12.16535701
12.16056256
7.29423343
5.70501600
7.19991848
7.48536196
9.54235206
9.02733641
7.91598075
6.36608510
8.49451403
8.15989888
7.15861948
7.57347153
9.59885044
9.94764652
11.19354385
9.59630589
9.93249085
5.48712480
7.72179733
7.68361730
7.39411147
9.16317742
5.81000345
11.68592745
9.78170632
7.37606324
4.05433475
7.47926125
7.82707446
5.03043921
4.53116803
6.12467963
6.69648323
6.68933542
5.99337527
4.58532102
4.88703849
5.08149459
5.03704994
3.39498333
4.22046337
4.33158257
5.00523396
5.76580537
5.42988088
4.02408599
8.26473857
8.70348285
6.83739653
4.63879171
5.41424931
8.45499357
10.26905606
10.61949190
9.22131119
6.89253387
6.73592807
5.01867231
6.62379451
7.68734689
5.67383504
5.22256830
9.07291338
7.13953218
6.78863631
5.03975586
5.72310406
6.41294471
10.93771668
7.67963562
6.68580167
9.89262373
11.37367268
9.88027741
8.26257505
6.76757963
5.51133609
7.66389694
7.95333614
9.03509612
7.56712485
4.81669925
6.05989585
5.42303412
9.47344347
9.03724960
6.10893935
6.42946201
6.57125781
6.92031048
10.57514056
10.06298452
10.37847671
9.41584889
4.84202396
4.65044395
4.17925198
5.36549280
4.39929466
4.95899787
5.90961753
5.60113692
4.90912073
4.83595596
6.23395640
4.83630568
4.73057926
5.09749587
5.02647437
5.83125538
4.22074729
4.44249065
5.37351516
4.20236223
6.34281608
7.13092494
4.88188693
3.64845960
5.45415560
4.42312985
3.63603358
4.31843644
5.03121486
4.49223079
4.58032100
6.07852308
7.05781460
4.94723186
4.54684132
4.04797500
4.58456504
3.44249239
3.30089301
3.47550615
3.28045649
3.19383040
3.26473186
3.40504910
3.45528267
3.21683069
3.15757758
3.22276136
3.12068079
3.09486524
3.16059438
3.05695786
3.04965870
3.02376604
3.04321192
3.03385656
3.01484589
3.02342906
3.03306683
3.26720833
3.07017289
3.01352026
3.06989204
3.02742070
3.02278774
3.00698210
3.01593310
3.06831590
3.03504140
3.02168301
3.01186620
3.02440690
3.03321792
3.01313371
3.02659557
3.03423156
3.00629452
3.00066130
3.00709831
3.00539210
3.00638128
3.00554911
3.00157404
3.00056073
3.00045946
3.00126614
3.00127167
3.00126023
3.00018869
3.00022777
3.00009514
3.00009437
3.00027864
3.00009122
3.00042938
3.00152178
3.00148648
3.00127277
3.00147709
3.00148640
3.00039407
3.00042849
3.00207073
3.00044863
3.00064414
3.00045098
3.00078805
3.00111124
3.00156969
3.00108566
3.00040927
3.00081465
3.00055948
3.00016531
3.00037612
3.00180663
3.00179246
3.00077167
3.00099479
3.00111235
3.00114898
3.00053736
3.00035959
3.00054819
3.00043629
3.00024725
3.00011340
3.00017596
3.00021012
3.00017915
3.00006217
3.00004373
3.00006058
3.00004331
3.00002732
3.00030381
3.00048956
3.00007695
3.00002204
3.00001730
3.00001653
3.00001052
3.00001445
3.00003851
3.00004227
3.00002911
3.00002277
3.00002707
3.00004544
3.00003334
3.00005787
3.00003237
3.00003146
3.00004900
3.00006360
3.00009408
3.00003403
3.00001668
3.00006088
3.00007428
3.00005431
3.00007444
3.00010783
3.00040689
3.00019105
3.00011811
3.00012141
3.00018607
3.00014281
3.00014879
3.00007942
3.00005586
3.00004023
3.00014266
3.00049449
3.00023383
3.00011716
3.00038747
3.00038053
3.00004048
3.00003760
3.00003791
3.00009445
3.00008636
3.00006284
3.00008962
3.00022308
3.00022557
3.00010784
3.00022623
3.00009002
3.00006402
3.00008012
3.00018847
3.00007337
3.00006503
3.00003466
3.00002576
3.00003416
3.00004671
3.00004999
3.00006619
3.00012224
3.00011402
3.00004757
3.00003802
3.00007743
3.00009780
3.00006860
3.00016828
3.00044827
3.00051022
3.00031474
3.00014537
3.00013668
3.00008465
3.00007386
3.00009041
3.00004886
3.00007023
3.00009237
3.00005818
3.00004623
3.00002500
3.00002925
3.00002681
3.00002691
3.00001297
3.00001065
3.00001031
3.00001530
3.00002398
3.00001055
3.00002133
3.00004408
3.00012098
3.00015855
3.00018970
3.00015868
3.00007606
3.00010986
3.00002826
3.00002909
3.00001730
3.00000472
3.00000430
3.00000438
3.00002115
3.00002759
3.00001211
3.00001690
3.00003530
3.00004197
3.00001872
3.00000885
3.00000964
3.00001520
3.00002969
3.00001543
3.00001360
3.00001219
3.00001885
3.00002140
3.00000793
3.00000888
3.00008952
3.00009155
3.00001413
3.00002289
3.00001860
3.00005391
3.00001773
3.00000383
3.00000981
3.00003230
3.00007494
3.00015547
3.00012324
3.00001394
3.00001694
3.00001934
3.00001453
3.00004180
3.00001431
3.00001152
3.00001830
3.00002527
3.00000452
3.00000895
3.00000931
3.00001436
3.00014682
3.00014212
3.00002694
3.00012633
3.00048689
3.00090048
3.00132009
3.00200426
3.00303593
3.00195621
3.00231435
3.00075927
3.00029840
3.00030162
3.00005651
3.00000724
3.00000443
3.00002661
3.00002217
3.00002161
3.00004113
3.00004731
3.00011141
3.00004146
3.00000230
3.00000147
3.00000436
3.00000648
3.00000308
3.00005788
3.00001898
3.00000266
3.00000649
3.00003390
3.00000655
3.00000743
3.00002071
3.00008696
3.00010067
3.00001513
3.00000842
3.00001124
3.00001042
3.00000267
3.00000359
3.00003637
3.00021699
3.00012748
3.00000354
3.00000108
3.00000359
3.00000574
3.00000365
3.00000104
3.00000269
3.00001599
3.00002706
3.00002296
3.00004014
3.00003382
3.00002532
3.00005942
3.00008214
3.00002184
3.00000671
3.00001292
3.00000595
3.00001110
3.00000522
3.00000916
3.00010200
3.00006548
3.00001924
3.00004148
3.00000942
3.00000817
3.00001884
3.00001231
3.00002469
3.00001314
3.00003373
3.00006678
3.00011541
3.00004470
3.00006825
3.00008474
3.00002173
3.00002315
3.00004271
3.00002146
3.00002410
3.00002549
3.00002990
3.00001959
3.00001086
3.00003577
