1.00000000
1.00000000
1.00000000
1.00000000
1.00000000
1.00000000
1.00000000
1.00000000
1.00000000
1.00000000
1.00000000
1.00000000
1.00000000
1.00000000
1.00000000
1.00000000
1.00000000
1.00000000
1.00000000
1.00000000
1.00000000
1.00000000
1.00000000
1.00000000
1.00000000
1.00000000
1.00000000
1.00000000
1.00000000
1.00000000
1.00000000
1.00000000
1.00000000
1.00000000
1.00000000
1.00000000
1.00000000
1.00000000
1.00000000
1.00000000
1.00000000
1.00000000
1.00000000
1.00000000
1.00000000
1.00000000
1.00000000
1.00000000
1.00000000
1.00000000
1.00000000
1.00000000
1.00000000
1.00000000
1.00000000
1.00000000
1.00000000
1.00000000
1.00000000
1.00000000
1.00000000
1.00000000
1.00000000
0.91492760
0.91394585
0.91407758
0.83034772
0.82612258
0.82702196
0.82417506
0.82480699
0.82646745
0.82754511
0.82960910
0.83430690
0.83719212
0.83986580
0.84239846
0.84382248
0.84575665
0.84944904
0.85282624
0.85546118
0.85780704
0.85913283
0.86002707
0.85986495
0.85941863
0.85788667
0.85664195
0.85422730
0.84943020
0.84606481
0.84256488
0.83770502
0.83062452
0.82455856
0.81950754
0.81098539
0.79773659
0.78263879
0.76793861
0.75044876
0.72869194
0.71789145
0.71369761
0.71243423
0.70628428
0.69880617
0.69039118
0.67116517
0.65659010
0.64711344
0.64652705
0.64187217
0.63700771
0.65231633
0.67468661
0.69559228
0.72290498
0.74762857
0.75902289
0.76178271
0.76776654
0.77551925
0.78807122
0.79553229
0.79939562
0.79611766
0.79016572
0.79083556
0.79250002
0.78852439
0.78280872
0.78636837
0.79581803
0.80656993
0.81556094
0.82451999
0.82793444
0.82453793
0.82103610
0.81591588
0.80819815
0.80021077
0.79190689
0.78743643
0.78508067
0.78489840
0.78465861
0.78257489
0.77814215
0.77394384
0.77098876
0.76974100
0.76431119
0.75677532
0.75282711
0.75388134
0.75564373
0.75815052
0.76217920
0.76742280
0.77460074
0.78194988
0.78917438
0.79475611
0.79897028
0.80369830
0.80949396
0.81517810
0.81846160
0.81301302
0.81872404
0.82643414
0.83180124
0.83680850
0.83987552
0.84234971
0.84490353
0.84469479
0.84408730
0.84373295
0.84386545
0.84404653
0.84543306
0.84732789
0.84988105
0.85012341
0.85001957
0.85048693
0.85087669
0.85158408
0.85117662
0.85053277
0.85021585
0.85130483
0.85274488
0.85383779
0.85595840
0.85627985
0.85517269
0.85220480
0.84616381
0.83764076
0.82411885
0.80757105
0.79730207
0.79054171
0.79460073
0.80320680
0.81264514
0.82189876
0.83045071
0.83705109
0.84254014
0.84773672
0.85241723
0.85625947
0.85935855
0.86182940
0.86198527
0.86262041
0.86040270
0.86051548
0.86001372
0.85963297
0.85726464
0.85757977
0.85882735
0.86027503
0.86237198
0.86461508
0.86647195
0.86757690
0.86812282
0.86909956
0.86996764
0.87074250
0.87129140
0.87142074
0.87154466
0.87177974
0.87187994
0.87194157
0.87172955
0.87142372
0.87121767
0.87107831
0.87065005
0.87006146
0.86890733
0.86782908
0.86752325
0.86735809
0.86746818
0.86769587
0.86757791
0.86740410
0.86777490
0.86775786
0.86784452
0.86825854
0.86847472
0.86866570
0.86872226
0.86856890
0.86825866
0.86797029
0.86790740
0.86740315
0.86743283
0.86707491
0.86756414
0.86819047
0.86861020
0.86883497
0.86901897
0.86875123
0.86916304
0.86938030
0.87002945
0.87029201
0.87092865
0.87171739
0.87217736
0.87224030
0.87278026
0.87317508
0.87302959
0.87312049
0.87317908
0.87293547
0.87266415
0.87179244
0.87057120
0.86855829
0.86717278
0.86636502
0.86449611
0.86401540
0.86355865
0.86384314
0.86409646
0.86328173
0.86119413
0.86075199
0.85978264
0.85898179
0.85725254
0.85524225
0.85557443
0.85588270
0.85870767
0.86110681
0.86288953
0.86294186
0.86359030
0.86509818
0.86644018
0.86710018
0.86840105
0.86941457
0.86919475
0.86909318
0.86879390
0.86758256
0.86592031
0.86285830
0.86037368
0.86053437
0.86108822
0.85976988
0.85903585
0.86035711
0.86099172
0.85951442
0.85681635
0.85433567
0.85246527
0.85008079
0.84778512
0.84360975
0.83848691
0.83541340
0.83459777
0.83748591
0.84339261
0.84860909
0.85031998
0.85191357
0.85414052
0.85559094
0.85653883
0.85711128
0.85486370
0.85284692
0.84990662
0.84752113
0.84472120
0.84193057
0.83813733
0.83575583
0.83411467
0.83382541
0.83421248
0.83504522
0.83691889
0.83952403
0.84131187
0.84364372
0.84703082
0.84944934
0.85101932
0.85232365
0.85368067
0.85378307
0.85387397
0.85366142
0.85350978
0.85374987
0.85355675
0.85487568
0.85545170
0.85565877
0.85679114
0.85887849
0.86009175
0.86074233
0.86063010
0.85894221
0.85762310
0.85512626
0.85318160
0.85066712
0.84604335
0.84286863
0.83962214
0.84027749
0.84062976
0.84255683
0.84458989
0.84408289
0.84264731
0.84276688
0.84188044
0.84020048
0.83946490
0.83950984
0.83939457
0.83914995
0.83998984
0.84049809
0.84145790
0.84285146
0.84402710
0.84586269
0.84710169
0.84747785
0.84850425
0.84718680
0.84768999
0.84542227
0.84180748
0.83580554
0.82567203
0.81232136
0.79856884
0.78711462
0.77183378
0.75818014
0.74860215
0.74410623
0.74702722
0.75379682
0.76665550
0.78013086
0.79202616
0.80261505
0.81412572
0.82648575
0.83622044
0.84004062
0.84334105
0.84704846
0.85120124
0.85468197
0.85775656
0.86007065
0.86172086
0.86298841
0.86433458
0.86449713
0.86462647
0.86454719
0.86470687
0.86430585
0.86342764
0.86211133
0.86235291
0.86254519
0.86307710
0.86295617
0.86329293
0.86427152
0.86451870
0.86520737
0.86618561
0.86687732
0.86813086
0.86890817
0.86945868
0.86956269
0.86997962
0.87020904
0.87046379
0.86961067
0.86792827
0.86789966
0.86840677
0.86781001
0.86640441
0.86309290
0.86186403
0.86116320
0.86101019
0.86112493
0.86244720
0.86354381
0.86466002
0.86502200
0.86492747
0.86473227
0.86418343
0.86336267
0.86268008
0.85697263
0.84838414
0.83925986
0.83110940
0.82392931
0.81791353
0.81599057
0.81324565
0.80869770
0.80677330
0.80514807
0.80188268
0.80062789
0.79922330
0.79989612
0.80262762
0.80621707
0.81000829
0.81450868
0.81668305
0.81945843
0.82198477
0.82385892
0.82378358
0.82176995
0.81714928
0.81207526
0.80768472
0.80369514
0.79996741
0.79734755
0.79504901
0.79220599
0.78947014
0.78617990
0.78280723
0.77910411
0.77501279
0.77145010
0.76809061
0.76470476
0.76107430
0.75677615
0.75333399
0.75027895
0.74774891
0.74542028
0.74325687
0.74143171
0.73961455
0.73798472
0.73614520
0.73514122
0.73349768
0.73218685
0.73104733
0.72937125
0.72790807
0.72659791
0.72509217
0.72399157
0.72280353
0.72154856
0.72052300
0.71916521
0.71784347
0.71668065
0.71578169
0.71462518
0.71349901
0.71128827
0.70881575
0.70613968
0.70371759
0.70150882
0.69938266
0.69509244
0.69224596
0.69072032
0.69007736
0.68949187
0.68879783
0.68799740
0.68767768
0.68734336
0.68690866
0.68603104
0.68487382
0.68421930
0.68350971
0.68208718
0.68180269
0.68149573
0.67806667
0.66819924
0.66172040
0.65684593
0.65267342
0.65022689
0.64898610
0.64743114
0.64562684
0.64493239
0.64483100
0.64548993
0.64633435
0.64736032
0.64782077
0.64555812
0.64138323
0.63930219
0.63719267
0.63828665
0.64009500
0.64260215
0.64518869
0.64604914
0.64736474
0.64784288
0.64804423
0.64890569
0.64966768
0.64948261
0.64788520
0.64615345
0.64446962
0.64315009
0.64186114
0.63829637
0.63187802
0.62677824
0.62167883
0.61961228
0.61901957
0.61882645
0.61705321
0.61772084
0.61751842
0.61547923
0.61249769
0.61271232
0.61413115
0.61450148
0.61622804
0.61484480
0.61350191
0.61387718
0.61532676
0.61708224
0.61762321
0.61796147
0.61801136
0.61746216
0.61776417
0.61774600
0.61817086
0.61705530
0.61617255
0.61583751
0.61386377
0.61236680
0.61164373
0.61194277
0.61398125
0.61602771
0.61749250
0.61725628
0.61702400
0.61626494
0.61556870
0.61369950
0.61296362
0.61158532
0.61035180
0.60928530
0.60870582
0.60707575
0.60641527
0.60671288
0.60788393
0.60810918
0.60780239
0.60692883
0.60634631
0.60591012
0.60581875
0.60611844
0.60713494
0.60780931
0.60856283
0.60995656
0.61065960
0.61081189
0.60956192
0.60944778
0.60936034
0.60996962
0.61120081
0.61235881
0.61322743
0.61533570
0.61770207
0.61922055
0.62012994
0.62065846
0.61897153
0.61567962
0.61086011
0.60597324
0.60442930
0.60460365
0.60355115
0.60202277
0.60240167
0.60354584
0.60507566
0.60631281
0.60778499
0.60982621
0.61194193
0.61446893
0.61681485
0.61877811
0.61992645
0.62023497
0.62119406
0.62177062
0.62197918
0.61943370
0.61830634
0.61751920
0.61732060
0.61688399
0.61630738
0.61513436
0.61345643
0.61157137
0.60996473
0.61010289
0.61070836
0.61060476
0.61144620
0.61166799
0.61145157
0.61129898
0.61121374
0.61146259
0.61116517
0.61136651
0.61169875
0.61170465
0.61042619
0.60857779
0.60694832
0.60678273
0.60786051
0.60893142
0.60688102
0.60692418
0.60575914
0.60590714
0.60653412
0.60817456
0.60896003
0.60917389
0.61074746
0.61236572
0.61416411
0.61462319
0.61286777
0.61016339
0.60689062
0.60414487
0.60314357
0.60248625
0.60342145
0.60502082
0.60700709
0.60944706
0.61147219
0.61286336
0.61172545
0.61039895
0.60702574
0.60625583
0.60662842
0.60825861
0.60930973
0.60964894
0.60947144
0.60820502
0.60661131
0.60513520
0.60458291
0.60522127
0.60693973
0.60958475
0.61227608
0.61510068
0.61314273
0.61228371
0.61116767
0.60886037
0.60643476
0.60485822
0.60529804
0.60402095
0.60054815
0.60081744
0.60251105
0.60501891
0.60638505
0.60765254
0.60963869
0.61034381
0.60999548
0.60807586
0.60672086
0.60680228
0.60501170
0.60164630
0.60082054
0.60249817
0.60449225
0.60732943
0.60868245
0.60884374
0.60776162
0.60703260
0.60702491
0.60800570
0.60812652
0.60763800
0.60858387
0.60986322
0.61134750
0.61317557
0.61549264
0.61789507
0.61906880
0.61963987
0.62032300
0.62081349
0.62016505
0.62007183
0.62047011
0.62101507
0.62086344
0.62053740
0.62086928
0.62133759
0.62196064
0.62048990
0.61976993
0.62039810
0.62157112
0.62270230
0.62338233
0.62285775
0.62163097
0.62050211
0.61979282
0.61874545
0.61751831
0.61543036
0.61471051
0.61544645
0.61646652
0.61621249
0.61560762
0.61532289
0.61579734
0.61651236
0.61752015
0.61845130
0.61962044
0.62001771
0.62004507
0.62012649
0.62023556
0.62050951
0.62026042
0.62059909
0.61979681
0.61866564
0.61852562
0.61791319
0.61571187
0.61309838
0.61104715
0.60877818
0.60631549
0.60408044
0.60219324
0.59860438
0.59641576
0.59565151
0.59423757
0.59465343
0.59612745
0.59573513
0.59693044
0.59822249
0.59890431
0.59883702
0.59676701
0.59347916
0.58754843
0.58352089
0.58363861
0.58597600
0.58882475
0.59288973
0.59606320
0.59835583
0.59964889
0.60285586
0.60528123
0.60603416
0.60557151
0.60678095
0.60878038
0.60954273
0.60936797
0.60897189
0.60847169
0.60732311
0.60775667
0.60896164
0.61041075
0.61209047
0.61354846
0.61332375
0.61094755
0.60898304
0.60700011
0.60558248
0.60576063
0.60455823
0.60524207
0.60621953
0.60510099
0.60539699
0.60685557
0.60905111
0.61106896
0.61109227
0.60997421
0.60933805
0.61028618
0.61201525
0.61349446
0.61180532
0.61156410
0.60915810
0.60849983
0.60874128
0.60915399
0.60931861
0.60892719
0.60858727
0.60581172
0.60123378
0.59332424
0.59229672
0.59504426
0.59502500
0.59555030
0.59783459
0.60009027
0.60347474
0.60799736
0.61272019
0.61707485
0.62053043
0.62343097
0.62681741
0.62997127
0.63304323
0.63596225
0.63839114
0.64110643
0.64562774
0.64754236
0.64595199
0.64181268
0.63900566
0.63787913
0.63701594
0.63628429
0.63685197
0.63857472
0.64029926
0.64199239
0.64417875
0.64588213
0.64660275
0.64690942
0.64679492
0.64689440
0.64073098
0.63439167
0.63098890
0.62926161
0.62934887
0.63099951
0.63620400
0.64185232
0.64658523
0.65084666
0.65467209
0.65811282
0.66209304
0.66484481
0.66594988
0.66551143
0.66594535
0.66438770
0.66443831
0.66554952
0.66623032
0.66575050
0.66554004
0.66575533
0.66414750
0.66336745
0.66595906
0.67321610
0.68047923
0.68674105
0.69312519
0.70052344
0.70496517
0.70576137
0.70473009
0.70600176
0.70787370
0.70937479
0.70990121
0.70907801
0.70835787
0.70782584
0.70780259
0.70808291
0.70790935
0.70978415
0.71423119
0.71752489
0.72156942
0.73014611
0.73964119
0.74632406
0.74811810
0.74742985
0.74669355
0.74336433
0.73849475
0.73053652
0.71930563
0.70927042
0.70038033
0.69372201
0.68974608
0.68858975
0.68949866
0.68950605
0.68728620
0.67991513
0.67775899
0.67585135
0.67116868
0.66830778
0.67079526
0.67180437
0.67211461
0.66387242
0.65810615
0.65342993
0.65885067
0.66941094
0.68138623
0.69415009
0.70709205
0.71991342
0.73184025
0.74253148
0.76041752
0.77726883
0.79139358
0.80195177
0.80931687
0.81473631
0.82010502
0.82403916
0.82055730
0.81731045
0.81531292
0.81734467
0.82265109
0.82730061
0.83328164
0.83801031
0.83982426
0.84143305
0.84380144
0.84504527
0.84257817
0.83939689
0.82403916
0.81357133
0.79223794
0.77498555
0.75530010
0.73230779
0.70309144
0.67977136
0.66236627
0.64993107
0.64396465
0.64035910
0.63974237
0.62606418
0.61735994
0.61251110
0.60347342
0.59599710
0.58920074
0.57520747
0.56845188
0.56606084
0.56601292
0.56424737
0.56334895
0.56816119
0.58016908
0.59500426
0.60558343
0.60973126
0.61152130
0.61006796
0.61130726
0.61562896
0.62024117
0.62603158
0.62878275
0.63038534
0.63229924
0.63234568
0.63080025
0.62975729
0.62973768
0.61382425
0.60433310
0.59915549
0.59572047
0.58835721
0.57664996
0.56267947
0.54574382
0.53542835
0.52956533
0.52655476
0.53018183
0.53565806
0.53959787
0.54541892
0.54921246
0.55675882
0.57192791
0.59548926
0.61765039
0.62601423
0.62449533
0.61669874
0.60381711
0.58724350
0.56470680
0.54992050
0.53449422
0.51064903
0.47752297
0.45068190
0.43713880
0.43307397
0.43308669
0.43432251
0.44544283
0.46474004
0.48405346
0.50838059
0.53234196
0.54484516
0.55178976
0.54476255
0.52942353
0.51771337
0.50584888
0.50555545
0.50726885
0.50423676
0.50286752
0.49961591
0.49637157
0.49212503
0.49425408
0.49963567
0.51455629
0.52138942
0.51809329
0.51752871
0.50019580
0.48317432
0.46218410
0.45799965
0.45896348
0.47181168
0.48703936
0.50220281
0.52049780
0.53770238
0.55469143
0.57093078
0.59316152
0.61298770
0.62938499
0.64390141
0.65927017
0.67252409
0.67912149
0.68156582
0.68402278
0.68672448
0.68388945
0.67896628
0.67427069
0.67702031
0.68404007
0.69244885
0.70057440
0.70866221
0.71669853
0.72308844
0.73188943
0.73884243
0.74512208
0.74968541
0.75431061
0.75763261
0.76022202
0.76202631
0.76352835
0.76507521
0.76457024
0.76516390
0.76655531
0.76721364
0.76793432
0.77108109
0.77207237
0.77240705
0.77187270
0.77179456
0.77157074
0.77081436
0.76750535
0.76294398
0.75789446
0.75241941
0.74761760
0.74412024
0.74300659
0.74597496
0.74656337
0.74736220
0.75143725
0.75792277
0.75877517
0.76295084
0.76500899
0.76431125
0.76106238
0.75667965
0.75209498
0.74736959
0.74230766
0.73445612
0.72562087
0.71689582
0.70814902
0.69786769
0.69087452
0.68623060
0.68424809
0.68312395
0.68280786
0.68263805
0.68305290
0.68444693
0.68489599
0.68498683
0.68231988
0.67863220
0.67445987
0.67027533
0.66670841
0.66359353
0.66192758
0.66099125
0.66048133
0.65980136
0.65940833
0.65842396
0.65574902
0.65192598
0.64603502
0.64109468
0.63660443
0.63233453
0.62895155
0.62799740
0.62629575
0.62162971
0.61773932
0.61205262
0.60789788
0.60674453
0.60709703
0.60943061
0.61082637
0.60840565
0.60888970
0.60866582
0.60896331
0.60872096
0.60787946
0.60795939
0.60610801
0.60433638
0.60205406
0.60026997
0.59830099
0.59723723
0.59663582
0.59655464
0.59653413
0.59695715
0.59717417
0.59742272
0.59703314
0.59632987
0.59563452
0.62372601
0.65760595
0.68876678
0.71379435
0.73064095
0.74481225
0.75508368
0.76322794
0.76906240
0.77436662
0.77883077
0.78222448
0.78468341
0.78700507
0.78780437
0.78609657
0.78473788
0.78341901
0.78158331
0.77821344
0.77392054
0.76813829
0.76288956
0.75816625
0.75388318
0.75017190
0.74764991
0.74509859
0.74318731
0.74131048
0.73972261
0.73893064
0.73771101
0.73734462
0.73746854
0.73759204
0.73845714
0.74045217
0.74300236
0.74593818
0.74957824
0.75347865
0.75751394
0.76126176
0.76305598
0.76477242
0.76506728
0.76487339
0.76494384
0.76458865
0.76438308
0.76384306
0.76260459
0.76054347
0.75794739
0.75672334
0.75644189
0.75766450
0.75932539
0.76116657
0.76310718
0.76494890
0.76658958
0.76813537
0.76977223
0.77152032
0.77284712
0.77436161
0.77562517
0.77696884
0.77831662
0.77969122
0.78075212
0.78184974
0.78322315
0.78498149
0.78708768
0.78896832
0.79077059
0.79243869
0.79397148
0.79488820
0.79583704
0.79591620
0.79542947
0.79451489
0.79298759
0.79157168
0.79002470
0.78756601
0.78427905
0.78145134
0.77894551
0.77645683
0.77537030
0.77530688
0.77629167
0.77832550
0.78052390
0.78200775
0.78318900
0.78400230
0.78313333
0.78092986
0.78041649
0.78075063
0.78236365
0.78414756
0.78356540
0.78242409
0.78130990
0.77963936
0.77897698
0.78007960
0.78212208
0.78513026
0.78844649
0.79109639
0.79223460
0.79302108
0.79122502
0.78954607
0.78808528
0.78675765
0.78686780
0.78652698
0.78680712
0.78782433
0.78957522
0.79053074
0.78985959
0.78673762
0.78419870
0.78249544
0.77996874
0.77911121
0.78022110
0.78260958
0.78508776
0.78721464
0.78942293
0.79143828
0.79240417
0.79221594
0.79152477
0.79139173
0.79224449
0.79388261
0.79465353
0.79563975
0.79692209
0.79663038
0.79599607
0.79555041
0.79443234
0.79337555
0.79314268
0.79300272
0.79297763
0.79369450
0.79452318
0.79506898
0.79569191
0.79574364
0.79530805
0.79248393
0.78975958
0.78787637
0.78604144
0.78518260
0.78526223
0.78594589
0.78737587
0.78952825
0.79110461
0.79183900
0.79219717
0.79277217
0.79343063
0.79432511
0.79391026
0.79399276
0.79418385
0.79429775
0.79463410
0.79571867
0.79652888
0.79747814
0.79795492
0.79838407
0.79774839
0.79720914
0.79663062
0.79583251
0.79492438
0.79362732
0.79226989
0.79132503
0.78912920
0.78613108
0.78360337
0.78135610
0.77843183
0.77506948
0.77138793
0.76875061
0.76662558
0.76203740
0.75679296
0.75138175
0.74684548
0.74446148
0.74374658
0.74393761
0.74569714
0.74859226
0.75212711
0.75573063
0.75954103
0.76331782
0.76632226
0.76891738
0.77164292
0.77448720
0.77584976
0.77727211
0.77807784
0.77908212
0.78040373
0.78127640
0.78164208
0.78160101
0.78158975
0.78197378
0.78373671
0.78644037
0.78964937
0.79255021
0.79495496
0.79710871
0.79931509
0.80102915
0.80213499
0.80261463
0.80280846
0.80336106
0.80350673
0.80410683
0.80446082
0.80438453
0.80309826
0.80101991
0.79704577
0.79212946
0.78775346
0.78424454
0.78288972
0.78272665
0.78300792
0.78463864
0.78643620
0.78809029
0.79034847
0.79286849
0.79520053
0.79742867
0.79968297
0.80109519
0.80142027
0.80192488
0.80263793
0.80326879
0.80437493
0.80488199
0.80434251
0.80338269
0.80187732
0.80054098
0.79931730
0.79856473
0.79769427
0.79711479
0.79636699
0.79639924
0.79760963
0.79912025
0.80030918
0.80154932
0.80317563
0.80480903
0.80615890
0.80673158
0.80668014
0.80559951
0.80378085
0.80159694
0.79886049
0.79663712
0.79529589
0.79356378
0.79213178
0.79222691
0.79359299
0.79602253
0.79794329
0.79865134
0.79750478
0.79750913
0.79844970
0.79952723
0.80072463
0.80177838
0.80263925
0.80353945
0.80461329
0.80580461
0.80613035
0.80530286
0.80430669
0.80296558
0.80088896
0.79977131
0.79918051
0.79855937
0.79846889
0.79882395
0.79900157
0.79904282
0.79887199
0.79806942
0.79785138
0.79764342
0.79765749
0.79859227
0.79907918
0.79960364
0.80032170
0.80141532
0.80205745
0.80272216
0.80326414
0.80378437
0.80443221
0.80524343
0.80664945
0.80782771
0.80669761
0.80416840
0.80205482
0.80016237
0.79885036
0.79843968
0.79838622
0.79846442
0.79784095
0.79686779
0.79544967
0.79490691
0.77487677
0.74658930
0.71762812
0.69165605
0.67006773
0.65289390
0.63931692
0.62890643
0.62134606
0.61597693
0.61230153
0.61004841
0.60828102
0.60713506
0.60561132
0.60437626
0.60365552
0.60356277
0.60404354
0.60495931
0.60624880
0.60791904
0.60953468
0.61080635
0.61136806
0.61104161
0.61019266
0.60775870
0.60474634
0.60395932
0.60517770
0.60754138
0.60666919
0.60775959
0.60994804
0.61099541
0.61249179
0.61468363
0.61699730
0.61939532
0.62149459
0.62322140
0.62476885
0.62618905
0.62776381
0.62896818
0.63121361
0.63535315
0.63987291
0.64348447
0.64729351
0.65105295
0.65436983
0.65675551
0.65849608
0.65972310
0.66060096
0.66146070
0.66382509
0.66714633
0.67054564
0.67181534
0.67259675
0.67452675
0.67750770
0.68121815
0.68481988
0.68683058
0.68770975
0.68794024
0.68725169
0.68662155
0.68543589
0.68379927
0.68147993
0.67945892
0.67692107
0.67507672
0.67124033
0.66623026
0.66527098
0.66690004
0.67011058
0.67435795
0.67954206
0.68611598
0.69304609
0.70062423
0.70806074
0.71623832
0.72457951
0.73085761
0.72963393
0.72395432
0.71877682
0.71496415
0.71246821
0.71111131
0.71310771
0.71647710
0.72451496
0.73536003
0.74855679
0.76375997
0.77744842
0.78881508
0.79750955
0.80291212
0.80533952
0.81515318
0.82248276
0.83150351
0.83943295
0.84442210
0.84627116
0.84721637
0.84747428
0.84664398
0.84331203
0.83505702
0.82126278
0.80368119
0.78492850
0.76431555
0.74699014
0.72647107
0.70383024
0.68060821
0.66921979
0.66729820
0.67874658
0.69722867
0.71995121
0.74245626
0.76654696
0.78703523
0.80349618
0.81692624
0.82696623
0.83491689
0.84112859
0.84521991
0.84882808
0.84762025
0.84405833
0.83872944
0.83490795
0.83161396
0.82765508
0.82224518
0.81464696
0.80922276
0.80318630
0.79722083
0.79032022
0.78279024
0.77527440
0.76855230
0.76281101
0.75726873
0.75390011
0.75169122
0.75154424
0.75328737
0.75795120
0.76508462
0.77210277
0.77635550
0.77992833
0.78186822
0.78385502
0.78396219
0.78513515
0.78317028
0.77903187
0.77634412
0.77519953
0.77240282
0.77038580
0.76320767
0.75563300
0.74731761
0.73867863
0.72998834
0.71895599
0.70347685
0.68804753
0.67431194
0.66449642
0.65395737
0.64624202
0.63665789
0.62727916
0.61649644
0.60693783
0.59964776
0.59364045
0.59007752
0.58878076
0.58825153
0.59122360
0.59771538
0.60491204
0.61151886
0.61743885
0.62223530
0.62294734
0.62227553
0.62019295
0.61746365
0.61345196
0.61149091
0.61093676
0.61135715
0.61275828
0.61438686
0.61477333
0.61479449
0.61520708
0.61425239
0.61387748
0.61147141
0.60940999
0.60606331
0.60417646
0.60113519
0.59805816
0.59384489
0.59062093
0.61750203
0.65135568
0.68305236
0.70822823
0.72510791
0.73799449
0.74674916
0.75323224
0.75644165
0.75744015
0.75806671
0.75864500
0.75762314
0.75759757
0.75587857
0.75413960
0.75115478
0.74955708
0.74900383
0.75081605
0.75093085
0.75160009
0.75368720
0.75755638
0.76133037
0.76580006
0.77020991
0.77487272
0.77844387
0.78161693
0.78378618
0.78655016
0.78906024
0.79141647
0.79287255
0.79428345
0.79524791
0.79589957
0.79612571
0.79598475
0.79537308
0.79408687
0.79299283
0.79207629
0.79164755
0.77016348
0.73122871
0.67613828
0.61141032
0.54700488
0.49794897
0.46075866
0.42997679
0.40661278
0.39662442
0.38816077
0.37741104
0.37236330
0.36359563
0.34821120
0.33355469
0.32224673
0.31540287
0.30762371
0.29980293
0.29417923
0.29067078
0.28293270
0.28036770
0.27659348
0.27314728
0.27242371
0.27074349
0.27218002
0.27668604
0.28380024
0.28607881
0.28946069
0.29384959
0.29106840
0.29131040
0.29009438
0.29001158
0.29185414
0.29290962
0.28981408
0.28635281
0.28528354
0.27716830
0.27299482
0.26640177
0.26878092
0.26712587
0.26398864
0.26410404
0.26758718
0.26775798
0.26753989
0.26982358
0.27217004
0.27509227
0.27463394
0.27241415
0.27435929
0.28041130
0.28655210
0.29374665
0.29894415
0.30787188
0.31925279
0.32590911
0.31357285
0.30207160
0.29695913
0.29640108
0.29425547
0.29110238
0.28768662
0.28105581
0.27707461
0.27117577
0.26807052
0.26680794
0.26480860
0.26244035
0.25804758
0.25348142
0.25457934
0.25640440
0.25401515
0.25335416
0.25161824
0.25272629
0.25367340
0.25799659
0.26201305
0.26755795
0.27021796
0.28902593
0.29877511
0.30527377
0.30433932
0.31079307
0.31177244
0.30747518
0.30797449
0.31200150
0.30723459
0.30623543
0.30326071
0.30030599
0.29884326
0.29361570
0.29026449
0.28417602
0.27924824
0.27668869
0.27908728
0.27977878
0.27625123
0.27433631
0.27219141
0.26827571
0.26548395
0.26729682
0.26525134
0.26480445
0.26175344
0.25788993
0.25348800
0.25107640
0.24891256
0.24803570
0.24660721
0.24600020
0.24571601
0.24567033
0.24666579
0.24724758
0.24723120
0.24772346
0.24692933
0.24962051
0.25375664
0.25888571
0.26106593
0.26303557
0.26686984
0.26862076
0.28105572
0.28454828
0.28547189
0.28426450
0.27846256
0.27160096
0.26900953
0.26296830
0.26510498
0.27045891
0.27601644
0.28341761
0.28599378
0.28820607
0.30021760
0.31030723
0.30910796
0.29507098
0.28627309
0.29177132
0.29382458
0.30331510
0.30656603
0.30674103
0.31252643
0.30471280
0.31232315
0.31058362
0.31099474
0.30643064
0.31487402
0.31423458
0.30356225
0.30056164
0.31093144
0.31417856
0.31937215
0.32092017
0.30660293
0.30710292
0.30715892
0.29232222
0.28205281
0.27052376
0.27069846
0.26833275
0.26282066
0.25677988
0.25232947
0.24988718
0.25408965
0.26506642
0.28562436
0.29255828
0.30420429
0.30026302
0.30291471
0.30456272
0.29248443
0.28438264
0.27317691
0.26392707
0.26468539
0.26982173
0.26955029
0.27266032
0.26792601
0.26556754
0.26586956
0.26122612
0.26778203
0.27906978
0.27706164
0.27278736
0.28072566
0.28717774
0.28875342
0.29003924
0.28924045
0.29354355
0.29985866
0.29446605
0.29541385
0.29427469
0.29625937
0.28739211
0.29034078
0.29181463
0.28386799
0.28256911
0.27690113
0.27725619
0.27515128
0.26867393
0.26528645
0.26793340
0.26583570
0.26018006
0.25713727
0.25707656
0.25926992
0.25777298
0.25728181
0.26020834
0.26493269
0.27207544
0.28036588
0.29143599
0.30070072
0.31951055
0.33086526
0.34005326
0.34606943
0.34493116
0.33192611
0.32371137
0.31499767
0.31345806
0.30939108
0.31046972
0.31613308
0.32056674
0.30978042
0.29583910
0.28437555
0.28715196
0.28764033
0.29287422
0.29037142
0.28459454
0.27648678
0.27227530
0.26725811
0.26693821
0.26743612
0.26431954
0.26091960
0.25722450
0.26008034
0.26097634
0.25765017
0.25424293
0.25636879
0.26051280
0.26262906
0.26380041
0.26277152
0.26071641
0.25765979
0.25472447
0.25251141
0.24948056
0.24777363
0.24581183
0.24543865
0.24573895
0.24820822
0.24747334
0.24619479
0.24531066
0.24790198
0.25019625
0.25376102
0.25679365
0.25868809
0.26662272
0.27156684
0.27295002
0.26974705
0.26687178
0.26542443
0.26278764
0.26272798
0.26415151
0.26562861
0.26234084
0.25668454
0.25285313
0.24945527
0.25039661
0.25323227
0.25700501
0.26025191
0.26036224
0.26037157
0.26226410
0.26349515
0.26233470
0.26375678
0.26830032
0.27179709
0.30772185
0.36309743
0.42721382
0.49209732
0.55264091
0.60434377
0.64608186
0.67869812
0.70379388
0.72305864
0.73782796
0.74962461
0.75810295
0.76482737
0.77077168
0.77642876
0.78044444
0.78401625
0.78728980
0.79033679
0.79293203
0.79480636
0.79642195
0.79713029
0.79686779
0.79555446
0.79368860
0.79117417
0.78912538
0.78787965
0.78689033
0.78673911
0.78652549
0.78513247
0.78462905
0.78488231
0.78573996
0.78690481
0.78861320
0.79066122
0.79290360
0.77442986
0.74669111
0.71559858
0.68681842
0.66232002
0.64093184
0.62112844
0.60376453
0.59672326
0.59049207
0.58633691
0.58381635
0.58162010
0.58078033
0.58127701
0.58442229
0.58577031
0.58684868
0.59001350
0.59021586
0.59139413
0.58863980
0.59036165
0.59179854
0.59707767
0.59910911
0.60320646
0.60605657
0.61026973
0.61527681
0.62058139
0.62645191
0.63293177
0.62985581
0.62437767
0.62333632
0.62117290
0.62456912
0.62908524
0.63586766
0.64347756
0.64954603
0.65461612
0.65999538
0.66469467
0.66993034
0.67486745
0.67965829
0.68663627
0.69669431
0.70313615
0.70843303
0.71461588
0.71858519
0.72243989
0.72898662
0.74405062
0.75282288
0.76227921
0.77294743
0.78289396
0.79145765
0.79891187
0.80379701
0.80767578
0.81110281
0.81379765
0.81527853
0.81586128
0.81564534
0.81454468
0.81404662
0.81324041
0.81151974
0.81004757
0.80897093
0.80826664
0.80766994
0.80740201
0.81323993
0.82053375
0.82795578
0.83325452
0.83798784
0.84259444
0.84613365
0.84650832
0.84691471
0.84764135
0.84585875
0.84194034
0.83721298
0.83237326
0.82745546
0.82034671
0.81779492
0.81798881
0.81721705
0.81511331
0.81462061
0.81624067
0.81883353
0.82127196
0.82255417
0.82325768
0.82326889
0.82483095
0.82693768
0.82896936
0.83099878
0.83289164
0.83419371
0.83462441
0.83529568
0.83590829
0.83690220
0.83594197
0.83353585
0.83201611
0.83218944
0.83232003
0.83175009
0.83187556
0.83310634
0.83509070
0.83583593
0.83607149
0.83784020
0.83832669
0.83869439
0.84023899
0.84141105
0.84293860
0.84519589
0.84781104
0.84858954
0.84891415
0.85077947
0.85334456
0.85568470
0.85749030
0.85880375
0.85983908
0.86003089
0.86183977
0.86388487
0.86563933
0.86674118
0.86776125
0.86843592
0.86892349
0.86917663
0.86905408
0.86914086
0.86844891
0.86801076
0.86790651
0.86764163
0.86829692
0.86788619
0.86788672
0.86722928
0.86691099
0.86682266
0.86671656
0.86675668
0.86404860
0.86315781
0.86163086
0.86071062
0.86084664
0.86197108
0.86364305
0.86515009
0.86631030
0.86621678
0.86570948
0.86605352
0.86631143
0.86543494
0.86579114
0.86680853
0.86540824
0.86526561
0.86471868
0.86462492
0.86516446
0.86497337
0.86554390
0.86637747
0.86669970
0.86675364
0.86572021
0.86486959
0.86538732
0.86616760
0.86564642
0.85960436
0.85534316
0.85440731
0.85341710
0.85394514
0.85481316
0.85649544
0.85744548
0.85841501
0.85734087
0.85803258
0.85479641
0.84989858
0.84780627
0.84905094
0.84995937
0.85121942
0.85456306
0.85812956
0.86096728
0.86203665
0.86222744
0.86311758
0.86396432
0.86500669
0.86458164
0.86306202
0.86059374
0.85983324
0.85744560
0.84942478
0.84373057
0.84043950
0.84227073
0.84219861
0.84159368
0.84115469
0.84273368
0.84321582
0.84168333
0.84020460
0.83820957
0.83814973
0.83735174
0.83590835
0.82999241
0.82270741
0.81566590
0.80999029
0.80236870
0.79417509
0.78380251
0.77733392
0.76323944
0.75063390
0.73859274
0.73109835
0.72192538
0.70596230
0.69187403
0.67975283
0.66846704
0.66317028
0.66726524
0.67588443
0.69007498
0.70243841
0.70466286
0.70374668
0.70837390
0.71839184
0.72623074
0.73478782
0.74619681
0.75445592
0.77044511
0.78475660
0.79812163
0.80739439
0.81305486
0.81620204
0.80918646
0.80079776
0.78679734
0.76893097
0.75964421
0.76053762
0.76885867
0.78118324
0.79151708
0.79641229
0.79792345
0.79840559
0.79789364
0.80031872
0.80211633
0.80858785
0.81450528
0.81964296
0.82185990
0.82307357
0.82349777
0.82658511
0.82791430
0.82770246
0.82591093
0.80129689
0.76321954
0.69772708
0.60770953
0.52482826
0.45722169
0.40432802
0.36920011
0.33841833
0.31191197
0.29168788
0.27746016
0.28089634
0.28328198
0.27850243
0.27420440
0.27563614
0.27894533
0.27771455
0.27054182
0.27121955
0.26427275
0.26286036
0.26515791
0.26205450
0.26214477
0.25777540
0.25514266
0.25357419
0.25432542
0.25242320
0.24943337
0.25080231
0.25259385
0.25387633
0.25508127
0.25413954
0.25310469
0.25711852
0.25898659
0.25575602
0.25477171
0.25772476
0.25701460
0.26050806
0.26519361
0.26960808
0.27230150
0.27837640
0.28733695
0.29237953
0.29675692
0.30421010
0.29326254
0.29822218
0.30359948
0.29567659
0.28974959
0.28469014
0.27928820
0.27757514
0.27204460
0.26954877
0.26956683
0.27132073
0.26782888
0.26672393
0.26384449
0.25955781
0.25809431
0.26070368
0.26093245
0.26264074
0.25992352
0.25982022
0.25795677
0.26157087
0.26136130
0.25971484
0.26010856
0.26027048
0.26060501
0.25829127
0.25885954
0.26525143
0.27048475
0.26568371
0.26306447
0.26064554
0.26572588
0.26707718
0.26937497
0.28238848
0.28643030
0.29338786
0.29227269
0.29121557
0.27925256
0.26988158
0.26272434
0.25867090
0.25590485
0.25560060
0.25657538
0.25549936
0.25473306
0.25479814
0.26527339
0.27577779
0.28306022
0.28435349
0.32638794
0.38511801
0.46761400
0.56296468
0.64819026
0.71437407
0.75878835
0.78421938
0.79827541
0.80654466
0.81358105
0.81875867
0.82312149
0.82424164
0.82385963
0.82178676
0.81741452
0.81213009
0.80911654
0.80844164
0.80365217
0.80338269
0.80725515
0.81110901
0.81553137
0.82152611
0.82790053
0.83334458
0.83733678
0.84006375
0.83748382
0.82802582
0.80974513
0.78266579
0.75393403
0.73018682
0.70906353
0.69345808
0.68280458
0.68135494
0.69097161
0.70473427
0.72106367
0.73651522
0.75185806
0.76652485
0.78139460
0.79530317
0.80751193
0.81754184
0.82532358
0.83042961
0.83447504
0.83449423
0.82431942
0.81586158
0.80115843
0.79074579
0.77604783
0.75749338
0.73975861
0.71900702
0.70076907
0.69186252
0.69162405
0.69855338
0.71689951
0.73879021
0.76152200
0.78307408
0.80157357
0.81660903
0.82794058
0.83736485
0.84409606
0.84915578
0.85297298
0.85566688
0.85680121
0.85799980
0.85963166
0.86093980
0.86108667
0.86060566
0.85980022
0.85698771
0.85021913
0.84253484
0.83133483
0.81598246
0.79639661
0.77498907
0.75317854
0.73565441
0.71697772
0.70681685
0.69928330
0.69436073
0.69164127
0.69212300
0.69523555
0.70245469
0.71096057
0.72127336
0.73121589
0.74325114
0.75749153
0.77257597
0.78559554
0.79772925
0.80755442
0.81542706
0.82015985
0.82525110
0.83002466
0.83517087
0.83922476
0.84361517
0.84776026
0.85127443
0.85390037
0.85599703
0.85733271
0.85757804
0.85667729
0.85485947
0.85273993
0.85088688
0.84901881
0.84669799
0.84357256
0.84125262
0.83644331
0.82920045
0.82561344
0.82003683
0.81557631
0.81646675
0.81803501
0.82084304
0.82277828
0.82543337
0.82919323
0.83229542
0.83432573
0.83400822
0.83355308
0.83482301
0.83746558
0.84059072
0.84344393
0.84552735
0.84606487
0.84729934
0.84816998
0.84934449
0.84887737
0.84846234
0.84816182
0.84847283
0.84971565
0.85176229
0.85417563
0.85612500
0.85736340
0.85781831
0.85790211
0.85882384
0.86012614
0.86032534
0.85839283
0.85563809
0.85040909
0.84586012
0.84212786
0.83837563
0.83430165
0.83253461
0.83279943
0.83423448
0.83761537
0.84138060
0.84513474
0.84799421
0.85086322
0.85338265
0.85369641
0.84854680
0.84455162
0.84281909
0.84399211
0.84550756
0.84754699
0.85084838
0.85490000
0.85898393
0.86213332
0.86425912
0.86565077
0.86614281
0.86506259
0.86219329
0.85981679
0.85551924
0.84902453
0.84403306
0.84291726
0.84179848
0.84181213
0.83896917
0.83668453
0.83739972
0.83919662
0.84062070
0.84139830
0.84144545
0.84042543
0.83973831
0.83832961
0.83373576
0.82900876
0.81828558
0.80047798
0.77396661
0.73708242
0.69803405
0.66343528
0.64826804
0.65340692
0.66245300
0.68163633
0.70450813
0.72928363
0.74819940
0.76250416
0.77480268
0.77836025
0.77581489
0.77573639
0.78262609
0.78921735
0.79151285
0.79538190
0.79226440
0.78355104
0.77606875
0.77409005
0.77688533
0.78287959
0.79100841
0.80166000
0.81225312
0.82097232
0.82764572
0.83314693
0.83690614
0.83926851
0.84041315
0.84136891
0.84173733
0.84235203
0.84296578
0.84319913
0.84500450
0.84547240
0.84723949
0.84769428
0.84647346
0.84749669
0.84781772
0.84945023
0.85134351
0.85223395
0.85310751
0.85498279
0.85661346
0.85785139
0.85845172
0.85943305
0.86010557
0.86003643
0.85934061
0.85896736
0.85867471
0.85894638
0.85853761
0.85980761
0.86150062
0.86275375
0.86323714
0.86437738
0.86531305
0.86438829
0.86380208
0.86341727
0.86377734
0.86498553
0.86578143
0.86640465
0.86609751
0.86551148
0.86389405
0.86218739
0.85791713
0.85438627
0.85480165
0.85669130
0.85897207
0.86118025
0.86292636
0.86451912
0.86582893
0.86708170
0.86801428
0.86864167
0.86868197
0.86780548
0.86765003
0.86790019
0.86821282
0.86794639
0.86832076
0.86889493
0.86937147
0.87009299
0.87061691
0.87092859
0.87112087
0.87135184
0.87152034
0.87093478
0.87083840
0.87049752
0.86924851
0.86648166
0.86312604
0.85909015
0.85443640
0.84977573
0.84624350
0.84443426
0.84579325
0.85005337
0.85417885
0.85617334
0.85889524
0.86070949
0.86214995
0.86391288
0.86548573
0.86678231
0.86752254
0.86481875
0.86034065
0.85407078
0.84584528
0.83725947
0.82804090
0.82304758
0.82199961
0.82340664
0.82015479
0.81216240
0.80091804
0.78495145
0.76868397
0.75730979
0.74929154
0.74188900
0.73575270
0.73274255
0.73497832
0.74124891
0.75084770
0.76028407
0.77058846
0.77863091
0.78143454
0.77921319
0.77451962
0.77360249
0.77079970
0.77020651
0.77829581
0.77944410
0.77202320
0.76018095
0.74799466
0.74448788
0.73991847
0.72870195
0.71489918
0.69567984
0.67399287
0.65825456
0.65028203
0.64008182
0.62742686
0.62457794
0.60832602
0.60334313
0.60575992
0.60539454
0.60350776
0.60075557
0.60264605
0.62360346
0.64301234
0.65812433
0.66588432
0.66401845
0.66316450
0.65489531
0.64810812
0.63166547
0.62037075
0.60973620
0.59986156
0.59701478
0.59263462
0.58422220
0.56988299
0.55491060
0.54270399
0.53074443
0.53241640
0.52725673
0.52254087
0.52257007
0.52178824
0.51742011
0.51744092
0.51010978
0.50377607
0.49505040
0.49932095
0.50898224
0.51439530
0.52030426
0.52792281
0.53318888
0.53619295
0.53430825
0.53283828
0.53406841
0.53376114
0.53106016
0.51579791
0.50537318
0.49839845
0.49533188
0.49852398
0.51179534
0.54104036
0.55874270
0.55763042
0.54387295
0.52800256
0.51658076
0.51579392
0.52768093
0.54576629
0.56178021
0.56935906
0.56721646
0.55840063
0.54179418
0.51612955
0.49495107
0.49227181
0.51944917
0.56488365
0.62292051
0.67827266
0.72560579
0.75939357
0.78357959
0.78980798
0.78070283
0.76673174
0.74953830
0.73051888
0.71531636
0.70274264
0.68932253
0.68374884
0.68728375
0.68779165
0.67462939
0.66589856
0.65822750
0.65622067
0.66466415
0.67349780
0.68196911
0.68532079
0.68136346
0.67537755
0.65912098
0.64565349
0.63698649
0.62216854
0.60712928
0.58652598
0.56573367
0.55760801
0.56304902
0.57381523
0.58684880
0.59952950
0.61557007
0.62204862
0.62749016
0.63719499
0.63900840
0.64457721
0.64656007
0.65052754
0.66121262
0.67727369
0.70224690
0.72223109
0.73918247
0.76032281
0.77786678
0.79140043
0.80313754
0.81337333
0.81514323
0.81415635
0.81303906
0.81477916
0.81445801
0.81395489
0.81129485
0.80803454
0.80392826
0.79353029
0.78297156
0.77432650
0.76585263
0.75931007
0.75097483
0.74241942
0.73376614
0.72535759
0.71633619
0.70468110
0.69432223
0.68170935
0.66982073
0.65521467
0.64402956
0.63317668
0.62891102
0.62561184
0.62059814
0.61691880
0.61525846
0.61375535
0.61307442
0.61251968
0.61199057
0.61082590
0.60612726
0.60005265
0.59718907
0.59748203
0.59314072
0.58980536
0.59162366
0.59349400
0.59551924
0.59736449
0.59936869
0.60113990
0.60292667
0.60506368
0.60751539
0.61079186
0.61294168
0.61509788
0.61689258
0.61755759
0.61813939
0.61945021
0.62134397
0.62289172
0.62447745
0.62540889
0.62558907
0.62519729
0.62557268
0.62643498
0.62733656
0.62764001
0.62859029
0.63011307
0.63160753
0.63273346
0.63351184
0.63437039
0.63502473
0.63502866
0.63477695
0.63298786
0.63149321
0.63061076
0.63001031
0.62960559
0.62927365
0.62939954
0.62956619
0.62925243
0.62845320
0.62786442
0.62695736
0.62634325
0.62600845
0.62620163
0.62667197
0.62727571
0.62757367
0.62801212
0.62812245
0.62786764
0.62762177
0.62714493
0.62745917
0.62791729
0.62796837
0.62811136
0.62959844
0.63238668
0.63574308
0.63808894
0.64010686
0.64474165
0.65355599
0.66369319
0.67491645
0.68605173
0.69624448
0.70625699
0.71569031
0.72469747
0.73311621
0.74133807
0.74945861
0.75800937
0.76526314
0.77110070
0.78269625
0.79509664
0.80514836
0.81286561
0.81781816
0.81904572
0.81817973
0.81491470
0.80768216
0.79756951
0.78053457
0.76576149
0.75137359
0.73709553
0.72463751
0.71975428
0.72103238
0.72360927
0.72833115
0.73460537
0.73901355
0.74434638
0.74981099
0.75584990
0.75923181
0.75942934
0.75621545
0.75181019
0.74735790
0.74156511
0.73475009
0.72724646
0.71856880
0.70848650
0.69671899
0.68497485
0.67370021
0.66125673
0.65062326
0.64050770
0.63255012
0.62453723
0.64693338
0.67723489
0.70587957
0.72926825
0.74795496
0.76282382
0.77437294
0.78287339
0.78950447
0.79387033
0.79683006
0.79818088
0.79918116
0.79937071
0.79899132
0.79777181
0.79671550
0.79532415
0.79447883
0.79479891
0.79575378
0.79635751
0.79786432
0.79930031
0.80103123
0.80272108
0.80416971
0.80528325
0.80520129
0.80397004
0.80326527
0.80217648
0.80135596
0.80075967
0.80044305
0.80092943
0.80193490
0.80299133
0.80375570
0.80461657
0.80532402
0.80596113
0.80593204
0.80612206
0.80696714
0.80795485
0.80868894
0.80928296
0.80936563
0.80979609
0.81068486
0.81162637
0.81257331
0.81330597
0.81384611
0.81421870
0.81442660
0.81429559
0.81409609
0.81387585
0.81355309
0.81313920
0.81250036
0.81178522
0.81089264
0.80995339
0.80891836
0.80830705
0.80792350
0.80689192
0.80533355
0.80441618
0.80332482
0.80214924
0.80147398
0.80133456
0.78273773
0.75693542
0.72981036
0.70592380
0.68604046
0.67080915
0.65988964
0.65314037
0.65039742
0.65047520
0.65229088
0.65414608
0.65259790
0.65350455
0.65786678
0.66553968
0.67465627
0.68565571
0.69913030
0.71046436
0.72006357
0.72809285
0.73619479
0.76263410
0.78680128
0.80466771
0.81711602
0.82777327
0.83584118
0.84306997
0.84805429
0.85186839
0.85567164
0.85867983
0.86119795
0.86311567
0.86468256
0.86522305
0.86517793
0.86547375
0.86333597
0.86455345
0.86586630
0.86698151
0.86610538
0.86340934
0.86179340
0.85944641
0.85132295
0.84115773
0.83294249
0.82541138
0.81671476
0.80808061
0.79765195
0.78648895
0.77493382
0.76247847
0.74945396
0.73623073
0.72194266
0.70711255
0.69173944
0.67772955
0.66408211
0.65180707
0.66968429
0.69510460
0.71889353
0.73839647
0.75332969
0.76401430
0.77274436
0.78013265
0.78618705
0.77780324
0.73939568
0.68664747
0.61054957
0.52568048
0.46519148
0.40709403
0.35611790
0.31877735
0.30309275
0.29411837
0.28635380
0.28465262
0.29118702
0.29556042
0.30031747
0.29473019
0.29988647
0.29812908
0.29277539
0.28705260
0.30109829
0.29628870
0.29896489
0.30575404
0.30826682
0.30110389
0.30052441
0.29889446
0.30821511
0.32546496
0.32566971
0.31633437
0.30351251
0.30914304
0.30117765
0.30391526
0.29850495
0.29844505
0.28589043
0.29022694
0.29205281
0.28653952
0.29426521
0.29100490
0.30231845
0.30747843
0.33043417
0.34262902
0.33849940
0.35492960
0.34735408
0.34817553
0.35781556
0.35694486
0.35044414
0.34777611
0.34909865
0.34460613
0.33022594
0.32153466
0.32718259
0.32623613
0.30892310
0.30257824
0.30260810
0.30513400
0.29603377
0.28259078
0.27593306
0.27446231
0.27081028
0.30062780
0.34772146
0.40534186
0.46489292
0.51652056
0.56337970
0.60054165
0.62967420
0.65492874
0.65148246
0.63865054
0.62805593
0.62117952
0.61839849
0.61948329
0.62413740
0.63068569
0.63822591
0.64635026
0.65320557
0.65718788
0.66072458
0.66704744
0.67604184
0.68636757
0.71355593
0.74045211
0.76395047
0.78274179
0.79646921
0.80786693
0.81730264
0.82491976
0.83157182
0.83750021
0.84265554
0.84632468
0.84780300
0.84395635
0.83707875
0.83132190
0.82832074
0.82801521
0.83364576
0.84119380
0.84783393
0.85293567
0.85664135
0.85921168
0.86110806
0.86216980
0.86262590
0.86197025
0.86056530
0.86006027
0.85931218
0.85815680
0.85705721
0.85387421
0.85006070
0.84277815
0.83576947
0.82862186
0.82273477
0.81953454
0.81936193
0.79956508
0.76616603
0.71758634
0.65351456
0.55950379
0.50115287
0.43922073
0.37889335
0.33202749
0.30849877
0.29660258
0.29472134
0.29266033
0.31187502
0.31479448
0.31222349
0.31469160
0.32519820
0.34284139
0.34007463
0.33307803
0.32384881
0.31258380
0.38062182
0.48873520
0.59611279
0.67921942
0.73275340
0.76811552
0.78761172
0.80011004
0.81123424
0.82031447
0.82425451
0.82949388
0.83582425
0.84219354
0.84786069
0.85257846
0.85649151
0.85982680
0.86237299
0.86385381
0.86427557
0.86484915
0.86536354
0.86550933
0.86514211
0.86099643
0.85364079
0.84728217
0.83603084
0.81558961
0.78942484
0.76242703
0.71888065
0.68308270
0.65991580
0.65592253
0.66082180
0.67881459
0.70467728
0.72911197
0.75117612
0.77272755
0.78312027
0.79371268
0.80321985
0.80882400
0.81763899
0.82542640
0.82873631
0.83502841
0.84122050
0.84708530
0.85157585
0.85539269
0.85717821
0.85785991
0.85880816
0.86000162
0.86043453
0.86055875
0.86108100
0.86234653
0.86196393
0.85969585
0.85907674
0.86031091
0.86196506
0.86279577
0.86268735
0.86213785
0.86195642
0.86220604
0.86316389
0.86439359
0.86396056
0.86416847
0.86421859
0.86476439
0.86393738
0.86290604
0.86238027
0.86149991
0.86221617
0.86398935
0.86549193
0.86627609
0.86709011
0.86751956
0.86611313
0.86443067
0.86164606
0.85746402
0.85470802
0.85580468
0.85799557
0.86049080
0.86289877
0.86484963
0.86615902
0.86717969
0.86776257
0.86788917
0.86598450
0.86442071
0.86261922
0.86098367
0.85913187
0.85927600
0.86038089
0.86284709
0.86451590
0.86680555
0.86832464
0.86971903
0.87026376
0.87062496
0.87056559
0.86759764
0.86363530
0.86061382
0.85600889
0.85205895
0.84688890
0.83809042
0.82813179
0.81559104
0.79892272
0.77924925
0.76165426
0.74134958
0.71915233
0.70293725
0.67813796
0.66064245
0.63984692
0.62046218
0.60479474
0.59535038
0.59346777
0.58980781
0.58406693
0.58027172
0.57628781
0.57556832
0.57959408
0.59621507
0.62005442
0.65746605
0.70196050
0.74147505
0.77207804
0.79495102
0.80817622
0.82058400
0.83014560
0.83763415
0.84301722
0.84678262
0.84901959
0.85007602
0.85085732
0.85098410
0.84984261
0.84782982
0.84603894
0.83985150
0.83154786
0.82443333
0.81383830
0.80155337
0.79047382
0.77892083
0.76726359
0.75374353
0.73192769
0.70020860
0.66498142
0.62676030
0.58142847
0.53511512
0.49712309
0.47198072
0.45588362
0.44372514
0.43800268
0.43610722
0.43838754
0.44752887
0.46177295
0.47054726
0.47879878
0.48441103
0.49652153
0.51591778
0.54113060
0.57254773
0.60670590
0.63568258
0.66674101
0.69950056
0.73067337
0.75514501
0.77728206
0.79308391
0.80579692
0.81409568
0.81948298
0.82319719
0.82314122
0.82448608
0.82460713
0.82145888
0.81596726
0.80356139
0.79095221
0.78088772
0.77269536
0.76610690
0.75994384
0.75429600
0.74799025
0.74429882
0.74207944
0.74102551
0.73742855
0.73184288
0.72655433
0.72104871
0.71522880
0.71152210
0.70838386
0.70351011
0.69812107
0.69301426
0.68734527
0.68252194
0.67700034
0.66870385
0.66108620
0.65469944
0.64915830
0.64359689
0.63841248
0.63477409
0.63227731
0.63084352
0.62934566
0.62696946
0.62401354
0.62161636
0.61989003
0.61860079
0.61726612
0.61568290
0.61525607
0.61536866
0.61528558
0.61407900
0.61335117
0.61387551
0.61478478
0.61581254
0.61585671
0.61628133
0.61682636
0.61624014
0.61513740
0.61447942
0.61378878
0.61324495
0.61233485
0.61103147
0.60989588
0.61042792
0.61319911
0.61521828
0.61712337
0.61855876
0.61933583
0.61923116
0.61745203
0.61627823
0.61630887
0.61202043
0.60969311
0.60868245
0.60936040
0.61090446
0.61223954
0.61378467
0.61426884
0.61394483
0.61248374
0.61203736
0.61214435
0.61131483
0.61113709
0.61167830
0.61283940
0.61467797
0.61600536
0.61739165
0.61876619
0.61966449
0.61780059
0.61636382
0.61522311
0.61475086
0.61382824
0.61389422
0.61492252
0.61676133
0.61941516
0.62301934
0.62618762
0.62958848
0.63281715
0.63662356
0.64089918
0.64598173
0.65121877
0.65663737
0.66066474
0.66474015
0.66875637
0.67309827
0.67850238
0.68523139
0.69243604
0.69873184
0.70429474
0.71053624
0.71766806
0.72481626
0.72970426
0.73358625
0.73474634
0.73608905
0.73961663
0.74295294
0.74607062
0.74992037
0.75093025
0.75019711
0.74919307
0.74854928
0.74646252
0.74210542
0.73634326
0.72898865
0.71962953
0.70993829
0.69857943
0.68793470
0.67946512
0.67058694
0.66151071
0.65291053
0.64530563
0.63869697
0.63219661
0.62634897
0.65044355
0.68141949
0.71003741
0.73348898
0.75099838
0.76399618
0.77268469
0.77894771
0.78304994
0.78578722
0.78760374
0.78896415
0.79071796
0.79191285
0.79226613
0.79247779
0.79248452
0.79281056
0.79322571
0.79379505
0.79432052
0.79407650
0.79376227
0.79300416
0.79185861
0.79037458
0.78877825
0.78723150
0.78627908
0.78573263
0.78629482
0.78735501
0.78839898
0.78898185
0.78982693
0.79097426
0.79299295
0.79570329
0.79834837
0.80091923
0.80355614
0.80614442
0.80858868
0.81081277
0.81302506
0.81490982
0.81561506
0.81577343
0.81551355
0.81539482
0.81475616
0.81467599
0.81449437
0.81418812
0.81311560
0.81164753
0.80962759
0.80793470
0.80681795
0.80677271
0.80775440
0.80855817
0.80894285
0.80894166
0.80908155
0.80965382
0.80999750
0.81034929
0.81065720
0.81025505
0.80922401
0.80754006
0.80460739
0.80032569
0.79586786
0.79150707
0.76849669
0.73910862
0.71126091
0.68798238
0.66743487
0.65174598
0.63684559
0.62716156
0.62262112
0.62351203
0.62527990
0.62693477
0.62456393
0.62639683
0.63232142
0.64117610
0.65234953
0.66396761
0.67358196
0.68378115
0.69369328
0.70116490
0.70846361
0.72080898
0.73539799
0.74558258
0.73813009
0.72535503
0.70540869
0.68604743
0.66547221
0.65310293
0.64059579
0.62000710
0.61616886
0.62465751
0.64544207
0.65559846
0.66689301
0.66675782
0.66691887
0.64872044
0.65386552
0.66197515
0.66619670
0.67005801
0.67637688
0.68563092
0.69443405
0.70046425
0.70911324
0.71282858
0.72155958
0.73361623
0.74200445
0.74766690
0.75003570
0.74552560
0.73948747
0.73934174
0.74297130
0.74482930
0.74592835
0.74671286
0.74203563
0.73695666
0.73508120
0.73380834
0.73052627
0.72804081
0.72351104
0.71870035
0.71366197
0.70759511
0.70027161
0.69322425
0.68516737
0.67689484
0.66788679
0.65868050
0.64918220
0.64071184
0.66012353
0.68637753
0.71222335
0.73425192
0.75165755
0.76568729
0.77535391
0.78191954
0.78684539
0.76443368
0.72001028
0.65291959
0.57218748
0.49218637
0.42173994
0.36879930
0.33220193
0.30809236
0.29246336
0.28013584
0.27332786
0.26985329
0.26871982
0.26707390
0.26787043
0.26687184
0.26877090
0.26937765
0.27072737
0.27068388
0.27080104
0.26721504
0.26643315
0.26499239
0.26730219
0.26999250
0.26957461
0.27090573
0.27096283
0.26680711
0.26829690
0.26962605
0.27166349
0.27271813
0.27412269
0.27664810
0.27828184
0.27727696
0.27714473
0.27551606
0.27544513
0.27845311
0.27928144
0.27324387
0.27527186
0.27624118
0.27666104
0.27141804
0.27301344
0.27368101
0.26686493
0.26243669
0.25985035
0.25879490
0.25951436
0.25919309
0.25929013
0.25821257
0.25971097
0.26028812
0.25702590
0.25462449
0.25482428
0.25488031
0.25450045
0.25461093
0.25526613
0.25763744
0.26112899
0.26231036
0.26786467
0.30244410
0.35521781
0.41877776
0.48517081
0.54585779
0.59822911
0.64200145
0.67747796
0.70491475
0.70242053
0.68962586
0.67305493
0.65985328
0.65129369
0.64534199
0.64521044
0.64550853
0.64887094
0.65564781
0.66484880
0.67421252
0.68758249
0.69651258
0.70240510
0.70791173
0.71065748
0.71442562
0.70489955
0.69849622
0.69515896
0.69219565
0.68116993
0.67058349
0.65032136
0.62758899
0.60976654
0.60258341
0.59992677
0.60336798
0.60558724
0.60272521
0.59873945
0.59392339
0.58544034
0.58321673
0.58177406
0.59125209
0.60781419
0.62580508
0.63927329
0.65048647
0.66270167
0.66693908
0.67633688
0.68819755
0.69911587
0.71127063
0.72254574
0.69317210
0.63566011
0.56067914
0.48068869
0.40916350
0.35925493
0.32537746
0.30170470
0.28561780
0.27533272
0.26723355
0.26459214
0.25824913
0.25644165
0.25774747
0.26210073
0.25939664
0.26078340
0.25914431
0.25649035
0.25546730
0.25335285
0.25352174
0.30038953
0.37549406
0.47574490
0.56895202
0.63698727
0.68995714
0.73039842
0.75939459
0.77942103
0.79399306
0.80405796
0.81187612
0.81939995
0.82469791
0.82809550
0.82529932
0.82360595
0.82203233
0.81657863
0.81279069
0.81369245
0.81611723
0.81635600
0.81688941
0.81908208
0.82382095
0.82886213
0.83464462
0.84042788
0.84317654
0.84567255
0.84850234
0.85292292
0.85715806
0.85997921
0.86251003
0.86304897
0.86313832
0.86206454
0.86105919
0.85930651
0.85630047
0.85215616
0.84928524
0.84603262
0.84526318
0.84527391
0.84424949
0.84167129
0.83786994
0.83353353
0.83057702
0.82944328
0.82907754
0.82680762
0.82532471
0.82576388
0.82355416
0.82349259
0.82377827
0.82721031
0.83082473
0.83507907
0.83988822
0.84470558
0.84921229
0.85278326
0.85448420
0.85538435
0.85531503
0.85346043
0.85060227
0.84462631
0.83374560
0.82429832
0.81198025
0.79234105
0.77416945
0.75705993
0.73921311
0.71653503
0.69599330
0.67030686
0.64712971
0.64130199
0.64587313
0.65919828
