1.00000000
1.00000000
1.00000000
1.00000000
1.00000000
1.00000000
1.00000000
1.00000000
1.00000000
1.00000000
1.00000000
1.00000000
1.00000000
1.00000000
1.00000000
1.00000000
1.00000000
1.00000000
1.00000000
1.00000000
1.00000000
1.00000000
1.00000000
1.00000000
1.00000000
1.00000000
1.00000000
1.00000000
1.00000000
1.00000000
1.00000000
1.00000000
1.00000000
1.00000000
1.00000000
1.00000000
1.00000000
1.00000000
1.00000000
1.00000000
1.00000000
1.00000000
1.00000000
1.00000000
1.00000000
1.00000000
1.00000000
1.00000000
1.00000000
1.00000000
1.00000000
1.00000000
1.00000000
1.00000000
1.00000000
1.00000000
1.00000000
1.00000000
1.00000000
1.00000000
1.00000000
1.00000000
1.00000000
0.98831952
0.98815525
0.98867995
0.98814684
0.98848337
0.98801929
0.98718053
0.98791283
0.98758370
0.98553407
0.98564076
0.98498154
0.98484796
0.98229069
0.98238903
0.98229420
0.98245656
0.98438293
0.98512691
0.98492891
0.98622781
0.98708087
0.98631579
0.98840648
0.98997456
0.98970187
0.99038410
0.99039054
0.99020433
0.99115306
0.99176121
0.99118453
0.99174666
0.99074906
0.99161810
0.99167424
0.99105573
0.99059993
0.99017477
0.99033469
0.98933744
0.98787016
0.98691827
0.98468047
0.98290020
0.98332143
0.98482925
0.98654109
0.98604959
0.98429006
0.98306966
0.98778951
0.98754466
0.98770183
0.98495901
0.98118353
0.98540395
0.98597670
0.98273587
0.97939235
0.97704542
0.97281915
0.96868759
0.96941626
0.96386635
0.96989822
0.97139466
0.97210497
0.97579920
0.97985566
0.98251086
0.98527330
0.98666847
0.98694128
0.98983967
0.98943579
0.98894918
0.98763961
0.98656970
0.98545235
0.98579991
0.98428267
0.98459494
0.98458940
0.98446912
0.98571199
0.98736411
0.98813790
0.98836374
0.98800707
0.99014378
0.99066776
0.99135756
0.99137747
0.99129534
0.99161023
0.99067456
0.99048996
0.99005169
0.98953152
0.98877549
0.98887551
0.98851669
0.98870069
0.98857123
0.98872095
0.98790377
0.98692191
0.98729837
0.98593837
0.98439515
0.98273671
0.98183411
0.98061693
0.98001111
0.97951514
0.97952753
0.98046345
0.98403716
0.98616636
0.98727220
0.98707134
0.98745185
0.98655427
0.98741639
0.98670030
0.98677701
0.98656124
0.98609573
0.98563552
0.98573571
0.98539805
0.98439378
0.98275775
0.98046297
0.97962600
0.97903150
0.97833693
0.97666639
0.97466171
0.97202504
0.97227728
0.97342199
0.97378969
0.97408956
0.97351414
0.97246754
0.96870416
0.96843743
0.96843410
0.97152114
0.97460055
0.97707069
0.98235911
0.98048681
0.97709650
0.97850877
0.98027408
0.98194396
0.98186296
0.97836256
0.97942650
0.98292357
0.98161733
0.98549241
0.98947865
0.99057090
0.99145800
0.99231321
0.99332339
0.99209565
0.99132395
0.99013746
0.98928177
0.98934746
0.99054176
0.99084783
0.99086964
0.99118781
0.99085110
0.99085438
0.99013233
0.99119335
0.99043804
0.99069232
0.99072486
0.99143159
0.99180555
0.99013662
0.99121499
0.98896831
0.98861617
0.98943907
0.98953247
0.98881346
0.98857504
0.98750496
0.98946989
0.98930687
0.99003488
0.98779500
0.98945308
0.98675108
0.98614919
0.98584890
0.98284215
0.97604227
0.97453409
0.96822405
0.96442366
0.95776010
0.95826602
0.96117020
0.96180826
0.95798379
0.96430027
0.96800750
0.97163939
0.97057682
0.96748894
0.97536612
0.98246586
0.98718029
0.98782361
0.98825294
0.98816562
0.99090135
0.98918879
0.98716080
0.98732495
0.98547482
0.98617595
0.98745233
0.98705649
0.98659569
0.98701340
0.98756582
0.99010974
0.98927748
0.99126339
0.99046844
0.98829484
0.99085063
0.99087006
0.99016786
0.99051017
0.98953372
0.98636568
0.98721468
0.98410368
0.98523039
0.97942662
0.97768331
0.97987765
0.97670573
0.96659184
0.95997083
0.96480387
0.95600539
0.96065348
0.96458477
0.95983988
0.94513327
0.95030010
0.95015919
0.94876468
0.95467043
0.96785319
0.96018070
0.94405663
0.94595170
0.96050394
0.96786225
0.97290379
0.96737993
0.96776140
0.96615756
0.96827286
0.96963149
0.97913843
0.98699629
0.98596489
0.98529226
0.98880929
0.98858613
0.98903286
0.98829472
0.98823625
0.98736680
0.98504794
0.98355281
0.98113054
0.97648638
0.97593653
0.97459745
0.97336483
0.97280955
0.97131717
0.97088617
0.97101283
0.97654629
0.98136878
0.98616320
0.98832744
0.99039990
0.99194205
0.99329609
0.99260026
0.99110645
0.98703438
0.98923850
0.99002039
0.98685002
0.98955858
0.98516011
0.98723179
0.98430020
0.98319328
0.97848868
0.97258276
0.96523416
0.96348077
0.96691877
0.96859926
0.96884882
0.96918744
0.97092247
0.97880816
0.98300904
0.98612809
0.98790234
0.98727429
0.98623234
0.98761731
0.98783231
0.98828530
0.98690188
0.98625898
0.98534817
0.98524565
0.98415422
0.98452920
0.98667407
0.98792601
0.98816454
0.98488843
0.98420841
0.98245668
0.98130232
0.98065645
0.98242998
0.98246366
0.97988254
0.97339916
0.96207303
0.95926964
0.96222919
0.96255511
0.96340996
0.96209782
0.96594894
0.97040224
0.97666901
0.97780615
0.97783512
0.97717845
0.97424895
0.97128671
0.97371483
0.97822833
0.98136640
0.98274559
0.98272657
0.98526984
0.98678607
0.98657387
0.98387802
0.98280632
0.98173827
0.98183811
0.98051810
0.97915983
0.98026419
0.98008245
0.98169851
0.98147053
0.98139948
0.98052704
0.98226929
0.98017669
0.97839123
0.97534478
0.97295278
0.97389144
0.97383332
0.97674346
0.98007911
0.98140568
0.98281962
0.98059160
0.98024428
0.97955197
0.98265451
0.98419607
0.98319948
0.98220903
0.98186868
0.98262733
0.98370683
0.98350060
0.98385042
0.98382264
0.98354006
0.98359668
0.97928339
0.97713679
0.97630388
0.97446954
0.97213328
0.97317445
0.97853410
0.97731209
0.97402251
0.97791779
0.98134673
0.98346657
0.98305571
0.98335510
0.98385102
0.98242939
0.98354638
0.98394740
0.98254138
0.98097599
0.97740877
0.97792405
0.97650707
0.97688943
0.97854292
0.97916561
0.98059803
0.97986484
0.97910404
0.97831625
0.97690088
0.97393292
0.97243011
0.96847075
0.96801054
0.96621597
0.96911669
0.96803135
0.97031099
0.96832854
0.97037911
0.97017324
0.96850634
0.96805859
0.96477282
0.96222287
0.96070260
0.95965433
0.96042705
0.96187389
0.96194029
0.96499479
0.96691805
0.96904659
0.96933001
0.96973294
0.97002542
0.97317028
0.97448349
0.97292173
0.97450972
0.97868311
0.98090750
0.98241341
0.98452789
0.98512173
0.98538268
0.98527378
0.98424721
0.98171240
0.98187286
0.98138601
0.98110306
0.98027313
0.98002827
0.97956949
0.97937530
0.97900784
0.97738326
0.97776777
0.97513425
0.97462565
0.97543055
0.97490251
0.97631025
0.97774726
0.97974062
0.98007041
0.98133975
0.98274547
0.98256141
0.98283273
0.98246521
0.98522514
0.98851073
0.98979133
0.98940021
0.98990858
0.98910612
0.98870218
0.98939228
0.99050647
0.99178845
0.99145025
0.99076402
0.99041897
0.98997974
0.99056047
0.99054658
0.98925471
0.98808622
0.98400372
0.98374093
0.98278391
0.98160821
0.97857010
0.97856480
0.97861826
0.98083258
0.98397392
0.98478991
0.98678547
0.98803538
0.98819447
0.98698342
0.98573548
0.98285484
0.97989571
0.97778404
0.97826278
0.98117310
0.98526233
0.98571253
0.98620343
0.98608738
0.98557335
0.98432505
0.98521715
0.98532283
0.98670435
0.98779362
0.98992389
0.99037778
0.98862493
0.98725641
0.98635697
0.98825014
0.98795205
0.98837239
0.98744142
0.98723525
0.98846030
0.98770243
0.98688728
0.98818630
0.98870838
0.98906553
0.98871338
0.98703802
0.98605323
0.98410875
0.98521924
0.98653686
0.98678082
0.98656529
0.98631823
0.98565739
0.98673117
0.98627222
0.98486012
0.98319513
0.98287559
0.98340803
0.98292530
0.98406440
0.98548281
0.98590046
0.98633271
0.98601741
0.98470008
0.98420113
0.98150027
0.98219717
0.98169506
0.98323488
0.98603177
0.98808742
0.98861688
0.98886287
0.98853743
0.98873979
0.98716742
0.98597312
0.98479038
0.98329264
0.98210013
0.98236430
0.98719692
0.98905635
0.99070799
0.99111664
0.99123764
0.99028134
0.99036038
0.98985296
0.98974180
0.98954189
0.98843014
0.98812932
0.98787862
0.98690844
0.98608530
0.98525017
0.98725247
0.98749268
0.98787898
0.98806006
0.98751253
0.98698914
0.98653632
0.98638201
0.98568350
0.98392433
0.98431534
0.98490751
0.98523408
0.98456514
0.98479295
0.98505396
0.98424792
0.98466176
0.98582941
0.98571670
0.98523593
0.98492241
0.98490280
0.98365927
0.98335463
0.98370141
0.98441523
0.98603618
0.98544288
0.98589098
0.98471212
0.98592597
0.98692966
0.98707926
0.98768544
0.98748082
0.98558432
0.98439944
0.98325861
0.98092228
0.97937316
0.97655118
0.97537959
0.97407258
0.97259402
0.97117788
0.96823812
0.96799213
0.96790010
0.97214669
0.97191072
0.96769756
0.96322078
0.96241432
0.96725547
0.96350747
0.95655131
0.95902306
0.96412313
0.95407826
0.94494462
0.93798423
0.94782943
0.94690704
0.94220454
0.92604893
0.92148054
0.92693859
0.93198824
0.93506175
0.93633056
0.93450934
0.94148916
0.95762247
0.96429050
0.97004557
0.97241479
0.97448915
0.97522914
0.97814357
0.97899854
0.97958148
0.97760332
0.97398973
0.97592598
0.97497147
0.98040318
0.97863752
0.98380697
0.98555762
0.98071289
0.97932261
0.97700024
0.97473776
0.97788632
0.97412860
0.97249043
0.97559083
0.96988273
0.96718097
0.96136272
0.95945084
0.94382119
0.93503314
0.92207795
0.93157929
0.92488694
0.93281609
0.94391346
0.93726152
0.93622190
0.93613392
0.93049914
0.94112957
0.93981487
0.93527609
0.92987061
0.92916781
0.90579236
0.91560316
0.90361553
0.89956254
0.89123482
0.90674281
0.85952103
0.86770898
0.82087600
0.83809406
0.80783969
0.79745471
0.80340326
0.83795422
0.81446457
0.81954986
0.83827871
0.82772058
0.79582530
0.81339550
0.79170513
0.77356678
0.74802411
0.74491221
0.75746334
0.79980910
0.78343862
0.82574183
0.81104130
0.78945380
0.81102937
0.78023642
0.76045364
0.76033354
0.72312802
0.72371501
0.75627321
0.71666759
0.73868728
0.74602592
0.71566278
0.70629096
0.67533153
0.65222365
0.63514793
0.70141828
0.76378548
0.81573790
0.82296628
0.83094788
0.81439900
0.81577069
0.79856461
0.78234386
0.74915045
0.75068980
0.74161303
0.66106802
0.64921719
0.60177779
0.59382278
0.65187794
0.62206507
0.60276681
0.63126332
0.61349857
0.63773841
0.67811751
0.60980564
0.59524810
0.56918180
0.50702882
0.58008802
0.56208056
0.44984478
0.55679160
0.49100250
0.52387577
0.48507065
0.54929644
0.56204516
0.54594046
0.50850272
0.51685196
0.62289637
0.61399001
0.50520808
0.54054856
0.56505030
0.47809169
0.40010026
0.40020236
0.34117034
0.50381202
0.54777497
0.49879521
0.52743149
0.48878965
0.49511275
0.57381165
0.52337718
0.47039011
0.45154801
0.40254888
0.40178424
0.44665644
0.50628799
0.56575662
0.45955592
0.44318840
0.43968916
0.39198747
0.49721685
0.52262813
0.52163702
0.62494576
0.59937978
0.64754623
0.68132168
0.67351252
0.74766141
0.69700533
0.69927722
0.71587467
0.65374762
0.74192595
0.78865367
0.79185897
0.79764247
0.78254825
0.75843823
0.74390614
0.72444224
0.70016700
0.61881554
0.54820740
0.46846312
0.47861722
0.42638689
0.39314499
0.47092935
0.47357529
0.49428579
0.53600329
0.56021148
0.58491826
0.52525115
0.48661387
0.52475297
0.53696609
0.47133365
0.44913560
0.49333382
0.49047205
0.44268322
0.45284608
0.53133202
0.44997174
0.47618356
0.52870393
0.44795352
0.44150299
0.49625188
0.47281286
0.48958340
0.44746354
0.51342642
0.57119358
0.57768977
0.55872470
0.49740601
0.55191374
0.50901836
0.47794136
0.46415076
0.48490116
0.51679850
0.50536948
0.46961421
0.46737692
0.49142990
0.46272549
0.45803860
0.48428127
0.50395608
0.52748871
0.49425915
0.47695348
0.49644935
0.48475188
0.56224185
0.55229950
0.58286059
0.55866265
0.60232538
0.57811594
0.58769667
0.55253100
0.50043017
0.42791614
0.40932831
0.45688173
0.47050667
0.49055132
0.58423549
0.66452825
0.67474329
0.67755610
0.67473394
0.71397537
0.72063202
0.71496475
0.67103976
0.68051803
0.69218898
0.70549828
0.70227301
0.67933840
0.61249536
0.55066842
0.54046494
0.50630432
0.52839047
0.54377842
0.52237535
0.54877365
0.55604500
0.55876595
0.58003199
0.61345649
0.58372378
0.60847855
0.59650379
0.64792848
0.63808042
0.60750830
0.63476896
0.65562356
0.63128000
0.71472299
0.66281921
0.68249661
0.63588530
0.61303455
0.63074648
0.64055049
0.62417614
0.62096363
0.65783089
0.62502682
0.60454094
0.65850902
0.69041294
0.64162445
0.55248755
0.50677925
0.51000869
0.54308367
0.54722232
0.50349283
0.47402340
0.50152946
0.51644456
0.45291281
0.53945392
0.50071418
0.59631670
0.54916835
0.55211103
0.56207067
0.57863760
0.56533194
0.53007030
0.50441736
0.51707989
0.54796392
0.53872424
0.54828620
0.54325962
0.62818891
0.60628837
0.61460835
0.60571605
0.59913880
0.64974123
0.63445330
0.60325342
0.67140830
0.67663991
0.66560382
0.72571653
0.70915979
0.69229287
0.68645757
0.69404650
0.72280824
0.69619578
0.62478870
0.55235445
0.58983958
0.61098439
0.59267497
0.56877196
0.54639709
0.52847862
0.54755098
0.53423589
0.58169943
0.58274382
0.58037120
0.52083343
0.49853411
0.50708157
0.46404061
0.47848743
0.49755776
0.48233655
0.52944922
0.53735578
0.52622509
0.60817796
0.58138835
0.56914055
0.54158598
0.51598513
0.50404739
0.50525063
0.52767980
0.49758497
0.52084696
0.49049854
0.44716337
0.41056809
0.41681919
0.42746073
0.40129718
0.50647223
0.43873662
0.53474480
0.56005692
0.48393419
0.57303572
0.58770680
0.61000568
0.67620349
0.65236962
0.66743243
0.65329504
0.68006575
0.69040781
0.64423168
0.66458887
0.58935779
0.49423331
0.49096268
0.51478446
0.49008510
0.39009371
0.35963964
0.33082235
0.33921129
0.44323003
0.55071908
0.55603737
0.56525391
0.53118044
0.55544448
0.51946080
0.51592910
0.49753404
0.44492099
0.51031637
0.53925985
0.59351850
0.57979655
0.54614538
0.54150122
0.58190763
0.66147470
0.63145858
0.66356182
0.59439093
0.49499446
0.45517799
0.40586573
0.40621698
0.36218122
0.34163859
0.27672747
0.37225437
0.32420820
0.38034242
0.45103243
0.43687996
0.46411246
0.48314506
0.49690294
0.49127954
0.52362680
0.39244956
0.43033272
0.41312301
0.38176313
0.32397735
0.42784306
0.38812414
0.34068212
0.35565612
0.35652250
0.38991842
0.38912582
0.39723125
0.40955344
0.38164881
0.40967384
0.41047671
0.41555065
0.42174673
0.45512599
0.43648532
0.48342013
0.44912979
0.47242990
0.47053587
0.46367356
0.50732195
0.47916546
0.49204943
0.49909452
0.49525481
0.51466680
0.49413833
0.49748865
0.49517903
0.51060808
0.43521264
0.42663395
0.32945135
0.38514811
0.42077723
0.49209416
0.29121807
0.35695943
0.35097140
0.39101079
0.49364302
0.47331777
0.42728162
0.51735771
0.52034199
0.46865469
0.49997914
0.53893256
0.55510384
0.56206858
0.61006737
0.68396336
0.72204340
0.71328896
0.66900074
0.64637142
0.60211456
0.60350263
0.56333953
0.48022941
0.50036424
0.45160246
0.42027453
0.38821647
0.46164852
0.50965250
0.49236381
0.44334966
0.51133227
0.50016320
0.51769245
0.57188469
0.51178062
0.50117916
0.54851460
0.53598374
0.53444850
0.51866305
0.56200516
0.53572947
0.63623375
0.61785406
0.59479928
0.57576865
0.42513344
0.32369190
0.33563894
0.36446384
0.32129246
0.32335070
0.39002138
0.42411831
0.41616261
0.45586827
0.41998473
0.39501247
0.38651481
0.38276517
0.35059786
0.37435302
0.42233047
0.46344963
0.39872721
0.40548205
0.37502679
0.39417475
0.43398386
0.44780943
0.41558719
0.40835717
0.43365753
0.41016206
0.40266678
0.36043236
0.42735571
0.43785974
0.44440940
0.41576061
0.38658798
0.42965287
0.48681641
0.46809500
0.45377690
0.43198562
0.37937638
0.39308897
0.36970338
0.35392430
0.30569583
0.35088566
0.30788636
0.31916749
0.32001445
0.41897255
0.44790646
0.48024592
0.48219132
0.48907691
0.44589138
0.39842883
0.39474156
0.37853342
0.34744507
0.39193794
0.47083753
0.45029452
0.45533186
0.50004584
0.47789291
0.48849285
0.53639346
0.52228510
0.48696789
0.51861066
0.47103301
0.44652086
0.44054195
0.45614225
0.50341666
0.45947710
0.47417226
0.44929585
0.49832597
0.48015502
0.52159542
0.52433193
0.52996761
0.50614750
0.49936888
0.52731448
0.50987333
0.55186969
0.53695250
0.51533836
0.47201350
0.41174391
0.40408447
0.47338504
0.46958014
0.49528673
0.41473320
0.42650497
0.38790002
0.34257606
0.31289515
0.27831638
0.34078121
0.33942139
0.25025111
0.25907713
0.23602049
0.29450852
0.25631669
0.25737357
0.29077831
0.25826335
0.26379707
0.22539854
0.23548602
0.22179373
0.20737521
0.22275530
0.24104029
0.27195641
0.41050732
0.45705274
0.44370309
0.50518507
0.52248901
0.55323857
0.49725309
0.50077879
0.45595506
0.40364093
0.43603703
0.41505486
0.45069087
0.42267680
0.44634986
0.45699492
0.43516546
0.42878830
0.39949113
0.47794959
0.46240869
0.48245415
0.51049936
0.51121247
0.56795293
0.59003234
0.55242604
0.50212449
0.48069838
0.47534859
0.42169243
0.41939414
0.46064666
0.43591890
0.44996697
0.53013062
0.49377027
0.48886588
0.46872887
0.46690407
0.53385198
0.57443619
0.57270199
0.61632037
0.58989155
0.59207565
0.60820204
0.61619353
0.56485641
0.55136442
0.56794280
0.55332881
0.52319956
0.47501731
0.50774914
0.45089987
0.47757125
0.46529478
0.49312508
0.49650872
0.45406169
0.45361069
0.46484512
0.48070621
0.49598253
0.48310488
0.47223464
0.49248481
0.53295773
0.48111093
0.50447953
0.53933847
0.47722808
0.47949886
0.45905036
0.52012211
0.52160114
0.44020268
0.45660031
0.46845108
0.48766497
0.52908540
0.54350430
0.58804518
0.64032394
0.60334635
0.63338304
0.61719441
0.59347260
0.59014744
0.55825704
0.61765969
0.60884082
0.56138325
0.53550428
0.56765699
0.61881137
0.60756594
0.55306685
0.62473369
0.57231438
0.51820576
0.51173246
0.49845132
0.51390302
0.53888714
0.53894633
0.60578656
0.62953359
0.66240585
0.68136275
0.66305041
0.67626178
0.70929295
0.68297678
0.68913287
0.65638959
0.66132158
0.64580899
0.64360762
0.68157375
0.66714382
0.67279744
0.66588813
0.63261175
0.59365684
0.57216096
0.60239077
0.63905966
0.63316840
0.65489841
0.73305887
0.73969191
0.79245847
0.73147881
0.75505173
0.71076375
0.66734034
0.71885639
0.69101918
0.72347873
0.70774484
0.72994590
0.73755074
0.67601341
0.65811706
0.62030548
0.61040008
0.62762803
0.58733958
0.56162900
0.60220438
0.58481187
0.61226666
0.72439247
0.75139397
0.76548803
0.79695880
0.79727554
0.86220694
0.88600111
0.91106772
0.86324477
0.88913792
0.89478123
0.86119908
0.89607060
0.92647547
0.92047185
0.90865380
0.86450398
0.83739084
0.80826008
0.80436748
0.77294642
0.78664929
0.81690508
0.77695268
0.83597332
0.88672930
0.90198231
0.89498150
0.92132258
0.92068362
0.94127488
0.93906891
0.94051588
0.93367058
0.91265565
0.91525453
0.89695728
0.87700170
0.89086288
0.92470115
0.94996595
0.96416295
0.97217000
0.97072178
0.97148448
0.96035779
0.96661043
0.96758080
0.95789409
0.96356189
0.96589404
0.97059745
0.97373736
0.97299308
0.97634614
0.97865355
0.97625047
0.97821116
0.97720546
0.97899193
0.98316079
0.98067665
0.97952074
0.97691226
0.97832561
0.98292577
0.98019248
0.98375803
0.98818749
0.98568207
0.98628670
0.98573118
0.98518318
0.98314071
0.98352307
0.98417318
0.98472822
0.97961843
0.97087055
0.97166497
0.97111714
0.96981287
0.96595663
0.96742254
0.97192639
0.97191626
0.96937388
0.96241063
0.96416092
0.96096706
0.96021432
0.96487391
0.97382802
0.98202193
0.98482251
0.98603255
0.98469222
0.98775882
0.98960578
0.99152899
0.99277735
0.99197078
0.99051803
0.98991054
0.98663759
0.98713255
0.98548096
0.98339939
0.98505855
0.98443973
0.98539573
0.98274463
0.98171127
0.97966021
0.97999370
0.97960985
0.97956872
0.98390967
0.98419464
0.98520720
0.98430586
0.98445952
0.98355699
0.98344147
0.98319745
0.98401296
0.98511511
0.98555064
0.98596823
0.98741096
0.98704696
0.98683327
0.98667336
0.98704565
0.98784035
0.98856366
0.99082351
0.99251503
0.99149358
0.99107635
0.99004447
0.98997355
0.99031538
0.98921824
0.99028063
0.99005425
0.99035913
0.99067724
0.98918217
0.98931760
0.99012721
0.98820102
0.98781580
0.98423427
0.98272634
0.97993648
0.98558527
0.98558551
0.98560470
0.98590291
0.98190063
0.98029321
0.97879672
0.98253596
0.98441321
0.98699909
0.98723793
0.98905140
0.99004072
0.99114990
0.99192506
0.99113244
0.99181765
0.99106228
0.99000031
0.99185503
0.99097049
0.98923033
0.99006850
0.98602062
0.98722225
0.98648423
0.98731238
0.98655021
0.98393422
0.98286152
0.98045212
0.97584254
0.98085266
0.98236394
0.98243368
0.98493803
0.98651868
0.98788559
0.98770404
0.98888981
0.99003941
0.98993635
0.98859453
0.98890662
0.98906857
0.98871350
0.98708397
0.98598909
0.98600763
0.98704988
0.98671561
0.98830694
0.98706645
0.98457354
0.98233068
0.98312807
0.98286611
0.98378974
0.98026043
0.97357982
0.96211517
0.94911718
0.94822437
0.94716054
0.94949037
0.96145946
0.96066308
0.97149897
0.97981620
0.98403096
0.98468405
0.98694187
0.98940408
0.98860234
0.98806506
0.98329365
0.98513293
0.97450203
0.96873784
0.97043610
0.96879041
0.97270894
0.97545785
0.98214173
0.98543686
0.98961484
0.99104553
0.99042517
0.98957121
0.98918939
0.98966241
0.99035114
0.98901981
0.99065185
0.98680151
0.98651278
0.98862493
0.98668474
0.98620087
0.98641974
0.98625088
0.98524797
0.98946685
0.98807037
0.98942190
0.99013305
0.99117225
0.99028790
0.99082172
0.99001735
0.99033231
0.99037606
0.99007940
0.98919606
0.99047661
0.98989302
0.99052387
0.99124289
0.99179369
0.99093717
0.99058038
0.99089116
0.99037713
0.99070346
0.99072814
0.98865789
0.98772663
0.98860908
0.98762149
0.98761553
0.98658133
0.98787457
0.98363382
0.98277920
0.98027992
0.98015457
0.98169965
0.98427445
0.98514217
0.98483753
0.98555344
0.98695058
0.98947024
0.98618490
0.98867780
0.99143630
0.98948294
0.99039054
0.99087697
0.98925972
0.98844892
0.98764849
0.98929906
0.98935658
0.98405933
0.98661077
0.98880744
0.98839349
0.98912632
0.98839939
0.98857611
0.98942661
0.98862821
0.98785746
0.98910171
0.98757845
0.98979330
0.99038661
0.98922884
0.98760301
0.98573130
0.98577785
0.98693711
0.98859453
0.98822355
0.98930514
0.99009281
0.99066883
0.99029362
0.99019605
0.99070799
0.99018997
0.98995763
0.98977727
0.99036342
0.99023509
0.98981094
0.98963684
0.98984945
0.98861057
0.98853058
0.98775601
0.98670059
0.98415703
0.98258150
0.98063719
0.97918367
0.97702426
0.97553182
0.97365135
0.97185361
0.97206593
0.97149312
0.97251219
0.97339272
0.97680533
0.98080635
0.98391229
0.98532724
0.98762929
0.98690981
0.98666012
0.98611218
0.98684144
0.98502654
0.98534387
0.98441732
0.98527980
0.98373389
0.98198593
0.98468763
0.98317021
0.98291135
0.98193526
0.97669995
0.97458220
0.97413343
0.97159666
0.97066373
0.97225010
0.97422308
0.97635251
0.97801721
0.98277837
0.98251605
0.97869498
0.97747117
0.97355247
0.97359866
0.97129685
0.97411448
0.97293347
0.97621787
0.97419477
0.97769791
0.97685838
0.98060602
0.97874856
0.98384631
0.97630751
0.97711504
0.97521156
0.96897697
0.96753782
0.95334917
0.95518994
0.95461625
0.95839906
0.95701391
0.96498060
0.94888294
0.95888591
0.96979111
0.97505015
0.97724336
0.97558993
0.96628422
0.96213722
0.95514065
0.96734625
0.97382945
0.96910548
0.94275814
0.92782080
0.93321532
0.93894923
0.93740231
0.94336045
0.94307882
0.93806744
0.94032401
0.93772602
0.90909147
0.88080436
0.87776345
0.82493150
0.80785048
0.86143494
0.88383788
0.86889476
0.85475534
0.84831101
0.85453111
0.88099253
0.89614218
0.87374562
0.82041579
0.85953319
0.90994990
0.91157275
0.91513354
0.91604030
0.90807360
0.90213025
0.90799087
0.87231278
0.88572627
0.88345319
0.85810745
0.85582191
0.86014158
0.87700242
0.85708183
0.79948229
0.81181335
0.84009844
0.88792527
0.86702406
0.80676138
0.78161925
0.78635776
0.82532740
0.85181242
0.84519535
0.83974928
0.82101130
0.78727293
0.80643952
0.82997215
0.82578295
0.85607761
0.82248414
0.86052108
0.79791576
0.78899312
0.80253196
0.77650899
0.83473337
0.83159095
0.82829940
0.79828489
0.79921180
0.75206971
0.69725353
0.68084782
0.62736255
0.64512974
0.55738562
0.51405394
0.48779836
0.49005428
0.56113720
0.63328326
0.69153178
0.71612155
0.74145079
0.78254175
0.78317529
0.82483083
0.83791959
0.75867248
0.78959906
0.73822743
0.74245811
0.71401614
0.67008537
0.52579772
0.46381593
0.35195619
0.32633865
0.40573356
0.41738147
0.43985295
0.48010248
0.50562644
0.58993244
0.62858266
0.54739952
0.54314965
0.40331370
0.30347416
0.23113117
0.24481136
0.25965035
0.28179577
0.43385252
0.42357606
0.45374936
0.47342637
0.45373744
0.43291426
0.46971276
0.45534116
0.44761243
0.48999372
0.54022139
0.55346459
0.61482739
0.56808335
0.58774221
0.54427111
0.52219123
0.51981616
0.44444746
0.42671502
0.41807035
0.39262882
0.40919703
0.44326377
0.32730842
0.29814297
0.34889540
0.32069921
0.33632296
0.30140167
0.26391068
0.34643468
0.32072422
0.29754931
0.32730055
0.25085011
0.25614369
0.21444790
0.25585750
0.27236053
0.39366272
0.52915752
0.41975084
0.39977241
0.48341295
0.53144354
0.39470476
0.38090029
0.34860227
0.32951394
0.34211469
0.27781549
0.32247451
0.22277749
0.27933595
0.19474995
0.19319263
0.20132188
0.28417441
0.24709645
0.24635267
0.32792318
0.36708274
0.38880897
0.37085342
0.39260259
0.32661739
0.23252296
0.28864565
0.34052181
0.32392594
0.21919146
0.16817677
0.16212943
0.13685432
0.15510094
0.14229549
0.14511403
0.14867380
0.18517332
0.16750808
0.14864343
0.13758740
0.12073074
0.13576257
0.14238597
0.11660173
0.11042883
0.12972926
0.16456874
0.17519520
0.12207285
0.12369230
0.13806544
0.11323485
0.09883435
0.13575275
0.22054428
0.23222485
0.22620797
0.20197476
0.12616336
0.10826079
0.10538565
0.15978107
0.28053090
0.28860998
0.23892789
0.18371283
0.26793826
0.27295718
0.28443587
0.22592996
0.22069137
0.15489979
0.13990507
0.12279311
0.12738013
0.12024127
0.14595450
0.19953714
0.18123040
0.14439049
0.17839900
0.17926088
0.15932749
0.19682029
0.23058859
0.21532893
0.17970747
0.20518669
0.22031990
0.22814384
0.23482054
0.27049980
0.22598465
0.18927947
0.22221906
0.17097858
0.18616214
0.14511737
0.12476522
0.13604203
0.20404011
0.22776197
0.24869666
0.22534715
0.20346449
0.21137440
0.20572715
0.22081535
0.20017439
0.23244126
0.19570082
0.21212099
0.22399004
0.24492346
0.20671669
0.18828194
0.18084617
0.20580745
0.21352300
0.18807165
0.16163836
0.16857092
0.11585131
0.12471502
0.10256539
0.17495453
0.15357482
0.16447859
0.14881608
0.15671176
0.27454659
0.16514207
0.17193791
0.10731810
0.13450670
0.12338122
0.10495060
0.13324770
0.15381406
0.14086573
0.18705747
0.25364852
0.21668690
0.26501441
0.22224005
0.15081322
0.15658756
0.16501613
0.12655210
0.15235750
0.12736936
0.11375105
0.11598501
0.19935322
0.21797873
0.23945384
0.24833867
0.17581891
0.16295113
0.17524286
0.19081272
0.20402333
0.16982388
0.23071358
0.17977794
0.17009352
0.13239475
0.11186551
0.10088363
0.15125036
0.17085871
0.25302023
0.20881693
0.32429740
0.22462943
0.27154130
0.23653884
0.23335899
0.22649871
0.19479665
0.11456131
0.13327725
0.10749822
0.12933074
0.13566746
0.10354383
0.15514393
0.10294902
0.14275597
0.14462276
0.23206370
0.21003085
0.25471640
0.23924731
0.23697238
0.29269072
0.24474795
0.28084019
0.19579712
0.27347749
0.23745669
0.25618929
0.21570720
0.23125911
0.24912836
0.24895824
0.28680044
0.22533649
0.20138197
0.19743405
0.20588714
0.17776397
0.25939390
0.29951414
0.31483948
0.29697874
0.29124010
0.44125444
0.37423131
0.28943834
0.26914227
0.27396917
0.22894402
0.21404988
0.21270438
0.21314844
0.24069594
0.22589339
0.27782717
0.22126520
0.30076793
0.26764706
0.31302202
0.24943385
0.29725984
0.35957134
0.30593827
0.36242247
0.31610122
0.30694252
0.22233936
0.22413114
0.23610419
0.26591873
0.32051730
0.20526265
0.23322606
0.21977457
0.17540641
0.14259011
0.22333643
0.22738859
0.27172926
0.21643664
0.21814089
0.25336614
0.26574776
0.33062571
0.40203735
0.35320330
0.37053970
0.31151685
0.31557071
0.38933593
0.36616418
0.38721576
0.41646940
0.47130284
0.49758232
0.51964897
0.59696251
0.52212334
0.49925569
0.49485952
0.42522585
0.40836406
0.36303991
0.33381844
0.34074271
0.29433611
0.28749886
0.24940695
0.23852710
0.21366754
0.27586371
0.20881739
0.23568457
0.28937411
0.27172494
0.29941022
0.29080266
0.30899474
0.28754765
0.28745490
0.26847672
0.31856266
0.36386400
0.25828880
0.31765813
0.26913059
0.26619896
0.31341475
0.35104728
0.35274553
0.30726290
0.37419564
0.28389984
0.26833156
0.19664919
0.20376149
0.24679461
0.27834529
0.28974217
0.30927795
0.41653541
0.40508649
0.45548010
0.42898747
0.43346000
0.36309290
0.36785230
0.34095252
0.37424532
0.39256296
0.34458721
0.25523832
0.25982806
0.25120968
0.26075155
0.26743603
0.39710402
0.28305647
0.31397873
0.27100697
0.28354532
0.29704419
0.31566218
0.27440363
0.25787610
0.27083731
0.24880990
0.17880285
0.15479198
0.18385635
0.25401396
0.19468093
0.23427118
0.23548514
0.26538229
0.26373878
0.18282215
0.18343787
0.16995099
0.23786403
0.20220451
0.18694586
0.14728115
0.15738274
0.19356447
0.21889518
0.23220950
0.19844425
0.20435706
0.16694672
0.16882515
0.19026294
0.17696828
0.22645161
0.20454822
0.21554804
0.18670505
0.16694428
0.15015270
0.18235262
0.18535438
0.27073771
0.18632913
0.19918236
0.17739116
0.22965042
0.24355339
0.18471926
0.23329778
0.17703545
0.18403809
0.20315725
0.21084037
0.19181490
0.22265862
0.16596122
0.20034990
0.15657131
0.17532602
0.16131438
0.17262609
0.17261775
0.16188329
0.16280553
0.21618229
0.28999162
0.21448079
0.21936147
0.28573048
0.21926031
0.21376659
0.20445336
0.25427926
0.25960764
0.30703771
0.26296613
0.19241482
0.28318301
0.28920510
0.22878163
0.30561441
0.20860122
0.28913963
0.21031435
0.23153281
0.20507750
0.22249961
0.20334516
0.16914402
0.24738897
0.31291559
0.23765023
0.21287045
0.21352628
0.18030572
0.20354673
0.23298934
0.16191512
0.14178929
0.16323796
0.15518786
0.22871366
0.17771561
0.14466524
0.20794332
0.20346051
0.26694655
0.26979926
0.35401314
0.29034516
0.33066803
0.28783193
0.28131020
0.27210063
0.30280754
0.27050030
0.23382916
0.26076430
0.20873839
0.18340363
0.16846438
0.14477465
0.19979265
0.14009616
0.18346687
0.16414809
0.21635906
0.24349302
0.23320867
0.21788649
0.17401122
0.22348979
0.22500825
0.25277585
0.26368138
0.28986770
0.32397845
0.28492287
0.22155181
0.23662028
0.28452739
0.29590988
0.21511555
0.24377716
0.21512349
0.18574949
0.16065450
0.17269829
0.20685408
0.15580145
0.20945314
0.18902718
0.17407404
0.22623464
0.22684504
0.20736858
0.17288747
0.20186803
0.20343058
0.22611512
0.17870755
0.13331033
0.13657178
0.15426369
0.20394391
0.18861128
0.20001152
0.22881168
0.25401962
0.27083153
0.32777381
0.30719775
0.35540545
0.42306346
0.31140330
0.29731995
0.26740682
0.29094267
0.29795948
0.29997095
0.29469824
0.26460004
0.25820330
0.26599881
0.30307704
0.27923536
0.30953109
0.32756546
0.24698243
0.23511906
0.18576732
0.23945670
0.22574441
0.21343599
0.23511374
0.15003239
0.22158116
0.24151656
0.22966681
0.21870771
0.22496967
0.25910407
0.26439956
0.28896487
0.30568945
0.35455945
0.47606277
0.53113383
0.52473986
0.54310036
0.56588560
0.54433185
0.47511512
0.45901263
0.38802963
0.35227007
0.25658980
0.27476516
0.35356897
0.41160536
0.35779485
0.35180202
0.44529259
0.43073687
0.41787812
0.27831304
0.27192071
0.35225177
0.31975415
0.26886398
0.34418678
0.24728504
0.27052954
0.23784137
0.22211951
0.15665752
0.22670570
0.18895291
0.19902797
0.18783356
0.20571846
0.15194465
0.19873436
0.20755345
0.17630598
0.23083089
0.21223485
0.18864787
0.20680529
0.30577826
0.24959421
0.30737141
0.31978461
0.32894704
0.30670080
0.27517089
0.34089252
0.32629871
0.32758102
0.24939027
0.22286405
0.23101799
0.19476698
0.19173141
0.18530008
0.19940650
0.19062932
0.26708129
0.29639861
0.29147923
0.34038204
0.34300813
0.29789749
0.28817070
0.33131573
0.24211107
0.23391189
0.15580952
0.12924732
0.18666275
0.15797424
0.24244535
0.23932616
0.28419515
0.24256961
0.25653967
0.29876214
0.24550895
0.28007671
0.20948167
0.26768157
0.23718180
0.28771105
0.32014698
0.36512122
0.35602263
0.38996270
0.38091305
0.34617335
0.39827353
0.42670730
0.40852123
0.42528892
0.40080363
0.36778855
0.35081336
0.32026625
0.42724019
0.44167775
0.47248945
0.40916359
0.30571184
0.30543900
0.29792818
0.25768447
0.25930282
0.30311409
0.32849744
0.33074665
0.36941248
0.34904581
0.30259043
0.32897317
0.32681546
0.23930356
0.21875775
0.33533478
0.30817968
0.27845207
0.28659293
0.30023643
0.21428710
0.29221430
0.29581100
0.30773869
0.27922162
0.24532744
0.25801212
0.20044096
0.27678818
0.21451390
0.23953745
0.20056835
0.21076937
0.30035427
0.27518734
0.22167334
0.21655977
0.24353918
0.26453367
0.24943963
0.25413007
0.27171332
0.28583726
0.29049781
0.26792467
0.19234657
0.22281653
0.23585518
0.29834178
0.41171297
0.47956875
0.43965787
0.42837790
0.40135664
0.46398133
0.44630796
0.33556491
0.35003120
0.35734993
0.36608717
0.43412727
0.43170235
0.41379786
0.30869448
0.30115327
0.27795893
0.32631624
0.29693258
0.35421252
0.35610685
0.31219390
0.29025853
0.22950920
0.27175835
0.24503441
0.25526860
0.22818309
0.23938678
0.19666129
0.18741894
0.16426846
0.14369369
0.15412256
0.16573353
0.18012093
0.21036220
0.19989526
0.25156832
0.22961389
0.26399404
0.27683595
0.30197462
0.30537856
0.31596753
0.28475353
0.28559729
0.35287181
0.31483135
0.28882670
0.31430310
0.36668190
0.36675748
0.48388433
0.55521291
0.53329849
0.55270088
0.56544679
0.51383048
0.48644596
0.49555403
0.36325651
0.35535824
0.36321691
0.41672072
0.46263343
0.48174465
0.50469679
0.48817042
0.42416275
0.34296915
0.31537154
0.33141175
0.24940813
0.20880415
0.25306854
0.25119504
0.22161357
0.21481486
0.22945102
0.23089288
0.19063041
0.19489524
0.16915177
0.17426041
0.21376917
0.20811123
0.17572777
0.24525048
0.27582940
0.35034227
0.37603343
0.27595818
0.30099344
0.29713193
0.25609705
0.23228455
0.18602684
0.21702470
0.24789599
0.23610385
0.22064847
0.27009943
0.19852668
0.21624109
0.20837446
0.15950608
0.25755438
0.22709323
0.24872044
0.19270626
0.24441095
0.18450931
0.25481203
0.33205572
0.28034022
0.33194461
0.35487267
0.36241353
0.35898992
0.45021430
0.50969172
0.53130668
0.51465362
0.57804704
0.61729306
0.54960436
0.59241724
0.57277358
0.50202155
0.53476059
0.49174285
0.49007523
0.43961883
0.41696036
0.40655127
0.39361337
0.38704193
0.30869371
0.38010001
0.43005425
0.39332411
0.43343556
0.35020450
0.32817993
0.35219941
0.27801275
0.27236357
0.38945520
0.41063496
0.38549075
0.42835501
0.40342274
0.46618503
0.41044095
0.45077348
0.46086311
0.48717830
0.55069757
0.50751531
0.54815137
0.54844278
0.59533924
0.57099456
0.60589910
0.58682960
0.60112041
0.58563167
0.61743295
0.56174940
0.63213176
0.64140296
0.63805991
0.64383167
0.62569290
0.66538095
0.63560981
0.68165791
0.67816287
0.71746612
0.69096869
0.69150585
0.70816994
0.69777083
0.60070515
0.61158210
0.60607857
0.58058375
0.51776648
0.35536355
0.27440149
0.32770002
0.34754935
0.31123221
0.49072269
0.50448823
0.45506114
0.42317897
0.44252637
0.39094585
0.47348592
0.42038509
0.38657102
0.37982777
0.44628420
0.51008338
0.50631803
0.56397325
0.56989264
0.61885357
0.62677276
0.61863071
0.60074174
0.58107191
0.55944657
0.45439342
0.54332876
0.54660195
0.52367854
0.57692719
0.59993446
0.61570805
0.63700372
0.60438669
0.62420321
0.64160746
0.66519713
0.67366797
0.69513637
0.69576502
0.71027648
0.65468240
0.67049223
0.63833523
0.67129010
0.65176100
0.62415278
0.63087499
0.63976270
0.58522183
0.55269641
0.51724595
0.53580731
0.55894721
0.54765946
0.56713897
0.54721498
0.54086345
0.57321900
0.58009768
0.63072777
0.68343407
0.69570619
0.67113423
0.67453450
0.69280034
0.67972744
0.63768703
0.66991174
0.69204980
0.75776440
0.74824321
0.72860706
0.73573709
0.78219032
0.78016263
0.74540418
0.80210358
0.81993890
0.79928362
0.79497969
0.84603679
0.89714998
0.90649515
0.91701305
0.90229928
0.90258056
0.89675194
0.91290396
0.92593306
0.90067637
0.86394668
0.85019338
0.81955630
0.84706855
0.82366556
0.82686406
0.83693701
0.84205836
0.81073993
0.83341193
0.81407630
0.82391864
0.83813465
0.83889443
0.88889652
0.87072814
0.88855994
0.87938237
0.89073771
0.90734679
0.88694906
0.89126420
0.89723366
0.91453809
0.89839202
0.89431381
0.91832334
0.91827464
0.92857927
0.93573177
0.92990643
0.92663848
0.91371936
0.92682409
0.93071628
0.92718083
0.91817254
0.91401643
0.91871071
0.92968035
0.93776101
0.94231534
0.92840266
0.92942005
0.93981600
0.94260389
0.93428034
0.91875440
0.91774058
0.92445368
0.91289991
0.91485238
0.91538358
0.92922240
0.92571855
0.93778473
0.94454437
0.95223409
0.95529842
0.95513427
0.95697057
0.95413351
0.96072865
0.96080929
0.95616812
0.95605576
0.95713317
0.96139020
0.96568251
0.97045678
0.96847671
0.95908725
0.95615840
0.96219516
0.96530670
0.96200329
0.95920157
0.95669514
0.95299774
0.95188725
0.95186830
0.93997443
0.94308871
0.94758320
0.94947243
0.96053386
0.96274531
0.97051853
0.96754742
0.95719206
0.94615990
0.95371962
0.95622891
0.95442408
0.95896930
0.96237850
0.96651536
0.96334279
0.96864903
0.97225934
0.97118324
0.97254896
0.97599524
0.98094028
0.98189557
0.98462623
0.98646230
0.98688102
0.98646450
0.98773521
0.98942786
0.98994899
0.98962235
0.98798442
0.98774648
0.98777348
0.98770332
0.98796904
0.98877466
0.98754114
0.98421657
0.98450202
0.98488981
0.98643315
0.98869693
0.98865789
0.98787862
0.98779476
0.98725790
0.98812592
0.98884016
0.98981071
0.99068695
0.99120915
0.99082386
0.98976398
0.98769438
0.98723817
0.98969424
0.99026322
0.99028999
0.98909318
0.98858565
0.98919362
0.99029595
0.99099708
0.98915893
0.98942542
0.99056119
0.99032825
0.99082875
0.99076146
0.98996240
0.98818564
0.98669040
0.98325825
0.97934753
0.97889584
0.97915065
0.97853696
0.97921294
0.98254633
0.98414683
0.98093802
0.97986358
0.98053622
0.98252767
0.98434967
0.98487920
0.98521298
0.98599350
0.98549217
0.98479605
0.98487061
0.98414075
0.98484808
0.98453146
0.98077470
0.98081619
0.97948849
0.98403317
0.98483503
0.98251295
0.97928715
0.98280841
0.98236805
0.97659564
0.98086596
0.98322576
0.98188442
0.98331231
0.98454165
0.98063111
0.98024243
0.97914338
0.98103732
0.98727942
0.98696673
0.98493803
0.98312056
0.98263538
0.97832870
0.97997367
0.97641528
0.98039639
0.97912806
0.97491193
0.97936845
0.97085911
0.97293776
0.97050405
0.97082347
0.97001261
0.97051919
0.97113448
0.97343373
0.97395396
0.97769505
0.97838390
0.97936445
0.97809803
0.97594130
0.97433329
0.97157323
0.97164547
0.97012603
0.96879995
0.96804708
0.96835965
0.96772498
0.96641755
0.96875507
0.97006232
0.97113526
0.97515815
0.97712451
0.97805291
0.97665411
0.97703356
0.97853261
0.97943032
0.98210484
0.98561907
0.98731649
0.98834819
0.98848933
0.98763949
0.98703372
0.98939627
0.98970580
0.98987037
0.99077004
0.99198616
0.99200916
0.99192214
0.99169368
0.98992187
0.98702973
0.98244423
0.97905236
0.97558653
0.97971672
0.98345530
0.97783661
0.97610325
0.97617030
0.97926557
0.98111892
0.98066795
0.98444635
0.98583347
0.98821580
0.99055791
0.99222648
0.99076396
0.99070263
0.99012709
0.99083745
0.99114484
0.98747277
0.98514962
0.98454523
0.98287326
0.98175013
0.98103470
0.97713894
0.97375602
0.97458297
0.97722727
0.98153013
0.98300052
0.98122185
0.97277868
0.96340799
0.96226567
0.96719235
0.96708530
0.96623349
0.96436292
0.96512377
0.96183890
0.97186500
0.97534424
0.96923101
0.96585542
0.96455020
0.96838278
0.97528583
0.97848332
0.97925764
0.97882766
0.98134482
0.98182952
0.98246080
0.97869921
0.97836441
0.97781724
0.97915351
0.97936171
0.97826707
0.98179585
0.98306090
0.98206824
0.97967350
0.97850150
0.97935289
0.97959697
0.98084819
0.97736663
0.97615576
0.97302103
0.97295290
0.97334844
0.97265089
0.97095889
0.96874869
0.96848005
0.96876818
0.97127187
0.97306257
0.97384328
0.97380221
0.97146219
0.97376269
0.97796690
0.98266232
0.98479909
0.98581624
0.98541033
0.98335534
0.98230505
0.97706270
0.98000276
0.97597992
0.97509640
0.97763127
0.97882617
0.97686315
0.97962976
0.98152304
0.98116565
0.98340434
0.98390281
0.98361766
0.98339093
0.98277777
0.98296344
0.98267007
0.98073524
0.97945708
0.97773355
0.97630602
0.97268629
0.97053033
0.96820349
0.96348321
0.96070158
0.95590138
0.95057118
0.94529796
0.94452202
0.94272560
0.94233322
0.94331396
0.94109124
0.94105560
0.94510227
0.94768381
0.94797736
0.95283133
0.95290679
0.95605868
0.96055019
0.96806473
0.96893710
0.96890444
0.96959072
0.97123080
0.97426468
0.97672826
0.97804284
0.98237121
0.98575610
0.98731518
0.98400962
0.98170942
0.98214608
0.98578423
0.98735052
0.98731393
0.98478681
0.98186088
0.97725749
0.97656721
0.97728390
0.97352219
0.97159553
0.96059477
0.96135151
0.95661724
0.95520300
0.95617223
0.95194870
0.94042820
0.93618184
0.94215000
0.95840669
0.96520066
0.97185349
0.97530907
0.97768706
0.97665489
0.97289759
0.95980680
0.94419181
0.94410872
0.94299263
0.95559645
0.97154164
0.97500426
0.98041970
0.97821915
0.98163337
0.98121613
0.98370725
0.98825735
0.98834991
0.98381042
0.97352445
0.96334445
0.96664941
0.97051877
0.96801800
0.96736330
0.97155476
0.96847856
0.95401359
0.95594233
0.96280664
0.96438926
0.96527553
0.96591872
0.95242298
0.95511305
0.95515180
0.96086854
0.95958030
0.96248728
0.96317941
0.94770706
0.92728913
0.89128178
0.89232707
0.90606695
0.92162496
0.90018314
0.91358763
0.88878220
0.83406615
0.66218388
0.66893524
0.53567690
0.57061124
0.62953377
0.52212566
0.54900342
0.52695715
0.58965772
0.55906129
0.55050147
0.64995736
0.60759217
0.61983019
0.50610429
0.58147246
0.58843982
0.51337010
0.47326517
0.49603796
0.46911278
0.48360926
0.48172095
0.51444870
0.53636467
0.55481142
0.57391274
0.61155808
0.60234773
0.64468050
0.65127367
0.64872456
0.62143946
0.57345688
0.56696147
0.57118648
0.54664218
0.51313180
0.58869785
0.59934914
0.56471479
0.56803429
0.61969316
0.62262255
0.62727559
0.67160314
0.60792941
0.62732804
0.54488879
0.57276160
0.54092634
0.55233419
0.53392595
0.53149039
0.48899025
0.38465852
0.38951018
0.38731623
0.41832310
0.46798423
0.48595840
0.52668935
0.52045858
0.56662095
0.48893979
0.53324896
0.49170458
0.46900108
0.48757586
0.46327764
0.44647965
0.41032568
0.38510323
0.40996316
0.42845079
0.42515650
0.48396289
0.47554037
0.47716627
0.48882213
0.48713371
0.50973111
0.56992108
0.60765505
0.65352076
0.66605103
0.57663733
0.60335702
0.54305112
0.43525660
0.44166389
0.33249202
0.45094424
0.40967858
0.38034502
0.40707564
0.37051702
0.42577246
0.28584173
0.30594903
0.32096991
0.26611802
0.20611848
0.14381641
0.12047479
0.18707836
0.25738800
0.30889556
0.34417281
0.28858480
0.24889991
0.20865224
0.31407225
0.28540340
0.19875699
0.27282333
0.26956609
0.18637888
0.18190026
0.15500958
0.14067292
0.18524753
0.30525619
0.29894927
0.25373915
0.33290851
0.36193311
0.28352636
0.32133859
0.18598838
0.13666558
0.18748412
0.20969306
0.26358226
0.20698833
0.19303519
0.20838971
0.13430744
0.11504559
0.09603348
0.13037553
0.24401940
0.30075991
0.37568730
0.50260842
0.52997023
0.55671442
0.61303759
0.66030174
0.59089541
0.62382090
0.48723370
0.46598014
0.44282511
0.45031255
0.45871928
0.43309763
0.39863613
0.35905826
0.37771973
0.34206885
0.31752348
0.37767819
0.40291208
0.34011680
0.39248428
0.34484193
0.29062903
0.29017934
0.28812221
0.39572990
0.37922943
0.44901192
0.39663744
0.46411836
0.40830037
0.49224311
0.39907706
0.41909283
0.45244977
0.49168730
0.42051911
0.40524793
0.39432815
0.39900813
0.42880794
0.44379511
0.41955894
0.34580117
0.28934249
0.26145601
0.29863086
0.23277101
0.25158298
0.26829165
0.30227381
0.27613810
0.27013659
0.29084209
0.29893449
0.29800889
0.27365047
0.24771410
0.28776678
0.22578363
0.18059081
0.17764035
0.22246541
0.24041973
0.17781489
0.19228633
0.22292614
0.22568515
0.24302013
0.29813576
0.28877610
0.24967147
0.23824206
0.27575168
0.18539558
0.20631866
0.20452361
0.28945127
0.31592694
0.26847753
0.29440048
0.39017925
0.45895144
0.39756233
0.29790819
0.22370583
0.30797124
0.26444712
0.23854029
0.20718049
0.19457136
0.22003254
0.21056136
0.22410665
0.22244827
0.27072048
0.19158781
0.20675366
0.24631752
0.17237732
0.25810736
0.21981993
0.25300777
0.19922991
0.16574232
0.17186040
0.20345025
0.14051583
0.20758316
0.20739482
0.21155970
0.24920148
0.13733740
0.10855054
0.14943503
0.15350664
0.13133635
0.14930968
0.15645385
0.14326245
0.21757291
0.17207806
0.14454532
0.18084152
0.15899976
0.21827894
0.25484204
0.25580218
0.21247764
0.26923403
0.34816250
0.31727561
0.33468020
0.34991384
0.48737988
0.48979676
0.44220170
0.41900817
0.30689269
0.33516818
0.32068774
0.27691731
0.33542877
0.38825944
0.37752098
0.32335618
0.32729247
0.29466853
0.21926911
0.24564756
0.21860367
0.22756322
0.27720758
0.27714950
0.31901523
0.31195846
0.40654999
0.46373275
0.47887501
0.54051942
0.42014444
0.52658772
0.44774634
0.54210967
0.51226079
0.50528634
0.46257654
0.41507986
0.47758529
0.39290595
0.31430081
0.34789580
0.22829400
0.29071620
0.26552233
0.24373811
0.35559872
0.37510204
0.40870938
0.40106004
0.37555048
0.38936144
0.40583104
0.45816875
0.48171028
0.47948626
0.44473195
0.55207276
0.45890927
0.39759648
0.51122874
0.55133623
0.50049603
0.42317644
0.47850102
0.36048803
0.30025035
0.27983263
0.22729833
0.22017168
0.24783948
0.29517841
0.25518072
0.31420898
0.25755849
0.36972660
0.40141699
0.41143134
0.39115331
0.38663951
0.45049688
0.45658830
0.44924432
0.47866648
0.47565144
0.43895897
0.46288207
0.48801568
0.43079230
0.37325209
0.42865524
0.46870142
0.42227197
0.41119486
0.37219563
0.39298531
0.37777096
0.40448818
0.43052539
0.44929081
0.45895454
0.48732683
0.45830002
0.47381401
0.58441204
0.55972707
0.49706581
0.54704267
0.40872157
0.42690828
0.36314887
0.41309896
0.44821417
0.45167196
0.36255923
0.43613979
0.52903873
0.51051855
0.53790468
0.49361953
0.54379404
0.49146438
0.56899548
0.50004691
0.62012482
0.59473985
0.53025842
0.51574075
0.58552158
0.57185781
0.55336088
0.62660331
0.55763775
0.55330497
0.56813377
0.53176820
0.57286191
0.47457990
0.45366451
0.31899387
0.42070636
0.42754319
0.49298692
0.52285898
0.52415675
0.49089891
0.52563328
0.51854086
0.47570729
0.45386103
0.43860096
0.38598269
0.35123608
0.34329578
0.37420440
0.33107299
0.27159792
0.47332358
0.40140432
0.42197785
0.42223391
0.31705168
0.30708066
0.28028926
0.27004021
0.16734545
0.22906010
0.21112008
0.19463171
0.18445612
0.18822543
0.28411877
0.26302680
0.21474545
0.23405808
0.29872152
0.35419905
0.38853893
0.40895694
0.34008744
0.33559695
0.31405810
0.35232335
0.39517632
0.43301255
0.41991144
0.37728119
0.50637829
0.46789789
0.44709775
0.45659500
0.41252986
0.42669722
0.24399573
0.19068104
0.16373362
0.14607470
0.15068521
0.16478564
0.23116016
0.25862440
0.37232077
0.32189357
0.48747408
0.41035819
0.35542297
0.43413481
0.37373635
0.40154329
0.46644580
0.42162961
0.41456795
0.45594999
0.38185877
0.43048579
0.45448747
0.50020701
0.46601897
0.45623317
0.36785939
0.35164335
0.35479790
0.36822066
0.36339661
0.34166974
0.39713761
0.32690829
0.32190314
0.31016085
0.30696386
0.35704499
0.33281201
0.33678603
0.31596100
0.35159472
0.32223731
0.34040087
0.34561688
0.29391009
0.30184749
0.26500583
0.36253735
0.37003684
0.36487749
0.36900952
0.41787398
0.37258995
0.47211090
0.44993940
0.48243019
0.47929606
0.53465527
0.53612769
0.48569730
0.49840122
0.51280493
0.51608765
0.53582484
0.43171591
0.36914444
0.34816760
0.37474358
0.41946319
0.44177541
0.44405541
0.43924478
0.44807053
0.44968763
0.51710987
0.47049659
0.50818348
0.47976717
0.43979460
0.49394426
0.49084720
0.53157485
0.47569817
0.46660501
0.52677208
0.51460189
0.49868074
0.56711179
0.65329558
0.63653451
0.62263614
0.62632072
0.56430531
0.57356542
0.52774704
0.52432775
0.56987709
0.53453755
0.50246662
0.55569077
0.55807245
0.54261416
0.51302326
0.52518553
0.53175795
0.54239541
0.55387133
0.55080569
0.53881776
0.56989080
0.56138968
0.56191045
0.60173392
0.65133953
0.65411782
0.63730109
0.68797868
0.72813922
0.76146966
0.74907130
0.77820545
0.81928748
0.83386630
0.83556336
0.82853347
0.87268049
0.87806171
0.87071341
0.85185498
0.86005116
0.86326593
0.86819476
0.87861007
0.87044680
0.90011263
0.90656477
0.90422934
0.92083257
0.90882361
0.91893524
0.93161863
0.93855524
0.92059237
0.92355698
0.93110168
0.93162328
0.94383925
0.95011228
0.95055437
0.95608437
0.95448828
0.96423876
0.97351855
0.97080845
0.97240674
0.97043860
0.96440780
0.96252441
0.95888072
0.95881653
0.95834494
0.95903212
0.96782482
0.97300649
0.97286856
0.97409207
0.97304702
0.97180969
0.96855706
0.96848595
0.96631414
0.96597588
0.96447474
0.96062213
0.96067780
0.95959336
0.95434546
0.95339644
0.94152832
0.93374646
0.93364668
0.93049741
0.93254513
0.93797064
0.93141037
0.93122989
0.93360585
0.92874306
0.93353415
0.93626523
0.92817694
0.93456846
0.94164389
0.94115770
0.93817675
0.93877876
0.93879056
0.93631572
0.94120383
0.94148165
0.94907379
0.95419592
0.96344835
0.96329343
0.96445966
0.96051490
0.96497178
0.96729636
0.96973175
0.97063971
0.96551025
0.95715863
0.95716482
0.96663576
0.96635300
0.97286856
0.97244185
0.97277164
0.97218317
0.97255433
0.97324455
0.97376221
0.97346628
0.97058231
0.96884650
0.96806294
0.96622258
0.96450150
0.96591049
0.96262491
0.96070313
0.95708960
0.95205218
0.94980192
0.94351715
0.94287789
0.94138157
0.93895960
0.93536013
0.94005418
0.94331330
0.94328213
0.94915617
0.95105702
0.95260453
0.95647162
0.95726806
0.95654422
0.96110183
0.95494705
0.95470619
0.96202654
0.96764940
0.97438806
0.97470754
0.97630686
0.97339612
0.97711861
0.97708410
0.97738236
0.97416502
0.97232133
0.96955854
0.96359223
0.95744318
0.94874382
0.95653498
0.95949483
0.96302199
0.96881044
0.97480029
0.97745836
0.97874397
0.97825581
0.97753513
0.97615832
0.97636956
0.97512430
0.97595066
0.97532052
0.97685540
0.97670889
0.97802746
0.97777712
0.97892010
0.98016363
0.97883022
0.97883910
0.97879571
0.97823387
0.97590739
0.97163951
0.96614355
0.96688890
0.96787989
0.96278554
0.95965517
0.95906031
0.95818609
0.95835501
0.96069992
0.96041244
0.95784265
0.95378458
0.95268601
0.95893502
0.96337730
0.96457201
0.96817243
0.97305751
0.97506636
0.97468829
0.97134900
0.96601129
0.96241397
0.96273816
0.96599901
0.97547317
0.98456222
0.98843086
0.98780954
0.98660010
0.98688740
0.98703510
0.98792797
0.98815876
0.98691005
0.98678976
0.98570341
0.98632336
0.98666662
0.98669910
0.98648745
0.98624635
0.98686290
0.98665476
0.98766160
0.98751462
0.98829031
0.98888528
0.98879331
0.98822868
0.98839742
0.98863482
0.98861057
0.98902965
0.98942626
0.98986280
0.98931807
0.98915267
0.98856956
0.98709154
0.98630929
0.98635316
0.98726791
0.98823196
0.99001616
0.99049836
0.99051052
0.98942310
0.98896980
0.98931700
0.98827797
0.98703438
0.98643339
0.98656172
0.98645014
0.98701882
0.98645407
0.98490280
0.98182905
0.98079634
0.97985989
0.98065990
0.98233998
0.98312646
0.98447198
0.98590893
0.98646009
0.98655868
0.98653328
0.98506248
0.98504514
0.98672044
0.98584598
0.98322314
0.98354894
0.98555505
0.98672789
0.98875099
0.98999059
0.99062169
0.99133378
0.99120772
0.99143797
0.99120694
0.99112600
0.99149209
0.99132639
0.99102426
0.99086034
0.99031830
0.98947972
0.99098980
0.99168432
0.99179548
0.98988217
0.99071032
0.98933560
0.98917693
0.98907822
0.98878247
0.99005276
0.99042094
0.98734891
0.98926163
0.98845297
0.98790979
0.98907346
0.98934209
0.98932564
0.98675531
0.98781163
0.98923665
0.99057531
0.99007320
0.98971319
0.99082243
0.99062937
0.98978418
0.98998183
0.98853570
0.98600811
0.98575181
0.98740178
0.98846066
0.98947608
0.98936605
0.99008685
0.98949742
0.98913515
0.98757100
0.98390722
0.97900808
0.98588252
0.98510182
0.98746371
0.98596048
0.98523223
0.98511130
0.98641717
0.98501033
0.98284078
0.98040766
0.98070931
0.98527503
0.98472971
0.98656857
0.98786515
0.98760170
0.98846984
0.98854381
0.98832721
0.98900294
0.98911369
0.98860568
