1.87877328
1.87877328
1.87877328
2.02606938
0.85016441
1.57804125
1.80655030
1.00931797
1.80483747
2.01150264
0.97818284
0.49769984
1.26797844
1.03243248
0.70093587
0.73246017
0.46608635
0.73020434
1.04609089
1.48547415
0.75161090
0.35596834
0.79736030
1.21067189
1.04771475
0.36352617
1.60840455
0.84778136
0.59449793
0.76298351
0.89449641
1.32976468
1.46256792
1.65330704
1.25988067
0.48036329
1.22148223
1.04877525
0.74546290
0.69426259
1.46734532
2.07398721
2.11908359
1.50376936
0.57097051
0.71401691
1.19202946
1.53310664
1.92646449
1.84378126
1.41110833
1.64664890
0.86928935
0.39734044
0.82735805
1.45305974
1.15402558
0.87756426
0.69618225
1.52066645
1.41897887
2.13590331
1.25827076
0.66984396
0.38814597
0.68757359
1.64194961
1.69730901
1.19317540
1.37979532
2.06953497
1.90792970
1.87907691
1.83691835
1.42854441
0.88447912
0.80686228
0.91014056
2.11749566
1.00881052
1.28427126
0.75017622
0.58320674
0.74683423
0.45578797
1.12108530
1.15246013
1.12898620
1.00204795
0.68584795
0.92241535
0.23154805
0.47196135
0.27300933
1.10883771
0.99135932
1.49335744
1.77273058
0.81207027
0.62957832
1.33267296
2.14328720
2.32340710
1.42282725
0.88715663
0.97134433
0.63745203
0.63927575
0.65759941
0.26644726
1.05237062
1.23610360
0.75234691
1.38037522
0.70074474
1.29989127
0.90287425
1.75589998
0.73988923
1.56744762
1.63327349
1.60790170
1.48914711
1.20684588
1.58462497
0.77779285
1.27237249
1.12833402
0.99459542
0.78672413
1.25665426
0.77335532
1.22220640
2.30211844
1.89615032
1.04750650
1.15724068
1.76349232
2.00136195
1.48731582
1.28687344
0.76522875
1.42607635
1.60419718
1.62903281
1.00813414
1.00804963
1.97862771
1.68642495
0.81931559
0.78987833
1.10144887
0.99964260
0.47958298
0.61203373
0.68033722
1.07248170
1.90438879
1.65849161
0.77316167
0.86970981
0.61378826
1.50357629
1.45662491
1.10908085
1.64331599
1.37863811
0.65458512
0.92329952
1.11629776
2.38720934
1.38013924
1.36826357
0.34196215
1.21000708
0.75374895
0.61534979
0.64890021
0.53902464
0.85754751
0.93702415
1.06883013
0.64380235
1.07296110
2.00867897
1.93569005
2.06905814
1.56498485
1.13142271
0.55674096
0.82945212
0.82355519
1.04765616
1.20088650
0.49157251
0.81577421
1.07815116
1.59535735
1.16046145
0.89331980
1.19299845
1.28735020
1.70890770
1.68222280
1.44576160
0.70725229
1.03550901
0.97078020
0.82482291
1.59830859
2.04085728
0.48273942
1.55659890
1.52071988
1.05710921
1.02441041
0.90410634
1.01612167
1.23173578
0.72791288
1.55591471
0.80162902
0.55311042
0.47956282
0.16245205
1.55096901
1.57143110
2.68663611
1.97630299
0.69869034
1.55405233
1.07090624
1.46051935
0.69386734
0.82584678
0.92720147
0.67755416
1.47768232
1.10688944
0.72098128
0.93267311
0.99770187
1.35263975
1.02075707
0.73074143
0.92202444
1.10236974
0.50756314
1.02748441
0.80845825
1.39395617
1.93436891
1.47186818
2.32659994
1.47452034
1.63885886
0.54332647
1.66387116
2.17386211
1.89940446
1.64097934
1.23250411
1.00604577
0.71515145
0.91082671
1.65641906
1.68754599
1.69813049
2.16197421
1.68158337
0.68376662
0.67732810
1.12861016
1.39671672
1.03329392
0.71953563
1.02719358
1.21748879
1.38021095
1.01104067
1.19525212
1.93841143
1.50407378
0.84470073
1.28365202
1.31096458
1.16848852
1.68810830
1.37934379
1.18287198
2.50224852
2.41452159
0.93591882
0.51625632
0.86761709
1.51758019
0.67017215
0.92674429
1.62849084
0.99016863
1.69242417
1.11152297
0.65583484
0.80273576
0.38611867
0.79500887
1.15539068
0.93960967
0.22100706
1.02725694
1.31948209
1.05186540
1.39429999
1.44258157
1.17955146
0.97798257
0.77219273
0.97842917
3.04498285
3.09457770
1.34421356
0.55234375
1.37257515
1.76791065
1.37635855
0.79602169
1.10460573
0.86672265
1.05954088
1.41629838
1.82714363
2.26135453
1.66724356
0.67501154
1.67660295
1.85154868
1.18035711
1.64683754
1.88925866
2.03357637
2.26097246
1.60596844
0.56736427
1.11144849
1.85352339
1.31449098
0.78853818
1.97964441
2.45164800
1.14565889
0.86029064
0.54418069
0.92497542
0.84844481
0.40491976
0.99209481
1.32748469
1.50657734
1.63023785
1.22089003
1.02779334
1.52336111
1.15832057
0.42876293
0.84814473
1.38952862
0.94332721
0.47979209
2.43182446
2.55522012
1.03568322
0.73624633
1.23646627
1.56754560
0.81917506
0.84634923
1.76474554
2.11857038
1.23457747
0.55735924
1.07153518
0.79771035
0.68564321
0.91217849
0.93274340
1.91073297
2.51180985
0.97826722
0.95853384
0.73538645
0.71516588
0.53139552
0.46257472
0.88364680
1.42248391
1.93442611
1.56835366
1.20183645
1.11659765
1.00767027
2.37334999
3.07841082
2.41145702
1.46014778
0.54120908
0.75087814
1.43378034
1.40869739
1.28926457
1.70844735
1.36314622
0.78368548
1.54961007
1.50138248
0.92779400
1.44412486
1.02013760
0.46228695
1.16001343
2.09724068
2.45700325
1.42929070
0.77958162
0.80916659
1.80107677
2.15148924
1.56252281
1.34945241
1.04748262
2.01874914
2.78822541
1.22615158
0.67141391
0.84151023
1.88254118
0.92905397
1.31349071
1.06590884
1.13161265
0.57322150
0.82752488
1.78891044
1.33876511
1.14027528
1.86438356
1.16176025
0.61807219
1.03488749
0.56313523
1.01410525
2.07795003
1.23585404
1.31120760
2.23095316
1.50908628
1.54731199
0.91866090
0.90354668
1.17998699
0.59471096
1.65344074
1.94225046
2.01041941
1.82323517
1.83106863
1.95509670
1.68598357
2.11005356
2.45548770
1.99053543
0.94279759
0.88951504
1.46567420
1.52981652
0.99837026
0.82804702
1.44783185
0.95114268
0.53603824
1.26391379
1.47288573
0.90790772
0.71004688
0.99874387
1.19165077
0.87609476
0.51471898
0.42939368
0.88583040
1.75392829
1.83500865
1.76879070
1.40258609
1.12874792
0.26187576
0.30641212
0.88722378
2.31079310
1.55437848
0.95573317
1.44503153
0.85313992
0.90979233
1.25553365
1.38663597
1.19944714
0.90510963
0.96596119
1.15493766
1.24806498
1.41903201
2.08989856
2.20083900
1.36365230
1.50388167
2.24894471
1.64637691
0.94643302
0.59247231
0.69295510
1.03487671
1.63479936
1.65455130
1.74940207
2.35440661
1.53368323
0.70930095
1.10142609
0.90392465
1.15987068
1.18844160
0.89296462
0.72284110
1.39528635
0.90436504
1.46103631
1.71976158
0.43677077
0.45028862
0.55515871
0.43489473
0.63700353
1.32199883
0.60535040
1.08119963
1.66774915
1.81451227
1.92701667
2.41408156
2.62360627
1.65595303
0.53992464
1.17946588
1.22205213
0.55259992
1.04341153
1.03662361
1.15510303
0.52458909
1.34976940
1.69366432
1.32358936
1.23388719
1.11368931
0.91017882
0.42059823
0.86185471
1.58312442
1.83136294
1.00083318
0.99649122
1.03625337
0.47552743
1.02757631
1.50036423
0.52215308
0.69168333
0.76580982
0.67538393
1.13555133
1.06353205
1.19098129
1.40999172
1.18904337
0.72434034
0.46820422
1.34697867
2.63374853
2.25029905
1.02734323
0.25054920
0.93245007
0.64872983
0.50143368
0.62359919
0.49521926
1.19692512
1.08662857
1.10044458
0.37345308
1.18160644
0.98779486
1.90347733
1.43616668
1.12470075
0.72968353
0.60563043
0.95578332
1.71487839
1.49003336
1.30850787
1.31746650
1.13672846
1.40011053
1.84204782
2.24637916
0.90092672
1.95373058
2.69868921
1.68291215
1.27519424
1.20219419
1.19964040
1.15312716
1.35180864
1.12459350
0.39105854
0.91028061
0.63949956
1.12547735
2.39838196
1.93193426
1.69193968
1.47959787
1.29462653
1.35410369
1.25379329
1.19161777
1.49089372
2.08343722
1.61524663
1.09245470
1.07966639
0.47867914
1.17324169
1.18270634
0.87224680
0.92240170
1.26273177
1.49269802
2.57733244
2.12284921
0.82604933
0.65784271
1.25996570
1.20615057
2.28079577
1.62955601
0.97837809
0.78641047
0.58663477
0.91841028
0.52800709
0.35840090
1.01915452
1.20525837
1.85163082
0.84060108
0.99659762
2.00328103
1.77737649
1.78651410
1.65690721
0.62575457
0.72028587
1.42408197
1.12921671
0.88196478
0.95455901
1.59042014
1.90613041
1.75929435
1.17894172
1.28449336
2.19001991
1.69970461
0.73819023
1.55356739
1.31641985
1.61738474
1.15880246
0.93639364
0.66851531
1.18540653
1.50975980
0.43438896
1.52018580
1.22392059
1.90857335
1.89486454
1.54558893
0.53950170
1.90887150
1.48473043
0.67580710
1.08605421
1.81914967
1.27902269
0.74262495
1.50108672
1.72419024
1.41168524
0.91928381
0.75042289
0.34468015
1.03215147
1.00922631
0.92664121
1.06362349
0.99963576
2.10225248
1.80040596
0.70508597
1.04212475
1.76278755
0.65635112
1.79326068
0.80130941
1.25261092
1.82113723
2.08567531
2.25792687
2.07500776
1.66074964
1.87911148
1.85189442
1.45460005
0.50070123
0.49709405
0.83008616
1.17833646
1.06454032
0.97246516
2.26275175
0.89163046
2.42415702
3.36554001
1.29573227
3.28750667
2.54180216
2.70068991
2.01383726
2.92303208
4.33469095
4.06448849
2.05686801
1.38814385
0.19400217
2.16205391
2.24703255
1.73228280
2.03494337
1.99825456
1.30648331
0.89420479
2.74306125
3.14702699
2.26318972
3.08333493
2.97217277
1.72846036
1.81165865
2.67954925
3.58930802
3.43317772
2.17344738
1.12278801
3.23684375
5.03323644
2.67224497
5.29140294
3.71608538
3.84816972
3.38778183
3.37473842
2.76072658
3.68924280
3.13787102
1.24790876
2.65671750
3.06697942
0.74310101
0.36949325
1.01028614
4.44450834
6.42146599
3.02621312
2.06913699
2.10257359
4.87496709
5.66490824
2.90741272
2.31515209
1.72306623
1.35451606
1.48336082
2.85266547
4.07375080
3.56680310
5.53039444
4.79571733
1.58566819
3.72305919
3.93428681
9.28647081
8.31451289
7.73125997
9.53746827
6.27063897
3.74715760
7.88200241
12.81823012
10.97398757
3.66732027
2.23094312
5.13760553
8.65144449
5.55283469
2.72571503
4.80539209
5.03923513
6.31790125
3.05991421
3.94412896
7.45557599
3.96700801
7.01667072
11.68535118
10.46783949
6.07422701
7.38103444
12.28336413
6.99193343
4.14769868
5.40055749
7.28343872
2.55657418
5.53444585
7.96833893
3.30431719
5.52130038
9.27157268
8.87590191
3.31601860
11.37502297
14.60431478
8.69765174
2.87088379
4.74282947
5.80466538
2.95356993
4.52317499
4.09180617
7.45615517
8.96095430
10.34591809
9.56209762
4.70746671
4.21967609
4.85708513
2.46902991
7.05040443
4.74043340
5.92639035
1.28762625
3.91651408
8.10794618
12.40617010
8.79734582
8.43283488
6.26929744
6.08872729
11.29867928
10.82258229
9.73237831
8.64895610
8.91392611
10.02111936
11.78695914
7.97987730
6.10307874
7.58139492
10.13638761
5.50209687
7.33804475
15.10476461
19.88264825
11.00419377
4.08467407
11.23102686
8.97802981
12.23758585
20.20385239
5.28894623
10.40466234
14.39484396
7.00496617
13.45708960
15.99446628
8.63213284
9.28581399
11.66724578
10.99503821
6.92639647
9.20638396
15.93096594
16.28013695
9.12219182
11.87750468
21.79312599
15.69986974
7.15575944
21.08232589
17.20535886
8.76891084
9.72507691
8.32208343
2.61809669
10.00533236
11.47066399
9.19515801
4.75264024
6.27408333
7.18507977
9.30490948
15.24004315
15.32131170
13.20625232
2.46836271
8.73046393
5.86799475
6.27545738
7.27864238
9.10675987
3.83802395
3.99240011
4.65999626
10.27984780
16.51080311
14.99062819
9.06205793
7.42578446
16.20228652
13.10669213
9.14043564
3.97767229
14.60119282
25.46447525
21.64061151
7.32127767
17.10715250
22.78321896
13.21157317
5.63528119
13.72244128
14.60328862
5.55467539
5.26270827
11.51797046
2.77535428
12.33374829
20.37925621
14.80750379
10.60206424
10.70538991
13.60022227
8.27859698
11.85479132
3.60006758
20.69270747
24.08187707
17.80199544
15.93808319
1.98551592
13.86220048
26.79423636
18.27441285
7.58471476
9.73388972
13.16005813
16.55601700
7.98605217
13.99457948
19.05269445
8.23575238
8.16178803
12.08468796
17.69840572
16.28202861
16.19284596
13.43632726
12.76763637
17.12949444
11.05986700
9.73038195
15.01761829
8.05950551
8.47032684
13.68956278
5.53663373
6.38976921
13.70378750
20.62301022
18.50222134
5.93948610
14.11432154
13.19321395
5.77993446
8.08278929
11.84293712
9.28566430
12.00897727
7.32239519
3.33121315
5.96244929
10.81490102
9.38523862
3.28674978
1.81988807
3.27239831
8.27442009
14.06885607
12.96274370
13.86040322
17.47416681
15.04965821
4.95856513
16.72632271
19.45061862
17.78213661
9.07398254
7.34339205
9.83794180
4.07378467
6.38002734
2.28248791
11.01385966
15.85621421
18.59530231
14.09459229
8.38491263
4.22516947
8.88546178
8.21652037
13.56560734
13.41234396
20.29808576
15.84996213
4.58417264
8.37126504
11.53900194
13.01283575
9.82653740
12.81893052
6.36003664
10.40070757
8.90257208
9.07585010
7.37326355
17.50912421
13.45832182
12.19603828
17.78512861
16.52898390
22.18711556
24.60996552
7.46521317
5.66950965
6.15006979
16.37721147
21.21053642
7.72730831
13.91840113
14.69047013
13.02864730
8.76000861
9.24871251
20.82832134
20.16916353
8.12175503
6.72928800
4.53867776
15.20881703
12.95258402
9.16720468
8.44761512
8.86135816
13.47131261
19.54699956
23.51926536
15.87376948
10.01471508
7.93561457
8.68494227
9.07358981
10.90551189
7.78453059
8.00554835
8.06928890
10.53281948
5.04700189
17.99316709
4.89982122
16.71906515
20.82086040
7.72040716
5.80882430
9.32681053
2.28276027
9.04880610
5.34943158
7.75006492
8.90346609
9.76945293
13.37116146
4.31799058
19.33069119
14.18623069
5.62898767
14.80979876
18.29399132
18.07175150
19.96281276
18.66362930
9.76448238
15.84042439
14.33344333
12.53839082
13.75061226
9.65479694
8.34422904
5.22400587
9.80998877
10.48612853
18.73182854
26.93152235
16.94759336
4.49600302
12.31200897
17.72501641
21.46572076
16.75328038
7.40115693
9.33347691
15.00913991
6.07041330
8.39432348
4.85611764
10.16177840
22.03282318
24.16151935
12.53892166
5.59231582
11.02639162
19.83500798
16.27407929
7.98581358
6.79631246
7.76708433
1.04074659
5.94971633
15.73852885
9.67804842
6.30134539
9.39534501
11.60941382
8.66900661
16.40829831
8.08721246
18.09436285
23.62476947
21.34212888
15.79648448
7.66355048
3.70030493
4.49195825
10.10167842
15.63417371
13.73265091
9.06173884
7.52867952
6.66217455
6.01823593
8.25384538
15.05976057
22.45357355
13.23386887
9.49591338
21.31673773
24.95435395
10.60161122
11.35118038
18.58877721
21.22397919
16.49688002
23.53241382
33.28282282
26.47620676
12.05569348
5.74248360
3.95310519
11.94423741
21.67184567
19.69101964
2.56688322
9.64902289
11.81686258
17.69086165
12.01235658
8.16526297
10.50164528
12.27304993
8.28394131
5.00020709
17.35434872
3.02880797
16.27846381
21.70070665
19.38389583
6.35480633
14.23793381
15.60114209
9.60443471
8.44093794
20.05969717
21.27996295
19.09419661
12.69959263
16.07449452
16.91368913
13.51120429
17.42649701
15.77838862
16.50306382
12.76476997
11.16551056
9.69183876
9.62509150
11.84248780
12.01477204
14.67093697
11.30920049
12.31395440
14.69460139
11.69574476
14.34790760
10.75502211
15.21664317
20.39630407
12.15477753
3.42026345
5.16998598
7.86325827
10.87150266
9.32413520
5.66059768
5.99259754
16.83566687
8.34855825
4.24728828
3.22225108
12.10827952
8.02526334
7.32189491
5.88696094
8.08315855
6.82836073
8.02476005
19.52404951
24.29213793
15.86012401
6.00120133
14.55846049
25.69626452
19.94161126
10.18035938
11.98595020
20.98325413
17.71556635
13.06774398
10.73967706
4.48132148
11.00430259
7.23887391
6.98349976
7.32343729
6.35993267
4.80027908
8.61236541
13.57486496
20.55980932
9.28777101
3.40376947
9.54647384
20.26648343
12.20669203
8.41636392
13.99640202
11.68511595
13.12432021
13.74704179
11.45221122
12.04616481
18.92237439
29.15891615
21.01701801
17.66932604
16.01356949
8.60921365
4.93831713
3.92831294
6.52201606
10.27676451
9.54579695
13.86719665
10.01270594
10.47178002
10.26286499
15.96144169
19.04716800
6.17036848
11.20562548
11.19394348
15.11979666
12.55824854
11.05721169
17.63441541
11.55061792
4.29697674
10.10722810
12.59746753
12.14963932
16.20215043
16.26545791
12.05303914
7.99216259
20.28094006
24.13443818
17.17643821
16.19451029
15.76801026
10.94800381
17.58959359
21.82907233
15.19387290
11.48884006
14.53526920
22.37841826
27.56048977
11.37723076
9.21240167
11.96481096
17.93609879
10.89217294
6.52989461
10.05806041
18.92620189
7.39460283
10.17088890
12.85647630
20.26526591
24.90246235
19.24454801
14.71451218
13.52492945
7.98410233
7.38260155
10.18662029
10.72549282
9.36300639
21.67862972
16.54864436
4.30767823
1.49107122
9.88321315
8.89485958
8.08151094
5.14087359
4.62884054
5.79359584
5.23743689
9.01999696
18.82186882
14.16640892
11.51492152
13.12848501
11.87124654
7.76861081
20.57252667
23.54738527
23.93752170
19.78344103
19.88025659
30.81702976
33.26686638
20.40898258
19.81076513
35.09785627
24.78387035
11.08731188
6.73777283
17.49846535
13.80407387
8.45674620
11.71127390
14.27689680
15.63949171
22.70462061
30.12215020
18.68281547
10.34400185
15.72572624
13.33263290
12.82615872
14.49352188
12.80366434
8.09992898
4.20732413
12.83067361
16.24515011
20.68883428
17.79225186
7.01812770
10.08843016
2.10444105
1.37207287
14.07789358
19.26406956
19.51185379
14.77559581
13.84599934
13.00192557
5.06031433
14.35251358
13.89259681
12.17725814
8.68839647
9.06515764
9.16233225
13.35983808
10.03981656
16.11758877
23.12258480
13.23219123
9.69106278
6.71608187
6.22452357
2.07858303
13.67555614
10.54565624
9.93969780
8.84025189
11.43021400
14.92117614
14.85269518
22.48846444
13.51219049
6.74917390
15.77354356
14.33449597
4.97770804
7.65864030
10.98229084
3.91325269
11.43651382
6.78492143
4.20223481
12.59289915
10.72470663
14.15607242
10.83684701
5.94198837
14.41812772
10.84023474
4.75886422
7.74830523
13.82283860
6.07587292
16.07408773
18.91178821
12.45835906
5.74160343
9.19340199
20.92659990
18.28716627
12.82659040
11.38617858
7.67740288
11.07864337
7.47483162
13.01957068
16.65742567
17.64750555
15.82081621
14.53782484
8.66012240
15.51170259
17.29805873
10.72977326
12.70550650
15.39144434
7.85904186
2.57390846
12.50912120
20.05845966
8.18076742
8.55353810
12.95975451
9.66031106
5.38110006
4.10316437
10.00312225
5.36682960
8.36785625
11.88956095
17.67006424
15.74310452
10.77692530
8.94329555
9.11332928
11.25060775
11.07942205
11.86540678
7.61597926
7.22615365
5.26821264
6.62840518
12.77852293
10.21190214
7.81023492
10.83234097
4.56490908
6.45896431
6.89008426
3.70847618
8.89581384
4.16434596
5.90857246
6.11081913
9.06064289
6.40056119
9.37237369
10.31874056
12.30395867
10.68607485
12.49803519
12.75633605
5.97592740
4.95616379
2.08778409
7.84975894
15.51105331
10.79917063
5.23222273
6.20797494
10.15199407
10.96453197
14.38154705
15.39809437
10.92914588
2.87201487
3.66588771
6.80099921
3.91474755
4.97279656
10.03789657
6.84120386
3.99142638
5.36506031
8.52197124
9.18100564
1.60323664
8.21422324
5.45655519
2.92052935
3.62873269
8.26707451
10.05131951
7.12056552
6.34274638
8.08716159
6.44025562
4.33018401
8.14200993
9.22044057
2.14075320
7.44608454
9.43831576
7.28395736
2.97624011
6.67277714
3.42621665
5.57937300
5.20391241
3.70027563
4.73108550
5.16558651
3.86238182
1.88145706
2.05399742
2.10232498
1.00745978
3.07685135
5.15205815
3.31061244
9.50142458
7.82114799
2.93205224
2.66962926
5.25139160
6.41513733
4.51096152
3.17823931
1.86206304
3.92262074
4.10714602
3.44656979
4.22050043
1.40263311
2.68022877
3.91640578
3.92557028
2.18130584
3.46678452
2.53800716
2.43241621
6.47435526
6.79763383
2.51395094
4.17608080
5.06568088
4.21804728
3.23078372
2.58281720
3.48555690
1.37908641
1.71150007
0.59338454
1.24525552
1.75032047
1.06626273
1.83187707
4.47266552
5.38407730
1.02524616
3.63922279
3.04164013
1.98149602
2.22409873
1.34219960
3.35221828
1.75954125
0.74572518
1.96537244
1.79407590
0.68223056
1.36983842
1.28527435
2.34920648
0.92086168
1.33388224
1.47110302
1.65082955
1.36448535
1.25156903
1.26319859
1.97874415
1.63712168
1.07878676
1.30602606
2.16523394
2.79958576
2.36662295
1.59367832
0.99404084
0.49357537
0.59337274
2.66707178
3.04783403
2.43110317
1.07262515
1.56545903
1.15177684
0.99956012
0.65665461
0.80503096
0.35927923
0.19277160
1.05450447
1.68806788
0.82971970
1.24396409
1.36733194
0.95063405
0.96879734
1.24001072
0.87028041
1.47414934
1.22647566
1.33456468
1.39425810
1.59071229
1.86388339
2.62349364
3.08380072
3.34061068
1.95958426
0.84523345
1.59618412
2.05779907
1.34149671
0.52797683
1.00050993
0.95158934
0.73521934
0.44617362
0.27806633
1.31711421
1.54052615
1.04888375
0.54741591
1.18030126
1.33074552
1.58178753
1.92591483
1.47543047
0.47359603
0.97349102
1.22332015
1.23720256
1.34297435
1.27545421
0.87502823
0.66028386
1.12990596
0.86246433
0.99925739
1.63436409
1.30937479
0.85547473
0.68885242
1.44042520
0.93275061
0.75977969
1.76608468
1.22882358
1.57715440
1.22557447
0.99865070
0.65753196
1.21551613
1.52964677
0.90815017
0.44743951
1.16544411
1.54950192
2.59535841
1.74582805
1.09860481
2.16327804
1.75780941
1.88746587
1.62078842
0.55035231
0.69311467
1.22840212
1.37662199
1.05859717
1.40537593
1.35615591
1.11876548
1.09737679
0.56219292
1.25635093
1.33767080
1.22334016
1.12676307
0.55796564
0.81007963
0.62038516
0.10399552
1.10640146
0.61333849
0.39880946
1.30075474
1.22834166
1.34871535
2.01031999
1.43012306
1.84646712
1.82156729
1.23001997
0.98776426
1.34760899
1.58939461
0.58174043
0.55827319
1.04954482
1.84050570
1.14573692
1.05084702
1.22830420
2.09862119
2.74236986
2.35075094
2.27117845
1.86665140
1.22628687
0.17947665
1.29172497
1.99282142
3.27968359
2.40635326
0.56937111
1.83501590
1.57062992
1.12236773
1.14371357
2.02395156
1.51771082
1.01916295
1.57088154
1.64604742
0.93483833
0.79412691
0.30692274
1.10833508
1.11621445
1.34746156
1.37639320
0.91934852
1.05518548
1.36017611
1.60305114
0.98916631
0.64938925
2.09296973
1.67646152
1.04751480
1.04233377
0.79264080
0.88032628
1.81595946
2.24832041
1.25303122
0.53029509
0.46506539
1.45864455
2.19663557
1.62296823
1.09458545
1.58977821
0.89994087
1.07634441
1.07262154
0.65856131
0.73201739
0.75436603
0.91704824
1.17901946
0.79558960
2.07496557
3.15080431
2.53113401
1.25663210
0.74521477
1.03989979
1.35033145
1.61085505
3.47878285
2.50358320
1.41878103
2.19589695
1.69234486
0.97528505
0.79056806
0.69829672
0.67804229
0.14001326
1.04092490
2.05243529
1.31585922
0.64128012
1.42408674
1.64410571
1.22219380
1.36740262
1.42886736
1.41447054
1.30034817
1.71467800
1.49335979
1.25583732
1.08309588
0.62069917
0.75527354
0.87829781
0.74989817
0.62476268
1.10540854
2.09300886
2.74685477
1.25789389
0.68118015
1.09858565
1.12214987
1.37338409
1.46051858
1.05752175
0.96366208
1.58974042
1.42124433
1.36285054
0.71557450
0.80392021
1.77011188
0.91896382
0.67928564
0.80684636
0.77383783
1.02773932
0.39752961
1.12702112
0.52319325
1.04136772
0.62055560
1.78334733
2.93095880
3.46742485
2.65450604
1.90276046
2.68885105
2.15618452
1.67683191
2.79092393
3.49249906
1.39936132
1.31533311
2.87330643
3.82589556
2.03273683
1.64110627
2.33768424
2.81689302
1.52648792
1.05354620
1.26908933
2.09127167
1.14381641
2.35719617
2.22824700
0.80931968
2.81344700
2.58394303
3.11963154
2.70775091
2.58213611
2.21948374
2.19248693
3.20050996
4.76819553
2.77065137
2.38843906
1.64008739
4.33255053
5.31159457
2.16599553
2.97032759
3.33717091
3.59806191
4.08265416
4.35348396
4.14821986
2.34470831
0.97379508
2.75181525
4.57374486
5.08325382
4.64720729
2.88715369
1.93375371
1.65370300
3.96220991
8.12509124
8.91608163
10.47219563
8.22782852
2.86493500
1.70044991
1.61364330
3.22205676
0.70879981
6.20309296
4.30092267
5.55229053
5.36563769
1.51587088
6.59682562
8.14980901
6.19851405
6.80995768
8.63716523
6.28358749
3.03026661
5.36147222
8.40287166
4.77451321
7.21231710
7.20121573
4.83013994
0.53584057
5.46912539
9.54549996
10.64038412
7.97741862
5.44705370
4.92746629
9.13122156
6.24703258
2.96103432
8.89774234
7.63643692
8.21840971
8.56130419
5.41312678
3.78819758
3.26246229
7.46252970
9.35324801
12.05010394
11.30496879
2.78695386
7.79354772
4.89813578
3.22160993
6.31961188
10.74973792
8.11925205
6.97732751
12.50534285
7.86981083
5.77050856
4.87935828
3.80044720
6.45669804
3.72137399
2.73089402
7.30247726
13.25830227
9.72690238
2.43813719
10.51424408
11.40729397
10.28439895
5.83313590
4.48889113
8.26918769
10.59571178
10.58195642
5.55793045
11.44060794
11.22245142
4.27005911
6.52225245
12.44859554
20.13738368
10.66326283
13.46489812
13.97154761
4.37997795
15.57601624
10.23023046
4.16695820
2.27733841
9.60131304
4.72305896
12.30093631
19.40152729
12.69307831
5.42476204
10.92463573
15.83194764
14.10654432
6.08120320
7.29346897
13.67940085
8.33941796
6.86415231
10.75850267
16.44639039
7.04554367
4.72903413
4.41254945
14.87416432
26.00999603
10.48797611
7.87285758
3.46973182
11.51890495
23.34104471
27.36033909
17.98655651
19.29114033
21.40448594
10.32460841
8.65918363
18.18260867
9.07004931
9.54749364
13.97005963
5.87623791
10.08180936
2.97584716
13.07139730
16.03164549
20.27126364
13.62129164
10.78327204
10.83322645
7.01090052
7.07286978
2.54064990
7.46772125
7.16982915
10.88505563
14.43297701
18.66473450
8.22920297
11.64952553
13.50959216
8.57621750
3.43545212
9.49795574
14.73980863
7.79222931
14.06802491
16.06318155
10.67870349
3.20563667
4.68864122
5.26077673
13.83220838
17.84242873
18.24615467
4.45317360
9.25286297
14.99125499
29.78046838
21.21121690
12.44173486
16.06430094
14.36776904
10.94486857
22.89205024
28.62901381
25.39821228
13.34731787
5.93237598
11.37481129
23.51476148
36.77453127
28.80628073
9.90700597
12.88053634
9.25929558
13.60644585
9.54831344
23.73986036
29.54835898
20.29709275
20.02305259
19.87261095
18.26790009
11.98045467
16.81124777
16.49797601
12.66179345
6.54103543
9.61213578
11.26924244
19.23001451
16.97098222
17.16818086
15.35185641
15.69770614
8.11825639
17.41303730
12.99674266
5.13246321
15.79338344
19.18314513
27.09528992
22.60422715
7.30454873
12.43088174
15.01375449
23.60660730
8.58424913
22.13814980
13.80957631
34.04598390
32.96738719
10.22690308
7.39814281
11.32277865
14.52801478
12.86443202
12.18611823
7.95861028
14.11811836
25.79778921
28.55961737
20.46121059
6.41092500
9.43979680
8.25409307
9.13345108
8.48531560
17.43840981
15.88590343
17.24784850
23.54193322
15.90895519
23.02040939
18.21159128
4.95370445
26.84414502
32.48697718
13.02659395
17.60780859
17.89572329
15.30496588
35.10633938
29.26711634
11.45011916
24.12638329
22.29007216
9.39616211
9.37143805
13.02365131
21.07406217
18.50946637
9.16221508
9.55253317
21.67051369
38.85371959
39.00139053
23.94943732
14.24152095
10.00169859
21.49906424
14.88272483
15.32624302
27.99264594
22.10529595
30.44953456
34.04965435
23.38678227
8.18300838
20.69825994
6.49197258
14.95407502
12.29188417
6.00098654
7.26219811
7.76340075
16.35582087
11.71704606
14.67242448
12.93016198
39.04278337
39.85977101
19.12394438
15.66029001
18.87941547
33.54164914
22.35034728
19.24470641
9.70463896
19.91707624
18.48115913
19.15553681
13.72785896
13.11302760
1.89260826
27.99009240
32.06087969
19.51489621
17.38455284
8.61483732
4.46083854
16.64456331
14.45398118
13.36056782
13.78209015
11.46300810
13.29151632
31.33745700
45.83244233
30.33840897
26.28640338
16.35244643
13.81767916
5.91431597
16.74330544
15.19530963
17.97412880
31.69044069
33.16593205
15.95088212
10.20012028
11.48380537
23.86453023
11.64575045
15.65208085
14.11466474
14.37586599
23.38718125
21.02605755
25.28646452
23.70582976
9.43084201
12.51067479
16.03782861
24.25456052
15.55310923
10.48671324
19.32675352
19.03720565
14.53881068
15.31173998
28.03233168
21.17765954
7.80452257
22.03431920
29.04164656
39.08591505
31.56602170
28.99298778
19.12137309
24.51056533
24.54228996
19.24998788
13.26484156
13.46812825
5.35889903
12.24873034
20.92592413
16.40185290
13.34392846
4.71606386
12.91945884
17.27903927
16.68747913
19.09228148
17.26880889
13.45315321
12.25578737
16.98480552
14.50437324
7.33125981
16.56726170
11.09884546
8.96095776
25.05173169
28.96476414
18.11483686
11.77216731
18.68740286
20.66774428
27.21650431
26.21081652
19.29118376
20.45674764
3.63299758
20.93368642
27.16364369
18.67992069
21.34775444
17.69217889
13.12091515
9.35697154
12.35489136
17.10369818
14.24105251
9.58197335
4.78309667
6.54081223
16.06216985
15.99744117
12.64825994
4.61012417
14.06239405
12.13039488
10.63952667
10.27370463
16.40070544
13.63524123
6.60811603
17.55796374
10.11334363
22.54497315
30.99743496
22.94389641
23.64557664
32.45763232
16.49635166
13.59194741
9.24380893
14.85140610
10.18927055
6.56785093
5.48803773
12.80656049
7.27792212
16.36470289
17.01486148
10.94440811
15.40947222
22.10022032
27.37927250
21.57108161
21.07580685
14.22881012
2.58028824
15.36820467
16.11690595
22.24110674
20.81927626
23.45313453
24.84768741
22.93232603
27.51923350
35.08146540
30.37580198
20.67688416
17.95376716
13.34696519
11.11137251
3.36000945
22.63142081
19.30910330
30.34214834
36.76389029
20.91558787
21.20838554
10.87691188
14.16955583
13.89716463
13.23561369
22.40941554
21.88771234
12.69918948
9.62595411
15.93343432
26.26621153
18.06243315
22.72104234
35.62596006
10.30891390
19.02852921
14.92185481
19.84270884
20.00069401
17.06604705
11.72438872
7.68937301
12.94908571
11.44555022
19.77912235
9.39881885
13.89540001
23.59210814
27.16908464
26.91060289
16.53888790
32.19554461
26.82883109
23.40848180
27.59718074
25.15723129
5.32650625
15.45857067
6.75603974
16.59351229
15.92476234
17.32731494
18.67726558
24.93426893
17.05702028
14.13724743
12.38059032
14.20306136
24.23694745
16.58292449
23.06077259
23.32603642
13.25934929
16.90764464
8.15253380
5.95762349
7.42467518
23.16866128
31.31456694
29.03743071
15.58154042
16.08878409
18.58308144
21.84875903
12.89887236
25.85919924
25.28641474
19.22084874
11.59579052
14.10718165
32.60187790
34.88806326
21.33863348
24.68415623
19.34500059
15.64020930
24.47710641
19.18912569
23.82651630
29.80183827
26.71323652
38.01895101
29.44409694
27.49329957
13.21932709
10.44645034
25.47488561
40.98298551
39.37901068
41.61354080
23.05160492
15.29416936
18.53340898
10.73467848
10.78761238
14.11691589
18.75875559
23.69688796
17.88550325
15.64734910
32.51974360
17.20154718
13.85962010
35.72536402
31.50632814
10.96546213
6.96685629
10.37888109
15.53932354
18.17186790
24.55109011
25.75058864
16.95458752
17.64148681
23.16319217
21.98523190
16.83746903
9.22934058
28.06928321
25.24840296
13.22258555
18.18416194
36.19923918
36.06296048
13.10633118
26.49944789
18.51760849
22.76768754
17.88148312
18.26646973
18.20914828
27.94598364
24.82974739
17.47933866
14.43003319
35.58252690
27.70525151
22.57951786
24.05003421
31.80538295
28.45998244
11.60882836
12.88702721
14.57438837
14.25577038
8.38259065
11.80623558
19.56861578
21.06774587
18.15637602
19.62638920
15.81695698
16.85737358
23.61138024
27.91619841
22.46564295
17.55078722
19.76761509
11.73722523
17.44705495
8.89189964
14.32026854
12.15019295
13.34619549
16.75156431
19.33582852
19.47962971
19.74076291
15.79353226
15.04737518
4.22978679
17.14723571
26.83767389
18.58163619
11.94184499
17.32501159
33.16350319
26.05065253
13.55855133
12.22810413
12.24999891
23.48470549
20.90978399
18.39935952
18.16423368
20.48730596
35.52558581
45.04336287
29.37063882
10.78971711
20.07944517
36.04773757
31.63268879
18.39378437
15.18179095
10.47021181
14.23013024
21.21386147
14.17828800
9.99062395
9.24617009
7.34671946
14.17361233
7.94975479
12.10794792
30.20269842
26.41121244
18.99669236
16.43487480
15.89993735
10.06541325
5.99751005
24.40628233
21.66645582
19.95018426
19.34980741
16.56938505
14.74624250
18.12308627
14.24999728
23.89731814
25.47028785
30.15925805
26.01304075
19.39930472
26.75818272
36.08825145
34.78505149
30.05802499
25.50988753
8.78143299
19.76823214
25.58822210
33.58849241
38.37762495
23.06603551
19.54061398
27.40604053
24.06948855
14.92239553
9.91904885
5.09581227
15.12872609
10.73865606
12.68535414
11.50657657
11.01928494
12.77906505
13.57090828
16.91254878
16.13374054
12.94296823
8.33620273
14.55201014
16.55949042
13.61480716
15.44218105
21.94089683
29.48363329
23.28969323
16.07876613
21.63495962
17.80417200
18.37401976
26.20943027
37.09408114
33.37840485
26.33825255
25.56072037
16.93018216
8.78598980
27.58968385
26.12274029
28.75853408
27.91172777
26.93528392
30.57792930
13.64214950
21.15012884
16.83847721
8.27080471
10.12392007
24.76252653
29.50351206
17.16460976
17.92432627
27.70760305
20.85069748
17.82326228
6.40496917
12.91850553
9.96513267
10.20936234
1.93080053
5.84626132
13.57961411
12.12364973
9.61414810
15.33435510
12.02349760
15.47923549
11.72954862
13.19632844
39.62590992
29.73828630
21.16755688
22.46493635
18.04870123
22.99874939
17.15231664
6.78056511
10.23446306
4.77358031
8.23415202
18.39896585
24.04561902
42.13360026
46.01068406
28.42620123
13.43493629
16.63060431
19.85130191
12.02469641
21.40845313
29.19585407
26.82768444
11.21089410
11.96092221
8.03952783
20.49181370
21.36248793
23.57762638
14.34513578
11.84298262
18.35272791
9.46602549
20.55989780
18.88777369
11.12410424
6.48773527
10.40500887
21.24438060
28.87871177
20.94432892
7.91007697
10.53645243
16.72050046
13.94034173
8.11175884
6.76610944
18.30921921
36.52195358
24.76290843
12.77753914
10.61413007
5.02473607
10.98294326
10.74564352
10.15157530
7.79882468
11.08362013
11.84317726
11.93366544
26.16989425
32.76044172
16.95266188
20.91623763
29.67659576
27.54472212
23.37017780
14.55917439
16.44001354
17.74485137
17.77604814
35.26401641
23.58301903
21.85725298
24.85449913
32.51119798
18.18686063
3.86838514
13.15418003
15.95799481
19.39807620
13.95592094
15.38772358
13.67793646
13.69303555
7.43770830
12.23464938
22.98427468
14.75067790
12.99676622
4.31061774
14.65637805
24.67121544
19.97228863
11.62589138
7.60451651
13.85665112
11.57201973
4.53781638
10.11901174
9.55128894
6.14918519
15.84412305
17.40526882
6.83495063
12.80126301
20.33528218
22.58599422
21.97021099
18.92772447
28.30996272
32.09038620
12.83389503
12.92560726
19.51861877
16.17983398
17.85123393
16.34904376
19.94984042
29.52725763
29.58678937
24.39120684
8.79092050
13.58591013
13.43594254
14.99366253
16.76901233
21.95811009
23.88638803
25.10335453
8.67055055
24.55535298
21.92757055
6.79432461
16.37215937
19.34822067
20.73283435
17.98798870
23.50973033
18.22051168
15.80614242
13.54227892
19.95736318
25.65098889
15.90416819
26.84855449
21.71183177
13.75511027
5.76199457
7.19807560
12.56173509
8.23814512
5.91896020
4.36202058
10.62561532
18.93811220
6.13945879
14.96718084
27.84331811
26.84481568
25.92359885
17.32661914
12.05786253
16.25505453
17.16435768
20.11354306
15.65969211
29.20557736
18.87070401
18.52001277
8.75193938
33.19368211
27.66524302
11.21563706
23.38963522
20.10808532
16.53445152
29.93834125
14.83334967
17.41995711
20.71317337
25.32294629
9.28186354
12.95285066
8.24473730
11.52014221
10.90768636
16.20694088
22.41961888
12.89561420
4.89983290
14.92433788
9.54190021
24.55229728
39.71147490
19.10559683
17.78051351
11.54240277
23.95950935
33.07983177
19.92827086
21.42663328
33.21447440
25.02447057
9.70674264
24.65234612
24.39929698
18.56161611
12.50230248
9.93400739
10.19419760
14.88888225
18.12314129
18.42840635
13.39684812
19.59684901
18.02463139
25.53273927
21.25991137
12.20492328
14.14342883
10.02404312
9.46186756
19.13496049
19.12350665
13.79514712
15.54104536
11.00907321
10.64201778
18.21742242
13.01479828
13.82470720
22.85811647
24.49987424
22.15449546
7.82140964
19.91325857
17.57543037
10.62569895
10.55121832
19.42508511
11.54687535
16.09699937
14.34627198
14.62202777
19.96161476
16.13526227
8.15517020
2.30243249
11.56475058
8.54901488
8.84416495
10.37790117
9.78988938
9.18020146
6.88278142
14.51958265
13.15100741
8.78392088
10.75600609
17.38295987
10.03109391
10.79541080
7.98435705
12.07010818
12.31029403
12.84011385
9.03229252
7.85440016
5.31680803
8.61832499
7.34605896
4.26343189
7.37406828
10.35742270
12.08058291
13.96969609
18.52716896
17.20422122
12.63322421
13.72685489
12.36392528
6.68383790
5.95247900
11.71554300
16.95966932
21.87351125
10.12566787
10.55621942
11.20451821
19.90145901
20.98401124
19.09202372
9.28050305
9.38940688
3.80307471
14.08804345
27.68463133
17.26023560
9.17770567
16.17382129
14.78505191
5.74576367
10.37125537
12.69073561
1.51929074
9.96765264
11.42389340
10.15048837
4.88342156
13.43579144
22.84031790
18.73419185
12.35488391
14.71062815
13.87801349
10.13819764
6.77635686
10.18731258
11.02111754
4.33245241
8.51546302
14.33506745
6.93891749
8.54688862
4.22888435
9.16989612
5.40319279
3.37896814
6.33901675
8.13537935
8.84474238
7.28687006
13.90153967
10.28947687
17.35498142
13.59179811
5.57293886
10.06520438
13.02829280
12.60449464
12.40848048
4.31849522
5.67671076
6.38261227
4.33306351
3.32084955
5.54066327
12.20212474
5.41686959
3.73398934
4.21724899
8.16454508
6.78696005
6.71747224
2.28630229
1.83847045
4.49119056
5.56453271
2.50393064
8.94216219
6.85733235
5.67790091
9.13463494
11.31351426
9.13291523
5.95138307
7.14106185
9.12499719
4.96488599
3.30694157
3.72556408
4.80961409
7.67027778
6.75851019
0.73916833
4.60413461
6.35609108
4.57307015
5.61267014
8.44906831
6.56399537
8.72695847
6.15926282
3.73629909
5.55830117
7.70827255
4.83466114
4.10668809
5.02637169
1.06557135
2.04260581
1.54531709
3.91254554
1.59717347
3.57648176
3.46986042
4.31809013
2.87030839
3.91445308
2.89936571
2.92365463
3.87550414
4.25367571
4.12682110
5.07074933
2.42255466
2.78381094
3.79422239
5.18828456
4.01166256
4.66001033
4.08410758
5.38501540
5.92971980
6.73366318
5.26812902
2.93548599
2.51525782
3.06378647
3.06677262
2.67682194
2.24040714
3.17266595
3.81574610
4.18646811
3.22097446
0.84429624
2.15201771
1.45389580
3.03694632
2.91245054
2.47255527
1.11385205
1.05266953
1.81135486
0.74997857
2.09433351
1.66720169
2.47761540
1.92426657
1.93035586
2.00073203
1.98048473
1.80235119
3.48849185
3.19292253
3.44649784
2.95639913
0.92852312
1.08054148
1.72201413
1.54404735
3.09689969
2.32146751
1.64471255
1.64304540
2.33758093
2.08743949
2.41997588
2.98814811
1.28863129
2.06760318
1.42565061
0.33996368
0.96277696
1.41445590
1.95969425
1.49107087
0.95806261
0.69442492
1.18373046
1.29505423
0.97490159
0.55578067
0.62485315
0.46120755
0.97224278
0.88635165
1.54805501
2.15637404
1.67227961
0.74534201
1.15931326
0.98000159
0.43609492
1.13130767
1.18292909
0.90928818
1.19143902
1.03923420
2.87384270
2.47814932
1.15618970
1.56502506
1.59526789
1.04474268
1.37051982
1.11512241
1.85741000
0.53460610
1.64523391
1.18319925
0.95942914
1.14128396
0.87230189
1.19903691
1.76842685
1.78561868
1.57633159
1.44352110
1.55350191
1.62373022
1.57847857
2.18281719
1.68254561
1.30139626
1.01373521
1.17037603
1.23287240
1.01046336
1.44819756
1.98913491
1.22310496
0.73043039
1.38461978
0.57751671
0.93564117
1.36985439
0.68178237
0.56945908
0.57934961
1.09509180
1.68893270
0.95635376
1.03508639
0.62197726
0.72042778
1.24197094
1.00876765
0.80030413
1.79637390
1.93953279
1.32569669
1.19613918
0.74158927
0.78158139
0.88040631
0.52103776
0.72524817
1.31751303
0.94575274
0.45267323
2.09725489
1.94160841
0.73589409
1.98348769
0.67332293
1.38836392
1.50680106
0.38903321
1.08929363
1.47227238
1.04845381
0.94793593
0.68147339
1.07080219
1.91743453
2.38880465
1.13367529
1.00122485
1.02040673
1.50942846
1.55338922
0.77637200
1.17929747
1.47027174
1.29251714
0.75994230
1.38127707
2.29497349
1.28155871
1.27729767
1.50003129
0.83493701
1.08716878
0.81816962
0.97596865
2.09371019
1.86735440
1.16404534
1.71086224
2.11543337
2.92989594
2.90374961
2.06616455
0.44474521
0.79443675
1.01995613
0.53816008
0.79809198
1.90548843
2.34315219
0.77148385
0.67804219
0.78172812
0.91594657
1.10365743
1.13369187
1.15062990
0.94181789
0.89024988
1.19626939
1.44684481
1.39501748
2.27381186
2.01667660
0.45602985
0.47534455
1.19859693
1.01566738
0.62489126
0.44788979
0.77045094
1.47908040
1.16156390
0.99598358
0.26369120
1.34173702
2.14009034
0.86161986
1.43967695
1.40210231
1.14850589
1.07888766
1.44208327
1.19611755
0.51531543
0.35582876
0.53069035
1.35900046
0.87144883
1.43437490
0.63369578
0.45111975
0.63184292
0.50713162
1.44954712
2.70168898
1.91664964
1.08348685
1.76528874
1.80222984
1.14870154
1.36046276
0.85606214
1.68988802
1.62425578
0.85533188
1.54961010
1.04903156
0.80156086
1.82347169
1.85255162
0.58818171
0.52027232
0.52762195
0.07495832
0.57432535
0.27134543
0.41172084
0.59410429
0.97917317
0.63616340
0.51539929
1.27517872
1.02932351
0.76137565
1.56207677
1.21433782
1.54990183
0.93849292
1.53174127
1.87731564
1.08522504
1.23265336
1.87896909
1.94714113
1.17689203
1.79114338
1.73046055
1.73315915
1.57448714
0.79888280
0.89521795
1.77811867
1.58662594
1.41005654
1.38105938
0.68986228
0.76893493
0.57429769
1.06139679
0.93302973
0.65253710
1.57407239
2.49404868
1.99465376
0.94351731
0.74722678
0.98797814
1.14398203
1.27736351
0.91073893
0.80118519
1.04729393
0.25352959
0.41143853
1.55653558
2.93061356
2.02537860
0.45632869
1.71716225
0.99389844
0.68297182
1.02362524
0.69016964
0.74671172
1.43458869
2.13710896
1.00520133
1.01601522
1.10760816
0.66169956
1.24776268
1.51176579
0.96824710
0.63517809
0.43241832
1.10967737
0.87055924
0.51503724
0.53475963
0.68011370
0.50004076
0.35753097
0.51517002
1.18030108
1.19199422
0.53242095
0.23692349
1.31503819
1.54544151
1.65608003
1.26459115
0.99413261
1.57348955
1.35671651
0.58863641
1.43743940
1.67911055
1.13259306
0.96603279
1.65940819
1.71957724
1.57071286
0.81064363
1.38016142
1.37022198
0.99219800
0.75381686
1.14936724
2.20904095
1.50954345
1.80461145
2.21389646
0.69820633
1.21888917
2.47837671
2.67048978
2.14228504
3.11869149
3.47529726
1.30579659
1.33916691
1.16915491
2.45006277
3.02276697
2.95278966
3.23166058
3.20758794
1.45232162
0.55475506
1.82688153
2.86863259
2.53884540
2.76518970
3.27939003
2.54166553
2.08357624
2.06283134
1.54354851
0.81210627
1.76400022
3.71035255
3.10675098
2.04036217
5.68294596
6.15469131
2.06036776
3.01580957
1.96685898
2.23638256
3.94825191
5.07242947
4.90951604
7.86432829
7.04576199
2.49773054
1.60043120
1.45576338
4.64006492
3.86456177
1.93326845
2.76890523
1.84812237
3.66279542
3.63545702
6.11847060
3.55634979
2.76414437
2.54354120
2.77417731
1.18708531
7.43551499
8.15280909
6.55911577
6.66501044
5.27439418
1.90253479
6.96462982
8.49688724
8.57950589
7.98794449
5.34923097
5.30329458
3.76813460
6.31727318
7.37063077
8.66980716
10.65410034
11.75024971
9.74983217
6.67304381
1.74687162
9.49472180
12.12954122
7.65875786
4.09670769
2.42977049
3.99355295
6.62438070
6.66574975
7.09394186
13.62884277
13.96432204
9.76205421
4.89783949
7.58080278
10.44149649
10.27444244
6.84258618
5.50369214
7.95158427
4.26418703
2.13798836
1.36028285
6.39117215
6.47830074
17.31283856
16.69585641
9.75856567
6.83116238
8.25737224
6.44508766
5.97229087
0.85895538
7.22460976
7.36502430
5.40241475
1.42103777
4.78214722
10.57263768
12.80026481
10.14869709
7.52617454
5.78135378
6.89244926
12.95057000
15.77603085
17.33772821
10.28411423
4.73783486
10.01886615
5.97763239
17.65363991
13.67406554
17.03795542
22.78965250
22.58630558
15.84073335
9.43534983
11.48186481
12.75649895
19.50270558
26.50898180
29.99272859
26.11315837
24.11629197
19.27151354
12.71302949
13.20134873
13.69474190
9.13954560
5.76840325
10.70793193
10.85883882
18.58638547
17.02704900
11.44446822
11.09534494
5.02187904
3.90698607
15.44577684
19.88867163
13.91086953
12.88675882
16.21572517
16.55920161
9.01653605
6.43518913
12.48314424
21.03621672
22.29254673
9.81848230
11.19659951
18.90872646
16.78116022
25.96644512
15.83166389
7.12189658
13.93776641
15.61999488
20.75415087
9.09873206
10.67424802
7.74315830
13.04532001
13.41971767
14.51616294
23.42219277
13.78238396
15.31694508
16.34876832
24.58796511
16.57053284
11.79100084
5.93312894
8.93685075
8.14811904
9.10369596
8.23332997
24.46115272
19.02523166
8.13714864
5.82130257
13.66573207
21.94414664
17.59414699
15.05914006
10.99366410
6.33889661
4.09605555
16.01016913
23.67291965
19.83884646
19.12112805
13.82246371
8.14086313
3.97717256
7.73647781
5.82979203
17.51274916
13.96890367
14.32822207
6.32989556
5.97123993
18.55180844
11.44506814
14.07317400
18.67257642
21.04808885
17.71528943
17.02035218
19.05879660
9.95133075
5.05570153
7.58212097
8.37468758
12.36696454
16.45127457
11.94668091
5.17684866
10.36599997
9.44072140
23.49722312
26.40220434
21.28300329
11.04588184
12.04140709
9.03845523
17.44849752
21.30389951
16.89626638
13.37156958
13.57445285
18.24136021
21.32589277
24.26932833
25.50751695
8.88824834
3.07027478
16.64484163
24.78827671
21.49642985
17.21942461
11.30518219
14.67067517
26.68052489
33.06720608
31.44474038
14.63834322
12.59432873
17.96570220
9.73918974
10.78217492
12.95799807
10.91850889
16.32017963
24.08917124
25.81208122
25.05009881
15.87328246
8.97920150
9.02490425
8.07027234
16.28690044
9.83241394
10.57728978
11.53574476
3.60300555
8.90644022
5.68846777
15.93169160
22.44725807
15.14983156
6.20458365
12.95714762
15.48253794
14.36294507
13.70642736
16.36434592
27.13445034
25.24780555
18.36297993
20.23930458
16.81278911
3.61377880
12.24633295
12.83458755
8.76690516
14.50247629
25.30305838
20.86823189
17.29971796
18.25225126
6.12914669
9.36414403
12.65608378
18.35920311
13.84733978
10.51367271
13.55712797
17.72346973
17.14074012
25.74383407
32.08181382
36.09768860
26.72852890
13.27843388
6.53899648
10.45012896
35.39953844
30.93895795
14.57103621
21.48471351
18.51217252
23.11371972
17.38188231
10.89670034
4.56219922
19.75390438
24.20563006
12.33606437
13.56152328
15.55662276
15.75905680
14.69716096
20.58698796
21.33734354
25.67339060
7.16747865
12.05838766
4.12328865
13.71521367
13.45885838
19.84325944
20.30664910
18.19464152
19.05414822
20.20272693
23.44129273
23.67566647
20.48272252
16.33647502
13.18198092
15.25561059
6.45914424
8.65570406
15.53197655
25.39070215
13.35784279
14.65476598
21.66006991
17.54425654
14.29041061
15.53624830
15.50039706
6.43029222
8.01055337
19.60079797
12.65375740
10.06166838
4.32972843
24.82013867
31.87000620
15.60869026
18.60062794
18.39994787
27.53545258
23.33484779
21.93780501
7.64276410
12.87611810
23.21825543
19.28462488
11.09250961
13.32484087
13.51508956
21.58291904
27.90080137
19.86989303
4.17699996
9.43003783
6.64639424
13.34081212
15.14278471
14.55496493
5.20202688
7.46583749
12.21151259
12.37267202
15.70448751
14.81569086
22.36994818
28.41285696
17.26081222
11.27032640
21.94377238
26.64293796
24.93306974
28.81942913
30.11802694
21.50349189
18.11578961
17.56930077
11.26576569
13.84760906
9.84962293
24.40508964
19.07171417
8.69693124
16.36596373
13.57601378
8.44212356
11.71102854
12.58603003
14.62664655
12.73324053
14.07267459
19.89662804
9.17460804
16.64098909
30.65373037
31.23121474
17.60169729
16.52353605
24.58539413
14.43210553
9.79252565
9.14671233
6.13278760
10.35643704
10.56064367
12.10226356
10.85422649
17.18826990
11.81439885
13.07327902
6.41739597
12.94483874
8.75136949
6.66094759
17.42154722
16.16483920
15.60995655
19.05904773
20.51967099
13.33637204
26.08435297
28.11665588
15.49845595
6.57578317
7.17970837
14.36159948
13.08516990
15.72673846
13.27270237
17.08070723
21.70868647
19.35800763
8.58170361
18.00889840
8.27801866
17.38635660
10.34206746
16.71388697
28.66067827
18.27950901
4.33710143
7.97320252
3.21326885
19.79555480
26.93633082
19.27363860
9.48048355
10.90879090
19.90081054
17.71688101
13.88654126
11.85075604
14.46924652
30.88319326
33.85642984
18.42476620
6.03739471
9.11078086
12.63998426
14.26321002
15.24206607
17.05968374
30.40443202
21.58697662
27.33260173
28.63253265
19.59506044
9.88681932
12.02732002
12.20572430
15.77506106
18.48806538
19.57017913
22.01232755
19.64766484
12.79002574
16.43917164
14.88402357
5.44800083
9.58834961
10.71823742
20.54833691
21.64188022
14.37831059
21.11642349
20.04891983
7.63862652
9.58229933
13.72060033
13.37501274
19.93905642
22.50815383
15.08715205
12.08846991
27.78208550
32.12929673
13.95830278
15.83300595
23.37402811
31.70878115
24.63208437
15.96523069
16.04362655
1.99093286
11.43756299
11.70464328
10.23868231
11.43528032
5.01077468
25.10187065
25.69086750
15.01183436
4.43178266
18.17437708
17.44054204
7.43706667
8.48469385
14.00139155
18.18158279
27.04865672
19.89784908
10.66777587
12.05476253
12.72484606
11.17722623
2.33332359
10.05574627
10.95375867
12.51387287
13.58923434
10.65921611
2.92209954
19.27569557
23.19624158
11.74421312
8.23261390
8.66765421
14.65281563
22.14880970
26.34661040
21.00560299
10.92887980
10.43787329
5.02779214
11.17882816
12.37105672
7.08589259
5.89381737
16.91277697
12.79345374
12.26712662
5.13176291
5.82417628
6.53940760
16.12254663
8.89194126
6.99408216
13.71466250
22.25823252
20.29371095
11.53672947
10.20143523
3.62809151
12.62389006
14.40683939
19.31391889
13.95311583
5.17855163
9.75425025
4.51352807
15.08125620
11.56249058
4.10475948
5.48164722
6.06121995
6.88236936
13.92037309
13.30630379
14.59511119
12.39764160
3.66915447
3.56159860
3.28679893
7.43964213
5.34291255
7.80953747
12.13945002
10.57804666
7.75198359
6.45292289
10.58925325
4.10328506
2.88066212
5.97072407
7.22695515
11.82766028
7.70471019
7.01589778
11.16730620
5.52064484
12.78522355
18.83303683
10.42364027
6.30702660
10.18518045
6.43886303
3.13332741
7.39457175
8.57197886
3.80294825
3.08985356
7.39065067
9.41043064
5.09801206
5.37459875
3.11806115
7.30127938
7.21673618
5.09651919
6.91388428
6.57840016
5.62611703
5.83913651
6.63500556
6.66224472
4.09965101
2.78655812
4.30696064
3.96530013
4.77257707
6.98708979
3.63302411
2.65674538
2.38650547
4.39032836
4.70898554
3.72122912
4.09055767
5.27720529
10.19494723
6.38448384
2.53386135
5.14043155
4.27614411
3.82115554
1.78507580
3.42032029
5.18799016
4.23610570
3.14943200
1.41309604
2.97138750
3.20905149
1.39901981
4.71122348
6.49793565
4.84541569
2.20093955
5.13654203
4.61143776
5.01207114
4.59711412
3.00984723
1.96849993
1.51373051
2.34704981
2.79617449
3.23171175
1.79743488
2.12145753
0.67949596
0.94907510
1.93751916
0.48122707
2.34856474
3.70755037
3.58671627
3.30145281
3.31785077
3.41021872
1.83997230
2.22264258
3.46798686
1.61845247
1.46742845
1.49953083
2.06655733
2.73850302
3.03195602
2.59681735
1.58090979
2.51684884
2.24229365
0.29946451
0.97165723
3.24741022
3.17318371
2.18344166
2.42540911
2.46708436
2.53962616
1.34487337
1.20130695
2.06932309
1.97055480
1.59258734
1.18127208
1.74084076
1.99583518
1.56830740
0.85160205
0.75894130
1.17772614
1.26081237
0.96287768
2.63201272
3.07028823
1.91891794
1.03596557
1.13809244
0.93191879
0.47764973
0.90104473
1.42392575
1.49250186
1.19651831
0.93173091
0.95677571
1.29038724
0.98547525
1.43972786
0.87161705
1.17542652
1.45200316
1.64532241
1.97702265
1.28341913
0.75860088
1.52919284
1.42955754
0.85771835
0.92369995
0.94853102
2.21979355
1.45622364
0.47556289
0.85925598
1.41216602
1.13686167
1.26941807
1.41692690
0.95773886
0.54342652
1.75829741
2.34631403
1.64234277
1.52145395
2.72749442
2.71972341
0.95672642
0.64859230
1.07086456
1.79243574
1.59916895
0.86106945
0.94611512
1.78106557
1.82899307
1.15514755
1.67641483
0.86236467
0.54811871
1.14131509
2.07867987
1.56746066
1.54051451
1.16223911
0.43721740
0.70587871
0.65063171
1.00728295
1.32205480
1.96036975
1.80005227
1.10047874
0.19054282
1.15806700
1.30614676
0.71325879
1.48897292
2.17825465
2.33536072
2.04413061
1.42906644
1.24803184
0.77031403
0.59699027
1.16888894
0.59391737
1.09828273
1.53198023
1.27315940
1.30249681
1.03238279
1.28389072
1.24700243
1.16245841
0.61640782
0.53498309
0.62464573
1.10609058
1.39391168
0.84736395
1.25121357
1.06902137
1.14734713
0.78527060
0.80793292
1.04506058
0.83253892
1.59369949
1.15775470
1.60736903
1.42078893
0.72271821
0.60472746
0.72659328
1.59443694
1.61072552
1.07060933
0.78283484
1.21755070
1.27662946
0.79611867
0.59327196
0.50625428
0.88474297
1.25013663
0.94645535
0.77663474
0.96581106
1.20595229
1.44120953
0.75309037
0.56416218
2.02309192
2.02867897
0.44929522
0.89037961
0.78643895
1.71391079
1.17991361
0.31454870
1.11011858
1.56544606
1.91292104
2.30896577
2.24893554
0.95957347
0.86978800
1.16430566
0.86927111
1.63533844
1.15105928
1.11710637
1.56128163
1.64491737
0.55569059
0.77938297
0.71917738
1.00450797
2.34970945
2.21575896
0.43099118
0.24120259
1.04009292
1.21080966
1.07414692
1.88365420
1.88191382
0.91035241
2.26016918
1.50323974
0.92447362
1.32493248
0.72028304
0.28616692
0.56127877
1.38586549
0.69612033
0.74191712
1.49745865
1.75284698
2.39899733
1.97145017
0.69347457
0.66990057
1.03881764
1.16248713
0.77280462
2.11788812
1.52845374
0.35729714
0.91070938
1.71006201
1.02314014
0.99231987
1.61762540
2.28052462
2.33831213
1.13197389
1.21545456
1.30324075
1.32386403
0.63534585
0.79982544
1.94448229
2.92318780
2.56624435
0.95847831
0.51860163
1.01450037
1.23982114
1.03312069
0.47410612
0.79541112
1.48798399
1.68424173
1.59454991
1.81066105
1.68637027
1.60837809
1.91223485
2.14074987
1.45663024
0.98762109
1.10304036
0.47246323
1.03550667
0.61312512
1.02960497
2.26550702
2.05986864
1.39994641
1.84837229
1.08440721
0.62122154
0.58980334
0.87283575
0.90227313
0.67454856
0.42147028
1.12488906
1.63721125
0.88685224
1.34717810
1.39474741
0.58663911
0.72938158
1.36034940
0.89607401
0.74625323
0.97909200
1.03911537
1.06417207
0.59596028
1.38449855
