3.00556205
3.00556205
3.00556205
3.00746304
3.00024244
3.00280826
3.00477233
3.00047964
3.00475466
3.00725658
3.00042350
3.00002866
3.00118497
3.00052477
3.00011238
3.00013392
3.00002205
3.00013228
3.00055287
3.00221373
3.00014843
3.00000751
3.00018781
3.00098678
3.00055629
3.00000817
3.00302667
3.00023974
3.00005827
3.00015758
3.00029678
3.00143020
3.00208226
3.00337225
3.00115532
3.00002488
3.00102213
3.00055853
3.00014365
3.00010818
3.00210919
3.00817239
3.00888358
3.00232307
3.00004959
3.00012098
3.00092797
3.00250664
3.00613332
3.00516838
3.00180800
3.00331926
3.00026488
3.00001166
3.00021757
3.00202941
3.00081617
3.00027505
3.00010937
3.00242754
3.00184811
3.00915999
3.00114949
3.00272168
3.00214753
3.00263954
3.01008103
3.01061530
3.00549053
3.00762258
3.01795325
3.01488773
3.01618484
3.01527661
3.00964123
3.00517800
3.00615374
3.00670567
3.02512775
3.00734273
3.00848383
3.00438704
3.00386447
3.00385926
3.00265041
3.00589037
3.00499300
3.00407285
3.00348643
3.00203644
3.00283722
3.00135352
3.00136857
3.00099729
3.00341739
3.00261668
3.00659212
3.00942118
3.00197988
3.00168848
3.00520887
3.01744702
3.02183205
3.00672448
3.00372921
3.00460723
3.00415956
3.00504387
3.00489994
3.00321682
3.00529234
3.00696799
3.00480923
3.01046399
3.00302594
3.00663596
3.00387903
3.01441261
3.00643985
3.01110626
3.01160039
3.01387126
3.01494166
3.01315831
3.02319332
3.01611269
3.02128746
3.02520192
3.01709823
3.01378025
3.01830090
3.01018502
3.01108376
3.03035786
3.01676929
3.00519370
3.00581029
3.01057900
3.01507437
3.00763186
3.00646476
3.00377939
3.00927928
3.01131732
3.01289999
3.00606571
3.00606828
3.01931791
3.01262132
3.00365138
3.00320308
3.00467458
3.00423901
3.00166642
3.00176679
3.00171597
3.00314360
3.01171525
3.00791123
3.00219101
3.00258894
3.00196429
3.00744132
3.00741219
3.00447141
3.00983126
3.00667665
3.00258260
3.00352519
3.00500484
3.02762061
3.00755140
3.00830963
3.00351523
3.00886814
3.00613513
3.00619035
3.00669052
3.00652663
3.00815503
3.00809182
3.00682279
3.00351236
3.00504411
3.01741838
3.01554746
3.01929070
3.00958538
3.00575254
3.00300222
3.00405838
3.00424968
3.00575037
3.00685517
3.00340294
3.00505613
3.00768782
3.01567605
3.01060731
3.00873311
3.01194798
3.01448236
3.02375476
3.02619013
3.02115285
3.01154864
3.01401345
3.01311371
3.01232044
3.02386494
3.04058245
3.01436162
3.02768945
3.02336612
3.01354732
3.01122682
3.00668513
3.00868070
3.01341222
3.00802813
3.01520073
3.00632444
3.00526779
3.00700122
3.00568567
3.01284426
3.01426136
3.04058822
3.01453933
3.00200972
3.00680471
3.00276595
3.00487075
3.00153190
3.00213943
3.00295670
3.00239055
3.00727814
3.00368504
3.00198052
3.00269673
3.00285750
3.00524046
3.00309823
3.00224771
3.00253312
3.00370507
3.00155414
3.00318399
3.00204782
3.00508551
3.01318341
3.00610883
3.02341660
3.00770460
3.00911884
3.00197597
3.00989830
3.01976403
3.01479469
3.00912514
3.00510345
3.00336471
3.00307217
3.00316078
3.01133717
3.01228398
3.01269475
3.02572541
3.02166106
3.01055078
3.01574524
3.02456658
3.03814555
3.03053583
3.02322725
3.02611219
3.03407348
3.02908870
3.01913838
3.01789765
3.03470240
3.02771230
3.01101929
3.00981031
3.00695523
3.00541280
3.01065450
3.00700536
3.00398103
3.02861396
3.02820603
3.00421888
3.00343305
3.00442160
3.00897059
3.00322320
3.00452120
3.01073478
3.00439703
3.00936453
3.00429312
3.00168611
3.00235791
3.00209762
3.00219991
3.00382470
3.00299870
3.00126555
3.00369049
3.00754024
3.00493868
3.00986983
3.00963000
3.01095496
3.01035173
3.00740421
3.01109186
3.09601979
3.11542114
3.02777324
3.02775995
3.03362651
3.03803965
3.03480239
3.04546527
3.04283588
3.03899278
3.04430000
3.04314228
3.03517776
3.06335798
3.06891600
3.04261087
3.04134977
3.03586438
3.01649474
3.03107294
3.03711597
3.04414509
3.04939133
3.02732779
3.00686143
3.00544877
3.01529801
3.00818321
3.00292771
3.01539996
3.02713926
3.00500350
3.00344920
3.00274043
3.00529976
3.00567479
3.00520993
3.01138296
3.01567909
3.01981688
3.02352285
3.01711913
3.01613716
3.02412988
3.01801368
3.00797154
3.00693294
3.00838616
3.00379509
3.00159157
3.02317366
3.02544803
3.00249663
3.00193956
3.00638585
3.00836223
3.00257658
3.00400210
3.01080941
3.02195902
3.00625595
3.00407251
3.00736044
3.00845660
3.01207139
3.02084130
3.02296879
3.03896688
3.06002414
3.01792629
3.01738196
3.01378946
3.00776434
3.00461083
3.00303405
3.00369872
3.00800786
3.01664736
3.00948579
3.00565781
3.00481239
3.00482631
3.02798440
3.06028930
3.03049115
3.01063354
3.00391886
3.00367598
3.00770800
3.00729771
3.00819766
3.01424891
3.01071768
3.00660151
3.01475994
3.01253398
3.00677510
3.01384812
3.01419071
3.02032680
3.03133326
3.05279067
3.06841945
3.03122186
3.02279031
3.01903452
3.03109210
3.03309747
3.01760908
3.01429276
3.01136023
3.03220147
3.06968906
3.01633804
3.00790673
3.00689442
3.01894225
3.00662673
3.00818791
3.00525171
3.00582391
3.00432154
3.00597447
3.01800767
3.01089636
3.00975349
3.02228166
3.01014746
3.00651171
3.00802533
3.00551279
3.00805744
3.02610355
3.00945008
3.01185610
3.03338516
3.01910280
3.02230903
3.01279839
3.01271299
3.01309817
3.00641553
3.01580389
3.02018136
3.02423960
3.02021863
3.02111269
3.02064680
3.01388333
3.02389633
3.03607551
3.02232523
3.00677592
3.00582173
3.01120132
3.01179312
3.00644383
3.00557179
3.01089812
3.00899024
3.00798684
3.01449510
3.01935724
3.01418590
3.01176144
3.00990531
3.01276138
3.01232491
3.00740379
3.00516019
3.00593425
3.01608632
3.01736264
3.01563121
3.01122016
3.00760187
3.00358469
3.00429468
3.00742113
3.03748002
3.01735516
3.01104650
3.01654310
3.00878437
3.00876080
3.01088461
3.01306810
3.01141566
3.00931353
3.01083474
3.01523434
3.01786030
3.02486121
3.04330868
3.05031149
3.02312741
3.02705534
3.04568221
3.02985748
3.01613240
3.01347235
3.01560347
3.01937561
3.03420063
3.03824523
3.04318416
3.06878054
3.03765244
3.02235952
3.02705368
3.02100035
3.02225628
3.02041135
3.01657008
3.01472875
3.02268396
3.01326995
3.01914045
3.02599450
3.00937813
3.00671085
3.00579178
3.00463180
3.00422986
3.00837219
3.00373093
3.00618879
3.01354156
3.01854937
3.02082054
3.03568652
3.04446195
3.01690163
3.00623186
3.01084555
3.01145299
3.00688109
3.01116360
3.01080731
3.01417671
3.00965130
3.01646514
3.02315608
3.01528652
3.01289510
3.01006269
3.00815828
3.00514066
3.00620303
3.01363256
3.01779321
3.00727882
3.00563882
3.00420765
3.00176569
3.00375145
3.00717225
3.00207172
3.00264376
3.00262444
3.00196918
3.00331055
3.00306869
3.00409646
3.00597582
3.00445668
3.00208416
3.00153068
3.00606451
3.03478558
3.02691315
3.00669506
3.00409328
3.00732870
3.00757461
3.00695567
3.00742504
3.00562776
3.00792146
3.00650919
3.00548555
3.00216556
3.00531115
3.00466874
3.01648360
3.01131770
3.01005474
3.00851770
3.00756655
3.00776735
3.01345438
3.00986110
3.00753687
3.00769734
3.00643212
3.00977804
3.01575758
3.02524874
3.00433422
3.01559696
3.03482600
3.00904922
3.00580439
3.00598015
3.00647587
3.00507835
3.00687047
3.00482134
3.00239971
3.00413017
3.00258090
3.00517177
3.02801926
3.01481563
3.01037007
3.00747472
3.00591692
3.00745529
3.00712244
3.00778684
3.01023156
3.01964816
3.01072426
3.00554910
3.00559493
3.00326286
3.00605000
3.00638795
3.00510564
3.00631023
3.00929856
3.01163207
3.03979567
3.02326855
3.00455722
3.00367548
3.00700680
3.00673060
3.02699623
3.01297556
3.00772229
3.00609753
3.00547804
3.00626237
3.00322977
3.00212597
3.00406157
3.00513297
3.01303781
3.00315626
3.00462835
3.01836835
3.01494240
3.01647667
3.01523417
3.00527093
3.00333633
3.00690569
3.00374082
3.00240709
3.00264965
3.00795002
3.01249351
3.01050609
3.00450455
3.00538096
3.02031781
3.01091767
3.00311840
3.00980243
3.00768845
3.01193988
3.00565056
3.00414244
3.00288733
3.00541071
3.00883557
3.00264242
3.00964539
3.00666346
3.01663518
3.01803717
3.01164702
3.00374360
3.01706565
3.01063895
3.00424707
3.00635090
3.01621091
3.00824624
3.00402429
3.00999636
3.01363161
3.00948613
3.00534401
3.00512383
3.00398343
3.00675329
3.00617534
3.00479846
3.00596765
3.00530046
3.02202657
3.01435562
3.00339508
3.00494678
3.01224083
3.00300691
3.01452654
3.00498210
3.00892962
3.01947924
3.02769517
3.03680767
3.03241426
3.02337569
3.03037675
3.03145139
3.02581513
3.01484519
3.01490791
3.01349270
3.01740888
3.02011782
3.02375241
3.05939614
3.01855577
3.06497988
3.14818890
3.03421571
3.12094636
3.09049187
3.12280260
3.09668884
3.13263548
3.30378953
3.28071252
3.12812177
3.10677574
3.07105498
3.11928022
3.11680861
3.08715444
3.10584306
3.08816136
3.03635158
3.02163915
3.06950486
3.09039962
3.03993336
3.08004405
3.06733442
3.01952952
3.02065913
3.05263134
3.12250338
3.10430391
3.03611079
3.00966997
3.08340950
3.27173197
3.03988678
3.32762209
3.12059422
3.13946264
3.10341317
3.09517076
3.06284114
3.13583650
3.08295948
3.02042034
3.07019055
3.10985724
3.02540819
3.04297023
3.06669142
3.43224570
3.86217357
3.21104222
3.11179652
3.08811293
3.44413719
3.62819884
3.16400843
3.13295329
3.07678571
3.06663247
3.07971548
3.17781117
3.33470669
3.35419256
3.71654204
3.60345710
3.17540972
3.44702055
3.41056418
5.55757320
5.08297061
5.34321993
5.91407460
4.83581642
4.02599472
5.61199976
6.95666156
6.76753426
3.85000707
3.47934488
4.22115813
6.06341561
4.49270652
3.82894718
4.56578284
4.90388530
5.53204340
4.14976101
4.06307822
5.64465059
3.88338359
5.12986234
7.37099769
6.63243030
5.02892030
5.88555457
8.01244005
6.15196225
4.78554348
4.97607066
6.39764502
4.17885649
5.14308210
6.79349979
4.65804581
5.95498090
8.52924719
8.58852463
4.70776584
7.66389974
7.61593122
5.74778667
3.61387818
4.19545660
4.56922317
3.82911915
4.38594554
4.52732291
6.04656802
6.95071997
8.94941064
8.74531645
6.46492793
6.30848956
5.89595967
5.25365200
7.93786690
6.09453838
7.03039078
4.83099519
5.16058913
8.53441138
11.10666756
9.72771307
10.68040812
7.76598991
7.92922612
13.85845367
11.20548698
11.95172538
10.50264547
11.49584709
10.90603484
11.55838301
9.58779671
8.84346517
9.83601050
9.53483845
6.76017920
9.86776288
13.01378217
12.82483985
13.03110085
9.27227303
15.04171885
14.87728853
13.04181709
13.22943540
8.40508422
11.59155918
14.09281972
9.79508547
11.89825246
13.54840140
11.59315215
12.50541133
15.22626019
14.86067134
10.67793992
11.26147707
12.56299032
15.14754678
12.56903084
14.40517339
17.19967421
14.13425074
9.39937842
13.86064209
11.39546503
9.15159105
8.86472634
7.50390605
4.76648765
7.36205122
8.80921283
7.71296905
5.11181163
6.67084453
6.01544366
6.45678408
8.08049819
7.99549012
7.89067404
4.01026681
6.80064138
5.54353983
6.05312498
7.83324377
10.34126855
7.93629393
7.86641500
9.21147604
14.60713245
14.88788265
14.59303796
11.41010425
9.35941165
12.72076468
11.55681317
10.82412280
7.73006215
13.28338117
13.51608171
15.10646108
10.96408528
14.39050450
14.63493601
14.88835866
9.48274529
12.91946259
15.10234153
8.99561922
7.89305163
14.02151605
7.79426203
13.25708631
15.05141853
14.16371752
13.50668339
12.06809364
11.99469962
9.21593997
11.65851086
7.34674801
13.14166956
14.18368317
14.82413590
14.98630665
6.82840315
13.29335015
14.27546417
15.06131445
10.81215305
11.94344741
14.37322291
15.21848615
10.79428446
13.63042199
13.67616519
10.78800060
11.08447964
13.14638872
14.64755066
12.68371285
12.89995400
11.69718448
12.01271426
11.87342368
10.88642547
9.96965952
12.72465591
10.52692110
12.38932004
15.90136170
9.33013371
9.76324013
13.87045103
12.40568207
10.64873581
6.19294326
9.93630034
9.77549351
5.62133838
6.78642766
8.63291562
8.21988939
9.30292859
6.75654048
4.67404953
5.85733438
8.84708042
9.29834010
6.42820890
6.03300491
7.04473597
10.13914177
12.72514631
12.89113455
12.56013558
12.93011024
12.58932339
6.91450734
11.60139976
12.39316427
11.78311380
9.39945365
7.41978293
9.09500910
6.05731324
7.00648959
4.85344549
9.81656059
9.49756211
10.68664388
9.83799066
8.27220874
6.06190631
8.67032709
8.08915740
10.86708609
10.89253446
10.83059134
11.26650622
6.35990114
7.89281993
8.95177096
10.36567611
10.72210055
13.20010611
9.01365106
11.25877288
10.22128172
11.22690020
10.50409832
14.22166508
13.18703580
14.23089894
13.33445111
14.15451843
12.15360580
13.22920149
9.09637918
7.64064467
7.70727511
12.62417212
13.66094435
10.18903848
13.30165997
12.76702542
12.54256185
10.10180217
10.53494178
11.45337655
11.91268505
8.46160739
7.67365693
6.40742757
10.67344688
10.49008516
9.33407511
7.73264666
7.88946595
10.02136708
9.49622832
9.84346949
9.92206913
8.34618019
7.08700390
7.08151188
7.69612575
9.88941210
9.32628311
8.81125405
8.48865722
10.32516619
7.13308848
13.18479246
7.65299316
13.06427891
13.55722753
8.75583325
7.41391215
9.86165892
6.42883412
11.31112314
8.30909800
11.01693997
11.62813523
11.83444415
13.96680283
7.27323641
13.45188953
13.15603723
6.92097799
12.04422744
12.67882944
13.30109790
13.97732209
14.22535488
11.66560018
13.42666082
13.86640102
12.77232496
13.88512153
12.87574574
12.67272633
9.82769243
13.44442361
14.54655121
14.16920485
15.96192272
13.38295763
6.92748117
13.53693262
12.56044534
12.33847354
11.67752962
7.03267162
8.56205242
10.29143372
6.55520672
7.56556145
5.43815846
9.15733917
10.71172644
12.31475287
13.38712489
8.76355221
12.21542266
14.60737802
16.97175243
13.53100103
13.06244551
13.81055503
7.19601870
8.01583915
12.75753201
10.37500855
8.59817134
10.38952720
12.40600345
10.67652258
14.21858072
11.69863436
14.04537427
13.45894168
12.20852477
12.23271239
9.35103915
6.75454225
6.61652017
8.81940164
11.10569480
10.12356378
9.43061056
10.21606696
10.28448141
10.71328526
12.69355943
17.53122995
18.61901396
19.42443889
14.53689341
19.11281424
17.53482908
13.42241582
14.20046688
15.21638063
14.80482769
14.24381999
14.61791326
13.83437271
17.20235239
14.72256253
10.33031267
9.51706446
17.46153022
16.23261440
17.26784755
9.42349931
15.07387469
16.50730451
17.12041813
15.74977884
12.82059545
14.35365609
16.07230849
12.64129494
9.76831617
16.40211437
8.24303789
15.25991668
16.00519040
14.76053540
10.14433329
14.45448844
14.77602052
12.46623421
10.68060365
14.88491970
14.58398050
14.36322052
13.42518561
13.76545775
14.35348983
13.64803590
14.37086566
13.82284598
15.79970709
15.12559434
16.85249795
14.37286943
13.46608836
13.13780669
18.42111730
17.58738591
16.36430820
15.84635613
14.04190980
13.50644825
15.62134747
12.01013191
13.50389043
15.15698384
13.09512774
6.65120393
7.41692326
9.20644992
10.15682963
8.02816734
5.46787062
5.73918222
10.46586453
8.07603716
6.21381619
5.72752554
11.66512695
10.90815132
9.94759855
9.70932938
12.23198995
11.81103034
11.29242122
14.11931873
14.59296510
15.50457813
8.71679355
13.85572686
13.97586323
12.67090357
11.79187036
12.99352388
13.22460211
13.41142416
12.65178334
11.97304769
6.89092976
11.74712969
7.53304842
7.65262811
8.25589002
7.89767530
9.33981796
14.98797938
17.85911633
17.94664609
15.65297207
10.25158462
14.14153954
16.31018108
15.14966530
11.73320344
15.71589292
15.42829947
16.30626565
16.62323109
16.45968191
16.15350823
16.31677843
15.32313553
17.00617907
16.69658803
17.34745623
13.27573537
9.28327139
8.33246837
10.95862651
14.23105383
13.10666091
15.93410965
14.18366406
15.56874690
13.76328387
15.66096025
15.74201265
10.64663835
15.37272879
14.28863591
14.29167483
14.01681065
13.62958619
15.98979885
15.75827346
9.55429508
15.07002009
16.96371348
18.08237505
18.04814455
19.29527261
17.65343624
14.49335098
16.44740893
15.71993132
14.72004701
14.56989448
14.34275771
13.75382666
16.88108356
17.12462261
17.10879429
16.56550255
16.59897244
15.12492086
15.66115948
13.76973233
11.39679302
13.52650149
14.57003681
11.67349815
8.92553909
12.25641556
13.88364677
10.58141804
13.24952571
14.81160519
15.47380645
14.32180054
15.36082549
14.52186498
14.82713157
10.51012983
10.39001971
11.58527087
11.84202355
10.88017617
14.24165767
14.18933694
7.29922850
6.34941656
10.76954846
10.41804781
10.24907132
8.75702400
9.45617627
10.55355443
8.80481493
11.90777053
14.44650275
15.89986045
14.54396336
16.27110834
16.91238344
14.45066291
20.46793444
18.64931520
18.68973950
21.31086783
21.04015037
21.81538624
20.01508283
21.13958893
21.09068604
20.12720270
21.11746834
18.63371080
15.57775873
21.64030838
21.30904473
17.93462603
20.25498490
20.87185891
20.26228407
16.70332140
15.48707940
15.74517925
12.03568317
13.53294686
12.31379505
13.42527276
13.82662804
14.40924279
12.61798252
8.71726078
15.44716745
15.36895385
16.35656979
15.62693466
10.54822580
13.45936059
7.71179254
7.94824819
14.27823338
15.28662304
14.78851761
13.65473003
13.41977303
11.88849383
6.83263848
12.59530438
13.64689448
13.55553968
11.53117431
13.01375004
13.14364694
14.49183501
13.40813378
15.37091294
13.67313311
13.64829098
11.97018572
10.06537042
9.69647983
6.19091688
11.94418065
10.73065063
9.54929338
9.37067192
10.77654650
11.48652136
11.30628805
12.86091071
12.40781301
8.30079397
12.82394084
13.26107959
8.58568291
10.07062578
13.65467646
7.83514206
13.56441425
9.65653235
7.71063819
14.37240523
13.43751925
14.62110375
12.87580943
8.94132268
14.23643351
13.07240203
8.13784268
9.65893377
14.13212298
8.89359834
13.18458363
14.89888812
13.70284325
9.45294485
10.96573489
13.85946498
15.81651760
14.40217129
13.46352946
10.47951473
11.92968775
9.25911992
11.46357876
11.03184011
11.88622691
11.08916151
11.22793125
9.18730482
11.96682855
12.86694868
9.94056095
10.92988067
12.58626693
9.69406377
5.92272696
10.66153636
11.88287502
9.60043340
8.56736239
11.78062031
11.32206125
8.25401571
7.61955399
11.63516382
7.80122854
10.00338625
10.69441087
11.32872697
10.49067603
8.79457794
8.15811848
8.03788282
8.51079737
8.89798180
9.09582802
7.46112916
7.14495834
6.19312317
7.03342658
9.53148746
8.77581191
7.32994661
9.09399873
5.98614916
7.68089943
8.33061678
5.94902799
8.53348820
5.78204038
6.43802862
5.56565369
7.02894478
5.04855956
7.30699561
7.38707034
8.85878246
9.00087887
8.77618375
9.35063541
5.60937919
5.29102788
4.15313550
6.42636279
10.19382148
9.21908098
6.51231030
7.25684519
9.45548319
10.65237417
12.39534191
11.68985278
10.68570892
5.49336690
4.60753539
5.69982335
4.32677871
4.42004099
6.65418834
4.55320366
3.52429212
3.70083700
5.21339314
5.18629523
3.19130249
5.11129459
3.82080619
3.19499396
3.30228804
4.65834015
5.78389390
4.90288287
4.86248096
5.69590269
5.27549812
4.28465488
5.57294340
6.57782137
3.47989510
4.56030555
5.14041962
4.42746606
3.21774112
4.01493942
3.20081141
3.59106962
3.49706728
3.26134589
3.53907304
3.62566493
3.44424596
3.27266118
3.23588753
3.13446743
3.04153847
3.10395061
3.33858741
3.10667395
4.48270562
4.07430796
3.08814629
3.07013492
3.42142578
3.65806158
3.25789558
3.09671821
3.02849857
3.15854624
3.16943499
3.09905661
3.18321500
3.01470666
3.05333038
3.14100541
3.13075475
3.02889001
3.09868482
3.04725528
3.04072871
3.56258881
3.65671931
3.03612834
3.14310784
3.26981506
3.15302285
3.06878626
3.03680050
3.09202944
3.01011422
3.01433144
3.00398828
3.01152357
3.02920364
3.01625238
3.03099125
3.23809713
3.41020873
3.01990541
3.13251449
3.08416772
3.03768560
3.05770819
3.02851959
3.13486164
3.04423537
3.01953231
3.03119514
3.01783404
3.00425753
3.00826382
3.00828778
3.02545473
3.00314258
3.00474188
3.00524595
3.00758731
3.00551777
3.00493454
3.00685095
3.01672124
3.01204963
3.00728899
3.00825231
3.02398370
3.04575372
3.03219499
3.01453271
3.00906862
3.00608940
3.00668627
3.04882269
3.06111327
3.03252205
3.00616501
3.01193556
3.00722229
3.00660814
3.00483528
3.00563765
3.00371392
3.00301898
3.00584412
3.01243850
3.00367530
3.00644165
3.00771734
3.00461266
3.00453032
3.00595459
3.00335351
3.00635594
3.00353491
3.00476494
3.00547346
3.00810790
3.01207782
3.03144961
3.05386690
3.06717063
3.01372071
3.00254601
3.00776280
3.01648252
3.00598071
3.00175846
3.00415242
3.00407044
3.00476158
3.00450693
3.00557267
3.00801763
3.01060366
3.00577572
3.00333505
3.00915940
3.01200180
3.01699462
3.02010555
3.01063368
3.00271825
3.00446265
3.00516809
3.00476309
3.00500615
3.00412126
3.00237593
3.00153447
3.00358881
3.00274510
3.00261070
3.00803094
3.00575373
3.00269241
3.00373164
3.00823680
3.00460827
3.00343360
3.01322701
3.00824252
3.01328773
3.01066774
3.01194900
3.00623742
3.00917959
3.01293642
3.00526194
3.00284774
3.00535756
3.00918708
3.03226817
3.01016907
3.00390846
3.01948332
3.01120063
3.01322841
3.00939012
3.00286476
3.00376118
3.00692636
3.00767344
3.00524087
3.00717609
3.00745770
3.00688490
3.00812240
3.00465074
3.00923965
3.00945272
3.01078814
3.01521397
3.02088736
3.03968847
3.03866511
3.03702833
3.04409918
3.02199501
3.02146816
3.01956417
3.01118132
3.00940399
3.01982381
3.00830913
3.01224048
3.01246923
3.00574952
3.00668268
3.00863097
3.02145899
3.01464582
3.01305677
3.01882013
3.02920958
3.01379001
3.00786449
3.00727536
3.01697031
3.03503653
3.02249778
3.02123009
3.01276095
3.00487499
3.00128115
3.00572265
3.01384289
3.06986908
3.02873604
3.00234039
3.01431780
3.01054658
3.00584183
3.00609568
3.01956393
3.00763772
3.00431894
3.00828049
3.00873493
3.00259242
3.00239316
3.00125475
3.00392880
3.00383255
3.00544995
3.00586229
3.00330503
3.00342930
3.00582281
3.00794302
3.00279768
3.00151729
3.01561948
3.00882460
3.00321585
3.00340441
3.00224276
3.00254150
3.01233029
3.02259949
3.00563366
3.00261131
3.00247226
3.00887339
3.02106825
3.01334640
3.00780797
3.01574985
3.00803181
3.00836235
3.00670927
3.00402009
3.00445009
3.00420146
3.00429897
3.00463864
3.00408241
3.01733603
3.05379014
3.02923055
3.00472923
3.00203948
3.00388173
3.00656048
3.01002124
3.07845637
3.02845257
3.01019271
3.02240416
3.01030261
3.00392811
3.00281154
3.00277904
3.00264959
3.00151189
3.00417911
3.01762323
3.00587998
3.00292240
3.00646742
3.00853875
3.00506740
3.00723396
3.00911683
3.00892100
3.00700508
3.01078659
3.00816819
3.00528166
3.00374887
3.00178585
3.00226639
3.00273239
3.00210916
3.00194570
3.00393875
3.01669268
3.03615382
3.00481664
3.00221601
3.00404574
3.00408916
3.00668039
3.00760797
3.00470063
3.00467181
3.01240855
3.01133832
3.01212802
3.00752768
3.00950620
3.02414332
3.01299946
3.01261923
3.01337165
3.01359543
3.01505115
3.01003934
3.01246017
3.00573479
3.00669434
3.00380498
3.01262333
3.04970053
3.08309073
3.03835558
3.01545288
3.04136866
3.02273598
3.01354480
3.04553199
3.09125936
3.01152357
3.00859461
3.05294286
3.12175217
3.02330178
3.02015902
3.04259660
3.06592152
3.02339480
3.01704384
3.01833804
3.03445754
3.01301499
3.03831120
3.02772720
3.00603905
3.05749628
3.04840014
3.08601555
3.06098699
3.05869669
3.03890371
3.03965104
3.08597958
3.26621323
3.05700990
3.04117494
3.01630861
3.18926349
3.31823452
3.03404505
3.06917943
3.09831851
3.13643885
3.19379618
3.28138679
3.24440239
3.07821621
3.02948486
3.09732882
3.27084583
3.43031932
3.30637708
3.07856590
3.02877917
3.01984471
3.15537726
4.12005078
4.39193307
4.91033171
4.14240618
3.06924302
3.03018416
3.06947119
3.22264626
3.06439197
3.75239995
3.33740931
3.56093516
3.51957545
3.07520343
3.85407983
4.35878992
3.95119251
4.37779736
5.10346911
4.67648383
3.78421435
4.03455522
4.95077881
3.80985317
4.76954350
4.82789837
3.92267629
3.19278311
3.82389697
5.49111774
6.56657576
5.03258212
3.72934311
3.58960148
4.89860278
3.91709568
3.26325985
4.94802259
4.43999885
4.99710239
4.99164504
3.89320636
3.63648280
3.54558635
4.81786716
5.38307569
6.50145498
7.09657639
3.71217160
5.16062573
3.72149035
3.48016098
4.86744249
7.16157565
5.93077533
4.96392968
6.68724001
5.13861626
4.34581637
4.18796996
4.11744655
4.92995352
3.79424279
3.61947230
4.79309622
7.28013399
5.71350341
3.73715117
6.96255629
7.08564946
7.05208208
4.41180875
3.98622684
5.49744894
6.86021942
6.84177135
5.08982552
8.79325832
8.99564366
5.90409769
6.94508617
11.92582043
14.02770280
12.61342389
13.81102655
12.31180393
5.88483750
9.90223484
7.95973303
4.62424568
3.80873995
6.66430781
4.10766607
6.83294425
8.89647714
7.65611631
5.17604501
7.83338882
9.50807603
10.07857886
8.52707148
10.64236561
17.44060588
14.66774358
11.46901148
14.32764996
15.67258397
10.11584878
7.90355883
6.46295574
11.05221542
13.27178800
11.30732387
12.42550874
10.69232818
19.88051246
21.53209430
21.07675635
20.25356280
16.02650555
16.34286924
13.18286240
11.54948409
15.46069810
12.76091811
12.29122675
14.80800413
9.77592759
12.20492689
6.43273638
12.22796999
11.50264745
12.76363158
11.64284508
11.44731850
11.94819681
9.33929163
10.84797529
7.92344884
11.74388208
12.02814135
14.60823604
15.23256711
18.94634097
15.27186951
16.61910120
18.25758210
14.63901905
10.71006325
17.37107058
17.89806626
14.28179698
19.11295924
18.70034551
18.71228885
11.48539433
13.67623413
13.26658286
19.77858425
17.02914548
13.60248232
9.17939946
13.67589190
14.35077023
13.64796718
17.11863605
16.17045580
18.09250147
18.28004293
16.36991217
20.51067834
19.18610596
22.23385573
19.39306707
15.47250632
20.93531219
22.91982122
20.32659712
21.46740138
18.21988314
17.80537075
14.47234540
16.41599960
14.61329616
17.19416938
19.06515710
21.88156172
20.14216711
18.61121726
19.02243430
20.52712719
23.73595328
23.89287426
23.52265546
17.22456278
21.03330641
22.37022906
24.58729122
23.19670701
23.80159591
24.12727232
24.57451176
20.08086433
24.89518659
23.51180656
16.62218782
25.52172443
25.23016449
24.13707339
23.77192817
19.07350945
23.82986329
24.39864321
25.88286971
21.28839155
25.09614607
21.34995341
21.93537177
22.12631465
19.78385831
19.06698600
23.60850633
25.37019438
22.87786995
18.82125860
15.24735776
20.88661303
23.50080715
20.82156925
20.62885496
13.76324741
18.38367372
17.35118710
20.16758218
19.92345004
25.34155396
24.95854720
25.40859684
24.75815277
22.57188199
23.57502752
24.67266443
14.82419102
23.64843991
24.31326153
21.77145378
21.80442646
22.31333328
23.09066393
22.80094648
22.31400999
19.92482216
21.84912176
20.72992492
18.34141996
19.38115066
20.97813575
23.89390716
23.30087248
20.49350280
21.51941116
25.08092117
22.83808004
22.07691059
21.41290030
21.34662548
19.54513725
22.57866931
22.14896130
21.77733199
22.96326985
21.91321705
23.10916655
22.57711319
22.19008583
16.61799087
22.71537011
16.27276923
22.96791551
21.11682324
15.06986774
17.15811529
18.47078597
23.65756353
23.64057499
24.75415841
24.81090039
23.79167699
24.50690433
24.05151305
24.18907495
24.29920989
20.61935899
24.10453926
23.80879265
22.22276338
25.09564421
25.40892381
26.08683258
24.13891755
23.19236732
13.24377113
23.39188711
21.26326361
22.36115328
20.71383164
17.68197579
15.00741012
24.09886887
23.34285466
24.20787332
23.52572969
23.08437553
24.60743351
25.79372574
22.99023106
22.38898531
21.70631232
21.10384429
22.77320133
16.28209001
23.49357850
22.70475241
22.68266079
23.96220003
21.98323997
23.22062086
20.72402324
22.93569679
25.93156187
24.08841311
24.10593946
23.04095649
20.53504480
22.67666299
19.10597353
22.17467347
20.70590032
18.07421332
20.38933626
21.73609585
23.13475159
25.32841523
22.12269165
26.00587136
25.23669402
24.34376455
25.65250540
24.45373794
26.21912130
19.06364349
24.79281422
21.94036380
22.64444830
21.23007536
21.71361259
21.70127759
20.06661335
21.53790089
20.35205851
21.91056380
19.61312798
13.79996763
19.56733531
22.43045441
21.64365224
20.29349218
12.89752506
18.99604989
21.93885897
22.63441218
22.96444722
22.55852272
22.56607119
19.47636134
19.63308158
18.73764451
14.40422957
19.82944870
13.95268950
14.04845906
20.16545148
20.78465675
20.49995395
20.10620007
22.40743772
22.52180294
22.54358859
21.66720034
22.05878122
20.48032235
12.57032785
19.79871034
20.83020515
19.36483929
21.37070298
19.76702029
17.02952023
16.11384369
16.62206838
19.15708372
18.89211401
18.61776803
13.53920941
15.08868001
20.51934034
18.88622559
21.32327680
13.15978212
21.46219720
21.97647514
21.95658353
19.19208882
21.76525721
19.72754098
15.66595879
22.19460753
18.19436508
20.87773267
18.94854399
16.93363291
18.29422004
17.81006866
19.22057926
18.43328062
13.91809246
17.37515270
14.69038084
10.98096365
9.03152238
13.41037090
9.54875952
11.92229156
13.68681377
12.51647041
14.14613625
16.30579329
16.76974121
18.00192716
18.82997555
17.92352186
10.31377689
19.74276124
21.03459888
21.72239230
22.49390881
20.57287782
22.68098221
21.81691272
20.16915480
20.70562645
19.86828179
20.09245863
19.43914967
19.15195616
17.97680175
11.33478725
19.29069672
17.92956719
21.11926060
19.32751807
20.75493235
20.84967294
17.09803216
17.61839995
17.48931417
18.53722486
17.69672113
20.31818261
19.43630619
19.40618686
22.44056790
21.47604702
20.36339868
20.14847837
19.57478042
14.05442497
16.78284180
15.03174027
16.17123062
16.05739246
17.80849727
16.15613015
13.69461659
16.56498439
15.35922686
18.49189540
17.52162491
20.17588441
21.33330606
21.04265004
20.83659046
16.81504189
20.36045854
19.43527684
20.72111093
20.34532099
19.93712864
11.98100136
20.15325416
14.77326165
20.44729834
21.02099909
23.44579385
24.35236708
23.49493646
21.01847637
22.28025132
20.29377767
21.01997605
20.89653348
20.66226194
23.52276647
23.50385467
22.73459769
21.50340850
17.75613081
15.70215042
18.48834280
24.37029471
23.17893711
22.35956641
21.47310075
22.63861936
22.71329967
24.03926912
22.60259187
23.28568671
23.72295946
22.03808874
20.73504179
21.60952695
23.40372525
24.05823086
24.59653038
23.54401635
23.37025402
20.29927359
23.41265806
22.91207867
23.70559014
22.01689554
21.57779553
23.46903549
21.90134449
23.72231725
22.26432095
19.93149713
22.61667462
23.23616759
22.23940603
24.09106145
22.94914447
23.84960982
23.65908834
21.44550157
21.13581812
22.98448476
24.11933420
24.19073505
22.28524546
19.72293669
22.50122697
22.12033717
19.39183374
22.34799336
22.52416885
20.29769903
15.08862934
18.23110412
19.19962804
20.84031117
23.21329739
20.35533077
19.93699288
21.86445780
19.67606978
22.67376820
19.92557534
18.63127466
21.95704619
22.80250020
21.05724886
22.72014785
23.98486219
21.45838997
18.32363424
21.76323552
22.43538825
22.52161806
23.44807148
22.71935843
21.77584624
24.22617325
24.90355501
23.97661698
23.65908999
22.04668382
23.69985833
24.79629041
22.70732261
22.85685318
20.85202489
18.80039570
17.08680056
19.47144661
18.21574065
15.68633636
18.58682890
20.62992435
19.74013417
20.60851838
21.82034296
20.63489284
22.41985249
23.50623453
24.00723247
24.79167100
22.78317167
24.89985428
21.47941221
23.94307076
18.12685678
20.80975395
20.20008798
21.25247179
23.53526269
22.13702908
22.09438376
21.23098468
20.54171074
19.60289176
10.85050627
20.08617143
22.27411967
21.68491695
18.57212215
19.77493571
22.48084329
21.57036314
21.42435874
21.70688026
22.51759500
23.85987484
22.71508191
24.30102614
22.52191473
23.28620210
23.82089338
22.12546995
22.10597039
20.07708581
23.80766542
22.90852005
22.85782161
22.00533367
23.09435546
22.10739169
24.21319650
24.45579416
21.99905706
19.97770049
18.94543086
16.15719334
20.44293481
15.69512205
17.44350265
19.63640620
18.23604080
16.30034804
19.21573078
19.54993255
17.75967256
13.18902107
19.90841627
19.83271105
19.95832979
20.85166647
20.83009514
20.24385360
19.62590931
19.70847573
19.56272680
19.03606799
21.47105468
21.84274535
23.35893844
21.70649131
22.14106904
22.53481050
21.84398674
24.62485714
17.86906351
21.58328318
22.01490783
22.36567783
22.16573465
21.08586998
20.86494578
20.18146116
19.67715218
17.71317074
12.40686412
7.74107209
13.38523740
11.44787539
11.82722467
11.81144565
13.10828919
14.32478372
16.42497968
18.09708428
20.81606044
19.35856834
13.99798403
16.08052347
17.90089441
17.42303764
15.38811177
16.15864571
16.51439232
20.49756216
20.33972690
18.30815233
19.11235723
20.67257374
18.55614190
21.46163848
20.74223474
21.75711443
22.25504461
24.13463110
17.73021711
23.32957321
22.99974412
23.36652055
22.78345975
24.56132675
23.01033266
21.69409476
23.71843209
21.71575993
17.60288082
20.09419809
22.74581335
19.67851981
21.16685964
19.48493797
19.26477635
18.96763272
19.49723295
13.97930964
17.46055931
16.08142983
16.23593174
10.88967872
14.66781801
20.93951695
21.36396674
19.54034707
22.91540293
21.16064265
22.77456645
18.95252379
18.83449408
20.10610777
18.66632866
18.56646068
19.90196245
20.06588098
18.92050066
21.39831209
15.40580955
21.19458046
15.88883587
18.28261781
24.22811191
21.60884518
21.71124601
20.32596920
21.60914241
20.10618367
19.61379875
21.46092393
18.74654817
22.63839194
20.82951641
21.77816862
18.03563731
17.57675258
13.45133436
18.18363753
17.25050015
17.51582221
17.80379867
15.42761909
16.17395933
13.63520172
16.28493153
16.89289943
15.80845591
12.31068297
16.57697270
16.24373558
15.88537499
15.06896099
12.32799520
17.06724135
19.42747124
19.06114539
16.20481295
14.74838489
19.63674559
19.01045347
18.94255958
16.62383098
15.96387501
11.98662425
16.74698807
16.64468932
18.62759649
16.91796740
16.64137066
17.84557842
18.74237701
20.25248224
19.84363617
22.25394233
20.05441406
19.97596149
19.62006249
20.47027943
20.82310994
20.81820817
22.77964610
20.38917816
22.50016865
21.69863990
22.93244518
22.61804947
19.84011706
20.46777533
12.75655894
21.21154473
21.18987111
20.85556961
20.51116722
20.75485766
19.74350765
19.33108540
14.67279977
19.21417427
23.20964907
21.57417958
20.54789932
11.44905510
16.10238517
14.91272525
15.89429066
14.55652549
12.22994065
14.56140249
14.08953737
10.86518543
15.58116555
14.95286586
11.65887923
15.74055208
15.97958085
11.27315990
18.31354365
19.77534191
20.50439184
19.05868647
19.85395635
18.27051022
18.21687753
18.22851506
18.89829335
21.95303426
20.36050342
21.37183979
20.88948392
22.00946126
21.70926421
23.07780897
23.37664946
19.53025594
23.73361124
23.32686436
23.47251902
23.33665502
22.61670835
22.96756442
21.32588976
17.53343385
20.94001555
20.53309396
13.73712875
19.38410757
19.30767789
20.27595531
20.13898726
18.30317087
19.28538402
19.78615084
18.45172701
17.87064265
17.91485470
14.48976694
13.09080561
13.58947163
12.44459160
7.65038857
9.59528990
13.57955023
10.76358843
11.50667096
10.32661918
15.60318349
16.46676746
9.70756743
14.38702414
14.29217091
14.69952434
16.34590408
18.40225979
17.76190329
18.61028307
21.17260307
22.63385608
20.84173346
21.33953095
22.17553931
22.37322487
17.61966576
21.97755750
23.27460867
20.77113661
23.97744494
23.76296473
22.21623843
22.70633627
23.10257200
21.32752106
20.54646344
18.37925133
14.27129324
19.32784841
15.21442447
17.96624231
18.72923825
21.58187617
23.41293077
21.07937070
13.09743810
21.20465545
18.62954789
20.75238249
23.01712340
22.35843130
22.52683337
22.10532204
21.13747046
22.09816125
21.36301599
23.18317335
21.55157982
23.47359022
17.80814669
18.90436264
20.43955423
18.80657008
16.89465393
15.12484265
15.40659540
15.15819765
14.06206051
13.56044923
13.20998072
12.52398752
11.60696616
13.22010965
12.23200662
11.50233759
13.71430760
11.20795554
11.74959842
14.58690668
15.86959010
15.73524326
16.41724150
15.07491041
15.00627920
19.46586715
16.43462748
15.40639391
17.17080157
16.09890488
18.37145139
14.12856866
18.27849791
20.33536173
18.05879052
14.88505796
16.64778627
15.59780827
15.92725452
16.24506777
14.69968487
16.66852376
15.35262782
11.41533680
6.90434120
11.70150348
10.75777621
10.16283132
11.13404131
9.85869308
9.94690614
7.77409326
11.87010079
11.22869486
9.41205313
9.95786087
12.79343292
9.30784183
9.52421695
7.98290767
10.01327798
10.45471765
9.85431086
8.67505785
7.22307964
5.81165035
7.12447989
6.78761071
5.16055198
6.56386021
8.32135480
10.87277512
11.22523365
11.87089842
12.35648522
12.87846735
17.36228706
19.09251201
13.02372594
11.87463675
17.68741541
14.44161267
14.28386863
13.02147156
14.05758090
13.98213184
17.19630055
15.04434952
16.37523330
14.01430701
14.26562934
8.27955355
13.50940687
14.25254499
12.73396808
9.96642506
11.43316260
11.07427896
6.84346775
10.08159768
11.50389201
5.72781664
12.92993476
11.79385451
11.03905539
7.71779102
11.82479184
12.07753515
11.67141420
10.24725132
11.53010909
10.94291458
9.19246149
6.81350196
8.65013394
8.66073875
5.14425645
7.17492793
10.42600114
6.83642069
8.33222474
5.36688252
8.47866284
6.55964199
5.46870748
6.90860103
8.98199390
10.07501241
9.60051011
12.86469559
10.86711359
13.11479675
12.08108437
7.80966444
11.10634287
11.78302440
11.49469430
10.38924679
5.27154180
5.78647409
6.49598685
5.37664845
4.79227021
5.91060196
10.18014782
5.96664701
4.94476351
4.49395171
6.44824185
5.97156044
5.84631238
3.81252530
3.75882118
4.70802719
4.59938781
3.61612687
6.15233867
5.22993088
4.26037000
5.08436640
5.67476139
4.88038667
3.92364504
4.31207502
5.08509009
3.59092843
3.23918785
3.40270106
3.85231782
5.00278587
4.92820693
3.32267293
4.07940039
4.68780354
3.97231902
4.26988185
5.78512743
4.71062789
5.86907064
4.63561308
3.74563249
4.27661264
4.63836956
3.81420096
3.53416470
3.81009238
3.17792425
3.18043153
3.21349461
3.48173406
3.18323170
3.31875477
3.37163936
3.54770470
3.21681004
3.35531936
3.18624250
3.16667984
3.30080546
3.37605552
3.41240722
3.53919699
3.13989706
3.17972118
3.33655504
3.63840089
3.36955765
3.43778433
3.30110915
3.52796535
3.74426017
3.97048732
3.51484152
3.14791764
3.13702614
3.23624922
3.24018839
3.17846439
3.17789999
3.26326262
3.35186042
3.35312748
3.22979549
3.05839628
3.08929366
3.04789068
3.12251229
3.11318769
3.08032085
3.03742739
3.02777210
3.04493988
3.02943295
3.06348820
3.04620448
3.07173391
3.04119467
3.03462645
3.03958536
3.05357432
3.05209066
3.14434166
3.11022316
3.14083928
3.10666402
3.03099992
3.03843027
3.05659549
3.05100435
3.17035627
3.10203160
3.06157154
3.05815338
3.06629485
3.05155138
3.05244372
3.08991153
3.03657526
3.08162157
3.04482752
3.02614985
3.03448961
3.03684905
3.04744097
3.02862661
3.02343353
3.01548499
3.01714666
3.01979858
3.01446971
3.00883338
3.00604607
3.00496319
3.00581418
3.00437681
3.00975136
3.02152825
3.01081526
3.00254374
3.00427550
3.00341079
3.00228641
3.00518900
3.00554657
3.00390941
3.00550460
3.00410091
3.04590488
3.03417247
3.00723281
3.01146988
3.01070867
3.00416876
3.00662527
3.00500989
3.01376562
3.00275861
3.01014161
3.00498563
3.00323354
3.00382189
3.00233893
3.00412095
3.01071036
3.01260787
3.00986027
3.00671633
3.00753435
3.00834806
3.00859206
3.01997610
3.00988212
3.00511753
3.00300719
3.00473462
3.00504476
3.00316765
3.00638905
3.01362159
3.00431101
3.00230576
3.00704470
3.00309308
3.00635745
3.01327610
3.00753314
3.00686257
3.00727911
3.01027342
3.01538475
3.00598140
3.00853020
3.00665783
3.00672275
3.00933020
3.00620976
3.00473405
3.01491039
3.01697808
3.00816478
3.00739124
3.00447450
3.00502039
3.00515580
3.00386020
3.00660558
3.01142976
3.00880824
3.00390706
3.02176777
3.02048486
3.00757243
3.02114819
3.00546381
3.01595369
3.01392071
3.00413274
3.00834869
3.01143370
3.00637532
3.00806127
3.00670543
3.01009830
3.02148414
3.02724035
3.00562274
3.00582754
3.00701855
3.01248055
3.01695277
3.00736806
3.01336483
3.01378532
3.01247037
3.01075504
3.01341163
3.04663666
3.01784629
3.02022408
3.02374268
3.01539922
3.01758582
3.01426079
3.01371625
3.03489955
3.02397139
3.01159643
3.01881271
3.03013783
3.06901775
3.07055761
3.03730208
3.01153706
3.01494884
3.01845403
3.01500144
3.01659336
3.03765769
3.05597971
3.01599731
3.01411689
3.01396287
3.01175403
3.01195854
3.01153649
3.01284110
3.01053143
3.00905323
3.01112935
3.01204731
3.00881294
3.02376154
3.01638229
3.00214961
3.00248436
3.00607747
3.00368985
3.00210448
3.00169594
3.00215028
3.00574581
3.00336456
3.00257165
3.00100599
3.00564763
3.02052013
3.00637544
3.01450287
3.01710504
3.01041933
3.00725509
3.01562394
3.01382731
3.00854047
3.00610841
3.00558934
3.01205478
3.00531864
3.00910923
3.00265563
3.00150107
3.00136119
3.00153292
3.00618614
3.03466862
3.01229142
3.00329700
3.01245340
3.01507364
3.00714395
3.01037481
3.00675132
3.01679634
3.01938715
3.01236914
3.02061568
3.01133715
3.00656574
3.01747281
3.01984229
3.01133895
3.01930594
3.02052541
3.01426905
3.01608990
3.01547845
3.01776589
3.01808451
3.02541608
3.01233724
3.00910520
3.02152892
3.02159882
3.02000587
3.02787087
3.01476096
3.01674793
3.00891124
3.01612619
3.02025523
3.00835075
3.00928284
3.02312583
3.02517199
3.01218521
3.02066687
3.01920186
3.02037654
3.01415451
3.00568054
3.00680266
3.01985434
3.01736011
3.01381989
3.01321688
3.00638893
3.00903893
3.00880843
3.01496506
3.01371544
3.01126392
3.02316741
3.05506109
3.03899598
3.01790324
3.01578580
3.01574614
3.01589057
3.01691799
3.01280165
3.01383834
3.01416103
3.00664749
3.00445199
3.01142181
3.05147223
3.01943201
3.00423068
3.01610677
3.01095606
3.00685624
3.01207578
3.01017293
3.00872118
3.01462718
3.03238861
3.00918080
3.00799175
3.00899505
3.00487405
3.00844501
3.01172708
3.00649285
3.00509126
3.00435736
3.00800449
3.00746396
3.00647276
3.00759844
3.00924766
3.01097308
3.01209018
3.01473533
3.02646952
3.03006797
3.02773074
3.03276195
3.05567855
3.06383319
3.07106858
3.05953287
3.05172697
3.07126882
3.06438686
3.04291678
3.05493842
3.06204316
3.03963830
3.03662128
3.04766378
3.04252422
3.02844913
3.01616665
3.02365581
3.02272005
3.01582853
3.01120668
3.01276609
3.03312991
3.01269781
3.01457974
3.02211892
3.00471705
3.00967567
3.03702214
3.03948512
3.02024149
3.05910661
3.08765710
3.01049814
3.01465782
3.01312121
3.04298149
3.07957732
3.07901996
3.12517891
3.12120687
3.04112798
3.02876052
3.05291140
3.11774312
3.12261956
3.15146544
3.18207539
3.08125983
3.04743249
3.03680153
3.01975371
3.00909596
3.02275526
3.13680784
3.11680237
3.08443006
3.58788569
3.71416423
3.06288146
3.08323050
3.02974351
3.03091544
3.14645337
3.28643937
3.26194822
3.91738075
3.67120849
3.02950131
3.01285211
3.02002623
3.28754460
3.17083553
3.03462863
3.07495987
3.03645505
3.13577306
3.14143064
3.63886612
3.16923207
3.08539867
3.06942668
3.08084463
3.02377052
4.01726476
4.21627876
3.74708722
3.73971672
3.41810182
3.04531596
3.80647775
4.38568578
4.59394421
4.72057978
3.81515750
3.71527663
3.31817955
4.05344130
4.29990994
5.00103248
6.38632561
9.54594013
8.50708659
8.79784302
5.64552283
9.05482861
12.57913195
9.29521963
7.18089103
5.60906906
6.66169357
8.50543975
6.96432908
7.88956491
10.97212917
13.57163822
10.10874947
6.75848511
9.90193625
12.80837317
12.19372824
10.16254795
8.82547721
10.81881139
7.46900059
6.17649637
5.75174575
7.94939508
7.41611445
11.88619138
10.94556078
8.81746797
7.08534494
8.43406099
7.99449851
7.77022963
5.48257414
9.01626365
9.73856718
7.06240332
5.25120863
7.02991394
10.84002705
10.73951231
9.54655836
7.86094498
6.14494377
7.74837629
10.63200755
13.01766299
12.54114388
11.23595625
7.18541674
11.22216614
8.35434813
14.53952502
16.54899651
17.07546089
17.33543342
16.49296939
14.87609891
11.85581432
12.18463264
12.86234650
12.77976425
14.68025285
13.60516066
14.61141009
15.17847944
14.65350497
14.19505724
14.78976316
15.87694481
13.93501829
10.41487022
14.02671511
14.20004287
14.71676447
14.82442698
13.28968623
12.83551448
8.41070236
7.33082047
12.40311855
11.87750891
10.36055517
9.85521343
12.35328218
11.80295933
10.38163030
10.48549150
14.63274441
18.86778114
15.63349188
13.87291088
15.52756563
16.72424620
17.57152130
16.30318983
19.87967995
13.97378253
18.39558988
20.43549344
22.73584004
20.46713790
22.69287116
17.72878611
19.91922106
18.56148208
17.90557213
20.18696019
20.46731103
22.16063408
19.12588277
20.28647811
22.70305527
18.82256906
13.62520704
19.03303740
18.32412794
20.13361132
19.61755631
23.44818506
19.61068335
15.16140884
13.88727174
17.96729416
18.03693723
20.17037640
18.68575724
20.88212529
17.49262365
13.75445534
22.26425242
20.95024986
22.68416455
23.10902856
21.73538028
19.70108142
15.43485734
20.37217312
17.05975934
21.37457359
18.98792680
16.98471812
9.12293966
8.37529579
12.97375359
10.36360664
10.26223719
12.20873867
11.54865882
14.58714781
15.06417249
15.78362907
13.01246714
8.92742460
11.52245265
12.97093045
16.71827751
17.33331176
16.96667668
11.80226093
15.05442011
13.74904768
18.66825530
17.20136176
18.51547472
17.84352340
18.46543031
16.30011911
16.94306826
17.54603403
15.48485680
16.12866536
14.47457795
16.65821785
14.57971353
17.01866082
16.48063039
12.18164375
7.16235455
16.20126703
16.85205492
17.13245764
16.83444612
14.37223257
15.27442312
16.46896333
18.51073554
20.17044323
20.35281676
18.50576035
21.76515326
17.92706057
18.28925065
18.56567502
18.16396092
20.43074965
20.12120547
19.88130660
19.90810792
20.25325054
17.33699094
16.29709881
17.01769131
23.25121251
20.16407349
19.46245848
19.61485458
13.54767985
18.83046076
14.49730067
21.74342274
21.58290879
19.38157242
13.44920897
20.11162803
21.26500319
19.84567732
22.42250454
22.42963419
22.82191455
20.16533271
19.26196469
20.76070665
19.76560579
9.13399185
14.10644096
15.90175210
15.79151650
21.47698960
19.61175693
20.89793936
21.52525358
22.60117771
15.69708523
18.48131750
21.16260384
22.06687590
21.30425590
18.02087670
22.16602543
22.57409470
21.26605354
23.87582031
21.12490836
22.33009066
21.28254334
21.80799234
16.93171844
20.88437058
22.85719638
24.94969940
22.00456897
22.70678174
22.47711834
21.39377355
24.83833568
23.26518635
15.14598280
24.44521837
25.25939342
22.93402213
23.30309624
24.35347989
21.96820804
23.18388995
24.77219164
23.57148540
24.32275332
16.23863259
19.50246806
12.20963353
21.56726157
19.73562152
18.39154696
19.29775615
18.70627936
18.31424695
14.68286702
14.65441093
15.86715015
16.45053643
19.33457683
17.72648025
18.74658955
13.99350602
14.73356440
16.90749042
17.61373409
18.12612327
18.41923321
19.99126642
22.15740212
20.73458899
21.89176244
21.60220342
13.95654777
15.59338684
19.22712136
18.15397308
14.12439801
8.32643391
14.93037347
13.43365165
16.06882550
13.68002402
15.62675549
13.39605669
14.10284412
14.26489608
10.95825878
15.46452236
14.95883655
17.12353560
17.21820449
17.42757171
20.99843562
20.10908397
20.89573294
21.51688982
10.17889393
14.41399251
11.21132043
16.00158053
17.18007056
16.67303604
10.02012083
10.90101621
13.54652583
13.66774103
15.44543215
12.69806372
15.42890065
17.06213273
13.96792398
11.54801090
14.38220735
16.37254047
14.93992806
18.09269398
19.84318167
20.43715649
21.94911937
22.13097763
19.21856045
19.11072503
17.92143263
19.42583411
21.05706128
13.93044098
16.67743178
15.81013187
13.20222533
15.65791484
14.45722056
14.94073216
14.54722387
14.25936374
14.96938993
12.70485936
15.10489148
14.70383197
16.17128620
17.57279671
15.97332882
15.18700648
15.77227615
13.81749085
14.25368566
11.07797601
15.04537130
14.51725588
14.73975468
13.61743619
15.25731273
13.23533948
14.45145163
9.72327269
11.51702553
9.87581391
9.48429509
13.13385969
16.45524213
15.89176148
17.93999044
16.60935964
14.79262890
15.62494813
18.03412794
15.63321836
8.84116278
9.64292357
12.92735182
13.60256025
13.03609389
13.71637110
12.60652392
14.39122432
11.59667329
9.11272438
13.56379747
10.38984124
12.25995752
10.63547339
12.93015637
11.50881146
12.94021515
6.93296747
9.17519389
6.65329102
12.64556281
15.04016623
15.51092935
15.87740001
14.33921949
16.21089730
14.44522604
13.15882001
12.41246880
14.05890557
13.78636520
13.95649780
14.91554811
9.78980571
12.66370962
16.12427115
17.63977814
18.09797247
17.49844729
18.93553931
20.68923954
15.07201685
16.95847393
16.34996229
13.62312370
17.69868223
18.07253998
20.03607414
20.64345084
23.97487537
22.01943781
22.54459745
21.72719494
23.14837053
22.71049513
12.80005268
17.47557637
19.80124875
21.83895152
19.86974122
17.58899664
17.28637175
16.71062420
13.66649834
15.53172308
18.52147001
17.32395612
17.08156669
16.10282340
15.97991071
16.09753035
14.25109256
15.20987649
15.01168409
15.16220329
16.65203001
16.27962824
21.56165486
22.86810359
23.76561159
13.17283215
22.31347988
22.04680532
18.93505427
19.01535342
10.51856919
19.20127001
14.71622312
16.21613285
10.38041353
15.96868735
17.54622487
12.07543112
11.56147178
15.67467527
16.48677635
15.51505423
17.44636663
13.95242576
14.12822877
13.31865431
13.40809201
7.37384948
15.07856228
16.12343174
16.90200096
16.96438159
15.62135182
9.59912096
17.00776393
19.04964693
17.40777282
14.97080103
15.46475300
17.58057109
18.87145997
18.76929363
19.34994505
16.10852313
16.54833576
11.18366177
16.42660727
18.53183556
14.03630738
13.69307380
17.80829350
16.61378511
16.51428716
10.68749000
10.30637297
11.88169774
14.81145881
12.23994641
10.02885281
14.14524909
13.56149931
13.50394259
13.13823826
12.09608701
7.13119036
12.91338094
12.98513758
16.08344334
17.05588696
11.15480259
14.67781288
9.22876179
15.41205745
14.13920447
8.59271159
9.44865103
9.88883829
9.28936133
14.41857539
13.33261224
14.35824163
14.64250954
7.43745765
7.42576528
6.69023137
10.52518056
9.00425917
9.82197092
12.75348561
12.31952036
9.03585739
6.78562234
9.51503331
5.88195939
5.33747722
7.81144186
8.54712991
12.32218727
9.78871106
8.45911290
11.85709171
8.51153497
12.08381011
12.95379393
11.28178848
8.91940011
11.50804102
8.69077040
6.47134025
9.01291438
9.92160492
6.84606202
6.09064730
8.87669885
10.27191436
6.69002805
6.18036265
5.11696851
7.55669698
6.75402162
5.13434580
5.63708178
5.61447080
4.85301039
4.55082663
4.73538228
4.73030484
3.89910372
3.38746551
3.63613293
3.60229040
3.92468552
4.62971118
3.57523816
3.39060139
3.31370153
3.70115354
3.60298947
3.37527005
3.45105231
3.62091500
5.31789694
3.93842096
3.14570502
3.49330445
3.40761618
3.31829854
3.10118100
3.23278979
3.47676219
3.27597976
3.14475289
3.04095502
3.11932943
3.11412383
3.01907885
3.27010575
3.62728344
3.29298541
3.05330929
3.37770045
3.30053198
3.37080120
3.30033621
3.11109703
3.03948542
3.02161265
3.04558341
3.06484426
3.09518450
3.02922012
3.04360794
3.01552284
3.02013731
3.04118861
3.01801556
3.06666176
3.17135526
3.16162981
3.14826267
3.15250522
3.19818953
3.09771004
3.11883030
3.24266170
3.09062886
3.07373987
3.08845427
3.11553996
3.15657280
3.19894326
3.14525878
3.08122810
3.15407910
3.11774335
3.04588141
3.05491280
3.19119383
3.18158295
3.10401404
3.12527169
3.11574981
3.12000511
3.05013374
3.03902099
3.04970967
3.04637885
3.03357265
3.03011610
3.03673338
3.04114940
3.02638911
3.01498547
3.01900831
3.03443625
3.03604090
3.01996578
3.07042633
3.08408995
3.03166838
3.01490879
3.01663344
3.01404660
3.01045497
3.01274955
3.01954320
3.02386743
3.02073743
3.01818383
3.02032130
3.02714445
3.02098995
3.03246577
3.02537542
3.03448680
3.04812996
3.05765175
3.08283665
3.05906259
3.05090572
3.07389581
3.07769542
3.05470369
3.05042301
3.05092172
3.08297227
3.04984644
3.03142844
3.03035592
3.03920903
3.03451971
3.03097085
3.04274082
3.03403319
3.02088075
3.03355772
3.04322514
3.02229471
3.01836012
3.06239454
3.05542370
3.01061809
3.00834456
3.01406619
3.02846185
3.02726502
3.02202153
3.03029425
3.06432487
3.05237914
3.03095965
3.03770369
3.01676096
3.00963344
3.01208667
3.02826210
3.01726257
3.01749139
3.01338476
3.00811520
3.01024773
3.00933409
3.01245008
3.01477926
3.02746969
3.02205757
3.01141312
3.00600004
3.01018450
3.01288298
3.00773421
3.01547420
3.03189301
3.04054239
3.03649907
3.02780246
3.02365313
3.01680265
3.02046547
3.03099322
3.02450118
3.03167973
3.04059000
3.03155903
3.03250557
3.03106223
3.04136448
3.04218982
3.03180865
3.01999754
3.01823762
3.01542352
3.01544117
3.01747571
3.01156376
3.01897271
3.02195569
3.02720981
3.02214935
3.01897251
3.01269654
3.00505328
3.00923749
3.00534250
3.01075061
3.00824326
3.00341348
3.00268398
3.00296574
3.01034140
3.01065456
3.00587072
3.00396371
3.00644247
3.00693371
3.00394527
3.00332099
3.00284331
3.00427669
3.00613880
3.00418443
3.00309092
3.00365939
3.00517440
3.00759401
3.00296295
3.00232463
3.01627389
3.01600422
3.00183392
3.00290975
3.00272345
3.01035789
3.00510202
3.00241009
3.00581432
3.01036374
3.01526618
3.02373467
3.02018087
3.00295598
3.00258163
3.00456255
3.00318035
3.00915776
3.00504953
3.00546794
3.01024916
3.01131529
3.00313110
3.00363761
3.00365162
3.00586864
3.03281937
3.02979152
3.00597100
3.00512727
3.00765299
3.00861080
3.00660342
3.01592926
3.01539371
3.00445291
3.02425794
3.01050566
3.00529835
3.00737001
3.00392811
3.00394316
3.00444133
3.00875604
3.00344934
3.00278658
3.00709100
3.00984727
3.02288421
3.01297254
3.00172391
3.00173630
3.00307663
3.00359174
3.00197362
3.01607754
3.00689092
3.00144224
3.00314938
3.00899037
3.00278224
3.00260269
3.00854478
3.02028326
3.02334348
3.00447077
3.00509583
3.00595112
3.00542702
3.00189722
3.00357663
3.01411528
3.04685007
3.03248357
3.00354106
3.00198721
3.00371496
3.00657764
3.00452538
3.00193675
3.00229617
3.00694120
3.00953316
3.00765094
3.01070677
3.00951191
3.00836357
3.01413508
3.02161540
3.00942695
3.00446212
3.00463667
3.00185797
3.00380965
3.00195142
3.00371911
3.02154229
3.01806834
3.01007897
3.02208062
3.00586797
3.00390903
3.00282086
3.00455267
3.00507533
3.00409281
3.00283515
3.00667144
3.01425160
3.00777907
3.01187415
3.00904644
3.00396597
3.00363969
3.00700456
3.00389179
3.00291053
3.00387966
3.00431131
3.00413788
3.00223422
3.00678940
