3.00000000
3.00000000
3.00000000
3.00000000
3.00000000
3.00000000
3.00000000
3.00000000
3.00000000
3.00000000
3.00000000
3.00000000
3.00000000
3.00000000
3.00000000
3.00000000
3.00000000
3.00000000
3.00000000
3.00000000
3.00000000
3.00000000
3.00000000
3.00000000
3.00000000
3.00000000
3.00000000
3.00000000
3.00000000
3.00000000
3.00000000
3.00000000
3.00000000
3.00000000
3.00000000
3.00000000
3.00000000
3.00000000
3.00000000
3.00000000
3.00000000
3.00000000
3.00000000
3.00000000
3.00000000
3.00000000
3.00000000
3.00000000
3.00000000
3.00000000
3.00000000
3.00000000
3.00000000
3.00000000
3.00000000
3.00000000
3.00000000
3.00000000
3.00000000
3.00000000
3.00000000
3.00000000
3.00000000
3.15734503
3.17098277
3.20813355
3.13363632
3.11180832
3.08225093
3.08221948
3.08112519
3.08512665
3.08743185
3.08103696
3.08339690
3.08964576
3.09128014
3.09430478
3.09547523
3.12522200
3.11709549
3.10474771
3.08989804
3.07280709
3.07623803
3.10159234
3.09938948
3.09745811
3.12432729
3.09625434
3.07746917
3.08298346
3.10165320
3.11796079
3.12674095
3.10258327
3.10176251
3.12955173
3.13843423
3.15323307
3.12222983
3.12089329
3.12651808
3.13277493
3.13822343
3.12135739
3.12663351
3.14404678
3.14937050
3.18114996
3.19319582
3.17795005
3.14077479
3.13016883
3.12653219
3.12717870
3.13359076
3.09411846
3.10249113
3.11018907
3.15371043
3.20001112
3.15365059
3.16923687
3.32312954
3.34487356
3.37148230
3.43028887
3.55905333
3.60255446
3.62705656
3.46790987
3.41937385
3.42610109
3.39134969
3.32712488
3.26676502
3.22757934
3.18870799
3.18516859
3.11332200
3.10519855
3.09971367
3.11360284
3.13154991
3.14473273
3.15339219
3.20304902
3.21645964
3.22131331
3.21849947
3.13575095
3.11266648
3.08527149
3.07804581
3.08444869
3.07182823
3.08127207
3.07167421
3.07536270
3.08176966
3.08106739
3.08888790
3.08946131
3.09648435
3.10760014
3.13023870
3.12997537
3.13917798
3.15549679
3.17113577
3.19210459
3.16198688
3.18844653
3.17034442
3.18194743
3.18163837
3.21303176
3.21148051
3.20180972
3.20502476
3.21383637
3.22187771
3.23955431
3.21709901
3.20582937
3.18768561
3.19939912
3.19125238
3.22285351
3.19728738
3.20255551
3.20161014
3.19377042
3.20674533
3.23674455
3.27337853
3.28493105
3.33445103
3.43597231
3.54218321
3.57084793
3.52733983
3.46570599
3.44934162
3.42034149
3.42333485
3.37896536
3.31207580
3.27609615
3.25880358
3.26638592
3.26395305
3.29098033
3.25509605
3.26110079
3.22746085
3.19511087
3.18909916
3.17742016
3.24802235
3.31402128
3.30339696
3.31928312
3.33965711
3.30689590
3.38146606
3.39159381
3.28979577
3.36012341
3.42017744
3.31654119
3.24706372
3.19645761
3.15316320
3.11126721
3.10051726
3.08045029
3.07397448
3.08680149
3.09981006
3.10191262
3.11028019
3.08863562
3.08488848
3.09037744
3.09196524
3.09981006
3.08860519
3.09707408
3.08769025
3.08843689
3.07829809
3.06406858
3.08054957
3.07191340
3.09219831
3.10026906
3.08140586
3.07361476
3.09480747
3.10350042
3.12316704
3.09006328
3.08973807
3.09548135
3.10065717
3.09453088
3.13150333
3.14168582
3.19706349
3.25022827
3.43152511
3.71773388
3.88489658
3.67032054
3.60627219
3.65131046
3.78813037
4.02509983
4.18588804
4.31358235
4.06561678
3.60974665
3.47694027
3.37969891
3.25060720
3.18577855
3.13646631
3.14981131
3.14124705
3.12548142
3.09055373
3.10060345
3.12723837
3.11823449
3.14201409
3.17112761
3.15886687
3.17872423
3.20469649
3.23292346
3.22533602
3.19013769
3.16333039
3.10408709
3.09610848
3.10392899
3.09777533
3.09573771
3.11922134
3.11121247
3.11138060
3.17656285
3.14246901
3.20481107
3.21945198
3.34278120
3.35727302
3.25333587
3.26001755
3.45369260
3.52568607
3.34025500
3.35713328
3.42840425
3.60896652
3.62559439
3.58191697
3.40776370
3.41259306
3.46581853
3.46710339
3.26353060
3.26097601
3.28252657
3.31549246
3.19231828
3.16740682
3.15828836
3.23289507
3.22060900
3.20132539
3.18885487
3.19448782
3.17755684
3.15221987
3.17009809
3.17197166
3.15632469
3.15043249
3.14702671
3.16004837
3.16051349
3.16389683
3.17148427
3.15935834
3.16782638
3.19678078
3.20528214
3.21658034
3.22915711
3.23463791
3.24825644
3.25013596
3.25210082
3.25485176
3.27292361
3.24336333
3.21645165
3.17433160
3.12455526
3.10858189
3.10888398
3.12015056
3.18178525
3.14440344
3.12772984
3.15566798
3.10715117
3.18119450
3.18689732
3.31876938
3.37596401
3.45164376
3.45132552
3.33022959
3.27963351
3.23258805
3.22772741
3.22249787
3.23324255
3.24006397
3.14772796
3.11349438
3.09622000
3.10713298
3.10344262
3.09609233
3.07654913
3.07261873
3.08216270
3.09442344
3.08468584
3.09061850
3.09717846
3.11329480
3.10271196
3.08465949
3.07733453
3.09002282
3.14217423
3.14677749
3.18448060
3.20175702
3.18137691
3.14741278
3.15332232
3.17035649
3.21935066
3.26727961
3.30017682
3.26158206
3.23459439
3.22886522
3.25923521
3.25554383
3.24244720
3.17522325
3.16253394
3.16964521
3.16163515
3.16801882
3.19648396
3.19213383
3.18019847
3.17276199
3.15810085
3.15587674
3.14463243
3.13025400
3.14729939
3.19785586
3.23316758
3.29860619
3.32399399
3.40171136
3.46177661
3.41825525
3.42466017
3.41067087
3.40419183
3.37607842
3.36385219
3.32942107
3.31265431
3.28711062
3.28937723
3.28001363
3.25816829
3.24272685
3.20825816
3.20650223
3.21744870
3.22328922
3.22296197
3.19294660
3.19843556
3.21385762
3.23570381
3.26304525
3.22859271
3.17512601
3.12120133
3.09366150
3.09175954
3.07872071
3.07273722
3.07576594
3.08466952
3.11613601
3.14303239
3.16042237
3.19557701
3.26228314
3.25168534
3.14735209
3.16212764
3.23221915
3.20357891
3.19305897
3.17593368
3.15813128
3.12717870
3.11696272
3.14144867
3.12187317
3.10691912
3.12362808
3.13957714
3.15513707
3.13661642
3.12632649
3.12808055
3.13827103
3.16365067
3.17319260
3.21451722
3.26600903
3.33804194
3.36937260
3.38899774
3.37571173
3.44377055
3.45460465
3.49521782
3.46498468
3.48743182
3.44962739
3.51014943
3.49090934
3.49592094
3.54556961
3.55807957
3.60894425
3.64689352
3.65797276
3.68437563
3.66468674
3.60490318
3.58792783
3.54342353
3.52538211
3.47733756
3.47929001
3.47545991
3.43674054
3.41269540
3.39234776
3.43533396
3.41411082
3.35257745
3.31900041
3.29895078
3.27560978
3.26257197
3.25866979
3.25936492
3.26220613
3.27283759
3.25025768
3.22871528
3.24581643
3.23532182
3.22857146
3.22186955
3.21922282
3.19827950
3.19935050
3.19041445
3.20675961
3.21464591
3.21334796
3.23861098
3.25175215
3.24920895
3.23696742
3.23642325
3.22582545
3.19910621
3.18044072
3.15086412
3.16183592
3.13977774
3.11840568
3.10797805
3.10918794
3.09961847
3.11739044
3.12495051
3.12036442
3.12699731
3.11570727
3.13699331
3.15982754
3.18089666
3.18019847
3.17633284
3.20543412
3.24848441
3.24766467
3.27891611
3.26237341
3.25769501
3.22286660
3.24357396
3.26542746
3.32681684
3.29111004
3.20609695
3.18577464
3.15145691
3.13946664
3.15592536
3.18506115
3.20722575
3.28220731
3.32966026
3.34802281
3.35602573
3.33408111
3.26497050
3.25402607
3.23044299
3.21457094
3.21060909
3.18971728
3.16099884
3.15408834
3.17752947
3.17079934
3.14951228
3.13238801
3.14590709
3.17172550
3.18406002
3.17007888
3.18312791
3.21304400
3.21385150
3.20102840
3.16323315
3.15338199
3.16856503
3.14517864
3.13380139
3.13951934
3.13216395
3.16007778
3.16484526
3.17078217
3.15040614
3.13996321
3.14171319
3.14323605
3.13810783
3.13231593
3.11981107
3.11415398
3.10648953
3.12167461
3.11035006
3.10552495
3.12051232
3.12195018
3.11995506
3.12210828
3.13641276
3.13138586
3.13704499
3.12774004
3.13522208
3.11271816
3.11922746
3.12136147
3.11327032
3.11297656
3.12184274
3.11739639
3.14280748
3.15232323
3.16047609
3.16313795
3.19309960
3.18237192
3.15178212
3.21139534
3.18102943
3.16065442
3.13629104
3.12646232
3.11583001
3.12082750
3.10664151
3.10725963
3.11138264
3.11284889
3.14088019
3.15108291
3.14745341
3.14770977
3.13952546
3.13757488
3.11290465
3.12304753
3.12159454
3.12252359
3.12760625
3.12192077
3.11321065
3.10950601
3.09944218
3.12054377
3.12259159
3.11825982
3.10849179
3.11939967
3.12103218
3.12264021
3.14133511
3.15406811
3.15564469
3.15748086
3.18462442
3.17605727
3.16079008
3.18028364
3.16124109
3.13602363
3.12745835
3.12191465
3.16271431
3.16661343
3.18253308
3.15556666
3.13457557
3.13409940
3.12915053
3.14770161
3.18173357
3.20874045
3.24218183
3.31350550
3.32089234
3.35769666
3.33995920
3.36097052
3.36886600
3.40310978
3.41393351
3.37049324
3.35541781
3.34254099
3.34694569
3.39452920
3.44898394
3.48313048
3.45766771
3.50281835
3.42718926
3.36514929
3.39939103
3.60601787
3.73793770
3.77795910
3.64331655
3.70539715
3.63648612
3.67438167
3.69726962
3.66944402
3.72524125
3.90105015
3.86278978
4.03042372
4.08548723
3.88445985
3.78788115
3.64334596
3.43205296
3.34610164
3.37019846
3.30037232
3.33017298
3.28759903
3.22499449
3.24768388
3.19230825
3.20636334
3.15034630
3.18893596
3.13179726
3.12311944
3.16392522
3.10850998
3.12598700
3.10661312
3.10135417
3.12161069
3.13900866
3.13966843
3.23118572
3.31553615
3.46082002
3.45760379
3.53410753
3.53479756
3.66428843
3.52576818
3.55271624
3.44553668
3.41969005
3.53862562
3.54733472
3.54841490
3.80252410
3.71015664
3.54756286
3.64086345
3.93665580
3.92687366
4.43443212
4.44191926
4.49953226
4.60202543
4.68336431
4.08757568
4.82571381
4.56847168
5.34194499
4.69468682
5.16035031
5.13662035
5.23463572
4.36676532
4.73814732
4.92268674
5.29976629
5.26939018
6.08543132
5.72476391
6.06521033
6.42897446
6.77345787
6.82302358
7.06128793
6.40887808
6.05513936
5.40815778
5.18506916
5.76439516
5.39889040
5.42559230
5.67992420
6.84121800
6.65713452
6.75937133
6.41425960
7.48364698
7.20287855
6.78229974
6.89868701
7.02429610
7.03308527
7.75900448
7.56312351
7.27249474
6.99078910
5.88161237
5.84038414
5.67114217
5.10275448
4.95236466
4.67759281
4.74697406
5.51162981
7.15902773
7.03477456
6.83316544
6.83781732
7.15330995
8.06371877
9.64203855
10.17915746
9.37414575
8.91734249
8.73690993
8.86617385
8.48650333
8.46106793
8.59041209
8.69712857
9.94190325
8.97064599
8.85838989
9.13057995
10.18870143
10.61343759
10.78236642
10.52248164
8.19332218
9.88177731
11.84141117
12.36593750
11.93381722
11.20797298
12.03162434
12.89439644
11.78146917
12.28744034
13.23653674
13.67985135
12.89458905
13.93093013
11.13533096
9.93134897
11.01910995
10.68049341
11.38173916
11.42170701
9.55138350
10.18289950
10.03515930
9.46954703
11.64827111
11.64636507
12.34773203
12.47430723
10.23158342
11.92059190
12.46477482
11.38115861
11.39989924
10.99221850
11.14628049
10.06035755
9.88423143
9.37772578
9.36288733
9.33535039
9.66319879
9.71973773
9.58796291
9.18842194
8.86406313
9.64255229
10.02850210
8.60645533
8.21293627
7.77732861
7.71375949
7.39280034
7.40862887
7.73538587
8.70618923
8.94828385
9.60333635
9.68701392
10.17745508
10.48055624
11.53367224
10.75955650
10.59261888
10.91690357
10.63523023
9.90377854
10.40223384
10.30481007
9.83235967
9.94417904
10.65388569
10.86772920
10.99923049
10.65628524
10.84368814
10.29180779
10.23518776
9.96433118
10.16347190
10.30027260
10.50899894
10.90254231
10.80265235
9.64142757
11.48117726
9.91194568
10.83455846
9.57047161
9.97355096
9.95104194
9.85619809
11.51926049
10.14426615
10.58954664
11.59927405
10.67892584
11.72599358
10.30298410
10.36305649
11.08324857
11.78007942
11.44700964
12.32923654
11.27597315
11.28550403
10.61638828
9.75310295
9.02208306
9.06007687
8.34673868
8.62572279
8.60721625
8.67222612
9.49068194
9.50973877
7.85748004
7.80294234
8.10825435
8.45364267
9.75442742
10.20912319
12.46748122
13.58349110
12.88469947
9.88209946
9.60435057
9.11235510
8.97023969
8.49105185
7.97168468
7.20296559
6.33276772
6.34985663
6.96526258
7.83244397
6.97728413
6.96587764
6.80829954
7.07138627
7.45498124
8.95270385
10.61434250
10.17688269
10.57259849
10.96807918
10.39493829
10.00009884
9.52531077
9.21974240
8.88872945
8.37205032
8.06782359
8.06837677
8.06631773
7.87245024
8.17517536
8.23997970
7.98474986
8.46812650
9.08605542
7.71733340
8.12521865
7.98328667
8.88681440
9.99273835
9.56100856
9.23518673
8.48277438
9.11721982
7.98702973
8.50756327
9.02773199
8.72692498
7.93433619
7.70132450
8.30586099
8.76415090
9.85404181
10.97057087
11.69871368
11.73152113
10.57530285
9.52027792
8.48540190
11.65851072
9.84497911
10.32228114
8.49433591
9.55860714
9.55289837
9.43906144
9.62739560
9.11067397
9.11389122
8.86498130
8.42335989
8.66088559
8.68895956
8.83387759
9.32668583
7.83918124
7.95444974
7.62142756
8.10626841
8.44355147
8.25847502
8.90328723
8.83602877
10.99321555
9.31641120
10.50853382
8.81567909
8.90830393
7.63389094
7.76487747
7.96091348
7.07263254
6.94804396
8.06985611
10.04788924
10.78866305
10.84119339
11.44975344
10.82923066
9.57636177
9.56637903
8.35299876
8.50256782
9.10214218
9.22859124
9.48535414
8.90164367
9.15732333
8.81920948
8.95819077
10.54033674
11.66478644
10.69855200
9.25432754
10.40648860
8.95232390
7.70022613
9.27505020
9.05181470
9.40402036
8.55776019
9.83002098
9.50579715
10.92127274
11.18126904
10.74234094
10.69453337
10.82781507
11.13124348
11.77883519
11.55350257
12.43643446
11.10820253
12.38511639
12.02165520
10.97725544
11.05108406
9.06584956
9.42174354
8.52531790
7.79730344
8.06467621
8.76341922
7.86055126
8.29710327
8.95427754
7.82345301
7.32895769
9.64865835
9.83625879
9.49842340
9.24628620
9.16238780
10.05528101
11.10828872
11.91133761
13.00546560
12.97575776
10.79193079
9.85155828
10.46992903
10.48931005
9.72507267
9.85404997
9.14604145
9.05685673
10.06061901
9.52509810
10.98532823
9.46907086
10.29039322
10.97269366
10.56774686
9.26105376
8.53404740
8.27296089
8.99205851
9.37696265
11.27470444
12.93118461
12.70720689
11.81428614
11.35735861
11.99834633
13.67229434
13.75885766
13.18298589
12.81042511
12.38580387
13.05245581
12.22293656
12.56207449
12.76715705
10.44551397
9.81740375
9.97872984
10.60368996
11.06245604
13.35332827
13.93315543
11.63984625
14.59406358
15.04796834
14.94548588
13.70214141
13.91223829
13.20147169
12.70545385
13.34275070
13.78559662
14.50240332
14.14041960
12.97288714
12.57013147
11.74469681
11.38138556
12.08919178
11.74848645
11.83850604
12.06092639
11.63438058
10.50712843
11.06755995
10.63187426
11.27039001
10.92033553
10.34820988
11.10566324
10.85777570
10.90759046
9.19292796
9.56023353
9.75914322
9.76272410
10.49378258
12.09655023
13.44256314
14.63705488
14.29313332
14.25866973
14.33903944
12.54491758
12.25526563
11.72253017
10.62985177
9.82598620
8.57963069
9.59588967
9.90098204
10.81741175
10.92969930
12.53350956
10.91695627
8.71079164
8.34011990
9.69982070
10.60498689
11.35839017
11.82173690
12.66524749
13.62984908
14.76819594
15.11969695
15.67802319
15.58121210
13.32274493
12.10431141
12.40304391
13.56401828
14.00679042
12.60510183
11.41432833
10.13702942
8.81083868
10.13515585
9.36429578
9.47731178
8.60205556
8.44391527
7.71253855
8.05308442
8.18398884
8.62814138
7.94860004
8.66374499
7.62278943
9.62286425
9.63261001
13.24075546
15.10607893
14.01138705
13.09448304
12.32145360
12.84527324
11.39948070
11.14582761
11.24350672
11.60648596
12.40461284
12.84294424
13.20862342
12.29755891
12.13561623
11.83153774
10.97353159
11.20366756
11.55193670
11.21088219
12.10210158
12.74499704
12.49148998
12.53346502
12.53954065
13.40864270
13.00573505
13.69045935
10.67831078
13.03867476
13.54324411
13.16096987
12.37447643
11.70102500
12.08086773
12.17543601
12.26484173
12.59262978
13.41465237
12.57113821
12.73157163
13.19572892
12.52386818
14.11813600
13.67311102
14.00385486
12.00271958
11.48577457
11.02555346
10.01973214
10.10943264
10.57308894
11.55321238
11.88256035
13.99602228
13.80916797
13.90035546
12.20265777
10.96422664
12.39468076
12.89053693
12.13613303
12.28004296
13.01883168
13.05531385
11.46083778
11.76257962
13.61967985
14.01084390
13.57293223
12.42224949
11.36482756
11.93327611
11.70768424
11.25645834
11.48609383
11.13879845
10.79045842
9.94877635
10.45665101
9.45104253
9.50499866
9.91416571
9.79495151
8.87188262
9.09733118
9.19447632
11.56704460
13.41849981
13.49083532
13.63930142
11.79294247
12.12874823
13.42612176
12.71624936
12.90595644
15.63112206
15.46135989
15.18803389
13.45188186
14.50773622
15.45575652
16.20089372
15.70483100
14.82923087
15.60706179
14.49486399
13.72377544
14.00523645
12.82568397
13.70107857
12.98635658
14.34585627
14.72463361
15.12747224
15.00086865
14.13672210
12.81971068
11.82947887
12.07967365
11.38990120
9.61955690
9.19406288
9.89425276
10.93403600
11.04668735
12.75927364
12.71796024
11.90170524
12.01686545
11.50032827
12.06919281
11.15834165
10.76808727
11.53281357
13.02857846
12.09143986
12.67189925
11.62534406
11.53874470
10.47620220
9.68394780
9.56334623
9.77415388
10.36611547
9.83560310
11.23205960
12.05317728
13.57061734
12.07461479
12.63536846
12.18497250
10.81951329
11.66950428
11.42605085
12.48771343
12.90465543
12.52783615
10.25095628
10.83614014
10.51908725
10.17388831
10.01806529
10.07550608
9.22994410
9.37539117
9.88060499
10.15681470
10.20860537
10.96735464
11.39517732
10.35689365
10.77786346
11.44462539
11.86483207
12.39205987
11.64623281
11.36746817
11.29417063
11.29819946
11.18163896
12.14902600
11.90471577
11.58426781
11.88958390
10.78152441
10.80475695
11.04164022
9.57513573
10.52871945
10.58356825
11.32438456
10.52492165
9.31927876
10.52141268
10.97831029
11.26446534
11.67620211
11.45867147
10.82224400
11.31936888
10.05653238
9.89120075
9.56249317
9.80137972
9.80206057
9.45361837
9.62221468
9.95237746
9.27299320
9.36073615
10.12950063
10.08573821
9.75881886
9.47631881
9.07789644
8.98539026
9.12497641
8.78204935
9.40038270
8.96731025
9.52228018
9.95339491
10.66560634
10.19894784
9.16736591
9.11851675
9.20990739
9.23939695
8.41341948
8.29474945
8.21318651
8.13775802
8.52195088
8.59819605
9.16502229
8.78423300
8.98011805
8.68876287
9.38759615
8.47295671
8.82962895
9.02653230
8.96638817
9.77152347
9.62147807
9.52670817
9.93229026
9.21455332
8.38608841
7.79114672
6.76381870
7.08733533
6.92307980
7.39171013
7.36680071
7.40632367
6.92819476
6.94786257
7.15593730
7.09839519
7.40663477
7.22593973
7.09774579
7.93656744
7.98548035
8.27116433
7.36487036
8.17079089
9.11208140
9.43953064
8.92828488
7.28734645
7.42645235
5.98451592
5.66351223
4.71933274
4.83964854
4.59596204
5.32692515
4.73661018
4.49906510
4.91895575
4.66389319
4.03291932
3.95102420
3.94119837
4.04975493
4.41748295
4.80486059
5.50009973
5.01924912
5.12457738
4.20956938
4.71334942
4.10990025
3.60197187
3.92755859
3.87673964
3.84009648
4.04563906
3.89917964
4.62063431
4.82943970
4.75171213
4.68590870
4.31053238
4.30315370
4.06806291
3.67999728
3.54848392
3.45553880
3.33174344
3.23723398
3.26052619
3.19284324
3.29299874
3.27414965
3.28670534
3.48470094
3.43671317
3.52525648
3.50501322
3.58282086
3.59670578
3.36174674
3.27312421
3.22594190
3.17950538
3.15829856
3.15058736
3.12454523
3.18256657
3.30549850
3.47079171
3.36658715
3.31730228
3.45051088
3.32625346
3.20981264
3.31694154
3.17864926
3.20852472
3.23830906
3.28996594
3.31338684
3.29626648
3.21891988
3.28700930
3.49338981
3.42705445
3.31862964
3.23656520
3.25181709
3.21874665
3.16900176
3.18114078
3.20472590
3.29312539
3.28056987
3.36220676
3.48103795
3.36480980
3.26531594
3.17938689
3.17644436
3.20086843
3.28805905
3.26328325
3.23711532
3.20619725
3.17118337
3.14652725
3.17845257
3.21799576
3.23548808
3.21658238
3.23955227
3.24783586
3.21846394
3.22769902
3.23687324
3.24420024
3.22836780
3.21250187
3.17995027
3.16843736
3.17798252
3.14610667
3.16156120
3.16188556
3.19087039
3.20718206
3.29411632
3.41738995
3.55778173
3.61647389
3.60320097
3.60236083
3.57562255
3.40920768
3.31093986
3.27722495
3.24537154
3.23299435
3.27842379
3.35137980
3.30866611
3.25793828
3.22029297
3.13650592
3.11975735
3.12470724
3.10624133
3.12755355
3.10960036
3.14498909
3.14832177
3.16162104
3.22395392
3.21357695
3.16960169
3.21120987
3.19652748
3.23821284
3.27922126
3.32221460
3.21920055
3.21226268
3.16654458
3.15565591
3.16549483
3.15608856
3.15497591
3.13459376
3.12274969
3.10440312
3.10827198
3.10110801
3.11098450
3.11574382
3.11682706
3.13935937
3.11841180
3.10788778
3.12362009
3.11403447
3.14182454
3.12950617
3.11035618
3.23670902
3.20598441
3.18147024
3.20090583
3.25086152
3.32732956
3.38983176
3.38766426
3.49552178
3.45471396
3.38457485
3.59804334
3.68627759
3.47388214
3.41678594
3.35699745
3.26605051
3.27721186
3.34904927
3.36825094
3.47014622
3.33272128
3.23254861
3.23688225
3.41322019
3.60262229
3.55868953
3.62575946
3.57685369
3.49133281
3.36216001
3.37483929
3.37693675
3.42592565
3.39942945
3.41211077
3.44749134
3.56771075
3.71429376
3.75454228
3.68421770
3.54425942
3.36031789
3.30915843
3.19926737
3.16414010
3.16783539
3.20283924
3.22630876
3.17241043
3.23878217
3.28976228
3.46897798
3.47178978
3.65456307
3.61186553
3.50263594
3.56717882
3.47147766
3.46216659
3.35670964
3.34863277
3.33881408
3.28700318
3.26456114
3.19258382
3.14161782
3.12421186
3.12012013
3.16355343
3.10745717
3.12229069
3.12835408
3.11254085
3.15539343
3.13804204
3.13527376
3.16124721
3.16203856
3.14843125
3.15613412
3.11411454
3.14111734
3.12993678
3.11473861
3.08538590
3.11971893
3.10940673
3.13325127
3.15891056
3.12700836
3.12448947
3.14951636
3.09896890
3.10412347
3.08582467
3.11211126
3.11316509
3.09874909
3.09637300
3.09582985
3.10365240
3.10735177
3.11066218
3.13882931
3.15569841
3.17829549
3.30382162
3.32426446
3.49479027
3.46288909
3.37325642
3.30270897
3.31637306
3.27519549
3.22566735
3.22790472
3.17604095
3.11672778
3.10299773
3.15629120
3.15790637
3.11104111
3.15868361
3.15741286
3.17127857
3.16868658
3.14525854
3.14763888
3.11738840
3.12422597
3.21317167
3.26229844
3.27206647
3.32219743
3.27100652
3.24853201
3.21611828
3.17761260
3.21456686
3.30600612
3.31591814
3.28915538
3.19507551
3.21164660
3.24020592
3.29473240
3.25987968
3.25204812
3.30983027
3.30177873
3.24447173
3.17665006
3.16875764
3.16554447
3.20086639
3.24656018
3.21991404
3.19514334
3.16794283
3.14844842
3.12799538
3.13939575
3.15273157
3.16042832
3.16182572
3.19199613
3.18892695
3.20572703
3.22675467
3.26132468
3.25769297
3.27254366
3.27522286
3.28802556
3.29465233
3.30347295
3.32003401
3.31233420
3.33247614
3.32774810
3.32672368
3.32221868
3.29509110
3.24586505
3.21230229
3.20376829
3.24570797
3.25208654
3.26669192
3.26789569
3.35345907
3.39374295
3.48881086
3.40982784
3.48795355
3.46809942
3.36215610
3.37392520
3.33078702
3.32969766
3.40255541
3.42770300
3.39812946
3.44633211
3.45489841
3.41695815
3.43409891
3.40894112
3.34952748
3.23390640
3.23741129
3.23105601
3.19159578
3.20261722
3.19421412
3.20982573
3.21721971
3.23880359
3.26536048
3.31639227
3.33740665
3.31231278
3.24028089
3.29329454
3.33403045
3.71016259
3.49514489
3.42957147
3.59134959
3.63809721
3.89909770
3.97250659
4.09770938
3.97076783
3.85707183
3.61424162
4.10030545
3.58476736
3.28128727
3.24844582
3.20916205
3.23104581
3.19216426
3.36277711
3.46611246
3.34225114
3.23205204
3.33316923
3.44235207
3.48954033
3.62589529
4.11839447
4.21425475
3.96388674
3.98116316
3.89729196
3.91300489
4.04604536
4.03120895
4.67344634
4.52199980
5.49611340
6.42338214
5.63704425
5.32265016
5.84301557
5.83696527
6.34078475
5.79517162
5.15259865
4.57163827
4.94460994
4.75198260
4.29403422
3.91033283
4.15946681
4.08145840
4.23076107
4.28994980
4.12599415
4.03372393
4.20737757
4.28537680
4.19473501
4.79867854
4.85084933
5.10676002
4.98627201
5.38818601
5.19577746
4.87749445
4.88814410
4.71100257
5.09583786
4.82805964
5.19456774
6.19789227
5.48813088
5.53576301
5.62576152
5.40895627
5.45997990
5.44410887
5.84485667
5.45674548
4.98484129
4.46298634
5.21021471
5.73907536
5.83260307
6.13568298
5.28769102
6.21782341
7.60082152
8.50991607
7.13120315
7.92408587
6.33762938
6.32907838
6.73972086
8.14513976
8.48267408
8.14184261
7.53328239
7.85547472
10.07437116
10.27284021
10.83470126
8.53927694
6.47559747
6.83555581
7.70237238
8.14241500
9.25052175
8.53710638
7.79691329
8.57661829
8.59700843
8.12792114
7.67039827
7.64550908
9.09424874
7.87688537
8.23301429
12.25403058
12.37113219
11.74927219
11.02394424
11.88911283
12.27270831
11.21559799
9.91043183
9.39402232
10.06256245
10.71037499
11.05821845
11.98644684
13.02452889
14.85934093
15.56627335
15.08157377
12.87084226
10.88900096
11.52258144
11.26274477
11.97849764
11.84487815
11.78025061
11.77900536
12.04261739
11.87595381
11.52593843
10.71567440
8.29232151
8.09447279
8.10155754
7.71300571
7.49173082
7.53790401
8.46082585
10.17369689
12.91663448
13.46891195
14.63008403
14.47833438
14.61808883
14.77738444
13.97369924
12.70665218
11.75671632
12.09640080
14.09323270
13.86919667
11.79242312
8.62813951
9.69974165
10.01537606
10.38182432
14.78501336
15.99190014
16.55053187
13.49562762
13.98814040
14.82835129
16.41984420
12.57569693
11.34179273
10.29188174
12.02911497
11.76927082
13.84045052
14.57032801
14.24453338
13.98472272
14.50874602
16.25548123
17.08319134
17.17191230
15.67003098
13.80652889
14.79678977
12.07032348
13.21390668
12.76053215
13.35186202
12.78696715
11.38373734
14.67502863
13.84255053
16.07527392
13.51817404
13.74069214
12.96913745
14.77705872
14.35821272
15.70019374
16.33290603
16.53993560
15.74304785
15.00863034
15.79316793
17.59871940
17.58892468
17.91998761
18.12766437
17.90380922
18.47611796
18.18208562
18.12213767
18.54395323
17.98116789
17.89052270
18.04800526
17.95482962
16.81649364
17.78690345
17.74905550
17.04625357
16.55776418
16.17541701
16.32367418
15.99706100
16.35883681
17.28093636
18.13991015
18.06066125
16.75987208
16.83755766
16.62543404
17.11665975
16.86556737
17.94605218
17.50935754
15.77035138
15.42179851
16.88651749
17.53104733
17.16590025
17.80759041
16.98561474
18.54815546
17.74745903
17.46705712
17.76396977
17.66885137
17.56353127
18.04693443
16.89027296
15.54209085
16.20320249
15.49971444
16.37501809
16.40512203
17.07629172
15.25868181
16.43521424
16.23717359
15.70367347
16.64386731
16.19096589
17.84062685
18.64577660
19.10085623
18.98354620
18.22326506
17.58500771
17.26945405
16.38998999
14.24659344
15.04843142
15.98567304
15.77170747
15.58503761
15.55545557
15.04098542
14.27139491
12.40408244
12.29600715
13.31976891
13.44684068
12.09033282
13.81911535
13.25413990
14.58636156
15.04124790
16.83170167
17.70887957
18.35956800
16.85365207
16.74418023
17.95506966
16.76973684
17.01053147
14.11986966
16.21810979
17.10987250
17.21617078
17.78510094
16.98431050
18.45717911
17.97156340
18.32288761
17.59256200
16.97262181
16.91232349
15.41391357
15.13104615
16.19873064
16.19388326
15.93459229
16.46639819
16.46242903
16.92637688
17.84360916
17.49946337
17.97392946
17.69736173
16.36105021
17.40972819
15.81175658
15.86857925
16.01389236
16.32839049
16.53568152
17.14059031
17.38574153
17.71422029
17.44582718
17.89782913
18.06018202
17.69142703
17.65797341
18.13072607
18.04752824
16.32596646
17.04935998
15.66055586
16.92775065
15.30357762
16.76508462
15.94741437
16.92819673
15.37415652
16.87048768
15.82920810
16.87528831
16.87825702
17.15747539
17.30760103
16.34416598
16.63958399
18.24650814
17.51780297
17.63783096
16.09155635
15.90149125
14.94830635
15.79196297
14.95868893
15.56674697
15.39973523
14.14725564
12.51238774
11.76519490
13.72420911
15.18767077
13.27488381
13.81249861
13.62010842
13.95556602
13.12156047
13.37035139
13.85914236
13.36045467
15.78663755
15.46906990
14.91941264
13.15124604
12.54746843
12.29809798
12.91501421
13.59377933
14.01595342
14.49664933
15.44648183
16.73801008
16.17208331
16.58730151
17.14897658
17.40831005
16.31815598
15.76782161
15.13819482
15.70115186
13.57135905
14.54387788
14.77870670
13.55815600
13.72038955
13.29212521
13.11843196
9.99931769
10.45258172
11.26051352
13.67727245
14.25823453
15.14671658
13.20867102
12.03135438
13.60514077
14.12512453
13.73868580
15.47885714
15.32520111
17.13270860
16.03798306
16.41444194
16.16710129
17.01265681
16.63173203
15.51449577
15.51210999
13.73583201
12.65132908
11.07750223
12.95857399
13.47201870
14.45676070
13.77412825
14.18216463
13.82965144
11.94005129
12.07948665
12.29186136
11.22509334
11.34192040
11.50828665
11.40912922
11.99838577
10.90484853
11.17673361
11.37775997
11.88902001
14.02493571
14.70836597
16.04994375
14.90895169
15.10025354
13.96993391
15.18318498
14.02869951
12.87478541
11.39817765
12.74544295
12.29985918
11.27112764
11.71834596
12.50166125
13.32911908
12.05669084
12.44638490
13.12724850
11.70572601
10.41675813
11.20125288
12.31244547
11.93301261
11.38071270
12.08172657
12.03388449
13.70493553
13.58131306
15.87194882
16.06542038
16.11044590
17.17792741
13.81201020
13.20549542
11.03371125
10.47714553
8.82969083
9.17019097
9.20637921
9.98288532
12.35446930
12.04078700
12.03242844
12.12540025
12.81876174
15.15319698
14.34198248
16.58523261
16.86954044
16.97019030
13.77501803
13.42774696
12.18823837
13.22300338
12.93717150
12.38730820
12.25174612
11.61889460
11.29047823
12.99486712
14.20244393
14.95518812
13.91768101
15.33120721
13.10928256
13.08210279
12.98720012
12.47133529
11.86659310
12.56746604
12.43008615
13.60254470
15.27200488
14.93078020
15.63636690
14.71730661
13.96081528
15.80876407
16.16749603
15.82323447
16.44536647
16.18334292
14.99785166
15.63115708
14.94827235
15.09581756
17.00093922
14.73889559
16.35885075
13.57041164
14.87690312
14.32336102
15.43237965
15.66878675
16.91760216
15.50027697
15.97103281
17.24866220
17.33949898
17.41155994
16.62038759
17.80945480
16.35533838
17.57665068
16.41596871
16.75675547
15.48462473
15.84605867
14.44760059
15.52453631
12.90110141
12.36001351
12.76393232
13.86029003
14.13970713
15.53668451
17.13899248
17.27938392
17.15410463
16.79772530
16.78596317
16.31405490
14.39578969
15.65447513
14.19920747
15.73354791
15.64262239
14.95935720
14.24792539
14.75411297
15.53257408
14.25827091
15.73919701
13.86932332
14.45767462
14.85219379
13.75961722
14.07580328
16.29507389
15.31229947
15.56071792
17.47023459
16.48125942
15.28512633
14.27565936
12.80691903
13.52714307
15.62950485
14.71817599
15.10418768
14.17861061
16.38872196
16.83716734
18.11656320
17.14147703
16.73918546
16.67216636
16.26997305
14.84457439
15.15760933
14.42362294
13.79647560
13.47600486
12.33667863
12.51475635
15.20588899
13.23422185
14.56109344
12.29013263
15.00330866
15.73608567
15.13168654
16.43622115
16.72971459
16.22371809
16.11639862
14.47241328
15.07564315
15.24035054
15.19050382
16.18440984
16.39196080
16.58911252
15.06489473
14.91523047
14.96641815
15.12154009
15.13798963
14.58295850
14.81248944
14.46159295
14.24267052
15.33311274
15.56670906
14.61130600
15.35483279
14.59841252
13.53815346
12.58306558
13.66571704
14.95214308
12.53636454
14.84661014
14.87426047
16.75735863
15.99622120
16.93675589
15.81827557
15.17908271
13.95527175
15.22016304
15.53295012
15.37299950
16.23966001
15.99716079
16.65902366
16.14698094
16.32330001
15.67652107
16.69577426
15.60238645
14.93139526
15.46707835
14.95434288
13.08003066
14.21114844
12.79611145
11.73586038
13.74678749
13.44468950
14.58063851
14.68602474
14.78253340
14.59064063
14.64686150
14.77343211
14.63505670
14.65618209
14.54524281
15.69034224
14.36399000
14.04520991
14.72095702
15.05014740
15.82183469
14.64276178
16.80133627
15.83839745
14.63661458
15.88476512
14.33115569
14.04534914
14.24362711
14.62748048
14.28181098
14.86062273
13.29349660
12.97187632
12.52306969
13.64639127
12.38739167
11.67021318
10.23948196
9.80459578
11.02076473
11.70436822
10.62735107
11.57410963
11.11303478
11.21286507
13.30986675
15.77404820
15.51467716
14.09900590
12.54675715
14.10658212
13.92923642
12.97700658
11.39388124
11.98265159
12.34270513
12.47513513
12.70402874
14.49496939
12.13745172
14.16639339
12.97322051
15.38206475
15.36167393
16.42460879
15.68164113
16.90540279
15.60057629
15.41667675
14.94463673
14.93425568
15.76561280
15.60304571
16.05209544
15.71543611
15.53187351
16.54229775
17.31155557
16.40663588
15.15254486
15.26023816
14.12289379
14.47785719
14.89232518
15.07373660
13.34521791
13.15439274
13.87535594
14.22649094
15.55642627
16.36614511
17.05492017
16.25232926
16.78562827
17.87074728
17.66187168
17.15074033
15.87382120
15.68812459
14.41472582
14.38407873
13.40821209
12.28227472
11.70995850
12.09730214
11.52084880
13.10575931
14.27787531
15.28979555
17.64406605
16.20880365
16.58664650
14.20005764
14.32463262
12.71206906
13.97521649
15.11216833
14.16373102
15.44022345
14.34741823
15.11843232
13.77427972
13.58995569
13.38585760
12.92048991
11.68466505
12.43920325
12.18960075
11.52005286
12.74670809
12.21547628
11.28415440
11.37167125
13.32874304
14.77996011
13.58123707
11.82739960
11.46235979
9.83825187
10.27531660
11.40824250
11.57824182
13.46467198
13.80198394
14.49381322
12.21640040
12.31733161
10.33654295
10.16481745
10.97432413
13.12447512
13.51935707
13.56133313
14.63529538
15.78637082
15.26697203
16.02591714
16.06473715
15.20395558
14.66633313
16.60651712
15.03725494
14.09001001
14.68577637
15.51008240
15.49956909
14.24119067
14.60717075
12.57924245
13.63342180
13.51665560
15.12291046
12.88828392
12.88393430
13.40974668
13.60841055
13.93340006
15.25888547
16.10439237
16.12704929
17.22601531
16.30756362
15.56393262
14.33032167
13.67890547
14.96872692
16.94390150
15.93310105
15.56221460
14.42861737
12.21909881
10.20059735
10.04707851
11.77443134
13.72266381
13.86092991
13.84123116
13.29690425
13.02915952
13.06963601
12.62432424
13.25040092
13.42203972
14.17136147
13.49169858
15.18740778
13.84302670
14.01187189
12.15084177
13.09771338
14.84554373
13.58329390
13.92079796
14.04348679
15.59755573
15.53840457
15.69229384
15.08745186
15.70746056
15.18492374
16.07797947
16.90201843
17.25336508
17.10624657
17.61088052
15.96905367
15.95916817
13.38200047
14.60882400
14.89201816
13.61978321
14.97939578
16.03045631
15.29287493
15.64254181
16.69153174
14.42024011
15.39612188
14.84310372
16.09166974
16.01046482
15.62113473
14.79001034
14.53985466
13.22250834
11.64612843
10.69596120
11.11440277
11.66747074
12.51604223
13.97647857
13.58043501
13.19476332
13.90519502
13.17853206
11.73051337
10.98021531
11.31431359
10.79469703
12.74556399
13.27509852
14.93230561
15.61179629
15.70708265
14.21022738
15.87780583
16.41019500
17.25278368
15.79061963
16.27150968
17.17471509
17.49222885
16.83121989
17.39241981
17.01370571
17.27446089
16.63395597
16.18631588
14.85908508
14.25819152
14.52102189
13.39615909
13.02241817
13.02700936
15.64122856
15.89164264
15.28482237
16.60995724
16.97615679
17.00779430
16.41252638
16.27985906
16.70658405
17.16356717
17.28076228
17.10158925
16.40836733
16.73806890
17.03428693
15.92699788
15.78998417
16.55327380
16.06376849
14.61648641
14.14160110
14.13179142
14.53174889
14.64044485
13.74023365
13.04030965
12.61693281
12.28042087
11.31193138
10.34721793
9.49702005
9.63261001
8.53330977
8.44872831
9.44600050
9.19583309
10.56712976
10.27950149
11.89214801
11.28806253
13.38183591
12.65102920
12.98437812
14.98377566
14.83309701
14.12548935
13.22764013
14.01889391
15.34954256
14.42321817
14.01200874
14.27766519
13.50104008
11.35628965
11.33924732
12.45191483
11.31207027
11.20922639
11.44996730
11.97935393
13.19039755
12.78372304
12.01529499
12.53957414
12.84437496
11.74193754
10.93280588
10.21661322
10.94038125
9.36118699
9.07739290
10.29015607
11.07556474
11.22895404
12.02092165
9.90565823
9.68660252
8.59639439
8.05526705
8.92471709
8.04946495
8.33723007
8.16068949
7.89269350
7.43224119
7.94998027
8.27712844
9.20632141
10.05830157
9.18584304
9.85088032
8.46483530
8.46663186
8.46664410
9.74586112
11.72584313
12.57898099
12.96441604
13.85344736
10.56152027
11.40638814
12.64053204
13.31405045
12.68990004
13.60665870
10.88387274
12.44073019
13.48013042
13.59055154
13.98632667
11.34078446
10.19387929
10.33280193
9.48700790
9.14185367
9.69578592
9.78909977
9.30790168
9.52765048
10.19366050
10.55450743
10.23043031
10.52088976
10.55101359
8.87742122
9.05205474
8.84463264
9.27242472
8.49427522
8.58826992
8.42339219
8.13820393
7.93423283
7.63807362
7.33979978
7.46705549
7.79739456
7.61231012
7.38951526
6.86053000
7.46311693
7.22790748
7.23412897
7.97488561
8.38011206
9.33071058
9.13370489
9.28677068
9.54282026
8.14765168
8.76438295
8.31661383
9.17881609
9.04542695
9.34038137
8.79633870
8.38742988
8.30439066
8.21159871
7.70651766
7.51389627
7.40836537
8.54211203
7.44563379
6.79695085
6.37375897
6.43438131
6.57243967
6.38768945
6.29265911
6.22750525
5.83758135
5.35316108
5.26142687
6.60924195
7.08800904
6.07414655
5.81031505
5.97737626
5.45302469
5.33327550
5.13497271
5.60217130
5.39164534
5.10108151
5.13902585
5.79246607
5.20593360
5.54155491
5.31295608
5.66011257
6.23555271
5.86441500
6.14461393
6.35523118
5.30869027
5.89766377
5.18418057
5.38614329
5.61638058
5.24427302
4.92461590
4.34145266
4.73745831
4.47569384
4.18008084
4.15582507
4.34595256
4.31121136
4.03933750
4.03448587
4.33388953
3.94226325
4.14177899
4.48938428
4.21465493
4.26098316
4.16690023
4.58709977
4.23209863
4.28192053
4.11251451
4.26311105
3.97056315
4.04575449
4.27862032
3.98347431
3.93557154
3.95240018
4.02454665
4.03172575
3.88531189
3.86350208
3.87628370
3.98621233
3.82063233
3.90371711
3.83183822
3.79561649
3.58093216
3.75050121
3.63945092
3.57672296
3.64882676
3.74529105
3.69915645
3.72054874
3.80462666
3.68953428
3.68425816
3.79503288
3.77084494
3.84263067
3.89871758
3.94983046
3.81622559
3.78802497
3.78217833
3.77620606
3.68964376
3.83385153
4.03861704
4.16834200
4.23683772
4.30608824
4.15064415
4.10020209
4.15375583
3.89223361
3.89579035
4.04242487
4.08118997
4.13505889
3.92480850
3.88986466
3.74083756
3.78468328
3.65953217
3.71879179
4.08888281
4.40812938
4.38729333
4.29627057
4.11441426
3.81345425
3.74202518
3.68024055
3.62997988
3.57381681
3.51445587
3.67278180
3.74347817
3.67307250
3.49709139
3.39131314
3.34277916
3.30767501
3.34289969
3.35718598
3.38113065
3.34784958
3.35460912
3.40869802
3.34708951
3.35126131
3.35345499
3.48525922
3.59358594
3.61877807
3.53928828
3.41045497
3.46250710
3.54791034
3.54509344
3.61090078
3.73360984
3.71715027
3.70996505
3.64364295
3.59677973
3.63372396
3.64321523
3.64550326
3.67126489
3.69120317
3.82675046
3.88714194
3.97280052
3.97034844
3.88841558
3.84359831
3.73214172
3.70979590
3.53278612
3.48919081
3.63063744
3.52479952
3.47237645
3.45636466
3.45923528
3.45196489
3.40886411
3.41061511
3.37839382
3.33382781
3.32937041
3.29986776
3.27888279
3.20519918
3.21922486
3.21432767
3.22464089
3.23112690
3.27935488
3.38503997
3.43353247
3.45344338
3.54379243
3.71783826
3.72203522
3.63279984
3.60253015
3.54674108
3.52286713
3.57240020
3.50431911
3.41710622
3.34908769
3.31787365
3.26844904
3.17904944
3.13534159
3.17238204
3.12283979
3.09509630
3.09955778
3.11110299
3.10179090
3.16276803
3.12368588
3.11189230
3.09501011
3.07543053
3.07647518
3.11423405
3.12288739
3.09324602
3.11249223
3.07419327
3.09606802
3.08036206
3.08771252
3.17160786
3.10946861
3.15038574
3.12073825
3.13341345
3.14413484
3.19177020
3.21266592
3.18803411
3.18012656
3.16708875
3.13296856
3.09712984
3.09212028
3.10547429
3.12445088
3.13623936
3.17530230
3.19307937
3.23326601
3.32454003
3.42409883
3.47228227
3.56906157
3.57242655
3.49720087
3.43605952
3.41356274
3.36745551
3.28882303
3.30810171
3.40167906
3.47336143
3.48100157
3.47323682
3.43565118
3.36925207
3.39825101
3.40280871
3.37938883
3.31045349
3.22717202
3.21797451
3.28214254
3.27716324
3.26596959
3.21493882
3.19151775
3.17807976
3.14871396
3.14749285
3.14511676
3.18537021
3.19135166
3.29041491
3.25503723
3.24925043
3.25435230
3.28679748
3.33157429
3.35197259
3.28287711
3.27359341
3.25627347
3.23244627
3.19048840
3.13515017
3.11079087
3.14148216
3.10987083
3.12141519
3.12440736
3.14250250
3.20535116
3.20344614
3.22362871
3.25263173
3.27668588
3.28186578
3.39671387
3.45785726
3.48991943
3.41674140
3.33282668
3.29767306
3.33503770
3.38609278
3.40761580
3.40327077
3.33383597
3.28730306
3.25774567
3.26791898
3.26181207
3.26296110
3.21954412
3.21947731
3.25221319
3.24535335
3.22065575
3.19848520
3.17178823
3.16825699
3.16330710
3.17637024
3.18912041
3.20819645
3.24385565
3.35757001
3.36329595
3.38975169
3.46165200
3.61774243
3.79743226
3.70681784
3.61332260
3.52334143
3.51233104
3.41530660
3.40114696
3.34838457
3.27251425
3.24977930
3.22914096
3.25805082
3.29196718
3.32907138
3.32334850
3.27258021
3.24342810
3.25392169
3.33325321
3.31073008
3.33087406
3.25750767
3.18297083
3.16485546
3.13423710
3.10063184
3.07675585
3.07479830
3.07564541
3.08665971
3.09569300
3.10529188
3.12427357
3.09023141
3.13204852
3.18939802
3.18352010
3.20334380
3.18121184
3.14461509
3.14999763
3.14873521
3.14697707
3.15422604
3.14930267
3.14629418
3.13743412
3.15128759
3.16255128
3.18687505
3.21868579
3.29614901
3.34054077
3.34583508
3.35730447
3.35718598
3.38525077
3.37769257
3.36123198
3.39115504
3.46545677
3.48779154
3.51879376
3.55065023
3.59757516
3.68223057
3.68180914
3.61938599
3.57973536
3.57166563
3.52508920
3.49744703
3.50109880
3.44579100
3.37989152
3.40618814
3.41238022
3.38567526
3.34813127
3.33129974
3.28243834
3.27054548
3.22481106
3.18315528
3.15428282
3.15406403
3.16813034
3.26056172
3.29732949
3.34186609
3.41027664
3.51802060
3.58076386
3.70158320
3.81496198
3.78533880
4.03116934
4.00859453
4.23772121
4.21556596
4.34985270
4.40700262
4.20203260
4.26647603
4.70479213
5.06182817
5.05395700
4.25907916
3.97525872
3.68554404
3.55584033
3.46211797
3.57811118
3.79304371
4.06957574
4.23126665
4.20637542
4.28941260
3.92768320
3.51925684
3.38720730
3.30599303
3.40343499
3.32522411
3.35872907
3.28239074
3.23048447
3.21719030
3.26603640
3.36764387
3.52785544
3.36487763
3.33053355
3.38834936
3.45620146
3.39266685
3.46860194
3.56660932
3.71365031
3.62791268
3.48878349
3.53403953
3.66185556
4.17965839
3.70264910
3.80305399
3.81733518
3.80154320
3.73298883
3.87030633
4.11047774
4.49729302
5.32731020
5.20305091
4.87885326
4.70437070
5.11901651
5.13846043
5.03333974
5.37596488
6.82479362
5.80729143
7.15213440
6.13515394
6.77942725
6.89395812
7.51472111
6.38683333
5.73300789
5.32166535
5.80284712
5.03791376
6.11536475
6.21486252
7.86526298
7.23606952
7.48021298
9.19637318
9.12619548
8.92600501
10.08526595
8.41571363
10.39178190
9.10559947
8.01776964
6.68930413
5.86954220
4.87674050
5.83691767
5.33485820
5.31135417
5.81166978
6.23987428
6.49735254
7.15421673
6.72517515
6.46703933
6.45993010
6.81237597
6.24570885
5.66208236
6.45634922
4.91763043
4.60341773
4.80426474
4.31773477
4.29000641
4.51917372
4.81855409
4.18963909
5.23686000
5.29271486
6.35061466
5.38349350
6.38046989
7.36487852
6.71806201
8.70377761
8.98974532
9.42910709
9.57471430
10.16510424
9.62285915
9.72893524
10.76981396
10.21459073
10.29286247
11.22808653
11.03875345
11.10463270
10.38629396
10.93646598
10.43602270
10.81885760
10.66164840
11.75916687
11.09446041
11.12009029
10.03200291
9.47676761
9.22977172
8.83500027
9.37406874
9.67411177
10.00708652
10.19669432
10.30073874
9.88842040
9.70029092
10.38226411
10.45338106
11.62300554
10.96167732
10.67246108
9.96708722
10.07666531
10.84409444
9.95565234
10.87558915
10.20809877
10.08996356
10.51705762
10.45099086
12.42886827
13.01654977
13.84151540
13.64183306
13.57473321
13.07040407
12.66247156
13.58143206
12.93800399
12.06553730
11.36495319
12.67362730
12.51389700
12.57004783
14.35022850
14.02438695
16.02888755
15.61219001
13.60970051
14.85980860
16.25743028
15.80458632
16.12904135
13.41561916
15.32041680
13.80577953
16.09068850
15.43872779
15.65308487
15.27007810
14.73401965
16.84845194
15.47554673
17.59619473
17.51749391
17.81830806
17.79413508
17.23925389
16.46150049
14.81293382
14.62556237
12.79131150
11.40974428
11.78817142
10.55011888
10.84745041
11.08991189
11.07154815
12.86437308
11.68254634
10.89868280
10.31908208
10.47381387
9.35758078
10.46885599
10.51107617
11.81011706
12.13951484
13.12331351
12.14677843
10.50118659
12.07788015
12.47200407
11.90585681
11.86733736
11.33052802
12.30721610
12.43670901
12.89721589
13.65614723
13.63316493
12.31857635
11.20756770
11.90163894
12.69366486
11.78730204
10.79048579
11.51675503
10.55069637
12.85190307
12.66198366
11.72045600
10.81017179
10.79053951
10.01383178
11.40927406
10.93698363
13.42001825
12.33070840
11.43755866
12.06511332
13.62826026
13.99377879
13.38679736
13.78906955
12.38765007
11.56173040
9.80477513
12.31650524
11.69901815
10.90057150
10.98421762
12.60238370
13.03655945
12.09939807
13.12924464
12.95346651
13.72188623
14.22097172
13.32678141
14.70598274
13.83136589
13.04138830
13.85363827
13.20296837
12.38173662
14.38314237
14.39907171
12.42901719
12.12982739
10.36222757
10.17802458
10.54929914
10.86566404
9.13590469
10.40672983
10.76755840
11.75240070
10.28059374
11.38820290
9.61619685
10.70940633
11.82165275
13.87140973
13.34917585
14.89109149
13.97001840
13.67719357
15.31098010
13.80647976
13.64395942
14.61135870
13.00468989
11.55670911
11.81180975
11.31616387
11.87686739
12.21074229
12.29717386
13.84799223
13.77350724
12.65719850
14.17645637
14.06304410
15.78588071
16.84052620
15.33446288
16.15180469
16.12366867
16.63496849
16.93263254
16.15717193
15.15964338
16.33409756
15.39831216
14.18354469
14.30247431
13.28383397
13.13442454
13.16945202
13.50478263
14.80615490
14.22297653
13.82628986
13.38573945
13.99208049
11.55640209
10.64478746
12.27019435
13.48897892
13.56413133
10.07394157
11.65414461
10.87404181
13.39792318
12.83558783
11.45595283
13.64979042
11.60963980
11.67070261
12.57935737
13.12663497
12.71277643
13.56688040
14.41600813
15.04354290
14.18957935
14.55265685
15.60435386
14.74159128
11.32810331
10.65691237
11.80821255
10.50027369
10.68215108
9.91366013
10.40570133
11.36796576
13.35372046
14.64865602
14.58894437
15.36697861
15.15858853
15.54997664
16.28540123
15.39319907
15.01407884
15.12808135
13.60106944
13.39970308
15.09409699
13.60342428
13.45684688
14.55892356
14.75378164
14.24668116
12.63541861
11.68054510
10.57932148
8.74003487
10.68257676
11.71340321
11.18526438
10.21426654
10.18925784
12.75706483
13.64419045
12.66842411
12.15263170
13.01414427
13.98244285
13.19680349
13.63205755
14.21119349
13.45311198
11.94201972
11.91818334
12.25045412
13.12508219
14.12473200
13.06910510
12.08354931
11.29556395
11.20820605
11.27039001
11.06429612
11.10158069
11.72966473
10.91705759
11.05560623
11.65006869
11.53027377
11.20530704
12.95337998
11.53137469
11.30475228
11.22158335
11.75864293
11.20021945
11.58827080
11.98669810
11.55128662
10.97201485
10.80742578
10.19934802
9.57168150
9.06844257
9.61427466
10.23626590
9.98678138
11.12361354
11.90721103
11.95397633
12.52040783
11.06491934
11.20392392
10.68116321
9.56815434
10.27323427
11.04612091
10.00225920
11.35111179
11.68049597
12.73540445
10.63251771
11.06256943
10.31228514
8.62359694
8.93195790
9.23679187
10.95096392
11.96067773
10.16356200
9.44689929
11.65935834
10.74022019
10.08813147
11.24964814
9.69860690
10.57111711
11.92256169
13.57948760
11.55198379
11.38400492
11.17807015
10.48919751
11.34407872
10.14321538
10.49254736
10.48900796
9.39481163
11.59616220
11.50625243
12.02820819
12.68062195
14.13465099
13.92660295
14.22200923
15.87755695
13.43419149
14.36957212
12.96861657
13.05580430
14.18444195
13.58691949
15.92074868
14.35815186
15.92823684
14.21124364
16.08486719
15.50069228
16.84721570
16.80391976
15.81881991
15.78003611
15.36962517
15.70161596
15.79435453
15.67514407
12.42445133
12.63276678
13.08756047
13.70576241
13.04252118
12.99763744
12.20497215
12.39834324
12.03762806
12.48721380
12.42820918
13.53141704
13.73955773
14.81919237
14.42121999
14.69930412
15.57582803
14.18432737
14.00990516
14.39899266
15.65298814
15.02798195
15.18261293
13.63397566
12.40939358
11.58932718
11.83807849
12.35292961
12.40573263
10.74438264
11.09688121
10.86924305
10.33251820
9.65801481
9.73184751
9.71518411
9.82732665
10.44019535
9.63681819
9.09662092
8.97768314
9.74993551
10.71203878
11.40348726
12.03736405
12.54379184
12.69806803
12.98682374
11.15342015
12.44835520
13.69733857
14.16780490
14.33222057
13.31593728
13.44901073
13.47505439
13.63838597
12.95671827
13.74080213
13.72869439
13.57597659
13.72927953
12.90241347
12.69122196
13.62540375
14.47958626
15.14387129
15.51590779
15.43351253
15.28257191
15.35821409
15.04609630
13.97029414
14.72154012
13.63504921
15.14252200
13.58258772
13.26215387
13.30317657
12.98658761
13.12930550
12.88876111
14.62883113
14.54466974
15.47594402
15.90400470
15.73296175
15.60019277
15.63896229
15.86537951
15.66777593
15.47823460
15.45698715
13.86669597
13.45706465
12.40244398
13.02968193
12.08807165
12.06842764
11.50339099
11.73357354
11.99348008
12.55562129
12.70897761
13.67143499
13.88243168
13.30116462
12.52558671
11.51632697
10.40316306
11.33179877
11.06342674
11.50171190
11.87114638
11.32479392
10.49305005
9.20553618
11.71765746
11.59309047
10.58441638
10.81805010
11.78405453
13.01209339
13.47957724
14.20082264
14.43093379
13.46357004
12.44143603
12.06977591
11.52625752
7.76164407
7.98446715
8.10347786
7.08430151
6.88305517
7.36012413
7.86855622
8.12847432
7.77348015
7.67716189
7.74687039
6.81109519
6.12410122
5.82913167
5.92605173
6.06804457
5.39765722
5.30139472
4.89771646
4.57683942
4.79978507
4.60949931
5.03761881
4.89931854
4.90457239
5.51855952
4.87766870
4.90482569
4.61580002
4.74497384
5.48057982
5.13437380
5.09215566
5.04262140
5.25790770
5.46270772
5.11788686
4.65955836
4.02003961
3.53406588
3.54263014
3.45476564
3.54701461
3.44895147
3.55845255
3.61004959
3.55570552
3.60698245
3.71267961
3.59071532
3.44517900
3.36174674
3.32616030
3.40212684
3.38266269
3.40793591
3.41160502
3.39697533
3.35356855
3.37641485
3.42938413
3.47226901
3.44527930
3.50701038
3.43363481
3.54810176
3.57389688
3.69925879
3.59620428
3.63705154
3.55034321
3.60562568
3.58779914
3.56362837
3.53197556
3.49582676
3.51359261
3.62397922
3.58134254
3.59147420
3.60282799
3.61180875
3.63979449
3.63502701
3.66286791
3.58708174
3.53851121
3.49606187
3.44956347
3.37747888
3.35956411
3.33999150
3.38897241
3.33645822
3.29771658
3.29522183
3.24064775
3.23377465
3.24627237
3.23147744
3.19161924
3.20450813
3.17427686
3.18761472
3.19440061
3.18792174
3.19791468
3.20716285
3.20980448
3.21664307
3.22838599
3.24896058
3.24591877
3.24737686
3.25611231
3.22384750
3.22457408
3.22535931
3.20884381
3.21222120
3.20825816
3.24216347
3.27954137
3.31696891
3.34693957
3.40184719
3.41909012
3.42872742
3.44971341
3.42734328
3.42275413
3.42091405
3.40936969
3.29311026
3.30763251
3.30592418
3.32496877
3.43356375
3.43126161
3.33337986
3.27743677
3.27247481
3.27625119
3.29025579
3.24981279
3.25414762
3.27199541
3.33066632
3.37471366
3.39313911
3.38578168
3.37195541
3.42209147
3.37806657
3.36261612
3.33106361
3.30074224
3.25675474
3.24623191
3.23004672
3.26651359
3.28189927
3.31306979
3.29201172
3.27957690
3.25669388
3.27745700
3.27018474
3.31506899
3.32784840
3.33853953
3.36054484
3.38891070
3.46329539
3.44762921
3.41241167
3.37712222
3.39760756
3.38346016
3.37610171
3.34439127
3.32745026
3.31943323
3.29713892
3.27073401
3.24277054
3.21983703
3.19408135
3.19711721
3.20370964
3.20177215
3.19109632
3.18281681
3.16834624
3.16114181
3.16155916
3.17444720
3.27176251
3.39333665
3.47503831
3.50376185
3.44932241
3.36351695
3.30402630
3.21404700
3.14723955
3.12753434
3.13026811
3.13140405
3.12289963
3.12446516
3.13141425
3.15729539
3.20397212
3.22695935
3.23505645
3.21548588
3.17706945
3.18392742
3.19030803
3.20365796
3.18516060
3.18973139
3.16543397
3.16324539
3.15225727
3.15576930
3.17584035
3.18995528
3.19820555
3.21694907
3.22129002
3.21545647
3.19358801
3.16531038
3.14131896
3.13537610
3.15829652
3.19611914
3.20768679
3.18833824
3.17589815
3.19781846
3.17890664
3.18558509
3.17890664
3.15416637
3.13844426
3.11590804
3.12482488
3.13810579
3.15808980
3.16884264
3.17752148
3.18615153
3.22151493
3.27220009
3.46934977
3.68318104
3.82837685
3.96735508
3.99643732
4.16540661
4.13518962
3.96625773
3.73269490
3.58011327
3.53453712
3.33372241
3.17844849
3.13728010
3.17415735
3.23728872
3.23108933
3.19834019
3.17232118
3.12709251
3.11529995
3.09456318
3.08176762
3.09356919
3.09840059
3.10270397
3.12005434
3.11373051
3.12532332
3.13074938
3.13678965
3.12060956
3.12316500
3.11914739
3.12460082
3.13453001
3.16064116
3.11086890
3.11368070
3.10760218
3.10705291
3.11012617
3.09849987
3.09942603
3.10671954
3.09347705
3.08086271
3.08520655
3.08419947
3.08414575
3.08392288
3.09534246
3.10818987
3.12964608
3.12121357
3.14239710
3.14414402
3.12904105
3.16460913
3.15420989
3.14287327
3.12636797
3.15087211
3.15754869
3.14988628
3.14166151
3.13953872
3.15382994
3.14057725
3.14618062
3.13068767
3.13778670
3.16682627
3.22889259
3.17686273
3.22620234
3.19969390
3.29480839
3.31075745
3.30810868
3.28960418
3.28517109
3.30484910
3.24152019
3.24257895
3.22041350
3.21990384
3.23867983
3.22632593
3.23128092
3.19126054
3.18800878
3.19995944
