0.40358339
0.48832495
0.85343122
0.19627478
0.56824732
0.55049047
0.32091560
0.73270727
0.78779861
0.48113180
0.35465750
0.35107994
0.47918617
0.30818968
0.33048933
0.36229530
0.96923625
0.89894772
0.65794396
0.42181315
0.21846440
0.34447063
0.50268360
0.36730096
0.35114171
1.09611059
0.57313860
0.30130513
0.37023381
0.52814426
0.41007701
0.42677957
0.54733145
0.44834134
0.20713121
0.45455424
0.76279717
0.68147403
0.28737917
0.54437294
0.63566363
0.70337057
0.58823236
0.34772796
0.52083785
0.55954106
0.37046748
0.63932574
0.58534216
0.47019303
0.53261175
0.12001091
0.07215694
0.16935553
0.58965655
0.23965780
0.44253077
0.30465989
0.82943238
0.24214763
1.02987993
0.23649043
0.53076255
0.47214770
0.35381987
0.64887662
0.57040875
0.46745333
0.43886496
0.80072731
0.34671056
0.56267693
0.67487415
0.45992497
0.23416460
0.37386242
0.30963911
1.15481732
0.48674956
0.63809222
0.11597264
0.46721659
0.55066624
0.54436195
0.80377424
0.08443369
0.38683533
0.50096302
0.24726123
0.53268643
0.22930827
0.35814136
0.17759734
0.48749924
0.43530043
0.38043177
0.64233889
0.20468220
0.36613205
0.74838374
0.71372153
0.72408113
0.34730545
0.21308281
0.41325767
0.30959675
0.34421491
0.34773484
0.33158135
0.24155983
0.76994249
0.48746488
0.56702290
0.34089421
0.36841478
0.40758212
1.12243799
0.24715968
0.50021657
0.82137958
0.64636577
0.61238009
0.43579170
0.91282407
0.36130856
0.49534402
0.32608937
0.53682681
0.17003198
0.78351670
0.40088019
0.22460225
0.84157499
0.54115659
0.26132530
0.40001599
0.52909111
0.59605258
0.39525756
0.26563529
0.53358214
0.72504864
0.56401737
0.79857460
0.18414236
0.15038651
0.79176844
0.37975215
0.27781993
0.37038014
0.37447138
0.37126998
0.39157312
0.43304429
0.23390355
0.35014268
0.64968494
0.59662744
0.30257653
0.47842777
0.33502760
0.56061794
0.38727258
0.32937469
0.51246137
0.44360180
0.33016464
0.46817105
0.29274150
1.07938671
0.13657659
0.58494501
0.23255958
0.81506835
0.35817045
0.35617532
0.59469792
0.48888742
0.39652106
0.40917298
0.44322004
0.56986402
0.61417225
0.74009769
0.34926292
0.71735999
0.46076514
0.32548306
0.40566725
0.34420174
0.55202719
0.57845451
0.35649364
0.31733975
0.37365939
0.42826422
0.69163779
0.36662506
0.29261226
0.40169687
0.23791256
0.65698463
0.54327667
0.42471011
0.24096960
0.41720452
0.37608520
0.44072887
0.62975991
0.75699127
0.34961144
0.75696726
0.46955497
0.19500638
0.35732505
0.43776086
0.71042610
0.88495691
0.30987983
0.43770324
0.45588372
0.68137907
0.52834084
0.30117450
0.83467052
0.11676323
1.01397241
0.70622720
0.60581556
0.43876259
0.87609963
0.89447331
0.17670447
0.34066521
0.36884447
0.40998228
0.56142582
0.71466762
0.70118560
0.26631147
0.14251154
0.56749858
0.44965297
0.62977165
0.30841520
0.41372415
0.06860898
0.69630879
0.48309677
0.79736108
0.53857405
0.46681240
1.13088100
0.19639296
0.67679848
0.39093544
0.83815835
0.58126716
0.59226966
0.57542279
0.18097590
0.49938794
0.38156698
0.21124646
0.62703935
0.54593424
0.52658116
1.02276844
0.36589599
0.46874948
0.27239455
0.52540436
0.80567975
0.27687174
0.18538632
0.48200449
0.61114100
0.31484098
0.51090560
0.52019605
0.47970387
0.54788138
0.39739684
0.38381329
0.64209375
0.70701254
0.34104404
0.67129822
0.25067050
1.04288382
0.68550015
0.44778339
0.25155644
0.45946713
1.06235600
0.32730109
0.22023672
0.94859479
0.56752773
0.60837298
0.35765783
0.26103254
0.35897496
0.20186163
0.47529840
0.62665385
0.42336302
0.40684017
0.51253710
0.34827780
0.33052347
0.46798520
0.38115115
0.97110094
0.83652988
0.67267671
0.34199722
0.91067747
1.03404578
0.29889478
0.27357472
0.51595367
0.77148565
0.57875291
0.28083036
0.31663606
0.59533769
0.51305625
0.70470787
0.76965445
0.82341668
0.45760759
0.50992089
0.81971831
0.70900001
0.20470336
0.65277837
0.36005230
0.73732961
0.75176929
0.60384108
0.37858523
0.51681319
0.77312806
0.55347833
0.06245352
0.64673506
0.97164106
0.17992327
0.36924770
0.40462675
0.57124265
0.19907763
0.26710717
0.47488011
0.44336472
0.45072980
0.38455694
0.53682508
0.47968757
0.47611124
0.39983384
0.34729527
0.50002146
0.41929806
0.51328113
0.38037740
0.62587090
1.18831792
0.64961945
0.46138896
0.28374639
0.51120766
0.40081831
0.51384286
0.36619324
0.79457746
0.37612121
0.27253234
0.37443496
0.58037431
0.66699371
0.25166241
0.44611667
0.47618864
1.27563922
0.53170443
0.63709560
0.46420157
0.58205418
0.17017423
0.17428585
0.25683862
0.51822430
0.60795396
0.69441533
0.84817520
0.32844274
0.26925483
0.89226722
0.94902159
0.72563319
0.72343529
0.28703174
0.46805142
0.74263854
0.33853916
0.45080866
0.53954560
0.51114489
0.39907552
0.64134720
0.38557732
0.38880060
0.73629685
0.50401152
0.27726961
0.44658392
0.46608195
1.06351242
0.80488999
0.29693136
0.25882193
0.62511650
0.63519836
0.42022221
0.55131956
0.50036936
0.61616520
0.96734848
0.33783720
0.56237767
0.36331740
0.68848778
0.34947643
0.84413804
0.38024899
0.37501848
0.48994311
0.51517809
0.74454390
0.38336533
0.27307118
0.97613664
0.55242721
0.17365628
0.51377073
0.36921443
0.32107258
0.80677012
0.45547286
0.47765787
0.79813855
0.19333326
0.64450290
0.22237463
0.29458596
0.49485177
0.10556750
0.66639932
0.39150829
0.73675504
0.40320258
0.51916149
0.72901506
0.29627349
0.72393874
0.70447541
0.64982224
0.05507296
0.21300589
0.45664667
0.47247902
0.41866964
0.24997055
0.57763769
0.33293361
0.19140025
0.45457720
0.40922650
0.32265530
0.36953929
0.09707367
0.60284382
0.23655364
0.36867381
0.40651146
0.20138996
0.54217238
0.60542362
0.78983043
0.41596827
0.64785309
0.30491652
0.24681605
0.15114011
0.88714676
0.64806462
0.62936303
0.37844636
0.26442834
0.11845120
0.62556105
0.52206973
0.48144550
0.39421521
0.16656860
0.42553628
0.34293906
0.32945226
0.48886160
0.78108939
0.28726375
0.42894476
0.96093872
0.55832642
0.34537454
0.62797801
0.54738257
0.13533044
0.72585469
0.55932619
0.35796877
0.73176300
0.59006966
0.41366956
0.50586239
0.36684186
0.54222442
0.61950548
0.34697041
0.41012292
0.73816915
0.30119528
0.57444327
0.72333205
0.28491090
0.27325059
0.26502568
0.16361477
0.31229653
0.73544198
0.30413521
0.36961260
0.47051426
0.56423480
0.45751796
0.63239902
0.96035890
0.49479679
0.06904472
0.49660735
0.49284195
0.12426297
0.64971409
0.53199083
0.38051115
0.21132592
0.50551839
0.53838607
0.40638962
0.46554659
0.56977261
0.22834783
0.28495547
0.46054071
0.57298294
0.48167271
0.29168713
0.50311615
0.44638480
0.24387533
0.32042386
0.75821521
0.39353238
0.28873922
0.36100908
0.19580381
0.53174892
0.22448304
0.40270437
0.44677698
0.44933981
0.35654473
0.47610231
0.51707271
0.80641141
0.48962596
0.68404856
0.78494462
0.92952882
0.27857519
0.22707270
0.33097330
0.28703573
0.51996995
0.34269003
0.45995221
0.39050136
0.97107378
0.55210380
0.55321950
0.33879729
0.49287209
0.14527849
0.35751718
0.17450408
0.84991806
0.35234329
0.34424908
0.46720416
0.55030616
0.79684886
0.22756561
0.97660013
0.54303650
0.66700419
0.90663925
0.31368524
0.57635043
0.31301152
0.72152284
0.72321165
0.73442817
0.21712603
0.06095400
0.28700927
0.40675881
0.55199458
0.91814927
0.61874941
0.88620453
0.37035031
0.33144353
0.49853866
0.40488100
0.30728596
0.49809459
0.81785391
0.55384776
0.33691203
0.52560122
0.40791737
0.62692181
0.60514951
0.06186874
0.55196200
0.78605899
0.25206480
0.95561240
0.59063136
0.39334876
0.25710444
0.86348852
0.29889657
0.92298445
0.47930527
0.34600808
0.59124022
0.51345367
0.53696832
0.10346241
0.30775011
0.68004298
0.20189306
0.98196365
0.39948258
0.31678058
0.78820673
0.27899323
0.56187708
1.01112879
0.56543736
0.22378698
0.66645785
0.42183246
0.25265551
0.32821890
0.42116798
0.82098063
0.58998327
0.45835499
0.45731651
0.79292833
0.48561031
0.40174471
0.59093370
0.40675144
0.79421424
0.46880427
0.22521623
0.60254936
0.67967495
0.47237431
0.24926628
0.76890255
0.40981613
0.99553547
0.45917051
0.57419332
0.21114506
0.98907801
0.36421712
0.15717867
0.72539943
0.99150049
0.26462511
0.23792596
0.67600913
0.53653219
0.50085437
0.32110278
0.33296644
0.22266599
0.46500121
0.28100897
0.59039067
0.58710731
0.58781347
0.70587365
0.46714074
0.43280988
0.59845057
0.62960609
0.62045352
1.10155558
0.18244696
0.82656677
0.93423029
0.25554033
0.84943270
0.37951177
0.65120490
0.75859959
0.50661265
0.74562078
0.47996491
0.50094643
0.15678892
0.54141426
0.39757343
0.15732772
1.09773366
0.59249648
0.75883965
1.33630891
0.56563724
1.30397915
0.91436771
1.19645359
0.65114770
1.13423727
1.40439371
1.59802907
0.96600977
1.09739110
0.35928108
0.83025266
0.80191614
0.38987428
0.82497937
0.80782996
0.70892319
0.58924925
0.77065824
1.42052327
0.87534857
0.82616676
1.29726830
0.72044116
0.35262155
0.68713690
1.08580323
0.96766860
0.67839412
0.86694700
1.37223628
1.21731721
1.61112785
3.43952604
0.78903682
2.00726060
1.93642865
0.99799812
1.65475591
1.65193042
1.29438520
0.97601854
1.05865107
2.67051503
1.66966254
1.15245882
0.90164869
1.17016046
3.34152221
2.39871679
1.73694766
2.52289708
2.28204090
2.10635432
2.26599289
1.78514969
0.94187519
1.79621719
2.55916037
2.48007185
2.22604576
1.66661875
0.98770283
3.24208861
3.07548795
2.61556917
2.67258477
6.09640027
0.51241700
3.05124532
2.86786068
4.01095474
2.88422105
1.88528171
4.03040930
4.59318581
3.19035539
1.49959844
1.91715534
3.70536710
2.02362959
1.79172188
0.57115448
3.02605182
5.26831403
3.85620123
2.77377798
5.60536265
1.30768187
1.02605451
6.00707115
4.76359155
3.89425454
5.15312115
3.69544996
3.83906489
4.06906605
2.88998517
5.09655321
2.61816071
2.28808826
6.76787236
4.49004538
1.66112245
2.51480413
4.73099455
2.97528224
2.00079491
7.98250981
6.21848380
4.98308466
2.36688377
3.95931797
3.92352788
4.12578848
4.05890369
3.76343410
4.62092933
0.77427612
5.59670120
1.82414465
2.26379060
4.92732066
3.51443102
3.99281598
7.40427137
8.71109414
5.37301490
2.90696222
1.79613070
7.24657839
4.87590374
1.84905411
5.23123292
5.83984603
9.43556965
5.69864216
4.67377115
4.53333663
7.30661774
4.00896565
10.22681992
6.29066140
3.45948752
3.72918713
9.39541084
5.77821556
4.68037159
10.05346913
9.09192372
7.57928111
6.79218355
10.04068126
4.52866908
5.87744818
12.46895255
9.88162489
7.41233092
2.60325042
4.89832275
7.96112124
2.06695313
6.17981234
5.98190264
7.22857687
9.48495316
9.26389607
7.54846208
11.70029444
2.75674164
6.27101408
7.32363380
3.04369807
10.84047554
8.53472453
1.92697096
11.55345931
8.73126160
1.35585231
5.21473192
3.70207894
6.65329203
2.53091909
8.48697218
6.87154050
5.31044817
2.47858385
5.82791669
8.54270439
2.39749865
7.94346596
4.16063618
3.25775191
2.94149318
6.55628039
5.53082179
3.52774154
4.20319422
4.25832545
1.71970767
4.17766220
3.94084625
10.55579924
9.24265880
6.45594807
9.11412901
8.83162553
7.68497631
3.76628309
4.03867714
9.26782884
6.20772981
6.70717180
8.49109499
6.21003852
6.78865211
7.46271607
10.62744729
1.61667272
4.46823413
5.10107041
7.84132483
4.17502296
5.44999463
9.43707918
6.85792283
2.53370964
7.37998387
8.46149389
4.69605221
6.04429100
3.77209800
8.83095132
8.20716413
5.96542907
10.25195066
5.59235056
2.32796067
9.59420895
7.75363640
6.70571601
6.91815420
3.11488385
11.59240140
4.43824812
3.29783713
11.46484604
6.03242490
3.22821747
5.63199869
5.54789584
4.77443837
3.04511134
7.57367713
6.25800682
11.35770556
3.31727933
2.91383036
5.41631304
2.37885695
1.81895276
7.84162877
4.79113238
3.28136613
2.04573170
8.82082853
12.06439276
6.99832405
3.50620073
8.38268931
6.45645180
5.20845370
3.29598591
2.94098684
5.05733574
3.94719760
1.32345999
0.27908305
4.77582842
1.45291050
2.60277269
4.17417206
4.54588719
4.08570963
5.33298616
7.67609869
5.33813702
9.78480466
5.46854432
3.43933676
6.19225190
9.69804978
7.25083589
2.70761210
1.32970915
4.03074600
3.70921501
5.07507350
1.64063937
3.42306823
3.51944093
7.96170889
2.68879100
4.52323890
2.86181524
3.31443165
5.78567607
5.92478566
9.58147569
7.48681592
8.93730817
5.05142753
5.23042667
4.82146741
7.16349039
4.94901770
6.42148312
3.91237712
3.43839246
1.76433780
5.17516812
8.87984532
11.19984257
2.57305755
3.27919868
6.13594157
3.16234552
6.01110221
11.30335838
4.29266545
3.60340999
1.72946683
5.38348040
8.80605211
1.93690746
5.20432209
5.04810626
6.62165290
1.64618376
3.77405294
4.81623222
9.16194533
2.96572750
5.14082282
2.32627424
3.83492152
5.25416836
3.73643965
5.28923545
2.98632386
6.11356725
5.65063407
9.27478710
7.12031994
6.70661591
2.42156760
5.30981613
0.88658043
5.27374992
2.57269105
4.96840326
3.08815152
7.23811913
3.89686647
8.92177398
1.11318922
5.03711282
9.18980489
1.41348007
3.41540221
4.24757146
5.10242856
8.76408060
4.46351415
3.28887333
3.07824479
6.09570869
6.11338856
4.80500371
10.19804854
2.00827946
0.85120386
6.16517424
3.23315400
6.37493112
3.34262543
8.93286608
1.88884573
5.61466104
6.59487843
5.08121255
8.27388559
7.71395179
0.46760942
2.64140692
4.38761207
1.62290458
5.04202692
12.13406760
1.50058891
3.46728390
6.75733902
1.67766762
9.58877442
5.47311102
2.15710947
3.18138916
6.68805683
6.62086216
7.42233819
2.75552048
3.36104867
6.44524534
7.50588985
3.73330608
3.88209202
3.30574016
8.23573491
5.83437208
4.97918951
5.24347861
3.20351115
2.01219555
3.38310723
11.28445083
6.92615319
5.62809382
2.19831388
8.08010211
2.86533031
8.21875164
3.03223927
4.51335715
7.92087496
5.74352145
6.96995708
1.53065506
1.30527423
3.97087946
4.18792171
6.09338084
7.25315089
6.85064413
2.29571665
4.56869470
4.13139980
2.39179662
5.18793702
9.67491167
6.41173526
5.99327064
10.01825725
5.64985932
5.99980934
12.47488913
11.70906275
3.68745792
5.99748804
5.60256678
10.49010957
8.07616355
3.92236314
5.45587734
3.54046747
2.29774955
6.37665487
11.27051385
8.05503375
5.75335366
5.86253888
12.24264456
6.39948511
2.89330221
9.31602157
10.63229474
4.58516901
5.11206225
12.41109596
4.17239534
6.37212933
11.24278570
6.60206306
5.28444122
10.18037693
3.68535633
7.12983227
5.33948852
9.67494785
4.45997852
8.13632473
3.78515579
3.25616676
9.24692357
4.10639829
9.30715747
5.87430075
5.21568603
5.69807293
7.03362561
4.78775577
2.57561777
4.72692158
7.83145608
5.37964615
10.99411257
11.30932107
3.73112432
7.24161666
11.30658275
4.65491903
2.66759470
10.60884907
4.19602655
4.32284266
5.57534041
5.02327571
4.74393576
8.64141520
9.04911451
6.88246586
7.16707929
7.27009884
5.60787458
1.96159203
4.07494900
4.56691997
8.96036147
9.33080026
8.47451719
6.86773230
10.38652841
12.93007972
1.63978853
9.28938898
5.75628959
8.89260693
5.73003666
10.95035430
8.73308103
4.97762061
4.79992104
6.72968676
3.31139986
7.88574941
7.21118054
8.38920774
3.10173854
2.23946969
2.95102410
4.70428851
5.45643320
6.62383336
6.99500799
5.97731728
7.04453773
7.52993123
7.81555028
12.09067561
8.19544376
10.01848949
12.12105326
4.50588508
6.03874296
3.10260468
4.69008718
3.46473526
5.57345389
12.03845943
5.84618759
4.55219671
8.38645002
4.35555946
6.80542120
8.44624311
8.27222353
7.81308176
8.05650507
2.66456625
9.79547193
9.52252539
2.62062067
3.37615643
12.63033614
7.99769372
3.08520996
8.79578658
10.38002962
2.51076957
4.75627275
5.97122155
8.35682204
6.15652814
1.84780421
8.65356061
6.25646301
11.51342363
6.42214007
7.60669985
6.94259283
4.63919921
14.46355556
4.98516433
7.51490105
3.43633123
3.95198436
9.12680480
4.98535924
7.32145959
7.11622123
9.74589925
7.50639691
13.49270470
4.76581675
2.86370737
3.89110217
8.54455189
4.63675580
7.40295670
4.87494006
7.06497692
2.94989769
5.72534213
3.95741550
8.00592348
10.15562988
3.84058798
7.10839323
7.37448131
5.11351811
3.22878741
9.29626234
7.63231302
3.62800904
9.00322168
6.07388873
7.71640411
8.88140602
9.00758860
7.99503363
6.26325521
6.01881722
7.20055088
4.33728260
5.75158344
5.45946976
11.31015495
4.25059332
3.35842112
6.90504171
10.28444867
8.30966035
7.30260327
10.57098977
12.09219371
2.86704646
7.47444022
6.98508933
12.87567344
3.86029686
5.39529678
15.66685527
2.45106934
7.30060611
7.05677619
5.00660022
9.65087465
5.67072917
9.53326926
3.68159503
11.07448403
4.96115700
18.15736043
2.86505639
6.13719538
10.40400856
4.27505271
6.18812426
2.55333300
4.67114823
3.86702376
4.15181219
8.74198209
3.19125680
11.50728500
4.32080528
8.30318064
9.56888587
6.11800622
4.93646451
4.96335985
8.62860914
11.10768188
2.20578034
6.03714880
10.54344094
9.36929122
9.43200787
4.99013256
5.05339826
5.73439821
4.36815384
2.67834602
5.51236002
8.79772085
12.30527850
5.15703083
10.19142336
7.28992317
10.04482832
9.90816708
8.55249128
9.47724256
8.26794573
6.92960337
7.70018818
8.26453337
3.67076234
5.57402895
7.77813799
7.73848175
5.73103697
3.25452670
7.97086519
3.65944540
6.62793004
9.81112208
7.40894847
9.36383516
5.12552262
5.93695790
8.28392963
8.63960192
5.21767543
9.73488134
6.95411613
4.29115031
11.20015586
10.49655173
6.89298794
5.15030620
6.51680477
8.95254441
8.59163615
8.08696329
4.79695080
1.86748626
8.26720283
9.28925121
8.69577189
2.51996323
5.17116612
1.79338582
8.46021832
11.15565163
8.84177118
5.56556995
5.77017673
7.22967869
3.65191290
3.35492434
6.55416048
5.16091479
7.26356030
2.89941493
7.67329157
8.60296187
8.83398010
3.38857457
4.92167818
8.58663727
8.63880182
5.25288193
2.55290540
4.67206549
7.32557881
3.80562372
3.47989730
5.27898909
10.47611843
4.41581029
7.84033478
3.91827280
6.83499499
6.32526138
4.12651757
7.44960427
2.07717320
3.18736780
6.50918709
7.25944875
6.52733856
2.81406531
2.54182663
7.53805761
3.69952535
4.84969103
2.15312213
3.83657342
7.53080104
3.22722958
2.63895265
6.27190397
8.12757533
3.13256492
2.74474292
4.10582679
5.16693551
3.51190146
6.53998926
2.37950445
4.83389168
5.39290803
4.12204431
3.25004603
5.65318326
3.70863637
5.16367277
4.03450005
4.22658444
3.51328701
4.27725692
7.17995198
3.51115943
4.73670185
5.85553127
7.14665953
3.31231254
2.94255379
4.11804433
5.62525162
4.09100747
2.85592563
4.56445580
4.63284902
2.80748618
4.10595774
2.68046597
2.34601490
1.29171124
4.17165288
1.72199869
3.53457344
2.72617829
3.18510288
2.69977296
2.56566415
2.26883170
3.67467174
2.60788181
3.68329159
1.66947917
2.77450618
1.54997786
2.99511750
2.30750339
3.36413951
3.04444030
1.94496808
1.76414624
2.86815909
2.09462842
1.07895637
0.36028621
1.46364121
1.30401564
1.30631779
3.95662766
1.99555614
4.57180550
2.86551987
1.00808667
1.58919825
0.66087527
3.19526405
1.05502860
2.21176370
0.85880577
1.40457060
2.22430425
0.82199090
2.42867679
1.20080904
0.81387819
2.37507794
2.33837528
0.91864997
1.33357760
1.02020821
0.93620547
2.71083795
1.72298684
1.72701241
2.30493430
1.12042877
1.22063983
0.91585421
0.45705673
1.82353168
0.77998591
1.38466210
1.22124545
1.03709351
0.66956791
0.93435625
1.01416827
1.85071592
1.35629973
1.01059734
2.35736467
1.24103691
1.04053348
0.92301390
0.62268657
1.46308118
0.73540872
0.57349030
1.00294164
1.40345642
0.88110095
0.61235608
0.46553286
1.70789544
0.60337152
0.83560201
0.96461704
0.90410475
0.21516072
0.93254683
0.63014464
1.47070345
0.94883881
0.80248395
1.00018035
1.22008449
0.79543825
1.05390918
0.91822894
0.61055886
0.81889314
0.72060120
0.88629145
1.45281122
0.21177485
1.18416429
1.50860580
0.71790618
0.72661062
0.60628650
0.13812251
0.50011372
0.62326879
0.82361652
0.56417419
0.80914279
0.82415890
0.98397593
0.61511082
1.14347859
1.60296307
1.24714695
1.07194228
0.40678042
0.74036977
1.18406846
1.13970661
0.82463716
1.50216503
0.52592361
1.93907035
0.46034861
0.82635118
0.33762554
1.39388102
0.72410348
0.63199409
0.75705637
0.79215900
0.64350882
0.69869216
0.64585220
0.83223882
0.46436428
0.89160418
0.56878785
0.28219803
0.88105154
1.03547059
1.28677059
0.53923420
0.90078432
0.85578256
0.13007328
0.77995756
0.94479537
0.37508424
0.97005984
0.87734686
1.13124318
0.68922886
0.82932221
0.91290187
0.73472089
0.72178178
0.56368243
1.11789779
0.37585703
0.55020071
1.22271031
0.72737461
0.11839837
0.91105422
1.10836142
0.59404799
0.44827023
0.96132019
0.98261442
0.72012797
0.91508284
0.48422725
1.65716724
0.47028240
0.48394679
0.53739116
0.75525642
1.07364174
0.67026118
0.71592432
0.65468579
0.88706108
0.27169557
0.43678961
0.45454941
0.70090122
0.88841546
0.87618211
0.72604006
0.49272133
0.97000342
1.02962898
1.15403200
0.70057967
0.65904119
0.41053954
0.81323416
1.36327158
0.81471029
1.08418721
1.25399335
0.17027041
0.49111980
0.95302496
0.45303119
0.93526164
0.35307504
1.00609958
0.88084371
1.19575391
0.75375232
0.62838308
0.40814837
0.20290065
1.00055821
0.52393925
0.41453861
1.07070663
1.17094024
0.68209033
0.77919296
0.40385853
1.02605442
0.72269195
0.58109095
0.98704499
0.87895624
0.68877905
1.16357289
0.72638705
0.28578159
0.97755447
0.72514088
0.29073058
0.93243154
0.90792660
0.97149108
0.52881689
0.89440144
0.60061426
0.73088106
0.59720577
0.91059307
0.44356606
0.91687978
0.34143696
0.83088239
0.82052065
0.82470227
0.85153765
0.87371917
0.69814047
1.10709405
0.78768235
0.44019548
0.67704674
0.57614407
0.34805601
0.32560651
1.14198305
0.56073869
0.53988766
0.56069441
0.46739198
1.10839686
0.39617462
0.44002509
0.35994551
0.57096242
0.78213670
1.02952697
0.44751376
0.53409916
0.83154594
0.60856331
0.93618959
0.83439768
0.60199033
1.49478462
0.42500736
0.55045910
0.59153150
0.80226152
0.69481055
0.68012506
1.16284724
0.75340335
0.87537798
0.58165018
0.92521723
0.53935946
0.31872593
0.56006099
0.64410547
0.53428097
0.59720330
0.97086416
0.51869911
0.45571720
0.32026673
0.56006604
0.76013495
0.84808795
0.93274066
1.16162592
0.90262337
0.31976008
0.76148975
0.26326938
0.73742934
0.35344146
0.27537146
0.50410633
0.20794307
0.57971275
0.65337622
0.48126598
1.39086016
0.27084568
0.27124293
0.38070454
0.52668176
0.23998634
0.66814869
0.12428385
0.59354433
0.17935680
1.21175306
1.13900109
0.59772753
0.76767107
1.56951001
0.77580778
0.46469525
0.46340192
0.27364520
0.40008417
0.39788181
0.69689071
0.39352057
0.74005642
0.66950517
1.11626798
0.51165579
1.36344300
0.86760623
0.72195942
0.70000328
1.04195449
0.61279251
0.81401256
1.17687125
0.57441439
0.81699417
0.38085152
1.71233418
0.82873614
0.67468887
0.69403929
1.37344866
0.44020360
0.53065482
1.01007576
1.48573962
1.19722559
1.57716000
1.16989728
0.65874182
1.14513898
0.95464475
1.69414946
1.65805823
0.75169827
1.61909874
1.43321943
1.79586917
0.66078400
1.91192940
2.33100367
1.18061983
0.72099251
2.69833749
0.84505271
1.01824381
1.35275815
1.45730006
1.76663359
1.64243877
2.16678592
0.90969121
0.66569592
0.78787763
2.40851110
1.81159419
1.54736495
2.42841492
1.95697612
1.24392879
1.99897267
2.89067219
2.15997497
4.67445065
3.42237193
2.07463750
1.04744137
1.41412659
2.19083317
0.82200386
2.62610948
1.30598477
2.20070610
1.52383431
0.56599630
2.57988618
3.09298574
0.86677202
2.12984837
2.74155716
3.09874774
1.53975562
2.85887167
3.63936368
2.18483013
4.63608147
3.21716606
4.40383215
3.23181709
2.60133691
5.05117390
1.16930555
3.39216617
0.79790260
1.64684051
3.12044576
4.05069165
2.91377483
1.32814518
3.91651322
3.01874526
3.81610703
1.62098593
0.97015717
0.48463346
2.55422141
2.32196439
3.14986765
4.22528249
1.29247490
2.76210216
2.84590292
2.77017701
2.22079197
3.71401954
2.89934320
2.27069779
6.59350009
2.05084795
2.79614240
2.53382411
1.26543163
3.65996981
2.21593906
1.81759847
4.02667790
4.33855755
4.36542935
2.23911069
2.29605205
6.10931288
3.83484081
3.52492267
3.37820330
5.15506402
0.84486130
6.08643699
2.55011245
3.87448925
3.78636051
3.42515030
3.49858449
4.01205653
7.84976642
2.86892058
4.44389062
4.07697942
4.19865572
8.90544813
3.21689303
2.03562681
3.09192761
5.35469146
2.25656698
4.92837528
4.50031206
6.46238538
4.74828124
2.72858439
6.18012725
3.71764118
3.00195794
5.48325123
5.31080422
4.02770565
6.42542581
3.85940501
10.02406562
4.13123073
3.32253559
5.57363561
5.89826748
10.17666847
4.95016195
7.45596135
3.81209033
2.36608801
8.16333281
6.83936111
6.16269181
9.27284640
14.65484823
4.36262813
3.68195847
5.19081733
4.62078938
5.43634961
10.38098459
3.89570995
5.21551525
3.76669583
9.27260304
3.35372383
10.16096791
5.50067037
4.06511077
5.31223070
5.31958121
4.11975697
3.54260091
3.31665022
3.96044152
7.31830198
3.38826445
10.66526880
4.23434023
9.75934562
11.70704414
9.55467978
5.01199198
2.97610253
8.84601395
7.46150388
11.87163787
9.59437027
5.13257917
3.00029891
2.88423743
4.33224447
7.48283729
9.68006863
16.92536353
11.20992997
3.80840123
4.95166895
14.17897569
5.04936434
7.41219764
5.14807057
6.72605835
5.76773777
3.56759444
13.44730517
2.18981899
10.98515757
9.37825384
7.29014398
2.91077259
17.95345358
4.29700343
9.30225979
13.35111077
9.64669819
7.22173286
10.83151563
10.28733176
11.44361816
5.58997927
7.46223820
9.96357309
10.13221103
12.07438846
9.63536305
9.18808219
10.58476860
10.46611295
12.59796813
10.92307484
16.33774469
9.30868237
7.89745366
9.97363942
6.33063362
6.46751952
16.55024852
13.55405711
12.63882453
18.25420157
11.27918335
10.14333759
18.68375601
13.77487255
14.12301360
14.84868852
7.32369420
6.95555682
9.82449412
11.86518122
21.43166761
3.46794994
6.94766343
7.94457095
11.10163760
11.40270473
5.88469912
13.96616233
11.54854750
16.45873106
10.75372601
15.12687040
2.66493880
9.24936838
11.75555962
14.05133187
12.04561117
6.64121418
8.73734086
13.56397887
15.74926283
7.51090898
14.27933156
17.50428836
5.95994679
16.19580252
22.75646315
6.87676724
17.59604491
18.23410295
15.97733575
9.95260135
8.93955605
11.55638074
8.08789714
8.81426541
14.47773111
10.64395834
5.44081263
10.36011061
4.77664993
15.76417804
12.66531454
9.85737756
2.95805069
15.77644995
21.62323659
17.61509435
12.89126951
11.10323164
16.52105403
6.42374869
9.13196752
7.71878807
10.41951512
11.87788023
8.63015628
13.97315615
13.60822912
11.12043865
8.00724631
11.42787564
10.42325061
9.59729108
5.81987539
9.83114878
12.58968007
4.51670658
7.48324127
8.03044572
22.41662458
8.04485930
13.57918116
9.61209915
13.99963237
23.83160610
3.69900219
9.88657004
5.09789217
12.11070828
8.04417088
7.31215635
18.06539565
19.18531748
10.74105374
9.71136978
20.45305810
7.15755004
12.87122472
5.45240945
4.74026539
11.38310743
12.55740921
5.41174366
10.47675833
11.89692628
12.87348707
3.34995755
26.22776175
5.48071246
10.67294848
15.51192081
14.94647281
11.18848187
15.59390056
5.87766470
11.60711527
6.73256310
19.45236073
13.09662117
8.00575822
8.79921319
16.42952403
11.85479679
16.73268251
8.10123194
7.04027232
11.53750795
10.04416166
10.58813192
14.53397408
9.05211428
3.07993683
4.65868815
15.42894274
12.89615535
13.42239159
6.63885386
12.34236988
13.50767187
9.85858317
18.61241126
5.36861888
5.19594725
6.95898000
12.54169970
22.83086265
15.81924947
12.86649301
15.23234957
15.29312258
6.92661643
11.47659915
7.94701979
14.99883181
10.03844483
5.94469110
7.77635383
2.36185188
10.40905702
7.41067991
9.95136166
3.07106074
9.59826717
8.34915325
4.10987206
7.80399308
7.69700872
14.78106652
17.35333580
8.57723880
6.72959699
12.17795335
10.42830452
6.26211033
11.82075200
7.40294262
5.60542020
10.62244536
12.63311269
16.15597859
13.76671976
2.85312015
16.55494265
10.72431211
7.92942300
15.52239626
7.35582265
10.40786920
8.47875249
12.94073361
8.09066288
11.40225753
10.37075350
6.50679915
6.84725273
6.66669145
7.35538538
6.31789592
12.83779050
9.54563634
7.86651869
10.34485985
2.36622269
3.54085462
9.88581559
13.17660419
15.94111910
13.57243654
6.87296997
9.52654294
15.25243178
2.55933890
15.09443832
11.09727865
9.38257747
5.04149910
8.07218346
9.71951341
7.64260102
6.14735107
10.29716619
11.29022404
9.76740755
3.91486641
8.27112213
9.68688237
2.18559025
7.38007237
5.10395718
10.33303268
6.81165998
8.92893151
7.92378421
3.31033260
5.90641495
4.60038478
14.71629335
9.30492259
9.76772258
5.44065575
9.01586817
15.00279346
15.79366203
5.68940490
8.66002751
4.83285419
9.62471676
8.17414751
1.72497110
8.36583494
9.53440544
11.72453150
10.12812355
5.51107958
11.29682882
7.89160828
8.31185730
2.60107752
6.46959198
10.83273896
6.49275005
7.22680938
3.53880512
1.18252399
10.58735478
6.63579845
6.79849196
17.36403674
5.79915503
13.66909437
9.47973945
4.75855179
8.36273284
5.53994580
8.31165849
6.58048042
5.59882183
1.67449553
10.18393992
1.90480532
3.45147546
6.31676057
11.08035753
4.46880856
10.96130518
17.94832486
5.78636769
9.40486571
9.10283568
6.73053485
4.24888700
13.62469757
9.01345316
4.26563081
7.34578305
8.07702566
4.16733689
13.99196063
4.72337224
11.77189622
6.62859813
8.04434097
8.57638169
4.13427603
9.44297332
6.47167893
1.81063041
8.68352904
7.23806767
6.71280172
10.57871194
15.87745386
11.31583056
12.15020544
4.17755904
12.70112183
7.11561609
16.08919167
5.31867386
9.72838458
10.07842919
5.69450870
7.17722463
11.38712304
16.99765620
8.48796475
6.46384917
4.77333885
11.55498377
8.51861629
16.56499742
3.12586055
8.96284805
12.21475073
4.99925215
19.08280367
2.87505937
16.64905948
9.00581527
2.56039285
7.11852366
15.42731470
7.72345511
20.66922864
9.13875656
7.81010273
7.52327773
4.29251413
6.37756231
4.81404504
9.28577931
11.78692581
4.49950227
4.29024999
16.78944217
5.86317781
2.74631634
15.31406960
8.30262492
7.25411439
9.92029365
10.16420407
6.67893613
13.94321874
14.88885898
2.42745011
11.12929295
11.02263136
4.21279844
10.53891295
2.67624151
4.35634871
12.21339172
7.07857564
7.54044877
3.88495744
13.96433908
13.57151022
8.30432011
19.55850039
11.18206111
5.05867868
8.30612513
5.84950113
6.24347852
11.08367598
10.59681416
10.12511313
6.34792003
8.72269138
18.41756517
20.46274446
9.37697734
17.49568919
9.99463457
8.67785262
6.25258072
12.73063674
11.51883873
5.21515332
5.52967506
9.90416707
5.91773135
9.38586193
11.21247933
6.30806458
11.06969200
13.79689014
7.87212896
11.98004543
5.65049128
16.11438221
7.12152093
10.78880664
9.18683595
10.86725385
3.59949829
7.23123334
18.50086131
16.61964173
10.12881639
11.58303156
9.01538397
6.62919143
1.79524829
3.58409883
14.00570336
9.41921001
8.76417364
13.57157313
19.42863418
9.25982076
10.17212264
5.84394275
7.35314101
6.40435789
8.65670572
9.37480323
6.57250493
8.55724429
16.65198610
11.30177609
12.61732211
6.28793033
9.32427494
9.22368105
11.78031773
7.70780002
7.90828081
11.61266944
8.03654979
17.48086235
10.92950541
10.04532953
7.82199078
7.54431889
14.56888391
9.74012962
10.21534711
12.92929988
11.25585986
0.96355980
10.53981602
9.38125041
9.14736839
8.00098160
10.62732172
7.91654718
4.70748718
12.77318530
14.03211517
5.17814594
13.08438307
9.78505771
7.44534139
12.56933191
13.80073752
4.13599684
8.92728080
7.60716193
11.77506353
11.10333412
9.79850874
14.20380709
3.67247201
4.37139382
11.13603768
12.83822953
10.33816151
7.19820101
5.32100778
14.37327521
4.36983873
11.11839080
7.06303422
8.32647539
12.94174397
3.84705272
5.26149553
4.35188507
4.73700598
7.58470272
4.06250198
5.96593452
4.72549168
9.00891880
6.18586731
7.57670513
15.81207780
13.08085271
5.77249063
9.81130763
7.61602548
12.70083904
11.19076488
5.36181313
8.38077014
6.84883802
6.08120429
14.55637419
7.72444389
7.48069326
7.02823457
9.82780918
8.51947045
13.56240833
7.77741816
13.01587305
7.15083556
6.64960937
11.29466179
9.94561971
12.89644841
1.92405801
6.61286045
10.00016766
16.94591495
5.78616665
13.77850872
9.93053764
7.59124883
13.93267565
11.49455416
6.83671114
10.94511286
12.42400776
8.18322179
6.65583161
6.02777102
10.38440150
6.49066902
5.15416398
10.03767079
4.61677373
9.75369429
4.04497220
7.20730790
22.26702942
2.24438077
11.46677051
13.75166878
12.11515003
2.73672223
9.34709453
3.34775547
4.90358331
5.55468277
4.38949339
4.73644945
6.19293070
14.49229073
23.92605701
14.84650147
14.15248079
10.85772148
6.45485010
3.26517839
10.10552399
2.20738910
16.47012104
9.39297875
6.59147828
7.12461732
8.42593659
5.14235588
11.17130292
2.82956117
5.83437814
12.03538221
6.87731021
4.78151651
7.41302790
3.74847227
5.42822606
7.92225660
5.07257069
12.20351816
11.17225284
3.74808863
3.58791878
5.07359554
5.72308068
5.43606865
2.32267226
6.37215060
16.61398032
4.98266303
4.02552661
5.79095013
3.33148921
4.87166047
2.74632231
9.99475442
10.64205770
8.26193965
6.38408061
7.85494320
13.89319044
6.82003815
9.63300027
11.80728158
8.53031607
12.77177690
3.73177301
8.05098076
7.34279117
15.14924638
11.68133134
11.76811456
10.46517112
4.76077954
8.74082111
15.07360170
3.38270252
5.21267831
6.70890972
6.89949487
8.94703998
8.50218165
12.18149575
16.49290444
13.11991601
13.71018815
11.42053505
6.04327083
6.34768435
11.28598869
10.59890916
10.52017094
13.82954280
3.88602277
6.09005789
2.35873784
6.87384879
4.75608058
3.64930065
11.69842688
10.69201480
9.46106549
11.57743875
4.65710186
3.74260397
6.62908160
11.12659017
10.32233684
6.88455602
2.66721274
9.51340790
13.52664075
0.32101520
4.26756803
8.64687287
4.38437321
4.13683159
10.11769357
6.25185451
15.18962322
6.68835090
12.64376898
2.08788943
6.31752254
4.60451280
6.91214188
12.82722996
17.22176521
6.27507448
17.70115246
6.71238137
11.49025958
10.02464803
4.85243898
10.21365592
14.54604293
7.60994547
5.02102883
14.00133367
3.49673318
10.14016275
13.74188251
12.13518654
7.14447357
6.04583850
15.08578560
3.33916512
11.89000628
9.56912378
7.18973307
7.36589398
5.04282846
5.27920822
3.17347554
4.37740395
10.45144523
2.55725382
4.29650343
12.89035146
6.11633946
8.56335990
8.63606354
5.34748694
7.90185842
4.99705533
10.13734387
2.67361458
13.70163705
8.92045178
6.62011193
5.75688224
15.87736003
7.46919808
4.52146513
4.08888758
15.25174681
13.43618376
14.72804919
4.54930068
11.20654127
8.23104951
17.44261141
4.67079430
3.39056499
5.28864584
8.82957127
8.39712050
8.41879379
9.71137198
13.07181968
10.13997331
4.15286949
11.02886193
14.00702657
7.71924238
14.59625982
16.62433278
7.05193105
9.93076684
11.61084355
5.33649068
4.22952284
15.51460381
4.57721242
9.39633118
12.21587379
12.79204694
15.36251204
4.39083814
2.93631088
1.38982303
11.06664193
11.27469784
7.29345914
4.33244099
10.50302730
10.44339682
4.12927488
7.93236387
2.77655435
4.38245753
3.78867941
2.29804945
6.88216690
7.15342443
5.32735164
1.15978056
9.20807634
8.45382952
4.15053926
7.13324988
9.39144142
9.60496735
12.32010263
3.67931998
5.53453467
10.77793981
3.34018629
5.31646342
7.80909251
15.38319896
8.59332825
6.43026269
5.05362815
9.35133036
9.93926691
6.76919060
3.74406843
6.78778540
11.64774070
5.23751132
7.34694800
8.48568163
7.56486570
1.67465798
4.40583197
8.27982948
5.22484578
2.39156613
5.76698331
6.39609310
8.99411801
10.24156639
6.14721838
6.79053384
5.49040137
8.03090847
3.19006977
3.08108562
7.66979154
8.03469502
3.45784690
2.01871463
3.34160427
3.78742000
2.98027368
4.93961418
2.99185631
8.77432645
6.27558536
7.30934091
3.73790794
4.28721455
2.58506310
6.83863256
4.40560980
14.01828116
4.87466352
1.32066683
3.86078283
10.35214707
2.05876365
12.51322504
7.13988692
2.11581274
6.15815086
8.82832560
13.68320075
8.65955884
6.19494607
9.11098698
2.06467148
5.86607474
7.73416736
5.65207380
5.02275813
6.44022088
4.01130052
6.91904968
2.29523469
2.20510416
10.47961137
6.01995452
4.04939704
3.57969695
9.47388134
8.62407873
5.55091810
8.21795009
2.87453969
4.19520154
4.96594142
3.26204816
3.72341253
5.77711724
0.79529768
4.48534890
3.30348112
3.63651512
3.42108989
6.48247398
5.55641412
2.76078393
8.35015952
1.42974342
8.66045194
1.58613144
4.02395235
4.95754569
4.26518995
4.72853040
8.64991392
7.79545062
7.03569789
5.48991677
3.41747840
4.81128642
3.77752924
3.39603686
4.70129813
6.96631150
5.91186809
1.25678549
4.33737665
4.67021674
3.09462460
2.24048561
1.64224153
4.80423167
2.96934246
1.88834340
3.69313813
4.65249864
6.12835311
1.04213992
4.50426136
1.69921132
2.28106126
3.79476705
1.76892238
3.71716185
3.74769062
2.86452883
4.32600980
1.37729644
2.43574769
4.43073894
4.18095582
3.97936282
4.26196374
1.65562613
5.11894835
5.52981113
3.68150964
1.21493087
1.83538134
5.50899301
3.90221883
3.22303533
0.64021212
1.84486841
3.49754028
3.35225535
3.45242369
1.82105679
1.22257151
4.06905450
4.12130976
2.44894146
1.13997543
1.87954237
3.01056387
2.52288527
4.08982656
3.12761681
2.34912120
2.10321941
2.92033997
1.56652121
3.43034499
1.63609503
3.13635211
2.13983290
0.88028532
2.62307404
2.85836694
3.21447364
1.60205704
2.04931944
1.35281560
2.33955062
2.73817657
1.73815770
2.95685404
1.86454169
2.55764753
0.68420531
1.69043796
2.33519385
1.50342053
2.28000409
1.57475379
3.12241815
2.65697916
2.28438672
1.42668439
1.77306462
2.79831747
1.96598784
2.00642387
2.45281170
1.55162379
1.54570052
2.55620836
2.47477285
0.97573742
2.36883909
1.11944274
2.49270132
1.76781415
1.64950524
2.24636903
1.63325294
0.89178690
1.60671795
0.80318072
1.03032196
1.67520477
0.78065213
1.65750019
0.69050267
1.74876600
2.48769557
1.55261546
1.56053618
1.67761285
1.70278785
1.00956398
1.88006745
1.79697368
1.53695700
1.81975381
1.58462793
1.24521735
1.26899631
0.79177613
0.93467419
1.16257719
0.79872376
1.21156496
0.88972204
1.38913190
1.41634888
1.57472138
0.86445772
1.13867733
1.69676051
1.58231542
1.19518307
0.66522551
0.96195845
1.76839029
0.99373796
1.18166786
1.70443872
1.30768725
1.38635074
0.95955430
1.09375657
2.09824942
1.48315176
0.64398117
1.17889168
0.75321488
1.22724789
0.59438368
0.80432177
1.09479065
1.22025206
1.90061518
1.63319909
1.27390405
1.20067081
1.05591898
0.49507323
1.45018655
1.43476542
0.65813444
0.68286905
1.32299138
1.29116660
0.83345322
0.73233193
1.37469270
1.33379677
1.07776978
1.15599913
1.09559303
1.39563105
1.36513942
1.03864617
0.85841794
0.96600054
1.84374454
1.35547138
1.33947529
1.03610465
1.01042706
1.60732620
1.42347022
1.03227673
1.45361202
1.03164998
1.21102470
1.71566691
1.21839935
1.36925212
1.17414203
1.09097046
0.89021910
1.26101405
0.71133455
1.11539981
1.73475911
0.30695527
0.78071040
1.92135214
1.31353863
0.84731860
1.53573278
1.02219766
1.04090914
1.19719512
0.88253148
0.64946714
1.25178269
1.45821065
1.41092166
0.60847445
0.74616512
0.45465861
0.99138652
1.18388758
0.36958380
0.86447716
0.91459461
1.41327279
0.81004468
1.27960331
1.30333521
0.31456704
0.96114183
0.92415945
0.87273939
0.99011363
1.42431453
0.91326065
0.76935424
0.14863543
1.46047134
1.11320330
0.85824492
1.27961833
0.39699658
1.68589014
0.82016249
0.97186822
1.24866677
0.91254893
1.04824901
1.11067143
1.26293113
1.39384704
0.63610644
0.89378824
0.57041011
0.84721113
0.53237601
1.28724445
1.24244135
0.93231225
0.40565286
0.73647870
1.01871840
1.16042330
0.31434453
1.72280973
1.19060038
0.77946048
0.75659867
0.95637925
0.58592465
0.59192543
0.66140269
1.05503493
0.73957489
0.40637117
0.63933144
0.86066371
1.68468494
0.88659881
0.78274960
1.06340584
0.79831497
0.54860360
1.11233427
0.79200146
0.88628991
0.73813156
0.92932751
1.48832268
0.82216911
0.91024916
0.64963322
0.87102912
1.09410283
0.90808813
1.01688318
0.86895423
0.94588287
1.00254428
0.36674878
1.37165155
1.23270325
1.27276931
0.70330543
0.22862501
1.42003724
1.11405069
1.33323220
0.89030522
0.66464350
0.96370226
0.92187821
0.62287414
0.89926084
0.78239101
0.74999361
0.82091950
0.70866718
0.86960377
0.69626604
0.91477124
0.74195020
0.68233219
0.80675929
0.70045903
0.66015083
1.46728527
0.75721971
1.15366647
0.38750968
0.36061799
1.00005120
0.60982916
1.01579634
0.84481266
1.08812545
0.79428881
0.88323862
0.98689857
0.42390667
1.29181840
0.93169225
1.02227384
1.15820926
0.58725901
0.81725148
0.42478398
0.56558830
0.48801337
0.07584270
0.17128883
0.94110896
1.06379844
0.62464285
1.15137654
0.55571420
0.62206802
0.51459546
1.00166120
0.68446461
1.04791377
0.98770090
0.59385947
1.10335016
0.74162672
0.65592862
0.47885419
1.55762234
0.22882261
0.24759487
0.92966645
0.17168138
0.25842992
0.44773773
0.69411964
0.97642986
0.71632706
0.91157504
0.86941165
0.67676430
0.68143837
1.19458740
1.23971208
0.66784724
0.88102210
0.50000496
0.59691493
1.12939375
0.68046219
0.95044082
0.83257758
1.03152374
1.08396675
0.93170886
1.00893090
0.73558864
1.04157985
0.84079526
0.33397184
0.17318331
0.78963551
0.65949602
0.70300380
0.73002220
1.08763486
0.24693306
0.73154215
0.93919869
0.74521546
1.11975896
0.79805347
0.80686022
0.31406694
1.06802637
0.60890741
0.40044607
0.43286139
0.64560574
0.79736976
0.64236549
1.03111971
0.64912753
0.38391393
1.11974894
0.31133322
0.59022615
0.89078768
0.75743865
0.59581771
1.03452601
1.54494302
0.27808105
0.58844837
0.73289102
1.47729562
0.45308224
1.33308757
0.86514366
1.58649776
0.67865965
0.64842216
0.76677798
1.62088671
0.99607669
0.62853568
1.14066394
0.99554583
0.91463311
0.80833209
1.19569667
0.97322429
0.39265399
1.66609402
0.99848472
0.95564805
1.85865458
2.03153339
1.07443516
2.07985071
1.86440419
1.48603574
2.45890029
0.61931866
2.59881414
3.20879213
2.50337206
1.09716317
2.01532089
1.69770035
1.75240612
1.51443690
1.08892870
1.31906418
1.24856629
3.13452353
1.68136675
3.34926268
3.45348438
1.83569912
1.10333968
2.19809226
2.53613331
4.16064033
2.18612728
1.59046018
2.24161667
2.37187471
1.94144716
2.60753746
3.57536489
1.76946859
3.79147636
3.24696391
2.78816911
2.37570197
4.33026351
2.35336542
4.36556187
2.67350144
5.56334339
0.92508203
3.47821961
3.30736685
5.12627156
3.62935861
2.86764320
2.50112848
3.16675626
1.77430293
3.97631200
4.24117065
2.17309461
5.41203734
4.98393831
8.30373103
6.34601265
7.01207624
4.17643410
4.56212973
3.03387665
3.44754392
6.30285236
3.88801073
4.51646510
4.29504789
3.76432488
6.23142468
11.82607347
3.33130400
7.88241533
5.01298003
2.16879905
4.44296142
6.19941378
3.95237268
2.08727420
6.94178274
7.06243244
6.66500805
7.59508102
6.45308414
6.38285656
3.10036012
3.78976604
2.24311183
2.57926500
5.12370584
7.06082572
4.02317685
5.36502035
3.73565846
4.19890850
5.40858498
11.88205651
4.80692489
5.48680021
7.29292178
7.37690149
4.86006382
4.55446464
8.51145587
6.29876059
12.03655573
2.70163310
13.55328467
2.64807510
10.30526119
6.93426387
2.07067117
3.55639472
5.93745696
3.38757717
2.78681415
7.76321240
7.01804363
3.18697765
11.28514495
8.11808746
4.06579666
5.59835472
4.05801675
7.57089279
3.81892393
7.17314117
8.69658468
8.89030212
5.07643332
0.82118198
3.99695647
5.67142239
6.79765292
8.99143643
4.90780231
4.23900262
12.60041217
5.35997770
9.63614514
6.89394325
2.99657552
7.94977983
1.86078264
11.36584161
3.89410227
6.36116873
1.11017384
4.52091094
4.34185583
1.43121893
13.26657139
3.08049330
9.08525672
10.29392103
12.36565151
6.51404219
10.41335978
5.94818053
5.40749963
2.63683597
3.97940837
3.30068739
11.37691459
2.33778828
3.88469642
5.53982790
4.53184692
12.62820094
1.46040977
7.47882580
6.77404686
5.30125573
2.93242256
5.21918848
7.63680559
4.75277790
10.05006794
4.23546215
4.54238853
2.02877451
2.96052483
4.40889627
13.98666593
11.84826485
4.30672806
5.15439980
4.54398664
7.20102715
6.31502664
9.87324036
5.14783913
10.63222727
1.89996875
7.95524376
3.73590258
7.73372999
8.02174658
5.56197500
8.19152263
8.34950625
8.47687681
9.00978601
7.52990310
7.86778643
4.43019850
6.76226453
11.39182632
11.00557022
4.66001987
5.19999486
3.75945947
5.64928819
8.38607871
4.68773117
4.12565594
4.38497589
8.71542107
6.56216278
8.33141970
8.10048219
4.51973491
5.48992836
7.42900084
10.96047991
3.35738136
6.14775648
3.51138481
3.58824089
8.63354018
7.04736740
11.34903676
4.04337814
3.42199082
10.67268429
3.79282320
7.45373559
7.22706617
3.49072556
6.09668974
6.93618204
7.54519513
10.44816601
3.45936526
4.13840838
6.18701420
4.98357542
8.55845458
4.64243391
3.03718280
4.78706410
1.19818641
3.62653953
3.67388427
5.62781704
9.09100709
6.09331614
1.49933057
3.93153336
6.48341867
2.94636587
5.61619765
1.50932589
13.74551241
7.29748027
7.33999846
11.19783085
8.15219067
5.03031857
6.66691724
8.55274218
6.88719356
6.66897332
5.52055039
7.63837439
7.89936596
10.89968334
5.75436192
8.46600354
8.17399725
4.18809963
6.76580438
2.66535729
6.77770731
3.43080776
11.05873263
13.71199179
8.97199331
11.63292727
8.66068569
5.45634425
6.26939711
3.24002436
14.30830591
10.30011088
4.32863031
13.03694456
3.53920739
8.69033477
10.73479990
6.30677977
4.71891975
7.58509576
6.16294565
7.19122834
7.94761813
6.96508396
3.04037967
8.44810489
12.56616679
4.90683056
12.83853336
3.80933201
7.77837089
5.49430128
7.98456403
3.54169123
4.80558122
7.65203457
3.17159295
8.76060041
8.50823646
3.53622516
12.32310061
4.00120341
9.90749422
10.03837107
12.11835790
8.17143945
2.55605738
2.35559657
11.94292366
5.98829983
7.45340241
9.06110992
7.19849077
4.85466923
4.72370252
5.50809124
2.43767321
2.54494372
7.57171789
6.35140496
6.36582594
5.64304734
9.21715921
12.42237949
7.94053093
4.04204007
8.89394201
9.33080168
7.23363601
14.18744430
4.57866861
3.41684719
9.14394622
10.05206423
6.69950461
3.95272651
8.09017485
6.66816221
11.06392055
8.89801225
5.47306569
9.41777302
10.16230421
9.44935591
13.32454527
9.16487076
4.36458458
3.11141164
3.21853200
5.78109697
8.34521897
3.59228381
14.55478135
16.90789011
12.52292844
12.82762416
18.25004851
10.00244910
10.96809437
9.78924819
11.21038775
10.34581275
5.68325070
10.41772543
4.35000722
7.20348635
5.25370492
12.04394221
13.77960165
7.08461597
9.44570370
6.69338471
7.26950520
10.21073268
3.04805216
7.79122318
4.50859827
6.17071389
3.83083917
10.61351965
13.36284844
2.51061249
16.60896979
7.54190883
2.36669442
9.34325109
12.03731141
12.02795863
4.48196729
3.78637468
8.68589947
5.46317366
10.40844378
6.35190472
6.91546371
7.06794210
10.98651487
4.61824507
1.46158137
8.06420951
9.54785438
9.74708645
14.42394313
7.59928271
10.03323299
10.55187423
5.77269424
12.29102246
10.82429966
3.08970438
4.18014944
9.22117564
11.32419202
11.60524236
4.48322076
9.16171910
2.81922330
13.98621293
4.55115368
10.93871421
17.99237001
8.20250016
2.36646132
9.07038888
10.25889696
5.26364428
10.96380681
8.73773482
11.60735137
7.68989020
3.52905671
14.80410093
4.19949791
6.09848158
4.06377691
14.44151869
11.86734226
7.82085978
12.53050759
10.34898060
8.93664560
15.72020760
7.34065463
5.47410171
4.85029352
9.88438431
5.72626014
8.56226351
4.58341868
19.31454148
10.12631377
2.40621507
15.81735014
5.74471490
10.14583538
12.84488813
5.21651917
5.24469123
4.83467013
11.65937391
7.22182733
12.93765701
10.00101996
12.02958307
3.52868665
9.57300724
13.88799974
11.42659929
4.06072204
10.15905447
9.28017026
12.41427785
12.31481322
6.54533379
8.48359007
7.07059642
10.80233563
13.26268723
6.64207764
10.92421923
11.18271101
3.38428549
16.04142384
5.37928158
4.98377904
8.98226366
11.76840001
14.51428252
7.17139673
14.89984059
8.23764018
5.80756197
6.71504204
4.12022828
3.26383416
4.04124267
13.48842851
7.43172079
8.25631512
5.49615405
8.54636250
8.72920001
3.70391418
3.67082714
8.36405763
8.45941003
6.57789187
11.36714405
6.56867740
9.20728458
3.14878250
10.25845439
6.87756238
4.14217922
4.21851436
2.98667438
8.16530694
9.94090771
7.41782890
8.53436237
7.33322155
4.80664641
6.93613626
10.31529483
9.59956007
3.26345504
8.63071597
7.57233189
8.30007522
6.88677398
5.73466338
2.53008465
7.73527828
3.28695237
0.92595863
6.26095016
6.26546875
8.30052573
8.18877760
7.35739909
3.94650475
8.66741543
2.84399568
2.78801143
8.33528150
11.42474553
4.90083669
6.10334245
3.52949391
3.60180714
7.93043014
4.05872607
9.60289136
4.76442549
0.67767489
3.22366660
5.17923682
10.08644549
4.91726541
5.59266574
4.00823907
3.79327927
2.36620102
6.52210626
3.44843144
6.31450858
7.40971351
5.21398632
3.27030703
3.30765288
4.66993952
2.63789977
4.30530332
5.09093745
2.30280116
7.66110393
6.50894792
2.97165447
3.69552588
4.28314614
4.85092355
3.54117839
6.03132657
4.70933419
3.50134456
4.33343543
4.76645334
6.57722358
6.10874750
3.42574715
4.96839587
7.08155367
2.90830018
2.85833498
5.15599848
1.61738158
3.79012067
3.53436486
1.81925853
3.74595420
2.81424862
4.68010551
3.04493959
0.40412424
4.93899877
3.92799972
6.18463823
2.17616082
4.14383878
1.51351630
3.88953708
1.91474180
2.41820081
5.04173261
5.33937673
2.07459172
1.71420241
4.94982287
3.27450622
1.84843377
2.09849444
4.30908881
3.18016431
1.44653406
2.40792201
2.26729384
3.11533275
3.33132418
3.62937881
5.17016566
3.33274231
2.59673446
2.32573715
3.13288915
2.25520955
3.03730849
1.32140491
2.05511463
2.50774587
1.84287232
1.59313751
0.62064103
3.84247017
2.31876645
1.03077455
3.02494326
1.35779511
2.72647277
0.75671881
1.51236000
1.22895336
1.80406031
2.15696955
2.09815401
0.41271409
1.13583386
2.03454319
1.88867722
1.73854377
1.14901416
1.26003915
1.59065174
1.43211735
2.17235161
0.77216267
1.29789658
0.75432227
1.25578926
1.09965481
2.73657787
1.40934890
1.60837051
0.73902806
1.22343936
1.07310675
1.09902209
1.67589998
1.39174669
0.67733093
1.84700914
1.35476817
1.12746283
1.93641547
0.68354287
1.20233107
0.29745717
1.20752480
0.68292962
0.81172497
0.72114429
1.44269802
0.63320188
0.90929519
0.51683734
0.78393124
0.95232408
0.33760074
0.85934479
1.39103185
1.50100259
1.12627495
0.40849581
0.52364209
1.35778708
0.15937148
0.73450312
0.62527632
0.98142828
1.04445495
0.74001594
0.57583497
0.66390772
0.87586479
0.27220403
0.67019599
1.09384794
0.56122763
0.78852274
1.23929187
1.18486666
0.34443566
0.82956593
0.21928877
0.75355588
0.47105911
0.61329738
0.93682625
0.71138461
0.30530096
0.64044947
1.41011326
0.81140984
0.64583514
0.79537436
0.32325139
0.69868485
0.99753412
0.43935865
0.79074828
0.67239434
1.09437706
0.72816378
0.90052201
0.87779857
0.47266833
1.41355420
0.77977493
0.49834172
0.77121872
1.18204079
0.49238650
0.59045670
0.79131558
0.90533014
0.58839585
0.26543506
0.63549319
0.50599155
0.78276984
0.75025416
0.99916446
0.65871169
0.73698723
0.78775640
0.47090366
0.62630901
0.47440205
0.34516447
0.51554793
1.09266650
0.76271776
0.40687345
0.56665458
0.79746717
0.84588989
0.80968073
0.71044385
0.63767364
0.91014828
0.57085256
0.53885732
0.57559048
0.68448807
0.59384975
0.51081528
0.46612242
0.57635380
0.68416163
0.31671427
0.75257003
0.80516806
0.46284810
1.00484754
0.87676118
0.74664867
0.72050942
0.50043526
0.65900052
0.44480273
0.57056861
1.27356529
1.07360898
0.92650333
0.94795544
0.50193335
0.81421775
0.56397619
0.40905000
0.81082242
1.07555588
0.16276138
0.37324756
0.54043131
0.85669121
0.75263920
0.90105839
0.86352479
1.09352267
1.21544553
0.62893430
0.75584747
0.61583767
0.36191070
0.57924545
0.97471853
0.39773711
0.53621953
0.99763134
0.62523169
1.14963386
0.66305430
0.23860979
0.69731979
0.97066300
0.70858941
0.48282293
0.73244559
0.67493931
0.86288285
0.71917458
0.49884704
0.66020185
0.83396956
0.27751902
1.07233156
0.56677051
0.20135858
0.75647387
0.17350940
0.85801711
0.28445774
0.50953168
0.43244745
1.09875163
0.52567754
0.65837763
0.74682549
0.74970711
0.84555309
1.08263440
0.46998854
0.32250820
0.37984692
0.57605244
0.55851485
0.50316497
1.40964145
1.02159606
0.43533255
0.69857629
0.36718297
0.97270861
0.98930832
0.95085407
0.70979864
0.62063015
0.45875056
0.57332968
1.12157019
0.61633863
0.60422896
1.08777879
0.55147851
0.52218382
0.75559736
0.23128167
0.69790042
1.37569209
0.44874922
0.26347186
0.21867410
1.16473529
0.38488540
0.60302908
0.79752195
0.41602416
0.96774940
0.23363011
0.68980184
0.40979485
0.91683580
0.32211206
0.30712165
0.65620533
0.95055002
1.09847126
0.24071275
0.37859108
0.50494838
0.29016978
0.70600363
0.47006817
0.24902895
0.82793968
0.84857670
0.89705799
0.32096592
0.84358175
0.46606246
0.60486992
1.00304380
0.32877467
0.38125557
0.93558221
0.73784754
0.63162577
0.43690831
0.74392314
0.93750937
0.56035403
0.54423565
0.91842738
0.54459031
0.62442095
0.57865312
0.85019364
0.43106039
0.67423250
0.48864310
0.67526252
0.45925964
0.42863914
0.75016593
0.34933672
0.46496119
0.60176853
0.97649708
0.51470203
0.50466508
0.43266541
0.43396591
0.83222825
0.62979867
0.36438303
0.50246130
