3.00000000
3.00000000
3.00000000
3.00000000
3.00000000
3.00000000
3.00000000
3.00000000
3.00000000
3.00000000
3.00000000
3.00000000
3.00000000
3.00000000
3.00000000
3.00000000
3.00000000
3.00000000
3.00000000
3.00000000
3.00000000
3.00000000
3.00000000
3.00000000
3.00000000
3.00000000
3.00000000
3.00000000
3.00000000
3.00000000
3.00000000
3.00000000
3.00000000
3.00000000
3.00000000
3.00000000
3.00000000
3.00000000
3.00000000
3.00000000
3.00000000
3.00000000
3.00000000
3.00000000
3.00000000
3.00000000
3.00000000
3.00000000
3.00000000
3.00000000
3.00000000
3.00000000
3.00000000
3.00000000
3.00000000
3.00000000
3.00000000
3.00000000
3.00000000
3.00000000
3.00000000
3.00000000
3.00000000
3.00000951
3.00001221
3.00002202
3.00000583
3.00000341
3.00000136
3.00000136
3.00000130
3.00000151
3.00000163
3.00000130
3.00000142
3.00000176
3.00000186
3.00000205
3.00000213
3.00000480
3.00000392
3.00000281
3.00000177
3.00000094
3.00000108
3.00000256
3.00000240
3.00000226
3.00000469
3.00000218
3.00000114
3.00000140
3.00000257
3.00000401
3.00000497
3.00000264
3.00000257
3.00000531
3.00000648
3.00000879
3.00000446
3.00000432
3.00000495
3.00000572
3.00000645
3.00000437
3.00000496
3.00000730
3.00000814
3.00001452
3.00001761
3.00001376
3.00000681
3.00000539
3.00000495
3.00000502
3.00000582
3.00000204
3.00000263
3.00000327
3.00000887
3.00001954
3.00000886
3.00001184
3.00008241
3.00010019
3.00012521
3.00019459
3.00042677
3.00053435
3.00060222
3.00025022
3.00018015
3.00018896
3.00014640
3.00008550
3.00004637
3.00002879
3.00001641
3.00001551
3.00000355
3.00000284
3.00000242
3.00000358
3.00000556
3.00000741
3.00000882
3.00002045
3.00002477
3.00002648
3.00002548
3.00000611
3.00000349
3.00000151
3.00000116
3.00000147
3.00000091
3.00000131
3.00000090
3.00000105
3.00000134
3.00000130
3.00000172
3.00000175
3.00000219
3.00000304
3.00000540
3.00000536
3.00000658
3.00000918
3.00001224
3.00001732
3.00001038
3.00001635
3.00001207
3.00001471
3.00001464
3.00002361
3.00002310
3.00002008
3.00002105
3.00002388
3.00002668
3.00003358
3.00002499
3.00002130
3.00001615
3.00001936
3.00001709
3.00002703
3.00001876
3.00002030
3.00002002
3.00001777
3.00002158
3.00003241
3.00004990
3.00005650
3.00009138
3.00020240
3.00038929
3.00045436
3.00035818
3.00024670
3.00022160
3.00018140
3.00018530
3.00013293
3.00007424
3.00005141
3.00004234
3.00004617
3.00004492
3.00006018
3.00004055
3.00004348
3.00002874
3.00001814
3.00001652
3.00001364
3.00003727
3.00007563
3.00006821
3.00007950
3.00009571
3.00007060
3.00013558
3.00014667
3.00005944
3.00011407
3.00018119
3.00007747
3.00003684
3.00001852
3.00000878
3.00000336
3.00000248
3.00000127
3.00000099
3.00000160
3.00000243
3.00000259
3.00000328
3.00000170
3.00000149
3.00000180
3.00000190
3.00000243
3.00000170
3.00000223
3.00000165
3.00000169
3.00000117
3.00000064
3.00000128
3.00000091
3.00000191
3.00000246
3.00000132
3.00000097
3.00000208
3.00000271
3.00000456
3.00000178
3.00000177
3.00000213
3.00000249
3.00000206
3.00000555
3.00000695
3.00001869
3.00003827
3.00019627
3.00090308
3.00169244
3.00073567
3.00054430
3.00067484
3.00119572
3.00263107
3.00407348
3.00553613
3.00295555
3.00055371
3.00026499
3.00013371
3.00003844
3.00001566
3.00000621
3.00000821
3.00000688
3.00000483
3.00000181
3.00000249
3.00000503
3.00000404
3.00000700
3.00001224
3.00000979
3.00001394
3.00002095
3.00003087
3.00002795
3.00001679
3.00001064
3.00000275
3.00000217
3.00000274
3.00000228
3.00000214
3.00000414
3.00000336
3.00000337
3.00001344
3.00000706
3.00002098
3.00002581
3.00009838
3.00011139
3.00003971
3.00004294
3.00022810
3.00035482
3.00009622
3.00011126
3.00019204
3.00055159
3.00059802
3.00048130
3.00016560
3.00017155
3.00024688
3.00024893
3.00004470
3.00004341
3.00005508
3.00007670
3.00001737
3.00001146
3.00000969
3.00003085
3.00002622
3.00001993
3.00001645
3.00001797
3.00001367
3.00000861
3.00001202
3.00001242
3.00000933
3.00000831
3.00000776
3.00001001
3.00001010
3.00001075
3.00001232
3.00000988
3.00001155
3.00001861
3.00002113
3.00002481
3.00002939
3.00003155
3.00003737
3.00003823
3.00003913
3.00004043
3.00004965
3.00003520
3.00002477
3.00001294
3.00000472
3.00000313
3.00000315
3.00000424
3.00001467
3.00000735
3.00000509
3.00000921
3.00000300
3.00001453
3.00001595
3.00007912
3.00012980
3.00022502
3.00022455
3.00008796
3.00005341
3.00003073
3.00002885
3.00002690
3.00003099
3.00003379
3.00000787
3.00000357
3.00000218
3.00000300
3.00000270
3.00000217
3.00000110
3.00000094
3.00000135
3.00000206
3.00000148
3.00000182
3.00000224
3.00000355
3.00000265
3.00000148
3.00000113
3.00000178
3.00000702
3.00000772
3.00001534
3.00002006
3.00001457
3.00000782
3.00000880
3.00001208
3.00002578
3.00004664
3.00006606
3.00004372
3.00003153
3.00002928
3.00004255
3.00004076
3.00003481
3.00001314
3.00001049
3.00001193
3.00001031
3.00001159
3.00001853
3.00001732
3.00001429
3.00001259
3.00000965
3.00000925
3.00000739
3.00000540
3.00000781
3.00001892
3.00003096
3.00006503
3.00008307
3.00015833
3.00024051
3.00017871
3.00018705
3.00016917
3.00016129
3.00012992
3.00011765
3.00008731
3.00007465
3.00005781
3.00005919
3.00005363
3.00004203
3.00003493
3.00002206
3.00002151
3.00002511
3.00002719
3.00002707
3.00001754
3.00001909
3.00002389
3.00003198
3.00004446
3.00002918
3.00001312
3.00000435
3.00000201
3.00000189
3.00000119
3.00000094
3.00000106
3.00000148
3.00000383
3.00000715
3.00001008
3.00001827
3.00004407
3.00003894
3.00000781
3.00001041
3.00003059
3.00002061
3.00001758
3.00001330
3.00000966
3.00000502
3.00000391
3.00000691
3.00000442
3.00000299
3.00000462
3.00000664
3.00000912
3.00000623
3.00000492
3.00000513
3.00000646
3.00001071
3.00001269
3.00002411
3.00004598
3.00009435
3.00012309
3.00014377
3.00012954
3.00021346
3.00022948
3.00029664
3.00024556
3.00028286
3.00022202
3.00032428
3.00028896
3.00029790
3.00039663
3.00042454
3.00055153
3.00066120
3.00069576
3.00078292
3.00071727
3.00054062
3.00049637
3.00039197
3.00035421
3.00026565
3.00026892
3.00026253
3.00020347
3.00017168
3.00014752
3.00020151
3.00017345
3.00010705
3.00007929
3.00006526
3.00005114
3.00004422
3.00004227
3.00004262
3.00004403
3.00004961
3.00003828
3.00002922
3.00003628
3.00003183
3.00002917
3.00002668
3.00002573
3.00001904
3.00001935
3.00001686
3.00002159
3.00002415
3.00002372
3.00003318
3.00003897
3.00003780
3.00003250
3.00003228
3.00002813
3.00001928
3.00001435
3.00000839
3.00001035
3.00000667
3.00000405
3.00000307
3.00000318
3.00000241
3.00000395
3.00000476
3.00000426
3.00000500
3.00000378
3.00000628
3.00000997
3.00001446
3.00001429
3.00001339
3.00002118
3.00003747
3.00003710
3.00005300
3.00004412
3.00004180
3.00002704
3.00003530
3.00004567
3.00008526
3.00006026
3.00002138
3.00001566
3.00000849
3.00000663
3.00000926
3.00001548
3.00002174
3.00005490
3.00008751
3.00010296
3.00011022
3.00009107
3.00004544
3.00004004
3.00002989
3.00002413
3.00002282
3.00001668
3.00001019
3.00000894
3.00001367
3.00001217
3.00000816
3.00000567
3.00000759
3.00001237
3.00001523
3.00001202
3.00001500
3.00002362
3.00002389
3.00001984
3.00001062
3.00000881
3.00001170
3.00000747
3.00000585
3.00000663
3.00000564
3.00001002
3.00001094
3.00001217
3.00000831
3.00000670
3.00000695
3.00000718
3.00000643
3.00000566
3.00000420
3.00000363
3.00000295
3.00000440
3.00000328
3.00000287
3.00000427
3.00000443
3.00000422
3.00000445
3.00000620
3.00000554
3.00000629
3.00000509
3.00000604
3.00000350
3.00000414
3.00000437
3.00000355
3.00000352
3.00000442
3.00000395
3.00000711
3.00000863
3.00001009
3.00001060
3.00001759
3.00001482
3.00000854
3.00002307
3.00001449
3.00001013
3.00000618
3.00000494
3.00000380
3.00000431
3.00000296
3.00000301
3.00000338
3.00000351
3.00000683
3.00000842
3.00000783
3.00000787
3.00000663
3.00000636
3.00000352
3.00000455
3.00000439
3.00000449
3.00000508
3.00000443
3.00000354
3.00000321
3.00000240
3.00000428
3.00000450
3.00000404
3.00000312
3.00000416
3.00000433
3.00000451
3.00000690
3.00000893
3.00000921
3.00000954
3.00001537
3.00001333
3.00001015
3.00001431
3.00001024
3.00000615
3.00000506
3.00000443
3.00001052
3.00001130
3.00001485
3.00000920
3.00000595
3.00000589
3.00000526
3.00000787
3.00001466
3.00002222
3.00003469
3.00007526
3.00008071
3.00011178
3.00009597
3.00011488
3.00012259
3.00015999
3.00017323
3.00012422
3.00010966
3.00009817
3.00010200
3.00014999
3.00022107
3.00027544
3.00023415
3.00031050
3.00019041
3.00011892
3.00015561
3.00054361
3.00098151
3.00115002
3.00065029
3.00085731
3.00062980
3.00074912
3.00082801
3.00073279
3.00093171
3.00178682
3.00156873
3.00267228
3.00312398
3.00168993
3.00119458
3.00065038
3.00019699
3.00010126
3.00012392
3.00006619
3.00008791
3.00005810
3.00002782
3.00003711
3.00001737
3.00002147
3.00000830
3.00001647
3.00000559
3.00000456
3.00001076
3.00000312
3.00000488
3.00000296
3.00000254
3.00000439
3.00000656
3.00000665
3.00003018
3.00007673
3.00023902
3.00023405
3.00037215
3.00037360
3.00071599
3.00035499
3.00041242
3.00021602
3.00018056
3.00038168
3.00040049
3.00040287
3.00126243
3.00087478
3.00040099
3.00064288
3.00200713
3.00194489
3.00720899
3.00732247
3.00823573
3.01004252
3.01165115
3.00314205
3.01486389
3.00942463
3.03137361
3.01188784
3.02462675
3.02382410
3.02725553
3.00623615
3.01282609
3.01736041
3.02970883
3.02854710
3.07174343
3.04941071
3.07034210
3.09847528
3.13123600
3.13647573
3.16361602
3.09675399
3.06965103
3.03411060
3.02548180
3.05159824
3.03371830
3.03485683
3.04701127
3.13843355
3.11946957
3.12977175
3.09721294
3.22015508
3.18133223
3.13216069
3.14474034
3.15918578
3.16023106
3.26325875
3.23207115
3.19049303
3.15524257
3.05844417
3.05597134
3.04655062
3.02270911
3.01817679
3.01153172
3.01302248
3.03869914
3.17571544
3.16043248
3.13756475
3.13806620
3.17499172
3.31713430
3.71571259
3.90376375
3.63255814
3.50607467
3.46117799
3.49305943
3.40338656
3.39780223
3.42674255
3.45165055
3.81709048
3.51987442
3.49109928
3.56278066
3.90737293
4.07789599
4.15124964
4.03972357
3.34211355
3.79604263
4.68810418
5.00672679
4.74158899
4.35064818
4.79941807
5.36593279
4.65400198
4.95669256
5.61995378
5.97529550
5.36607097
6.19011131
4.31510418
3.81336930
4.25954296
4.10662848
4.43825836
4.45893138
3.68680516
3.90517771
3.85046469
3.66138769
4.57987370
4.57882934
4.99504752
5.07719311
3.92370795
4.73386587
5.07092962
4.43795952
4.44762712
4.24691408
4.32042142
3.85963595
3.79689457
3.63362457
3.62921227
3.62107836
3.72257477
3.74112498
3.69837377
3.57886092
3.49252740
3.71587868
3.84805266
3.43042707
3.34600449
3.26631144
3.25582132
3.20704220
3.20928837
3.25935857
3.45380888
3.51405494
3.70327429
3.73035022
3.90312098
4.02243606
4.51789719
4.14115643
4.06907773
4.21199422
4.08717860
3.80370198
3.99065602
3.95205331
3.77901648
3.81789436
4.09516712
4.18954998
4.25019890
4.09619747
4.17867870
3.94697850
3.92508982
3.82503567
3.89785285
3.95028027
4.03414303
4.20541050
4.16027585
3.71551510
4.49005707
3.80655768
4.17456771
3.69282589
3.82831670
3.82032172
3.78719903
4.51021985
3.89065059
4.06778050
4.55317307
4.10595104
4.62285288
3.95133954
3.97500957
4.29000765
4.65321682
4.47212081
4.98322869
4.38449599
4.38928479
4.07914974
3.75221951
3.53342665
3.54358677
3.37333728
3.43488003
3.43060235
3.44575383
3.66789081
3.67379094
3.27994167
3.27061795
3.32557573
3.39618180
3.75266219
3.91512796
5.07270664
5.89548506
5.35898343
3.79615443
3.70359839
3.55777650
3.51976829
3.40439066
3.30015474
3.18134350
3.09041690
3.09181490
3.15228262
3.27563538
3.15367186
3.15235349
3.13490492
3.16483954
3.21595940
3.51520173
4.07828039
3.90290493
4.06064311
4.23564981
3.98772977
3.83781281
3.67863786
3.58769457
3.49876881
3.37866459
3.31790616
3.31801028
3.31762286
3.28253790
3.33853977
3.35141743
3.30252731
3.39934674
3.55060759
3.25640365
3.32883018
3.30226099
3.49828236
3.83517275
3.68983670
3.59208339
3.40256462
3.55910933
3.30294260
3.40804961
3.53492917
3.45877418
3.29344093
3.25380207
3.36483970
3.46777877
3.78645654
4.23680936
4.60767993
4.62593886
4.06177986
3.67706880
3.40314367
4.58549209
3.78334101
3.95890080
3.40511666
3.68907951
3.68728170
3.65208197
3.71098947
3.55731640
3.55819714
3.49275879
3.38961867
3.44308558
3.44971049
3.48496056
3.61853359
3.27678984
3.29704399
3.24108097
3.32519615
3.39398663
3.35515172
3.50247704
3.48549723
4.24738080
3.61552496
4.03395088
3.48043627
3.50375917
3.24303673
3.26423460
3.29820810
3.16499097
3.15030742
3.31828882
3.85508974
4.15404629
4.17755439
4.47355582
4.17217309
3.69469084
3.69153207
3.37465015
3.40694029
3.55498526
3.59020648
3.66624747
3.50205747
3.57017787
3.48131174
3.51662771
4.04714472
4.58894210
4.11445266
3.59755288
3.99236527
3.51510308
3.25362423
3.60351226
3.54136646
3.64149399
3.41930872
3.77821679
3.67256775
4.21400195
4.33750836
4.13357787
4.11270834
4.17153739
4.31312291
4.65251408
4.52850355
5.05238232
4.30199179
5.01907974
4.79346603
4.23992375
4.27466941
3.54514168
3.64683477
3.41200861
3.26966591
3.31731422
3.46760066
3.28047300
3.36303609
3.51561044
3.27409975
3.19814563
3.71785467
3.78035096
3.67028345
3.59525098
3.57158597
3.85778299
4.30203331
4.72847529
5.44650660
5.42477902
4.15549944
3.78560195
4.01808470
4.02602965
3.74289156
3.78645935
3.56704945
3.54272070
3.85973145
3.67857150
4.24369188
3.66124166
3.94642748
4.23779782
4.05860581
3.59948287
3.41396451
3.35809490
3.52548778
3.63339715
4.38385935
5.39242123
5.23417578
4.67261473
4.42574414
4.77960081
5.96898406
6.04181619
5.57905087
5.30620528
5.01952348
5.48113845
4.91620578
5.13545709
5.27582569
4.00813462
3.77391190
3.83016351
4.07376114
4.28007838
5.71065618
6.19206002
4.57526101
6.80663744
7.27145598
7.16337893
5.99396375
6.17377405
5.59312211
5.23296558
5.70235656
6.06455206
6.71706587
6.37706273
5.42268636
5.14085963
4.63331049
4.43807634
4.83404625
4.63543487
4.68644069
4.81698896
4.57227332
4.03337040
4.28251096
4.08574566
4.38169585
4.21357109
3.96912353
4.30076892
4.18504097
4.20772203
3.58012632
3.68959226
3.75423977
3.75543916
4.02786895
4.83850429
5.78135108
6.84914019
6.51785429
6.48574586
6.56092871
5.12398297
4.93642707
4.62092128
4.08488270
3.77683843
3.42427832
3.70089769
3.80272571
4.16687260
4.21788039
5.11637636
4.21201842
3.45490785
3.37195252
3.73455450
4.07431067
4.42627215
4.67685992
5.20532916
5.93370052
6.98074313
7.34820252
7.97724601
7.86409372
5.68670554
4.84321414
5.03067244
5.87953203
6.25699111
5.16441434
4.45510001
3.88794679
3.47923766
3.88724768
3.62963020
3.66377194
3.42941451
3.39406563
3.25562259
3.31514044
3.34027235
3.43544116
3.29599307
3.44375735
3.24129416
3.70953209
3.71266900
5.62319435
7.33356171
6.26107335
5.51238811
4.97826929
5.33086866
4.44741074
4.32020121
4.36826580
4.55708412
5.03168908
5.32921488
5.59857965
4.96309492
4.86229306
4.68245505
4.23818814
4.34852388
4.52766425
4.35208484
4.84187230
5.26037043
5.08851531
5.11634669
5.12039549
5.75433515
5.44670426
5.98417015
4.10568531
5.47094816
5.86257759
5.56235898
5.01222039
4.60896179
4.82901190
4.88675111
4.94244395
5.15599392
5.75910874
5.14153534
5.25104114
5.58874529
5.10996188
6.35683835
5.96966570
6.25438584
4.78219676
4.49248149
4.26258161
3.84488209
3.87768629
4.06084920
4.52834799
4.71178408
6.24744134
6.08468825
6.16341714
4.90359387
4.23385837
5.02525896
5.36316523
4.86260912
4.95202080
5.45632440
5.48325531
4.47936244
4.64335130
5.92528884
6.26059080
5.88682746
5.04314073
4.42957011
4.74127255
4.61265883
4.37472510
4.49264995
4.31678649
4.15484454
3.81951986
4.01266531
3.65572871
3.67232013
3.80733510
3.76629072
3.49450032
3.55367362
3.58056155
4.53577490
5.76216772
5.82010119
5.94153365
4.66049349
4.85809609
5.76823439
5.24042514
5.37423511
7.92221158
7.72640353
7.42217007
5.78880378
6.72223833
7.72003058
8.61881180
8.00888614
7.04300246
7.89413704
6.70976153
6.01215707
6.25561181
5.31698305
5.99307184
5.43251591
6.56735488
6.93670002
7.35657655
7.22155575
6.37370131
5.31275995
4.68127864
4.82829048
4.44246413
3.70846963
3.58044532
3.80037974
4.21987964
4.27258226
5.27031944
5.24160887
4.72287635
4.79061101
4.50017380
4.82196650
4.32629505
4.14492429
4.51743904
5.46350026
4.83540746
5.20988551
4.56734198
4.52060554
4.02065178
3.72934604
3.69057432
3.75927597
3.97622528
3.78012644
4.36257369
4.81233116
5.88493170
4.82523622
5.18493973
4.89264021
4.16781392
4.59153897
4.46119006
5.08602331
5.37329977
5.11260023
3.93115149
4.17527924
4.03831674
3.90177526
3.84428038
3.86518107
3.59059115
3.63292900
3.79563588
3.89535198
3.91493077
4.23531276
4.44518719
3.97256339
4.14925242
4.47087460
4.70155512
5.02356444
4.57875689
4.43092440
4.39364891
4.39568076
4.33768980
4.87050583
4.72462496
4.54505611
4.71584788
4.15087600
4.16121498
4.27018915
3.69430237
4.04231221
4.06525917
4.40893477
4.04073564
3.61636366
4.03928040
4.24041569
4.37872855
4.59523057
4.47822640
4.16903781
4.40638953
3.85823950
3.79931725
3.69030509
3.76846758
3.76869838
3.65651450
3.70932334
3.82079464
3.60291895
3.62857431
3.88513969
3.86894000
3.75413119
3.66346672
3.54839612
3.52373536
3.56123887
3.47214986
3.64040145
3.51900356
3.67769274
3.82115505
4.10020603
3.91125844
3.57297230
3.55946503
3.58491109
3.59328358
3.38748021
3.36255235
3.34605432
3.33124964
3.41125586
3.42852759
3.57231936
3.47268500
3.52235259
3.44966385
3.63657098
3.40040595
3.48390178
3.53460984
3.51876300
3.75839183
3.70908666
3.67907394
3.81370072
3.58622487
3.38164090
3.26862900
3.13023286
3.16678435
3.14747415
3.20688809
3.20338766
3.20896024
3.14805174
3.15028670
3.17532403
3.16814191
3.20900451
3.18433355
3.16806200
3.29383918
3.30266034
3.35772900
3.20311806
3.33768005
3.55770157
3.65222452
3.50888738
3.19248648
3.21183702
3.06493161
3.04615285
3.01241407
3.01520684
3.00992892
3.03077384
3.01279209
3.00822803
3.01725955
3.01125151
3.00269174
3.00210092
3.00203647
3.00282552
3.00695646
3.01436036
3.03816862
3.02010964
3.02342352
3.00432242
3.01228492
3.00333954
3.00053280
3.00194921
3.00164606
3.00144818
3.00279241
3.00177572
3.01039656
3.01495508
3.01312873
3.01170406
3.00549766
3.00540532
3.00297595
3.00076799
3.00040302
3.00023089
3.00008917
3.00003261
3.00004319
3.00001752
3.00006144
3.00005033
3.00005756
3.00027814
3.00020343
3.00035396
3.00031459
3.00048355
3.00051894
3.00011562
3.00004976
3.00002817
3.00001413
3.00000969
3.00000834
3.00000472
3.00001486
3.00006964
3.00025487
3.00012033
3.00007803
3.00022333
3.00008482
3.00002256
3.00007776
3.00001393
3.00002215
3.00003306
3.00005955
3.00007518
3.00006352
3.00002563
3.00005775
3.00029336
3.00019023
3.00007901
3.00003234
3.00003900
3.00002557
3.00001179
3.00001452
3.00002096
3.00006152
3.00005395
3.00011607
3.00027188
3.00011859
3.00004562
3.00001410
3.00001342
3.00001980
3.00005838
3.00004458
3.00003256
3.00002141
3.00001225
3.00000768
3.00001388
3.00002530
3.00003190
3.00002481
3.00003358
3.00003718
3.00002547
3.00002883
3.00003246
3.00003557
3.00002909
3.00002344
3.00001423
3.00001167
3.00001377
3.00000762
3.00001030
3.00001036
3.00001698
3.00002172
3.00006214
3.00017761
3.00042386
3.00057224
3.00053607
3.00053383
3.00046585
3.00016737
3.00007343
3.00005204
3.00003608
3.00003089
3.00005272
3.00010597
3.00007183
3.00004192
3.00002611
3.00000621
3.00000420
3.00000474
3.00000293
3.00000507
3.00000322
3.00000744
3.00000797
3.00001031
3.00002744
3.00002380
3.00001192
3.00002301
3.00001854
3.00003302
3.00005317
3.00008171
3.00002573
3.00002336
3.00001128
3.00000921
3.00001107
3.00000929
3.00000909
3.00000596
3.00000452
3.00000278
3.00000310
3.00000252
3.00000334
3.00000379
3.00000389
3.00000661
3.00000406
3.00000307
3.00000461
3.00000362
3.00000697
3.00000531
3.00000328
3.00003240
3.00002135
3.00001460
3.00001981
3.00003856
3.00008566
3.00014470
3.00014230
3.00029718
3.00022964
3.00013892
3.00052244
3.00078947
3.00025992
3.00017684
3.00011113
3.00004600
3.00005203
3.00010387
3.00012197
3.00025382
3.00008997
3.00003072
3.00003247
3.00017234
3.00053453
3.00042594
3.00059849
3.00046885
3.00028971
3.00011602
3.00012864
3.00013081
3.00018873
3.00015565
3.00017095
3.00021887
3.00044691
3.00089015
3.00104927
3.00078238
3.00039378
3.00011426
3.00007217
3.00001933
3.00001080
3.00001155
3.00002038
3.00002831
3.00001252
3.00003325
3.00005942
3.00025194
3.00025650
3.00068500
3.00055950
3.00031017
3.00044565
3.00025599
3.00024112
3.00011086
3.00010350
3.00009500
3.00005774
3.00004523
3.00001745
3.00000694
3.00000468
3.00000423
3.00001069
3.00000303
3.00000447
3.00000516
3.00000348
3.00000916
3.00000642
3.00000605
3.00001024
3.00001039
3.00000799
3.00000930
3.00000363
3.00000686
3.00000536
3.00000369
3.00000152
3.00000419
3.00000320
3.00000578
3.00000980
3.00000500
3.00000471
3.00000816
3.00000237
3.00000276
3.00000154
3.00000344
3.00000354
3.00000235
3.00000219
3.00000215
3.00000272
3.00000302
3.00000331
3.00000654
3.00000922
3.00001384
3.00006850
3.00008328
3.00029587
3.00024225
3.00012702
3.00006775
3.00007735
3.00005090
3.00002807
3.00002891
3.00001333
3.00000388
3.00000267
3.00000932
3.00000962
3.00000334
3.00000976
3.00000953
3.00001227
3.00001172
3.00000749
3.00000786
3.00000395
3.00000468
3.00002366
3.00004408
3.00004919
3.00008170
3.00004862
3.00003750
3.00002466
3.00001369
3.00002413
3.00006999
3.00007701
3.00005905
3.00001813
3.00002316
3.00003385
3.00006253
3.00004287
3.00003911
3.00007265
3.00006713
3.00003569
3.00001346
3.00001174
3.00001108
3.00001980
3.00003661
3.00002598
3.00001815
3.00001157
3.00000799
3.00000512
3.00000662
3.00000870
3.00001009
3.00001035
3.00001729
3.00001647
3.00002127
3.00002848
3.00004359
3.00004180
3.00004945
3.00005092
3.00005836
3.00006248
3.00006826
3.00008006
3.00007442
3.00008977
3.00008599
3.00008519
3.00008171
3.00006276
3.00003630
3.00002337
3.00002067
3.00003623
3.00003913
3.00004633
3.00004696
3.00010786
3.00014910
3.00028527
3.00016813
3.00028377
3.00025052
3.00011602
3.00012770
3.00008841
3.00008754
3.00015934
3.00019110
3.00015414
3.00021717
3.00022992
3.00017706
3.00019980
3.00016704
3.00010430
3.00003126
3.00003268
3.00003013
3.00001718
3.00002032
3.00001789
3.00002256
3.00002503
3.00003326
3.00004564
3.00007736
3.00009382
3.00007441
3.00003388
3.00006162
3.00009103
3.00087480
3.00029650
3.00019362
3.00050509
3.00063459
3.00177523
3.00224653
3.00323070
3.00223450
3.00153775
3.00056605
3.00325368
3.00048841
3.00005436
3.00003746
3.00002235
3.00003013
3.00001733
3.00011661
3.00024735
3.00009792
3.00003052
3.00009033
3.00021142
3.00028655
3.00059888
3.00341680
3.00437284
3.00218732
3.00230706
3.00176456
3.00185889
3.00279567
3.00267839
3.01144642
3.00861149
3.03798634
3.09799426
3.04479058
3.03060454
3.05612705
3.05576947
3.09107097
3.05334085
3.02436260
3.00948183
3.01796106
3.01313481
3.00529263
3.00184262
3.00380723
3.00308933
3.00455361
3.00524267
3.00348693
3.00269804
3.00429896
3.00518711
3.00416533
3.01421331
3.01548630
3.02283914
3.01914038
3.03326894
3.02585827
3.01616480
3.01644144
3.01223451
3.02248576
3.01492126
3.02581555
3.07987778
3.03762306
3.03982543
3.04421812
3.03414454
3.03636044
3.03566121
3.05623616
3.03621721
3.01909905
3.00764813
3.02637168
3.05019338
3.05551261
3.07530623
3.02924331
3.08138064
3.23787053
3.40857278
3.17221229
3.29161599
3.09081316
3.09011696
3.12774739
3.33267948
3.40254253
3.33204032
3.22754788
3.27959511
3.86476481
3.93960781
4.17463194
3.41513917
3.10254699
3.13782227
3.25397182
3.33215122
3.59646271
3.41465135
3.26960012
3.42359150
3.42825492
3.32935063
3.24882627
3.24486935
3.55283434
3.28331014
3.35001789
4.93565197
5.01006765
4.63587556
4.26182227
4.71557512
4.94739602
4.35441583
3.80602784
3.63849415
3.86044157
4.11959508
4.27806103
4.77255007
5.46051715
7.07395422
7.84678762
7.30729892
5.34907627
4.19922454
4.51198667
4.37786762
4.76785036
4.69009083
4.65331352
4.65261018
4.80599668
4.70796742
4.51377406
4.12190519
3.36205383
3.32294772
3.32429694
3.25569862
3.22134802
3.22824454
3.39774933
3.90170307
5.38192125
5.80245807
6.84222718
6.69378062
6.83035089
6.99007480
6.22770356
5.23379279
4.64005467
4.83841369
6.33433208
6.13636662
4.66019928
3.43544073
3.73452850
3.84331020
3.98248425
6.99783365
8.35614719
9.07719970
5.82396769
6.24046311
7.04210066
8.90305600
5.14459682
4.41779247
3.94700731
4.79791862
4.64711882
6.11154780
6.78330623
6.47263226
6.23744037
6.72321829
8.68880411
9.82240853
9.95216147
7.96783900
6.08242940
7.00983038
4.82264803
5.60261626
5.27119786
5.70950468
5.28970153
4.43928723
6.88694455
6.11335645
8.45992742
5.84220592
6.02643456
5.41995468
6.98974375
6.57902289
8.00340341
8.78907181
9.06295407
8.05422328
7.22975206
8.11409491
10.59939056
10.58410485
11.11222279
11.45571085
11.08586209
12.05358484
11.54729692
11.44644667
12.17315907
11.21242649
11.06425609
11.32283500
11.16918799
9.44210807
10.89707374
10.83658974
9.76886722
9.08693563
8.58634292
8.77705488
8.36253270
8.82291453
10.11384721
11.47626206
11.34385221
9.36323073
9.47161708
9.17853511
9.87116414
9.51099584
11.15481221
10.46069060
8.08678080
7.68153121
9.54055374
10.49419922
9.94331742
10.93026428
9.68157986
12.18060083
10.83404527
10.39562821
10.86038691
10.70943953
10.54457117
11.32105835
9.54586166
7.81886000
8.62176042
7.77017988
8.84409970
8.88364956
9.81238616
7.49951599
8.92336194
8.66526559
8.00751719
9.20364508
8.60614432
10.98346118
12.35461367
13.19486310
12.97364496
11.61703604
10.57799773
10.09670175
8.86374721
6.47454123
7.27194853
8.34844918
8.08840148
7.86853207
7.83428120
7.26403316
6.49757858
5.03134535
4.96211216
5.68438250
5.78477042
4.83473706
6.09321235
5.63349317
6.79905615
7.26431202
9.46340428
10.77272421
11.85057496
9.49422469
9.34148554
11.16958137
9.37692638
9.71735517
6.35840890
8.64082396
9.86125800
10.01749930
10.89418616
9.67971075
12.02038761
11.19664155
11.78731774
10.58977888
9.66297517
9.57708545
7.67262183
7.36042927
8.61605018
8.60986478
8.28558077
8.96470320
8.95943054
9.59703691
10.98827512
10.44543831
11.20052828
10.75447913
8.82580937
10.30805569
8.13641987
8.20506655
8.38339334
8.78319193
9.05724115
9.90616740
10.27162110
10.78119399
10.36311743
11.07613274
11.34305573
10.74508929
10.69230101
11.46084596
11.32204353
8.78003715
9.77335913
7.95670193
9.59898940
7.54913392
9.37046507
8.30131517
9.59962348
7.62787156
9.51792974
8.15743818
9.52469973
9.52888863
9.93093663
10.15376955
8.80375122
9.19780425
11.65656614
10.47372607
10.66063313
8.48035031
8.24510538
7.16632869
8.11265000
7.17719923
7.84733566
7.65662985
6.38328330
5.10234078
4.64482317
6.01252252
7.42177484
5.64950803
6.08754059
5.92564302
6.21172937
5.53266008
5.72404890
6.12767099
5.71625743
8.10626731
7.73518183
7.13617635
5.55500965
5.12568631
4.96343639
5.38075390
5.90393739
6.26513208
6.71149035
7.70949468
9.33294876
8.58210355
9.12680588
9.91846208
10.30589823
8.76987989
8.08375837
7.36814245
8.00453589
5.88553903
6.75741923
6.99141886
5.87474088
6.00930483
5.66286816
5.53031231
3.83753237
4.01100830
4.37675170
5.97314066
6.48534165
7.37734903
5.59861600
4.79925672
5.91329051
6.36317236
6.02473888
7.74634082
7.57316136
9.89462572
8.41334516
8.89592991
8.57577206
9.72041262
9.18710666
7.78712259
7.78438524
6.02232806
5.19581554
4.28725842
5.41227016
5.80495378
6.67299222
6.05478679
6.41516843
6.10225804
4.74523741
4.82817752
4.95948817
4.35911745
4.41785757
4.50439133
4.45240442
4.77962421
4.20646614
4.33528518
4.43621091
4.71552137
6.27312566
6.92033652
8.42825700
7.12529568
7.32730885
6.22438220
7.41689420
6.27647904
5.35189258
4.44673722
5.26068073
4.96455232
4.38206558
4.61858972
5.09523679
5.69168562
4.81444209
5.05888170
5.53693232
4.61157108
3.99649892
4.34733345
4.97253951
4.74111847
4.43773002
4.82953090
4.80076931
5.99630936
5.89369779
8.20915637
8.44759290
8.50410703
9.96101753
6.08712221
5.59619171
4.26643568
4.02103818
3.48391719
3.57376004
3.58391469
3.83164736
4.99936435
4.80490020
4.79989873
4.85605247
5.31208953
7.38435885
6.56370214
9.12400757
9.51659447
9.65949731
6.05554369
5.76952911
4.89465981
5.60957627
5.39675056
5.02049468
4.93421881
4.56382874
4.39178846
5.43874030
6.43378278
7.17353178
6.17852539
7.57985015
5.52345456
5.50315559
5.43313238
5.07523898
4.70256938
5.13907135
5.04824292
5.91115157
7.51420253
7.14802167
7.92834570
6.92932422
6.21634819
8.13282149
8.57627355
8.15023721
8.93679993
8.59643068
7.21837268
7.92225252
7.16629313
7.32255139
9.70356759
6.95108344
8.82293276
5.88476329
7.09208008
6.54617811
7.69350488
7.96637558
9.58457480
7.77082393
8.33037981
10.06572537
10.20172302
10.31084303
9.17167262
10.93326011
8.81834099
10.56497890
8.89794328
9.35890790
7.75292498
8.17778706
6.66418917
7.79865415
5.37074590
5.00292141
5.27357227
6.12866276
6.37641485
7.81263109
9.90382656
10.11152749
9.92598724
9.41589082
9.39949676
8.76455135
6.61466255
7.94956340
6.43080751
8.04292793
7.93566849
7.17789955
6.47577586
6.96646899
7.80789886
6.48537544
8.04964263
6.13647626
6.67387128
7.06659304
6.04246048
6.31864030
8.73993201
7.55881525
7.84036230
10.40050230
8.98447256
7.52869802
6.50154993
5.30373357
5.84948292
7.92032119
6.93019891
7.33153102
6.41191315
8.86208147
9.47106946
11.43710928
9.90746669
9.33457438
9.24232656
8.70748271
7.05875523
7.38913595
6.64121281
6.07383467
5.80815810
4.98797864
5.10391164
7.44163360
5.61817676
6.77425480
4.95839470
7.22413125
8.04594366
7.36111986
8.92469383
9.32148352
8.64800703
8.51160775
6.68806726
7.30095891
7.47936083
7.42485911
8.59778954
8.86633676
9.12925607
7.28948440
7.13182409
7.18530397
7.35018662
7.36792093
6.79570964
7.02586105
6.67764178
6.47090664
7.58197364
7.84729179
6.82364614
7.60622447
6.81092266
5.85843314
5.14955154
5.96349811
7.17034354
5.11827829
7.06084835
7.08934918
9.35974435
8.36149328
9.61179777
8.14426454
7.41243399
6.21147057
7.45723449
7.80833166
7.62657352
8.66845861
8.36265622
9.22434210
8.55025046
8.77656818
7.97547708
9.27471853
7.88869408
7.14866322
7.73291329
7.17264663
5.50161252
6.44179334
5.29612557
4.62836416
6.03159000
5.78305048
6.79342933
6.89793763
6.99531035
6.80326690
6.85887948
6.98605910
6.84715774
6.86815129
6.75875220
7.99176907
6.58448701
6.29121614
6.93299779
7.27377407
8.14855079
6.85480591
9.42092940
8.16852869
6.84870330
8.22473178
6.55350640
6.29134060
6.47179269
6.83964735
6.50728404
7.07527535
5.66393276
5.42194977
5.10943122
5.94741813
5.02054858
4.59192942
3.92673796
3.76955821
4.26032286
4.61081715
4.08381633
4.53957758
4.30432103
4.35306464
5.67666265
8.09119971
7.78733076
6.33954061
5.12521126
6.34638402
6.18862865
5.42568978
4.44451795
4.77030521
4.99183064
5.07773770
5.23198208
6.70986357
4.86341577
6.40073862
5.42292933
7.63675014
7.61388041
8.90934571
7.98150831
9.56727499
7.88658780
7.67574273
7.16249112
7.15164773
8.08112038
7.88946133
8.43094249
8.02143982
7.80709262
9.06612781
10.15970297
8.88564312
7.38365312
7.50122997
6.36114968
6.69331995
7.10804138
7.29892208
5.70429093
5.55738640
6.14170152
6.45594301
7.83540254
8.83247649
9.78140421
8.68474692
9.39903039
11.03216944
10.69843992
9.92104968
8.21142991
7.98915258
6.63271172
6.60353010
5.75399332
4.95342947
4.61392273
4.83896023
4.51106470
5.52081708
6.50361476
7.53386366
10.67042661
8.62891817
9.12591984
6.43158891
6.54737293
5.23753464
6.22904256
7.34010439
6.39830672
7.70239412
6.56882841
7.34684152
6.05491564
5.90079415
5.73628653
5.38470049
4.59990318
5.05418945
4.89550272
4.51064129
5.26156128
4.91155958
4.38860600
4.43308179
5.69139165
6.99269321
5.89363545
4.68009114
4.48016094
3.78103368
3.94056795
4.45194501
4.54180460
5.79905441
6.07854186
6.70874427
4.91213471
4.97564605
3.96451475
3.89835889
4.23855739
5.53484865
5.84316506
5.87733684
6.84739451
8.10594777
7.50865087
8.39832983
8.44673833
7.43952327
6.87826608
9.15283685
7.26007120
6.33142696
6.89768910
7.78205969
7.77001348
6.46953621
6.81956233
5.14697990
5.93665959
5.84097517
7.35166219
5.36155065
5.35843565
5.75521164
5.91598602
6.19227429
7.49974025
8.49648626
8.52504513
10.03208800
8.75612392
7.84407968
6.55272180
5.97450503
7.18772695
9.62197292
8.28375284
7.84209278
6.64599073
4.91381472
3.91188498
3.85479468
4.65002841
6.01122045
6.12921580
6.11222005
5.66657931
5.46392849
5.49388141
5.17743510
5.63061346
5.76498420
6.40527975
5.82079742
7.42148860
6.11376665
6.26150413
4.87161975
5.51480086
7.05975180
5.89532321
6.18124853
6.28967603
7.88307446
7.81461227
7.99407242
7.31358891
8.01199690
7.41878558
8.46331744
9.56248104
10.07272397
9.85596978
10.61839787
8.32794023
8.31576605
5.73323904
6.82119467
7.10772322
5.92537426
7.19893568
8.40397530
7.53727258
7.93557411
9.26888921
6.63797899
7.65256013
7.05724357
8.48049271
8.37914090
7.91054495
7.00292119
6.75349204
5.60919719
4.57869971
4.11332789
4.30498093
4.59041929
5.10476476
6.23015664
5.89297748
5.58800985
6.16763251
5.57566827
4.62537594
4.24130444
4.40382730
4.15673053
5.26076496
5.64967413
7.14961291
7.89965300
8.01154975
6.44094512
8.21627044
8.89033183
10.07185851
8.11103946
8.70946568
9.95628709
10.43429914
9.46272891
10.28175289
9.72192188
10.10417461
9.19013532
8.60021767
7.07369056
6.48530171
6.73514518
5.74443679
5.45896326
5.46234410
7.93403622
8.23310268
7.52836188
9.15750487
9.66803352
9.71341893
8.89340449
8.72024828
9.28958778
9.93988736
10.11358707
9.84918131
8.88792378
9.33303010
9.75158184
8.27627611
8.11027772
9.08088959
8.44552691
6.82876621
6.37813731
6.36922227
6.74558806
6.85250503
6.02604701
5.47215560
5.17242218
4.95225929
4.40262098
3.96873111
3.66984929
3.71266900
3.41379900
3.39511175
3.65419239
3.58094312
4.05834686
3.94219197
4.71733306
4.39057219
5.73310907
5.19561086
5.43107043
7.20354298
7.04696787
6.36350323
5.61312869
6.26774747
7.60030997
6.64082577
6.26162573
6.50341894
5.82833879
4.42519713
4.41649499
5.06249964
4.40269129
4.35126703
4.47366771
4.76835621
5.58468643
5.28742536
4.78967556
5.12041782
5.33023072
4.63176487
4.21931232
3.91798328
4.22280878
3.62870797
3.54825983
3.94633512
4.28633235
4.36103217
4.79302859
3.80435863
3.73021543
3.42811399
3.31554899
3.50796915
3.31446373
3.37134900
3.33570489
3.28607408
3.21266922
3.29624081
3.35894464
3.58389838
3.85888519
3.57813754
3.78536876
3.39862609
3.39901936
3.39902204
3.74980213
4.62276893
5.14680410
5.41651802
6.12275271
4.05599496
4.45098458
5.18845433
5.67992251
5.22224723
5.91454164
4.19688741
5.05518651
5.81147706
5.90128382
6.23885874
4.41727843
3.90933503
3.96304004
3.66675727
3.56589112
3.73322820
3.76431266
3.61304059
3.67936811
3.90925206
4.05305957
3.92326616
4.03906365
4.05159918
3.49590094
3.54143088
3.48764765
3.60275505
3.40510324
3.42625217
3.38962563
3.33133590
3.29342249
3.24369544
3.19963816
3.21772010
3.26968128
3.23965693
3.20657805
3.14053202
3.21714472
3.18459116
3.18540726
3.30073486
3.38037192
3.61971479
3.56364170
3.60690028
3.68411553
3.33316697
3.46783527
3.36706234
3.57616953
3.53965402
3.62255916
3.47565903
3.38192613
3.36453647
3.34573822
3.25464407
3.22464109
3.20925085
3.41577693
3.21460288
3.13370246
3.09379434
3.09894185
3.11135999
3.09496100
3.08719163
3.08211743
3.05580581
3.03182654
3.02824764
3.11483717
3.16686683
3.07095911
3.05421251
3.06446673
3.03605290
3.03102648
3.02376903
3.04303701
3.03341372
3.02265495
3.02390466
3.05318611
3.02621874
3.04009895
3.03022294
3.04597635
3.08273322
3.05740402
3.07595152
3.09225753
3.03005602
3.05942627
3.02545072
3.03318364
3.04374589
3.02760969
3.01741272
3.00589604
3.01281084
3.00784916
3.00401393
3.00377147
3.00595558
3.00550621
3.00274223
3.00270401
3.00579688
3.00204339
3.00363564
3.00806965
3.00437717
3.00489736
3.00388093
3.00976444
3.00456847
3.00514538
3.00336319
3.00492220
3.00223309
3.00279334
3.00510575
3.00232340
3.00200016
3.00211005
3.00262682
3.00268242
3.00169482
3.00157262
3.00164350
3.00234286
3.00134983
3.00180274
3.00140589
3.00123012
3.00047886
3.00103250
3.00063864
3.00046853
3.00066715
3.00101114
3.00083475
3.00091374
3.00127238
3.00080076
3.00078252
3.00122741
3.00111876
3.00146132
3.00177298
3.00209302
3.00132820
3.00119524
3.00116883
3.00114226
3.00080114
3.00141612
3.00273653
3.00389533
3.00462139
3.00544192
3.00372098
3.00325276
3.00375125
3.00173488
3.00175571
3.00276674
3.00308703
3.00357182
3.00193192
3.00172110
3.00099312
3.00118010
3.00070072
3.00090708
3.00315339
3.00681965
3.00652138
3.00532012
3.00338045
3.00131472
3.00099791
3.00076882
3.00061068
3.00046148
3.00033257
3.00074380
3.00100378
3.00074477
3.00030002
3.00014636
3.00009837
3.00007114
3.00009848
3.00011131
3.00013522
3.00010280
3.00010891
3.00016674
3.00010213
3.00010586
3.00010785
3.00027910
3.00051084
3.00057868
3.00038309
3.00016890
3.00024165
3.00040176
3.00039559
3.00055686
3.00096434
3.00090088
3.00087407
3.00065128
3.00051913
3.00062163
3.00064999
3.00065695
3.00073878
3.00080659
3.00138025
3.00170535
3.00224857
3.00223161
3.00171271
3.00146636
3.00095856
3.00087344
3.00036940
3.00028594
3.00061260
3.00035303
3.00025745
3.00023215
3.00023656
3.00022550
3.00016694
3.00016910
3.00013233
3.00009087
3.00008727
3.00006586
3.00005298
3.00002110
3.00002573
3.00002405
3.00002769
3.00003016
3.00005325
3.00013943
3.00019902
3.00022772
3.00039277
3.00090347
3.00091941
3.00061892
3.00053428
3.00039919
3.00034915
3.00045807
3.00031329
3.00017725
3.00010391
3.00007845
3.00004725
3.00001402
3.00000606
3.00001251
3.00000453
3.00000210
3.00000241
3.00000335
3.00000258
3.00001053
3.00000462
3.00000342
3.00000209
3.00000105
3.00000109
3.00000364
3.00000453
3.00000198
3.00000348
3.00000100
3.00000217
3.00000127
3.00000165
3.00001234
3.00000320
3.00000831
3.00000430
3.00000580
3.00000731
3.00001723
3.00002349
3.00001624
3.00001427
3.00001139
3.00000574
3.00000224
3.00000191
3.00000287
3.00000471
3.00000618
3.00001316
3.00001758
3.00003100
3.00008349
3.00018631
3.00025730
3.00045010
3.00045814
3.00030021
3.00020252
3.00017277
3.00012118
3.00005885
3.00007144
3.00015830
3.00025907
3.00027182
3.00025886
3.00020195
3.00012297
3.00015428
3.00015964
3.00013338
3.00007308
3.00002864
3.00002530
3.00005486
3.00005200
3.00004595
3.00002425
3.00001716
3.00001379
3.00000803
3.00000784
3.00000746
3.00001556
3.00001711
3.00005983
3.00004052
3.00003782
3.00004019
3.00005762
3.00008904
3.00010650
3.00005529
3.00005002
3.00004111
3.00003068
3.00001688
3.00000603
3.00000332
3.00000692
3.00000324
3.00000437
3.00000470
3.00000707
3.00002115
3.00002057
3.00002732
3.00003938
3.00005174
3.00005470
3.00015250
3.00023444
3.00028722
3.00017678
3.00009005
3.00006442
3.00009186
3.00014058
3.00016542
3.00016019
3.00009087
3.00005792
3.00004182
3.00004697
3.00004383
3.00004441
3.00002585
3.00002582
3.00003919
3.00003608
3.00002624
3.00001910
3.00001238
3.00001163
3.00001064
3.00001340
3.00001652
3.00002204
3.00003542
3.00011167
3.00011712
3.00014461
3.00024031
3.00057578
3.00123856
3.00086250
3.00056351
3.00035010
3.00032846
3.00017496
3.00015767
3.00010328
3.00004943
3.00003806
3.00002939
3.00004197
3.00006079
3.00008704
3.00008257
3.00004947
3.00003523
3.00003999
3.00009040
3.00007328
3.00008848
3.00004171
3.00001496
3.00001094
3.00000591
3.00000249
3.00000110
3.00000102
3.00000106
3.00000159
3.00000214
3.00000285
3.00000469
3.00000179
3.00000562
3.00001659
3.00001510
3.00002054
3.00001453
3.00000739
3.00000824
3.00000804
3.00000776
3.00000896
3.00000813
3.00000765
3.00000634
3.00000846
3.00001049
3.00001594
3.00002554
3.00006344
3.00009646
3.00010103
3.00011142
3.00011131
3.00013966
3.00013160
3.00011513
3.00014618
3.00024630
3.00028349
3.00034105
3.00040781
3.00052121
3.00077558
3.00077415
3.00058039
3.00047591
3.00045631
3.00035362
3.00030066
3.00030733
3.00021639
3.00013391
3.00016369
3.00017129
3.00014012
3.00010305
3.00008882
3.00005503
3.00004837
3.00002775
3.00001501
3.00000897
3.00000893
3.00001161
3.00004321
3.00006420
3.00009759
3.00016868
3.00033953
3.00047845
3.00084347
3.00132205
3.00118306
3.00267809
3.00250602
3.00463130
3.00438702
3.00600750
3.00680329
3.00424212
3.00496164
3.01210177
3.02140878
3.02116452
3.00487521
3.00226566
3.00078694
3.00041945
3.00024104
3.00047192
3.00121822
3.00298861
3.00455922
3.00428827
3.00523613
3.00195000
3.00034196
3.00014180
3.00006998
3.00016038
3.00008402
3.00011275
3.00005500
3.00002991
3.00002502
3.00004599
3.00012137
3.00035924
3.00011865
3.00008820
3.00014305
3.00023190
3.00014788
3.00025133
3.00044431
3.00088775
3.00060469
3.00028522
3.00037201
3.00070815
3.00400962
3.00084732
3.00126494
3.00133363
3.00125781
3.00096189
3.00161009
3.00334475
3.00819889
3.03078912
3.02611609
3.01619993
3.01209279
3.02324007
3.02388571
3.02053356
3.03276080
3.13666538
3.05403772
3.17484318
3.07526812
3.13185981
3.14421429
3.22476427
3.09488902
3.04986056
3.03056563
3.05378148
3.02067245
3.07385182
3.08115620
3.28128945
3.18566230
3.21964962
3.58109505
3.56157405
3.50830049
3.86876627
3.38797305
3.98646553
3.55592911
3.30857919
3.12265009
3.05771282
3.01614534
3.05576667
3.03108966
3.03016018
3.05429095
3.08306517
3.10448470
3.17510637
3.12626256
3.10179133
3.10116644
3.13533859
3.08351475
3.04607856
3.10085265
3.01722381
3.01006873
3.01434615
3.00558880
3.00524336
3.00856361
3.01468971
3.00411226
3.02733700
3.02943639
3.09187724
3.03307321
3.09435517
3.20311919
3.12554065
3.45323374
3.52487943
3.64906242
3.69416888
3.89846677
3.70953045
3.74417235
4.14568794
3.91721169
3.94738947
4.36060177
4.26882173
4.30027285
3.98426999
4.22100083
4.00428414
4.16752017
4.09850272
4.64143195
4.29538300
4.30772690
3.84932050
3.66360466
3.59054212
3.48524059
3.63253522
3.72613088
3.84032430
3.91040294
3.95046232
3.79835016
3.73470917
3.98265986
4.01133365
4.56606750
4.23267389
4.10316015
3.82601555
3.86560638
4.17886188
3.82195508
4.19311866
3.91473789
3.87049542
4.03747614
4.01036100
5.04744944
5.45464641
6.11246485
5.94363398
5.88830292
5.49445212
5.20342954
5.89379542
5.39735298
4.81976425
4.42963452
5.21107022
5.10334163
5.14080350
6.57148061
6.27263693
8.40202375
7.90011189
5.91704989
7.07443621
8.69131387
8.12780071
8.52756083
5.75987719
7.56783789
6.08178821
8.47926049
7.70069825
7.94793226
7.51207659
6.94616205
9.48691439
7.74256447
10.59544858
10.47324877
10.94749639
10.90866575
10.05173824
8.95819751
7.02631542
6.83774746
5.29275202
4.45272313
4.65779200
4.05122541
4.18037560
4.29320048
4.28441393
5.34446066
4.59873253
4.20364524
3.95764454
4.01967393
3.62763932
4.01764602
4.03500150
4.67024246
4.86467827
5.53397626
4.86912764
4.03091863
4.82720728
5.07567861
4.72528802
4.70299815
4.41205649
4.96921835
5.05256147
5.36795592
5.95552828
5.93644677
4.97643796
4.35044811
4.72283786
5.22483846
4.65730006
4.15485671
4.50888781
4.05146665
5.33558067
5.20309578
4.61976521
4.16363357
4.15488060
3.84275341
4.45247947
4.22123976
5.76337561
4.98416751
4.46718506
4.81950894
5.93238523
6.24545405
5.73702938
6.06751334
5.02071544
4.53291872
3.76961906
4.97512042
4.60784875
4.20450888
4.24317303
5.16257735
5.46938648
4.84023156
5.53843275
5.40856050
6.01056540
6.45084844
5.68985850
6.91794306
6.10373163
5.47295245
6.12291750
5.59426360
5.01689919
6.60264098
6.61778654
5.04754646
4.85875514
3.97468031
3.90333597
4.05088305
4.18861350
3.56424835
3.99246224
4.14469046
4.63763103
3.94261615
4.44158835
3.70739134
4.11917317
4.67681194
6.13828278
5.70739599
7.10676303
6.22445670
5.97307476
7.55734986
6.08238736
5.94539885
6.82369820
5.44593762
4.53022322
4.67120535
4.40476474
4.70849487
4.90861519
4.96285103
6.11804643
6.05425860
5.19982411
6.40994099
6.30718442
8.10536065
9.47578300
7.58347861
8.55636202
8.52077762
9.19151455
9.60593097
8.56316744
7.39133932
8.79062401
7.65502676
6.41643305
6.52659078
5.65643780
5.54232906
5.56878133
5.83136391
7.01938783
6.45269842
6.09937006
5.73619315
6.24395022
4.53005851
4.09126626
4.94581255
5.81860436
5.87962448
3.86460728
4.58309481
4.19241555
5.74583411
5.32399637
4.47680154
5.95024217
4.55879652
4.59219903
5.14705717
5.53647127
5.23802358
5.88187313
6.63393613
7.26675075
6.42196657
6.76599815
7.89098402
6.95380602
4.41082385
4.09646687
4.66915951
4.03054228
4.10734516
3.80715801
3.99204886
4.43117969
5.71096423
6.86066346
6.80159735
7.61982272
7.39019657
7.82795523
8.72741308
7.64926991
7.23551198
7.35723302
5.90993655
5.74724443
7.32070707
5.91187616
5.79278001
6.77213005
6.96613357
6.47462253
5.18497385
4.59762731
4.06347055
3.46193203
4.10752925
4.61583837
4.33946884
3.91708805
3.90758364
5.26877827
5.94559064
5.20750431
4.87271825
5.45287837
6.23542501
5.58956389
5.93552943
6.44183484
5.78978857
4.74639047
4.73246181
4.93340858
5.53530465
6.36281638
5.49348697
4.83063270
4.39435137
4.35076324
4.38169585
4.28095503
4.29880445
4.62490201
4.21206495
4.27681851
4.58085905
4.51608444
4.34933254
5.40849769
4.51667152
4.39898974
4.35737821
4.64113741
4.34682419
4.54721858
4.77269875
4.52731590
4.23748168
4.16240662
3.91141041
3.69320870
3.54584108
3.70677496
3.92550343
3.83304017
4.30942988
4.72607518
4.75340527
5.10766285
4.28125203
4.34865030
4.10691803
3.69209312
3.93976055
4.27231353
3.83858875
4.42254946
4.59760018
5.25370194
4.08602030
4.28013238
3.95497903
3.43438722
3.50983384
3.59254077
4.22770445
4.75734511
3.89788673
3.65446608
4.58595777
4.13264661
3.86982077
4.37132615
3.73415534
4.06002077
4.73501470
5.89220041
4.52768948
4.43942505
4.33594007
4.02598340
4.41895839
3.89025766
4.02736076
4.02590550
3.63873064
4.55148752
4.50331255
4.79737699
5.21586992
6.37181943
6.18632424
6.45180574
8.21596801
5.77466713
6.58977182
5.41957538
5.48361870
6.41725542
5.89829984
8.26862780
6.57896536
8.27779334
6.44188102
8.47195401
7.77129947
9.48517730
9.42453590
8.14491993
8.09836266
7.62278932
8.00508450
8.11551808
7.97385585
5.04457342
5.18317032
5.50722284
5.99700374
5.47378955
5.44076873
4.90503044
5.02762850
4.80300892
5.08569378
5.04702012
5.85295496
6.02547572
7.03271830
6.63891551
6.91124097
7.85785169
6.41715040
6.25975692
6.61771128
7.94781878
7.25023345
7.41627206
5.93711849
5.03478902
4.54778958
4.68619596
4.99837726
5.03241490
4.13447490
4.29654557
4.19023676
3.96292826
3.72088959
3.74513899
3.73961933
3.77729617
4.00597572
3.71402636
3.55348016
3.52171480
3.75116156
4.12032002
4.44948298
4.80285091
5.12323154
5.22787162
5.43285730
4.32389624
5.06017028
5.98993472
6.40202842
6.55450835
5.68139355
5.78650616
5.80739383
5.94077441
5.41092188
6.02652754
6.01630397
5.88932187
6.01679752
5.37168851
5.22315684
5.93002150
6.69498934
7.37427365
7.78874318
7.69478806
7.52587368
7.61000743
7.26946516
6.22469986
6.93358480
5.93800813
7.37281575
5.89474367
5.63967250
5.67145529
5.43268474
5.53847851
5.36189256
6.84098555
6.75819251
7.74301758
8.24817151
8.04223155
7.88614162
7.93138303
8.20118483
7.96518690
7.74563051
7.72142974
6.13420235
5.79295450
5.03028378
5.46431354
4.83336826
4.82150538
4.50179595
4.62708569
4.77671518
5.13113651
5.23539863
5.96826691
6.14783768
5.66989059
5.11110428
4.50866030
3.99102915
4.41270278
4.28054079
4.50090648
4.70519370
4.40914264
4.02756755
3.58367678
4.61820628
4.54982490
4.06561662
4.16715848
4.65546328
5.45137164
5.81103188
6.43229212
6.64820815
5.79817028
5.05564751
4.82231795
4.51394403
3.26369705
3.30247584
3.32466329
3.16641324
3.14300630
3.20245618
3.28186104
3.32945723
3.26566837
3.24990888
3.26125018
3.13520223
3.07447487
3.05530877
3.06119000
3.07053740
3.03366633
3.02977199
3.01669277
3.00957628
3.01423955
3.01018373
3.02066347
3.01673508
3.01687435
3.03902035
3.01616931
3.01688108
3.01030380
3.01297780
3.03728156
3.02374903
3.02236745
3.02081604
3.02811597
3.03648153
3.02320293
3.01116380
3.00259230
3.00037207
3.00039025
3.00022972
3.00039979
3.00022102
3.00042540
3.00055454
3.00041915
3.00054621
3.00088413
3.00050346
3.00021550
3.00011562
3.00008475
3.00015883
3.00013686
3.00016581
3.00017032
3.00015280
3.00010796
3.00013027
3.00019336
3.00025728
3.00021564
3.00031834
3.00019916
3.00040218
3.00046167
3.00083512
3.00051763
3.00063148
3.00040713
3.00054256
3.00049605
3.00043733
3.00036771
3.00029773
3.00033090
3.00059340
3.00047988
3.00050541
3.00053508
3.00055935
3.00063967
3.00062548
3.00071140
3.00049423
3.00038143
3.00029815
3.00022193
3.00013137
3.00011354
3.00009599
3.00014374
3.00009303
3.00006445
3.00006285
3.00003404
3.00003121
3.00003648
3.00003029
3.00001719
3.00002089
3.00001293
3.00001613
3.00001794
3.00001621
3.00001894
3.00002172
3.00002256
3.00002484
3.00002910
3.00003769
3.00003633
3.00003698
3.00004103
3.00002740
3.00002766
3.00002796
3.00002225
3.00002335
3.00002206
3.00003469
3.00005335
3.00007778
3.00010200
3.00015850
3.00017979
3.00019248
3.00022215
3.00019062
3.00018454
3.00018214
3.00016756
3.00006151
3.00007111
3.00006993
3.00008382
3.00019906
3.00019591
3.00009050
3.00005216
3.00004941
3.00005149
3.00005973
3.00003808
3.00004010
3.00004915
3.00008831
3.00012851
3.00014841
3.00014024
3.00012569
3.00018368
3.00013199
3.00011646
3.00008863
3.00006644
3.00004134
3.00003646
3.00002974
3.00004624
3.00005472
3.00007495
3.00006082
3.00005338
3.00004131
3.00005217
3.00004817
3.00007639
3.00008607
3.00009477
3.00011448
3.00014368
3.00024289
3.00021907
3.00017133
3.00013100
3.00015353
3.00013772
3.00012994
3.00009977
3.00008576
3.00007961
3.00006408
3.00004847
3.00003495
3.00002595
3.00001786
3.00001871
3.00002065
3.00002006
3.00001704
3.00001492
3.00001165
3.00001022
3.00001030
3.00001297
3.00004902
3.00014864
3.00026183
3.00031226
3.00022157
3.00011733
3.00006864
3.00002395
3.00000780
3.00000507
3.00000540
3.00000554
3.00000453
3.00000471
3.00000554
3.00000951
3.00002073
3.00002855
3.00003172
3.00002444
3.00001356
3.00001520
3.00001683
3.00002063
3.00001551
3.00001668
3.00001106
3.00001063
3.00000862
3.00000923
3.00001328
3.00001674
3.00001902
3.00002494
3.00002647
3.00002443
3.00001772
3.00001103
3.00000689
3.00000606
3.00000969
3.00001842
3.00002188
3.00001632
3.00001329
3.00001891
3.00001399
3.00001561
3.00001399
3.00000895
3.00000648
3.00000380
3.00000475
3.00000643
3.00000965
3.00001176
3.00001366
3.00001576
3.00002655
3.00004926
3.00025254
3.00077883
3.00138841
3.00221102
3.00241649
3.00386605
3.00357306
3.00220350
3.00096074
3.00047684
3.00037305
3.00009078
3.00001388
3.00000632
3.00001290
3.00003263
3.00003014
3.00001906
3.00001250
3.00000501
3.00000374
3.00000207
3.00000134
3.00000200
3.00000233
3.00000265
3.00000423
3.00000359
3.00000481
3.00000546
3.00000625
3.00000429
3.00000456
3.00000413
3.00000472
3.00000595
3.00001013
3.00000333
3.00000359
3.00000304
3.00000300
3.00000326
3.00000233
3.00000240
3.00000297
3.00000200
3.00000129
3.00000151
3.00000146
3.00000146
3.00000144
3.00000212
3.00000309
3.00000532
3.00000435
3.00000705
3.00000732
3.00000525
3.00001089
3.00000896
3.00000712
3.00000493
3.00000839
3.00000955
3.00000822
3.00000694
3.00000664
3.00000889
3.00000679
3.00000763
3.00000545
3.00000639
3.00001134
3.00002929
3.00001351
3.00002827
3.00001945
3.00006258
3.00007330
3.00007144
3.00005933
3.00005664
3.00006920
3.00003441
3.00003487
3.00002615
3.00002597
3.00003321
3.00002832
3.00003022
3.00001709
3.00001623
3.00001953
