1.00000000
1.00000000
1.00000000
1.00000000
1.00000000
1.00000000
1.00000000
1.00000000
1.00000000
1.00000000
1.00000000
1.00000000
1.00000000
1.00000000
1.00000000
1.00000000
1.00000000
1.00000000
1.00000000
1.00000000
1.00000000
1.00000000
1.00000000
1.00000000
1.00000000
1.00000000
1.00000000
1.00000000
1.00000000
1.00000000
1.00000000
1.00000000
1.00000000
1.00000000
1.00000000
1.00000000
1.00000000
1.00000000
1.00000000
1.00000000
1.00000000
1.00000000
1.00000000
1.00000000
1.00000000
1.00000000
1.00000000
1.00000000
1.00000000
1.00000000
1.00000000
1.00000000
1.00000000
1.00000000
1.00000000
1.00000000
1.00000000
1.00000000
1.00000000
1.00000000
1.00000000
1.00000000
1.00000000
0.99041802
0.98990989
0.98923534
0.99203765
0.99348056
0.99467874
0.99567056
0.99522394
0.99517918
0.99473035
0.99558240
0.99515659
0.99498922
0.99460512
0.99478805
0.99441540
0.99284464
0.99291527
0.99424392
0.99487054
0.99567741
0.99542445
0.99382859
0.99384260
0.99420798
0.99245876
0.99385095
0.99540907
0.99465430
0.99373865
0.99258560
0.99225086
0.99370426
0.99392468
0.99233842
0.99176276
0.99064702
0.99287426
0.99272174
0.99249363
0.99213833
0.99187213
0.99304307
0.99244648
0.99189913
0.99087697
0.98873562
0.98795331
0.98952091
0.99154246
0.99250084
0.99245679
0.99211007
0.99201912
0.99445045
0.99316895
0.99250245
0.99026757
0.98728579
0.99024725
0.99049664
0.98035783
0.97745502
0.97731507
0.97286826
0.96528494
0.96500832
0.95964509
0.97070867
0.97369450
0.97371328
0.97517538
0.98034036
0.98286575
0.98745805
0.98865664
0.98988473
0.99298710
0.99448448
0.99411076
0.99353385
0.99232835
0.99120051
0.99094886
0.98882455
0.98713720
0.98667777
0.98674238
0.99167877
0.99353468
0.99405354
0.99557245
0.99440765
0.99569750
0.99498820
0.99546033
0.99534851
0.99494958
0.99465609
0.99437112
0.99406695
0.99403751
0.99301189
0.99213517
0.99150932
0.99155581
0.98978043
0.98928112
0.98695314
0.98972243
0.98900324
0.98986220
0.98965925
0.98912698
0.98768729
0.98750395
0.98776025
0.98803896
0.98712444
0.98618084
0.98562777
0.98724735
0.98705935
0.98869520
0.98881793
0.98842889
0.98762429
0.98814487
0.98861557
0.98811471
0.98837948
0.98690367
0.98612183
0.98356980
0.98273551
0.97919047
0.97300726
0.96583730
0.96375817
0.96770108
0.96993458
0.97300535
0.97383809
0.97564566
0.97790331
0.98200953
0.98430163
0.98540282
0.98491228
0.98575366
0.98366034
0.98515946
0.98526752
0.98702282
0.98855257
0.98921251
0.98972768
0.98606503
0.98238754
0.98237336
0.98169023
0.98182780
0.98344892
0.97967076
0.97834021
0.98339772
0.98041236
0.97698224
0.98225373
0.98740667
0.98922974
0.99134904
0.99373949
0.99463850
0.99540508
0.99593925
0.99523383
0.99445575
0.99395329
0.99351984
0.99443001
0.99492586
0.99431133
0.99429685
0.99345946
0.99450845
0.99439973
0.99434316
0.99390417
0.99488729
0.99581194
0.99535465
0.99583399
0.99467707
0.99453908
0.99519819
0.99577338
0.99489754
0.99430519
0.99349099
0.99520940
0.99490464
0.99472481
0.99431074
0.99471599
0.99235207
0.99228477
0.98974252
0.98615116
0.97556132
0.95886832
0.95020646
0.96126854
0.96457648
0.96450138
0.95473671
0.94439888
0.93257594
0.91698867
0.93297678
0.96186572
0.96738362
0.97464311
0.98163557
0.98767495
0.99063349
0.98982972
0.99128729
0.99227339
0.99469501
0.99421352
0.99273831
0.99327117
0.99229348
0.99098796
0.99148941
0.99063653
0.98857903
0.98771274
0.98715836
0.99008310
0.99089640
0.99389428
0.99473214
0.99419641
0.99387854
0.99451387
0.99241066
0.99330866
0.99245024
0.98838019
0.99108255
0.98583615
0.98646718
0.97796828
0.97776330
0.98303622
0.98236531
0.97264647
0.96683770
0.97968733
0.97791034
0.97365814
0.96240723
0.96402508
0.96841115
0.97828716
0.97866803
0.97735423
0.97410673
0.98417282
0.98554951
0.98355144
0.98158997
0.98882908
0.99044013
0.99080467
0.98544610
0.98696625
0.98796731
0.98952848
0.98827863
0.98961443
0.99085534
0.99171609
0.99102247
0.99245036
0.99318886
0.99161083
0.99202967
0.99151796
0.99054682
0.99074429
0.99004269
0.98969752
0.98824245
0.98801756
0.98757452
0.98607451
0.98615801
0.98534471
0.98580837
0.98455346
0.98452789
0.98374522
0.98514104
0.98741817
0.99024767
0.99266291
0.99375606
0.99368674
0.99286711
0.99030405
0.99143898
0.99281824
0.99107283
0.99376714
0.98993242
0.98900491
0.98184800
0.97623664
0.97296113
0.97426885
0.98042035
0.98302770
0.98652160
0.98802549
0.98792994
0.98807925
0.98702502
0.99233502
0.99372733
0.99487692
0.99418563
0.99452221
0.99483216
0.99535722
0.99614835
0.99537247
0.99466538
0.99499726
0.99502939
0.99452150
0.99405706
0.99408406
0.99529392
0.99524575
0.99511766
0.99156392
0.99193317
0.98924571
0.98834258
0.98953748
0.99140114
0.99120808
0.99010986
0.98752624
0.98283017
0.98245412
0.98313361
0.98543602
0.98581392
0.98370874
0.98405784
0.98614353
0.98897004
0.99053931
0.99041045
0.99101931
0.99049157
0.98974204
0.98969483
0.99023765
0.99081415
0.99107480
0.99152982
0.99219316
0.99298650
0.99131525
0.98838693
0.98614800
0.98395705
0.98157018
0.97667956
0.97357482
0.97572529
0.97782761
0.97740972
0.97659665
0.97863597
0.97978216
0.98136777
0.98258322
0.98311079
0.98359412
0.98459375
0.98564667
0.98682773
0.98837692
0.98873693
0.98822349
0.98742223
0.98802453
0.98933101
0.98849583
0.98813826
0.98659152
0.98433173
0.98790491
0.98965853
0.99321848
0.99480140
0.99515474
0.99567717
0.99575067
0.99590486
0.99523038
0.99342066
0.99174374
0.99104190
0.98845357
0.98545861
0.98640084
0.99128526
0.99073398
0.98670226
0.98825222
0.98836142
0.98928237
0.99140126
0.99293292
0.99332070
0.99220651
0.99369252
0.99397755
0.99315131
0.99117976
0.99189526
0.99210256
0.99268240
0.99255681
0.99102694
0.98865509
0.98694372
0.98515224
0.98279446
0.97878188
0.97562838
0.97615463
0.97404873
0.97211534
0.96939564
0.96969080
0.96978551
0.97188765
0.96963149
0.97060019
0.96868199
0.96789795
0.96563876
0.96555907
0.96365523
0.95900679
0.96134061
0.96084267
0.96200418
0.96172357
0.96626687
0.96813613
0.96994543
0.97210735
0.97253436
0.97131652
0.97489184
0.97596711
0.97539616
0.97540969
0.97688973
0.97813499
0.98022091
0.98281729
0.98304099
0.98426962
0.98412955
0.98337632
0.98477131
0.98358822
0.98578817
0.98744243
0.98724085
0.98694962
0.98759174
0.98774928
0.98801827
0.98894858
0.98884434
0.98879170
0.98868448
0.98785967
0.98696148
0.98604077
0.98561388
0.98566365
0.98536551
0.98644835
0.98651892
0.98815399
0.98928589
0.99088949
0.99035066
0.99174386
0.99283534
0.99336195
0.99355656
0.99381506
0.99318945
0.99270201
0.99326599
0.99261284
0.99295592
0.99200660
0.98998475
0.98907244
0.98820859
0.98845452
0.98700875
0.98368442
0.98409557
0.98425782
0.98401719
0.98521310
0.98537040
0.98492026
0.98342794
0.98175573
0.98396379
0.98722237
0.98957133
0.99112272
0.99151659
0.99005365
0.98864120
0.98726439
0.98266566
0.98047125
0.97862053
0.97794551
0.97958428
0.98341805
0.98472577
0.98627728
0.98674601
0.98766184
0.98962188
0.99060738
0.99173087
0.99006861
0.99035466
0.99231529
0.99212742
0.99236506
0.99034482
0.99024338
0.99124241
0.99013585
0.98912090
0.98821545
0.98819578
0.99072134
0.99163729
0.99056542
0.99197453
0.99190044
0.99229592
0.99210429
0.99132866
0.99027365
0.99066108
0.99171418
0.99229628
0.99228704
0.99148291
0.99247390
0.99218595
0.99313813
0.99374062
0.99374348
0.99328125
0.99322879
0.99307173
0.99326044
0.99224299
0.99261016
0.99162805
0.99149841
0.99162322
0.99187523
0.99171013
0.99166131
0.99291372
0.99146843
0.99245667
0.99238950
0.99224246
0.99257255
0.99186254
0.99159086
0.98990178
0.98968834
0.98934829
0.98863375
0.98911077
0.99092191
0.98808354
0.98817855
0.99082476
0.99205279
0.99286604
0.99294406
0.99313748
0.99382210
0.99425125
0.99354035
0.99353975
0.99226052
0.99155349
0.99122518
0.99231064
0.99195802
0.99198931
0.99352467
0.99271822
0.99313557
0.99230921
0.99253321
0.99271351
0.99339432
0.99325633
0.99355918
0.99318790
0.99281162
0.99302614
0.99358362
0.99337399
0.99296427
0.99249142
0.99243647
0.99154538
0.99141109
0.99161220
0.99016410
0.99003357
0.99102777
0.98982579
0.99059474
0.99205315
0.99281126
0.99238235
0.99078709
0.98999691
0.98941046
0.99130905
0.99167836
0.99239469
0.99230427
0.99188155
0.98989773
0.98828250
0.98599106
0.98242062
0.98144609
0.97967815
0.97969544
0.97883177
0.97978151
0.97705168
0.97708845
0.97838384
0.97992069
0.98043674
0.98057920
0.97803181
0.97506899
0.97251141
0.97324252
0.97318232
0.97774315
0.97989756
0.98091608
0.97038013
0.96709234
0.96725714
0.96974373
0.96949881
0.97151256
0.97008723
0.97034484
0.96787035
0.96434373
0.95991766
0.96307570
0.95666045
0.95672274
0.96128476
0.96772742
0.97626925
0.98140049
0.98327559
0.98511684
0.98642725
0.98527807
0.98773801
0.99135476
0.99088508
0.99151772
0.99147964
0.99311984
0.99341834
0.99396956
0.99480373
0.99421436
0.99545383
0.99486107
0.99563390
0.99559218
0.99588746
0.99503016
0.99429011
0.99243975
0.99163264
0.98896015
0.98925108
0.98730159
0.98690701
0.98658609
0.98498720
0.98369032
0.98707539
0.98852694
0.98923898
0.88160056
0.74319595
0.66988039
0.76257008
0.64793491
0.50555295
0.59717554
0.54226393
0.55259562
0.53177363
0.41962314
0.53598940
0.45132208
0.44746020
0.28459531
0.35299906
0.29249021
0.28060803
0.31241998
0.30704623
0.27236187
0.29685962
0.22634250
0.22727595
0.23968744
0.20348142
0.22124279
0.22465912
0.24254031
0.36172038
0.62153471
0.79490781
0.85920429
0.89973509
0.92069799
0.93171692
0.93138939
0.93542469
0.94199532
0.95249057
0.95845020
0.97577715
0.98461610
0.99079776
0.99186432
0.99155128
0.99182582
0.99267685
0.99317729
0.99344772
0.99278569
0.99254531
0.99249411
0.99258173
0.99208212
0.98873794
0.98709339
0.99002695
0.99064273
0.98882091
0.98807073
0.97837180
0.97052574
0.95952129
0.95701391
0.94831216
0.94704729
0.93979645
0.93486029
0.89170861
0.89023918
0.91453588
0.92790878
0.95107263
0.95806456
0.94489545
0.92332369
0.93962866
0.95490330
0.97183514
0.97921091
0.97906566
0.98145181
0.98599130
0.98379278
0.98710209
0.99230111
0.99156767
0.99482536
0.99447036
0.99297500
0.99332994
0.99386674
0.99488020
0.99620688
0.99614406
0.99533409
0.99555016
0.99401796
0.99245328
0.99443346
0.99514443
0.99390692
0.99361247
0.99352008
0.99481624
0.99543262
0.99574548
0.99603772
0.99579865
0.99603313
0.99557376
0.99569029
0.99452859
0.99248743
0.99141240
0.99127018
0.99374312
0.99409097
0.99451619
0.99373043
0.99223512
0.98938316
0.98950815
0.99090391
0.99178165
0.98767394
0.98459017
0.98768067
0.98994923
0.99235618
0.99351370
0.99470007
0.99447459
0.99486005
0.99504143
0.99563795
0.99596858
0.99598300
0.99603939
0.99500620
0.99306846
0.98956281
0.98447502
0.97560310
0.96589792
0.95858401
0.95753640
0.95030010
0.95329869
0.95271909
0.95638132
0.95969266
0.96453154
0.97113401
0.97415924
0.97523266
0.97240710
0.96975100
0.97050166
0.97570091
0.98031998
0.98351997
0.98489678
0.97855479
0.96853620
0.94858944
0.93698382
0.93426609
0.93926233
0.93861049
0.95224583
0.96617627
0.97319025
0.97729254
0.98232377
0.98011005
0.97898531
0.98067892
0.97995317
0.98265404
0.98414779
0.98664570
0.98437530
0.98493886
0.97841233
0.98140407
0.98532051
0.98501182
0.98411143
0.98171139
0.97892147
0.97801071
0.97522360
0.97268176
0.97538656
0.97684687
0.97906220
0.97717994
0.97184360
0.97407681
0.97295582
0.97455215
0.97464174
0.97758830
0.97519535
0.97524387
0.97490394
0.97635925
0.97816879
0.98121923
0.98377281
0.98585391
0.98608983
0.98918986
0.99183613
0.99064565
0.99072331
0.99283504
0.99361163
0.99329281
0.99368000
0.99231893
0.99136704
0.98904514
0.98835897
0.98590761
0.98315549
0.96968037
0.97541058
0.97626573
0.97425383
0.97607237
0.97038603
0.97339147
0.97937793
0.98251188
0.98299533
0.98631346
0.97994608
0.98098367
0.98499793
0.98151302
0.97927105
0.98243582
0.97986996
0.98212296
0.98317683
0.98470169
0.98606187
0.98538536
0.98434341
0.98573679
0.98920131
0.98975486
0.98132759
0.98579216
0.98474413
0.97985351
0.97880071
0.97529364
0.97524601
0.97852188
0.98193640
0.97906440
0.98004091
0.98088682
0.98490876
0.98496604
0.98565662
0.98328894
0.98948425
0.98720133
0.98633009
0.98783571
0.98906672
0.98779386
0.98857737
0.98765343
0.98598087
0.98600221
0.98520929
0.98672277
0.98745036
0.98808622
0.98456198
0.98291481
0.97966319
0.97652167
0.97731441
0.98059607
0.97684610
0.97980058
0.98734552
0.98833513
0.98718840
0.98625284
0.98160744
0.97860080
0.97558177
0.97756553
0.97938728
0.98105246
0.98347938
0.98149419
0.97715265
0.97805643
0.97481155
0.96933103
0.96438915
0.96379572
0.96213114
0.96172768
0.95734495
0.95022285
0.95792407
0.96272588
0.96510267
0.96162570
0.95045638
0.93810952
0.93632859
0.93917829
0.94920492
0.95110822
0.95313728
0.95362610
0.95294648
0.95488495
0.95419091
0.95369101
0.95798367
0.96812284
0.97220063
0.97622347
0.97637922
0.97514522
0.97602481
0.97722775
0.97980815
0.97827005
0.97690600
0.97810578
0.98340845
0.98475063
0.98462659
0.97938067
0.96430933
0.97066921
0.97473449
0.97868550
0.98071641
0.97724098
0.98050094
0.98349345
0.98064613
0.98832661
0.99245489
0.99396002
0.99361116
0.99316555
0.99367768
0.99344420
0.99327892
0.99323893
0.99364543
0.99397612
0.99512547
0.99425793
0.99374157
0.99453861
0.99524128
0.99528629
0.99486583
0.99440336
0.99415201
0.99332809
0.99358737
0.99246091
0.99264586
0.98889869
0.98571199
0.98862910
0.98920995
0.98867375
0.98749614
0.98660582
0.98774159
0.98791391
0.98588610
0.98774207
0.98945987
0.98974645
0.98853487
0.98753208
0.98637134
0.98576975
0.98548144
0.98541278
0.98125070
0.87951618
0.86617589
0.74457413
0.61418825
0.44451725
0.45560315
0.40702501
0.36898434
0.38681737
0.37268221
0.30141521
0.39290565
0.34383073
0.29140726
0.34421051
0.34675005
0.41800517
0.41824961
0.50910777
0.47059947
0.50246042
0.47113141
0.48873702
0.65074247
0.76585680
0.85662919
0.93771458
0.96738172
0.97560388
0.97815585
0.98202169
0.98161477
0.98394471
0.98637122
0.98609263
0.97922140
0.98170865
0.98520875
0.98741674
0.98692000
0.98642898
0.98749149
0.98744875
0.98657483
0.98708808
0.98781371
0.98884869
0.98754603
0.98433453
0.97863024
0.97187626
0.97269714
0.98015952
0.98294580
0.98083544
0.98192424
0.98382390
0.98866755
0.99069244
0.98508888
0.97880954
0.96841228
0.96963799
0.97328180
0.96619630
0.94122314
0.91640955
0.89389408
0.88989210
0.88193631
0.86821836
0.84544736
0.81006008
0.82493281
0.83430582
0.81000000
0.82283533
0.88085806
0.94350821
0.97678930
0.98717010
0.99142343
0.99210840
0.99181443
0.99025178
0.98983848
0.99020213
0.99146277
0.99176204
0.99183577
0.99195558
0.99272799
0.99301082
0.99272949
0.99263954
0.99239796
0.99215466
0.99282736
0.99189913
0.99206245
0.99175805
0.99248612
0.99295068
0.99268591
0.99222833
0.99178457
0.99186385
0.99142367
0.99178195
0.99167150
0.99053639
0.99108762
0.99095094
0.99048269
0.99005389
0.99006808
0.99104512
0.99213225
0.99288142
0.99366522
0.99400580
0.99403340
0.99343950
0.99409747
0.99468058
0.99391288
0.99205703
0.99209678
0.99217379
0.99316049
0.99095434
0.99282646
0.99075449
0.99136996
0.98989433
0.99069756
0.99019074
0.99002105
0.99068403
0.99114358
0.99178231
0.99125707
0.99175221
0.99167365
0.99288261
0.99407381
0.99422693
0.99446422
0.99446011
0.99432856
0.99390596
0.99306846
0.99312299
0.99294347
0.99279952
0.99252301
0.99203730
0.99147743
0.99149090
0.99209350
0.99289578
0.99320811
0.99254066
0.99246997
0.99166590
0.99111605
0.99025494
0.98993790
0.98894954
0.98926932
0.98903519
0.98834723
0.98968583
0.98869950
0.98873925
0.98896581
0.98835248
0.98766965
0.98623651
0.98504609
0.98320514
0.98503625
0.98756158
0.98979467
0.99031991
0.99030179
0.99057478
0.99090308
0.99253523
0.99332798
0.99377489
0.99373120
0.99326468
0.99363720
0.99359173
0.99406695
0.99506074
0.99481922
0.99388689
0.99118829
0.98883575
0.98722655
0.98727357
0.98740470
0.98719251
0.98861027
0.98900235
0.98942786
0.98767775
0.98672909
0.98664075
0.98706377
0.98520285
0.98253167
0.98116255
0.98361623
0.98474979
0.98246229
0.98416317
0.98694813
0.98825604
0.98821044
0.98749125
0.98271203
0.97483057
0.96951956
0.96484017
0.96116036
0.96036154
0.95534921
0.96024257
0.96332031
0.96553504
0.96523750
0.96644443
0.96800494
0.96535194
0.96790993
0.97130829
0.97404510
0.97387594
0.97570884
0.97726852
0.97755092
0.97904551
0.98017430
0.98253500
0.98332959
0.97831458
0.97858101
0.97775686
0.97747475
0.97871131
0.97710723
0.97651064
0.97506648
0.97380435
0.96713692
0.96739489
0.96393692
0.95889825
0.96062875
0.95328957
0.95368665
0.94257790
0.94341081
0.93139708
0.93038118
0.93339974
0.93277097
0.93973988
0.94657028
0.93888205
0.93932307
0.94099760
0.94391280
0.94144964
0.94381970
0.93571633
0.93273270
0.94842589
0.94643366
0.94252962
0.94493771
0.94366330
0.94698721
0.95384687
0.95639867
0.95550168
0.95201814
0.94804633
0.94462574
0.94606972
0.94256520
0.93779898
0.93936414
0.93575484
0.93400866
0.93721414
0.93296516
0.92637408
0.92291468
0.92220914
0.91642058
0.91058356
0.90088773
0.92172205
0.92882413
0.92509419
0.91967183
0.92333484
0.92682850
0.92731166
0.93909198
0.94591010
0.93799043
0.93566895
0.93494916
0.93376243
0.93920171
0.92376149
0.92153674
0.91716081
0.90078074
0.89779031
0.89281368
0.89861369
0.89430749
0.90655851
0.90968889
0.92173570
0.93061185
0.92427814
0.93144315
0.91982567
0.91801339
0.90230161
0.90944916
0.91028553
0.89713126
0.88945663
0.87399286
0.85756588
0.84263057
0.81500465
0.82477957
0.83991146
0.86679035
0.89686018
0.92098027
0.94361073
0.94942129
0.95539123
0.96031862
0.96529716
0.96759450
0.97088087
0.97451609
0.97761339
0.98246461
0.98615217
0.98820543
0.98912060
0.98956418
0.99035257
0.99067849
0.99048060
0.99145836
0.99119252
0.98925763
0.98572737
0.98820621
0.98481363
0.98170716
0.97736162
0.97487861
0.97790307
0.98097920
0.98005003
0.97775674
0.98042458
0.98486829
0.98760104
0.98964405
0.99134386
0.99156183
0.99067843
0.98971784
0.98827028
0.98512888
0.98066360
0.98103094
0.97945261
0.98642355
0.98933792
0.99111408
0.99411941
0.99496150
0.99545765
0.99508399
0.99517232
0.99457282
0.99398708
0.99372077
0.99318850
0.99135476
0.99064273
0.99053746
0.99127746
0.99298841
0.99220079
0.99286193
0.99317402
0.99385297
0.99330384
0.99339068
0.99356753
0.99257892
0.99217612
0.99133086
0.99114043
0.99173951
0.99181479
0.99186021
0.99242640
0.99389499
0.99360460
0.99455702
0.99508971
0.99532437
0.99530351
0.99477971
0.99272513
0.98871684
0.98460269
0.98439527
0.98695588
0.98646981
0.98744708
0.99111605
0.99062890
0.99217695
0.99255651
0.98943943
0.98911661
0.98831391
0.98954433
0.99072331
0.98731345
0.97758740
0.97986287
0.98600084
0.98670828
0.98985904
0.99117774
0.99216604
0.99236709
0.99077457
0.98883480
0.98977661
0.98577392
0.97732884
0.98346901
0.98795742
0.99095058
0.99099112
0.98951626
0.98795855
0.98850536
0.98939639
0.99063969
0.99143350
0.99328434
0.99098748
0.98872745
0.98852521
0.98797578
0.98769253
0.98691458
0.98679698
0.98861116
0.98763776
0.98862958
0.98812068
0.98889160
0.99024338
0.99089384
0.99084175
0.99146932
0.99234581
0.99133646
0.99006313
0.98837298
0.98546183
0.97978777
0.97259539
0.97012526
0.96949321
0.97028625
0.96847010
0.97783333
0.98080909
0.98261964
0.98467016
0.98553121
0.98155355
0.97735208
0.97954434
0.98415679
0.98606795
0.99128342
0.99271035
0.99232262
0.99386120
0.99306715
0.99311113
0.99257737
0.99219853
0.99248743
0.98903567
0.99027479
0.99162030
0.98959059
0.99014521
0.98676538
0.98502779
0.98227400
0.98872387
0.98831159
0.99066085
0.99080223
0.99077284
0.99079376
0.99140054
0.99207801
0.99338007
0.99376535
0.99353093
0.99438006
0.99391067
0.99348843
0.99338371
0.99233598
0.99304187
0.99357313
0.99276781
0.99340618
0.99110281
0.99203652
0.99329031
0.98399460
0.98661280
0.98807526
0.98636568
0.98228985
0.97817278
0.97296125
0.97500086
0.96682489
0.97084963
0.97484255
0.96181589
0.95396507
0.96855831
0.97301179
0.97733909
0.98298419
0.98328787
0.97840905
0.98027980
0.97322810
0.98098582
0.98744851
0.98590797
0.97641242
0.96526593
0.96892637
0.96401036
0.96741217
0.97147465
0.97690320
0.87066287
0.82584387
0.70768839
0.69042283
0.63897091
0.63860732
0.56353152
0.61428714
0.60104889
0.51729512
0.54997635
0.50056577
0.47623250
0.37503955
0.47540355
0.44010088
0.42025158
0.45998085
0.36749393
0.35823253
0.32961500
0.29693127
0.35587099
0.28968692
0.43521225
0.43780401
0.38854003
0.53945112
0.42103675
0.51381725
0.39604351
0.42740771
0.45766103
0.34678388
0.36961782
0.37410262
0.37665048
0.29597083
0.29674548
0.33398229
0.37709704
0.44151869
0.40175557
0.47912923
0.66395545
0.79049063
0.89062774
0.93400490
0.96398646
0.98012835
0.99079716
0.98975402
0.99237239
0.99332160
0.99461454
0.99331081
0.99378383
0.99233341
0.99165899
0.99277097
0.99280643
0.99110597
0.99433482
0.99397957
0.99482262
0.99417019
0.99322504
0.99458587
0.99424982
0.99447268
0.99391067
0.99380690
0.99322283
0.99196315
0.99101210
0.98967010
0.98263276
0.98166245
0.97471017
0.97635853
0.98251975
0.98472196
0.98447406
0.98667532
0.98949146
0.98991758
0.99189806
0.99424803
0.99457765
0.99168527
0.99202442
0.99379903
0.99255556
0.99125117
0.99129128
0.99139684
0.99255979
0.99206597
0.99472058
0.99362624
0.98899746
0.98638803
0.98668540
0.98442382
0.98629075
0.98751473
0.98871011
0.98964590
0.98708075
0.98146826
0.98125285
0.98196685
0.98884994
0.98739082
0.98606640
0.98253834
0.98453516
0.98630375
0.98108232
0.98305362
0.98552704
0.98907822
0.98943663
0.98994762
0.98704731
0.98388278
0.98527652
0.98572272
0.98714954
0.99001211
0.99052775
0.99071902
0.98976773
0.98867202
0.98918378
0.98824245
0.98829263
0.98793972
0.98677027
0.98549461
0.98542976
0.98466820
0.98465228
0.98431706
0.98353761
0.98179734
0.98253310
0.98172504
0.98099935
0.98034751
0.98098075
0.98104984
0.98359734
0.98526251
0.98782325
0.98752326
0.98711604
0.98567015
0.98532003
0.98454249
0.98017818
0.97723413
0.97476268
0.97729605
0.97621584
0.97654074
0.98185444
0.98392868
0.98381871
0.98337436
0.97924197
0.97820914
0.97969854
0.97812337
0.97528082
0.97626853
0.97750866
0.97871727
0.98146409
0.98655045
0.98721373
0.98742944
0.98932135
0.99026895
0.99070299
0.99004728
0.98976141
0.98856539
0.98838902
0.98682040
0.98645896
0.98785001
0.98923188
0.98767483
0.98639303
0.97174883
0.98293340
0.98410553
0.98005998
0.97603929
0.97196770
0.96732002
0.96426302
0.96492106
0.96924263
0.97842717
0.96831930
0.97848058
0.99059689
0.99166214
0.99170649
0.99203110
0.99374020
0.99236017
0.99144113
0.98865765
0.99251032
0.99324316
0.99345064
0.99378610
0.99306959
0.99175686
0.99226177
0.99213153
0.99200588
0.99124169
0.99224150
0.98903078
0.98966742
0.98865509
0.98900604
0.98659211
0.97589320
0.98402077
0.98217279
0.98175448
0.97794092
0.98414838
0.98515791
0.98689961
0.98614466
0.98213816
0.98090911
0.98908478
0.99016798
0.98445028
0.98530388
0.98408300
0.98308784
0.98436469
0.98713845
0.98579907
0.98510206
0.98449230
0.98500359
0.98811823
0.98817867
0.98845381
0.98900151
0.98894215
0.99137712
0.98942018
0.98768008
0.98307693
0.98711616
0.98002738
0.97589487
0.97593439
0.96943092
0.95654535
0.95187348
0.95203990
0.95311701
0.96552527
0.97295511
0.98126501
0.98795718
0.98768055
0.99102002
0.98546380
0.99038541
0.99345195
0.99179465
0.99360752
0.99346775
0.99411905
0.99275041
0.99168241
0.99052304
0.99159300
0.99137712
0.99000251
0.99091691
0.99210346
0.99079269
0.98952579
0.98715174
0.98682910
0.99032974
0.99263966
0.99436837
0.99255764
0.99286687
0.99057508
0.99159813
0.99331999
0.99373841
0.99410820
0.99519181
0.99485493
0.99444503
0.99458778
0.99473405
0.99464285
0.99493307
0.99239701
0.98982388
0.98893821
0.99032706
0.99182594
0.99274653
0.99413967
0.99298918
0.99052876
0.98977739
0.98935902
0.98832524
0.98695356
0.98251843
0.98133081
0.98206788
0.98389351
0.98467350
0.98401791
0.98332006
0.98323560
0.98438072
0.98765033
0.98858613
0.98892516
0.98895532
0.98995322
0.99016201
0.99041700
0.98947608
0.98840874
0.98708665
0.98654765
0.98566091
0.98452085
0.98261178
0.98327613
0.98346472
0.98400027
0.97880679
0.97170919
0.96788591
0.95940870
0.95816803
0.95198339
0.95631135
0.97435647
0.97699350
0.97825980
0.98759657
0.98620009
0.99283832
0.99394399
0.99464595
0.99498391
0.99575764
0.99602926
0.99414742
0.99358612
0.99431384
0.99448884
0.99466127
0.99541360
0.99495834
0.99362421
0.99343538
0.99287206
0.99287617
0.99450040
0.99510986
0.99376231
0.99285054
0.99380046
0.99087876
0.98599166
0.98512846
0.98137903
0.97058761
0.95700169
0.93580121
0.95285070
0.96516746
0.96226108
0.96913177
0.97098857
0.97143370
0.96762621
0.96878940
0.98069108
0.98832244
0.98599863
0.98825711
0.99015337
0.99079281
0.99252266
0.99457079
0.99536324
0.99616939
0.99687493
0.99700350
0.99607015
0.99641693
0.99709809
0.99697018
0.99640453
0.99602330
0.99551010
0.99592966
0.99551034
0.99512047
0.99565506
0.99642700
0.99711192
0.99693704
0.99656469
0.99536645
0.99516475
0.99641812
0.99684650
0.99625516
0.99547148
0.99522001
0.99445724
0.99414873
0.99603927
0.99569148
0.99543154
0.99518871
0.99470866
0.99387676
0.99390501
0.99425805
0.99409580
0.99455100
0.99639660
0.99599850
0.99517643
0.99533528
0.99411523
0.99437332
0.99400711
0.99226987
0.98786235
0.98705113
0.98677188
0.98818505
0.98837519
0.98971844
0.98908931
0.98812985
0.98748511
0.98720700
0.98614198
0.98710257
0.98888516
0.99006665
0.99095285
0.99176747
0.99318486
0.99218583
0.99015677
0.98702246
0.98314083
0.98142564
0.98224306
0.98366368
0.98514426
0.98318994
0.98552448
0.98916060
0.98949766
0.98976874
0.99171400
0.99056572
0.99004424
0.99088776
0.99274468
0.99455851
0.99509984
0.99518025
0.99495882
0.99474180
0.99481684
0.99460393
0.99357444
0.99372017
0.99379772
0.99235463
0.99163729
0.99149781
0.99020934
0.98965454
0.99002391
0.98902637
0.98887408
0.98940825
0.98928946
0.98912150
0.99042469
0.99231321
0.99466681
0.99515826
0.99635386
0.99620914
0.94293594
0.88487518
0.66904658
0.55974799
0.51808029
0.58366257
0.45020324
0.33972588
0.32976574
0.31787327
0.41991052
0.39863452
0.28447941
0.24476215
0.30074093
0.42270166
0.27885672
0.32851386
0.26456782
0.16419558
0.18297310
0.19364551
0.20533082
0.23303981
0.24310611
0.27097401
0.37610972
0.50181895
0.72661436
0.86035752
0.91377407
0.95713997
0.97235399
0.98533154
0.98955709
0.99159640
0.99162829
0.99181354
0.99029887
0.98571646
0.98277366
0.97816443
0.96918273
0.96583366
0.96114784
0.97024453
0.98093516
0.98255897
0.98162478
0.98346001
0.98628509
0.98728997
0.99100655
0.99365073
0.99261063
0.99104160
0.98426151
0.99028462
0.99186325
0.99137503
0.99160016
0.99122226
0.99066281
0.99072886
0.98945916
0.99178857
0.98951894
0.99254262
0.98977381
0.98550445
0.98600698
0.98945940
0.98681539
0.98909295
0.99264163
0.99057674
0.98938316
0.98844051
0.97918874
0.98686868
0.99161559
0.99306506
0.99508578
0.99512792
0.99213648
0.99239880
0.99341899
0.99424970
0.99438018
0.99472910
0.99429411
0.99348193
0.99130148
0.99158442
0.99059743
0.98965573
0.98994279
0.98883456
0.98422951
0.98450536
0.98664570
0.98971760
0.99172944
0.98976266
0.99516016
0.99520433
0.99541843
0.99513358
0.99484032
0.99328107
0.99264878
0.99121338
0.98660642
0.98218310
0.97889704
0.97564870
0.97193438
0.97738409
0.97317332
0.96560514
0.97569978
0.97722059
0.97398078
0.97335941
0.97531432
0.97999370
0.98179203
0.98232013
0.98473221
0.98304784
0.97613233
0.97141165
0.96851814
0.96399873
0.95654500
0.95932221
0.96932840
0.97861791
0.97594303
0.97550631
0.96976197
0.97716343
0.97783297
0.96949029
0.95837921
0.95657533
0.95020378
0.94987732
0.94714773
0.96302694
0.97935188
0.97597039
0.97714043
0.97747529
0.97491306
0.97131842
0.96734768
0.96883571
0.98106015
0.97898841
0.97760117
0.98258132
0.98627812
0.98632878
0.98227167
0.98090863
0.98617029
0.98966891
0.99114978
0.98416591
0.97975355
0.98031473
0.97136688
0.96698117
0.96762216
0.97385716
0.98001993
0.98365688
0.98340249
0.98395371
0.98576850
0.98947924
0.98935133
0.98478335
0.98604894
0.98332167
0.97993863
0.98164856
0.98346102
0.97961706
0.98316300
0.97916806
0.97927678
0.97810525
0.97970665
0.98355502
0.98577994
0.98837692
0.98912710
0.98914242
0.99159664
0.99182129
0.99218690
0.99073178
0.99003321
0.98625529
0.99020797
0.98815417
0.98888636
0.98863912
0.98833072
0.98649549
0.98802292
0.98800778
0.98634732
0.98847687
0.98951226
0.98914778
0.99052531
0.99168956
0.99109977
0.99363035
0.99459791
0.99344021
0.98725849
0.98381758
0.98913121
0.98967195
0.98883623
0.98716092
0.98527849
0.98496866
0.98250937
0.97963792
0.97538722
0.98147476
0.98049623
0.98360360
0.98512244
0.98047870
0.97605705
0.98059505
0.97665161
0.98232520
0.98936415
0.98996806
0.98873109
0.99139738
0.99220312
0.99260420
0.99334162
0.99282020
0.99350244
0.99278933
0.99433631
0.99273682
0.99311572
0.99376440
0.99367815
0.99357408
0.99383754
0.98991841
0.99161315
0.99095058
0.99256587
0.99239242
0.99096161
0.99333280
0.99114847
0.99267536
0.99382049
0.99316931
0.99317968
0.99355209
0.99342728
0.99232000
0.99360764
0.99416476
0.99390572
0.99401122
0.99195123
0.99372536
0.99274772
0.99088764
0.98792112
0.98591369
0.98660350
0.99028605
0.99180639
0.99167550
0.99187791
0.99506217
0.99471891
0.99364167
0.98837620
0.98469192
0.98605323
0.99080044
0.99351317
0.99464780
0.99353105
0.99259233
0.99228281
0.99091679
0.99126995
0.99084771
0.99013662
0.98880696
0.98917234
0.98822892
0.98598772
0.98615605
0.98638147
0.98079121
0.98218781
0.98293960
0.98442149
0.98692548
0.98910707
0.99091911
0.99040353
0.98774976
0.98577034
0.99235451
0.99339217
0.99482203
0.99549013
0.99512237
0.99477035
0.99472356
0.99516594
0.99537742
0.99552429
0.99434364
0.99325329
0.99360162
0.99301344
0.99173522
0.99214512
0.98985237
0.99267370
0.99487972
0.99450266
0.99472034
0.99431300
0.99432963
0.99295348
0.99342209
0.99188703
0.99194312
0.99192542
0.99383390
0.99336100
0.99276710
0.99411148
0.99340522
0.99279237
0.99273986
0.99149829
0.99451149
0.99519205
0.99523443
0.99513149
0.99538237
0.99583274
0.99510092
0.99503845
0.99414957
0.99390358
0.99422604
0.99454206
0.99467599
0.99499643
0.99501795
0.99486357
0.99441987
0.99430841
0.99420446
0.99367589
0.99282914
0.99270016
0.99178547
0.98913413
0.98727638
0.98763615
0.98646194
0.98152107
0.97609091
0.97242606
0.97347677
0.97996211
0.98149222
0.98244274
0.98688787
0.98999119
0.99129885
0.99201500
0.99187076
0.99203378
0.99228549
0.99214643
0.99245828
0.99240547
0.99389607
0.99276382
0.99137306
0.98592871
0.98351973
0.98891801
0.98688704
0.98245460
0.97495663
0.97058827
0.97211051
0.96562928
0.96262532
0.96391755
0.96057916
0.95686817
0.95934612
0.95341593
0.96455669
0.97676921
0.98434734
0.98840642
0.98950654
0.98894346
0.98964578
0.99177426
0.99320072
0.99365222
0.99390429
0.99405318
0.99382931
0.99452966
0.99388713
0.99248064
0.99085730
0.98846722
0.99024862
0.99048775
0.99079168
0.99308854
0.99299979
0.99315286
0.99449027
0.99502522
0.99477333
0.99495548
0.99494320
0.99437261
0.99479538
0.99466854
0.99346244
0.99459863
0.99370569
0.99342501
0.99226612
0.99312580
0.99328387
0.99319422
0.99273103
0.99238342
0.99145871
0.99216276
0.99392176
0.99418312
0.99399841
0.99181962
0.99379671
0.99290860
0.99205810
0.98770964
0.99148142
0.99270129
0.99315566
0.99296558
0.99318975
0.99245220
0.99335539
0.99331206
0.99239045
0.99360693
0.99340701
0.99349326
0.99379623
0.99424213
0.99360329
0.99355996
0.99327797
0.99406779
0.99417973
0.99308598
0.99397767
0.99201339
0.99397945
0.99167937
0.99254870
0.99161166
0.99177015
0.99082267
0.98755163
0.98992938
0.98894078
0.99111170
0.99042225
0.98766404
0.98967510
0.98937142
0.99010265
0.99051827
0.99218154
0.99102974
0.99361974
0.99331665
0.99339610
0.99324811
0.99405599
0.99359578
0.99347818
0.92846930
0.75548625
0.65818888
0.49407646
0.51422596
0.36845323
0.28510311
0.29949191
0.26056388
0.21245643
0.23537028
0.23576586
0.39534077
0.48166808
0.50449562
0.52183539
0.53033143
0.43758994
0.38866189
0.42126119
0.40821242
0.55776280
0.54092580
0.54808414
0.44265753
0.51292157
0.44650465
0.45982960
0.59429383
0.57705581
0.63747698
0.55867797
0.55547947
0.43036768
0.39660341
0.32649046
0.35698283
0.39499944
0.54225832
0.65229189
0.81584644
0.88039154
0.90709740
0.93673939
0.97314924
0.98120326
0.98343498
0.98547190
0.98587173
0.98414963
0.98458427
0.98504829
0.98379529
0.98251510
0.98120892
0.98030704
0.97999763
0.97859734
0.97569752
0.97387505
0.97710776
0.98174715
0.98475742
0.98556352
0.98364800
0.98268491
0.97800326
0.96815622
0.95640975
0.95477527
0.95602328
0.96089661
0.96819365
0.97099078
0.97505844
0.97250599
0.96691954
0.97605580
0.98354614
0.98610562
0.98625749
0.98692596
0.98698723
0.98759717
0.98708051
0.98526704
0.98554951
0.98492014
0.98501301
0.98480463
0.98096383
0.98014188
0.98024195
0.98023087
0.98181504
0.98230505
0.98428279
0.98527873
0.98596710
0.98589557
0.98545384
0.98529285
0.98486245
0.98423332
0.98492014
0.98537779
0.98586988
0.98275477
0.98449349
0.98494822
0.98490542
0.98456651
0.98733622
0.98643142
0.98776871
0.98933125
0.98947173
0.98999155
0.98972756
0.99346405
0.99417663
0.99270719
0.99139297
0.99139613
0.99112612
0.99004692
0.99002260
0.98818922
0.98855430
0.98848724
0.98829180
0.98704392
0.98577011
0.98228776
0.97958356
0.97857600
0.97596902
0.97633135
0.97540969
0.97471887
0.97461998
0.97579467
0.97589976
0.97448176
0.97309619
0.97251421
0.97115225
0.96871197
0.96629882
0.96182472
0.95260692
0.95159245
0.95046175
0.95205891
0.94525427
0.94628888
0.95119709
0.95162970
0.94855684
0.94365299
0.93672597
0.93663168
0.93217897
0.92672306
0.92427701
0.92021781
0.92148733
0.92488605
0.93302596
0.94459713
0.95682639
0.96053404
0.96276534
0.96613562
0.96640211
0.96589637
0.96633911
0.96062338
0.95266342
0.94108808
0.94663221
0.95289457
0.95712793
0.96177047
0.96664977
0.96814716
0.97260398
0.97322661
0.97875243
0.97809362
0.97647393
0.97812802
0.97674930
0.97700077
0.98054802
0.98225778
0.98001993
0.97785532
0.97620982
0.97897506
0.98303115
0.98286462
0.98292357
0.97181600
0.96654874
0.97448438
0.97432816
0.97760302
0.97748166
0.98156273
0.98676455
0.99085063
0.99230874
0.99184728
0.99144614
0.99108547
0.98879963
0.98647738
0.98297471
0.98164958
0.98071128
0.98207492
0.98288512
0.98544645
0.97824746
0.98043001
0.97572756
0.97501296
0.96923411
0.96577936
0.96048754
0.94716793
0.93949026
0.93982458
0.94481373
0.94715542
0.95251811
0.96166998
0.96458936
0.96399850
0.96347392
0.96683502
0.96738249
0.96975076
0.96817642
0.97088766
0.96573734
0.96698517
0.96645546
0.96717948
0.96789831
0.96400297
0.96672386
0.97271562
0.97030151
0.97146195
0.97469372
0.97239119
0.97236383
0.97274494
0.97309375
0.96842378
0.96652192
0.96260834
0.95353925
0.95032877
0.94887614
0.93626475
0.92702413
0.91972810
0.91682816
0.90577161
0.90264350
0.89756590
0.90613282
0.90355498
0.89471012
0.89218718
0.88784611
0.88466448
0.88341999
0.87592268
0.87738872
0.86845809
0.87048274
0.88072556
0.90067232
0.90402424
0.91538835
0.93085116
0.94212717
0.95242542
0.95885390
0.96415251
0.97106904
0.97805804
0.98116541
0.97344595
0.96188271
0.94352657
0.93774718
0.92368096
0.92365539
0.93375653
0.94576132
0.95531732
0.96356863
0.96914297
0.97051114
0.96877831
0.96483552
0.96706390
0.97736150
0.97838098
0.97490138
0.97968799
0.98157483
0.97806805
0.97881019
0.98425227
0.98488557
0.98367476
0.98736447
0.98778886
0.98894113
0.99183524
0.99443310
0.99215442
0.99117190
0.99251646
0.99338293
0.99357915
0.99301130
0.99351418
0.99275756
0.99083143
0.99376869
0.99159110
0.99073642
0.98978186
0.98917526
0.98641598
0.98062164
0.98316354
0.97923619
0.98184353
0.98415899
0.98181468
0.98173183
0.97559786
0.97356170
0.97843516
0.98203063
0.98124939
0.98162329
0.98280805
0.98196018
0.98420310
0.98402435
0.98479503
0.98533869
0.98480451
0.98541301
0.98756778
0.98651636
0.98851973
0.98915732
0.98761499
0.98518175
0.98526716
0.98323047
0.98135138
0.98297530
0.98535132
0.98120314
0.98261607
0.98373115
0.97988200
0.97145486
0.97253823
0.97183043
0.96722096
0.96922565
0.97541207
0.96615088
0.96344823
0.95635569
0.95628363
0.95965695
0.96362334
0.96536201
0.96692979
0.97119325
0.97280103
0.96850407
0.96182030
0.95377678
0.96091419
0.96883214
0.97207558
0.96915317
0.97449589
0.97347867
0.96008092
0.95052785
0.94243634
0.94214970
0.95297432
0.96418047
0.96417725
0.96537578
0.96777266
0.96990472
0.96886998
0.95834386
0.95033252
0.95991492
0.96940774
0.97474128
0.97453451
0.97538120
0.97324049
0.97309393
0.97165293
0.97457391
0.97506374
0.96973842
0.97778386
0.97662532
0.97704870
0.97229487
0.96705687
0.96489298
0.96965134
0.97661728
0.97793365
0.97368807
0.97316551
0.96630144
0.96207380
0.96069533
0.96056473
0.95942008
0.96462250
0.96295995
0.96217352
0.96412581
0.96382618
0.96156222
0.95559514
0.94996685
0.94557369
0.94617975
0.95184392
0.95368320
0.96170211
0.96121544
0.97155803
0.97236294
0.96803319
0.97138071
0.97519141
0.97431505
0.97627288
0.97550970
0.98036218
0.97981346
0.98135573
0.98287857
0.98278838
0.98475260
0.98649871
0.98865193
0.98885310
0.98778045
0.98641866
0.98644698
0.98245907
0.97559071
0.96985245
0.88757634
0.74313658
0.49371502
0.46370509
0.46058789
0.39124170
0.31491834
0.36634478
0.36984009
0.26260781
0.38750011
0.36891142
0.43221724
0.44211188
0.37230295
0.30971640
0.24296568
0.32272860
0.43271875
0.40806827
0.41032746
0.38252869
0.35886443
0.38166758
0.32388544
0.54382479
0.76242483
0.86727411
0.91611391
0.95584571
0.97150493
0.97611314
0.98728031
0.98990202
0.99131435
0.99080545
0.98505670
0.98959750
0.98826641
0.99022043
0.98984957
0.98828435
0.98565525
0.98347753
0.98627603
0.98711115
0.98973376
0.99228269
0.99425250
0.99492860
0.99370366
0.99342006
0.99224639
0.99041277
0.98850971
0.98686928
0.98258346
0.97437257
0.97001898
0.96919435
0.96775913
0.97073460
0.97255355
0.97564018
0.97725362
0.98247969
0.97992891
0.97464263
0.96725702
0.96632564
0.96758568
0.97093010
0.97369337
0.97522515
0.97320122
0.97443306
0.98106486
0.98450285
0.98716766
0.98289424
0.98374164
0.98525512
0.98699677
0.98854977
0.98941308
0.99059778
0.99122405
0.99073875
0.98852789
0.98879856
0.98233819
0.98586833
0.98534507
0.98635197
0.98314923
0.98120612
0.97946256
0.98280901
0.98292416
0.98327404
0.98658550
0.98918813
0.99194217
0.99301261
0.99168301
0.99313861
0.99315131
0.99283046
0.99114043
0.98859859
0.98741490
0.98695600
0.98524654
0.98405242
0.98421210
0.97615111
0.97292095
0.97223771
0.97639096
0.98162752
0.98337609
0.98086369
0.97832119
0.97487962
0.97530657
0.97908384
0.98181665
0.98246908
0.98190194
0.98188007
0.98183030
0.98503196
0.98559755
0.98358291
0.98482054
0.98612368
0.98814118
0.98991865
0.99048179
0.99015498
0.98983151
0.98908490
0.98834527
0.98546684
0.98069257
0.97906345
0.97853106
0.97038895
0.96732831
0.95794219
0.96286577
0.96771604
0.97334701
0.97415203
0.97797763
0.97811013
0.98137003
0.98407733
0.98524284
0.98537099
0.98373216
0.98191524
0.97842520
0.98103714
0.98205966
0.98603243
0.98467630
0.98049849
0.98118949
0.98193604
0.98540455
0.98813838
0.99030429
0.99207050
0.99418926
0.99497062
0.99588108
0.99537033
0.99508178
0.99456149
0.99337631
0.99285489
0.99474949
0.99221331
0.98917997
0.98969090
0.98905712
0.99059415
0.99218315
0.99014753
0.99172771
0.99191755
0.99095070
0.99120367
0.99028647
0.99057227
0.98838079
0.98676884
0.98489666
0.98077583
0.97552186
0.97220898
0.97430778
0.97471118
0.97369123
0.97254181
0.97179484
0.97293472
0.97125375
0.96813720
0.96555573
0.96539801
0.96190083
0.95821947
0.95594037
0.95745337
0.96277738
0.96393734
0.96629626
0.96795851
0.96898270
0.97113073
0.97394276
0.97769439
0.97598481
0.97586071
0.97780460
0.97923321
0.98085612
0.98420930
0.98471397
0.98741376
0.98990995
0.99030554
0.99141908
0.99015689
0.98494130
0.98242193
0.98107386
0.97776663
0.97475022
0.97334880
0.96774685
0.96516222
0.96611720
0.96793735
0.96336251
0.95860952
0.95185059
0.94679111
0.94250780
0.94582254
0.94229555
0.92642683
0.90697432
0.90702575
0.94036788
0.95798862
0.97046071
0.97285062
0.97582746
0.97091103
0.96465743
0.95570552
0.94446415
0.94336116
0.94619453
0.96048105
0.97509581
0.98388356
0.98638505
0.98651904
0.98652250
0.98759019
0.99141675
0.99260062
0.99188668
0.99123025
0.99003756
0.98975253
0.99158365
0.99236077
0.99090451
0.98551011
0.98519117
0.98415953
0.98623151
0.98819155
0.98945695
0.98864311
0.98668528
0.98611397
0.98487735
0.98750013
0.98823059
0.98730379
0.98682404
0.98810661
0.98868132
0.98814744
0.98789704
0.98908323
0.99034435
0.99008101
0.99016893
0.98986930
0.98842770
0.99026603
0.99091959
0.98853326
0.98960286
0.98937923
0.98932099
0.98932856
0.98848629
0.98901331
0.98885208
0.98958391
0.98917657
0.98957950
0.98885787
0.98871058
0.98730880
0.98877805
0.98629135
0.98815793
0.98832929
0.98894113
0.98999727
0.99018961
0.99150240
0.99056190
0.99115199
0.99122155
0.99245125
0.99327117
0.99320871
0.99265301
0.99130589
0.99072379
0.99016470
0.99144262
0.99360222
0.99427277
0.99422824
0.99456304
0.99456429
0.99442130
0.99375182
0.99336678
0.99240255
0.99217743
0.99077785
0.98944271
0.99019462
0.99005169
0.99091095
0.99189502
0.99294257
0.99115366
0.98954672
0.98911661
0.99040669
0.99161470
0.99064672
0.99116874
0.99150836
0.99174953
0.99009258
0.99067396
0.98836654
0.98440015
0.97617924
0.96848631
0.95530677
0.94310969
0.93545836
0.93528903
0.94302297
0.95468760
0.96020663
0.96897918
0.97238523
0.97693926
0.97385401
0.97264940
0.97629625
0.97810864
0.97696209
0.97627592
0.96660364
0.95931214
0.96698529
0.96038032
0.95755303
0.93110704
0.90207916
0.87542886
0.84571832
0.79067582
0.86245859
0.89926928
0.90783542
0.93678010
0.95337170
0.96661466
0.97079110
0.96451980
0.96423209
0.96545678
0.95929205
0.95463157
0.96112567
0.97136837
0.97445065
0.98294145
0.98567641
0.98841721
0.98853672
0.98929417
0.98785478
0.98949289
0.99122787
0.99102801
0.99281764
0.99327362
0.99311429
0.99166638
0.99068928
0.98876560
0.98583108
0.98440021
0.98405880
0.98470140
0.98618549
0.98589104
0.99088949
0.98686475
0.98761266
0.99158221
0.99355125
0.99330139
0.99216568
0.99082631
0.98861545
0.98764288
0.98270559
0.98596823
0.98520559
0.98419487
0.98271310
0.97916585
0.97775686
0.97834653
0.97991151
0.97916257
0.97936720
0.97924691
0.98328292
0.97816581
0.97965974
0.97673666
0.97396630
0.96573901
0.95744264
0.96445370
0.97233588
0.97970551
0.98506004
0.98661542
0.98853135
0.98863834
0.98676282
0.98395038
0.97850490
0.97708273
0.97749603
0.97179329
0.95951229
0.97215402
0.95456767
0.96597457
0.95348030
0.94030464
0.90993255
0.90445191
0.88835591
0.87624073
0.87035447
0.85903120
0.88287139
0.89667654
0.93137938
0.91183543
0.90395844
0.92173731
0.94522762
0.96190012
0.97320020
0.97416186
0.96974206
0.97660178
0.98563254
0.98096943
0.98738366
0.98761427
0.98392451
0.98298866
0.98607141
0.98980576
0.99068987
0.98931026
0.98540932
0.97930235
0.98688149
0.98814142
0.99256563
0.99467283
0.99415016
0.99153757
0.99136657
0.99059677
0.98929465
0.99229890
0.99417579
0.99450964
0.99424607
0.99300051
0.99349433
0.99531639
0.99547476
0.99584180
0.99569041
0.99557036
0.99465054
0.99361634
0.99462503
0.99587280
0.99492824
0.99433583
0.99311912
0.99442357
0.99411881
0.99350858
0.99198920
0.98972452
0.99167293
0.99094057
0.98876941
0.98569101
0.99152994
0.99171960
0.99272162
0.99243802
0.98999012
0.99060881
0.98998940
0.99128777
0.99187917
0.99125576
0.98856050
0.98329192
0.98363310
0.98558158
0.98678410
0.98793888
0.98886311
0.98741871
0.98539913
0.98819029
0.98800302
0.98707527
0.98702908
0.98725468
0.98649013
0.98603177
0.98510331
0.98345184
0.98201907
0.97399974
0.96645576
0.96307701
0.96099168
0.95761174
0.94573361
0.95870477
0.97065765
0.97509289
0.96061236
0.95829129
0.95887941
0.96550149
0.97676599
0.97371507
0.97371292
0.96965402
0.97853631
0.98104328
0.98399144
0.98232138
0.98082000
0.98403382
0.98630667
0.98787981
0.98652136
0.98352575
0.97610009
0.97549510
0.97636276
0.97924197
0.98437101
0.98483616
0.98645234
0.98687810
0.98632717
0.98568487
0.98464614
0.98428601
0.98363930
0.98585272
0.98852915
0.99101126
0.99169254
0.99165630
0.99150509
0.99090791
0.99061126
0.98951679
0.98840058
0.98804700
0.98912466
0.98830611
0.98892152
0.98837322
0.98821682
0.98914438
0.98819411
0.98888367
0.98858845
0.99067760
0.99212962
0.99278694
0.99238974
0.99305564
0.99235654
0.99319589
0.99430531
0.99401808
0.99200577
0.98984712
0.95978034
0.78676122
0.84157836
0.67778492
0.65143245
0.66513485
0.60374969
0.54477996
0.61013556
0.54675382
0.48529121
0.44129795
0.41179353
0.38233852
0.35354501
0.41919804
0.35583326
0.22829434
0.30303475
0.25652143
0.30607983
0.22598155
0.19490516
0.21873520
0.18245043
0.18667653
0.23986284
0.23580955
0.21840802
0.27991962
0.40296876
0.44734609
0.41872492
0.43282315
0.44669411
0.43617839
0.44687891
0.48036918
0.52347261
0.65228051
0.80424017
0.86605549
0.88878143
0.89709538
0.91624743
0.93333220
0.95384520
0.96324366
0.96581507
0.96587431
0.96748024
0.96977788
0.96776789
0.96659273
0.96029425
0.96094477
0.96563339
0.96953470
0.96634263
0.97344297
0.97713643
0.98092550
0.97352344
0.97066396
0.96971649
0.96772921
0.96861702
0.96764195
0.96576035
0.96218336
0.96682036
0.96559393
0.96261907
0.95729220
0.96044928
0.95917076
0.96052074
0.95175427
0.95323187
0.95920277
0.95039970
0.95068258
0.95506769
0.95112717
0.96423960
0.96922553
0.96977913
0.97028065
0.97014993
0.96952772
0.97048664
0.97135061
0.97152662
0.97088641
0.96892482
0.96609825
0.95962942
0.95883834
0.96435791
0.96161002
0.96296716
0.96299034
0.96460474
0.96524060
0.96511978
0.96760118
0.96884578
0.96603376
0.96458155
0.96204865
0.96119839
0.96708107
0.97207594
0.97556847
0.97643149
0.97244263
0.97436237
0.97228009
0.97745961
0.97938412
0.97839248
0.97913170
0.97921568
0.97620380
0.97513902
0.98021573
0.98198122
0.98317552
0.98351675
0.98502851
0.98557621
0.98351133
0.98626280
0.98609632
0.98623824
0.98614025
0.98684639
0.98574430
0.98676783
0.98642194
0.98632669
0.98666698
0.98607153
0.98709506
0.98627263
0.98805553
0.98864067
0.99006861
0.99018657
0.99116653
0.99172688
0.99147147
0.99148506
0.99035627
0.99030370
0.98933280
0.98848510
0.98822355
0.98758125
0.98848993
0.98828119
0.98647147
0.98722792
0.98742247
0.98800486
0.98849094
0.98867118
0.98991299
0.98918962
0.98731458
0.98649687
0.98601925
0.98587984
0.98722190
0.98788679
0.98735887
0.98805308
0.98854488
0.98732668
0.98707050
0.98654765
0.98602515
0.98449427
0.98369479
0.98497945
0.98594022
0.98525059
0.98554277
0.98674983
0.98709691
0.98863119
0.99026698
0.99165994
0.99211287
0.99096632
0.99177015
0.99057102
0.98895699
0.99046636
0.99146044
0.99225968
0.99248898
0.99211311
0.99261510
0.99281329
0.99386734
0.99390596
0.99366534
0.99282211
0.99283701
0.99249297
0.99201900
0.99132007
0.99046350
0.99017477
0.98784131
0.98752606
0.98690957
0.98666775
0.98629618
0.98817211
0.98851573
0.98860067
0.98950213
0.98866999
0.99015510
0.98968202
0.99087369
0.98960716
0.99063396
0.99123341
0.99213177
0.99248964
0.99135262
0.99167389
0.99146479
0.99177867
0.99321520
0.99328643
0.99258995
0.99308288
0.99282950
0.99151200
0.99227470
0.99161869
0.99282408
0.99262494
0.99171573
0.99157554
0.99243367
0.99245125
0.99174798
0.99175948
0.99230826
0.99249166
0.99134517
0.98967242
0.99100935
0.99213374
0.99193257
0.99244833
0.99169582
0.99142796
0.99145877
0.99098665
0.99096489
0.99142075
0.99140352
0.99125493
0.99167901
0.99088973
0.98924458
0.99002016
0.98786563
0.98583943
0.98567736
0.98210537
0.98156768
0.98232460
0.98599964
0.99079120
0.99122787
0.99100351
0.99032086
0.98920107
0.98777801
0.98681659
0.98651993
0.98693174
0.98463225
0.98481512
0.98664039
0.98844087
0.98939228
0.98879623
0.98680484
0.98680007
0.98527688
0.98529774
0.98523211
0.98370636
0.98290449
0.98039538
0.97846758
0.97994596
0.98157972
0.98068100
0.97819388
0.97106546
0.97383535
0.97404939
0.97675055
0.97776115
0.97636330
0.97834516
0.97945112
0.97763640
0.97840786
0.97902507
0.97447634
0.97596574
0.97446716
0.97379285
0.97401345
0.97170997
0.97133756
0.96920186
0.97288418
0.97130829
0.97483575
0.97939271
0.98136848
0.98021883
0.97743189
0.98044008
0.98201597
0.98260051
0.98526603
0.98568583
0.98565245
0.98517078
0.98861057
0.98886544
0.98952919
0.98991525
0.98936522
0.99000919
0.98919827
0.98919326
0.98857683
0.98807484
0.98791236
0.98466796
0.98506075
0.98521197
0.98370045
0.98546720
0.98541588
0.98456097
0.98510784
0.98616922
0.98608023
0.98571801
0.98315609
0.98176414
0.97873861
0.97591180
0.97410685
0.97430307
0.97523153
0.97410429
0.97684890
0.97706807
0.97660416
0.98327959
0.98191744
0.98214012
0.98165739
0.97496742
0.97462952
0.98115975
0.98347694
0.98284250
0.98337078
0.98373955
0.98477685
0.98532480
0.98286587
0.98120373
0.97789621
0.97777188
0.97861838
0.97852534
0.97883958
0.97794318
0.97968400
0.98104674
0.98223889
0.98407423
0.98572886
0.98606724
0.98481303
0.98300803
0.98170149
0.98326254
0.98343867
0.98447150
0.98341709
0.98344964
0.98015445
0.97909582
0.97882539
0.97718883
0.97500587
0.97105205
0.97287333
0.97507304
0.97662443
0.97646171
0.97781926
0.97840846
0.98097938
0.98070771
0.98109347
0.98324180
0.98474926
0.98606980
0.98677307
0.98842645
0.98849994
0.98804629
0.98823464
0.98845452
0.98968822
0.99010426
0.99020189
0.99034077
0.98953527
0.98370057
0.97645277
0.96941054
0.97189742
0.97523546
0.97772318
0.98209524
0.98695511
0.99130684
0.99201816
0.99249732
0.99237263
0.99269545
0.99250352
0.99204868
0.99010521
0.98873270
0.98665965
0.98619461
0.98784477
0.98915952
0.98901117
0.98848569
0.98748595
0.98859566
0.98867267
0.98957247
0.99083531
0.98983663
0.99031937
0.98919499
0.98856807
0.98828375
0.98642039
0.98683292
0.98689055
0.98780072
0.99083966
0.99113148
0.99185771
0.99004233
0.98797989
0.98700005
0.98942965
0.98925799
0.98839861
0.98813218
0.98687929
0.98762053
0.98997962
0.99156135
0.99254698
0.99245888
0.99167508
0.99116009
0.98993593
0.98964977
0.98960298
0.98732114
0.98473996
0.97469962
0.96232820
0.95374846
0.94586575
0.94276661
0.93591273
0.93837965
0.94603097
0.95743656
0.96617550
0.97071284
0.97904700
0.99001700
0.99184740
0.99007165
0.98600709
0.98642993
0.98888540
0.98862493
0.99219716
0.99251646
0.99465734
0.99532664
0.99467081
0.99441284
0.99390668
0.99312216
0.99385649
0.99203813
0.99240077
0.99255472
0.99287307
0.99329031
0.99284160
0.99271846
0.99208283
0.99084079
0.99392784
0.99415463
0.99414033
0.99353009
0.99382496
0.99449807
0.99405199
0.99389851
0.99497694
0.99533564
0.99543744
0.99509573
0.99525011
0.99478781
0.99460429
0.99339551
0.99248588
0.99265540
0.99173003
0.99152291
0.99197340
0.99053091
0.99047887
0.99174494
0.99329644
0.99109602
0.99047160
0.99154353
0.99174994
0.99115622
0.99102354
0.99081755
0.99096137
0.99183589
0.99201816
0.99057043
0.98696160
0.98970407
0.98698586
0.98854381
0.98328918
0.98360574
0.98199767
0.98269755
0.98232400
0.98200792
0.98444450
0.98357671
0.98515391
0.98467088
0.98208880
0.98216152
0.98428690
0.98618060
0.98760581
0.98780477
