# epoch train_loss train_mae train_rmse val_loss val_mae val_rmse val_corr val_bad_recall val_false_reliable learning_rate
1.00000000 0.78033739 0.43178032 0.45742255 0.54333431 0.48203892 0.56089342 -0.24019473 1.00000000 0.00000000 0.00050000
2.00000000 0.33846253 0.36479253 0.45604393 0.49797510 0.47743845 0.60982426 -0.13843790 1.00000000 0.00000000 0.00050000
3.00000000 0.26683897 0.30786887 0.41459239 0.48649034 0.46990022 0.61671531 0.03299819 1.00000000 0.00000000 0.00050000
4.00000000 0.21343098 0.26647674 0.38031162 0.47577944 0.45903963 0.61951714 0.25353685 1.00000000 0.00000000 0.00050000
5.00000000 0.17973918 0.21996937 0.33567265 0.48683875 0.46470052 0.62385402 0.13179180 1.00000000 0.00000000 0.00050000
6.00000000 0.15269341 0.19611257 0.31567081 0.48511390 0.46172098 0.62369002 0.16614644 1.00000000 0.00000000 0.00050000
7.00000000 0.12851965 0.16662665 0.28012159 0.48834231 0.46035460 0.61733910 0.16072399 1.00000000 0.00000000 0.00050000
8.00000000 0.10651403 0.14130300 0.25184474 0.49187109 0.46071961 0.62848042 0.15900927 0.99934896 0.00000000 0.00025000
9.00000000 0.08738785 0.12991532 0.23339611 0.49344687 0.46218719 0.62335760 0.11574244 0.99804688 0.00000000 0.00025000
10.00000000 0.07205179 0.10904167 0.20502766 0.49407871 0.45942560 0.62413473 0.13941498 0.99609375 0.00000000 0.00025000
11.00000000 0.06252535 0.09977376 0.18844212 0.49057192 0.45736723 0.62446365 0.17123455 0.99739583 0.00000000 0.00025000
12.00000000 0.05379750 0.08785518 0.16699617 0.50395463 0.45915785 0.62331639 0.12563504 0.99348958 0.00000000 0.00012500
13.00000000 0.04662533 0.08343914 0.16022670 0.49658808 0.45737032 0.62162273 0.14542312 0.99479167 0.00000000 0.00012500
14.00000000 0.04000356 0.07552452 0.14647457 0.50602685 0.45805718 0.62032192 0.12502547 0.99348958 0.00000000 0.00012500
15.00000000 0.03772690 0.07265824 0.14270918 0.52127158 0.45847457 0.62066287 0.10747601 0.97330729 0.00000000 0.00012500
16.00000000 0.03498932 0.06920494 0.13740317 0.53425450 0.46008451 0.62291872 0.09062707 0.97070312 0.00000000 0.00006250
