3.00000000
3.00000000
3.00000000
3.00000000
3.00000000
3.00000000
3.00000000
3.00000000
3.00000000
3.00000000
3.00000000
3.00000000
3.00000000
3.00000000
3.00000000
3.00000000
3.00000000
3.00000000
3.00000000
3.00000000
3.00000000
3.00000000
3.00000000
3.00000000
3.00000000
3.00000000
3.00000000
3.00000000
3.00000000
3.00000000
3.00000000
3.00000000
3.00000000
3.00000000
3.00000000
3.00000000
3.00000000
3.00000000
3.00000000
3.00000000
3.00000000
3.00000000
3.00000000
3.00000000
3.00000000
3.00000000
3.00000000
3.00000000
3.00000000
3.00000000
3.00000000
3.00000000
3.00000000
3.00000000
3.00000000
3.00000000
3.00000000
3.00000000
3.00000000
3.00000000
3.00000000
3.00000000
3.00000000
3.00000555
3.00000712
3.00001285
3.00000340
3.00000199
3.00000079
3.00000079
3.00000076
3.00000088
3.00000095
3.00000076
3.00000083
3.00000103
3.00000108
3.00000119
3.00000124
3.00000280
3.00000229
3.00000164
3.00000104
3.00000055
3.00000063
3.00000149
3.00000140
3.00000132
3.00000274
3.00000127
3.00000066
3.00000081
3.00000150
3.00000234
3.00000290
3.00000154
3.00000150
3.00000310
3.00000378
3.00000513
3.00000260
3.00000252
3.00000289
3.00000334
3.00000376
3.00000255
3.00000289
3.00000426
3.00000475
3.00000847
3.00001027
3.00000803
3.00000397
3.00000314
3.00000289
3.00000293
3.00000340
3.00000119
3.00000153
3.00000191
3.00000517
3.00001140
3.00000517
3.00000691
3.00004807
3.00005844
3.00007304
3.00011351
3.00024895
3.00031170
3.00035129
3.00014596
3.00010509
3.00011023
3.00008540
3.00004988
3.00002705
3.00001679
3.00000957
3.00000905
3.00000207
3.00000166
3.00000141
3.00000209
3.00000324
3.00000432
3.00000514
3.00001193
3.00001445
3.00001544
3.00001486
3.00000356
3.00000204
3.00000088
3.00000068
3.00000086
3.00000053
3.00000076
3.00000052
3.00000061
3.00000078
3.00000076
3.00000100
3.00000102
3.00000128
3.00000177
3.00000315
3.00000313
3.00000384
3.00000536
3.00000714
3.00001010
3.00000606
3.00000953
3.00000704
3.00000858
3.00000854
3.00001377
3.00001348
3.00001171
3.00001228
3.00001393
3.00001556
3.00001959
3.00001458
3.00001242
3.00000942
3.00001130
3.00000997
3.00001577
3.00001094
3.00001184
3.00001168
3.00001037
3.00001259
3.00001891
3.00002911
3.00003296
3.00005330
3.00011807
3.00022709
3.00026504
3.00020894
3.00014391
3.00012927
3.00010582
3.00010809
3.00007754
3.00004330
3.00002999
3.00002470
3.00002693
3.00002620
3.00003510
3.00002365
3.00002536
3.00001677
3.00001058
3.00000963
3.00000796
3.00002174
3.00004412
3.00003979
3.00004637
3.00005583
3.00004118
3.00007909
3.00008556
3.00003468
3.00006654
3.00010569
3.00004519
3.00002149
3.00001080
3.00000512
3.00000196
3.00000145
3.00000074
3.00000058
3.00000093
3.00000142
3.00000151
3.00000191
3.00000099
3.00000087
3.00000105
3.00000111
3.00000142
3.00000099
3.00000130
3.00000096
3.00000099
3.00000068
3.00000037
3.00000074
3.00000053
3.00000112
3.00000144
3.00000077
3.00000057
3.00000121
3.00000158
3.00000266
3.00000104
3.00000103
3.00000124
3.00000145
3.00000120
3.00000324
3.00000405
3.00001090
3.00002232
3.00011449
3.00052679
3.00098725
3.00042914
3.00031751
3.00039365
3.00069750
3.00153479
3.00237620
3.00322941
3.00172407
3.00032300
3.00015458
3.00007800
3.00002242
3.00000914
3.00000362
3.00000479
3.00000402
3.00000282
3.00000106
3.00000145
3.00000293
3.00000235
3.00000408
3.00000714
3.00000571
3.00000813
3.00001222
3.00001800
3.00001630
3.00000979
3.00000621
3.00000161
3.00000126
3.00000160
3.00000133
3.00000125
3.00000241
3.00000196
3.00000197
3.00000784
3.00000412
3.00001224
3.00001506
3.00005739
3.00006498
3.00002317
3.00002505
3.00013306
3.00020698
3.00005613
3.00006490
3.00011202
3.00032176
3.00034884
3.00028076
3.00009660
3.00010007
3.00014401
3.00014521
3.00002608
3.00002533
3.00003213
3.00004474
3.00001013
3.00000668
3.00000565
3.00001800
3.00001530
3.00001163
3.00000960
3.00001048
3.00000798
3.00000503
3.00000701
3.00000725
3.00000544
3.00000485
3.00000453
3.00000584
3.00000589
3.00000627
3.00000718
3.00000577
3.00000673
3.00001086
3.00001233
3.00001447
3.00001715
3.00001841
3.00002180
3.00002230
3.00002283
3.00002358
3.00002897
3.00002054
3.00001445
3.00000755
3.00000275
3.00000182
3.00000184
3.00000247
3.00000856
3.00000429
3.00000297
3.00000537
3.00000175
3.00000848
3.00000930
3.00004615
3.00007572
3.00013126
3.00013098
3.00005131
3.00003115
3.00001793
3.00001683
3.00001569
3.00001808
3.00001971
3.00000459
3.00000208
3.00000127
3.00000175
3.00000158
3.00000126
3.00000064
3.00000055
3.00000079
3.00000120
3.00000087
3.00000106
3.00000131
3.00000207
3.00000154
3.00000086
3.00000066
3.00000104
3.00000409
3.00000451
3.00000895
3.00001170
3.00000850
3.00000456
3.00000514
3.00000704
3.00001504
3.00002721
3.00003854
3.00002550
3.00001840
3.00001708
3.00002482
3.00002378
3.00002030
3.00000767
3.00000612
3.00000696
3.00000602
3.00000676
3.00001081
3.00001011
3.00000834
3.00000735
3.00000563
3.00000540
3.00000431
3.00000315
3.00000455
3.00001104
3.00001806
3.00003794
3.00004846
3.00009236
3.00014030
3.00010425
3.00010911
3.00009868
3.00009408
3.00007579
3.00006863
3.00005093
3.00004355
3.00003372
3.00003453
3.00003128
3.00002452
3.00002038
3.00001287
3.00001255
3.00001465
3.00001586
3.00001579
3.00001023
3.00001113
3.00001394
3.00001866
3.00002593
3.00001702
3.00000765
3.00000254
3.00000117
3.00000110
3.00000070
3.00000055
3.00000062
3.00000086
3.00000223
3.00000417
3.00000588
3.00001066
3.00002571
3.00002272
3.00000456
3.00000607
3.00001784
3.00001202
3.00001025
3.00000776
3.00000563
3.00000293
3.00000228
3.00000403
3.00000258
3.00000174
3.00000269
3.00000387
3.00000532
3.00000363
3.00000287
3.00000299
3.00000377
3.00000624
3.00000740
3.00001406
3.00002682
3.00005504
3.00007180
3.00008387
3.00007556
3.00012452
3.00013386
3.00017304
3.00014324
3.00016500
3.00012951
3.00018917
3.00016856
3.00017378
3.00023137
3.00024765
3.00032172
3.00038570
3.00040586
3.00045670
3.00041841
3.00031536
3.00028955
3.00022865
3.00020662
3.00015496
3.00015687
3.00015314
3.00011869
3.00010015
3.00008605
3.00011755
3.00010118
3.00006245
3.00004625
3.00003807
3.00002983
3.00002579
3.00002466
3.00002486
3.00002569
3.00002894
3.00002233
3.00001705
3.00002116
3.00001857
3.00001701
3.00001556
3.00001501
3.00001111
3.00001129
3.00000984
3.00001259
3.00001409
3.00001384
3.00001936
3.00002273
3.00002205
3.00001896
3.00001883
3.00001641
3.00001125
3.00000837
3.00000489
3.00000604
3.00000389
3.00000237
3.00000179
3.00000185
3.00000141
3.00000230
3.00000278
3.00000248
3.00000292
3.00000221
3.00000366
3.00000582
3.00000843
3.00000834
3.00000781
3.00001235
3.00002186
3.00002164
3.00003092
3.00002573
3.00002438
3.00001577
3.00002059
3.00002664
3.00004974
3.00003515
3.00001247
3.00000914
3.00000495
3.00000387
3.00000540
3.00000903
3.00001268
3.00003202
3.00005104
3.00006006
3.00006430
3.00005313
3.00002651
3.00002336
3.00001744
3.00001408
3.00001331
3.00000973
3.00000595
3.00000521
3.00000797
3.00000710
3.00000476
3.00000331
3.00000443
3.00000722
3.00000888
3.00000701
3.00000875
3.00001378
3.00001393
3.00001158
3.00000620
3.00000514
3.00000682
3.00000436
3.00000341
3.00000387
3.00000329
3.00000584
3.00000638
3.00000710
3.00000485
3.00000391
3.00000405
3.00000419
3.00000375
3.00000330
3.00000245
3.00000212
3.00000172
3.00000257
3.00000191
3.00000167
3.00000249
3.00000258
3.00000246
3.00000259
3.00000362
3.00000323
3.00000367
3.00000297
3.00000352
3.00000204
3.00000241
3.00000255
3.00000207
3.00000205
3.00000258
3.00000231
3.00000415
3.00000504
3.00000589
3.00000619
3.00001026
3.00000864
3.00000498
3.00001346
3.00000845
3.00000591
3.00000361
3.00000288
3.00000221
3.00000251
3.00000173
3.00000176
3.00000197
3.00000205
3.00000398
3.00000491
3.00000457
3.00000459
3.00000387
3.00000371
3.00000205
3.00000265
3.00000256
3.00000262
3.00000296
3.00000258
3.00000207
3.00000187
3.00000140
3.00000250
3.00000263
3.00000236
3.00000182
3.00000243
3.00000253
3.00000263
3.00000402
3.00000521
3.00000537
3.00000556
3.00000897
3.00000778
3.00000592
3.00000835
3.00000597
3.00000359
3.00000295
3.00000258
3.00000614
3.00000659
3.00000867
3.00000536
3.00000347
3.00000344
3.00000307
3.00000459
3.00000855
3.00001296
3.00002024
3.00004390
3.00004708
3.00006521
3.00005598
3.00006701
3.00007151
3.00009333
3.00010105
3.00007246
3.00006397
3.00005726
3.00005950
3.00008750
3.00012896
3.00016067
3.00013658
3.00018113
3.00011107
3.00006937
3.00009077
3.00031711
3.00057255
3.00067084
3.00037934
3.00050009
3.00036738
3.00043699
3.00048301
3.00042746
3.00054350
3.00104231
3.00091510
3.00155883
3.00182232
3.00098579
3.00069684
3.00037939
3.00011491
3.00005907
3.00007229
3.00003861
3.00005128
3.00003389
3.00001623
3.00002165
3.00001013
3.00001252
3.00000484
3.00000961
3.00000326
3.00000266
3.00000628
3.00000182
3.00000285
3.00000173
3.00000148
3.00000256
3.00000383
3.00000388
3.00001760
3.00004476
3.00013943
3.00013653
3.00021709
3.00021793
3.00041766
3.00020708
3.00024058
3.00012601
3.00010533
3.00022264
3.00023362
3.00023501
3.00073642
3.00051029
3.00023391
3.00037501
3.00117082
3.00113452
3.00420524
3.00427144
3.00480417
3.00585814
3.00679650
3.00183286
3.00867060
3.00549770
3.01830127
3.00693457
3.01436560
3.01389739
3.01589906
3.00363775
3.00748188
3.01012691
3.01733015
3.01665247
3.04185033
3.02882292
3.04103289
3.05744391
3.07655434
3.07961084
3.09544268
3.05643983
3.04062977
3.01989785
3.01486438
3.03009897
3.01966901
3.02033315
3.02742324
3.08075290
3.06969058
3.07570019
3.05670755
3.12842380
3.10577713
3.07709374
3.08443187
3.09285837
3.09346812
3.15356761
3.13537484
3.11112093
3.09055816
3.03409243
3.03264995
3.02715453
3.01324698
3.01060313
3.00672684
3.00759645
3.02257450
3.10250067
3.09358561
3.08024611
3.08053862
3.10207851
3.18499501
3.41749901
3.52719552
3.36899225
3.29521022
3.26902050
3.28761800
3.23530883
3.23205130
3.24893316
3.26346282
3.47663611
3.30326008
3.28647458
3.32828872
3.52930088
3.62877266
3.67156229
3.60650542
3.19956624
3.46435820
3.98472744
4.17059063
4.01592691
3.78787810
4.04966054
4.38012746
3.96483449
4.14140399
4.52830637
4.73558904
4.38020806
4.86089826
3.76714411
3.47446542
3.73473340
3.64553328
3.83898404
3.85104331
3.40063634
3.52802033
3.49610441
3.38580948
3.92159299
3.92098378
4.16377772
4.21169598
3.53882964
4.01142176
4.20804228
3.83880972
3.84444916
3.72736654
3.77024583
3.50145430
3.46485517
3.36961433
3.36704049
3.36229571
3.42150195
3.43232290
3.40738470
3.33766887
3.28730765
3.41759590
3.49469738
3.25108246
3.20183595
3.15534834
3.14922911
3.12077462
3.12208488
3.15129250
3.26472185
3.29986538
3.41024333
3.42603763
3.52682057
3.59642104
3.88544003
3.66567458
3.62362868
3.70699663
3.63418751
3.46882615
3.57788268
3.55536443
3.45442628
3.47710504
3.63884749
3.69390415
3.72928269
3.63944853
3.68756258
3.55240412
3.53963573
3.48127081
3.52374750
3.55433016
3.60325010
3.70315613
3.67682758
3.41738381
3.86919996
3.47049198
3.68516450
3.40414844
3.48318474
3.47852100
3.45919944
3.88096158
3.51954617
3.62287196
3.90601762
3.64513811
3.94666418
3.55494806
3.56875558
3.75250446
3.96437648
3.85873714
4.15688340
3.80762266
3.81041613
3.62950401
3.43879471
3.31116554
3.31709228
3.21778008
3.25368002
3.25118471
3.26002307
3.38960297
3.39304471
3.16329931
3.15786047
3.18991918
3.23110605
3.43905294
3.53382464
4.20907887
4.68903295
4.37607367
3.46442342
3.41043239
3.32536962
3.30319817
3.23589455
3.17509027
3.10578371
3.05274319
3.05355869
3.08883153
3.16078731
3.08964192
3.08887287
3.07869454
3.09615640
3.12597632
3.30053434
3.62899689
3.52669454
3.61870848
3.72079572
3.57617570
3.48872414
3.39587208
3.34282183
3.29094847
3.22088768
3.18544526
3.18550600
3.18528000
3.16481378
3.19748153
3.20499350
3.17647427
3.23295226
3.32118776
3.14956879
3.19181761
3.17631891
3.29066471
3.48718411
3.40240474
3.34538197
3.23482936
3.32614711
3.17671652
3.23802894
3.31204202
3.26761827
3.17117388
3.14805121
3.21282316
3.27287095
3.45876632
3.72147213
3.93781329
3.94846433
3.61937158
3.39495680
3.23516714
3.92487038
3.45694892
3.55935880
3.23631805
3.40196305
3.40091432
3.38038115
3.41474386
3.32510123
3.32561500
3.28744263
3.22727756
3.25846659
3.26233112
3.28289366
3.36081126
3.16146074
3.17327566
3.14063057
3.18969776
3.22982553
3.20717184
3.29311161
3.28320672
3.72763880
3.35905623
3.60313801
3.28025449
3.29385952
3.14177142
3.15413685
3.17395473
3.09624473
3.08767933
3.18566848
3.49880235
3.67319367
3.68690673
3.85957423
3.68376764
3.40523632
3.40339371
3.21854592
3.23738184
3.32374140
3.34428711
3.38864436
3.29286686
3.33260376
3.28076518
3.30136616
3.61083442
3.92688289
3.65009738
3.34857252
3.57887974
3.30047680
3.14794747
3.35204882
3.31579710
3.37420483
3.24459675
3.45395979
3.39233118
3.70816780
3.78021321
3.66125376
3.64907987
3.68339681
3.76598836
3.96396655
3.89162707
4.19722302
3.75949521
4.17779651
4.04618852
3.72328885
3.74355716
3.31799931
3.37732028
3.24033836
3.15730511
3.18509996
3.27276705
3.16360925
3.21177105
3.30077276
3.15989152
3.11558495
3.41874856
3.45520472
3.39099868
3.34722974
3.33342515
3.50037341
3.75951943
4.00827725
4.42712885
4.41445443
3.67404134
3.45826780
3.59388274
3.59851730
3.43335341
3.45876796
3.33077885
3.31658707
3.50151001
3.39583338
3.72548693
3.38572430
3.55208270
3.72204873
3.61752005
3.34969834
3.24147930
3.20888869
3.30653454
3.36948167
3.80725129
4.39557905
4.30326921
3.97569193
3.83168408
4.03810047
4.73190737
4.77439278
4.50444634
4.34528641
4.17805536
4.44733077
4.11778671
4.24568330
4.32756498
3.58807853
3.45144861
3.48426205
3.62636067
3.74671239
4.58121610
4.86203501
3.91890226
5.22053851
5.49168265
5.42863771
4.74647885
4.85136820
4.51265456
4.30256325
4.57637466
4.78765537
5.16828842
4.96995326
4.41323371
4.24883479
3.95276445
3.83887786
4.06986031
3.95400367
3.98375707
4.05991023
3.91715943
3.60279940
3.74813139
3.63335163
3.80598924
3.70791647
3.56532206
3.75878187
3.69127390
3.70450452
3.33840702
3.40226215
3.43997320
3.44067284
3.59959022
4.07246084
4.62245480
5.24533178
5.05208167
5.03335175
5.07720842
4.23899006
4.12958246
3.94553741
3.63284824
3.45315575
3.24749569
3.40885699
3.46825666
3.68067569
3.71043023
4.23455287
3.70701074
3.26536291
3.21697230
3.42849012
3.62668123
3.83199209
3.97816829
4.28644201
4.71132530
5.32210016
5.53645147
5.90339351
5.83738800
4.56724490
4.07520825
4.18455892
4.67972702
4.89991148
4.26257503
3.84880834
3.51796896
3.27955530
3.51756115
3.36728428
3.38720030
3.25049180
3.22987162
3.14911318
3.18383193
3.19849220
3.25400734
3.17266262
3.25885845
3.14075493
3.41389372
3.41572358
4.53019671
5.52791100
4.90229279
4.46555973
4.15399042
4.35967339
3.84432293
3.77011737
3.79815505
3.90829907
4.18515196
4.35870868
4.51583813
4.14513870
4.08633762
3.98143211
3.72227641
3.78663893
3.89113748
3.78871616
4.07442551
4.31854942
4.21830060
4.23453557
4.23689737
4.60669550
4.42724415
4.74076592
3.64498310
4.44138642
4.66983693
4.49470940
4.17379523
3.93856105
4.06692361
4.10060481
4.13309230
4.25766312
4.60948010
4.24922895
4.31310733
4.51010142
4.23081110
4.95815571
4.73230499
4.89839174
4.03961478
3.87061420
3.73650594
3.49284789
3.51198367
3.61882870
3.89153633
3.99854071
4.89434078
4.79940148
4.84532667
4.11042976
3.71975072
4.18140106
4.37851305
4.08652199
4.13867880
4.43285590
4.44856560
3.86296142
3.95862159
4.70641849
4.90201130
4.68398268
4.19183209
3.83391590
4.01574232
3.94071765
3.80192298
3.87071247
3.76812545
3.67365931
3.47805325
3.59072143
3.38250841
3.39218674
3.47094547
3.44700292
3.28845852
3.32297628
3.33866091
3.89586869
4.61126451
4.64505902
4.71589463
3.96862120
4.08388939
4.61480339
4.30691467
4.38497048
5.87129009
5.75706873
5.57959921
4.62680220
5.17130569
5.75335117
6.27764022
5.92185025
5.35841810
5.85491328
5.16402756
4.75709163
4.89910689
4.35157345
4.74595857
4.41896761
5.08095701
5.29640834
5.54133632
5.46257419
4.96799243
4.34910997
3.98074588
4.06650278
3.84143741
3.41327395
3.33859310
3.46688818
3.71159646
3.74233965
4.32435301
4.30760517
4.00501121
4.04452309
3.87510138
4.06281379
3.77367211
3.66787250
3.88517277
4.43704182
4.07065435
4.28909988
3.91428282
3.88701990
3.59538021
3.42545186
3.40283502
3.44291098
3.56946475
3.45507376
3.79483465
4.05719317
4.68287683
4.06472113
4.27454818
4.10404012
3.68122479
3.92839773
3.85236087
4.21684693
4.38442486
4.23235013
3.54317170
3.68557956
3.60568476
3.52603557
3.49249689
3.50468896
3.34451150
3.36920858
3.46412093
3.52228866
3.53370962
3.72059911
3.84302586
3.56732864
3.67039724
3.85801018
3.99257382
4.18041259
3.92094152
3.83470590
3.81296186
3.81414711
3.78031905
4.09112840
4.00603123
3.90128273
4.00091126
3.67134433
3.67737541
3.74094367
3.40500972
3.60801545
3.62140118
3.82187862
3.60709579
3.35954547
3.60624690
3.72357582
3.80425832
3.93055116
3.86229873
3.68193872
3.82039389
3.50063971
3.46626840
3.40267797
3.44827275
3.44840739
3.38296679
3.41377195
3.47879687
3.35170272
3.36666835
3.51633149
3.50688167
3.43990986
3.38702225
3.31989773
3.30551230
3.32738934
3.27542075
3.37356752
3.30275208
3.39532077
3.47900711
3.64178685
3.53156742
3.33423384
3.32635460
3.34119813
3.34608209
3.22603012
3.21148887
3.20186502
3.19322896
3.23989925
3.24997443
3.33385296
3.27573292
3.30470568
3.26230391
3.37133307
3.23357014
3.28227604
3.31185574
3.30261175
3.44239523
3.41363389
3.39612647
3.47465875
3.34196451
3.22262386
3.15670025
3.07596917
3.09729087
3.08602659
3.12068472
3.11864280
3.12189348
3.08636352
3.08766724
3.10227235
3.09808278
3.12191930
3.10752790
3.09803617
3.17140619
3.17655186
3.20867525
3.11848553
3.19698003
3.32532592
3.38046431
3.29685097
3.11228378
3.12357160
3.03787677
3.02692250
3.00724154
3.00887066
3.00579187
3.01795141
3.00746205
3.00479969
3.01006807
3.00656338
3.00157018
3.00122554
3.00118794
3.00164822
3.00405793
3.00837688
3.02226503
3.01173062
3.01366372
3.00252141
3.00716620
3.00194806
3.00031080
3.00113704
3.00096020
3.00084477
3.00162891
3.00103584
3.00606466
3.00872380
3.00765843
3.00682737
3.00320697
3.00315310
3.00173597
3.00044799
3.00023509
3.00013469
3.00005202
3.00001902
3.00002519
3.00001022
3.00003584
3.00002936
3.00003358
3.00016225
3.00011867
3.00020647
3.00018351
3.00028207
3.00030271
3.00006745
3.00002903
3.00001643
3.00000824
3.00000565
3.00000487
3.00000275
3.00000867
3.00004062
3.00014867
3.00007019
3.00004552
3.00013028
3.00004948
3.00001316
3.00004536
3.00000812
3.00001292
3.00001928
3.00003474
3.00004385
3.00003705
3.00001495
3.00003369
3.00017113
3.00011097
3.00004609
3.00001886
3.00002275
3.00001491
3.00000688
3.00000847
3.00001223
3.00003588
3.00003147
3.00006771
3.00015859
3.00006918
3.00002661
3.00000822
3.00000783
3.00001155
3.00003406
3.00002600
3.00001899
3.00001249
3.00000715
3.00000448
3.00000810
3.00001476
3.00001861
3.00001448
3.00001959
3.00002169
3.00001486
3.00001682
3.00001894
3.00002075
3.00001697
3.00001367
3.00000830
3.00000681
3.00000803
3.00000444
3.00000601
3.00000604
3.00000991
3.00001267
3.00003625
3.00010360
3.00024725
3.00033381
3.00031271
3.00031140
3.00027175
3.00009763
3.00004283
3.00003036
3.00002105
3.00001802
3.00003075
3.00006181
3.00004190
3.00002445
3.00001523
3.00000362
3.00000245
3.00000276
3.00000171
3.00000296
3.00000188
3.00000434
3.00000465
3.00000602
3.00001600
3.00001388
3.00000695
3.00001342
3.00001081
3.00001926
3.00003102
3.00004766
3.00001501
3.00001363
3.00000658
3.00000537
3.00000646
3.00000542
3.00000530
3.00000347
3.00000264
3.00000162
3.00000181
3.00000147
3.00000195
3.00000221
3.00000227
3.00000386
3.00000237
3.00000179
3.00000269
3.00000211
3.00000406
3.00000309
3.00000191
3.00001890
3.00001245
3.00000851
3.00001155
3.00002249
3.00004997
3.00008441
3.00008301
3.00017336
3.00013396
3.00008104
3.00030475
3.00046052
3.00015162
3.00010316
3.00006483
3.00002683
3.00003035
3.00006059
3.00007115
3.00014806
3.00005248
3.00001792
3.00001894
3.00010053
3.00031181
3.00024846
3.00034912
3.00027349
3.00016900
3.00006768
3.00007504
3.00007631
3.00011009
3.00009080
3.00009972
3.00012767
3.00026069
3.00051926
3.00061207
3.00045639
3.00022970
3.00006665
3.00004210
3.00001127
3.00000630
3.00000674
3.00001189
3.00001651
3.00000730
3.00001940
3.00003466
3.00014696
3.00014962
3.00039958
3.00032638
3.00018093
3.00025996
3.00014933
3.00014065
3.00006467
3.00006037
3.00005542
3.00003368
3.00002638
3.00001018
3.00000405
3.00000273
3.00000247
3.00000623
3.00000177
3.00000261
3.00000301
3.00000203
3.00000535
3.00000375
3.00000353
3.00000597
3.00000606
3.00000466
3.00000542
3.00000212
3.00000400
3.00000313
3.00000215
3.00000089
3.00000244
3.00000187
3.00000337
3.00000572
3.00000292
3.00000275
3.00000476
3.00000138
3.00000161
3.00000090
3.00000201
3.00000206
3.00000137
3.00000128
3.00000125
3.00000159
3.00000176
3.00000193
3.00000381
3.00000538
3.00000808
3.00003996
3.00004858
3.00017259
3.00014131
3.00007409
3.00003952
3.00004512
3.00002969
3.00001637
3.00001687
3.00000777
3.00000227
3.00000156
3.00000544
3.00000561
3.00000195
3.00000569
3.00000556
3.00000716
3.00000684
3.00000437
3.00000459
3.00000230
3.00000273
3.00001380
3.00002571
3.00002869
3.00004766
3.00002836
3.00002187
3.00001438
3.00000798
3.00001407
3.00004083
3.00004492
3.00003445
3.00001058
3.00001351
3.00001975
3.00003648
3.00002501
3.00002281
3.00004238
3.00003916
3.00002082
3.00000785
3.00000685
3.00000646
3.00001155
3.00002136
3.00001515
3.00001059
3.00000675
3.00000466
3.00000299
3.00000386
3.00000508
3.00000588
3.00000604
3.00001008
3.00000961
3.00001241
3.00001661
3.00002543
3.00002438
3.00002884
3.00002970
3.00003404
3.00003645
3.00003982
3.00004670
3.00004341
3.00005236
3.00005016
3.00004969
3.00004767
3.00003661
3.00002118
3.00001363
3.00001205
3.00002114
3.00002282
3.00002703
3.00002739
3.00006292
3.00008697
3.00016641
3.00009807
3.00016553
3.00014614
3.00006768
3.00007449
3.00005157
3.00005106
3.00009295
3.00011148
3.00008991
3.00012669
3.00013412
3.00010328
3.00011655
3.00009744
3.00006084
3.00001823
3.00001907
3.00001758
3.00001002
3.00001185
3.00001044
3.00001316
3.00001460
3.00001940
3.00002662
3.00004513
3.00005473
3.00004340
3.00001977
3.00003595
3.00005310
3.00051030
3.00017296
3.00011294
3.00029463
3.00037018
3.00103555
3.00131048
3.00188457
3.00130346
3.00089702
3.00033019
3.00189798
3.00028491
3.00003171
3.00002185
3.00001304
3.00001757
3.00001011
3.00006803
3.00014429
3.00005712
3.00001780
3.00005269
3.00012333
3.00016715
3.00034935
3.00199313
3.00255083
3.00127594
3.00134578
3.00102933
3.00108435
3.00163081
3.00156240
3.00667708
3.00502337
3.02215870
3.05716332
3.02612784
3.01785265
3.03274078
3.03253219
3.05312473
3.03111549
3.01421152
3.00553107
3.01047729
3.00766197
3.00308737
3.00107486
3.00222089
3.00180211
3.00265627
3.00305823
3.00203404
3.00157386
3.00250773
3.00302582
3.00242977
3.00829110
3.00903368
3.01332283
3.01116522
3.01940688
3.01508399
3.00942947
3.00959084
3.00713680
3.01311669
3.00870407
3.01505907
3.04659537
3.02194679
3.02323150
3.02579391
3.01991765
3.02121026
3.02080237
3.03280443
3.02112671
3.01114111
3.00446141
3.01538348
3.02927947
3.03238236
3.04392864
3.01705860
3.04747204
3.13875781
3.23833412
3.10045717
3.17010933
3.05297435
3.05256823
3.07451931
3.19406303
3.23481648
3.19369018
3.13273627
3.16309715
3.50444614
3.54810456
3.68520197
3.24216452
3.05981907
3.08039632
3.14815023
3.19375488
3.34793658
3.24187995
3.15726674
3.24709504
3.24981537
3.19212120
3.14514866
3.14284045
3.32248670
3.16526425
3.20417710
4.12913031
4.17253946
3.95426075
3.73606299
4.00075215
4.13598101
3.79007590
3.47018291
3.37245492
3.50192425
3.65309713
3.74553560
4.03398754
4.43530167
5.37647330
5.82729278
5.51259104
4.37029449
3.69954765
3.88199222
3.80375611
4.03124604
3.98588632
3.96443289
3.96402261
4.05349806
3.99631433
3.88303487
3.65444470
3.21119807
3.18838617
3.18917321
3.14915753
3.12911968
3.13314265
3.23202045
3.52599346
4.38945406
4.63476721
5.24129919
5.15470536
5.23437135
5.32754363
4.88282708
4.30304580
3.95669855
4.07240799
4.94502705
4.82954720
3.96844958
3.25400709
3.42847496
3.49193095
3.57311581
5.33206963
6.12441919
6.54503316
4.64731448
4.89027015
5.35789205
6.44344934
4.25101481
3.82704561
3.55242093
4.04878586
3.96081931
4.81506955
5.20692863
5.02570215
4.88850688
5.17187734
6.31846906
6.97973831
7.05542752
5.89790608
4.79808382
5.33906772
4.06321135
4.51819282
4.32486542
4.58054440
4.33565922
3.83958422
5.26738432
4.81612460
6.18495766
4.65795345
4.76542016
4.41164023
5.32735052
5.08776335
5.91865199
6.37695855
6.53672321
5.94829691
5.46735537
5.98322203
7.43297783
7.42406116
7.73212996
7.93249799
7.71675289
8.28125782
7.98592320
7.92709389
8.35100946
7.79058212
7.70414939
7.85498708
7.76535966
6.75789638
7.60662635
7.57134402
6.94850588
6.55071245
6.25870003
6.36994868
6.12814408
6.39670014
7.14974421
7.94448620
7.86724712
6.71188460
6.77510996
6.60414548
7.00817908
6.79808091
7.75697379
7.35206952
5.96728880
5.73089321
6.81532302
7.37161621
7.05026850
7.62598750
6.89758825
8.35535049
7.56985974
7.31411646
7.58522570
7.49717306
7.40099985
7.85395070
6.81841930
5.81100166
6.27936024
5.78260493
6.40905816
6.43212891
6.97389193
5.62471766
6.45529446
6.30473826
5.92105169
6.61879296
6.27025085
7.65701902
8.45685797
8.94700347
8.81795956
8.02660436
7.42049868
7.13974269
6.42051920
5.02681572
5.49196998
6.11992869
5.96823419
5.83997704
5.81999737
5.48735268
5.04025417
4.18495146
4.14456543
4.56588979
4.62444941
4.07026329
4.80437387
4.53620435
5.21611609
5.48751535
6.77031916
7.53408912
8.16283540
6.78829774
6.69919990
7.76558913
6.71987372
6.91845718
4.95907186
6.29048064
7.00240050
7.09354126
7.60494192
6.89649794
8.26189277
7.78137424
8.12593535
7.42737101
6.88673552
6.83663318
5.72569607
5.54358374
6.27602927
6.27242112
6.08325545
6.47941020
6.47633448
6.84827153
7.65982715
7.34317235
7.78364150
7.52344616
6.39838880
7.26303249
5.99624493
6.03628882
6.14031278
6.37352863
6.53339067
7.02859765
7.24177897
7.53902983
7.29515183
7.71107743
7.86678251
7.51796875
7.48717559
7.93549348
7.85452539
6.37168834
6.95112616
5.89140946
6.84941048
5.65366145
6.71610462
6.09243385
6.84978036
5.69959174
6.80212568
6.00850561
6.80607484
6.80851837
7.04304637
7.17303224
6.38552154
6.61538581
8.04966358
7.35967354
7.46870266
6.19687102
6.05964481
5.43035840
5.98237916
5.43669955
5.82761247
5.71636741
4.97358192
4.22636546
3.95948018
4.75730481
5.57936865
4.54554635
4.80106534
4.70662509
4.87350880
4.47738504
4.58902852
4.82447474
4.58448350
5.97865593
5.76218940
5.41276954
4.49042229
4.23998368
4.14533790
4.38877311
4.69396348
4.90466038
5.16503604
5.74720523
6.69422011
6.25622707
6.57397009
7.03576955
7.26177397
6.36576327
5.96552572
5.54808310
5.91931260
4.68323110
5.19182788
5.32832767
4.67693218
4.75542782
4.55333976
4.47601552
3.48856055
3.58975484
3.80310516
4.73433205
5.03311596
5.55345360
4.51585933
4.04956642
4.69941947
4.96185054
4.76443101
5.76869881
5.66767746
7.02186500
6.15778468
6.43929245
6.25253370
6.92024070
6.60914555
5.79248818
5.79089139
4.76302470
4.28089240
3.75090075
4.40715760
4.63622304
5.14257879
4.78195896
4.99218159
4.80965052
4.01805515
4.06643689
4.14303477
3.79281851
3.82708358
3.87756161
3.84723591
4.03811412
3.70377192
3.77891636
3.83778970
4.00072080
4.90932330
5.28686297
6.16648325
5.40642248
5.52426350
4.88088962
5.57652162
4.91127944
4.37193734
3.84393004
4.31873043
4.14598885
3.80620492
3.94417734
4.22222146
4.57014995
4.05842455
4.20101433
4.47987719
3.94008313
3.58129103
3.78594451
4.15064805
4.01565244
3.83867584
4.06722636
4.05044877
4.74784712
4.68799038
6.03867455
6.17776252
6.21072910
7.06059356
4.80082129
4.51444516
3.73875414
3.59560561
3.28228503
3.33469336
3.34061690
3.48512762
4.16629587
4.05285845
4.04994093
4.08269727
4.34871889
5.55754266
5.07882625
6.57233775
6.80134677
6.88470677
4.78240049
4.61555865
4.10521822
4.52225283
4.39810449
4.17862190
4.12829430
3.91223343
3.81187660
4.42259851
5.00303996
5.43456021
4.85413981
5.67157926
4.47201516
4.46017409
4.41932722
4.21055607
3.99316547
4.24779162
4.19480837
4.69817175
5.63328481
5.41967931
5.87486832
5.29210579
4.87620311
5.99414587
6.25282624
6.00430504
6.46313329
6.26458456
5.46071740
5.87131397
5.43033766
5.52148831
6.91041443
5.30479867
6.39671078
4.68277858
5.38704671
5.06860389
5.73787784
5.89705242
6.84100197
5.78298063
6.10938822
7.12167314
7.20100509
7.26465843
6.60014236
7.62773506
6.39403225
7.41290436
6.44046692
6.70936294
5.77253957
6.02037578
5.13744368
5.79921492
4.38293511
4.16837082
4.32625049
4.82505327
4.96957533
5.80736814
7.02723216
7.14839103
7.04015922
6.74260298
6.73303978
6.36265495
5.10855315
5.88724532
5.00130438
5.94170796
5.87913995
5.43710807
5.02753592
5.31377358
5.80460767
5.03313567
5.94562487
4.82961115
5.14309158
5.37217928
4.77476861
4.93587351
6.34829367
5.65930890
5.82354468
7.31695967
6.49094232
5.64174051
5.04257079
4.34384458
4.66219837
5.87018736
5.29261603
5.52672643
4.99028267
6.41954753
6.77479052
7.92164708
7.02935557
6.69516839
6.64135716
6.32936491
5.36760722
5.56032931
5.12404080
4.79307022
4.63809223
4.15965421
4.22728179
5.59095293
4.52726977
5.20164863
4.14239691
5.46407656
5.94346713
5.54398659
6.45607140
6.68753205
6.29467077
6.21510452
5.15137257
5.50889270
5.61296048
5.58116781
6.26537723
6.42202978
6.57539938
5.50219923
5.41023072
5.44142732
5.53760886
5.54795388
5.21416396
5.34841895
5.14529104
5.02469554
5.67281796
5.82758688
5.23046025
5.68696427
5.22303822
4.66741933
4.25390506
4.72870723
5.43270040
4.23566233
5.36882820
5.38545369
6.70985087
6.12753774
6.85688203
6.00082098
5.57391983
4.87335783
5.60005345
5.80486013
5.69883455
6.30660086
6.12821613
6.63086622
6.23764610
6.36966477
5.90236163
6.66025248
5.85173821
5.42005355
5.76086609
5.43404387
4.45927397
5.00771278
4.33940658
3.94987909
4.76842750
4.62344611
5.21283378
5.27379695
5.33059771
5.21857236
5.25101303
5.32520114
5.24417535
5.25642159
5.19260545
5.91186529
5.09095075
4.91987608
5.29424871
5.49303487
6.00332130
5.24863678
6.74554215
6.01497507
5.24507693
6.04776021
5.07287873
4.91994868
5.02521240
5.23979429
5.04591569
5.37724395
4.55396077
4.41280403
4.23050155
4.71932724
4.17865334
3.92862550
3.54059714
3.44890896
3.73518834
3.93964334
3.63222619
3.89808692
3.76085393
3.78928771
4.56138655
5.96986650
5.79260961
4.94806535
4.23970657
4.95205735
4.86003338
4.41498570
3.84263547
4.03267804
4.16190120
4.21201366
4.30198955
5.16408709
4.08699254
4.98376420
4.41337544
5.70477092
5.69143024
6.44711833
5.90587985
6.83091041
5.85050955
5.72751659
5.42811982
5.42179451
5.96398689
5.85218578
6.16804979
5.92917323
5.80413736
6.53857456
7.17649340
6.43329182
5.55713098
5.62571748
4.96067064
5.15443664
5.39635747
5.50770455
4.57750304
4.49180873
4.83265922
5.01596676
5.82065148
6.40227795
6.95581912
6.31610237
6.73276773
7.68543217
7.49075662
7.03727898
6.04000078
5.91033900
5.11908183
5.10205922
4.60649610
4.13950052
3.94145493
4.07272680
3.88145441
4.47047663
5.04377528
5.64475380
7.47441552
6.28353560
6.57345324
5.00176020
5.06930088
4.30522854
4.88360816
5.53172756
4.98234559
5.74306324
5.08181657
5.53565756
4.78203412
4.69212992
4.59616714
4.39107529
3.93327686
4.19827718
4.10570992
3.88120742
4.31924408
4.11507642
3.81002016
3.83596438
4.56997846
5.32907104
4.68795401
3.98005317
3.86342722
3.45560298
3.54866463
3.84696792
3.89938602
4.63278174
4.79581609
5.16343416
4.11541191
4.15246019
3.56263361
3.52404269
3.72249181
4.47866171
4.65851295
4.67844649
5.24431346
5.97846953
5.63004634
6.14902573
6.17726403
5.58972191
5.26232188
6.58915483
5.48504153
4.94333239
5.27365198
5.78953482
5.78250786
5.02389612
5.22807803
4.25240494
4.71305143
4.65723551
5.53846961
4.37757121
4.37575413
4.60720679
4.70099185
4.86216000
5.62484848
6.20628365
6.22294299
7.10205134
6.35773895
5.82571314
5.07242105
4.73512794
5.44284072
6.86281754
6.08218916
5.82455412
5.12682793
4.11639192
3.53193290
3.49863023
3.96251657
4.75654526
4.82537589
4.81546169
4.55550460
4.43729162
4.45476416
4.27017047
4.53452452
4.61290745
4.98641318
4.64546516
5.57920168
4.81636388
4.90254408
4.09177819
4.46696717
5.36818855
4.68893854
4.85572831
4.91897768
5.84846010
5.80852383
5.91320891
5.51626020
5.92366486
5.57762492
6.18693518
6.82811394
7.12575565
6.99931570
7.44406542
6.10796514
6.10086353
4.59438944
5.22903022
5.39617188
4.70646832
5.44937915
6.15231892
5.64674234
5.87908490
6.65685204
5.12215441
5.71399341
5.36672541
6.19695408
6.13783219
5.86448455
5.33503736
5.18953702
4.52203170
3.92090816
3.64944127
3.76123887
3.92774459
4.22777944
4.88425804
4.68757020
4.50967241
4.84778563
4.50247316
3.94813597
3.72409426
3.81889926
3.67475948
4.31877956
4.54564324
5.42060753
5.85813092
5.92340402
5.00721799
6.04282442
6.43602690
7.12525080
5.98143968
6.33052164
7.05783413
7.33667450
6.76992520
7.24768919
6.92112110
7.14410185
6.61091227
6.26679364
5.37631949
5.03309266
5.17883469
4.60092146
4.43439523
4.43636739
5.87818779
6.05264323
5.64154443
6.59187784
6.88968622
6.91616104
6.43781928
6.33681150
6.66892620
7.04826763
7.14959246
6.99535577
6.43462221
6.69426756
6.93842274
6.07782773
5.98099534
6.54718559
6.17655736
5.23344695
4.97058010
4.96537966
5.18492637
5.24729460
4.76519409
4.44209077
4.26724627
4.13881792
3.81819557
3.56509315
3.39074542
3.41572358
3.24138275
3.23048185
3.38161223
3.33888349
3.61736900
3.54961198
4.00177762
3.81116711
4.59431362
4.28077300
4.41812442
5.45206674
5.36073126
4.96204355
4.52432507
4.90618602
5.68351415
5.12381503
4.90261501
5.04366105
4.64986430
3.83136499
3.82628875
4.20312479
3.81823659
3.78823910
3.85963950
4.03154112
4.50773375
4.33433146
4.04397741
4.23691039
4.35930125
3.95186284
3.71126552
3.53549025
3.71330512
3.36674632
3.31981823
3.55202882
3.75036054
3.79393544
4.04593334
3.46920920
3.42595900
3.24973316
3.18407024
3.29631533
3.18343718
3.21662025
3.19582785
3.16687655
3.12405704
3.17280714
3.20938437
3.34060739
3.50101636
3.33724690
3.45813178
3.23253188
3.23276129
3.23276286
3.43738458
3.94661521
4.25230239
4.40963551
4.82160575
3.61599706
3.84640767
4.27659836
4.56328813
4.29631088
4.70014929
3.69818432
4.19885880
4.64002828
4.69241556
4.88933426
3.82674575
3.53044543
3.56177336
3.38894174
3.33010315
3.42771645
3.44584905
3.35760701
3.39629807
3.53039704
3.61428475
3.53857192
3.60612046
3.61343285
3.28927555
3.31583468
3.28446113
3.35160711
3.23631022
3.24864710
3.22728162
3.19327927
3.17116312
3.14215567
3.11645559
3.12700339
3.15731408
3.13979987
3.12050386
3.08197701
3.12666775
3.10767818
3.10815423
3.17542867
3.22188362
3.36150029
3.32879099
3.35402516
3.39906739
3.19434740
3.27290391
3.21411970
3.33609889
3.31479818
3.36315951
3.27746777
3.22279024
3.21264628
3.20168063
3.14854237
3.13104064
3.12206300
3.24253654
3.12518501
3.07799310
3.05471337
3.05771608
3.06496000
3.05539391
3.05086178
3.04790183
3.03255339
3.01856548
3.01647779
3.06698835
3.09733899
3.04139282
3.03162396
3.03760559
3.02103086
3.01809878
3.01386527
3.02510492
3.01949134
3.01321539
3.01394439
3.03102523
3.01529426
3.02339105
3.01763005
3.02681954
3.04826104
3.03348568
3.04430505
3.05381689
3.01753268
3.03466532
3.01484625
3.01935712
3.02551843
3.01610565
3.01015742
3.00343936
3.00747299
3.00457868
3.00234146
3.00220002
3.00347409
3.00321195
3.00159964
3.00157734
3.00338151
3.00119198
3.00212079
3.00470730
3.00255335
3.00285680
3.00226388
3.00569592
3.00266494
3.00300147
3.00196186
3.00287128
3.00130263
3.00162945
3.00297835
3.00135532
3.00116676
3.00123086
3.00153231
3.00156475
3.00098864
3.00091736
3.00095871
3.00136667
3.00078740
3.00105160
3.00082010
3.00071757
3.00027934
3.00060229
3.00037254
3.00027331
3.00038917
3.00058983
3.00048694
3.00053302
3.00074222
3.00046711
3.00045647
3.00071599
3.00065261
3.00085244
3.00103424
3.00122093
3.00077479
3.00069722
3.00068182
3.00066632
3.00046733
3.00082607
3.00159631
3.00227228
3.00269581
3.00317445
3.00217057
3.00189744
3.00218823
3.00101202
3.00102417
3.00161393
3.00180077
3.00208356
3.00112696
3.00100398
3.00057932
3.00068839
3.00040875
3.00052913
3.00183948
3.00397813
3.00380414
3.00310340
3.00197193
3.00076692
3.00058211
3.00044848
3.00035623
3.00026920
3.00019400
3.00043388
3.00058554
3.00043445
3.00017501
3.00008537
3.00005738
3.00004150
3.00005745
3.00006493
3.00007888
3.00005997
3.00006353
3.00009727
3.00005958
3.00006175
3.00006291
3.00016281
3.00029799
3.00033756
3.00022347
3.00009853
3.00014096
3.00023436
3.00023076
3.00032484
3.00056253
3.00052551
3.00050987
3.00037991
3.00030283
3.00036262
3.00037916
3.00038322
3.00043096
3.00047051
3.00080515
3.00099479
3.00131166
3.00130177
3.00099908
3.00085538
3.00055916
3.00050951
3.00021548
3.00016680
3.00035735
3.00020594
3.00015018
3.00013542
3.00013799
3.00013154
3.00009738
3.00009864
3.00007719
3.00005301
3.00005091
3.00003842
3.00003090
3.00001231
3.00001501
3.00001403
3.00001615
3.00001759
3.00003106
3.00008133
3.00011610
3.00013284
3.00022911
3.00052702
3.00053632
3.00036104
3.00031166
3.00023286
3.00020367
3.00026721
3.00018275
3.00010339
3.00006061
3.00004576
3.00002756
3.00000818
3.00000353
3.00000730
3.00000264
3.00000123
3.00000141
3.00000195
3.00000150
3.00000614
3.00000270
3.00000200
3.00000122
3.00000061
3.00000064
3.00000212
3.00000264
3.00000116
3.00000203
3.00000058
3.00000126
3.00000074
3.00000096
3.00000720
3.00000187
3.00000485
3.00000251
3.00000338
3.00000427
3.00001005
3.00001370
3.00000947
3.00000833
3.00000665
3.00000335
3.00000131
3.00000111
3.00000167
3.00000275
3.00000360
3.00000768
3.00001026
3.00001808
3.00004870
3.00010868
3.00015009
3.00026256
3.00026725
3.00017512
3.00011814
3.00010078
3.00007069
3.00003433
3.00004167
3.00009234
3.00015112
3.00015856
3.00015100
3.00011781
3.00007173
3.00009000
3.00009312
3.00007780
3.00004263
3.00001670
3.00001476
3.00003200
3.00003034
3.00002681
3.00001415
3.00001001
3.00000805
3.00000469
3.00000457
3.00000435
3.00000908
3.00000998
3.00003490
3.00002364
3.00002206
3.00002345
3.00003361
3.00005194
3.00006213
3.00003225
3.00002918
3.00002398
3.00001789
3.00000985
3.00000352
3.00000194
3.00000404
3.00000189
3.00000255
3.00000274
3.00000412
3.00001234
3.00001200
3.00001593
3.00002297
3.00003018
3.00003191
3.00008896
3.00013675
3.00016754
3.00010312
3.00005253
3.00003758
3.00005358
3.00008200
3.00009649
3.00009344
3.00005301
3.00003379
3.00002440
3.00002740
3.00002557
3.00002591
3.00001508
3.00001506
3.00002286
3.00002104
3.00001531
3.00001114
3.00000722
3.00000679
3.00000621
3.00000782
3.00000964
3.00001286
3.00002066
3.00006514
3.00006832
3.00008436
3.00014018
3.00033587
3.00072249
3.00050312
3.00032871
3.00020422
3.00019160
3.00010206
3.00009197
3.00006025
3.00002883
3.00002220
3.00001714
3.00002448
3.00003546
3.00005077
3.00004817
3.00002886
3.00002055
3.00002333
3.00005273
3.00004275
3.00005161
3.00002433
3.00000873
3.00000638
3.00000345
3.00000145
3.00000064
3.00000060
3.00000062
3.00000093
3.00000125
3.00000166
3.00000273
3.00000105
3.00000328
3.00000968
3.00000881
3.00001198
3.00000848
3.00000431
3.00000481
3.00000469
3.00000452
3.00000523
3.00000474
3.00000446
3.00000370
3.00000493
3.00000612
3.00000930
3.00001490
3.00003701
3.00005627
3.00005893
3.00006499
3.00006493
3.00008147
3.00007677
3.00006716
3.00008527
3.00014368
3.00016537
3.00019895
3.00023789
3.00030404
3.00045242
3.00045159
3.00033856
3.00027761
3.00026618
3.00020628
3.00017538
3.00017928
3.00012622
3.00007811
3.00009548
3.00009992
3.00008174
3.00006011
3.00005181
3.00003210
3.00002821
3.00001619
3.00000875
3.00000523
3.00000521
3.00000677
3.00002520
3.00003745
3.00005693
3.00009840
3.00019806
3.00027909
3.00049203
3.00077119
3.00069012
3.00156222
3.00146184
3.00270159
3.00255910
3.00350437
3.00396859
3.00247457
3.00289429
3.00705936
3.01248845
3.01234597
3.00284387
3.00132163
3.00045905
3.00024468
3.00014061
3.00027529
3.00071063
3.00174336
3.00265955
3.00250149
3.00305441
3.00113750
3.00019948
3.00008271
3.00004082
3.00009356
3.00004901
3.00006577
3.00003209
3.00001745
3.00001460
3.00002683
3.00007080
3.00020955
3.00006921
3.00005145
3.00008345
3.00013528
3.00008626
3.00014661
3.00025918
3.00051785
3.00035274
3.00016638
3.00021701
3.00041309
3.00233895
3.00049427
3.00073788
3.00077795
3.00073372
3.00056110
3.00093922
3.00195111
3.00478268
3.01796032
3.01523438
3.00944996
3.00705413
3.01355671
3.01393333
3.01197791
3.01911047
3.07972147
3.03152200
3.10199185
3.04390641
3.07691822
3.08412501
3.13111249
3.05535193
3.02908533
3.01782995
3.03137253
3.01205893
3.04308023
3.04734112
3.16408551
3.10830301
3.12812895
3.33897211
3.32758486
3.29650862
3.50678032
3.22631761
3.57543823
3.32429198
3.18000453
3.07154588
3.03366581
3.00941811
3.03253056
3.01813564
3.01759344
3.03166972
3.04845468
3.06094941
3.10214538
3.07365316
3.05937828
3.05901376
3.07894751
3.04871693
3.02687916
3.05883071
3.01004722
3.00587342
3.00836859
3.00326013
3.00305863
3.00499544
3.00856900
3.00239882
3.01594658
3.01717123
3.05359506
3.01929271
3.05504052
3.11848620
3.07323204
3.26438635
3.30617967
3.37861974
3.40493185
3.52410562
3.41389276
3.43410054
3.66831797
3.53504015
3.55264386
3.79368437
3.74014601
3.75849250
3.57415750
3.71225048
3.58583241
3.68105343
3.64079325
3.95750197
3.75564008
3.76284069
3.49543696
3.38710272
3.34448290
3.28305701
3.36897888
3.42357635
3.49018917
3.53106838
3.55443635
3.46570426
3.42858035
3.57321825
3.58994463
3.91353938
3.71905977
3.64351009
3.48184241
3.50493706
3.68766943
3.47947379
3.69598588
3.53359710
3.50778900
3.60519442
3.58937725
4.19434551
4.43187707
4.81560449
4.71711982
4.68484337
4.45509707
4.28533390
4.68804733
4.39845590
4.06152915
3.83395347
4.28979096
4.22694928
4.24880204
5.08336369
4.90903821
6.15118052
5.85839860
4.70161243
5.37675445
6.31993309
5.99121708
6.22441048
4.60992836
5.66457210
4.79770979
6.19623529
5.74207398
5.88629382
5.63204468
5.30192786
6.78403339
5.76649594
7.43067834
7.35939512
7.63603956
7.61338836
7.11351397
6.47561522
5.34868400
5.23868602
4.33743868
3.84742183
3.96704534
3.61321482
3.68855243
3.75436695
3.74924146
4.36760205
3.93259398
3.70212639
3.55862598
3.59480979
3.36612294
3.59362685
3.60375088
3.97430810
4.08772899
4.47815282
4.09032445
3.60136920
4.06587091
4.21081252
4.00641801
3.99341559
3.82369962
4.14871071
4.19732752
4.38130762
4.72405816
4.71292728
4.15292214
3.78776140
4.00498875
4.29782244
3.96675837
3.67366641
3.88018455
3.61335555
4.36242206
4.28513920
3.94486304
3.67878625
3.67368035
3.49160616
3.84727969
3.71238986
4.61196911
4.15743105
3.85585795
4.06138022
4.71055805
4.89318153
4.59660047
4.78938278
4.17875067
3.89420258
3.44894445
4.15215358
3.93791177
3.70263018
3.72518427
4.26150345
4.44047545
4.07346841
4.48075244
4.40499363
4.75616315
5.01299492
4.56908413
5.28546679
4.81051012
4.44255560
4.82170188
4.51332044
4.17652453
5.10154057
5.11037548
4.19440210
4.08427383
3.56856352
3.52694598
3.61301511
3.69335788
3.32914487
3.57893631
3.66773610
3.95528477
3.54985942
3.84092654
3.41264495
3.65285102
3.97814030
4.83066496
4.57931433
5.39561177
4.88093308
4.73429361
5.65845408
4.79805929
4.71814933
5.23049062
4.42679694
3.89263021
3.97486979
3.81944610
3.99662201
4.11335886
4.14499643
4.81886042
4.78165085
4.28323073
4.98913224
4.92919091
5.97812705
6.77754008
5.67369586
6.24121118
6.22045361
6.61171682
6.85345973
6.24518101
5.56161460
6.37786401
5.71543228
4.99291928
5.05717795
4.54958872
4.48302529
4.49845578
4.65162895
5.34464290
5.01407408
4.80796587
4.59611267
4.89230430
3.89253413
3.63657199
4.13505732
4.64418588
4.67978095
3.50435425
3.92347197
3.69557574
4.60173656
4.35566455
3.86146757
4.72097460
3.90929797
3.92878277
4.25245001
4.47960824
4.30551376
4.68109266
5.11979608
5.48893794
4.99614717
5.19683226
5.85307401
5.30638684
3.82298058
3.63960567
3.97367638
3.60114967
3.64595135
3.47084217
3.57869517
3.83485482
4.58139580
5.25205368
5.21759845
5.69489659
5.56094800
5.81630722
6.34099096
5.71207411
5.47071532
5.54171926
4.69746299
4.60255925
5.52041246
4.69859442
4.62912168
5.20040919
5.31357792
5.02686314
4.27456808
3.93194926
3.62035782
3.26946035
3.64605873
3.94257238
3.78135683
3.53496803
3.52942379
4.32345399
4.71826121
4.28771085
4.09241898
4.43084572
4.88733125
4.51057894
4.71239216
5.00773699
4.62737667
4.01872777
4.01060272
4.12782167
4.47892772
4.96164289
4.45453407
4.06786908
3.81337163
3.78794522
3.80598924
3.74722376
3.75763593
3.94785951
3.70703789
3.74481080
3.92216778
3.88438259
3.78711065
4.40495699
3.88472505
3.81607735
3.79180396
3.95733016
3.78564744
3.90254417
4.03407427
3.89093427
3.72186431
3.67807053
3.53165607
3.40437174
3.31840730
3.41228540
3.53987700
3.48594010
3.76383410
4.00687719
4.02281974
4.22947000
3.74739702
3.78671268
3.64570218
3.40372098
3.54819366
3.74218289
3.48917677
3.82982052
3.93193344
4.31465946
3.63351184
3.74674389
3.55707110
3.25339255
3.29740308
3.34564878
3.71616093
4.02511798
3.52376726
3.38177188
3.92514203
3.66071052
3.50739545
3.79994026
3.42825728
3.61834545
4.01209191
4.68711691
3.89115220
3.83966461
3.77929837
3.59849032
3.82772573
3.51931697
3.59929377
3.59844488
3.37259287
3.90503439
3.87693232
4.04846991
4.29259079
4.96689467
4.85868914
5.01355335
6.04264801
4.61855583
5.09403356
4.41141897
4.44877757
4.99339900
4.69067491
6.07336622
5.08772979
6.07871278
5.00776393
6.19197317
5.78325802
6.78302009
6.74764594
6.00120329
5.97404488
5.69662710
5.91963263
5.98405222
5.90141592
4.19266783
4.27351602
4.46254666
4.74825218
4.44304391
4.42378176
4.11126775
4.18278329
4.05175520
4.21665470
4.19409507
4.66422372
4.76486084
5.35241901
5.12270072
5.28155723
5.83374682
4.99333773
4.90152487
5.11033158
5.88622762
5.47930285
5.57615870
4.71331912
4.18696026
3.90287726
3.98361431
4.16572007
4.18557536
3.66177702
3.75631825
3.69430478
3.56170815
3.42051893
3.43466441
3.43144461
3.45342277
3.58681917
3.41651538
3.32286343
3.30433363
3.43817757
3.65352001
3.84553174
4.05166303
4.23855173
4.29959178
4.41916676
3.77227281
4.20176599
4.74412859
4.98451658
5.07346321
4.56414624
4.62546193
4.63764640
4.71545174
4.40637110
4.76547440
4.75951065
4.68543776
4.75979855
4.38348497
4.29684149
4.70917921
5.15541045
5.55165963
5.79343352
5.73862637
5.64009298
5.68917100
5.49052134
4.88107492
5.29459113
4.71383808
5.55080919
4.68860047
4.53980896
4.55834892
4.41906610
4.48077913
4.37777066
5.24057491
5.19227896
5.76676025
6.06143338
5.94130174
5.85024928
5.87664010
6.03402448
5.89635902
5.76828446
5.75416735
4.82828470
4.62922346
4.18433221
4.43751623
4.06946482
4.06254480
3.87604764
3.94913332
4.03641719
4.24316297
4.30398253
4.73148903
4.83623865
4.55743618
4.23147750
3.88005184
3.57810034
3.82407662
3.74698213
3.87552878
3.99469632
3.82199987
3.59941441
3.34047812
3.94395367
3.90406453
3.62160969
3.68084245
3.96568691
4.42996679
4.63976860
5.00217040
5.12812142
4.63226599
4.19912771
4.06301880
3.88313402
3.15382328
3.17644424
3.18938692
3.09707439
3.08342034
3.11809944
3.16441894
3.19218338
3.15497321
3.14578018
3.15239594
3.07886797
3.04344368
3.03226345
3.03569417
3.04114682
3.01963869
3.01736699
3.00973745
3.00558616
3.00830641
3.00594051
3.01205369
3.00976213
3.00984337
3.02276187
3.00943210
3.00984730
3.00601055
3.00757039
3.02174758
3.01385360
3.01304768
3.01214269
3.01640098
3.02128090
3.01353504
3.00651222
3.00151218
3.00021704
3.00022765
3.00013400
3.00023321
3.00012893
3.00024815
3.00032348
3.00024450
3.00031862
3.00051574
3.00029369
3.00012571
3.00006745
3.00004944
3.00009265
3.00007984
3.00009672
3.00009936
3.00008913
3.00006298
3.00007599
3.00011279
3.00015008
3.00012579
3.00018570
3.00011618
3.00023460
3.00026931
3.00048715
3.00030195
3.00036836
3.00023749
3.00031649
3.00028936
3.00025511
3.00021450
3.00017368
3.00019302
3.00034615
3.00027993
3.00029482
3.00031213
3.00032629
3.00037314
3.00036486
3.00041498
3.00028830
3.00022250
3.00017392
3.00012946
3.00007664
3.00006623
3.00005600
3.00008385
3.00005427
3.00003760
3.00003666
3.00001986
3.00001820
3.00002128
3.00001767
3.00001002
3.00001219
3.00000754
3.00000941
3.00001047
3.00000946
3.00001105
3.00001267
3.00001316
3.00001449
3.00001697
3.00002199
3.00002119
3.00002157
3.00002394
3.00001598
3.00001614
3.00001631
3.00001298
3.00001362
3.00001287
3.00002023
3.00003112
3.00004537
3.00005950
3.00009246
3.00010488
3.00011228
3.00012959
3.00011119
3.00010765
3.00010625
3.00009775
3.00003588
3.00004148
3.00004079
3.00004890
3.00011612
3.00011428
3.00005279
3.00003043
3.00002882
3.00003004
3.00003484
3.00002221
3.00002339
3.00002867
3.00005151
3.00007496
3.00008657
3.00008180
3.00007332
3.00010714
3.00007699
3.00006793
3.00005170
3.00003876
3.00002412
3.00002127
3.00001735
3.00002697
3.00003192
3.00004372
3.00003548
3.00003114
3.00002410
3.00003043
3.00002810
3.00004456
3.00005021
3.00005528
3.00006678
3.00008381
3.00014169
3.00012779
3.00009994
3.00007642
3.00008956
3.00008034
3.00007580
3.00005820
3.00005003
3.00004644
3.00003738
3.00002827
3.00002039
3.00001514
3.00001042
3.00001091
3.00001204
3.00001170
3.00000994
3.00000871
3.00000680
3.00000596
3.00000601
3.00000756
3.00002860
3.00008671
3.00015273
3.00018215
3.00012925
3.00006844
3.00004004
3.00001397
3.00000455
3.00000296
3.00000315
3.00000323
3.00000264
3.00000275
3.00000323
3.00000554
3.00001209
3.00001666
3.00001850
3.00001426
3.00000791
3.00000887
3.00000982
3.00001204
3.00000904
3.00000973
3.00000645
3.00000620
3.00000503
3.00000539
3.00000775
3.00000977
3.00001109
3.00001455
3.00001544
3.00001425
3.00001034
3.00000644
3.00000402
3.00000353
3.00000565
3.00001075
3.00001276
3.00000952
3.00000775
3.00001103
3.00000816
3.00000911
3.00000816
3.00000522
3.00000378
3.00000222
3.00000277
3.00000375
3.00000563
3.00000686
3.00000797
3.00000919
3.00001549
3.00002874
3.00014731
3.00045432
3.00080991
3.00128976
3.00140962
3.00225519
3.00208428
3.00128538
3.00056043
3.00027816
3.00021761
3.00005296
3.00000810
3.00000369
3.00000753
3.00001904
3.00001758
3.00001112
3.00000729
3.00000292
3.00000218
3.00000120
3.00000078
3.00000117
3.00000136
3.00000154
3.00000247
3.00000210
3.00000280
3.00000318
3.00000365
3.00000250
3.00000266
3.00000241
3.00000276
3.00000347
3.00000591
3.00000194
3.00000209
3.00000178
3.00000175
3.00000190
3.00000136
3.00000140
3.00000173
3.00000116
3.00000075
3.00000088
3.00000085
3.00000085
3.00000084
3.00000123
3.00000180
3.00000310
3.00000254
3.00000411
3.00000427
3.00000306
3.00000635
3.00000523
3.00000416
3.00000288
3.00000489
3.00000557
3.00000480
3.00000405
3.00000387
3.00000519
3.00000396
3.00000445
3.00000318
3.00000373
3.00000662
3.00001709
3.00000788
3.00001649
3.00001135
3.00003651
3.00004276
3.00004167
3.00003461
3.00003304
3.00004037
3.00002007
3.00002034
3.00001526
3.00001515
3.00001937
3.00001652
3.00001763
3.00000997
3.00000947
3.00001139
