1.00000000
1.00000000
1.00000000
1.00000000
1.00000000
1.00000000
1.00000000
1.00000000
1.00000000
1.00000000
1.00000000
1.00000000
1.00000000
1.00000000
1.00000000
1.00000000
1.00000000
1.00000000
1.00000000
1.00000000
1.00000000
1.00000000
1.00000000
1.00000000
1.00000000
1.00000000
1.00000000
1.00000000
1.00000000
1.00000000
1.00000000
1.00000000
1.00000000
1.00000000
1.00000000
1.00000000
1.00000000
1.00000000
1.00000000
1.00000000
1.00000000
1.00000000
1.00000000
1.00000000
1.00000000
1.00000000
1.00000000
1.00000000
1.00000000
1.00000000
1.00000000
1.00000000
1.00000000
1.00000000
1.00000000
1.00000000
1.00000000
1.00000000
1.00000000
1.00000000
1.00000000
1.00000000
1.00000000
0.98866707
0.98726141
0.98454648
0.98539573
0.98719460
0.98974329
0.98873901
0.99003839
0.98913950
0.98907453
0.98848778
0.98946381
0.98851901
0.98747629
0.98590809
0.98523802
0.98407483
0.98406017
0.98499972
0.98464912
0.98811847
0.98578370
0.98247474
0.98211169
0.98808229
0.98893142
0.99037969
0.98960322
0.99092990
0.99066049
0.98965073
0.98867023
0.98874950
0.98704916
0.98990637
0.99059057
0.98982531
0.98743421
0.98446953
0.98599875
0.98466045
0.98400003
0.98257083
0.97940993
0.97640580
0.97872740
0.98283756
0.98367304
0.98428196
0.98249680
0.98180884
0.98458338
0.98359400
0.98317045
0.98013687
0.97783488
0.98381847
0.98115921
0.97367227
0.97776914
0.98108459
0.98111236
0.97463781
0.97301233
0.97625732
0.98818833
0.99088895
0.99070531
0.99186170
0.99118280
0.99078572
0.99052083
0.99015993
0.98873132
0.99155021
0.99027503
0.99110949
0.98958290
0.98804748
0.98611408
0.98492438
0.98319721
0.98358697
0.98138362
0.98359412
0.98446679
0.98528755
0.98519784
0.98266810
0.98161823
0.98432738
0.98445266
0.98812127
0.98639166
0.98932415
0.98876601
0.98640686
0.98746639
0.98722500
0.98732370
0.98664504
0.98777187
0.98433268
0.98508054
0.98481166
0.98527759
0.98438787
0.98536378
0.98659909
0.98330843
0.98051661
0.98192120
0.98170209
0.98137039
0.98150384
0.98174894
0.98430312
0.98325080
0.98594451
0.98660499
0.98686880
0.98656672
0.98637277
0.98566729
0.98610419
0.98537886
0.98531103
0.98471075
0.98521823
0.98387331
0.98239589
0.98017782
0.97913790
0.97561282
0.97575444
0.97847193
0.97973824
0.98170406
0.97863376
0.97656417
0.96951520
0.96728510
0.96966225
0.96911490
0.97134024
0.97233272
0.97360206
0.97675222
0.97877890
0.97939152
0.98257750
0.98276675
0.98211610
0.98491675
0.98382181
0.97718418
0.98123497
0.98517400
0.98702455
0.98650867
0.98436409
0.98607582
0.98848605
0.98683608
0.98514557
0.99200749
0.99302047
0.99354327
0.99415910
0.99488306
0.99376500
0.99247181
0.99123794
0.99111617
0.99099684
0.99283618
0.99290073
0.99281865
0.99257022
0.99006081
0.99030650
0.98938823
0.99155700
0.99127215
0.99224901
0.99120772
0.99129581
0.99093401
0.98908782
0.98864031
0.98690641
0.98892945
0.98902076
0.98940778
0.98759055
0.98710781
0.98660523
0.98945928
0.98984712
0.98974073
0.98926055
0.98640174
0.97660941
0.98248184
0.98336488
0.98706156
0.98024493
0.97439939
0.96885049
0.97354436
0.97540051
0.97939563
0.97828680
0.97904038
0.97767466
0.97886217
0.98398781
0.98652899
0.98045874
0.98319834
0.98389798
0.98669642
0.98913807
0.99034673
0.99115354
0.98735785
0.98780072
0.98395294
0.98560703
0.98713744
0.98826200
0.98756427
0.98880529
0.99049884
0.98965073
0.99025482
0.98655230
0.99073762
0.98891991
0.98935950
0.98790002
0.98639828
0.98944074
0.99147111
0.99063349
0.99056494
0.98525244
0.98093766
0.98452222
0.98712057
0.99109781
0.98928398
0.98932225
0.99002129
0.98555470
0.97197717
0.95649225
0.98091757
0.98048133
0.98221934
0.98220611
0.97616506
0.97161901
0.97552931
0.97934091
0.98382586
0.98531371
0.98680323
0.98214209
0.96981007
0.97131121
0.98578471
0.98801142
0.99053836
0.98503309
0.98821867
0.98500144
0.98975569
0.98639256
0.98871231
0.98807794
0.98722446
0.98393506
0.98592412
0.98818332
0.98621339
0.98634201
0.98532468
0.98505592
0.98505068
0.98408300
0.98251706
0.98034739
0.97924119
0.97893107
0.97677523
0.97656780
0.97649425
0.97356659
0.97316641
0.97648734
0.97949719
0.98472059
0.98717010
0.98895860
0.99132103
0.99251419
0.99155915
0.99023801
0.98425239
0.98493183
0.98633009
0.98374754
0.99154997
0.99072427
0.99137712
0.98720014
0.98672938
0.98533511
0.98368490
0.98343605
0.98375350
0.98382008
0.98793054
0.98495287
0.98557842
0.98543000
0.99023342
0.99282271
0.99313992
0.98994339
0.98513228
0.98267198
0.98445177
0.98924810
0.98995298
0.99084419
0.99076426
0.99016118
0.99079293
0.99011874
0.98938715
0.98962969
0.99011874
0.98951858
0.98829055
0.98944038
0.98684585
0.98674661
0.98283410
0.98417908
0.98314327
0.97944540
0.97705942
0.97366363
0.97470504
0.97708887
0.98122483
0.98393178
0.98500502
0.98485291
0.98480910
0.98558342
0.98643363
0.98232114
0.97816783
0.97538996
0.97484934
0.98054504
0.98484707
0.98728454
0.98644245
0.98698318
0.99009353
0.98998511
0.98935366
0.98794264
0.98759460
0.98813450
0.98844624
0.98673290
0.98461181
0.98648930
0.98628157
0.98717219
0.98672408
0.98693186
0.98656076
0.98907232
0.98774868
0.98920912
0.98868436
0.98642319
0.98696113
0.98697764
0.98950374
0.98898345
0.98984551
0.98969346
0.98869681
0.98767674
0.98790830
0.98986357
0.99208248
0.99295866
0.99226344
0.99190837
0.99079835
0.99083394
0.98905843
0.98985273
0.98843282
0.98820996
0.98968518
0.98833525
0.98898101
0.98939681
0.98845881
0.98623788
0.98442405
0.98850936
0.98839372
0.98290330
0.98894113
0.99011421
0.99024630
0.98867047
0.98818958
0.98908591
0.98701966
0.99013793
0.99071020
0.99017239
0.99046409
0.98932111
0.98978603
0.98958403
0.99013114
0.99064845
0.99009234
0.99070895
0.99025542
0.98928064
0.98950803
0.98936099
0.98886734
0.98815572
0.98620218
0.98516798
0.98491538
0.98679674
0.98644817
0.98683840
0.98530585
0.98647392
0.98660743
0.98617375
0.98606169
0.98583281
0.98496509
0.98306227
0.98269272
0.98283398
0.98235899
0.98331130
0.98386014
0.98416370
0.98530537
0.98549265
0.98289090
0.98315734
0.98483419
0.98601991
0.98733354
0.98788166
0.98844159
0.98905724
0.98917329
0.98968714
0.98875231
0.98886859
0.98935258
0.98795682
0.98891348
0.98758578
0.98904860
0.98740476
0.98791677
0.98713756
0.98896748
0.98902214
0.98836982
0.98920423
0.98964453
0.98809218
0.98792052
0.98492593
0.98414570
0.98115873
0.98113590
0.98067266
0.98083383
0.98148257
0.98374993
0.98463166
0.98724478
0.98618758
0.98789501
0.99090225
0.99043334
0.98910761
0.99025178
0.98916721
0.99003172
0.99101955
0.99191123
0.99113864
0.98985428
0.98725444
0.98698562
0.98667240
0.98738039
0.98582941
0.98407829
0.98508739
0.98389143
0.98488414
0.98504436
0.98516232
0.98493248
0.98382461
0.98348999
0.98589838
0.98731494
0.98882747
0.98857540
0.98762751
0.98788935
0.98827946
0.98609978
0.98366076
0.97811949
0.97892135
0.97886568
0.98100877
0.98300397
0.98571604
0.98348826
0.98276168
0.98055309
0.97852123
0.97710073
0.98169303
0.98535162
0.98657912
0.98966318
0.98740304
0.98552716
0.98241723
0.98440993
0.98749083
0.98901957
0.99052203
0.99034107
0.98926008
0.98916245
0.98744190
0.98553383
0.98851925
0.98846674
0.99107939
0.98992842
0.98838937
0.98413497
0.98416984
0.98608482
0.98820192
0.98983431
0.98947352
0.98952359
0.98833102
0.98922801
0.98908627
0.98767406
0.98680866
0.98521292
0.98752117
0.98726231
0.98761100
0.98790228
0.98825699
0.98956925
0.98537713
0.98391539
0.98353034
0.98332810
0.98551995
0.98566914
0.98877084
0.98984325
0.99020290
0.98988777
0.98821557
0.98886824
0.98866558
0.98699838
0.98740315
0.98681521
0.98550308
0.98281509
0.97812426
0.98472309
0.98874623
0.98906994
0.98952848
0.98990834
0.98883331
0.98814422
0.98790193
0.98719949
0.98692060
0.98924202
0.98707181
0.98705506
0.98598504
0.98166144
0.98343796
0.98588282
0.98598540
0.98627496
0.98763126
0.98652250
0.98505104
0.98530000
0.98536694
0.98274243
0.98475826
0.98472542
0.98554558
0.98419315
0.98440546
0.98257440
0.98316205
0.98299134
0.98318821
0.98383600
0.98429883
0.98283952
0.98469561
0.98447269
0.98402089
0.98301780
0.98107290
0.98277217
0.98338747
0.98329943
0.98354232
0.98462439
0.98427814
0.98405832
0.98474967
0.98705453
0.98878723
0.98635012
0.98567200
0.98343498
0.98381954
0.98251498
0.98109990
0.98057085
0.98165983
0.98287737
0.98197353
0.98052669
0.98135710
0.98336339
0.98601991
0.98610944
0.98311907
0.98244238
0.98213434
0.98060453
0.96849936
0.96329725
0.96076697
0.95063126
0.93274981
0.94221079
0.95686108
0.95945102
0.95893037
0.97092009
0.97424465
0.97003335
0.96534050
0.95900309
0.94604933
0.92838383
0.92240322
0.93270409
0.95918524
0.96947473
0.97219616
0.97647119
0.97733319
0.97576070
0.97736257
0.97856313
0.98635906
0.98484355
0.98199373
0.98014098
0.98170644
0.98621792
0.98596931
0.99009866
0.99031913
0.98684245
0.98859745
0.98650962
0.98643607
0.98947513
0.98848665
0.98571044
0.98881918
0.98725432
0.98495412
0.98396057
0.98449916
0.98127490
0.97976214
0.96716768
0.98043847
0.98445731
0.98118478
0.98008943
0.97562772
0.97624046
0.97571349
0.97671664
0.97646892
0.97365701
0.97063881
0.96955431
0.97922415
0.97000331
0.96666849
0.97429842
0.97014266
0.95872051
0.96042615
0.94031841
0.96443439
0.92568302
0.95199144
0.95804405
0.95920026
0.92489135
0.95651394
0.95356047
0.95361423
0.95313358
0.95479888
0.92689639
0.94537115
0.92654026
0.91364980
0.90682799
0.93754220
0.94396412
0.91631931
0.93694687
0.92503148
0.91284090
0.85021740
0.93512219
0.92165005
0.89905244
0.90540302
0.94445163
0.94201291
0.95734650
0.93862206
0.94295323
0.90218693
0.92755210
0.93707949
0.93217432
0.88932645
0.93991303
0.93159014
0.74334681
0.95278859
0.96756011
0.96273828
0.93713307
0.89902556
0.85505486
0.90315282
0.91043085
0.88480181
0.78662938
0.77570909
0.80797416
0.83992362
0.85247999
0.84751111
0.82660049
0.78176916
0.80818075
0.83128697
0.85078859
0.86284274
0.77822405
0.81051105
0.78775257
0.83508962
0.78877348
0.78672582
0.81717026
0.83938426
0.84104860
0.71970779
0.80496013
0.63286585
0.78926140
0.78709418
0.75760615
0.68791449
0.75477314
0.71116382
0.67726845
0.59013200
0.65031922
0.81737483
0.67866939
0.68421870
0.72273839
0.45065632
0.60409051
0.70969540
0.69349164
0.70001376
0.69485515
0.71570140
0.71005505
0.79405504
0.68952423
0.71046042
0.74595660
0.80372572
0.59635955
0.69868833
0.83743668
0.82141912
0.83529460
0.41946614
0.79025072
0.88893664
0.61383289
0.67813700
0.83773220
0.82545078
0.81439799
0.70278537
0.86565650
0.73783416
0.78955573
0.77111948
0.81310678
0.73075986
0.71359420
0.79787552
0.77820319
0.84421849
0.80950153
0.86441159
0.85407758
0.82842660
0.82978117
0.80498517
0.85494787
0.83756566
0.86155558
0.71463752
0.67466593
0.82094043
0.79571748
0.68425220
0.80827892
0.79209518
0.79519719
0.79429805
0.74760562
0.66702563
0.72000611
0.71630388
0.59990859
0.63247252
0.80728084
0.72414619
0.58935481
0.79754871
0.72992694
0.66486424
0.68757641
0.67607820
0.63359416
0.59720206
0.67391896
0.68724334
0.69008476
0.74693543
0.76344347
0.85055023
0.81426132
0.56741226
0.71744645
0.67853820
0.74315482
0.70976835
0.70411831
0.58579093
0.71057326
0.69597471
0.80360520
0.62307620
0.69477731
0.78213751
0.50271803
0.62456644
0.77220440
0.77642965
0.79021484
0.69692880
0.81777036
0.72055596
0.81884480
0.69501531
0.66996783
0.80933458
0.74729437
0.77056038
0.80663824
0.73210025
0.82183421
0.80744600
0.74130863
0.79237509
0.62778693
0.76633990
0.81339359
0.70525718
0.85404789
0.86509901
0.82809913
0.85307074
0.78546172
0.82610011
0.87601358
0.87848783
0.85194820
0.83378464
0.84256572
0.83527648
0.84487700
0.89809597
0.78853047
0.82491827
0.83257157
0.81734794
0.64658493
0.80311310
0.76036578
0.73335427
0.71350223
0.81582153
0.81503344
0.83317411
0.79069138
0.80377614
0.84935451
0.83667129
0.76701546
0.76739401
0.77988005
0.85322326
0.85781467
0.85262781
0.82885700
0.81968731
0.75538468
0.70910567
0.74789011
0.81070864
0.80833548
0.72650653
0.76877129
0.78625911
0.71512938
0.81123728
0.64974093
0.80996042
0.79038596
0.74989170
0.75904459
0.62776756
0.74352020
0.69730943
0.75991535
0.81997228
0.65716296
0.82645625
0.83219051
0.81802279
0.82659221
0.66717774
0.77088982
0.83295244
0.73718393
0.78274095
0.78345340
0.86238325
0.75219744
0.77971727
0.83729136
0.89793551
0.84754407
0.73175508
0.83804923
0.81448245
0.79168814
0.81957304
0.83201927
0.85204273
0.60238612
0.75813645
0.81924671
0.81802136
0.83132470
0.83545625
0.86943007
0.77701461
0.81292117
0.84003693
0.88651508
0.73972136
0.49209189
0.84243238
0.88233000
0.55067080
0.80670756
0.87349212
0.78542179
0.82483321
0.74957675
0.75936234
0.81842208
0.84578609
0.63032663
0.69943154
0.82572103
0.86704856
0.70078838
0.86610770
0.90481198
0.78755319
0.88593459
0.81976902
0.79783684
0.80118352
0.72188139
0.63077211
0.73701292
0.66507691
0.77819449
0.69048452
0.77303171
0.78941953
0.78683376
0.76563376
0.51919168
0.72578210
0.75371855
0.76064163
0.82196182
0.75950533
0.76672649
0.78211844
0.83658510
0.78646499
0.79609215
0.87548625
0.88624138
0.93035406
0.79128802
0.67146242
0.78258544
0.82005626
0.86644715
0.65258545
0.76995087
0.78006804
0.84687889
0.81193721
0.77978861
0.76305491
0.61492735
0.72713166
0.82394058
0.83280826
0.75681162
0.85975409
0.76718462
0.79757208
0.80447775
0.68061858
0.80998540
0.69128251
0.82868987
0.87373197
0.84377050
0.87452936
0.69803900
0.79232919
0.72597277
0.83073044
0.80614376
0.78496015
0.73620623
0.81773412
0.52851009
0.77845490
0.86619437
0.68736666
0.51419836
0.71803939
0.74424177
0.58659327
0.60605848
0.65782458
0.75462788
0.48273084
0.68005902
0.77239567
0.81927520
0.79411972
0.76112330
0.68381369
0.52788305
0.76485306
0.72417921
0.69256359
0.58026302
0.72152734
0.72056246
0.68605959
0.70525092
0.76655710
0.78152806
0.69575274
0.71523207
0.74211097
0.60522401
0.70222718
0.68874371
0.72014356
0.77280647
0.74217278
0.74139661
0.63136172
0.75129455
0.66196412
0.80225241
0.75445092
0.70782113
0.79109615
0.67301863
0.71509475
0.63844001
0.73939490
0.74484485
0.78216189
0.71250451
0.80175877
0.64439553
0.71385682
0.51532143
0.63395101
0.66033363
0.60602587
0.67441040
0.70064914
0.75816131
0.59210712
0.81342411
0.84036034
0.85724026
0.80482924
0.79048777
0.67066550
0.67177641
0.75957406
0.70636296
0.70647383
0.77468383
0.71370631
0.69640535
0.64185959
0.55916387
0.71793967
0.64704120
0.68924206
0.65129048
0.44725794
0.54287022
0.65059471
0.72666556
0.79797632
0.65753943
0.61791778
0.75305194
0.76856726
0.67105806
0.72042084
0.71313268
0.78203499
0.67966300
0.61122882
0.76944417
0.83470947
0.72882122
0.71002448
0.76753980
0.77764982
0.74491680
0.65317756
0.69341141
0.73164690
0.71373141
0.40274307
0.81771094
0.81765491
0.81356639
0.60606521
0.69391435
0.55451757
0.68315870
0.77179682
0.66365707
0.47281402
0.69097227
0.81079090
0.60722280
0.80552262
0.79647857
0.76587594
0.76158518
0.61098999
0.67115515
0.69651377
0.62298900
0.70151210
0.70450276
0.70014012
0.53309393
0.74271947
0.81525570
0.75932348
0.76098222
0.74827749
0.80922878
0.65766668
0.70501572
0.78509998
0.78840065
0.74977922
0.72979641
0.78160030
0.65394139
0.76868916
0.73848957
0.71645194
0.58549768
0.69909412
0.72620863
0.67802197
0.74539363
0.58196723
0.68590498
0.59244442
0.61743879
0.66195452
0.68207645
0.47405565
0.69372725
0.82093501
0.71616513
0.62003982
0.74857080
0.75006807
0.77972376
0.62808830
0.72608548
0.74049580
0.76613992
0.63013262
0.59595442
0.78085583
0.72499633
0.63721102
0.75218183
0.81055593
0.62195969
0.70983243
0.82107252
0.74342620
0.59105366
0.64629388
0.69644392
0.76857054
0.79204410
0.83762628
0.70216036
0.66935503
0.71172404
0.72873551
0.78004825
0.52443182
0.82125926
0.74378824
0.50380397
0.42007989
0.72082067
0.73672175
0.42811501
0.56067902
0.67366278
0.62668109
0.76423007
0.33845082
0.76364082
0.75805730
0.34710360
0.63310277
0.66219366
0.70388150
0.71149933
0.49935979
0.70219064
0.58856976
0.71350056
0.57980275
0.75744677
0.40264300
0.69929075
0.79619986
0.53516978
0.73398912
0.72221196
0.77538598
0.70288199
0.74427015
0.78130227
0.56428081
0.72352022
0.44679210
0.75015181
0.58449394
0.54465896
0.69679987
0.74186170
0.70241249
0.46908575
0.44044751
0.74587494
0.66391665
0.42455083
0.69939417
0.63290513
0.74856400
0.72596091
0.68647134
0.79571342
0.68704218
0.59776974
0.55292124
0.51382738
0.71072453
0.57460487
0.77351159
0.63338339
0.67087609
0.81546259
0.80345988
0.61158460
0.80381262
0.71138465
0.80422664
0.73578066
0.75819278
0.70951819
0.53215069
0.79740697
0.78503811
0.62561166
0.76435375
0.66771537
0.62710464
0.76509696
0.66995066
0.78140378
0.80044353
0.70849544
0.73791927
0.80636638
0.67390925
0.79016215
0.78426939
0.64009219
0.78413814
0.78905004
0.77385598
0.66788715
0.75723630
0.67514098
0.73518568
0.81629390
0.83100820
0.69134730
0.54808384
0.74594617
0.80087924
0.75013816
0.84381688
0.60583627
0.65000898
0.73082715
0.76225024
0.72414970
0.76359993
0.82179135
0.81016368
0.64423829
0.74733144
0.78593779
0.77263087
0.65602553
0.75678504
0.79683089
0.82501310
0.75351483
0.63459891
0.81592607
0.78265470
0.88859773
0.81258786
0.80138814
0.89606446
0.89301652
0.63045377
0.65784681
0.80266201
0.79437333
0.86378515
0.77218837
0.83884066
0.85627532
0.75073671
0.87181860
0.88501614
0.78390944
0.85099030
0.88370264
0.85151517
0.88069808
0.75223315
0.88062370
0.87525868
0.83356649
0.81884015
0.71561956
0.80579507
0.83387125
0.73458862
0.79492247
0.89131474
0.87324125
0.87423635
0.87550718
0.86833513
0.87052590
0.89411449
0.87369138
0.87874436
0.87315190
0.86836922
0.80664015
0.77580506
0.81885368
0.86460388
0.82829261
0.82833493
0.79135263
0.79300886
0.78794312
0.84714347
0.84581840
0.83575213
0.81175262
0.84238714
0.79451376
0.83989924
0.94076937
0.96346706
0.96618772
0.94550264
0.96916133
0.97124624
0.93896836
0.97113174
0.97356737
0.95735252
0.95811641
0.92926615
0.93618822
0.93836921
0.91698587
0.93593043
0.92953748
0.94804376
0.93455607
0.93716282
0.94558823
0.92859608
0.92992359
0.95057905
0.91747200
0.93267441
0.92104185
0.95652813
0.93705916
0.92911947
0.94803864
0.95528829
0.94572294
0.94062114
0.95686251
0.95909345
0.94614172
0.96717650
0.95469773
0.96657813
0.96457458
0.96467495
0.97087181
0.93135828
0.96409434
0.95559418
0.96603620
0.97017258
0.95511580
0.97578955
0.96821904
0.97206736
0.97559720
0.95904154
0.96529514
0.97960997
0.96727276
0.96849561
0.95361805
0.95762837
0.97243786
0.95669764
0.96244997
0.98414302
0.97305524
0.98420900
0.98426443
0.98302037
0.98390621
0.98665953
0.98477823
0.98405141
0.97844040
0.97111559
0.98241097
0.98719972
0.99080116
0.98930293
0.98908538
0.98869377
0.98790181
0.98914355
0.98661995
0.98310965
0.97873926
0.97974157
0.98792922
0.98938483
0.99168253
0.99204719
0.99201208
0.99052888
0.99287015
0.99170107
0.99231625
0.99213773
0.99112141
0.98752844
0.98834342
0.98552579
0.98862630
0.98454779
0.98137558
0.98412490
0.98405868
0.98455679
0.98493201
0.98381442
0.98143595
0.98217082
0.98253536
0.97704065
0.98604321
0.98344481
0.98445636
0.98156780
0.98049968
0.97655630
0.97396505
0.96843576
0.96782416
0.96973264
0.97178066
0.97704941
0.98016959
0.97195315
0.97328490
0.96557450
0.96499181
0.96773624
0.96687037
0.98326486
0.99004996
0.98988461
0.98997527
0.99150062
0.99146563
0.99256867
0.98870474
0.99294138
0.99283183
0.99392515
0.99261272
0.99136275
0.99044269
0.99101841
0.98960412
0.99019450
0.98159558
0.98376483
0.98457623
0.99135196
0.99212426
0.99340963
0.99357599
0.99136329
0.99136448
0.99118972
0.99301457
0.99275380
0.99153262
0.99232131
0.99214476
0.99049079
0.99195886
0.99038386
0.98997760
0.99001068
0.98937130
0.98743606
0.99204433
0.98900503
0.99011946
0.99088353
0.98077869
0.98477399
0.98360646
0.98336178
0.98779511
0.98687541
0.98591799
0.98682863
0.98626465
0.98575181
0.98529875
0.98031974
0.98481828
0.99057943
0.99121726
0.98791933
0.98925924
0.99032265
0.99172252
0.98911148
0.98965842
0.98828077
0.98203146
0.97616220
0.98058850
0.98500329
0.98787701
0.98623288
0.98181021
0.97870660
0.97523165
0.98188698
0.98607987
0.98659432
0.99000567
0.98457712
0.97993141
0.97003126
0.96107924
0.95775735
0.95656508
0.95549339
0.96664852
0.97051471
0.98113555
0.98530686
0.98602420
0.98765683
0.99077165
0.99169695
0.99016410
0.99147987
0.98649567
0.98893589
0.98722690
0.98516166
0.98541784
0.98298717
0.98501587
0.98554611
0.98488891
0.98784828
0.98850948
0.99161857
0.99201500
0.99215949
0.99065512
0.99028671
0.99073583
0.99000239
0.99261779
0.99037522
0.99176335
0.99201375
0.98992783
0.99149889
0.98931527
0.98792970
0.98926979
0.98997271
0.98915535
0.98940361
0.98930311
0.99195182
0.99075085
0.98925883
0.98807460
0.98936337
0.98787284
0.98826092
0.99053127
0.99007142
0.98833269
0.99175441
0.99135768
0.99173486
0.99015158
0.98963612
0.99127835
0.98970944
0.99102235
0.99026018
0.98459202
0.98188949
0.98400730
0.98752034
0.98810983
0.98088992
0.98212928
0.98048842
0.98549902
0.98775321
0.98809135
0.98694789
0.98703289
0.98703116
0.98455423
0.98842430
0.99074793
0.99196351
0.98656148
0.98931354
0.99085861
0.98816687
0.98963588
0.98878783
0.99159557
0.98907197
0.98319775
0.98870230
0.99035829
0.98324871
0.98670548
0.98954272
0.98703998
0.98789573
0.98749256
0.98966426
0.99074602
0.98902088
0.98714358
0.98832828
0.98739690
0.99159485
0.98883396
0.98482054
0.98373067
0.98216748
0.98829830
0.98660672
0.98650837
0.98553550
0.98854417
0.99034411
0.99054492
0.99027443
0.98793632
0.98667371
0.98500764
0.98669851
0.98595667
0.99025577
0.99030834
0.98897994
0.99021423
0.98997760
0.98761404
0.98909956
0.98762697
0.98751581
0.98260814
0.98294318
0.98427701
0.98390651
0.98340571
0.98305130
0.98183823
0.98146468
0.98220003
0.98145181
0.98233265
0.98309165
0.98482567
0.98551315
0.98587823
0.98647809
0.98715460
0.98740423
0.98662323
0.98618132
0.98586988
0.98481202
0.98690701
0.98653203
0.98874563
0.98904538
0.98975486
0.99096513
0.98870975
0.98911417
0.98920244
0.98316920
0.98300201
0.98212665
0.98333794
0.98090911
0.98137188
0.98149037
0.98141414
0.98026544
0.98583567
0.98498130
0.97923148
0.97986472
0.97697473
0.97864473
0.98007149
0.98066735
0.97963035
0.97758090
0.97970176
0.98199481
0.97558630
0.97602433
0.96907604
0.97672594
0.96960831
0.98479360
0.98288834
0.97979009
0.97477686
0.97790605
0.97638071
0.98125345
0.98116481
0.97903264
0.98155290
0.97370422
0.98380685
0.99010438
0.98980391
0.98775941
0.98052108
0.97257453
0.97158086
0.96446002
0.97394347
0.98723841
0.98551363
0.97843528
0.97599274
0.97468793
0.97927010
0.98290539
0.97141111
0.97998202
0.97741789
0.96489435
0.95748496
0.95579714
0.95612621
0.94428831
0.96114653
0.90341651
0.96138799
0.93192339
0.94982719
0.94240057
0.95443863
0.96750599
0.96890044
0.96658927
0.94014204
0.93709558
0.96297264
0.98345065
0.96840268
0.97284210
0.97189605
0.95480919
0.94967830
0.97459304
0.96506107
0.96064562
0.96262604
0.96949649
0.96786177
0.96071553
0.95498323
0.92409682
0.94059354
0.96402729
0.93550396
0.96972233
0.95713079
0.93570119
0.88797635
0.92798740
0.89870465
0.92894775
0.95988643
0.93893671
0.94240916
0.91146255
0.94470251
0.94321221
0.96171147
0.94000065
0.93035758
0.97513175
0.94848746
0.93506634
0.92494845
0.94061643
0.93010587
0.93625879
0.91203767
0.87502778
0.90256548
0.88849062
0.88633651
0.88653511
0.87798947
0.87858218
0.68557626
0.78268719
0.85824537
0.78564012
0.82995737
0.80142552
0.69785225
0.86229789
0.84393895
0.86381465
0.82897651
0.86603153
0.79440856
0.78247327
0.84513992
0.86340213
0.84623832
0.82152170
0.88247758
0.83556157
0.80578309
0.74059534
0.75367826
0.86369789
0.76596653
0.76741982
0.90165782
0.85081822
0.85292268
0.65116030
0.74382925
0.76259339
0.76081198
0.78273427
0.60317439
0.63473105
0.62667781
0.60616654
0.49556711
0.61502653
0.83237785
0.71530235
0.73063439
0.71738648
0.68078595
0.73667759
0.77082050
0.75445074
0.67693746
0.78253824
0.67999989
0.73697281
0.72611308
0.68557769
0.71348792
0.70736408
0.75662327
0.73549867
0.73432243
0.83259815
0.79866958
0.74961054
0.73361981
0.72437394
0.62068772
0.66770148
0.70125800
0.76000512
0.59052390
0.55760914
0.53543860
0.51969361
0.67947787
0.77944010
0.79746366
0.73991120
0.55571383
0.52045381
0.32290110
0.71859956
0.82016826
0.81853294
0.35296023
0.66267985
0.78562796
0.72290087
0.48989573
0.64588380
0.62330174
0.33342373
0.66315061
0.49770048
0.68802917
0.67051178
0.68042052
0.29589441
0.65290910
0.60813987
0.47355509
0.62314141
0.54586685
0.60589850
0.46411821
0.59123391
0.51252788
0.51000869
0.39820603
0.40277091
0.48467571
0.53130710
0.46502292
0.42703113
0.49196482
0.43489739
0.53104824
0.27192467
0.55904502
0.44603202
0.41089362
0.48453638
0.41891396
0.20615937
0.34652397
0.39584142
0.36306596
0.49097475
0.38629046
0.22087432
0.47034365
0.40150762
0.49335802
0.46786666
0.47713280
0.48356462
0.22656816
0.21301268
0.53249753
0.53102547
0.38761866
0.40909332
0.45651081
0.46300420
0.31036368
0.44765466
0.33409053
0.48945346
0.31813002
0.48915887
0.52647310
0.36994800
0.29949528
0.35708916
0.55220354
0.43680328
0.29891673
0.37498820
0.46513498
0.40564942
0.23882049
0.50761288
0.35077766
0.30411360
0.39599365
0.48124409
0.34068152
0.41213211
0.43145740
0.54456341
0.40775725
0.47449744
0.65293092
0.14680064
0.44816437
0.60624337
0.41742238
0.64082462
0.26293990
0.36952090
0.51329088
0.59430140
0.27533898
0.19661947
0.31084314
0.55085027
0.47048071
0.27926913
0.61632675
0.49330640
0.55221182
0.39338601
0.55996698
0.43115208
0.40238610
0.50134432
0.48584828
0.48429710
0.48195067
0.43644530
0.60605979
0.55974960
0.52166301
0.47836050
0.53234196
0.52803636
0.42525935
0.21751633
0.50240910
0.41021159
0.53731942
0.38846424
0.28425255
0.54037690
0.56101602
0.44466245
0.41661024
0.46987286
0.45065734
0.22018893
0.37062562
0.54060596
0.54186195
0.27296743
0.49867067
0.48359019
0.52717882
0.50360233
0.37083781
0.26721254
0.46794909
0.33781096
0.23956029
0.42140916
0.50558025
0.22052373
0.49131960
0.51951867
0.24654657
0.46460640
0.41414773
0.44802621
0.45548722
0.33625877
0.45742944
0.28379592
0.36653185
0.51656878
0.55198896
0.39462218
0.32128137
0.28641969
0.50979406
0.55140013
0.49525970
0.33198956
0.51935226
0.30325428
0.56573212
0.69344211
0.54532480
0.20019348
0.42353317
0.46722001
0.50642514
0.33767480
0.43304709
0.49082986
0.19780204
0.54191977
0.71803355
0.51395261
0.40061083
0.24140745
0.38776308
0.51067138
0.41372585
0.43878844
0.43243974
0.41587314
0.51771730
0.63101923
0.57772344
0.54634410
0.53870362
0.49822426
0.44829091
0.64096552
0.43475914
0.57732582
0.47405082
0.55268544
0.59862691
0.54465157
0.50814962
0.35964561
0.40022510
0.55246311
0.54287142
0.43526748
0.48448995
0.57748294
0.37963498
0.42631197
0.52245814
0.37442228
0.42273527
0.43173930
0.43340394
0.51091158
0.35637802
0.52627993
0.56497627
0.40121940
0.53465754
0.52587610
0.49964589
0.54997271
0.57833111
0.63562202
0.48667169
0.52603161
0.64864874
0.59487760
0.68522906
0.58650589
0.41639429
0.60821879
0.64840418
0.62772048
0.63763970
0.72899544
0.46351874
0.61477119
0.17325588
0.56041807
0.73255306
0.64211810
0.34800148
0.76399410
0.41950274
0.68042970
0.64723355
0.64263773
0.56349790
0.51646805
0.48999679
0.56629580
0.60464877
0.64124382
0.82857078
0.74636775
0.68300748
0.61062342
0.68673342
0.62301880
0.80452919
0.42940480
0.57953101
0.59426630
0.54459077
0.65125281
0.64841324
0.68420482
0.41276267
0.63538212
0.54325372
0.66029197
0.55276501
0.47179121
0.49331939
0.54415965
0.64372897
0.60640591
0.65077460
0.69249821
0.67811424
0.61837739
0.55031580
0.48311010
0.44253403
0.54458034
0.56615853
0.59993201
0.54643595
0.60279495
0.63883114
0.53519189
0.54033786
0.59013844
0.60060149
0.58265281
0.44719571
0.43879485
0.57175297
0.39644274
0.54499072
0.40068284
0.64827669
0.51245874
0.72721261
0.56348854
0.71526504
0.70839715
0.64258569
0.65481168
0.59899366
0.59614623
0.70643359
0.52733409
0.59102201
0.51635915
0.62462074
0.47025430
0.54653555
0.46506932
0.57302988
0.57967448
0.56953239
0.53989375
0.60796344
0.62560868
0.66826779
0.45257550
0.67374307
0.48693073
0.64422560
0.50743026
0.57660776
0.47982451
0.45122546
0.49034905
0.51549560
0.54535550
0.58163971
0.67573589
0.50697291
0.68165082
0.64832348
0.48880857
0.51537722
0.42905325
0.54227012
0.47632238
0.52120513
0.45048988
0.51603681
0.41054136
0.42085433
0.63279933
0.42302954
0.52241284
0.41025952
0.44695866
0.47281873
0.61812562
0.41082430
0.58390045
0.36414433
0.42057791
0.42970666
0.43740174
0.52500957
0.45180923
0.60535169
0.37276611
0.50821054
0.64364392
0.66481704
0.42365503
0.57152462
0.41022354
0.60941064
0.67040884
0.67291117
0.61864763
0.75633806
0.68583047
0.48965243
0.47780916
0.59238118
0.69965714
0.33394679
0.59053230
0.64701223
0.40500265
0.55516851
0.48039922
0.64638120
0.69503820
0.58347565
0.48548308
0.42993107
0.51593870
0.48866060
0.52439016
0.45468730
0.46396717
0.64249218
0.59602183
0.40554172
0.47702834
0.48106101
0.51336110
0.32789657
0.37495884
0.46824861
0.37034261
0.38388476
0.38320932
0.39059958
0.44654715
0.51555210
0.32959592
0.46214777
0.42713502
0.45055452
0.33195838
0.50777400
0.44463530
0.33333123
0.46639290
0.29816222
0.55415225
0.42475435
0.42105076
0.33022556
0.42996514
0.57414478
0.42607820
0.51886117
0.49330997
0.55413234
0.48539644
0.52454180
0.50514334
0.48366097
0.46189198
0.58368909
0.39204210
0.58996230
0.45903030
0.46322498
0.59479511
0.54061687
0.60275805
0.41803834
0.55307174
0.40806386
0.43023199
0.50846654
0.41064194
0.67570788
0.67244476
0.43958309
0.58726746
0.57387245
0.44930983
0.45963252
0.40401867
0.58925176
0.50168383
0.56166238
0.39995971
0.31604919
0.56694633
0.49892592
0.48897520
0.46087945
0.39377645
0.36618263
0.58764088
0.59284824
0.45703617
0.34472436
0.42727491
0.55418408
0.47293851
0.62148684
0.47194493
0.52556020
0.52829736
0.52695614
0.49381748
0.43896997
0.54100752
0.46977639
0.32035232
0.44888958
0.55351734
0.53573120
0.62972915
0.49316978
0.66345561
0.45900488
0.55558318
0.69891083
0.40840784
0.58754158
0.56339163
0.42375714
0.55043960
0.44720078
0.45042080
0.45120683
0.51447618
0.45243439
0.62300843
0.38805518
0.49982971
0.54654568
0.45166874
0.63609755
0.52609658
0.57462823
0.64137697
0.31442374
0.54920858
0.61658901
0.46818787
0.53160238
0.63498282
0.76398772
0.76798475
0.72860193
0.58759218
0.59388334
0.66076630
0.82512009
0.70890474
0.64134699
0.74316704
0.68031472
0.75683081
0.73639965
0.57014471
0.66545093
0.55882865
0.40441734
0.53148764
0.45303744
0.55998188
0.63954586
0.51510662
0.58080930
0.68579346
0.64267468
0.48450696
0.58363986
0.62636805
0.70941126
0.54361480
0.72312385
0.50083232
0.60232693
0.53691626
0.51112783
0.47722915
0.48120245
0.47257367
0.53875172
0.49236202
0.59091657
0.63147020
0.58509374
0.53239387
0.55254000
0.67813772
0.54280823
0.47922537
0.62761676
0.66938710
0.61092317
0.63024771
0.66262841
0.64352149
0.68236411
0.70338690
0.52258229
0.64649457
0.56337154
0.63502759
0.61796767
0.55157465
0.66113949
0.51025546
0.39829716
0.48771554
0.56630957
0.57051456
0.39641297
0.53160489
0.69611663
0.56166941
0.66595638
0.74174058
0.60969305
0.57784152
0.49138129
0.53402102
0.50357842
0.64215618
0.66871780
0.40284976
0.73071623
0.54785806
0.68282372
0.46038970
0.71317065
0.57213885
0.64626968
0.53121454
0.64437997
0.49584579
0.73801744
0.76394808
0.50430292
0.73575556
0.66041708
0.61495459
0.74657518
0.73252779
0.69769490
0.62099713
0.53828996
0.60154933
0.52049500
0.74915487
0.63767958
0.62528926
0.74176759
0.72290009
0.69088125
0.43149105
0.51379108
0.64937842
0.70823067
0.79766607
0.66003180
0.78301734
0.61804605
0.72978747
0.70278329
0.67367280
0.78299719
0.43442789
0.42468551
0.45317733
0.69587988
0.41972059
0.58555263
0.49691272
0.59107411
0.71320117
0.55134726
0.70816821
0.36447382
0.52684861
0.60811490
0.59583753
0.43191642
0.48545361
0.65829509
0.60575330
0.45507962
0.49366763
0.49780005
0.45703012
0.45789945
0.43526733
0.56957096
0.66640723
0.52487308
0.67419463
0.39297611
0.58841819
0.55278248
0.48722515
0.55770397
0.83815116
0.81257772
0.51972401
0.72486252
0.67091131
0.36587718
0.55693048
0.69506997
0.70932090
0.49873435
0.76829708
0.87666750
0.76363474
0.73509085
0.48925775
0.73963344
0.53248489
0.54164779
0.64775217
0.73471522
0.64881045
0.52014315
0.64099514
0.51740569
0.68302774
0.41315022
0.61602229
0.46740004
0.65823615
0.71162707
0.52933055
0.47607040
0.44306245
0.42195335
0.64618045
0.47437507
0.64044702
0.68938375
0.39050412
0.63141412
0.61574525
0.43543574
0.47069871
0.62967259
0.48250267
0.60548687
0.63959825
0.42801413
0.43518493
0.66694683
0.51134402
0.30819428
0.66547114
0.30739430
0.60085708
0.66978371
0.70076829
0.61880100
0.62264532
0.73172653
0.70680708
0.56496203
0.71956164
0.72996593
0.30508173
0.66163105
0.59507096
0.41397527
0.68619323
0.55275005
0.59509027
0.50413454
0.57188356
0.23471294
0.57590866
0.62508142
0.53768587
0.22980730
0.63061309
0.61226290
0.53793544
0.29503593
0.61257660
0.32010722
0.61439675
0.65486449
0.40051147
0.38083038
0.57867295
0.67910784
0.65041834
0.65382594
0.59847873
0.65695941
0.45420039
0.41605708
0.66238189
0.70082361
0.41383207
0.39421630
0.72755808
0.30118173
0.29101133
0.70647496
0.67994773
0.38920921
0.65285206
0.66312873
0.21933997
0.59460396
0.45699611
0.43001929
0.41155025
0.39897609
0.74698395
0.81393236
0.71996009
0.37717718
0.58755761
0.80579329
0.85819870
0.34477133
0.79964960
0.83145934
0.58657819
0.80454886
0.86477065
0.73226637
0.86190343
0.61831927
0.78524452
0.74934822
0.85536981
0.55413693
0.83910495
0.80797935
0.75296611
0.53831786
0.53419018
0.39976877
0.75036418
0.68230170
0.43549982
0.79112959
0.75568843
0.53442508
0.30805212
0.78535175
0.71233463
0.71429479
0.66544890
0.67437094
0.72899479
0.79390460
0.69121915
0.59735966
0.85835385
0.78514904
0.67511916
0.79877794
0.81441998
0.82879347
0.77494133
0.69931382
0.86554021
0.82699597
0.82564098
0.66760665
0.71745926
0.86093545
0.82495487
0.80932724
0.75960237
0.81301427
0.81248832
0.78685266
0.85875356
0.82261693
0.89020282
0.90486902
0.71603084
0.87435091
0.73797327
0.90243518
0.51027793
0.75506490
0.80260879
0.77468568
0.83791095
0.81921309
0.73504639
0.72775143
0.47043687
0.78317994
0.83643991
0.78368038
0.55883253
0.82381070
0.67908865
0.64550912
0.78812766
0.76865488
0.78244960
0.37923780
0.78903055
0.83986235
0.50834876
0.71243376
0.71992487
0.77688992
0.62919748
0.80022264
0.79068416
0.75935352
0.68857849
0.84116966
0.89843380
0.46182594
0.84321713
0.75036198
0.85440439
0.54534441
0.79495126
0.82826352
0.84671229
0.87136090
0.81333625
0.92057025
0.91605592
0.85507411
0.83895451
0.92739505
0.91195422
0.79931712
0.88490862
0.88803369
0.84460241
0.89717615
0.85170484
0.87242264
0.79179114
0.56044888
0.86032885
0.85938710
0.90178239
0.77293670
0.83698201
0.63020849
0.80164355
0.80076611
0.82485706
0.86345512
0.85924816
0.87254286
0.86950564
0.81428027
0.84603280
0.88558227
0.88477260
0.86961758
0.86941195
0.89163685
0.88884997
0.88090205
0.80837166
0.88894767
0.88330972
0.85843045
0.90396792
0.90807551
0.92793894
0.91554713
0.94180644
0.93578327
0.91570294
0.94385356
0.93889403
0.95551342
0.94650835
0.87108719
0.91977930
0.92333823
0.91855198
0.93345428
0.91723847
0.92788792
0.91139865
0.87299919
0.93575412
0.91780996
0.94397402
0.94018751
0.90859610
0.93812138
0.95973414
0.94555217
0.91403127
0.91181630
0.94993186
0.96202910
0.95372593
0.96779424
0.93599027
0.95815492
0.93524635
0.96610296
0.96178710
0.96524221
0.97839886
0.94914770
0.96507293
0.95046788
0.97317988
0.96674359
0.97282100
0.96106756
0.96879345
0.96441710
0.96701002
0.97407228
0.95521289
0.95612264
0.94552904
0.97701263
0.97536212
0.97049111
0.95688051
0.96321660
0.97192746
0.96178532
0.96151537
0.93927652
0.96942121
0.96806139
0.97349155
0.98248500
0.98144758
0.97698349
0.97181273
0.97182727
0.97627312
0.98280632
0.97358376
0.96293938
0.97669035
0.97700560
0.98278528
0.98787910
0.98401904
0.97538698
0.97155678
0.97890258
0.98305327
0.98726022
0.98550332
0.98843145
0.98689961
0.98504847
0.98446459
0.97049427
0.94924533
0.96594149
0.97560990
0.97460765
0.98904151
0.98490477
0.99063641
0.97531962
0.94856715
0.95778376
0.97560817
0.97897571
0.97711962
0.98274720
0.97950107
0.97751462
0.97141659
0.96631068
0.96830338
0.96739757
0.97438556
0.98233151
0.98692906
0.98630327
0.98675752
0.98432446
0.98139167
0.97627866
0.98171264
0.98654187
0.99027073
0.98830903
0.97854608
0.97718483
0.97831148
0.98319983
0.98312056
0.98204720
0.98764801
0.98678082
0.98870134
0.98826724
0.98614943
0.98714906
0.98411822
0.98572981
0.99008769
0.98901272
0.98829681
0.98867106
0.98679513
0.98803794
0.98781836
0.98771787
0.98721409
0.98210996
0.98192316
0.98589975
0.98366207
0.98089969
0.97446650
0.96764147
0.96533805
0.96824259
0.97402215
0.97502089
0.98246253
0.98023295
0.97296518
0.97653472
0.98206425
0.98213273
0.98186344
0.97996694
0.97812873
0.97907847
0.98171359
0.98409939
0.98545432
0.98400831
0.98470742
0.98843491
0.98773533
0.98493987
0.98389882
0.98450840
0.98522562
0.98560661
0.98869520
0.98823512
0.98653841
0.98156285
0.98193860
0.98752207
0.98272461
0.98178124
0.97497922
0.97258526
0.97410709
0.98443192
0.99046576
0.99138993
0.98965317
0.99261183
0.98697376
0.97468853
0.98642933
0.99027401
0.99058694
0.99247181
0.99243891
0.98731494
0.98452908
0.98078555
0.98217762
0.99008673
0.99034894
0.98883271
0.98375237
0.98338163
0.97776687
0.97637618
0.96972466
0.98603803
0.98955756
0.98134685
0.98672432
0.98035651
0.98290837
0.98315442
0.98395383
0.98697251
0.98471165
0.98397875
0.98689216
0.98861283
0.99015009
0.98856843
0.98711687
0.98820812
0.98588264
0.98488969
0.98585540
0.98620921
0.98594058
0.98544461
0.98408717
0.98258650
0.98040992
0.98117363
0.98003942
0.98010212
0.97958893
0.98219597
0.98476416
0.98590338
0.98255563
0.97630173
0.97122937
0.97240937
0.97545302
0.97760719
0.97880858
0.98095554
0.98089325
0.98375803
0.98314416
0.98459816
0.98129636
0.97821951
0.97546095
0.97671801
0.97782922
0.97822076
0.98167706
0.98326266
0.98425758
0.97790134
0.97583640
0.96273196
0.97096181
0.97775954
0.97968698
0.98233664
0.98221970
0.98037475
0.98532432
0.98428440
0.98430532
0.98003572
0.98294467
0.98706168
0.99066263
0.98915344
0.99134302
0.99211407
0.99216628
0.99161822
0.98826480
0.98751825
0.98611844
0.98465353
0.98573595
0.98427272
0.98065668
0.98012072
0.97875357
0.98121440
0.98243666
0.98150498
0.98110145
0.97573042
0.97326082
0.97467989
0.97841966
0.98235321
0.98625630
0.98618579
0.98567760
0.98293912
0.98389035
0.97987407
0.96943921
0.96702355
0.96916032
0.97537667
0.98024738
0.98232794
0.98245645
0.97911578
0.98166776
0.98373586
0.98284537
0.98216957
0.98013741
0.97997630
0.97846574
0.97994995
0.97354162
0.97502816
0.97565550
0.97566211
0.97804481
0.97928315
0.98080802
0.98369098
0.98445594
0.98037338
0.98040730
0.97904575
0.98003387
0.98080689
0.98245263
0.98032606
0.98113418
0.97851127
0.98105079
0.98647654
0.98782790
0.98629826
0.98832428
0.98771995
0.98886335
0.99158722
0.99210584
0.99158442
0.99173063
0.99176395
0.98925602
0.98928881
0.98584080
0.98868495
0.98628587
0.98560286
0.98942906
0.98921484
0.98650068
0.98571640
0.98528820
0.98468244
0.98799998
0.98920548
0.98862618
0.98796564
0.98771042
0.98774105
0.98809671
0.98770744
0.98692560
0.98677272
0.98713219
0.98542541
0.98412132
0.98330688
0.98223341
0.98271012
0.98226720
0.98180562
0.98152953
0.98151439
0.98159856
0.98209494
0.98222661
0.97928393
0.97963583
0.98028439
0.98163337
0.98409629
0.98504883
0.98312688
0.98242009
0.98533559
0.98781037
0.98422122
0.98258615
0.97799551
0.97655416
0.97573447
0.97469884
0.97390103
0.97860044
0.98797542
0.99300742
0.99008745
0.98392963
0.97505063
0.97530055
0.97525644
0.97503722
0.97845137
0.98136616
0.97982222
0.97922772
0.98026890
0.97715366
0.97655225
0.96601903
0.96909195
0.96916282
0.95857108
0.96087116
0.96369773
0.96546394
0.95209301
0.95870322
0.97081113
0.96783811
0.97627652
0.97534108
0.97665602
0.96972287
0.96592474
0.95254093
0.92230010
0.92314982
0.92089748
0.92946762
0.96104950
0.97195405
0.97143722
0.96489978
0.96132451
0.95962995
0.97080350
0.98194331
0.98013067
0.98008120
0.96898180
0.96920824
0.98007739
0.98248512
0.98491073
0.97502768
0.97999132
0.96277088
0.96425062
0.97331750
0.97481775
0.97852474
0.97122002
0.96630758
0.95685184
0.96396196
0.97251028
0.96994972
0.97963804
0.97831720
0.95900154
0.96874982
0.93904489
0.96143448
0.96029663
0.97182196
0.96746576
0.96554685
0.97056603
0.94613034
0.92982990
0.92119056
0.93014580
0.93623734
0.95364267
0.90640265
0.94108903
0.93421167
0.95779216
0.95503986
0.95551687
0.94064838
0.94978267
0.93411326
0.87611169
0.91407681
0.93610829
0.93422103
0.91492420
0.91653615
0.90238500
0.91875321
0.89383602
0.90877217
0.94737548
0.93824530
0.93147266
0.88201052
0.91266561
0.86652958
0.91172606
0.94186443
0.93096972
0.92052174
0.87985778
0.87489456
0.85648024
0.82555938
0.88895541
0.87643671
0.90423381
0.91605884
0.81889510
0.88913053
0.92188758
0.89625818
0.93020815
0.89725071
0.88805109
0.76362300
0.79275060
0.87067294
0.88833916
0.83106309
0.78305471
0.72996157
0.77741557
0.73234260
0.74332380
0.71483135
0.84526306
0.77585322
0.76191914
0.79133838
0.76051140
0.76095927
0.69888157
0.75649923
0.74284786
0.76636112
0.78384888
0.76032603
0.76038170
0.78135425
0.74258709
0.73541665
0.73473042
0.72382236
0.75259018
0.64430332
0.71390063
0.67854387
0.68549228
0.61574477
0.74799615
0.66640544
0.73893583
0.71934336
0.76402295
0.79280394
0.80463314
0.67665344
0.63995349
0.61363941
0.77859181
0.63051355
0.62844694
0.42020079
0.55881518
0.77968782
0.76548803
0.69741380
0.74301946
0.64202648
0.74029779
0.69939160
0.67132765
0.67892802
0.79086602
0.53534997
0.72309905
0.63809884
0.62846017
0.39992738
0.63587219
0.72252995
0.50541657
0.66480827
0.66152084
0.62615561
0.69858927
0.80241466
0.38143730
0.73793477
0.66095871
0.68725818
0.66567534
0.71219313
0.56105781
0.75473064
0.77139711
0.66048247
0.71493995
0.35785389
0.69800776
0.54619849
0.50088966
0.65173310
0.69288045
0.69064891
0.60883367
0.48471278
0.40774822
0.75570595
0.80499345
0.87817639
0.90017092
0.61095119
0.72578049
0.69323087
0.83801609
0.73336327
0.85263330
0.75564462
0.83100504
0.89239502
0.73495561
0.86519760
0.56652969
0.68521512
0.52547514
0.69963425
0.64059800
0.33881482
0.60925865
0.23939599
0.31236836
0.68054354
0.76619476
0.61245751
0.35188010
0.69407016
0.49902219
0.67227352
0.67694765
0.64974034
0.60775119
0.59970051
0.60970819
0.67877728
0.76864594
0.71631795
0.56522691
0.63153297
0.65334761
0.62460905
0.68979996
0.56084108
0.55046207
0.46336654
0.58886403
0.61307114
0.42314938
0.58811456
0.71165287
0.67606616
0.60141027
0.68985665
0.52090377
0.59996891
0.55752206
0.57241112
0.63522363
0.63357681
0.57061303
0.51671523
0.63494146
0.62035096
0.54936087
0.61621052
0.64943731
0.58815026
0.56415540
0.53686017
0.54491508
0.64420080
0.61310995
0.59390879
0.54657686
0.51917803
0.63445824
0.63443887
0.41862622
0.51095176
0.66878206
0.51859003
0.60018569
0.58858258
0.68723321
0.68044257
0.64459795
0.63024855
0.60646957
0.66389495
0.66957831
0.67105150
0.62966478
0.69471729
0.53372639
0.62712425
0.64276356
0.70371616
0.59587926
0.61603314
0.65044433
0.49280527
0.54875576
0.57335067
0.55654502
0.73144740
0.73708093
0.36804539
0.59572780
0.66879231
0.42537424
0.50357258
0.40484959
0.66405773
0.65858608
0.68106043
0.44044989
0.57311243
0.62877738
0.66835701
0.68366849
0.46527094
0.50827461
0.67891753
0.45174995
0.69274980
0.59829849
0.47327483
0.78920424
0.80936474
0.61905789
0.71526182
0.57922673
0.68472737
0.68455058
0.41647521
0.56253541
0.64840364
0.55743009
0.57322228
0.62075663
0.41297755
0.65021747
0.54175395
0.66399640
0.52755892
0.65850890
0.68358141
0.51827687
0.67106205
0.59776956
0.58800524
0.54965627
0.65210915
0.65411013
0.50414705
0.55621856
0.75923985
0.53355116
0.53958464
0.68429065
0.70290184
0.37309718
0.71777046
0.78105175
0.34455496
0.72603083
0.61894643
0.55949467
0.61218876
0.31330261
0.59579039
0.43023020
0.70562428
0.59093517
0.49295378
0.62496573
0.69268286
0.34524071
0.36674494
0.55149335
0.74503195
0.80752820
0.65164220
0.47298583
0.60421479
0.83279085
0.79124302
0.60846752
0.48808467
0.81818795
0.33331871
0.32277703
0.43359509
0.64231294
0.58901244
0.42058110
0.75482517
0.59208393
0.58516413
0.67810071
0.59352893
0.59367287
0.64528430
0.34626114
0.70964479
0.71816730
0.38836986
0.70307308
0.67979342
0.72640127
0.63986802
0.64500350
0.63226616
0.66608012
0.63377738
0.64379537
0.70688897
0.50186020
0.63357139
0.57770532
0.52122957
0.53318095
0.43660328
0.62975937
0.61187035
0.70510185
0.60448670
0.65145934
0.60400480
0.63527179
0.49757719
0.53674203
0.65465361
0.58337098
0.68144643
0.62575805
0.72430629
0.64135295
0.64672858
0.70081192
0.57909030
0.66630745
0.50701791
0.48568425
0.59166580
0.41925481
0.58712548
0.73091096
0.77742940
0.50026482
0.49958014
0.74594253
0.76173788
0.66498905
0.62035930
0.77116913
0.74707437
0.65714622
0.73705864
0.73062932
0.80223846
0.63497138
0.65620416
0.79617846
0.73915678
0.76658154
0.69761324
0.60468775
0.60592914
0.73245960
0.74562126
0.72550523
0.59335494
0.69439477
0.70126170
0.76417369
0.47846025
0.69804746
0.54995978
0.67279750
0.73808789
0.69260454
0.66576380
0.54895639
0.69738579
0.55392104
0.58133024
0.59014475
0.55149263
0.56303424
0.63116938
0.66752130
0.61139214
0.61154872
0.59820336
0.56479818
0.63703018
0.41005588
0.67999613
0.45869511
0.59923053
0.64480662
0.65092552
0.72169203
0.42491916
0.53188431
0.68067431
0.70344818
0.33266905
0.60056072
0.67146081
0.68059605
0.66884840
0.70691603
0.52958971
0.68958724
0.71610081
0.52260751
0.61235374
0.52921462
0.55789876
0.55388957
0.38821730
0.59478414
0.59270561
0.40044862
0.52052951
0.52314395
0.62285042
0.63580519
0.64514756
0.67267936
0.51155168
0.51682186
0.67068827
0.61036050
0.55540305
0.62583488
0.65972811
0.70357126
0.69545358
0.71894348
0.62520748
0.58139545
0.67560446
0.68979394
0.76271147
0.73922908
0.77306235
0.74738795
0.73350281
0.73167086
0.64504790
0.61867040
0.67759353
0.56797951
0.71224099
0.59415585
0.65572137
0.54135847
0.55680323
0.71721965
0.58331329
0.61882651
0.66843832
0.47946411
0.70848751
0.72392529
0.68975872
0.62491107
0.71560991
0.65258741
0.54209900
0.69852501
0.66894096
0.63786048
0.72914732
0.60707289
0.69188994
0.78617764
0.50550169
0.39365131
0.73977023
0.70654565
0.69321269
0.69627196
0.59969616
0.73299581
0.61855900
0.62503237
0.71720570
0.70001632
0.61220449
0.55847204
0.60616183
0.74653286
0.75703841
0.70919710
0.76229984
0.63899356
0.68463409
0.62931615
0.57032502
0.68661112
0.73294944
0.77606547
0.76202238
0.58376002
0.62404382
0.75904220
0.65945739
0.56550527
0.79430062
0.81507069
0.76428258
0.65237689
0.76752073
0.79364336
0.81572336
0.74274808
0.79824376
0.82170773
0.75660861
0.76705623
0.76331258
0.73770183
0.79193920
0.74576235
0.77340639
0.83025342
0.74718803
0.78752863
0.78294498
0.80183953
0.82313281
0.77625191
0.75216526
0.76934582
0.86974752
0.85747266
0.78325737
0.88737011
0.87178028
0.86980826
0.90113926
0.89136249
0.86100262
0.90342188
0.87839186
0.82753730
0.89384735
0.91629314
0.89847749
0.82629925
0.92042035
0.91659039
0.89995807
0.90166897
0.91929638
0.94990736
0.94596130
0.91221136
0.92204827
0.87522864
0.91120231
0.91060126
0.94276118
0.92657942
0.93949276
0.94241107
0.94225150
0.95167738
0.96164477
0.95403320
0.95172644
0.94520962
0.96125346
0.97076505
0.95134187
0.97106421
0.96500045
0.95613998
0.96074122
0.95936668
0.96534759
0.95695293
0.94888628
0.96381831
0.97146636
0.96675050
0.97531873
0.97401243
0.97258151
0.97832608
0.97999358
0.97956926
0.97442698
0.96895313
0.96837217
0.96916604
0.97654539
0.96486914
0.97490388
0.95739424
0.96123254
0.94787925
0.97177988
0.97032553
0.97597718
0.97224605
0.97476292
0.97393632
0.96353632
0.97402716
0.97644889
0.96634865
0.97726089
0.97847307
0.97800314
0.97640693
0.97414237
0.97677898
0.97065520
0.97732431
0.97050864
0.97961330
0.97793615
0.98338276
0.97634661
0.97782409
0.97664225
0.98098087
0.98369652
0.98084176
0.97728854
0.97013849
0.96708363
0.97919470
0.98414826
0.97698909
0.98152405
0.97669536
0.97924441
0.97664058
0.97982007
0.98386890
0.98221225
0.97891027
0.97396439
0.97708958
0.97770840
0.97637057
0.97831076
0.97958702
0.97444385
0.97620720
0.98082560
0.97520363
0.98112214
0.97461003
0.97807056
0.97455651
0.97320956
0.97316396
0.97720432
0.97452068
0.96866715
0.97634071
0.97680193
0.97633159
0.98139817
0.98031312
0.97909182
0.98008853
0.97152406
0.97408843
0.97955716
0.98109263
0.98335069
0.98167902
0.98630863
0.97803831
0.98384571
0.98164427
0.97979200
0.97598672
0.98084718
0.97734118
0.97324443
0.97306687
0.97431004
0.98021853
0.98239857
0.98013216
0.98227936
0.98404074
0.98483342
0.98481721
0.98487735
0.98566782
0.98580045
0.98379642
0.98116285
0.98123771
0.97890776
0.98156208
0.98427767
0.98614603
0.98449647
0.98427039
0.98466080
0.98244530
0.98198032
0.98066002
0.97849953
0.97867101
0.97425777
0.97426707
0.97563100
0.97621810
0.97587138
0.97747517
0.97717720
0.97364265
0.97140819
0.97093087
0.96831501
0.97346538
0.97008914
0.97364670
0.97610849
0.97579372
0.97481269
0.97514933
0.97712088
0.97116470
0.96304929
0.96174848
0.95660412
0.95793819
0.96165073
0.96657807
0.97475147
0.98403925
0.98765135
0.98590916
0.98444021
0.98412400
0.98422766
0.98431373
0.98465121
0.98234999
0.98322868
0.98361731
0.98377556
0.98650163
0.98574394
0.98621213
0.98478192
0.98521638
0.98393929
0.98570698
0.98461455
0.98464245
0.98690516
0.98472285
0.98377544
0.98079395
0.97967988
0.98057884
0.97963697
0.98106658
0.98616678
0.98903030
0.98987353
0.99161023
0.98935866
0.98459482
0.98434561
0.98108929
0.98036009
0.98327464
0.98972285
0.99150181
0.99283195
0.99350017
0.99380738
0.99263376
0.99008662
0.98968375
0.99084330
0.99119395
0.99130440
0.99074078
0.98932773
0.98636603
0.98412305
0.98223233
0.98135537
0.97955197
0.98095244
0.98170447
0.98190618
0.98309278
0.98430324
0.98512787
0.98549139
0.98662078
0.98610771
0.98475802
0.97995424
0.98087215
0.98285854
0.98221785
0.98330897
0.98211813
0.98673731
0.98680913
0.98738849
0.98781431
0.98709249
0.98533523
0.98946828
0.98868656
0.98710757
0.98824602
0.98603225
0.98333943
0.98606592
0.98860383
0.98988473
0.98885274
0.98654777
0.98633993
0.98714024
0.98787308
0.98967922
0.99032599
0.99047172
0.98722237
0.99008346
0.98557407
0.98712057
0.98842782
0.98920459
0.98868179
0.98645264
0.98406279
0.98646045
0.98891783
0.98901689
0.98696321
0.98893052
0.98809379
0.98907954
0.98763949
0.98572123
0.98050725
0.98365015
0.98844516
0.98835641
0.98953152
0.98976839
0.98947209
0.98873550
0.98949897
0.98540294
0.97941101
0.97683370
0.98611033
0.98390883
0.98759484
0.98507756
0.98754823
0.98655474
0.98627150
0.98560441
0.98588854
0.98316652
0.98394608
0.98759961
0.98962384
0.98965877
0.98867816
0.98725718
0.98822147
0.98605573
0.98669332
0.98642516
0.98698169
0.99017990
