0.99432596
0.99432596
0.99516309
0.99516309
0.99516309
0.99516309
0.99268766
0.99268766
0.99268766
0.99268766
0.99268766
0.99268766
0.99268766
0.99268766
0.99268766
0.99065752
0.99065752
0.99065752
0.99065752
0.99065752
0.99065752
0.99065752
0.99065752
0.99065752
0.99065752
0.99743698
0.99546454
0.99546454
0.99546454
0.99546454
0.99546454
0.99546454
0.99546454
0.99546454
0.99546454
0.99546454
0.99614238
0.99614238
0.99614238
0.99614238
0.99614238
0.99681183
0.99681183
0.99681183
0.99681183
0.99681183
0.99681183
0.99728732
0.99463975
0.99463975
0.99174789
0.99174789
0.99174789
0.99174789
0.99174789
0.99174789
0.99174789
0.99174789
0.99174789
0.99174789
0.99500343
0.99500343
0.99500343
0.99500343
0.99500343
0.99500343
0.99500343
0.98963531
0.98963531
0.98963531
0.98963531
0.98963531
0.98963531
0.98963531
0.98963531
0.98963531
0.98963531
0.99496543
0.99496543
0.99496543
0.99496543
0.99496543
0.99496543
0.99496543
0.99778562
0.99778562
0.99678176
0.99678176
0.99678176
0.99563395
0.99563395
0.99563395
0.99563395
0.99563395
0.99563395
0.99563395
0.99563395
0.99563395
0.99563395
0.99591233
0.99537937
0.99537937
0.99537937
0.99537937
0.99537937
0.99537937
0.99020557
0.99020557
0.99020557
0.99020557
0.99020557
0.99020557
0.99020557
0.99020557
0.99020557
0.99020557
0.99351139
0.99351139
0.99351139
0.99351139
0.99351139
0.99351139
0.99351139
0.99448209
0.99448209
0.99448209
0.99448209
0.99448209
0.99448209
0.99448209
0.99448209
0.99448209
0.99590143
0.99503019
0.99503019
0.99503019
0.99503019
0.99503019
0.99503019
0.99503019
0.99503019
0.99503019
0.99503019
0.99511434
0.99511434
0.99511434
0.99670785
0.99670785
0.99670785
0.99670785
0.99670785
0.99670785
0.99670785
0.99670785
0.99670785
0.99670785
0.99722289
0.99754760
0.99754760
0.99093915
0.99093915
0.99093915
0.99093915
0.99093915
0.99093915
0.99093915
0.99093915
0.99093915
0.99093915
0.99482332
0.99482332
0.99482332
0.99482332
0.99572989
0.99572989
0.99572989
0.99572989
0.99572989
0.99572989
0.99572989
0.99572989
0.99572989
0.99572989
0.99598772
0.99598772
0.99738928
0.99626977
0.99626977
0.99626977
0.99626977
0.99626977
0.99626977
0.99626977
0.99626977
0.99626977
0.99626977
0.99663358
0.99663358
0.99663358
0.99553316
0.99553316
0.99553316
0.99553316
0.99553316
0.99553316
0.99553316
0.99553316
0.99390033
0.99390033
0.99390033
0.99390033
0.99390033
0.99390033
0.99390033
0.99390033
0.99390033
0.99199983
0.99199983
0.99199983
0.99199983
0.99199983
0.99199983
0.99199983
0.99199983
0.99199983
0.99199983
0.99376885
0.99376885
0.99376885
0.99376885
0.99376885
0.99601772
0.99601772
0.99601772
0.99601772
0.99601772
0.99601772
0.99616626
0.99621931
0.99504525
0.99504525
0.99504525
0.99005841
0.99005841
0.99005841
0.99005841
0.99005841
0.99005841
0.99005841
0.99005841
0.99005841
0.99005841
0.99452668
0.99452668
0.99452668
0.99452668
0.99693301
0.99186100
0.99186100
0.99186100
0.99186100
0.99186100
0.99186100
0.99186100
0.99186100
0.99186100
0.99186100
0.99494159
0.99494159
0.99494159
0.99494159
0.99494159
0.99708634
0.99708634
0.99678421
0.99610241
0.99610241
0.99610241
0.99610241
0.99153907
0.99153907
0.99153907
0.99153907
0.99153907
0.99122157
0.99122157
0.99122157
0.99122157
0.99122157
0.99122157
0.99122157
0.99122157
0.99122157
0.99122157
0.99299471
0.99299471
0.99299471
0.99693677
0.99693677
0.99693677
0.99693677
0.99693677
0.99693677
0.99265960
0.99265960
0.99265960
0.99265960
0.99265960
0.99168127
0.99168127
0.99168127
0.99168127
0.99168127
0.99168127
0.99168127
0.99168127
0.99168127
0.99168127
0.99536087
0.99536087
0.99471701
0.99471701
0.99471701
0.99471701
0.99471701
0.99471701
0.99471701
0.99471701
0.99471701
0.99471701
0.99476424
0.99476424
0.99476424
0.99534114
0.99534114
0.99534114
0.99534114
0.99265146
0.99265146
0.99265146
0.99265146
0.99265146
0.99265146
0.99265146
0.99265146
0.99265146
0.99265146
0.99745389
0.99745389
0.99745389
0.99745389
0.99775112
0.99775112
0.99775112
0.99775112
0.99775112
0.99775112
0.99694441
0.98902860
0.98902860
0.98902860
0.98902860
0.98902860
0.98902860
0.98902860
0.98902860
0.98902860
0.98902860
0.99507970
0.99507970
0.99507970
0.99507970
0.99507970
0.99507970
0.99507970
0.98736754
0.98736754
0.98736754
0.98736754
0.98736754
0.98736754
0.98736754
0.98736754
0.98736754
0.98736754
0.99623980
0.99439544
0.99439544
0.99439544
0.99379945
0.99298843
0.99298843
0.99298843
0.99298843
0.99298843
0.99298843
0.99298843
0.99298843
0.99298843
0.99298843
0.99570058
0.99570058
0.99570058
0.99570058
0.99570058
0.99577354
0.99577354
0.99577354
0.99577354
0.99120253
0.99120253
0.99120253
0.99120253
0.99120253
0.99120253
0.99120253
0.99120253
0.99120253
0.99120253
0.99271601
0.99271601
0.99271601
0.99271601
0.99271601
0.99271601
0.99271601
0.99271601
0.99271601
0.99271601
0.99444852
0.99444852
0.99444852
0.99444852
0.99258355
0.99258355
0.99258355
0.99258355
0.99258355
0.99258355
0.99258355
0.99258355
0.99258355
0.99258355
0.99492792
0.99492792
0.99492792
0.99492792
0.99492792
0.99492792
0.99503560
0.99503560
0.99503560
0.99576829
0.99576829
0.99576829
0.99576829
0.99576829
0.99576829
0.99576829
0.99576829
0.99576829
0.99585655
0.99585655
0.99585655
0.99591394
0.99591394
0.99613028
0.99670646
0.99739663
0.99739663
0.99739663
0.99739663
0.99739663
0.99716480
0.99716480
0.99716480
0.99716480
0.99716480
0.99716480
0.99714052
0.99513817
0.99513817
0.99513817
0.99513817
0.99513817
0.99513817
0.99387020
0.99387020
0.99387020
0.99387020
0.99387020
0.99387020
0.99387020
0.99387020
0.99387020
0.99387020
0.99672422
0.99691027
0.99694743
0.99694743
0.99694743
0.99524493
0.99524493
0.99524493
0.99281187
0.99281187
0.99281187
0.99281187
0.99281187
0.99281187
0.99281187
0.99281187
0.99281187
0.99281187
0.99582532
0.99582532
0.99582532
0.99582532
0.99582532
0.99582532
0.99582532
0.99582532
0.99575207
0.99575207
0.99575207
0.99575207
0.99575207
0.99575207
0.99575207
0.99575207
0.99575207
0.99575207
0.99578333
0.99578333
0.99578333
0.99578333
0.99578333
0.99578333
0.99282051
0.99282051
0.99282051
0.99282051
0.99282051
0.99282051
0.99282051
0.99282051
0.99282051
0.99282051
0.99670755
0.99670755
0.99670755
0.99670755
0.99670755
0.99670755
0.99746696
0.99746696
0.99743837
0.99743837
0.99743837
0.99743837
0.99743837
0.99743837
0.99743837
0.99551874
0.99551874
0.99551874
0.99551874
0.99551874
0.99551874
0.99551874
0.99551874
0.99551874
0.99551874
0.99779340
0.99779340
0.99779340
0.99493242
0.99493242
0.99493242
0.99493242
0.99327255
0.99327255
0.99327255
0.99327255
0.99327255
0.99327255
0.99327255
0.99327255
0.99327255
0.99266001
0.99266001
0.99266001
0.99266001
0.99266001
0.99266001
0.99266001
0.99266001
0.99266001
0.99266001
0.99437245
0.99437245
0.99437245
0.99437245
0.99437245
0.99257654
0.99257654
0.99257654
0.99257654
0.99257654
0.99257654
0.99257654
0.99257654
0.99257654
0.99257654
0.99359874
0.99359874
0.99359874
0.99579492
0.99579492
0.99343572
0.99343572
0.99343572
0.99343572
0.99343572
0.99343572
0.99343572
0.99343572
0.99343572
0.99343572
0.99388317
0.99388317
0.99478797
0.99478797
0.99478797
0.99478797
0.99478797
0.99478797
0.99478797
0.99518438
0.99289105
0.99289105
0.99289105
0.99289105
0.99289105
0.99289105
0.99289105
0.99289105
0.99289105
0.99289105
0.99336663
0.99336663
0.99336663
0.99336663
0.99336663
0.99336663
0.99249508
0.99249508
0.99249508
0.99249508
0.99249508
0.99249508
0.99204446
0.99204446
0.99204446
0.99204446
0.99204446
0.99204446
0.99204446
0.99204446
0.99204446
0.99204446
0.99474814
0.99474814
0.99474814
0.99474814
0.99474814
0.99474814
0.99474814
0.99474814
0.99508418
0.99508418
0.99508418
0.99508418
0.99508418
0.99508418
0.99508418
0.99508418
0.99228700
0.99228700
0.99228700
0.99228700
0.99228700
0.99228700
0.99228700
0.99228700
0.99228700
0.99228700
0.99234916
0.99234916
0.99234916
0.99234916
0.99234916
0.99234916
0.99234916
0.99234916
0.99643614
0.99643614
0.99643614
0.99728057
0.99611493
0.99611493
0.99611493
0.99611493
0.99611493
0.99611493
0.99056491
0.99056491
0.99056491
0.99056491
0.99056491
0.99056491
0.99056491
0.99056491
0.99056491
0.99056491
0.99320455
0.99320455
0.99320455
0.99437886
0.99437886
0.99551421
0.99551421
0.99062996
0.99062996
0.99062996
0.98614591
0.98614591
0.98614591
0.98614591
0.98614591
0.98614591
0.98614591
0.98470934
0.98024694
0.98024694
0.98024694
0.98024694
0.98024694
0.98024694
0.98024694
0.98024694
0.98024694
0.98024694
0.99063578
0.99063578
0.98435888
0.98435888
0.98435888
0.98435888
0.98435888
0.98435888
0.98435888
0.98435888
0.98435888
0.98435888
0.98693836
0.98539649
0.98539649
0.97992508
0.91171802
0.91171802
0.91171802
0.91171802
0.91171802
0.91171802
0.91171802
0.91171802
0.91171802
0.91171802
0.94580769
0.94580769
0.94580769
0.94580769
0.94580769
0.91646392
0.91646392
0.91646392
0.91646392
0.91646392
0.91646392
0.91646392
0.91646392
0.91646392
0.91646392
0.95012054
0.95012054
0.95012054
0.95012054
0.95012054
0.92116301
0.92116301
0.92116301
0.92116301
0.74799415
0.74799415
0.74799415
0.74799415
0.74799415
0.74799415
0.74799415
0.74799415
0.74799415
0.74799415
0.84804372
0.84804372
0.84804372
0.84804372
0.84804372
0.84804372
0.84804372
0.80506120
0.80506120
0.80506120
0.78233718
0.78233718
0.78233718
0.75433907
0.75433907
0.75433907
0.75433907
0.75433907
0.75433907
0.75433907
0.75433907
0.75433907
0.75433907
0.81264716
0.69918179
0.69918179
0.69918179
0.69918179
0.69918179
0.69918179
0.69918179
0.60785670
0.60785670
0.60785670
0.60785670
0.60785670
0.60785670
0.60785670
0.60785670
0.60785670
0.60785670
0.73925986
0.78293043
0.78293043
0.78293043
0.78293043
0.78293043
0.78293043
0.65161165
0.55275678
0.55275678
0.55275678
0.55275678
0.55275678
0.55275678
0.55275678
0.55275678
0.55275678
0.49880169
0.49880169
0.49880169
0.49880169
0.49880169
0.49880169
0.44171405
0.44171405
0.44171405
0.44171405
0.44171405
0.44171405
0.44171405
0.44171405
0.44171405
0.44171405
0.45401416
0.45401416
0.45401416
0.45401416
0.29681486
0.29681486
0.29681486
0.29681486
0.29681486
0.29681486
0.29681486
0.29681486
0.29681486
0.29681486
0.46632924
0.49517384
0.49517384
0.34317768
0.34317768
0.34317768
0.34317768
0.34317768
0.34317768
0.34317768
0.34317768
0.34317768
0.34317768
0.35245532
0.35245532
0.35245532
0.35245532
0.35245532
0.35245532
0.35245532
0.35245532
0.55123978
0.56965510
0.56544681
0.56544681
0.56544681
0.56544681
0.56544681
0.56544681
0.56544681
0.56544681
0.56544681
0.56544681
0.61081679
0.61081679
0.71475257
0.71475257
0.41873919
0.41873919
0.41873919
0.41873919
0.41873919
0.41873919
0.41873919
0.41873919
0.41873919
0.41873919
0.51117855
0.51117855
0.51117855
0.51117855
0.51117855
0.41380338
0.41380338
0.41380338
0.41380338
0.41380338
0.41380338
0.41380338
0.41380338
0.41380338
0.41380338
0.49869068
0.49869068
0.49869068
0.49869068
0.49869068
0.49869068
0.49869068
0.54375131
0.43994163
0.43994163
0.43994163
0.43994163
0.43994163
0.43994163
0.43994163
0.43994163
0.34998212
0.34998212
0.34998212
0.34998212
0.34998212
0.34998212
0.34998212
0.34998212
0.34998212
0.34998212
0.35811681
0.35811681
0.35811681
0.36502378
0.36502378
0.36502378
0.36502378
0.36502378
0.36502378
0.36502378
0.36502378
0.36502378
0.54451090
0.32074591
0.32074591
0.32074591
0.32074591
0.32074591
0.32074591
0.32074591
0.32074591
0.32074591
0.32074591
0.57753842
0.57753842
0.57753842
0.72204337
0.80901532
0.81888015
0.81888015
0.81888015
0.80076057
0.63107412
0.63107412
0.47331814
0.47331814
0.47331814
0.47331814
0.47331814
0.47331814
0.47331814
0.47331814
0.47331814
0.47331814
0.47960973
0.47960973
0.47960973
0.47960973
0.60943373
0.60943373
0.60943373
0.60943373
0.60943373
0.60943373
0.60943373
0.48810534
0.48810534
0.48810534
0.48810534
0.48810534
0.48810534
0.48810534
0.48810534
0.48810534
0.48810534
0.53578240
0.53578240
0.66971496
0.54008511
0.37532144
0.37532144
0.37532144
0.37532144
0.37532144
0.37532144
0.36855284
0.36855284
0.36855284
0.36855284
0.36855284
0.36855284
0.36855284
0.36855284
0.36855284
0.36855284
0.54562004
0.54562004
0.54562004
0.51903137
0.51903137
0.51903137
0.51903137
0.51903137
0.51903137
0.51903137
0.51903137
0.51903137
0.51903137
0.74677026
0.51066354
0.51066354
0.51066354
0.51066354
0.51066354
0.51066354
0.51066354
0.51066354
0.51066354
0.51066354
0.66411513
0.66411513
0.53694491
0.53694491
0.53694491
0.51696233
0.51696233
0.51696233
0.51696233
0.51696233
0.51696233
0.51696233
0.51696233
0.51696233
0.51696233
0.54877258
0.54877258
0.44374664
0.44374664
0.44374664
0.44374664
0.44374664
0.44374664
0.44374664
0.44374664
0.44374664
0.44374664
0.53611478
0.53611478
0.53611478
0.53611478
0.53611478
0.53611478
0.53611478
0.58577370
0.58577370
0.31654873
0.31654873
0.31654873
0.31654873
0.31654873
0.31654873
0.31654873
0.31654873
0.31654873
0.31654873
0.48757208
0.48757208
0.48757208
0.48757208
0.48757208
0.64394394
0.64394394
0.64394394
0.64394394
0.58866324
0.58866324
0.58866324
0.58866324
0.58866324
0.58866324
0.58866324
0.36978460
0.36978460
0.36978460
0.36978460
0.36978460
0.36978460
0.36978460
0.36978460
0.36978460
0.36978460
0.58994982
0.58994982
0.58994982
0.58994982
0.58994982
0.58994982
0.61252943
0.61252943
0.61252943
0.66298591
0.66298591
0.66298591
0.66298591
0.66298591
0.48129226
0.48129226
0.48129226
0.45652797
0.45652797
0.45652797
0.29647168
0.29647168
0.29647168
0.29647168
0.29647168
0.29647168
0.29647168
0.29647168
0.29647168
0.29647168
0.34262780
0.42328641
0.37069385
0.37069385
0.37069385
0.37069385
0.31007043
0.31007043
0.31007043
0.31007043
0.31007043
0.31007043
0.31007043
0.30017165
0.30017165
0.30017165
0.30017165
0.30017165
0.30017165
0.30017165
0.30017165
0.30017165
0.30017165
0.37250612
0.37250612
0.37250612
0.44499685
0.44499685
0.44499685
0.48128962
0.48128962
0.48128962
0.48128962
0.50826943
0.50826943
0.50826943
0.50826943
0.50826943
0.50826943
0.50826943
0.38895140
0.36816482
0.36816482
0.36816482
0.36816482
0.36816482
0.36816482
0.36816482
0.36816482
0.36816482
0.36816482
0.36834299
0.36834299
0.36834299
0.41508219
0.41508219
0.41508219
0.52743055
0.52743055
0.52743055
0.52743055
0.52743055
0.52743055
0.50652267
0.50652267
0.50652267
0.43049814
0.27086137
0.27086137
0.27086137
0.27086137
0.27086137
0.27086137
0.27086137
0.27086137
0.27086137
0.27086137
0.39188028
0.39188028
0.39188028
0.39188028
0.39188028
0.39188028
0.55110296
0.57704535
0.57704535
0.57704535
0.57704535
0.57704535
0.57704535
0.57704535
0.64212795
0.62051247
0.31915899
0.31915899
0.31915899
0.31733034
0.31733034
0.31733034
0.31733034
0.31733034
0.31733034
0.31733034
0.31733034
0.31733034
0.31733034
0.32231605
0.32231605
0.32231605
0.32231605
0.32231605
0.32231605
0.32231605
0.57273273
0.47254642
0.47254642
0.47254642
0.47254642
0.28756909
0.28756909
0.28756909
0.28756909
0.28756909
0.28756909
0.28756909
0.28756909
0.28756909
0.28756909
0.43095227
0.43095227
0.43095227
0.35500742
0.35500742
0.35500742
0.35500742
0.35500742
0.19508273
0.19508273
0.19508273
0.19508273
0.19508273
0.19508273
0.19508273
0.19508273
0.19508273
0.19508273
0.47613627
0.24116120
0.24116120
0.24116120
0.24116120
0.24116120
0.24116120
0.24116120
0.24116120
0.24116120
0.24116120
0.56530737
0.56530737
0.56530737
0.44674988
0.44674988
0.44674988
0.44674988
0.44674988
0.44674988
0.44674988
0.44674988
0.44674988
0.44674988
0.50907491
0.50907491
0.50907491
0.50907491
0.50907491
0.50907491
0.53052930
0.53052930
0.53052930
0.53052930
0.53052930
0.36811057
0.36811057
0.36811057
0.36811057
0.36811057
0.36811057
0.36811057
0.36811057
0.31906746
0.31906746
0.31906746
0.31906746
0.27384872
0.27384872
0.27384872
0.14696205
0.14696205
0.14696205
0.14696205
0.14696205
0.14696205
0.14696205
0.14696205
0.14696205
0.14696205
0.38359891
0.07610045
0.07610045
0.07610045
0.07610045
0.07610045
0.07610045
0.07610045
0.07610045
0.07610045
0.07610045
0.42927759
0.42927759
0.35539957
0.35539957
0.35539957
0.35539957
0.35539957
0.35539957
0.35539957
0.35539957
0.35539957
0.35539957
0.38139835
0.38139835
0.38139835
0.38139835
0.38139835
0.38139835
0.38139835
0.38139835
0.41959308
0.41959308
0.41959308
0.30636815
0.30636815
0.30636815
0.30636815
0.30636815
0.30636815
0.30636815
0.30636815
0.30636815
0.30636815
0.44421519
0.44421519
0.45463057
0.45463057
0.46441952
0.49573979
0.49573979
0.58622353
0.58648196
0.58648196
0.58648196
0.47141497
0.47141497
0.47141497
0.47141497
0.47141497
0.47141497
0.47141497
0.47141497
0.47141497
0.47141497
0.47693535
0.37530086
0.37530086
0.37530086
0.37530086
0.37530086
0.37530086
0.37530086
0.37530086
0.37530086
0.37530086
0.42283955
0.50959342
0.50959342
0.50959342
0.50959342
0.50959342
0.50959342
0.37822940
0.37822940
0.37822940
0.37822940
0.37822940
0.37822940
0.37822940
0.37822940
0.37822940
0.37822940
0.54293962
0.63128659
0.56090116
0.54352407
0.54352407
0.54352407
0.54352407
0.54352407
0.54352407
0.54352407
0.54352407
0.54352407
0.54352407
0.55819983
0.55819983
0.42425758
0.42425758
0.42425758
0.42425758
0.42425758
0.42425758
0.42425758
0.42425758
0.42425758
0.42425758
0.61863428
0.61863428
0.64819272
0.64819272
0.64819272
0.64151397
0.64151397
0.64151397
0.64151397
0.64151397
0.64151397
0.64151397
0.64151397
0.64151397
0.59685918
0.59685918
0.59685918
0.59685918
0.59685918
0.59685918
0.59685918
0.59685918
0.59685918
0.59685918
0.71594493
0.71594493
0.71594493
0.71594493
0.71594493
0.71594493
0.77905344
0.77905344
0.77905344
0.66848071
0.66848071
0.66848071
0.66848071
0.66848071
0.66848071
0.66848071
0.66848071
0.66848071
0.66848071
0.67097633
0.67097633
0.67097633
0.67097633
0.78097316
0.78097316
0.78097316
0.78097316
0.84562274
0.84562274
0.84562274
0.84562274
0.87287886
0.87287886
0.87287886
0.87287886
0.87287886
0.87287886
0.89943423
0.89943423
0.89943423
0.89943423
0.89943423
0.89943423
0.89943423
0.89943423
0.89943423
0.89943423
0.91537867
0.91537867
0.91537867
0.91537867
0.91537867
0.91537867
0.93014846
0.88487939
0.88487939
0.84934295
0.84934295
0.84934295
0.84934295
0.84934295
0.84934295
0.84934295
0.84934295
0.84934295
0.84934295
0.92333480
0.92333480
0.92333480
0.92333480
0.92333480
0.95496384
0.95496384
0.95496384
0.95496384
0.95496384
0.95496384
0.94420567
0.94420567
0.94420567
0.94420567
0.94420567
0.94420567
0.94420567
0.94420567
0.94420567
0.94420567
0.95934392
0.95934392
0.95934392
0.97435589
0.97435589
0.97435589
0.97359587
0.97359587
0.97359587
0.95751358
0.95751358
0.95751358
0.95751358
0.95751358
0.95751358
0.95751358
0.95751358
0.95751358
0.95751358
0.98341557
0.98341557
0.98341557
0.97746936
0.97746936
0.97746936
0.97746936
0.97746936
0.97746936
0.97746936
0.97746936
0.97746936
0.97746936
0.98324378
0.98324378
0.98324378
0.98324378
0.98324378
0.98324378
0.98324378
0.98324378
0.98843763
0.98843763
0.98364567
0.98364567
0.98364567
0.98237674
0.98237674
0.98237674
0.98237674
0.98237674
0.98237674
0.98237674
0.98237674
0.98237674
0.98237674
0.99470751
0.99246441
0.99246441
0.98983682
0.98012600
0.98012600
0.98012600
0.98012600
0.98012600
0.98012600
0.98012600
0.98012600
0.98012600
0.98012600
0.97105230
0.97105230
0.97105230
0.97105230
0.97105230
0.97105230
0.97105230
0.97105230
0.97105230
0.97105230
0.98493568
0.98493568
0.98493568
0.98493568
0.99380864
0.99380864
0.99380864
0.99380864
0.99165843
0.98714754
0.98714754
0.98714754
0.98714754
0.98714754
0.98714754
0.98714754
0.98714754
0.98714754
0.98714754
0.99005207
0.99005207
0.99005207
0.99005207
0.99005207
0.99005207
0.99005207
0.99005207
0.99005207
0.99005207
0.98838810
0.98838810
0.98838810
0.98838810
0.98838810
0.98838810
0.98838810
0.98838810
0.98838810
0.98838810
0.99044852
0.99044852
0.97877380
0.97877380
0.97877380
0.97877380
0.97877380
0.97877380
0.97877380
0.97877380
0.97877380
0.97877380
0.99103491
0.99103491
0.99103491
0.99103491
0.99103491
0.99385271
0.99385271
0.99385271
0.99267612
0.99175189
0.98964933
0.98964933
0.98964933
0.98964933
0.98964933
0.98558530
0.98558530
0.98558530
0.98558530
0.98558530
0.98558530
0.98558530
0.98558530
0.98558530
0.98558530
0.98779000
0.98779000
0.98779000
0.98889163
0.98889163
0.98889163
0.98889163
0.98889163
0.98889163
0.98889163
0.98889163
0.98889163
0.98934544
0.98934544
0.98934544
0.98934544
0.98934544
0.98934544
0.98934544
0.98934544
0.98934544
0.98947839
0.98947839
0.98947839
0.98947839
0.98947839
0.98947839
0.98947839
0.98947839
0.98947839
0.98947839
0.99256207
0.99256207
0.99256207
0.99265372
0.99265372
0.99265372
0.99265372
0.99265372
0.99345380
0.99345380
0.99345380
0.99345380
0.99345380
0.99345380
0.99047025
0.99047025
0.99047025
0.99047025
0.99047025
0.99047025
0.99047025
0.98986325
0.98986325
0.98986325
0.98986325
0.98986325
0.98986325
0.98986325
0.98986325
0.98986325
0.98986325
0.99044792
0.99044792
0.99044792
0.99044792
0.99044792
0.99175352
0.99175352
0.99175352
0.99175352
0.98269537
0.98269537
0.98269537
0.98269537
0.98269537
0.98269537
0.98269537
0.98269537
0.98269537
0.98269537
0.98949144
0.98949144
0.98949144
0.98949144
0.98949144
0.98949144
0.98949144
0.99333460
0.99266316
0.99266316
0.99266316
0.99266316
0.99266316
0.99266316
0.99266316
0.99266316
0.98951338
0.98951338
0.98951338
0.98951338
0.98951338
0.98951338
0.98951338
0.98951338
0.98951338
0.98951338
0.99365514
0.99548004
0.99548004
0.98500041
0.98500041
0.98500041
0.98500041
0.98500041
0.98500041
0.98500041
0.98500041
0.98500041
0.98500041
0.98859410
0.98859410
0.98859410
0.98859410
0.98093899
0.98093899
0.98093899
0.98093899
0.98093899
0.98093899
0.98093899
0.98093899
0.98093899
0.98093899
0.99530887
0.99031243
0.99031243
0.98558170
0.98558170
0.98558170
0.98558170
0.98558170
0.98558170
0.98558170
0.98558170
0.98558170
0.98558170
0.98923782
0.97735343
0.97735343
0.97735343
0.97735343
0.97735343
0.97735343
0.97735343
0.97735343
0.97735343
0.97735343
0.98075453
0.98075453
0.98075453
0.98075453
0.98075453
0.97782654
0.97782654
0.97782654
0.97782654
0.97782654
0.97511833
0.97511833
0.97184555
0.95843855
0.95843855
0.95843855
0.94470458
0.94470458
0.94470458
0.94470458
0.94470458
0.94470458
0.94470458
0.94470458
0.94470458
0.94470458
0.96398515
0.95569187
0.95569187
0.95569187
0.95497333
0.95497333
0.95497333
0.95497333
0.93680405
0.93680405
0.84306860
0.84306860
0.84306860
0.84306860
0.84306860
0.84306860
0.84306860
0.84306860
0.84306860
0.84306860
0.91255683
0.94754720
0.94754720
0.92798589
0.92798589
0.92798589
0.92798589
0.92772727
0.92772727
0.92772727
0.90169738
0.90169738
0.84542482
0.84542482
0.84542482
0.84542482
0.84542482
0.81927873
0.81927873
0.81927873
0.81927873
0.81927873
0.81927873
0.81927873
0.81927873
0.81927873
0.81927873
0.87968772
0.87968772
0.87968772
0.87968772
0.87968772
0.87968772
0.88706543
0.88706543
0.86981333
0.86981333
0.86981333
0.86981333
0.86981333
0.86981333
0.86981333
0.86981333
0.86981333
0.71202481
0.71202481
0.71202481
0.71202481
0.71202481
0.71202481
0.71202481
0.71202481
0.71202481
0.71202481
0.86167026
0.86167026
0.86167026
0.74707370
0.74707370
0.74707370
0.74707370
0.74707370
0.74707370
0.74707370
0.74707370
0.74707370
0.74707370
0.74870380
0.74870380
0.74870380
0.61791947
0.61791947
0.61791947
0.61791947
0.61791947
0.53816720
0.53816720
0.53816720
0.53816720
0.53816720
0.53816720
0.53816720
0.53816720
0.53816720
0.53816720
0.72161109
0.72161109
0.72161109
0.72161109
0.72161109
0.72161109
0.72161109
0.72161109
0.72430143
0.45611296
0.45611296
0.45611296
0.45611296
0.45611296
0.44525938
0.44525938
0.44525938
0.44525938
0.44525938
0.44525938
0.44525938
0.44525938
0.44525938
0.18677544
0.18677544
0.18677544
0.18677544
0.18677544
0.18677544
0.18677544
0.18677544
0.18677544
0.18677544
0.43088553
0.43088553
0.43088553
0.43088553
0.43088553
0.43088553
0.44637152
0.44637152
0.44637152
0.44637152
0.44637152
0.44637152
0.65808689
0.41120808
0.41120808
0.41120808
0.34275435
0.34275435
0.34275435
0.34275435
0.34275435
0.34275435
0.33251815
0.33251815
0.33251815
0.33251815
0.33251815
0.33251815
0.33251815
0.33251815
0.10666836
0.10666836
0.10666836
0.10666836
0.10666836
0.10666836
0.10666836
0.10666836
0.10666836
0.10666836
0.20790975
0.20790975
0.20790975
0.20790975
0.24347658
0.24347658
0.24347658
0.08060652
0.08060652
0.08060652
0.08060652
0.08060652
0.08060652
0.08060652
0.08060652
0.08060652
0.08060652
0.24842979
0.24842979
0.24842979
0.32014186
0.32014186
0.32014186
0.32014186
0.32014186
0.28940954
0.28940954
0.12426643
0.12426643
0.12426643
0.12426643
0.12426643
0.12426643
0.11766337
0.11766337
0.11766337
0.07403265
0.07403265
0.07403265
0.06540158
0.06540158
0.06540158
0.06540158
0.06540158
0.06540158
0.06540158
0.06540158
0.02764227
0.02764227
0.02764227
0.02764227
0.02764227
0.02764227
0.02764227
0.02764227
0.02764227
0.02764227
0.12047334
0.12047334
0.12047334
0.12047334
0.12047334
0.12047334
0.12047334
0.12047334
0.12047334
0.16734905
0.14401946
0.14401946
0.14401946
0.09128664
0.09128664
0.09128664
0.01749649
0.01749649
0.01749649
0.01749649
0.01749649
0.01749649
0.01749649
0.01749649
0.01749649
0.01749649
0.07445803
0.07445803
0.07445803
0.13610373
0.19445846
0.14349157
0.14349157
0.14349157
0.14349157
0.14305832
0.02591725
0.02591725
0.02591725
0.02591725
0.02591725
0.02591725
0.02591725
0.02591725
0.02591725
0.02591725
0.08855312
0.11855425
0.11855425
0.11855425
0.21753761
0.21753761
0.21753761
0.21753761
0.21753761
0.21753761
0.21753761
0.23533407
0.28988192
0.28988192
0.01972594
0.01972594
0.01972594
0.01972594
0.01972594
0.01183051
0.01183051
0.01183051
0.01183051
0.01183051
0.01183051
0.01183051
0.01183051
0.01183051
0.01183051
0.05638247
0.03807550
0.03807550
0.03807550
0.03807550
0.03807550
0.03807550
0.03807550
0.03807550
0.03807550
0.03807550
0.27396920
0.27396920
0.00463470
0.00463470
0.00463470
0.00463470
0.00463470
0.00463470
0.00463470
0.00463470
0.00463470
0.00463470
0.05201590
0.05201590
0.05201590
0.05201590
0.05201590
0.05201590
0.05201590
0.05201590
0.05201590
0.05201590
0.11221209
0.11221209
0.11221209
0.11221209
0.11221209
0.11221209
0.15570635
0.15570635
0.15570635
0.15570635
0.15570635
0.15570635
0.15570635
0.06677539
0.06677539
0.06677539
0.06677539
0.06677539
0.01703897
0.01703897
0.01703897
0.01703897
0.01703897
0.01703897
0.01703897
0.01703897
0.01703897
0.01703897
0.14155491
0.16086587
0.16086587
0.16086587
0.17246884
0.17246884
0.17246884
0.17246884
0.42892534
0.42892534
0.42892534
0.42892534
0.18143198
0.09511746
0.09511746
0.09511746
0.09511746
0.09511746
0.09511746
0.09511746
0.09511746
0.09511746
0.09511746
0.28741155
0.13013476
0.13013476
0.13013476
0.11752060
0.11752060
0.11752060
0.11752060
0.11752060
0.11752060
0.11752060
0.11752060
0.11752060
0.11752060
0.15222720
0.15222720
0.15222720
0.27027875
0.27027875
0.27027875
0.27027875
0.27594071
0.27594071
0.27594071
0.27594071
0.27594071
0.27594071
0.25757898
0.13733846
0.13733846
0.13733846
0.13733846
0.13733846
0.13733846
0.13733846
0.13733846
0.13733846
0.13733846
0.16243554
0.16243554
0.16243554
0.16243554
0.16863542
0.16863542
0.36940828
0.36940828
0.36940828
0.36940828
0.36940828
0.36940828
0.36940828
0.36940828
0.36940828
0.43424220
0.43424220
0.43424220
0.43424220
0.43424220
0.18416051
0.18416051
0.18416051
0.18416051
0.18416051
0.17230876
0.14245229
0.14245229
0.14245229
0.14245229
0.14245229
0.14245229
0.14245229
0.14245229
0.14245229
0.14245229
0.34165887
0.34165887
0.34165887
0.34165887
0.34165887
0.34165887
0.34165887
0.34165887
0.34165887
0.36897799
0.36897799
0.36897799
0.39980311
0.39980311
0.39980311
0.09484179
0.09484179
0.09484179
0.09484179
0.09484179
0.09484179
0.09484179
0.09484179
0.09484179
0.09484179
0.23230134
0.23230134
0.44474467
0.44474467
0.44474467
0.38320913
0.38320913
0.38320913
0.08072256
0.08072256
0.08072256
0.08072256
0.08072256
0.08072256
0.08072256
0.08072256
0.08072256
0.08072256
0.23451095
0.23451095
0.21664572
0.21664572
0.21664572
0.21664572
0.21664572
0.21664572
0.21664572
0.21664572
0.21664572
0.21664572
0.33870118
0.33870118
0.49825732
0.41715801
0.13952928
0.13952928
0.13952928
0.13952928
0.13952928
0.13952928
0.13234276
0.13234276
0.13234276
0.13234276
0.13234276
0.13234276
0.13234276
0.10464412
0.10464412
0.10464412
0.10464412
0.10464412
0.10464412
0.10464412
0.10464412
0.10464412
0.10464412
0.11721525
0.05813727
0.05813727
0.05813727
0.05813727
0.05813727
0.05813727
0.05813727
0.05813727
0.03552094
0.03552094
0.03552094
0.03552094
0.03552094
0.03552094
0.03552094
0.03552094
0.03552094
0.03552094
0.33776554
0.11055640
0.11055640
0.11055640
0.11055640
0.11055640
0.11055640
0.11055640
0.11055640
0.11055640
0.11055640
0.16006214
0.16006214
0.16006214
0.17695491
0.17695491
0.17695491
0.17695491
0.17695491
0.17695491
0.17695491
0.31180830
0.31180830
0.21795665
0.21795665
0.21795665
0.05036019
0.05036019
0.05036019
0.05036019
0.05036019
0.05036019
0.05036019
0.05036019
0.05036019
0.05036019
0.37649022
0.07064751
0.03795779
0.03795779
0.03795779
0.03795779
0.03795779
0.03795779
0.03795779
0.03795779
0.03795779
0.03795779
0.09150153
0.09150153
0.28191070
0.28191070
0.28191070
0.28191070
0.22601769
0.22601769
0.22601769
0.22601769
0.13150666
0.13150666
0.13150666
0.13150666
0.13150666
0.13150666
0.13150666
0.06897045
0.06897045
0.06897045
0.06897045
0.06897045
0.06897045
0.06897045
0.06897045
0.06897045
0.06897045
0.11556639
0.21599547
0.05239214
0.05239214
0.05239214
0.05239214
0.05239214
0.05239214
0.05239214
0.05239214
0.05239214
0.05239214
0.11459885
0.11459885
0.11459885
0.11459885
0.11459885
0.11459885
0.11459885
0.11459885
0.11459885
0.11459885
0.28830823
0.09187301
0.09187301
0.09187301
0.09187301
0.09187301
0.09187301
0.09187301
0.09187301
0.09187301
0.09187301
0.19047740
0.19047740
0.19047740
0.19047740
0.19047740
0.27090405
0.27090405
0.27090405
0.27953083
0.21474946
0.21474946
0.21474946
0.21474946
0.21474946
0.21474946
0.21474946
0.21474946
0.21474946
0.21474946
0.22583028
0.22583028
0.22583028
0.20676812
0.20676812
0.20676812
0.20676812
0.20676812
0.20676812
0.20676812
0.20676812
0.19909115
0.19909115
0.19909115
0.19909115
0.19909115
0.19909115
0.19909115
0.19909115
0.19909115
0.19909115
0.27022353
0.27022353
0.27022353
0.27022353
0.27022353
0.53042998
0.53042998
0.14180600
0.14180600
0.14180600
0.14180600
0.14180600
0.14180600
0.14180600
0.14180600
0.14180600
0.14180600
0.26268839
0.19102037
0.19102037
0.19102037
0.19102037
0.19102037
0.19102037
0.19102037
0.19102037
0.19102037
0.19102037
0.23763419
0.23763419
0.23763419
0.23763419
0.23763419
0.23763419
0.26619167
0.10608984
0.10608984
0.10608984
0.10608984
0.10608984
0.10608984
0.10608984
0.10608984
0.10608984
0.10608984
0.21946594
0.21946594
0.21946594
0.21946594
0.21946594
0.29942060
0.29942060
0.29942060
0.29942060
0.43064674
0.43064674
0.02078345
0.02078345
0.02078345
0.02078345
0.02078345
0.02078345
0.02078345
0.02078345
0.02078345
0.02078345
0.22822819
0.22822819
0.22822819
0.19381873
0.01142086
0.01142086
0.01142086
0.01142086
0.01142086
0.01142086
0.01142086
0.01142086
0.01142086
0.01142086
0.12012085
0.12012085
0.12012085
0.12012085
0.12012085
0.12012085
0.12012085
0.12012085
0.32250264
0.32250264
0.32250264
0.32250264
0.32250264
0.32250264
0.32250264
0.31239613
0.31239613
0.31239613
0.31239613
0.31239613
0.31239613
0.31239613
0.31239613
0.31239613
0.11573639
0.11573639
0.11573639
0.11573639
0.11573639
0.11573639
0.11573639
0.11573639
0.11573639
0.11573639
0.41279997
0.41279997
0.22135788
0.22135788
0.22135788
0.22135788
0.22135788
0.22135788
0.22135788
0.22135788
0.22135788
0.16646568
0.16646568
0.16646568
0.16646568
0.16646568
0.16646568
0.16646568
0.16646568
0.16646568
0.16646568
0.16946562
0.16946562
0.16946562
0.16946562
0.11941814
0.11941814
0.11941814
0.11941814
0.11941814
0.11941814
0.11941814
0.11941814
0.11941814
0.11941814
0.22443044
0.22443044
0.22443044
0.22443044
0.22443044
0.22443044
0.22443044
0.22443044
0.22443044
0.34329486
0.34329486
0.34329486
0.34329486
0.34329486
0.34329486
0.34329486
0.35093132
0.35093132
0.23943981
0.23943981
0.23943981
0.23943981
0.23943981
0.23943981
0.23943981
0.23943981
0.16488016
0.16488016
0.16488016
0.16488016
0.16488016
0.16488016
0.16488016
0.16488016
0.09855869
0.09855869
0.08647526
0.08647526
0.08647526
0.08647526
0.08647526
0.08647526
0.08647526
0.08647526
0.08647526
0.08647526
0.19146959
0.19146959
0.19146959
0.19146959
0.19146959
0.19146959
0.16897982
0.16897982
0.16897982
0.16897982
0.16897982
0.16897982
0.16897982
0.16897982
0.16897982
0.16897982
0.33138624
0.33138624
0.42597248
0.27304079
0.27304079
0.27304079
0.27304079
0.27304079
0.27304079
0.27304079
0.27304079
0.27304079
0.23069043
0.23069043
0.23069043
0.23069043
0.13953253
0.13953253
0.13953253
0.13953253
0.13953253
0.13953253
0.13953253
0.13953253
0.13953253
0.13953253
0.09283685
0.09283685
0.09283685
0.09283685
0.09283685
0.09283685
0.09283685
0.09283685
0.09283685
0.09283685
0.26317366
0.26317366
0.21593293
0.21593293
0.18929297
0.11542568
0.11542568
0.11542568
0.11542568
0.11542568
0.11542568
0.11542568
0.11542568
0.11542568
0.11542568
0.15251510
0.15251510
0.15251510
0.15251510
0.15251510
0.15251510
0.15821460
0.15821460
0.15821460
0.15821460
0.15821460
0.37042077
0.37042077
0.37042077
0.37042077
0.37042077
0.42239057
0.42239057
0.42239057
0.42653251
0.61165846
0.51560646
0.51560646
0.51560646
0.51560646
0.50204976
0.48638962
0.30549564
0.30549564
0.30549564
0.30549564
0.30549564
0.30549564
0.30549564
0.15743038
0.15743038
0.15743038
0.15743038
0.15743038
0.15743038
0.15743038
0.15743038
0.15743038
0.15743038
0.34648325
0.34648325
0.34648325
0.34648325
0.34648325
0.34648325
0.34648325
0.34648325
0.34648325
0.56975259
0.56975259
0.53153533
0.44067368
0.44067368
0.44067368
0.44067368
0.44067368
0.44067368
0.44067368
0.44067368
0.44067368
0.44067368
0.60390023
0.60390023
0.60390023
0.60390023
0.60390023
0.60390023
0.54800272
0.54800272
0.54800272
0.54800272
0.54800272
0.54800272
0.54800272
0.54800272
0.21540149
0.21540149
0.21540149
0.21540149
0.21540149
0.21540149
0.21540149
0.21540149
0.21540149
0.21540149
0.29426119
0.23160215
0.23160215
0.23160215
0.23160215
0.23160215
0.23160215
0.23160215
0.23160215
0.23160215
0.23160215
0.52282092
0.52282092
0.52282092
0.62667764
0.42401504
0.42401504
0.42401504
0.42401504
0.42401504
0.42401504
0.42401504
0.42401504
0.42401504
0.42401504
0.49598655
0.49598655
0.49598655
0.49598655
0.55930932
0.59001054
0.59001054
0.77047903
0.77047903
0.72014656
0.72014656
0.72014656
0.57999961
0.57999961
0.55656891
0.55656891
0.55656891
0.55656891
0.55656891
0.55656891
0.55656891
0.55656891
0.55656891
0.55656891
0.55736267
0.55736267
0.55736267
0.55736267
0.55736267
0.55736267
0.62203544
0.67927657
0.68445205
0.68445205
0.68445205
0.68445205
0.68445205
0.68445205
0.68445205
0.76105602
0.83500504
0.83500504
0.74571498
0.74571498
0.74571498
0.74571498
0.74571498
0.74571498
0.74571498
0.74571498
0.74571498
0.74571498
0.85342049
0.85342049
0.86397975
0.85781169
0.85781169
0.85781169
0.85781169
0.85781169
0.81487881
0.78749602
0.78749602
0.78749602
0.78749602
0.78749602
0.78749602
0.78749602
0.78749602
0.78749602
0.78749602
0.78891114
0.78891114
0.78891114
0.78891114
0.87866360
0.87573055
0.87573055
0.87573055
0.87573055
0.87573055
0.87573055
0.87573055
0.87573055
0.87573055
0.87573055
0.87750099
0.87750099
0.87750099
0.87750099
0.87750099
0.87750099
0.91216738
0.91216738
0.91216738
0.91216738
0.91216738
0.91216738
0.92244704
0.92244704
0.92244704
0.92244704
0.92244704
0.92244704
0.92244704
0.93397596
0.93397596
0.93397596
0.93397596
0.93397596
0.93397596
0.92666058
0.92666058
0.92666058
0.92666058
0.92666058
0.92666058
0.92666058
0.92666058
0.92666058
0.92666058
0.94065728
0.94065728
0.94065728
0.94065728
0.94065728
0.95023263
0.95023263
0.95023263
0.95023263
0.95023263
0.95023263
0.95261596
0.95261596
0.95261596
0.95261596
0.95261596
0.96134375
0.96134375
0.96134375
0.97639110
0.95280152
0.95280152
0.95280152
0.95280152
0.95280152
0.95280152
0.95280152
0.95280152
0.95280152
0.95280152
0.97276331
0.97276331
0.97276331
0.97276331
0.97276331
0.97276331
0.97446067
0.97446067
0.97446067
0.98057363
0.98444995
0.98081342
0.98081342
0.98081342
0.97775890
0.97775890
0.97775890
0.97775890
0.97775890
0.97586475
0.97586475
0.97586475
0.97586475
0.97586475
0.97586475
0.97586475
0.97586475
0.96618910
0.96618910
0.96618910
0.96618910
0.96618910
0.96618910
0.96618910
0.96618910
0.96618910
0.96618910
0.97217311
0.97217311
0.97217311
0.97217311
0.97217311
0.97217311
0.97217311
0.97217311
0.97217311
0.97217311
0.97937703
0.98370423
0.98370423
0.98370423
0.98370423
0.98370423
0.98404620
0.98534455
0.98534455
0.98489812
0.98489812
0.98489812
0.98489812
0.98489812
0.97379179
0.97379179
0.97379179
0.97379179
0.97379179
0.97379179
0.97379179
0.97379179
0.97379179
0.97379179
0.98001875
0.97726620
0.97726620
0.97726620
0.97726620
0.97726620
0.97726620
0.97726620
0.97726620
0.97726620
0.97676337
0.97676337
0.97676337
0.97157134
0.97157134
0.97157134
0.97157134
0.97157134
0.97157134
0.97157134
0.97157134
0.97157134
0.97157134
0.98174313
0.98174313
0.98174313
0.98352489
0.98352489
0.98352489
0.98352489
0.98352489
0.98352489
0.98352489
0.98451690
0.98451690
0.98451690
0.98451690
0.98451690
0.98451690
0.98451690
0.98451690
0.98451690
0.98427594
0.98427594
0.98427594
0.98427594
0.98347420
0.98347420
0.98347420
0.98347420
0.98347420
0.97803983
0.97803983
0.97803983
0.97803983
0.97803983
0.97803983
0.97803983
0.97803983
0.97803983
0.97803983
0.98493641
0.98493641
0.98493641
0.98493641
0.98493641
0.98493641
0.98493641
0.98493641
0.98713813
0.98713813
0.98713813
0.98713813
0.97707870
0.97707870
0.97707870
0.97707870
0.97707870
0.97707870
0.97707870
0.97707870
0.97707870
0.97707870
0.98898665
0.99134162
0.99134162
0.97807087
0.97807087
0.97807087
0.97807087
0.97807087
0.97807087
0.97807087
0.97807087
0.97807087
0.97807087
0.99038026
0.98284338
0.98284338
0.98284338
0.98284338
0.98284338
0.98284338
0.98284338
0.98284338
0.98284338
0.98284338
0.99069156
0.99069156
0.98540884
0.98540884
0.98540884
0.98540884
0.98540884
0.98436949
0.98436949
0.98436949
0.98436949
0.98436949
0.98436949
0.98436949
0.98436949
0.98436949
0.98436949
0.98620919
0.98620919
0.99277062
0.99277062
0.99277062
0.99338247
0.99348377
0.99348377
0.99348377
0.99348377
0.99348377
0.98332093
0.98332093
0.98332093
0.98332093
0.98332093
0.98332093
0.98332093
0.98332093
0.98332093
0.98332093
0.98965585
0.98965585
0.99079252
0.99079252
0.98704716
0.98704716
0.98704716
0.98704716
0.98704716
0.98704716
0.98704716
0.98704716
0.98704716
0.98704716
0.98957466
0.98957466
0.98957466
0.99119782
0.98969667
0.98969667
0.98969667
0.98969667
0.98969667
0.98969667
0.98969667
0.98969667
0.98969667
0.98969667
0.99053429
0.99053429
0.99053429
0.98122392
0.98122392
0.98122392
0.98122392
0.98122392
0.98122392
0.98122392
0.98122392
0.98122392
0.98122392
0.99257912
0.99257912
0.99257912
0.99257912
0.98891317
0.98806487
0.98806487
0.98806487
0.98806487
0.98806487
0.98806487
0.98806487
0.98806487
0.98806487
0.98806487
0.99008441
0.99008441
0.99008441
0.99008441
0.99008441
0.99086244
0.99086244
0.99086244
0.99086244
0.99086244
0.99156013
0.99156013
0.99080078
0.99080078
0.99080078
0.99080078
0.99080078
0.99025204
0.99025204
0.99025204
0.99025204
0.99025204
0.99025204
0.99025204
0.99025204
0.99025204
0.99025204
0.99112803
0.99112803
0.99112803
0.99112803
0.99025221
0.99025221
0.99025221
0.99025221
0.99025221
0.99025221
0.99025221
0.98152553
0.98152553
0.98152553
0.98152553
0.98152553
0.98152553
0.98152553
0.98152553
0.98052820
0.98052820
0.98052820
0.98052820
0.97968364
0.97968364
0.97968364
0.97968364
0.97968364
0.97968364
0.97968364
0.97968364
0.97968364
0.97968364
0.97854698
0.97854698
0.97854698
0.97337191
0.96827108
0.96827108
0.96676953
0.96676953
0.96676953
0.95386239
0.95386239
0.94860354
0.92271007
0.92271007
0.92271007
0.92271007
0.92271007
0.92271007
0.92271007
0.92271007
0.92271007
0.92271007
0.92611240
0.92611240
0.91609318
0.91103296
0.91103296
0.91103296
0.91103296
0.91103296
0.87350483
0.87350483
0.87350483
0.87350483
0.87350483
0.87350483
0.87350483
0.87350483
0.87350483
0.87350483
0.89376985
0.89376985
0.89376985
0.86373125
0.86373125
0.86166248
0.86166248
0.78521081
0.78521081
0.78521081
0.78521081
0.78521081
0.78521081
0.78521081
0.78521081
0.78521081
0.78521081
0.81440130
0.81440130
0.81440130
0.79546432
0.79546432
0.58351384
0.58351384
0.58351384
0.58351384
0.58351384
0.58351384
0.58351384
0.58351384
0.58351384
0.58351384
0.68103984
0.68103984
0.73318372
0.33533505
0.33533505
0.33533505
0.33533505
0.33533505
0.33533505
0.33533505
0.33533505
0.33533505
0.33533505
0.61544485
0.61544485
0.63720359
0.63720359
0.63720359
0.63720359
0.63720359
0.63720359
0.63720359
0.63720359
0.63720359
0.63720359
0.67739941
0.67739941
0.67739941
0.67739941
0.33187587
0.33187587
0.33187587
0.33187587
0.33187587
0.33187587
0.33187587
0.33187587
0.33187587
0.32243148
0.32243148
0.23809392
0.23809392
0.23809392
0.23809392
0.23809392
0.23809392
0.23809392
0.23809392
0.23809392
0.23809392
0.43619100
0.43619100
0.36973934
0.36973934
0.36973934
0.36973934
0.36973934
0.36973934
0.36973934
0.36973934
0.36973934
0.36973934
0.53930163
0.53930163
0.53930163
0.53930163
0.53930163
0.53173564
0.53173564
0.53173564
0.28927033
0.28927033
0.28927033
0.28927033
0.28927033
0.28927033
0.28927033
0.28927033
0.28927033
0.28927033
0.36449693
0.36449693
0.36449693
0.36449693
0.25283581
0.25283581
0.25283581
0.25283581
0.25283581
0.25283581
0.25283581
0.25283581
0.25283581
0.25283581
0.30282379
0.30282379
0.30282379
0.30282379
0.36378051
0.36378051
0.36378051
0.28769029
0.28769029
0.28769029
0.28769029
0.28769029
0.28769029
0.28769029
0.28769029
0.28769029
0.28769029
0.45425676
0.45425676
0.45425676
0.45425676
0.45425676
0.21689659
0.21689659
0.21689659
0.21689659
0.21689659
0.21689659
0.21689659
0.21689659
0.21689659
0.21689659
0.33396151
0.41347499
0.41347499
0.41347499
0.41347499
0.41347499
0.41347499
0.41347499
0.41347499
0.53036523
0.53036523
0.53036523
0.53036523
0.53036523
0.36281686
0.36281686
0.36281686
0.36281686
0.36281686
0.36281686
0.36281686
0.36281686
0.36281686
0.36281686
0.38818621
0.55243125
0.55243125
0.55243125
0.55243125
0.55243125
0.55243125
0.39120163
0.39120163
0.39120163
0.39120163
0.39120163
0.39120163
0.39120163
0.36558555
0.36558555
0.36558555
0.36558555
0.36558555
0.36558555
0.36558555
0.36558555
0.36558555
0.36558555
0.41070006
0.41070006
0.41070006
0.42620062
0.42620062
0.42620062
0.42620062
0.42620062
0.42620062
0.42620062
0.42620062
0.56425821
0.56425821
0.56425821
0.52430847
0.52430847
0.52430847
0.52430847
0.52430847
0.52430847
0.52430847
0.52430847
0.22853022
0.22853022
0.22853022
0.22853022
0.22853022
0.22853022
0.22853022
0.22853022
0.22853022
0.22853022
0.37545358
0.37545358
0.37545358
0.39528463
0.39528463
0.39528463
0.39528463
0.39528463
0.39528463
0.39528463
0.39528463
0.39528463
0.38464513
0.23017941
0.23017941
0.23017941
0.23017941
0.23017941
0.23017941
0.23017941
0.20201072
0.20201072
0.20201072
0.20201072
0.20201072
0.20201072
0.20201072
0.20201072
0.20201072
0.20201072
0.26505246
0.26505246
0.26505246
0.40645555
0.40645555
0.40645555
0.29122459
0.29122459
0.27589959
0.27589959
0.27589959
0.27589959
0.27589959
0.27589959
0.27589959
0.27589959
0.27589959
0.27589959
0.54903412
0.54903412
0.30531937
0.30531937
0.30531937
0.30531937
0.30531937
0.30531937
0.30531937
0.30531937
0.30531937
0.30531937
0.31749235
0.31749235
0.31749235
0.31749235
0.32813714
0.32813714
0.32813714
0.32813714
0.52653617
0.52653617
0.52653617
0.63897002
0.51493277
0.29951525
0.29951525
0.29951525
0.29951525
0.29951525
0.29951525
0.20751992
0.20751992
0.20751992
0.20751992
0.20751992
0.20751992
0.20751992
0.20751992
0.20751992
0.20751992
0.38430039
0.38430039
0.38430039
0.38430039
0.38430039
0.24980900
0.24980900
0.24980900
0.24980900
0.24980900
0.24980900
0.24980900
0.24980900
0.19108958
0.10716216
0.10716216
0.10716216
0.07412039
0.07412039
0.07412039
0.07412039
0.07412039
0.07412039
0.07412039
0.07412039
0.07412039
0.07412039
0.37462914
0.32198373
0.22686110
0.22686110
0.22686110
0.22686110
0.22686110
0.22686110
0.22686110
0.22686110
0.22686110
0.22686110
0.44285011
0.41476088
0.24782196
0.24782196
0.11588700
0.11588700
0.11588700
0.11588700
0.11588700
0.11588700
0.11588700
0.11588700
0.11588700
0.11588700
0.32238565
0.32238565
0.32238565
0.32238565
0.32295304
0.38945920
0.38945920
0.38945920
0.38945920
0.38945920
0.19683456
0.19683456
0.19683456
0.19683456
0.19683456
0.19683456
0.19683456
0.19683456
0.19683456
0.19683456
0.30720857
0.30720857
0.30720857
0.30720857
0.30720857
0.21691807
0.21691807
0.21691807
0.07973039
0.07973039
0.07973039
0.07973039
0.07973039
0.07973039
0.07973039
0.07973039
0.07973039
0.07973039
0.34903508
0.18046860
0.18046860
0.18046860
0.18046860
0.18046860
0.18046860
0.18046860
0.18046860
0.18046860
0.18046860
0.14505193
0.14505193
0.14505193
0.14505193
0.14505193
0.14505193
0.14505193
0.14505193
0.05423304
0.05423304
0.05423304
0.05423304
0.05423304
0.05423304
0.05423304
0.05423304
0.05423304
0.05423304
0.14162137
0.14162137
0.14162137
0.27044692
0.27044692
0.27044692
0.27044692
0.22160740
0.22160740
0.22160740
0.22160740
0.22160740
0.22160740
0.22160740
0.22160740
0.22160740
0.22160740
0.29998646
0.25303943
0.25303943
0.25303943
0.25303943
0.25303943
0.13393919
0.13393919
0.13393919
0.13393919
0.13393919
0.13393919
0.13393919
0.13393919
0.13393919
0.13393919
0.17650325
0.17650325
0.17650325
0.17650325
0.17650325
0.17650325
0.17650325
0.24137868
0.24137868
0.24137868
0.24137868
0.24137868
0.24137868
0.24137868
0.55139483
0.36441263
0.36441263
0.36441263
0.36441263
0.36441263
0.36441263
0.36441263
0.36441263
0.36441263
0.36441263
0.43948339
0.43948339
0.43948339
0.43948339
0.46206759
0.46206759
0.43548651
0.43548651
0.43548651
0.43548651
0.43548651
0.43548651
0.43548651
0.43548651
0.43548651
0.43548651
0.48678438
0.55880912
0.55880912
0.58379062
0.58375652
0.58375652
0.58375652
0.58375652
0.55604450
0.55604450
0.55604450
0.55604450
0.36069409
0.36069409
0.36069409
0.36069409
0.36069409
0.36069409
0.36069409
0.36069409
0.36069409
0.36069409
0.48654116
0.48654116
0.45166456
0.45166456
0.45166456
0.45166456
0.45166456
0.45166456
0.45166456
0.45166456
0.45166456
0.45166456
0.65120137
0.65120137
0.65120137
0.65120137
0.65120137
0.65120137
0.65120137
0.65120137
0.63220899
0.63220899
0.63220899
0.63220899
0.63220899
0.63220899
0.63220899
0.63220899
0.63220899
0.63220899
0.71821413
0.75262022
0.71321830
0.71321830
0.71321830
0.71321830
0.67584982
0.67584982
0.67584982
0.67584982
0.67584982
0.67584982
0.67584982
0.67584982
0.67584982
0.67584982
0.81245886
0.81245886
0.81245886
0.82648307
0.82648307
0.74168832
0.74168832
0.74168832
0.74168832
0.74168832
0.74168832
0.74168832
0.74168832
0.74168832
0.74168832
0.80033401
0.80033401
0.80033401
0.80033401
0.80033401
0.80033401
0.80033401
0.80033401
0.82579222
0.82579222
0.82579222
0.86496657
0.86496657
0.81153082
0.81153082
0.81153082
0.81153082
0.81153082
0.81153082
0.81153082
0.81153082
0.81153082
0.81153082
0.91688358
0.92618652
0.92618652
0.89105577
0.89105577
0.89105577
0.89105577
0.89105577
0.89105577
0.89105577
0.89105577
0.89105577
0.89105577
0.93100878
0.93100878
0.93100878
0.94357878
0.94357878
0.96430486
0.96430486
0.96430486
0.96430486
0.96430486
0.96619212
0.96380329
0.96380329
0.96380329
0.96380329
0.96380329
0.96380329
0.94317192
0.94317192
0.94317192
0.94317192
0.94317192
0.94317192
0.94317192
0.94317192
0.94317192
0.94317192
0.97370013
0.97370013
0.97370013
0.97113036
0.97113036
0.97113036
0.97113036
0.97113036
0.97113036
0.97113036
0.97113036
0.97113036
0.97113036
0.98387073
0.98387073
0.98387073
0.98387073
0.98387073
0.98387073
0.98387073
0.98255237
0.98255237
0.98255237
0.98255237
0.98255237
0.98255237
0.98255237
0.98255237
0.98255237
0.98255237
0.98570021
0.98570021
0.98570021
0.98570021
0.99151367
0.99151367
0.99069587
0.99069587
0.99069587
0.98807291
0.98807291
0.98807291
0.98807291
0.98807291
0.98807291
0.98807291
0.98807291
0.98807291
0.98807291
0.98909189
0.99316686
0.98458551
0.98458551
0.98458551
0.98458551
0.98458551
0.98458551
0.98458551
0.98458551
0.98458551
0.98458551
0.99068691
0.99068691
0.99068691
0.99068691
0.99068691
0.98451078
0.98451078
0.98451078
0.98451078
0.98451078
0.98451078
0.98451078
0.98451078
0.98451078
0.98451078
0.98914358
0.98914358
0.98914358
0.98914358
0.99361716
0.99223089
0.99223089
0.99223089
0.99223089
0.99223089
0.99223089
0.99223089
0.99223089
0.99223089
0.99071587
0.99071587
0.99071587
0.99071587
0.99071587
0.99071587
0.99071587
0.99071587
0.99071587
0.99071587
0.99354926
0.99354926
0.99354926
0.99354926
0.99354926
0.99354926
0.99354926
0.99354926
0.99354926
0.99634635
0.99558507
0.99494800
0.99494800
0.99214261
0.99214261
0.99214261
0.99214261
0.99214261
0.99214261
0.99214261
0.99214261
0.98740832
0.98740832
0.98740832
0.98740832
0.98740832
0.98740832
0.98740832
0.98740832
0.98740832
0.98740832
0.99100306
0.99100306
0.99100306
0.99100306
0.99100306
0.99100306
0.99100306
0.99070138
0.98852488
0.98852488
0.98852488
0.98852488
0.98852488
0.98852488
0.98852488
0.98852488
0.98852488
0.98852488
0.99225462
0.98972767
0.98972767
0.98972767
0.98972767
0.98972767
0.98972767
0.98972767
0.98972767
0.98972767
0.98972767
0.99266619
0.99266619
0.99266619
0.99266619
0.99419996
0.99105668
0.99105668
0.99105668
0.99105668
0.99105668
0.99105668
0.99105668
0.99105668
0.99105668
0.99061266
0.99061266
0.99061266
0.99061266
0.99061266
0.99061266
0.99061266
0.99061266
0.99061266
0.99061266
0.99088479
0.99088479
0.99088479
0.98459575
0.98459575
0.98459575
0.98459575
0.98459575
0.98459575
0.98459575
0.98459575
0.98459575
0.98459575
0.99187957
0.99238282
0.99022063
0.99022063
0.99022063
0.99022063
0.99022063
0.99022063
0.99022063
0.99022063
0.99022063
0.98532339
0.98532339
0.98532339
0.98532339
0.98532339
0.98532339
0.98532339
0.98532339
0.98532339
0.98532339
0.98945746
0.98945746
0.98945746
0.98945746
0.99270999
0.99270999
0.99270999
0.99270999
0.99061743
0.99061743
0.99061743
0.99061743
0.99061743
0.99061743
0.99061743
0.99061743
0.99061743
0.99061743
0.99373290
0.99373290
0.99373290
0.99373290
0.99373290
0.99217068
0.99217068
0.99217068
0.99217068
0.99217068
0.99217068
0.99217068
0.99217068
0.99217068
0.99217068
0.99315693
0.99315693
0.99315693
0.99315693
0.99315693
0.99315693
0.99315693
0.99315693
0.99343175
0.99343175
0.99343175
0.99436881
0.99436881
0.99436881
0.99436881
0.99561317
0.99257810
0.99257810
0.99257810
0.99257810
0.99257810
0.99257810
0.99257810
0.99257810
0.99257810
0.99257810
0.99460365
0.99460365
0.99460365
0.99460365
0.99460365
0.99690600
0.99802954
0.99802954
0.99802954
