3.00000000
3.00000010
3.00000203
3.00000268
3.00000002
3.00000071
3.00000126
3.00000006
3.00000142
3.00000281
3.00000003
3.00000000
3.00000018
3.00000005
3.00000001
3.00000000
3.00000000
3.00000001
3.00000007
3.00000040
3.00000001
3.00000000
3.00000001
3.00000012
3.00000006
3.00000000
3.00000072
3.00000002
3.00000000
3.00000001
3.00000002
3.00000026
3.00000041
3.00000077
3.00000021
3.00000000
3.00000015
3.00000005
3.00000001
3.00000001
3.00000046
3.00000318
3.00000371
3.00000051
3.00000000
3.00000001
3.00000012
3.00000058
3.00000204
3.00000178
3.00000031
3.00000083
3.00000002
3.00000000
3.00000001
3.00000043
3.00000010
3.00000002
3.00000000
3.00000053
3.00000033
3.00000419
3.00000015
3.00001640
3.00002097
3.00004045
3.00006664
3.00005145
3.00001871
3.00002910
3.00004659
3.00004655
3.00004411
3.00009246
3.00005583
3.00002424
3.00002547
3.00002205
3.00007286
3.00003100
3.00003655
3.00002401
3.00003501
3.00004560
3.00004116
3.00005080
3.00008020
3.00006028
3.00005065
3.00004504
3.00003920
3.00002584
3.00003031
3.00004901
3.00008463
3.00015099
3.00015782
3.00011845
3.00006428
3.00006087
3.00008877
3.00017210
3.00011406
3.00002963
3.00002036
3.00001712
3.00001600
3.00001180
3.00001123
3.00000983
3.00002156
3.00002919
3.00001551
3.00002765
3.00002583
3.00003921
3.00004628
3.00010331
3.00006095
3.00007936
3.00006882
3.00006934
3.00007393
3.00007630
3.00006558
3.00003956
3.00005317
3.00007686
3.00011157
3.00003829
3.00005039
3.00005833
3.00006030
3.00013275
3.00012420
3.00010205
3.00006946
3.00014928
3.00012672
3.00006375
3.00004442
3.00002544
3.00003652
3.00005940
3.00005665
3.00003903
3.00004690
3.00005056
3.00004550
3.00002751
3.00003925
3.00008150
3.00009470
3.00009067
3.00012884
3.00016761
3.00019066
3.00032451
3.00017164
3.00008215
3.00005766
3.00004851
3.00007765
3.00004424
3.00004405
3.00005185
3.00003859
3.00002818
3.00002288
3.00002776
3.00009468
3.00003358
3.00003762
3.00002562
3.00003758
3.00002851
3.00002728
3.00002676
3.00002291
3.00002240
3.00003121
3.00003119
3.00002312
3.00003425
3.00010573
3.00008414
3.00009579
3.00006437
3.00004326
3.00003113
3.00002872
3.00002124
3.00001762
3.00001655
3.00000965
3.00001125
3.00001770
3.00002510
3.00001676
3.00001334
3.00001646
3.00002396
3.00004830
3.00007528
3.00008405
3.00010649
3.00018219
3.00023531
3.00017981
3.00016390
3.00019107
3.00007350
3.00015655
3.00023812
3.00021958
3.00020252
3.00014653
3.00015949
3.00022840
3.00021237
3.00037924
3.00023729
3.00014072
3.00008109
3.00005854
3.00013363
3.00007872
3.00022182
3.00013146
3.00003393
3.00005284
3.00003523
3.00004484
3.00003802
3.00004081
3.00003076
3.00003121
3.00004274
3.00002490
3.00001721
3.00001570
3.00001271
3.00001490
3.00001123
3.00000646
3.00001399
3.00002272
3.00001198
3.00001782
3.00002060
3.00003533
3.00005741
3.00003314
3.00009134
3.00004701
3.00003758
3.00001940
3.00004315
3.00007542
3.00004583
3.00002484
3.00002843
3.00001492
3.00002264
3.00002547
3.00004189
3.00003401
3.00004374
3.00007434
3.00004698
3.00000754
3.00001104
3.00001244
3.00003174
3.00001525
3.00003417
3.00003770
3.00005058
3.00011237
3.00026509
3.00025211
3.00052072
3.00049952
3.00057948
3.00072691
3.00062007
3.00072098
3.00064834
3.00047193
3.00033276
3.00037851
3.00065999
3.00024057
3.00009218
3.00003992
3.00003796
3.00003070
3.00003264
3.00006800
3.00002070
3.00006666
3.00004574
3.00003332
3.00005939
3.00004138
3.00003408
3.00003636
3.00004554
3.00003691
3.00006779
3.00005055
3.00004521
3.00002500
3.00003141
3.00003665
3.00001804
3.00001870
3.00002656
3.00019927
3.00026439
3.00010975
3.00002460
3.00006782
3.00006915
3.00008019
3.00003768
3.00002029
3.00004035
3.00031069
3.00076602
3.00037598
3.00046181
3.00019346
3.00010010
3.00019299
3.00042554
3.00038154
3.00044155
3.00035343
3.00024103
3.00011174
3.00014312
3.00018725
3.00020518
3.00007370
3.00004986
3.00002707
3.00010727
3.00013379
3.00006101
3.00004714
3.00005296
3.00004197
3.00003451
3.00004112
3.00007928
3.00005371
3.00005476
3.00005514
3.00005179
3.00005422
3.00008275
3.00009114
3.00006419
3.00007190
3.00009272
3.00005951
3.00005109
3.00017740
3.00022489
3.00007876
3.00007388
3.00010530
3.00010251
3.00006441
3.00005621
3.00007046
3.00008908
3.00003011
3.00001110
3.00002274
3.00003022
3.00006811
3.00003381
3.00003313
3.00014081
3.00012583
3.00004973
3.00003566
3.00007663
3.00003908
3.00004021
3.00007014
3.00011238
3.00012178
3.00012516
3.00007330
3.00005918
3.00005981
3.00006235
3.00007539
3.00014700
3.00006453
3.00002876
3.00002423
3.00004124
3.00005060
3.00004061
3.00003469
3.00006500
3.00004494
3.00002955
3.00005949
3.00008416
3.00005456
3.00007264
3.00006397
3.00004944
3.00012446
3.00020044
3.00027408
3.00014813
3.00008384
3.00007440
3.00014132
3.00025819
3.00025196
3.00040301
3.00045352
3.00063863
3.00076612
3.00028392
3.00025725
3.00019682
3.00026831
3.00009759
3.00009740
3.00013047
3.00015108
3.00015165
3.00009777
3.00010281
3.00005975
3.00005351
3.00009620
3.00006380
3.00004083
3.00003929
3.00003673
3.00006198
3.00014543
3.00008440
3.00008966
3.00021729
3.00019798
3.00023047
3.00018908
3.00019588
3.00024552
3.00018386
3.00031225
3.00029830
3.00031087
3.00036667
3.00041447
3.00054988
3.00049062
3.00049887
3.00043510
3.00025243
3.00014638
3.00014132
3.00023337
3.00025733
3.00026157
3.00028280
3.00034570
3.00033407
3.00026964
3.00044295
3.00047751
3.00040967
3.00038604
3.00034233
3.00026155
3.00021892
3.00022103
3.00027984
3.00044552
3.00047914
3.00046284
3.00073416
3.00060351
3.00020069
3.00026130
3.00054905
3.00042844
3.00043331
3.00013531
3.00008177
3.00009384
3.00004887
3.00006677
3.00007149
3.00005939
3.00005361
3.00005625
3.00006439
3.00006093
3.00006454
3.00005824
3.00009933
3.00011776
3.00006408
3.00008326
3.00016979
3.00011148
3.00007387
3.00007701
3.00009397
3.00014957
3.00027537
3.00029974
3.00025848
3.00040586
3.00024096
3.00021679
3.00023895
3.00021031
3.00024732
3.00020608
3.00017636
3.00020719
3.00029106
3.00024551
3.00031519
3.00028734
3.00016507
3.00012748
3.00011116
3.00008968
3.00009944
3.00012400
3.00009376
3.00009640
3.00010337
3.00012065
3.00013375
3.00018354
3.00024517
3.00011193
3.00005490
3.00006447
3.00006521
3.00005664
3.00007087
3.00013046
3.00014950
3.00014815
3.00023058
3.00033142
3.00029958
3.00032174
3.00031862
3.00025312
3.00021952
3.00022744
3.00031127
3.00035801
3.00026985
3.00043870
3.00059434
3.00070363
3.00085826
3.00115664
3.00081987
3.00052766
3.00027717
3.00015481
3.00016939
3.00012366
3.00008434
3.00007414
3.00006350
3.00004217
3.00003707
3.00005630
3.00015153
3.00008494
3.00002307
3.00001847
3.00003594
3.00003747
3.00003671
3.00003036
3.00003232
3.00006563
3.00006645
3.00011110
3.00010452
3.00018173
3.00014874
3.00025840
3.00013855
3.00010844
3.00007509
3.00004740
3.00005648
3.00008383
3.00006685
3.00007609
3.00011009
3.00010825
3.00022578
3.00038898
3.00045649
3.00024081
3.00034999
3.00045041
3.00027409
3.00023020
3.00027398
3.00035719
3.00036955
3.00032739
3.00026362
3.00021544
3.00018516
3.00010091
3.00008708
3.00022299
3.00014431
3.00014916
3.00008943
3.00007775
3.00007072
3.00005652
3.00005977
3.00004925
3.00007291
3.00007063
3.00004175
3.00004040
3.00002692
3.00003715
3.00008950
3.00008449
3.00009654
3.00008544
3.00007695
3.00019218
3.00011888
3.00003743
3.00003197
3.00003794
3.00003356
3.00010235
3.00006644
3.00003361
3.00002885
3.00002822
3.00004078
3.00002800
3.00002105
3.00003088
3.00004513
3.00009014
3.00004099
3.00004177
3.00008978
3.00007408
3.00007180
3.00005648
3.00002558
3.00003330
3.00004220
3.00003997
3.00003773
3.00004291
3.00008489
3.00013064
3.00012751
3.00011031
3.00012803
3.00017289
3.00010567
3.00004797
3.00006169
3.00004352
3.00005945
3.00004250
3.00004507
3.00005490
3.00007019
3.00013708
3.00009210
3.00015807
3.00015922
3.00025019
3.00020503
3.00013454
3.00010917
3.00023118
3.00022546
3.00018039
3.00021563
3.00030845
3.00017857
3.00013621
3.00020428
3.00018508
3.00013717
3.00009537
3.00010762
3.00008483
3.00010498
3.00010240
3.00011318
3.00010338
3.00010123
3.00020298
3.00018245
3.00008335
3.00013225
3.00019804
3.00009728
3.00016179
3.00008293
3.00009893
3.00012777
3.00026736
3.00035083
3.00026764
3.00018484
3.00021644
3.00030184
3.00034428
3.00041692
3.00056907
3.00063688
3.00037097
3.00027641
3.00025574
3.00037288
3.00016734
3.00042239
3.00104708
3.00036776
3.00111114
3.00052578
3.00057523
3.00041471
3.00077581
3.00226208
3.00152415
3.00047049
3.00054456
3.00058716
3.00147914
3.00320108
3.00228367
3.00193571
3.00142936
3.00108867
3.00064794
3.00142325
3.00190866
3.00115099
3.00227031
3.00318759
3.00310651
3.00525266
3.00775343
3.00619783
3.00278809
3.00087205
3.00052679
3.00146553
3.00482043
3.00131108
3.00599059
3.00170484
3.00192262
3.00255672
3.00260306
3.00182536
3.00182751
3.00145225
3.00037799
3.00066639
3.00176080
3.00081863
3.00112551
3.00231921
3.00703841
3.02093672
3.00802635
3.00539591
3.00935394
3.02910432
3.04094916
3.01600901
3.01776272
3.01771887
3.01229949
3.00848360
3.01393114
3.01997613
3.01016954
3.06002982
3.08293174
3.03611598
3.04683023
3.08591249
3.24785202
3.23074884
3.16453553
3.30417616
3.15764949
3.08054052
3.21937706
3.54807572
3.45454344
3.07014320
3.09910297
3.24846511
3.51032143
3.31933432
3.19491512
3.28789746
3.18543686
3.21491727
3.16182296
3.13623070
3.25299137
3.12371664
3.36184040
3.80011314
3.78161537
3.33718049
3.36433956
3.82130806
3.35307767
3.22586523
3.36734721
3.51257321
3.25355082
3.45437088
3.70847231
3.38268573
3.50424049
4.09317009
4.44128114
3.57670062
4.86355367
6.10163390
4.50461024
3.57010924
3.97992342
3.91905873
3.72118743
3.87219023
4.10386316
4.31645787
3.92765255
3.56283654
3.36617505
3.07798771
3.12526647
3.34187431
3.37987545
3.98989285
3.55879487
3.72946662
3.57839925
3.96287649
4.85321494
6.07666061
4.47055078
4.44447516
3.91148510
4.14990367
6.11891668
5.90304780
5.10347905
4.78989440
4.84053117
4.97414761
6.02288709
5.00813330
4.49191589
5.12786697
5.95842310
4.86126398
5.18316781
8.61791652
9.12766169
6.96346778
4.75602745
7.00357307
7.06972204
8.46973494
9.73246460
5.72398241
7.71295630
9.03685243
6.55889667
9.28466739
9.55731350
6.92613618
7.37610645
7.57185402
7.65334446
5.82653125
6.46387080
9.32287932
8.88966095
6.27627706
7.54147656
9.18397463
8.34900819
5.87684771
10.38230576
9.81245485
6.95030688
6.48418800
6.56854070
5.21321487
7.08084590
7.83455148
6.93886954
4.91539972
4.75196768
4.57723876
4.84807801
6.24566158
6.29315410
5.52536847
3.53151384
4.33137970
3.91526782
3.90753065
4.36877970
4.84719649
3.64415505
3.51502641
3.55677875
4.88060170
7.83054263
8.45732950
6.57459610
6.25479169
8.36582099
7.94672336
6.42694140
4.58779382
7.71340987
8.66356781
7.73637583
4.54117409
7.78635561
8.32231332
6.51284257
4.86021793
7.58043750
8.20831846
5.07382375
4.62779537
7.21531016
5.27325171
7.56845778
9.00863143
8.12658532
6.53132981
5.97270626
6.79554364
4.81978493
5.81546642
4.01463896
7.97347849
7.86701950
7.42969266
6.95002506
4.02176336
7.18301713
8.31900874
8.48636377
5.02289866
6.23578197
7.83349455
8.41917780
5.52918088
8.46231013
9.68360100
5.52488390
5.57576470
7.68579249
9.61249878
8.70387436
9.45478757
8.86450577
8.36119320
9.73593560
7.46853840
6.85198702
8.45814556
6.02331642
5.76459971
7.30259737
5.00005574
4.92196356
7.64111949
8.77590937
8.64304664
5.31903510
8.43721462
8.42155141
5.96634144
6.81484163
7.60149955
5.83464526
6.05028315
4.28597765
3.59124447
3.98123808
4.81352537
4.51079692
3.63916806
3.44695503
3.69521420
4.51410884
6.15186723
5.68628591
6.21747883
7.28925399
6.48388811
4.01288565
7.23415752
7.50962430
7.41438595
5.09043427
4.56455047
5.12214927
3.95219477
4.25154384
3.77174009
5.98555523
6.84147413
6.80031639
5.79144064
4.56002306
3.68585041
4.60000961
4.53741528
6.27479346
6.08119669
7.37082097
6.96507451
3.78941330
4.51136382
5.50557958
5.84096881
5.03582461
6.01935988
4.15022974
5.52595129
4.73779533
5.39456661
5.32014345
8.78515670
6.88407416
6.73621740
8.54762032
8.37688825
8.85384740
9.24272045
5.07230693
4.90069270
4.69832880
7.32791141
8.37432379
5.18826625
6.64556027
6.57585944
5.78479482
4.63294396
4.72771102
6.94100932
6.86486572
4.44993751
4.23310561
3.84524666
6.52862390
5.77662990
4.97964604
4.54811659
4.83656780
5.67740653
6.53507238
6.65711903
6.47182920
4.65813076
4.08858663
4.45174226
4.55463338
5.23004091
4.29191160
4.32571021
4.14134180
5.11517157
3.87506794
6.78889340
3.86596853
6.26634430
6.68948175
4.32119600
4.09145067
4.76667093
3.60286255
4.67209448
3.81361142
4.25792596
5.01013483
5.30850566
6.01689968
4.11284477
8.32060506
6.99309627
4.53725142
7.39677587
8.16016554
8.12074680
8.56354325
7.51617525
5.42209642
6.84212083
6.97169067
6.42100242
5.76503009
5.00310019
4.49710578
4.19746581
5.15413141
6.40714075
9.71523064
9.91679282
9.82584409
5.03227265
8.18941460
9.90170259
10.18922901
9.40699626
5.60075071
5.91763207
8.05012230
4.96017402
5.86591527
4.36783998
4.90277154
5.73616958
6.75076365
5.30333795
3.79386605
5.23516421
6.79213095
6.21339682
4.16559887
3.94536450
4.37825211
3.82656017
5.19938692
8.28772961
6.84128323
5.94158657
7.06247766
8.23620348
6.93567641
9.53516543
6.21097945
9.45123526
7.96441555
7.20677435
6.20425733
4.35706290
3.54087843
3.61894483
4.62748260
5.76582790
5.37043253
4.42569324
4.10125367
3.87988152
4.14956449
5.44782309
6.89694910
8.05769642
6.40788966
6.14227332
10.40128281
10.03514460
8.77521799
8.49243433
11.13633148
10.89457628
9.32647558
11.10305599
10.59193562
10.83924470
7.81757728
5.51496988
4.91600839
7.32886167
9.51318500
9.59552675
4.94778171
6.13067664
7.47370671
9.19471424
8.76177930
6.53729776
7.14206092
8.37481005
6.91069797
6.12330429
10.72485984
6.21913427
10.14534673
10.89900888
10.54841138
5.97314693
9.16844938
9.84869365
6.99302806
6.11783737
8.96465888
8.55985051
8.02712057
6.87249319
7.75116911
7.65051041
6.68589877
8.19605552
8.18120923
8.01150527
7.07307920
6.15223230
5.66926673
5.71080940
6.44922502
6.63190402
8.10939698
7.14811585
7.52888886
8.45849055
8.53224087
9.31043187
7.27576576
8.19368844
9.51524422
8.24851500
5.30346420
5.32479896
6.14437394
6.94508645
5.90660210
5.06435105
4.76893145
7.46768248
4.93893454
3.93680074
3.51111389
5.10419297
4.38542189
4.47272395
4.15141553
4.58429850
4.94054385
6.81816774
10.94197917
11.20044258
10.37549571
7.42342038
11.17632357
12.62258556
11.89265526
10.48937735
10.32602003
9.91991843
8.50615528
7.50632356
6.03408217
3.94866041
5.83268141
4.49469797
4.73516090
4.51302076
4.54806044
4.17091744
5.40287739
6.45943003
8.18679106
5.73613516
4.43927731
6.86526707
11.32095089
9.31892510
8.34666611
9.73200841
8.51789711
10.06622616
9.27566072
8.61421158
8.04140120
9.01144097
9.80663167
9.60707203
10.09970676
9.14640778
8.09412866
5.48187229
5.25972743
6.02864363
7.96799083
6.08776210
8.12444503
6.49719022
6.65132728
7.50630718
9.29786532
10.35099249
6.52351827
8.79227875
8.05580843
10.76345522
9.07263617
9.41995453
9.18106529
7.57620431
4.01827692
6.64506665
7.87692652
9.46986115
10.73487626
11.03862430
9.48198588
7.43526424
13.07256036
13.07976668
11.21283467
11.09519470
12.26578757
10.05764852
12.83775464
13.71607974
12.64348595
11.11365424
10.78169984
12.86968856
13.07528824
9.98432640
8.13996184
9.75671909
11.57968472
8.32899214
7.04226962
7.68709441
11.00635944
6.01440134
6.28251156
7.39133304
8.47746455
8.76248863
8.11227557
7.87303449
7.68460602
5.29925596
5.05704444
6.03898066
6.45696396
5.43036925
8.01216476
7.17457353
4.15518275
4.09749991
5.64230598
5.90320819
5.40174734
4.46806566
4.11328451
4.41059804
4.29572611
5.76078372
8.76480772
7.53229527
6.22573750
7.18930726
6.83104174
6.20756164
10.27705535
10.34212330
10.29417840
9.90031515
9.76897579
11.53302753
11.64142494
11.19136019
13.40405277
13.90750655
14.94545544
11.96296050
10.46743080
14.53617683
13.26706508
9.89935110
11.57031986
12.88831495
13.99885781
14.86029039
15.77856259
16.09972674
13.25236696
14.43789361
13.43249806
13.00532442
13.14300579
11.50113521
9.64690831
5.96134746
9.02666570
9.49187172
9.76132931
8.59616679
5.08502470
5.80025884
4.23642256
4.23372400
7.73179348
8.81267173
9.20849047
8.22900976
8.35353667
7.60897652
4.68945463
8.06201470
8.21182864
7.83108255
6.14127584
6.78950354
6.41834595
8.34848224
6.45717818
8.11420193
8.75598426
7.35894796
6.38144490
5.70091485
5.59262655
4.58150141
8.73167656
6.83860933
6.44518761
5.89562768
6.50401346
7.59040209
7.86874644
9.13509511
7.13790829
4.75442919
7.16616182
6.79784429
4.11917761
4.83879280
5.98160128
4.16153791
5.91513233
4.54567563
4.46450506
6.81649213
6.06277319
7.44111200
6.32267905
4.61128905
7.41526828
6.55290247
4.28528305
5.24306701
7.16363240
4.72566529
7.54508073
8.42637749
6.60682708
5.07912238
5.77075865
9.15680889
8.70022279
6.78804665
6.50119484
5.73480073
5.60046078
5.39936269
6.67546777
8.08105304
8.55520624
7.20255424
7.64758315
5.18770909
7.56984139
7.82952639
6.09862474
6.32093918
7.36279262
4.39713161
3.89832506
6.07146818
8.08923433
5.15518772
4.68513863
6.50323414
5.40922989
4.01937266
4.05184524
5.61340828
4.33356217
4.88811076
6.08060980
7.96683205
7.57271986
5.73476450
5.53866194
5.56424100
5.78645372
5.75125148
6.07596646
4.69498316
4.44132732
3.92339725
4.04200483
5.38587455
4.87471625
3.99991096
4.56809714
3.50873700
3.80082009
3.93349659
3.46343337
4.26949805
3.50229898
3.64419948
3.70057716
4.10869080
3.75043078
4.44915950
4.85797113
5.74999950
5.18068969
5.38757119
4.83802365
3.56934382
3.27677331
3.19385049
3.37426537
3.96165319
3.61544564
3.21604907
3.35087292
3.85800072
4.23778150
4.87317387
5.36976434
4.41912493
3.47219447
3.45682945
3.90459973
3.44262796
3.68589938
4.98162895
4.18747001
3.63765711
3.68543078
4.22832061
3.93613903
3.15492599
3.57475319
3.33786808
3.15366427
3.16086094
3.16941895
3.17629621
3.05117882
3.07657160
3.11662009
3.05993153
3.04374850
3.11515893
3.10315945
3.00947352
3.09047530
3.29601878
3.19420995
3.09214362
3.28847015
3.12040341
3.14365346
3.11326395
3.07467874
3.03309002
3.04144896
3.02720223
3.02095857
3.01504292
3.01821397
3.01636708
3.02232074
3.03960059
3.03081665
3.14350438
3.07211256
3.02058999
3.01317457
3.02734427
3.03617112
3.01393265
3.00569383
3.00283012
3.00442632
3.00479747
3.00798447
3.00923767
3.00419702
3.01100605
3.01466165
3.01448238
3.00609795
3.00833615
3.00417936
3.00183785
3.00994449
3.01230543
3.00096621
3.00243585
3.00444521
3.00181679
3.00114547
3.00151919
3.00261646
3.00067837
3.00061305
3.00061146
3.00036548
3.00017416
3.00016623
3.00020132
3.00146702
3.00293563
3.00018692
3.00094246
3.00052543
3.00013586
3.00029721
3.00034063
3.00076272
3.00011517
3.00003899
3.00011976
3.00007930
3.00003874
3.00009913
3.00007342
3.00024350
3.00016700
3.00029740
3.00030057
3.00017029
3.00008607
3.00005042
3.00003335
3.00006082
3.00004379
3.00001690
3.00001721
3.00004786
3.00010334
3.00006681
3.00004031
3.00003408
3.00004610
3.00004288
3.00022190
3.00030746
3.00015245
3.00005021
3.00006383
3.00005336
3.00005919
3.00007052
3.00007073
3.00006028
3.00004578
3.00005487
3.00007119
3.00003065
3.00004937
3.00005283
3.00006640
3.00010723
3.00015412
3.00011279
3.00010440
3.00007755
3.00007829
3.00007833
3.00010611
3.00018594
3.00042671
3.00091634
3.00151990
3.00073978
3.00018559
3.00004632
3.00006140
3.00002006
3.00001331
3.00001968
3.00002852
3.00002888
3.00002278
3.00002429
3.00004608
3.00003051
3.00006773
3.00004651
3.00005201
3.00008010
3.00009750
3.00024017
3.00015875
3.00012621
3.00007171
3.00005752
3.00002916
3.00002890
3.00003032
3.00001871
3.00001442
3.00001768
3.00001939
3.00001957
3.00003500
3.00002499
3.00001897
3.00001747
3.00003176
3.00003025
3.00001586
3.00004155
3.00003404
3.00003629
3.00002486
3.00002851
3.00000758
3.00003916
3.00006401
3.00003274
3.00002550
3.00004174
3.00007082
3.00014566
3.00005324
3.00003708
3.00007804
3.00005056
3.00008765
3.00005752
3.00001768
3.00001487
3.00002084
3.00001925
3.00001163
3.00002174
3.00002317
3.00001914
3.00002552
3.00002374
3.00006581
3.00008418
3.00006684
3.00005782
3.00004413
3.00004960
3.00006782
3.00015336
3.00019080
3.00016370
3.00013156
3.00013005
3.00016523
3.00025775
3.00065346
3.00079282
3.00069959
3.00070602
3.00057324
3.00019438
3.00018365
3.00011582
3.00005314
3.00007315
3.00015367
3.00014812
3.00003574
3.00004285
3.00005436
3.00021200
3.00019805
3.00020717
3.00022211
3.00011663
3.00006723
3.00003555
3.00004698
3.00004180
3.00016707
3.00005218
3.00000617
3.00003444
3.00003647
3.00003953
3.00002953
3.00005434
3.00004325
3.00001161
3.00004096
3.00005087
3.00001460
3.00001805
3.00001520
3.00001914
3.00001897
3.00004776
3.00002091
3.00001791
3.00001620
3.00002890
3.00003328
3.00002122
3.00001456
3.00007778
3.00006345
3.00003079
3.00004470
3.00007702
3.00003386
3.00007073
3.00009599
3.00002527
3.00001052
3.00001593
3.00004168
3.00007122
3.00005011
3.00002002
3.00003096
3.00003154
3.00006266
3.00005776
3.00005085
3.00006787
3.00014347
3.00010510
3.00019278
3.00014859
3.00026499
3.00045835
3.00032102
3.00008922
3.00005460
3.00006651
3.00003553
3.00004213
3.00024679
3.00013262
3.00003173
3.00004857
3.00004886
3.00002242
3.00001856
3.00002927
3.00001775
3.00001491
3.00002207
3.00006001
3.00011665
3.00004831
3.00004660
3.00006109
3.00005200
3.00005914
3.00003707
3.00002442
3.00002829
3.00007220
3.00003641
3.00004270
3.00002786
3.00002284
3.00004458
3.00008507
3.00007793
3.00007967
3.00008042
3.00011611
3.00017996
3.00002646
3.00001892
3.00002005
3.00002663
3.00004403
3.00003254
3.00002054
3.00002098
3.00003564
3.00002292
3.00002174
3.00001172
3.00001318
3.00003317
3.00001514
3.00001039
3.00001353
3.00001898
3.00002859
3.00002121
3.00003943
3.00002832
3.00004242
3.00003701
3.00008780
3.00026827
3.00047222
3.00020912
3.00010838
3.00019541
3.00010442
3.00004662
3.00012072
3.00023191
3.00001685
3.00003353
3.00020616
3.00061342
3.00012169
3.00016145
3.00030141
3.00034178
3.00008670
3.00004519
3.00005808
3.00009942
3.00005445
3.00014761
3.00016119
3.00012073
3.00045922
3.00038284
3.00078584
3.00067842
3.00069270
3.00051093
3.00043527
3.00084865
3.00169433
3.00037808
3.00052534
3.00039526
3.00225080
3.00376836
3.00059513
3.00099490
3.00143655
3.00146625
3.00255197
3.00290170
3.00260987
3.00077316
3.00150430
3.00142533
3.00752573
3.00751040
3.00499158
3.00174507
3.00076143
3.00114374
3.00353568
3.02614252
3.03008470
3.05624684
3.01891890
3.00307593
3.00162433
3.00033195
3.00082022
3.00024882
3.00848382
3.00546327
3.03355251
3.03053899
3.01107432
3.01964415
3.04182848
3.03021229
3.04008105
3.06616738
3.05288527
3.01750692
3.02569807
3.05765276
3.01089419
3.03715088
3.05657632
3.02510704
3.01314033
3.12739537
3.32501716
3.71836664
3.26672916
3.12946458
3.12877220
3.36776341
3.20064343
3.06736704
3.14786086
3.09367764
3.13390363
3.16798176
3.03675241
3.00632774
3.00715434
3.02959904
3.05416007
3.12335667
3.18595954
3.01598313
3.09254515
3.04945202
3.06001190
3.16229993
3.56033609
3.37744511
3.45457544
4.41351899
3.71715111
3.33967963
3.18382143
3.08368560
3.18915687
3.08137570
3.24101602
3.50923650
3.91600670
3.62312464
3.09386920
3.54501771
3.68451999
3.83205059
3.34143144
3.25643561
3.50797935
3.50625999
3.89240915
3.26144980
4.21524749
4.06830607
3.34713900
3.50804806
4.80112766
5.99928976
4.74914460
5.94303725
5.81356795
3.80983560
6.43200770
5.10279370
3.94115349
3.85126140
5.19346431
4.14226118
5.83069122
6.85096439
5.27970292
3.48730590
4.13417971
4.85150583
5.54196916
3.64671838
3.72998029
4.56773433
4.01252287
4.18555923
5.74700143
7.21474800
4.47625909
3.89239124
4.23354564
7.12705531
8.78173705
7.09817484
5.76987272
4.41426888
6.48690163
9.40765593
9.90969611
9.59350883
10.51953895
11.86365158
9.08869630
9.01589735
13.28735477
9.58101225
9.22993743
11.85093366
7.69752426
9.38060873
5.54144520
7.66245999
7.94871305
8.86794417
7.70069006
7.12422985
6.99137566
5.61364793
5.84146280
5.32705685
6.18043015
6.37172071
7.10656817
8.95017278
11.20488489
7.64593638
10.00418433
11.58661973
9.43692503
7.70007257
9.46389421
10.23632078
7.03063334
8.49685356
9.52136510
8.21355026
5.95443472
6.22519332
7.28568978
11.71496891
13.62244408
15.28487071
9.71057643
12.72439659
15.71004204
17.55678870
16.92647685
14.28537224
15.63116926
15.20685296
12.24343355
14.86465242
14.95769393
14.54107040
11.78503492
8.43442396
11.53490306
15.51561641
15.61589603
16.12128196
12.65015342
14.10122681
11.88059086
13.32436743
11.11576671
14.23027905
13.80356914
12.59419454
11.29398057
12.47044489
12.23055840
10.60383995
11.46791366
11.90026095
11.46710031
7.34222322
9.81770117
11.99109586
15.01899342
14.17160145
15.03611847
15.44551968
15.72698546
12.74935012
16.88924550
14.54078759
11.18852229
16.50979322
16.39027402
17.20911018
17.36732670
12.08827860
15.93539558
16.99408248
18.28637075
14.12696640
18.15018008
16.38367625
18.47147580
18.14845401
14.85910007
13.51902263
15.55502524
16.63362583
16.17040539
15.92543602
13.41652361
16.54352777
17.26505575
17.90905222
17.54909770
12.03793512
13.14257711
11.57421753
12.45520953
11.56141611
14.47959102
14.03026724
14.92484156
15.88167638
15.94915690
17.37335259
16.71971278
10.98003866
17.51080409
17.39750072
15.41932426
17.25644168
17.12409017
16.67177254
17.50900389
17.75737123
14.97158803
17.62878893
17.16291356
13.33495848
13.32219580
14.47286251
15.37067316
14.99774443
12.08416326
12.87476749
16.98829725
16.63395704
16.94350845
16.29345483
14.33509061
12.26815034
15.63362091
15.24756708
16.16966120
17.61597447
17.20618395
16.13032550
16.41430570
16.07024237
11.22822261
14.70685181
9.04570114
12.58080164
11.25816667
8.50756791
9.75603070
8.19567788
12.09158366
10.94819116
12.61462400
13.52343567
15.98344388
16.07361219
16.67584694
15.88025790
16.75190498
17.71621586
17.31606206
17.02686001
14.16312092
17.79335274
16.59078848
17.50915293
16.24831018
15.98994950
10.82700426
17.11604451
17.30830478
17.20278114
17.23703214
12.64258517
11.12539531
16.46255290
15.98315815
15.40406697
14.89215677
13.61640586
14.59036311
17.06533283
17.65779957
18.05598165
18.25281282
17.12980298
16.42649159
12.89847012
17.74814041
17.44307145
17.77059946
18.02446128
17.18725244
16.54291115
13.02772015
13.65384363
16.41288339
13.80126961
15.26813235
14.57517496
14.29437929
16.30420226
16.11511445
16.13255730
16.92650114
12.95879969
14.64183033
16.10235060
16.61121253
14.66842718
12.49685513
15.12000364
15.27857939
13.77038133
15.01354449
15.98582991
16.23893194
11.89435854
17.50765388
18.12845031
18.04366991
18.58247960
18.11368162
17.74606562
17.87064989
17.30400040
16.86506273
14.76450971
14.86031512
9.58080436
12.50530411
13.67954761
12.89257043
11.61725703
7.55878763
10.45215411
10.95812172
10.51969957
11.05994484
11.57706409
11.29979079
10.39589841
13.87639627
13.42898762
10.95155538
14.92180116
13.32896881
12.39587258
15.78607747
16.31478674
16.24113703
14.20404202
15.41655399
15.77030234
16.71453377
16.69633389
15.85115478
15.54236670
9.87984751
15.60954821
16.63959350
15.26036620
15.54521746
14.83246271
13.44067175
10.70937689
12.37887308
14.12109280
12.81502400
8.54518187
6.53302532
6.83171320
9.74402448
9.82246727
8.87256681
5.82885784
8.92478503
8.67877060
8.57255387
9.26474090
12.31895869
11.93428703
9.18078083
13.60550012
11.63207217
15.76026396
15.11926878
15.53058091
15.30393984
15.18614570
13.59527984
12.06534056
9.93375697
12.20783957
9.24170573
7.14472424
5.93023339
8.68764336
6.37240650
9.69888580
10.13761881
8.42439048
9.40403006
9.95660443
10.99552453
10.27067309
9.60354645
8.19589943
4.92163018
8.74702116
10.84615838
12.33554463
12.35013637
12.70030909
14.37752563
14.28386368
15.24763759
15.28072804
14.32804357
14.64560497
14.16075068
12.87208250
10.32011063
7.05134971
13.09309686
11.70173926
12.05364765
11.51093475
11.38610812
11.70515600
7.57807092
8.39630830
8.26248792
8.51988904
9.86317178
10.43870640
8.76683575
7.41197744
10.19950367
11.66849074
12.38981283
14.05494890
13.98804036
12.08656857
15.12719628
13.61657788
16.15076970
16.69739733
15.31387135
13.25206854
11.03895923
11.87338593
10.07296232
10.61636646
7.59080640
8.83790003
10.44469921
10.66155859
11.21975858
12.56739340
14.55952474
14.24854689
14.51554286
14.97057835
15.25097685
8.50835635
14.28656485
10.09604907
13.84894563
13.24073086
13.35587685
12.06594628
11.99002564
12.98935037
11.27005865
9.58168892
11.09010285
12.97056835
11.72740083
12.16052077
13.94471515
11.04728158
14.05408311
11.14447558
10.63752033
10.94970698
16.25317882
16.47328481
15.64865853
14.55741191
14.76158209
15.17747881
15.34325839
12.54983090
14.56397108
14.92314859
15.87893445
13.72270540
14.89699970
17.26589485
17.17978614
17.03887639
17.45130501
17.18774028
15.65420851
16.40267721
15.18545502
16.40252220
16.36982127
16.08529146
16.59748044
16.83003297
16.72516228
14.91692700
13.33221103
17.29585637
16.85458144
16.51547136
16.83360427
16.18010189
15.09892923
15.65331110
13.21539308
13.31481617
14.87187074
15.77300132
16.48769532
15.09710491
14.46997951
15.61208260
14.55328829
13.50727350
15.77137881
15.82605553
12.26899010
9.77939916
12.96223261
15.03859968
14.73014227
15.74417403
15.59854654
13.77989924
14.82580721
14.66476039
14.28911376
14.41658603
11.65773056
14.20424230
13.58687763
12.66733489
14.37244996
15.49576987
15.99328427
13.25459193
16.29282554
14.96285374
15.50873600
15.81303931
15.09743291
15.75900810
16.87059635
16.36578145
15.52539409
14.70471333
16.88893944
17.19105954
16.90897957
16.98840415
17.23069711
16.65997368
13.83679136
14.62128596
15.80908812
15.17144393
12.21269144
14.13688893
16.29874525
14.97394877
13.83615384
13.24053769
11.65834663
10.99524754
12.31207004
13.61214801
14.83995740
14.72642864
15.92820593
13.16702858
16.18121895
12.84247864
15.49025695
15.07037027
15.50435469
16.96783421
17.45231387
16.88210538
17.01530588
16.41438022
16.11010095
10.75753598
16.22638410
16.91194334
15.71885940
13.72674340
16.25401547
17.27495725
17.30899210
14.84551998
14.31873218
13.87979753
16.28440487
16.69787611
16.53546243
15.65579088
16.59552461
17.31797109
17.37855152
17.54577695
14.16702991
17.09735172
17.08865986
17.29613475
16.27973241
15.67719401
13.51191664
15.91431249
16.67801201
15.46544713
12.78413692
12.83633520
11.39949743
14.08991203
11.06561343
12.82118644
15.09005186
14.93852586
13.85865687
13.62187216
14.43053308
13.29764560
10.60178969
15.74494503
14.52327181
13.22235030
14.71677443
12.84607210
12.53379654
12.89629577
11.75705617
13.42874505
12.82114979
13.55318499
12.56142714
12.08332610
13.24274978
14.88383480
14.18064476
13.86982331
13.96142165
8.90787145
12.49573084
13.76776846
14.12951608
13.40167436
13.01690939
13.59717894
13.85224328
14.21613054
12.67626891
9.95526224
7.04751615
12.14109462
9.65923273
10.77694140
9.52290768
9.38837791
8.99916841
8.98614205
9.39757272
8.90160299
7.70389359
6.17197389
10.04000660
10.62974062
10.28826565
11.75889975
13.45523621
13.31177935
13.79826483
13.20318296
14.20444839
13.22987058
13.88273872
14.16236118
14.53234431
15.15226673
12.69364762
14.37174990
13.57725625
9.95112892
12.00871761
12.12434292
11.98713084
11.08636000
12.52805927
11.50972685
9.74634760
12.60576962
12.17450675
8.56363674
11.62991991
14.62242092
15.57825678
14.09851217
14.98037527
15.13678441
13.99644774
14.78347819
9.52440082
11.91473598
9.96580423
9.40559649
6.38274257
6.61725180
10.75237410
8.65267967
7.94218711
12.00523377
10.93543919
11.61239975
10.26700317
12.94435798
15.22963733
15.93084920
16.32708746
16.49253102
16.39120161
16.33533695
16.00567390
11.11395236
11.96367182
9.33607880
10.66373577
15.35189778
16.16661396
17.37587856
16.43080305
17.05566946
14.96224850
16.18182413
17.06348481
14.38641535
16.88262298
17.90301155
16.17780530
13.03071482
12.53629322
10.72997719
14.64732485
14.91553578
14.73528631
11.77275069
11.10909330
13.44593688
10.05056038
14.37773406
13.12250385
9.00446926
6.99738285
7.32206353
10.22628857
10.83621291
10.99390961
7.48857232
8.06977593
9.82183507
9.43373461
8.03166969
8.95077656
13.48563642
14.48838864
14.96409888
12.09973800
11.22372242
9.91296309
11.64128516
11.91828360
11.07137944
9.92818974
11.19192798
11.49290196
11.20898940
12.50499342
13.20157644
11.65980119
11.64205422
11.23477983
12.13914048
12.56265365
11.11243445
12.99883286
13.85507309
14.09985979
15.25343002
16.16256216
15.78610131
15.57254586
15.39231223
15.11899466
9.73812447
13.95176121
14.48461377
14.50560525
13.04207955
13.58533649
14.14964189
13.69314683
10.17085047
12.06720815
14.00151217
13.03051271
13.58957856
8.99968830
13.63450374
15.87001789
14.73882313
11.24582527
9.28960627
12.10729532
11.54839717
8.83017213
10.28631044
9.93543317
7.64508188
9.00813839
8.97927183
5.40687649
7.75845775
8.96322404
9.61468648
10.41566680
10.34913389
11.69501891
12.35888958
10.00055537
10.45533980
12.11326086
12.22790509
11.52781655
11.26748003
13.49340622
13.73340701
14.35943682
13.13379359
10.04248757
12.00065380
11.76923952
12.11697741
13.06238610
15.23078994
14.90683964
15.75730189
11.10299125
16.08708292
16.04249586
10.31855860
14.41532824
13.50326356
14.23724696
13.21606595
14.21864788
13.40089296
13.26584739
12.72220129
13.57926654
13.93593549
12.64864445
13.68859134
14.32895118
13.21950706
8.28452240
9.19827843
10.60618663
8.35311276
8.00331298
7.10910772
10.19900313
12.25914816
7.59526992
11.38287444
11.37215563
12.50814997
12.07674702
11.70591229
9.89614642
10.58892247
10.09041419
11.32211038
11.04880709
11.57259360
10.10883640
11.02750243
9.26780635
15.02902448
14.73060849
12.46950577
15.58531259
15.18160498
13.82819144
15.99913860
13.48794520
15.48252864
15.48075114
14.98462202
11.70798121
13.90861390
11.61700629
13.89819767
13.03171212
15.00990811
15.85073241
13.54101218
10.34038626
13.48925445
11.22840050
15.76879136
15.73783796
14.60052352
14.83542308
11.76051325
14.58704361
15.36526085
13.91922104
13.45302354
13.88250044
13.92005311
10.41184184
14.57663621
14.54626176
14.16958885
11.32302261
10.46529231
10.35159019
12.20591608
12.76237704
11.70417743
10.93640338
10.76548566
9.64109819
9.98684144
9.22128713
7.25200169
7.40470945
5.46658374
4.98824785
7.79670138
7.45511390
5.78958418
6.22683030
5.37615066
5.18620901
7.75523315
6.80154038
7.42067314
9.49429656
9.57099798
10.68119668
6.69914287
10.56587502
9.72438572
7.62950274
9.35805620
11.99486079
9.35786694
12.51164060
12.23137252
12.55101627
13.84880335
12.07555789
9.32561024
6.91217749
8.88208819
6.77423245
7.24112733
7.73572945
6.29444461
6.50914914
5.35701260
8.35845123
7.25600115
5.39596014
6.03167135
8.39202960
6.00123254
6.38896234
5.46279635
7.09328569
6.96120891
6.78183804
5.30789293
4.81054323
4.28961987
4.68206374
4.19617058
3.73811188
4.16707848
4.93692361
5.56020662
6.01935237
6.72082948
6.35712846
5.64172082
6.13464580
6.05767739
4.45104946
4.45933432
7.28239995
10.98617245
13.24789012
9.35995022
11.03052281
11.39965865
13.49247640
13.38208959
12.77164230
9.16067836
9.42134430
6.03865782
10.43491233
12.80651967
11.94578807
9.30865094
12.48257365
10.84747334
7.75182985
9.44401997
10.07251042
5.47517321
6.76863195
6.40648396
6.32043834
4.41983860
7.00278124
8.54663778
8.13073728
6.44759697
7.74723269
7.53407484
6.18848937
5.05532862
5.93650373
5.87244589
4.03455929
4.80172852
6.19580755
4.38234250
4.63562612
3.82949635
4.76309555
3.85812708
3.54703431
3.98443488
4.21450272
4.29225190
4.45046839
6.24352496
5.69977768
7.09007624
6.16213436
4.08775145
5.13983965
5.78906016
5.87195051
6.41091263
4.21841828
4.35305524
4.56523404
3.81530564
3.83152502
3.99327157
5.77665079
3.95712881
3.64411216
3.53500259
3.89179032
3.72817659
3.65918585
3.22206390
3.13659171
3.17097882
3.37126560
3.10535163
3.47364826
3.28576167
3.26874471
3.68978629
4.03548020
3.79293078
3.40898025
3.40774023
3.38933197
3.10159058
3.13736996
3.10827672
3.09228164
3.16505443
3.14327465
3.03732388
3.09742127
3.17577790
3.12805591
3.12940258
3.28327308
3.25012150
3.43760172
3.26845615
3.16677411
3.17046781
3.38362998
3.24931409
3.21111237
3.28206049
3.11924582
3.12632281
3.13082735
3.16199205
3.10927343
3.09710676
3.06006079
3.05158106
3.05060131
3.07305778
3.06203961
3.03634064
3.03952170
3.04749651
3.02461460
3.03509629
3.02306783
3.02288822
3.01677157
3.03280450
3.01169300
3.01348265
3.01345232
3.02805427
3.05501771
3.03778416
3.01089083
3.00713921
3.00620914
3.00874867
3.01118204
3.00720352
3.00472885
3.00936730
3.01497557
3.02657337
3.01334516
3.00466820
3.00742295
3.00756045
3.00943235
3.00818766
3.01143517
3.01117140
3.01019855
3.00519562
3.00313689
3.00253977
3.00122264
3.00130752
3.00068138
3.00093254
3.00104685
3.00107295
3.00078049
3.00220620
3.00216084
3.00206130
3.00116057
3.00036328
3.00029630
3.00019192
3.00026348
3.00135735
3.00095836
3.00059273
3.00058374
3.00038885
3.00041627
3.00040429
3.00065503
3.00022553
3.00081627
3.00217169
3.00146246
3.00071617
3.00059411
3.00020826
3.00019340
3.00005050
3.00015451
3.00117467
3.00198703
3.00100974
3.00058351
3.00050899
3.00020222
3.00024777
3.00028234
3.00059614
3.00104843
3.00143827
3.00139463
3.00096480
3.00037390
3.00012391
3.00011180
3.00008675
3.00006343
3.00009246
3.00014912
3.00044429
3.00025826
3.00005983
3.00007630
3.00018933
3.00015123
3.00023113
3.00015825
3.00023497
3.00008628
3.00014353
3.00008765
3.00004884
3.00005273
3.00004540
3.00005955
3.00009336
3.00008872
3.00008900
3.00007510
3.00007461
3.00010114
3.00007680
3.00012002
3.00005895
3.00003932
3.00005017
3.00005780
3.00005061
3.00003173
3.00005786
3.00017113
3.00018590
3.00025078
3.00035679
3.00032875
3.00026776
3.00030977
3.00022086
3.00023009
3.00058294
3.00068323
3.00054116
3.00035983
3.00026047
3.00020645
3.00018723
3.00026310
3.00023633
3.00017267
3.00024304
3.00024418
3.00013334
3.00007338
3.00006695
3.00008970
3.00010390
3.00008310
3.00009004
3.00013833
3.00009798
3.00010036
3.00027262
3.00045397
3.00040871
3.00039602
3.00025729
3.00035220
3.00040617
3.00036201
3.00046818
3.00026280
3.00011716
3.00009297
3.00008775
3.00003229
3.00008151
3.00034264
3.00010666
3.00007902
3.00008406
3.00009535
3.00007732
3.00013108
3.00014865
3.00027071
3.00032141
3.00023264
3.00022881
3.00044804
3.00036700
3.00041266
3.00078480
3.00092011
3.00168318
3.00070906
3.00041676
3.00123720
3.00044770
3.00070700
3.00094622
3.00129389
3.00164563
3.00183100
3.00121522
3.00065792
3.00057902
3.00026795
3.00025757
3.00030806
3.00044994
3.00082024
3.00046023
3.00054983
3.00076796
3.00058687
3.00045758
3.00048325
3.00053969
3.00039977
3.00041537
3.00069887
3.00063361
3.00061198
3.00078959
3.00068781
3.00033097
3.00039986
3.00084092
3.00212561
3.00426812
3.00760940
3.00690162
3.00332305
3.00117741
3.00040666
3.00011299
3.00010909
3.00015989
3.00007903
3.00043700
3.00124892
3.00150467
3.00128508
3.00092366
3.00071791
3.00036011
3.00015463
3.00008337
3.00015908
3.00042374
3.00156562
3.00089446
3.00039123
3.00020055
3.00010654
3.00012354
3.00027922
3.00007893
3.00002842
3.00004756
3.00008078
3.00003497
3.00002169
3.00000836
3.00002893
3.00002198
3.00000788
3.00001726
3.00000900
3.00001099
3.00003751
3.00003957
3.00001569
3.00001789
3.00001546
3.00003434
3.00006677
3.00005429
3.00004297
3.00002559
3.00004436
3.00005679
3.00009879
3.00021191
3.00026512
3.00023521
3.00027115
3.00017866
3.00018027
3.00010772
3.00015789
3.00015928
3.00014158
3.00015895
3.00021491
3.00015526
3.00005420
3.00006433
3.00004409
3.00004463
3.00005615
3.00002651
3.00002476
3.00008301
3.00014657
3.00019050
3.00021909
3.00023425
3.00033636
3.00078033
3.00099758
3.00100056
3.00105583
3.00118358
3.00147222
3.00097380
3.00059752
3.00051710
3.00077484
3.00093183
3.00113586
3.00101532
3.00085976
3.00090564
3.00083165
3.00063816
3.00092473
3.00174893
3.00079594
3.00057125
3.00059456
3.00021881
3.00015737
3.00013011
3.00005265
3.00004421
3.00009390
3.00019693
3.00022399
3.00046067
3.00061542
3.00075827
3.00044166
3.00070148
3.00057627
3.00039620
3.00037020
3.00052278
3.00032787
3.00021190
3.00031383
3.00034615
3.00030609
3.00031675
3.00048999
3.00050187
3.00057155
3.00054953
3.00062698
3.00072465
3.00073097
3.00066923
3.00063545
3.00058544
3.00063298
3.00046251
3.00033746
3.00039424
3.00045011
3.00037707
3.00029670
3.00031017
3.00036667
3.00033627
3.00028955
3.00031003
3.00025881
3.00018439
3.00016344
3.00016865
3.00033656
3.00020842
3.00022563
3.00028355
3.00016612
3.00027492
3.00080854
3.00160546
3.00243054
3.00435764
3.00637104
3.00234141
3.00074175
3.00025851
3.00090067
3.00248279
3.00661809
3.01184806
3.01264481
3.00684842
3.00294850
3.00174429
3.00187129
3.00120362
3.00135538
3.00200727
3.00123662
3.00165137
3.00228294
3.00436268
3.00940448
3.01426215
3.02668327
3.03010766
3.02497402
3.05340297
3.03036302
3.00382405
3.00318924
3.00125395
3.00123989
3.00348263
3.00884129
3.01371916
3.06106509
3.06216299
3.01518917
3.00587056
3.00213486
3.00517103
3.00304629
3.00219389
3.00428558
3.00550454
3.01457619
3.01020071
3.02036154
3.00476544
3.00501444
3.00553715
3.00292661
3.00129464
3.02602088
3.04174121
3.02225488
3.04259973
3.04201394
3.02057406
3.06524707
3.07570320
3.09254571
3.09457792
3.11345031
3.15713561
3.09384755
3.22235067
3.15126028
3.11823672
3.22675788
3.38504034
3.55066015
3.41759863
3.13975453
3.44748945
3.53386097
3.26238934
3.10955459
3.10052125
3.29907944
3.62882629
3.79907226
4.06567198
4.81581018
6.02619382
5.01560890
4.06041101
4.34889535
4.55379253
4.45054461
3.71149085
3.51464188
3.56025005
3.46998507
3.25545778
3.20768148
3.42100859
3.77985713
5.87860892
6.35984778
4.65330388
3.82259012
4.04185111
3.50826893
3.49845127
3.22005281
3.54895074
3.19483494
3.21962859
3.07803905
3.12869978
3.50428472
4.14473196
3.84167125
3.73317232
3.46093677
3.54296211
4.53355094
4.58135706
4.51217317
3.70743851
3.20049864
3.54860217
3.16476468
4.07842145
3.72253628
3.83631937
5.01963166
4.97397016
4.90038615
4.01883928
4.16803904
4.42482212
4.73262844
5.27512728
5.51075027
5.98882584
6.32758569
6.76842436
5.91603871
5.99089792
5.59705288
4.22462403
3.73027898
4.55652769
4.83722496
6.06582939
6.15345671
4.57195757
5.02028272
3.87786954
4.01937093
8.04207993
9.02592697
8.29788435
6.66519932
7.27639177
8.34315665
6.06466087
5.54685697
8.12251320
9.07716097
8.01640212
4.74240629
5.74919799
7.15027803
7.50805095
8.25041255
7.56935226
4.81202828
8.15691650
8.86019774
9.63354020
6.17788459
7.18520955
6.11359767
9.10942922
9.85802235
8.93332017
10.37778892
8.06812685
9.25948458
9.40079782
11.28621246
10.97541639
8.74736981
5.81572333
5.80706314
5.54342135
6.86658141
7.51974184
12.53429668
12.41554075
10.19346555
10.63970341
14.48721477
16.41815010
16.38764927
14.92675154
13.69736315
10.17404219
9.22719927
14.70152500
14.96652725
14.09902266
12.58341772
10.43759286
9.74356456
8.06446516
10.66271210
10.26340722
15.89551970
15.01880487
15.00138243
11.98608761
11.77058496
17.12606289
14.71506860
15.14624654
16.74073369
16.85015997
15.11708337
12.90045038
11.16209513
7.16692373
4.74814715
5.62385086
5.82420211
7.03172465
8.72488530
7.28377699
5.63822619
7.58921130
7.63381837
11.28419716
11.25760536
11.50986373
9.17114935
9.48347227
9.60064362
14.45294919
15.56686266
14.88186490
13.90350538
13.91949161
15.06774381
15.80383964
15.16396989
15.13852103
9.74657818
6.95029806
10.47701134
11.28478129
10.72198782
10.08833413
7.79012456
9.44415713
10.03735272
10.92230554
10.03439811
8.52386738
8.44761861
11.22312089
9.55303415
9.49223803
9.94663542
8.59281293
9.76045824
12.27532320
11.90079944
12.95364715
11.42840507
7.49142771
6.54621688
7.00567073
9.72005827
8.49948162
8.99116490
8.94087542
6.96225454
8.60408439
8.32242965
11.79791621
11.81249554
10.70175691
7.79684118
11.21917992
11.79945838
12.13173233
11.51085212
12.54817358
13.04109122
13.08220119
13.77089029
13.50209945
13.55294467
8.55148513
12.73052966
12.65168000
10.92127216
12.40967106
13.51006696
13.58335937
11.21633591
11.23182104
6.18949232
6.40581629
7.01542616
9.72484702
9.07739537
8.08734742
8.34873803
10.40698263
9.17872682
10.44556366
11.90429944
12.79391743
13.26213020
12.07041976
8.78514200
10.09683814
12.90616471
11.57335488
10.76063028
12.07466453
11.41923680
10.63674796
10.46538765
8.42095233
6.17441978
11.53580802
10.74822796
8.44046647
8.30790086
8.20670073
7.96122724
7.42060196
8.03802936
9.57144893
9.66725205
5.87728905
8.17640743
5.59663431
10.37531572
10.34902562
12.73410257
12.13176180
12.80792799
12.82136162
13.26657819
12.62031734
11.33099685
10.05339949
9.99223214
9.42610424
9.71824743
5.86038376
6.75018720
9.01831744
12.08361738
9.03881459
10.43474876
12.98644856
13.31657261
10.71894314
11.80293990
10.10767120
6.40997383
6.89135721
10.60624347
8.49863048
7.55093244
5.30381491
11.12110082
11.53275285
11.20277047
12.55647793
12.46169315
12.52404314
12.87086261
12.22074845
7.84765221
9.09967670
10.03357953
9.70388839
7.77501406
8.99915410
8.93181102
10.41447630
9.75671093
9.88631043
6.65023274
9.05246237
7.97516059
12.25081705
13.04196929
13.30850398
9.51394008
9.73488780
12.09582106
12.30111232
12.80887858
11.69567204
13.11698833
12.86360442
12.41311883
10.96788756
12.28025217
12.26658109
11.04187300
11.86625720
11.58108983
10.69152224
10.23969675
10.18935024
8.47795040
8.91022009
8.06404306
11.83503006
11.01992655
8.03576703
10.37809621
10.67243166
8.78021502
11.45719352
11.85038736
12.68482609
11.33433025
11.36659427
13.68833740
9.94072463
13.05821258
14.16413864
12.95487710
13.01169425
12.19002724
12.59674002
10.88195504
8.13617265
7.43127500
6.15361912
7.80789032
7.72691335
8.55487670
10.65281397
11.97981022
9.79176839
10.66731788
7.33967668
9.87152611
7.75908931
7.07674674
10.31446098
10.50769264
9.99516148
10.15506161
9.62905391
8.76097215
11.58110463
11.02859700
10.12666784
6.06402653
6.21186769
8.77108011
8.30741564
8.54984543
8.07486758
8.39676026
8.94806045
8.59959585
5.94591632
8.11087977
5.74041237
8.63841821
6.99189407
8.25986329
9.03147523
7.68920485
4.04818036
4.57287199
3.74315064
7.99112293
8.56042951
7.95895397
5.28146185
5.49265492
7.32365010
7.91227544
6.78795697
6.69708688
7.80718062
8.36253621
9.16864854
8.74148976
5.71007908
5.99285624
6.97474171
7.44950980
6.94149152
7.67635814
7.99718652
7.38265276
7.43856186
8.15570194
8.78602240
6.02862038
7.81216804
8.08712948
10.32238922
9.35992697
9.72165074
11.07065470
9.78014478
8.43165323
9.02579938
9.23722130
6.29226344
7.31990867
8.76200741
9.92120647
12.67979834
9.62069809
12.02571655
11.08159429
8.61054768
9.42600207
10.25157773
10.37548809
11.32758232
11.21930603
9.40715332
9.58535390
9.83901135
11.23401112
9.53686721
9.81139813
10.86662863
11.06833494
10.71313309
9.86553631
9.16588078
4.74960296
7.16142149
6.99979242
7.61015347
7.81419842
5.28606009
9.45819214
10.82093905
9.42362086
5.78790275
10.54463499
9.86847870
6.61252377
7.01795372
8.70311249
8.80520931
8.86011772
9.06569808
6.39350980
7.13214012
7.30134171
6.73819613
4.57182653
5.87317943
6.12487038
6.23125433
6.64225699
5.99518915
4.17188490
8.11788974
8.16022879
6.58654173
5.41712153
5.35167859
7.91566171
8.12597035
9.20972263
9.04675437
6.42629300
5.77454029
4.66667814
7.66206645
8.27560723
7.06607518
6.01533596
9.57820656
9.08478953
8.96823238
6.80075183
6.86482834
7.27849165
10.24920780
8.47312244
7.52232852
9.87661464
11.29444660
10.29907399
8.11552361
7.80604439
5.22199958
8.13534743
8.95077182
10.08802682
8.26679772
4.94345344
5.89167705
4.68888771
8.81710403
7.00546051
4.73407949
5.04846399
5.21170348
5.40727745
9.08134671
10.01609079
9.39540439
8.53282144
5.43720821
4.87084295
4.89874911
6.21173311
5.86483134
5.90014172
7.48341269
6.70562426
5.48555702
5.27020998
6.88349833
4.39160110
4.29920784
5.00665985
5.12131654
6.76515297
5.11593027
4.49362042
6.01958115
4.52319200
6.62889714
7.99576699
5.38578981
4.19255983
5.53733156
4.04283926
3.97427700
4.53082906
5.07022409
3.72518637
3.71680690
4.32281013
5.72832093
4.12748859
4.54180378
4.02879924
4.93434912
5.04829191
4.52661824
5.15565125
4.77560163
4.28964010
4.11019527
4.04576815
3.76504675
3.52630735
3.37463835
3.33357081
3.23379195
3.28964582
3.49959673
3.23792095
3.16582217
3.17463318
3.27802993
3.18319396
3.12497825
3.16062221
3.25671658
3.55827854
3.22051045
3.06297306
3.08062299
3.04866783
3.04733786
3.03255044
3.04994470
3.07066554
3.05387669
3.05642193
3.03378434
3.02683726
3.02633767
3.01706440
3.03518992
3.04582660
3.02015938
3.00638979
3.01442499
3.01071502
3.01129577
3.00753777
3.00210397
3.00065618
3.00045899
3.00087751
3.00137358
3.00180438
3.00125658
3.00149311
3.00122133
3.00150672
3.00276046
3.00145209
3.00127114
3.00177722
3.00152487
3.00116207
3.00096748
3.00102064
3.00030772
3.00041168
3.00098710
3.00033576
3.00039551
3.00042803
3.00067338
3.00088878
3.00121117
3.00098569
3.00064087
3.00100550
3.00092530
3.00040772
3.00038622
3.00098112
3.00076812
3.00047318
3.00051556
3.00049686
3.00048374
3.00021819
3.00021010
3.00029008
3.00025013
3.00022837
3.00017573
3.00030608
3.00028857
3.00027612
3.00022353
3.00013711
3.00014792
3.00017257
3.00012130
3.00037184
3.00047946
3.00015738
3.00009348
3.00009863
3.00007548
3.00010941
3.00020265
3.00017230
3.00010210
3.00009036
3.00008912
3.00008389
3.00007906
3.00008729
3.00010044
3.00007023
3.00008332
3.00012989
3.00014180
3.00017421
3.00009565
3.00008497
3.00011558
3.00009610
3.00007293
3.00007765
3.00007914
3.00017452
3.00010515
3.00007423
3.00009805
3.00014282
3.00012548
3.00015595
3.00015979
3.00012912
3.00009540
3.00017870
3.00024752
3.00012477
3.00009977
3.00025096
3.00028808
3.00010868
3.00012035
3.00014857
3.00014212
3.00012558
3.00006377
3.00005419
3.00010452
3.00009685
3.00005735
3.00007687
3.00004066
3.00004037
3.00007038
3.00014003
3.00012539
3.00011873
3.00010573
3.00003920
3.00003717
3.00002735
3.00002745
3.00002663
3.00004818
3.00003906
3.00002206
3.00001120
3.00002264
3.00002720
3.00002087
3.00004659
3.00009090
3.00010869
3.00007470
3.00003883
3.00003530
3.00002662
3.00003048
3.00005821
3.00004720
3.00006941
3.00010167
3.00012938
3.00015064
3.00016783
3.00016640
3.00015465
3.00018513
3.00014715
3.00011953
3.00014680
3.00016537
3.00019299
3.00011986
3.00018162
3.00015636
3.00017150
3.00011943
3.00012283
3.00012890
3.00008095
3.00010073
3.00010060
3.00021050
3.00028873
3.00025404
3.00022792
3.00019174
3.00016387
3.00006525
3.00001264
3.00000758
3.00001581
3.00002689
3.00001747
3.00001494
3.00001226
3.00001753
3.00002852
3.00002433
3.00002168
3.00002037
3.00001888
3.00001891
3.00001172
3.00001141
3.00004404
3.00004174
3.00000893
3.00001154
3.00000841
3.00003093
3.00003040
3.00004738
3.00010655
3.00016013
3.00020279
3.00023712
3.00015832
3.00003386
3.00002127
3.00001798
3.00002454
3.00011379
3.00020344
3.00043159
3.00104297
3.00177570
3.00116417
3.00051275
3.00014118
3.00006614
3.00013137
3.00008964
3.00004431
3.00006101
3.00005330
3.00006323
3.00006976
3.00011139
3.00014454
3.00009317
3.00030263
3.00020068
3.00016242
3.00020528
3.00014110
3.00012072
3.00013354
3.00013265
3.00008347
3.00008542
3.00012303
3.00015989
3.00023485
3.00014168
3.00012096
3.00023481
3.00029571
3.00021652
3.00016923
3.00024259
3.00019835
3.00015769
3.00019070
3.00034735
3.00022510
3.00023404
3.00036689
3.00047522
3.00055712
3.00033921
3.00031787
3.00018715
3.00013693
3.00007416
3.00007492
3.00014393
3.00050520
3.00026251
3.00010659
3.00006637
3.00007413
3.00008247
3.00005579
3.00003719
3.00005091
3.00005603
3.00006254
3.00005673
3.00007248
3.00005998
3.00005513
3.00009865
3.00009763
3.00006892
3.00004210
3.00006803
3.00004259
3.00004838
3.00004332
3.00007438
3.00015871
3.00012328
3.00008176
3.00009423
3.00003774
3.00002576
3.00002086
3.00003089
3.00002559
3.00002031
3.00001897
3.00004110
3.00008262
3.00008235
3.00007369
3.00017834
3.00008142
3.00015257
3.00030986
3.00017520
3.00009688
3.00007786
3.00006900
3.00003415
3.00002038
3.00003470
